		omega		Posterior		rho				Synonymous theta			kappa			phi	
Site	Lower	Point	Higher	prob of +ve	Lower	Point	Higher		Lower	Point	Higher	Lower	Point	Higher	Lower	Point	Higher
	95% HPD	estimate	95% HPD	selection	95% HPD	estimate	95% HPD		95% HPD	estimate	95% HPD	95% HPD	estimate	95% HPD	95% HPD	estimate	95% HPD
0	0.0192143	1.38253	52.8135	0.592204	0.010073	0.0843877	1.20615		0.0126668	0.0220478	0.0373927	2.74066	9.5408	36.8684	118904	4.16372e+14	5.85199e+22
1	0.0197739	1.19848	61.168	0.572714	0.010073	0.0751784	0.849481
2	0.0182622	1.10154	66.4801	0.574213	0.010073	0.0720955	0.741469
3	0.0114573	1.04002	42.1707	0.574213	0.0100803	0.07012	0.688379
4	0.013868	1.04913	47.6604	0.583208	0.010073	0.0695192	0.670657
5	0.0100665	0.971586	30.5546	0.571214	0.010073	0.069765	0.670657
6	0.0100665	0.890282	25.2003	0.563718	0.010073	0.0703583	0.741469
7	0.0100665	0.928482	21.9913	0.581709	0.010073	0.0698348	0.741469
8	0.0100665	1.0466	21.7946	0.607196	0.010073	0.0704164	0.730068
9	0.0100665	1.20069	25.4101	0.631184	0.010073	0.0724942	0.809154
10	0.0125876	1.36554	30.5546	0.658171	0.010073	0.0713222	0.809154
11	0.0134153	1.46542	29.7196	0.674663	0.0100245	0.0762344	1.12176
12	0.0123373	1.67639	21.2708	0.709145	0.0100245	0.0842896	2.0936
13	0.0886249	1.8567	75.0689	0.724138	0.0100245	0.0917469	2.70961
14	0.163162	2.34504	39.8365	0.77961	0.0100245	0.153556	13.2711
15	0.270559	2.54477	30.5546	0.803598	0.0100245	0.177009	15.4094
16	0.105973	1.50038	13.8574	0.692654	0.0100245	0.189059	18.6304
17	0.067984	1.27144	9.83413	0.650675	0.0100245	0.171356	15.0986
18	0.0783845	1.21663	9.83413	0.637181	0.0100245	0.162607	13.1652
19	0.057181	1.20682	8.49501	0.635682	0.0100245	0.162167	11.3599
20	0.0783845	1.16152	10.8301	0.614693	0.0100245	0.141103	7.42577
21	0.0574684	1.19657	8.30555	0.622189	0.0100245	0.111393	4.26199
22	0.0140417	0.472273	6.06579	0.404798	0.0100245	0.099965	4.12198
23	0.0133835	0.286754	4.93414	0.290855	0.010073	0.0963954	4.12198
24	0.0101376	0.208408	2.96815	0.224888	0.010073	0.0896535	2.27253
25	0.0100045	0.162902	2.38069	0.161919	0.0100245	0.0860673	1.86832
26	0.0101376	0.138563	2.07996	0.131934	0.0100245	0.0812202	1.20603
27	0.0100045	0.121787	1.68474	0.106447	0.0100245	0.0844976	1.20603
28	0.0100045	0.0995941	1.1763	0.065967	0.0100245	0.082583	1.12245
29	0.0100045	0.0911105	1.04247	0.053973	0.0100245	0.0852663	1.25929
30	0.0100703	0.0828413	0.933143	0.0404798	0.0100245	0.0805235	0.864575
31	0.0100703	0.0762867	0.825674	0.029985	0.010073	0.079726	0.864575
32	0.0100045	0.077883	0.837317	0.0329835	0.0100721	0.0826136	1.37842
33	0.0100045	0.0738437	0.712939	0.023988	0.0100245	0.0799018	1.20603
34	0.0100703	0.0726492	0.712939	0.023988	0.0100721	0.0793764	1.37842
35	0.0101376	0.0718054	0.622103	0.0194903	0.0100245	0.077122	1.17826
36	0.0100045	0.0692613	0.545027	0.0164918	0.010073	0.0782805	1.17826
37	0.0101376	0.0691922	0.591406	0.0194903	0.0102262	0.0769504	1.17826
38	0.0100045	0.0692651	0.56981	0.017991	0.0100245	0.0786437	1.21788
39	0.0100045	0.0683767	0.540865	0.011994	0.010073	0.0792603	1.4158
40	0.0101376	0.0695946	0.545027	0.011994	0.010073	0.0776354	1.35874
41	0.0100045	0.0710107	0.545027	0.0134933	0.010073	0.0753916	1.1743
42	0.0101376	0.0712954	0.545027	0.011994	0.010073	0.0722864	1.14534
43	0.0100045	0.074126	0.551267	0.0149925	0.010073	0.0702461	0.769679
44	0.0100045	0.075469	0.56981	0.0164918	0.010073	0.0663243	0.630383
45	0.0100235	0.0776393	0.629369	0.0224888	0.010073	0.0663593	0.630383
46	0.0101376	0.0798799	0.629369	0.0209895	0.010073	0.0631003	0.526304
47	0.0101376	0.0820425	0.629369	0.0194903	0.010073	0.0596363	0.340419
48	0.0102102	0.0862796	0.714567	0.023988	0.010073	0.0592415	0.326458
49	0.0102985	0.0895972	0.732436	0.0254873	0.0101048	0.0582047	0.320428
50	0.0101376	0.096121	0.797138	0.0344828	0.010073	0.0586606	0.320428
51	0.0101376	0.106208	0.963062	0.047976	0.0101048	0.0585023	0.320428
52	0.0108888	0.113387	1.08017	0.0554723	0.010073	0.058206	0.326458
53	0.0101376	0.134587	1.24397	0.083958	0.0102262	0.0591922	0.340419
54	0.0109607	0.163995	2.18158	0.110945	0.010073	0.0597585	0.330264
55	0.0225845	0.244332	6.12505	0.182909	0.010073	0.0607514	0.330264
56	0.0135501	0.209679	3.52062	0.155922	0.010073	0.0606753	0.320428
57	0.0135221	0.172146	2.50691	0.118441	0.0101614	0.0587907	0.320428
58	0.0101376	0.145326	1.22278	0.083958	0.010073	0.0548495	0.267484
59	0.0101376	0.130428	1.08601	0.0704648	0.010073	0.0533283	0.261174
60	0.0122584	0.123113	1.14844	0.053973	0.010073	0.051743	0.218438
61	0.0120959	0.117599	1.08601	0.0464768	0.0102208	0.0502474	0.197123
62	0.0150927	0.110155	1.14844	0.0344828	0.010073	0.0487769	0.181412
63	0.0151786	0.105847	1.14844	0.029985	0.010073	0.0477316	0.171084
64	0.0104437	0.101593	0.727693	0.023988	0.010073	0.0482423	0.175049
65	0.0103556	0.102232	0.727693	0.0269865	0.0115727	0.0478271	0.196218
66	0.0100627	0.100638	0.689775	0.0269865	0.010073	0.046544	0.157547
67	0.0100627	0.0976841	0.689775	0.0284858	0.010073	0.0466268	0.156828
68	0.0103556	0.0908867	0.620134	0.0209895	0.010073	0.0460898	0.153383
69	0.0103556	0.0869957	0.565953	0.0194903	0.010073	0.0463688	0.157547
70	0.0104437	0.0855868	0.562215	0.017991	0.0101614	0.0469683	0.160633
71	0.0100627	0.0860829	0.557723	0.0194903	0.0101614	0.0469623	0.160633
72	0.0103556	0.0842726	0.562215	0.0209895	0.010073	0.0478726	0.16941
73	0.0104437	0.0851112	0.608005	0.023988	0.010073	0.0482058	0.171084
74	0.0100627	0.0848613	0.562215	0.0224888	0.0108265	0.0485867	0.181412
75	0.0109607	0.0826344	0.562215	0.0194903	0.0101614	0.049237	0.175049
76	0.0119897	0.0813945	0.629939	0.017991	0.0101614	0.0489869	0.175049
77	0.0104437	0.0758498	0.465484	0.0089955	0.0102262	0.0497214	0.175049
78	0.0115313	0.0748187	0.517059	0.005997	0.010073	0.049866	0.175049
79	0.0112773	0.0741999	0.517059	0.00749625	0.010073	0.0500051	0.177559
80	0.0117667	0.0746175	0.542514	0.00749625	0.0101151	0.0504319	0.186712
81	0.0119897	0.0758148	0.545377	0.0089955	0.0110349	0.0513807	0.21037
82	0.0117667	0.0769283	0.545377	0.011994	0.0101151	0.0511574	0.194339
83	0.0118129	0.077577	0.557723	0.0104948	0.0101151	0.0521165	0.194339
84	0.0114808	0.0784513	0.557723	0.011994	0.0104742	0.051813	0.189441
85	0.0114808	0.0819809	0.629939	0.0164918	0.0101614	0.0538449	0.194339
86	0.0121734	0.0866183	0.821685	0.0269865	0.0101151	0.0543926	0.194339
87	0.0117667	0.0893366	0.81935	0.0329835	0.0101151	0.0546936	0.194339
88	0.0117667	0.0940142	0.916168	0.0404798	0.0102262	0.0537561	0.194339
89	0.0114808	0.0990276	1.0753	0.0509745	0.0112462	0.0551862	0.227546
90	0.0114808	0.103776	1.17494	0.0554723	0.0120952	0.0554547	0.228628
91	0.0119898	0.11429	1.41863	0.0704648	0.010039	0.0552545	0.197359
92	0.0117823	0.143109	1.94551	0.103448	0.0112462	0.0552928	0.227546
93	0.0102207	0.169916	2.78778	0.13943	0.0111083	0.0562722	0.23145
94	0.0121734	0.303999	13.4198	0.248876	0.0129121	0.0583855	0.259823
95	0.0101125	0.170389	3.68221	0.151424	0.0120952	0.0606301	0.249793
96	0.0102207	0.122046	1.41863	0.0914543	0.0119398	0.0637941	0.320428
97	0.0105533	0.0988402	1.07843	0.0569715	0.0120952	0.0604458	0.295858
98	0.0101125	0.0894664	0.898565	0.0434783	0.0120952	0.0588663	0.2824
99	0.0101777	0.0854083	0.806655	0.0374813	0.0109252	0.0571562	0.250612
100	0.0101125	0.0814671	0.666058	0.0284858	0.010498	0.0555187	0.228628
101	0.0101125	0.080313	0.654865	0.0284858	0.0101151	0.0558191	0.23145
102	0.0101125	0.0764085	0.61886	0.023988	0.0101151	0.0565388	0.245138
103	0.0101125	0.0736818	0.590631	0.0224888	0.0102262	0.056288	0.259823
104	0.0105533	0.072405	0.608899	0.0224888	0.0102262	0.0548211	0.249793
105	0.0107316	0.070648	0.590631	0.0224888	0.0101151	0.0546954	0.268651
106	0.0105533	0.066546	0.543148	0.017991	0.0102262	0.0546656	0.2824
107	0.0102207	0.0661304	0.547942	0.0194903	0.0101151	0.054398	0.303232
108	0.010693	0.0664464	0.547942	0.017991	0.0102262	0.0564472	0.364874
109	0.0113392	0.0650326	0.590631	0.0194903	0.0102262	0.0591603	0.475158
110	0.0105533	0.0635554	0.543148	0.0194903	0.0102262	0.0764115	2.48066
111	0.0105533	0.0625252	0.557723	0.0209895	0.0101151	0.0828591	3.3204
112	0.0101125	0.0618946	0.536594	0.0254873	0.0101151	0.0812455	2.68429
113	0.0101125	0.0585145	0.470269	0.0194903	0.0100962	0.0825969	2.9618
114	0.0101125	0.0574916	0.470269	0.0194903	0.0100962	0.0823203	3.3204
115	0.0101125	0.0553905	0.422938	0.0149925	0.0102262	0.0864424	4.50274
116	0.0101386	0.0533769	0.422938	0.011994	0.0100962	0.0890531	4.91524
117	0.0100142	0.0512735	0.382637	0.0089955	0.0101151	0.0961727	6.24847
118	0.0101125	0.050972	0.35871	0.0104948	0.0101151	0.103914	7.61885
119	0.0101125	0.0493254	0.321133	0.0089955	0.0102262	0.112968	12.0869
120	0.0100142	0.0488856	0.314255	0.005997	0.0101151	0.128188	22.6608
121	0.0100142	0.0491628	0.314255	0.0089955	0.0102262	0.144097	32.2389
122	0.0101125	0.0489399	0.31249	0.0089955	0.0102262	0.168776	33.4513
123	0.0101125	0.0484581	0.315219	0.0104948	0.0102393	0.198783	36.3706
124	0.0101125	0.0473836	0.314255	0.005997	0.0102393	0.228423	37.3805
125	0.0100142	0.047412	0.306583	0.005997	0.0101151	0.247964	37.3805
126	0.0100142	0.0469813	0.321133	0.0089955	0.0103219	0.270436	39.4404
127	0.0100142	0.047696	0.330035	0.011994	0.0103219	0.300009	44.651
128	0.0100142	0.048969	0.363329	0.0134933	0.0102064	0.262115	40.4348
129	0.0100142	0.0482385	0.330035	0.0089955	0.0101363	0.277084	42.2368
130	0.0100142	0.0470605	0.321133	0.005997	0.0102064	0.262289	42.2368
131	0.0100142	0.0468969	0.321133	0.005997	0.0102064	0.277319	39.954
132	0.0100142	0.0462353	0.315219	0.005997	0.0105035	0.333569	51.9408
133	0.0101125	0.0460989	0.315219	0.005997	0.0105495	0.346507	52.7844
134	0.0100142	0.0467825	0.321133	0.00749625	0.0105035	0.37225	52.7844
135	0.0101125	0.0468822	0.36637	0.0104948	0.0102064	0.396967	53.6413
136	0.0100142	0.0468131	0.356162	0.0089955	0.0102064	0.435424	65.8334
137	0.0100142	0.0469487	0.321133	0.00749625	0.0102064	0.446025	59.427
138	0.0100142	0.0477542	0.356162	0.0089955	0.0103219	0.440534	58.9076
139	0.0100142	0.0469594	0.327587	0.0089955	0.0105035	0.411422	52.7844
140	0.0100142	0.0482329	0.356162	0.011994	0.0103219	0.464266	53.6413
141	0.0100142	0.0478058	0.37039	0.011994	0.0103219	0.505256	55.076
142	0.0100142	0.0484567	0.3761	0.0134933	0.0103389	0.597705	71.9718
143	0.0100142	0.0514522	0.458411	0.023988	0.0103428	0.668642	73.886
144	0.0101386	0.0488922	0.382637	0.0134933	0.0105035	0.763805	73.886
145	0.0100142	0.0491845	0.3761	0.011994	0.0103219	0.800478	71.9691
146	0.0100142	0.0505856	0.382637	0.0134933	0.0102431	0.861752	71.9691
147	0.0101386	0.0500379	0.377889	0.0104948	0.0102431	0.944472	68.1125
148	0.0100142	0.0497882	0.37039	0.005997	0.0105035	0.993929	63.9196
149	0.0100142	0.0508229	0.382637	0.005997	0.0102431	1.01129	68.1125
150	0.0101386	0.050056	0.381017	0.00449775	0.0101508	1.01535	65.7768
151	0.0100142	0.0477931	0.321133	0.00449775	0.0101508	0.99448	65.7768
152	0.0100142	0.047283	0.321133	0.005997	0.0101508	1.00528	68.1125
153	0.0100142	0.047091	0.321133	0.005997	0.0101508	1.00691	69.4145
154	0.0100142	0.0461593	0.307263	0.005997	0.0129338	1.09217	86.2691
155	0.0100142	0.0461128	0.321133	0.005997	0.0129338	1.09024	86.2691
156	0.0100142	0.045058	0.296917	0.00149925	0.0125891	1.00854	86.2691
157	0.0101261	0.0452834	0.307263	0.0029985	0.0125891	1.0205	85.0684
158	0.0101261	0.045169	0.296917	0.0029985	0.0126739	1.03065	83.3851
159	0.0101261	0.0447437	0.272966	0.00749625	0.0119103	1.0175	79.3046
160	0.0100142	0.0448265	0.296917	0.00749625	0.0126739	1.0437	86.2044
161	0.0100142	0.0448009	0.321133	0.0104948	0.0126739	1.05622	84.7915
162	0.0100142	0.0439175	0.316701	0.00749625	0.0121826	1.0881	84.7915
163	0.0100142	0.0434391	0.296917	0.005997	0.0119103	1.12232	79.3046
164	0.0100142	0.0431387	0.285379	0.005997	0.0119103	1.12838	79.3046
165	0.0101261	0.0432049	0.285379	0.0029985	0.0109083	1.04304	68.3095
166	0.0101261	0.0429974	0.285379	0.0029985	0.0110682	1.06259	68.3095
167	0.0101386	0.0437918	0.291443	0.00449775	0.0109478	1.22143	68.3095
168	0.0101386	0.0443085	0.303751	0.00749625	0.0109083	1.23735	68.3095
169	0.0101386	0.044169	0.291443	0.005997	0.0159726	1.22555	94.8511
170	0.0101386	0.0448518	0.303751	0.00749625	0.0160063	1.14422	93.8113
171	0.0101386	0.0451807	0.303751	0.0104948	0.0137492	1.12718	78.2325
172	0.0101386	0.0464019	0.346345	0.0149925	0.0176512	1.05687	93.8113
173	0.0101386	0.0463201	0.348865	0.0134933	0.0176512	1.07508	97.9503
174	0.0100338	0.0464123	0.339392	0.011994	0.0136125	1.09526	76.5882
175	0.0100338	0.0462388	0.339392	0.011994	0.0161241	1.24705	92.6585
176	0.0101386	0.0455443	0.346345	0.011994	0.0160063	1.26835	92.6585
177	0.0100338	0.0454298	0.339392	0.011994	0.0176512	1.35616	93.8113
178	0.0101473	0.0446276	0.328924	0.011994	0.0176512	1.45439	92.6585
179	0.0101386	0.0440051	0.298189	0.00749625	0.0176512	1.49204	92.6585
180	0.0100338	0.0437552	0.271812	0.00449775	0.0189362	1.56099	94.6382
181	0.0100338	0.044098	0.291443	0.005997	0.0176512	1.67058	94.6382
182	0.0100338	0.0435198	0.265719	0.005997	0.0176512	1.68246	93.8113
183	0.0100338	0.0435266	0.268844	0.00449775	0.0159592	1.67479	93.8113
184	0.0100338	0.0440828	0.268844	0.00449775	0.0159592	1.89552	93.8113
185	0.0100338	0.0448809	0.306793	0.00749625	0.0159592	1.89192	98.5493
186	0.0100338	0.0454989	0.306793	0.00749625	0.0178085	1.94207	99.6744
187	0.0100338	0.0447797	0.298189	0.005997	0.0149025	1.72148	88.5647
188	0.0100338	0.0450736	0.311167	0.00749625	0.0137252	1.57356	84.3246
189	0.0100814	0.0465982	0.351511	0.0089955	0.0136125	1.46287	84.3246
190	0.0100814	0.0462832	0.328122	0.005997	0.0129612	1.39984	78.2325
191	0.0100814	0.0459307	0.328122	0.00449775	0.0137252	1.55255	77.017
192	0.0100338	0.0471535	0.35792	0.005997	0.0136125	1.45104	77.017
193	0.0100338	0.0474384	0.360706	0.005997	0.0138195	1.38503	81.6063
194	0.0100338	0.0495921	0.383387	0.0089955	0.0137252	1.33712	81.242
195	0.0100338	0.0513348	0.424241	0.0104948	0.0137252	1.32409	81.242
196	0.0100814	0.0512235	0.44825	0.0089955	0.0131733	1.27179	81.6063
197	0.0100814	0.0513044	0.44825	0.0089955	0.0124011	1.19345	81.242
198	0.0100814	0.0511572	0.44825	0.011994	0.0129612	1.08251	81.6063
199	0.0100338	0.0519775	0.44825	0.0134933	0.0129612	1.0153	81.6063
200	0.0100338	0.0536273	0.479847	0.0164918	0.0123178	1.01317	77.017
201	0.0101386	0.0547057	0.49212	0.0164918	0.0129612	0.989165	77.017
202	0.0100814	0.0566444	0.542726	0.0194903	0.0129612	1.01684	77.017
203	0.0100338	0.0614429	0.711087	0.029985	0.0124394	1.0208	77.017
204	0.0100338	0.0720045	1.23323	0.05997
