		omega		Posterior		rho				Synonymous theta			kappa			phi	
Site	Lower	Point	Higher	prob of +ve	Lower	Point	Higher		Lower	Point	Higher	Lower	Point	Higher	Lower	Point	Higher
	95% HPD	estimate	95% HPD	selection	95% HPD	estimate	95% HPD		95% HPD	estimate	95% HPD	95% HPD	estimate	95% HPD	95% HPD	estimate	95% HPD
0	0.0103096	0.0789031	0.797139	0.035982	0.0121496	1.15048	59.0097		0.00532506	0.0115274	0.0248381	0.578234	2.44549	10.8257	0	0	0
1	0.0103096	0.0781364	0.797139	0.0344828	0.0101674	1.06007	49.4575
2	0.0101792	0.0809297	0.867792	0.0434783	0.0100173	1.08217	50.5345
3	0.0101792	0.0758362	0.698336	0.0269865	0.0114532	1.00835	56.8305
4	0.0101792	0.0726215	0.626997	0.0209895	0.0100173	1.01759	47.6407
5	0.0101467	0.0719682	0.626997	0.0224888	0.0101674	0.934937	45.5568
6	0.0101467	0.0702053	0.604654	0.0194903	0.0101674	0.926947	45.5568
7	0.0101467	0.0694689	0.623001	0.0194903	0.0101674	0.934073	47.6407
8	0.0100578	0.0693273	0.599027	0.017991	0.0101674	0.994169	47.6407
9	0.0100578	0.0688414	0.609905	0.0194903	0.0101674	1.00329	45.5568
10	0.0101467	0.0695498	0.629465	0.0209895	0.0101674	0.971682	47.6407
11	0.0100578	0.0700055	0.645571	0.023988	0.0101674	0.955139	47.6407
12	0.0100578	0.0700411	0.629465	0.023988	0.0101674	0.921762	45.5568
13	0.0100578	0.0730163	0.74334	0.0269865	0.0101674	0.948128	45.5568
14	0.0100578	0.075001	0.74334	0.0284858	0.0101674	0.922452	52.0518
15	0.0100578	0.0761185	0.706604	0.0269865	0.010201	0.820609	42.3262
16	0.0100578	0.0774353	0.729151	0.0269865	0.0104309	0.795177	42.3262
17	0.0101768	0.0802393	0.764801	0.023988	0.0101674	0.753077	39.938
18	0.0100578	0.085725	0.854261	0.035982	0.0101674	0.768475	40.8392
19	0.0101768	0.0898032	0.959554	0.0449775	0.0104629	0.752111	42.3262
20	0.0101768	0.0952274	1.02979	0.0509745	0.0105655	0.762477	42.3262
21	0.0101267	0.103619	1.28225	0.0674663	0.0105655	0.759751	42.3262
22	0.0101267	0.108792	1.36504	0.0734633	0.0101031	0.774526	45.968
23	0.0101267	0.115033	1.54824	0.0824588	0.0101031	0.817921	47.6407
24	0.0103799	0.125635	1.65989	0.0944528	0.0101031	0.841757	47.6407
25	0.0100476	0.134891	1.73287	0.104948	0.0124005	0.894361	66.9125
26	0.0100476	0.146068	1.98554	0.116942	0.0124257	0.845883	66.9125
27	0.0101768	0.17157	2.33001	0.143928	0.0124257	0.763332	66.9125
28	0.0100476	0.232672	3.86695	0.191904	0.0101031	0.703106	47.2017
29	0.0101768	0.388864	9.16092	0.292354	0.0101867	0.690215	46.3568
30	0.0103965	0.261827	4.58685	0.217391	0.0101674	0.660696	49.3197
31	0.0103965	0.200286	2.57651	0.167916	0.0123272	0.717631	68.0335
32	0.0103965	0.168272	2.08893	0.13943	0.0100122	0.754947	47.2017
33	0.0104234	0.150218	1.76547	0.121439	0.0100122	0.737444	46.313
34	0.0101768	0.144869	1.70236	0.110945	0.0100122	0.719452	46.313
35	0.0103965	0.135314	1.59771	0.103448	0.0100122	0.659984	45.1318
36	0.0103965	0.123652	1.41701	0.0869565	0.0100122	0.613191	45.1318
37	0.0101768	0.116811	1.30969	0.077961	0.0101867	0.653675	46.4927
38	0.0101768	0.1141	1.30969	0.077961	0.0101867	0.668261	46.4927
39	0.0101768	0.109726	1.41061	0.0794603	0.0100122	0.667586	46.4927
40	0.0101768	0.100404	1.227	0.0704648	0.0142725	0.706343	69.0435
41	0.0101768	0.0966204	1.20725	0.065967	0.0111148	0.676178	55.2248
42	0.0102549	0.0927637	1.11183	0.0584708	0.0122616	0.727345	64.9474
43	0.0101768	0.0899889	1.00066	0.0509745	0.0198428	0.751825	95.0283
44	0.0101768	0.0859497	0.920775	0.0449775	0.0210199	0.780534	95.6601
45	0.0100667	0.0837401	0.898637	0.0434783	0.0198428	0.783597	86.1639
46	0.0100667	0.0826448	0.920775	0.0449775	0.0209247	0.753687	95.6601
47	0.0100667	0.0792947	0.793814	0.0389805	0.0206058	0.773979	93.7085
48	0.0101768	0.0771095	0.861587	0.0404798	0.0206058	0.797358	91.8271
49	0.0100667	0.0764538	0.736726	0.0344828	0.0206058	0.79463	91.8271
50	0.0100667	0.0746282	0.675212	0.023988	0.0108408	0.807835	48.2573
51	0.0101925	0.0751022	0.735692	0.029985	0.0123272	0.832819	48.2573
52	0.0101925	0.0733188	0.735692	0.0284858	0.0138617	0.741759	51.9114
53	0.0101925	0.0739915	0.749083	0.0269865	0.0116312	0.761984	45.4333
54	0.0101925	0.0730923	0.749083	0.0254873	0.0116312	0.762612	45.4333
55	0.0101925	0.0707368	0.667984	0.0194903	0.0113618	0.801833	45.4333
56	0.0101925	0.069659	0.64087	0.0194903	0.0123272	0.771371	45.4333
57	0.0101925	0.0661571	0.598954	0.017991	0.0112067	0.750237	38.1458
58	0.0101925	0.065543	0.569201	0.0194903	0.0112067	0.74045	36.3455
59	0.0101925	0.0666666	0.585271	0.0194903	0.0101598	0.79501	36.6415
60	0.0101925	0.0663185	0.60732	0.0224888	0.0111635	0.884244	43.93
61	0.0101099	0.0654846	0.580578	0.0224888	0.0141237	1.01253	66.201
62	0.0101925	0.0641034	0.569201	0.0209895	0.0185439	1.16062	79.291
63	0.0101925	0.0654298	0.61981	0.0224888	0.0198066	1.21172	79.291
64	0.0101099	0.0639893	0.569201	0.0209895	0.0198066	1.33309	79.291
65	0.0101099	0.0624367	0.564652	0.0194903	0.0198066	1.44636	82.2969
66	0.0101099	0.0648806	0.60732	0.0269865	0.0219417	1.63382	79.291
67	0.0101099	0.0615735	0.542116	0.017991	0.0219417	1.77798	83.5308
68	0.0101099	0.0607355	0.542116	0.0164918	0.0219417	1.78065	82.2969
69	0.0101099	0.0606769	0.569201	0.0209895	0.0219417	1.75655	84.7342
70	0.0101099	0.0603765	0.61981	0.0254873	0.022517	1.68005	80.5434
71	0.0101099	0.0618518	0.657898	0.0284858	0.0222892	1.68844	80.5434
72	0.010056	0.0594227	0.569201	0.0224888	0.0219417	1.70048	79.291
73	0.010056	0.0579155	0.539841	0.0209895	0.0219417	1.65877	79.9245
74	0.010056	0.0587979	0.569201	0.0209895	0.0208232	1.71568	71.8802
75	0.010056	0.0586141	0.532618	0.0209895	0.0208232	1.59861	71.8802
76	0.010056	0.0595507	0.569201	0.0224888	0.0208232	1.48996	71.8802
77	0.010056	0.0600454	0.684147	0.0269865	0.0208232	1.46215	84.7342
78	0.010056	0.0594719	0.569201	0.0224888	0.0208232	1.49552	89.3178
79	0.010056	0.0576637	0.486375	0.0134933	0.0149055	1.35038	70.1201
80	0.010056	0.0576567	0.486375	0.0134933	0.0198982	1.38839	89.3178
81	0.0100144	0.0581453	0.486375	0.0134933	0.0160549	1.40539	73.3645
82	0.0100144	0.0576435	0.482252	0.0104948	0.0207873	1.34772	99.599
83	0.0100144	0.0575685	0.482252	0.0134933	0.0165538	1.36141	78.2306
84	0.0100144	0.0580769	0.482252	0.011994	0.0207873	1.40737	99.599
85	0.0100144	0.0577776	0.486375	0.011994	0.0212003	1.30812	99.599
86	0.0100144	0.058066	0.497533	0.0134933	0.0141231	1.29478	73.3645
87	0.0100144	0.0582455	0.500736	0.0149925	0.0141231	1.22726	69.3641
88	0.0100144	0.057333	0.471617	0.0134933	0.0140239	1.18421	73.3645
89	0.0100144	0.0568435	0.453796	0.0089955	0.0121308	0.994056	72.7578
90	0.010089	0.0553468	0.413243	0.005997	0.0113618	0.928671	70.5156
91	0.010089	0.0550187	0.413243	0.00749625	0.0110339	0.7769	70.5156
92	0.0100144	0.0544443	0.402873	0.0089955	0.0109283	0.659134	70.5156
93	0.0101231	0.054418	0.402873	0.0089955	0.0101572	0.4513	53.8032
94	0.0100144	0.0530876	0.387822	0.00749625	0.0101572	0.341931	48.6288
95	0.0100144	0.0545567	0.402873	0.0104948	0.0101572	0.234155	40.3851
96	0.0100144	0.0541688	0.413243	0.011994	0.0101572	0.181751	32.1211
97	0.0100144	0.0548793	0.413243	0.0149925	0.0100658	0.153623	28.9695
98	0.0101231	0.0553177	0.444903	0.0149925	0.0101572	0.137325	23.8598
99	0.0100144	0.0557291	0.444903	0.011994	0.0101572	0.119818	14.2591
100	0.0101231	0.0563551	0.444903	0.0134933	0.0101878	0.106801	11.0496
101	0.0100144	0.0566485	0.444903	0.0149925	0.0100239	0.0909672	5.32378
102	0.0100144	0.0561387	0.465783	0.0134933	0.0100239	0.0777277	2.71038
103	0.0101231	0.0569309	0.489421	0.011994	0.0101878	0.0711509	2.51216
104	0.0101231	0.0557155	0.442899	0.0089955	0.0100239	0.068965	2.40945
105	0.0101231	0.0556999	0.444903	0.0089955	0.0101878	0.0674956	2.35814
106	0.0100144	0.0553246	0.465783	0.011994	0.0101878	0.0637598	2.355
107	0.0100144	0.0550368	0.442899	0.0104948	0.0101878	0.0626321	2.35814
108	0.0101245	0.0551942	0.465783	0.0104948	0.0101878	0.0633508	2.3856
109	0.0101245	0.0564534	0.489421	0.011994	0.0101878	0.0631249	2.40945
110	0.0101245	0.055909	0.489421	0.0104948	0.0101878	0.0634279	2.35814
111	0.0101245	0.0558288	0.489421	0.011994	0.0101878	0.0633398	2.35814
112	0.0100144	0.0578835	0.524769	0.0164918	0.0101878	0.0633475	2.355
113	0.0101245	0.0574339	0.489421	0.0164918	0.0100239	0.0626166	2.23316
114	0.0103336	0.0589988	0.552235	0.0194903	0.0100239	0.0630297	2.00755
115	0.0101925	0.057013	0.489421	0.017991	0.0100239	0.0617944	1.78668
116	0.0101245	0.0562819	0.462183	0.0164918	0.0101204	0.0603239	1.25821
117	0.0101245	0.0564353	0.465783	0.0194903	0.0100239	0.0598311	1.0044
118	0.0100144	0.0601298	0.552235	0.0269865	0.0100239	0.0603519	0.941629
119	0.0100144	0.0597199	0.525926	0.023988	0.0100239	0.0605699	0.886667
120	0.0100144	0.0594145	0.510561	0.0209895	0.0100239	0.0614622	0.941629
121	0.0101245	0.0600841	0.525926	0.023988	0.0100239	0.0626546	0.985386
122	0.0101925	0.058339	0.511388	0.0194903	0.0100239	0.0631909	0.941629
123	0.0101245	0.058065	0.511388	0.017991	0.0100239	0.0653625	1.0044
124	0.0101245	0.0593428	0.525926	0.0224888	0.0100239	0.077837	1.75006
125	0.0100144	0.0587027	0.525926	0.0209895	0.0100239	0.0897799	3.89386
126	0.0100144	0.0595184	0.531481	0.0194903	0.0100239	0.108638	7.75818
127	0.0100998	0.0602536	0.552235	0.0209895	0.0100239	0.131817	13.6356
128	0.0100998	0.0616493	0.552235	0.0224888	0.0101204	0.151877	15.4556
129	0.0100998	0.061378	0.528949	0.017991	0.0100239	0.154396	15.4556
130	0.0100998	0.0617857	0.552235	0.0194903	0.0100556	0.170716	20.2572
131	0.0100998	0.0622159	0.552235	0.017991	0.0100556	0.190415	26.7291
132	0.0100144	0.0627897	0.552235	0.0194903	0.0102804	0.203906	28.3614
133	0.0100998	0.0637517	0.615822	0.0224888	0.0102804	0.218309	28.3614
134	0.0100144	0.0652227	0.668756	0.0284858	0.0100556	0.236366	26.7291
135	0.0100998	0.0646491	0.696529	0.029985	0.0100556	0.298305	40.28
136	0.0100144	0.0655314	0.696529	0.029985	0.0100556	0.34107	42.8199
137	0.01009	0.0650341	0.696529	0.0284858	0.0100556	0.3973	46.0327
138	0.0100144	0.0657477	0.702342	0.0314843	0.0101204	0.412564	44.693
139	0.0100144	0.0645674	0.686697	0.0269865	0.0102946	0.453721	44.693
140	0.0100144	0.06599	0.67475	0.0269865	0.0100556	0.443394	38.7479
141	0.0100144	0.0678886	0.695952	0.0314843	0.0103893	0.504157	43.7855
142	0.01009	0.0715824	0.839896	0.0389805	0.0103893	0.529326	44.693
143	0.01009	0.0688124	0.748205	0.0344828	0.0101185	0.549603	43.7855
144	0.0100144	0.0712073	0.882816	0.041979	0.0101185	0.597492	45.3533
145	0.01009	0.0732371	0.961508	0.0494753	0.0103893	0.670017	48.7263
146	0.0102322	0.0757781	1.21276	0.0524738	0.0105704	0.71844	48.7263
147	0.01009	0.081382	1.36995	0.0644678
