		omega		Posterior		rho				Synonymous theta			kappa			phi	
Site	Lower	Point	Higher	prob of +ve	Lower	Point	Higher		Lower	Point	Higher	Lower	Point	Higher	Lower	Point	Higher
	95% HPD	estimate	95% HPD	selection	95% HPD	estimate	95% HPD		95% HPD	estimate	95% HPD	95% HPD	estimate	95% HPD	95% HPD	estimate	95% HPD
0	0.0100097	0.0480353	0.461047	0.00749625	0.0112994	0.374718	38.7756		0.0207311	0.0320746	0.0482442	3.25366	11.3325	59.1061	0	0	0
1	0.0100097	0.0474588	0.408946	0.00749625	0.0105913	0.458619	41.7206
2	0.0100097	0.0464454	0.372823	0.005997	0.0112994	0.526614	50.7236
3	0.0100097	0.0458807	0.336741	0.005997	0.0112994	0.545832	49.8575
4	0.0100097	0.045985	0.409121	0.0089955	0.0111166	0.57726	50.7236
5	0.0100097	0.044189	0.328255	0.005997	0.0111166	0.582556	50.7236
6	0.0100097	0.0431057	0.320404	0.00149925	0.0111166	0.644647	50.7236
7	0.0100097	0.0418033	0.299437	0.00149925	0.0126226	0.696299	57.459
8	0.0100097	0.0409304	0.294938	0.00149925	0.0114701	0.739401	57.459
9	0.0100097	0.0407166	0.289064	0.0029985	0.0111166	0.7834	57.459
10	0.0100097	0.0390862	0.270019	0.00149925	0.0112994	0.824216	57.459
11	0.0100097	0.0386331	0.244028	0.0029985	0.0113853	0.782076	57.5759
12	0.0100022	0.0377871	0.231093	0.0029985	0.013706	0.776458	68.2111
13	0.0100022	0.0377087	0.231093	0.00449775	0.0144026	0.75095	68.2111
14	0.0100022	0.0374837	0.2184	0.0029985	0.013706	0.725035	67.0281
15	0.0100022	0.0379492	0.2184	0.0029985	0.0146201	0.768172	67.0281
16	0.0100022	0.0376467	0.220599	0.0029985	0.0138541	0.742432	64.1014
17	0.0100022	0.0389226	0.234158	0.0029985	0.0126226	0.779672	64.1014
18	0.0100022	0.0394626	0.258125	0.00749625	0.0121216	0.81376	64.1014
19	0.0100022	0.0405367	0.267838	0.00749625	0.0104483	0.782246	58.3805
20	0.0100022	0.0407299	0.270019	0.0089955	0.0121216	0.793145	65.36
21	0.0100022	0.0410067	0.290578	0.005997	0.0111636	0.774438	65.36
22	0.0100022	0.0404861	0.277738	0.00449775	0.0100838	0.6433	57.3384
23	0.0100022	0.0402777	0.270019	0.00449775	0.0100838	0.552367	57.1622
24	0.0100022	0.0403135	0.267838	0.00449775	0.0102857	0.499479	56.7705
25	0.0100022	0.0401493	0.259344	0.005997	0.0100838	0.425036	53.9337
26	0.0100097	0.0403364	0.260338	0.00449775	0.0100838	0.382702	49.0227
27	0.0100097	0.0405285	0.260338	0.00449775	0.0102593	0.342418	49.1524
28	0.0100097	0.0406599	0.270019	0.00449775	0.0102593	0.307967	49.1524
29	0.0100097	0.040078	0.277738	0.005997	0.0100838	0.29686	49.1524
30	0.0100097	0.0399248	0.270019	0.005997	0.0102593	0.284266	53.9337
31	0.0100097	0.040133	0.267838	0.0089955	0.0102593	0.273799	53.9337
32	0.0100097	0.0401584	0.284056	0.00749625	0.0101309	0.267249	53.9337
33	0.0100097	0.0404532	0.289836	0.005997	0.0102593	0.265355	53.9152
34	0.0100097	0.0398296	0.277738	0.005997	0.0102593	0.26344	54.0415
35	0.0100097	0.0394032	0.277738	0.005997	0.0102857	0.27402	54.0415
36	0.0100097	0.0391839	0.277738	0.005997	0.0102593	0.295089	54.0415
37	0.0100097	0.0387762	0.277738	0.0029985	0.0102593	0.284293	54.0415
38	0.0100097	0.0378639	0.260338	0.00149925	0.0102593	0.304415	54.0415
39	0.0101029	0.037019	0.248855	0.00149925	0.0101309	0.285378	47.4659
40	0.0100097	0.0370806	0.244028	0.00449775	0.0102593	0.280947	47.4659
41	0.0100097	0.0370468	0.248224	0.00449775	0.0102857	0.272368	47.4659
42	0.0100097	0.0360755	0.241139	0.00449775	0.0109422	0.276771	47.4659
43	0.0100097	0.0346249	0.221569	0.0029985	0.0110076	0.27715	47.4659
44	0.0100097	0.0346269	0.222707	0.0029985	0.0107036	0.264898	44.7221
45	0.0100097	0.035232	0.244028	0.0029985	0.0101309	0.250468	38.9166
46	0.0100097	0.0352099	0.248224	0.00449775	0.0101309	0.227344	30.9293
47	0.0100097	0.0361933	0.260338	0.005997	0.0102593	0.215736	29.2334
48	0.0100097	0.035819	0.258125	0.00449775	0.010175	0.21638	29.2334
49	0.0101029	0.0355775	0.28102	0.0029985	0.0103419	0.233763	29.2334
50	0.0100097	0.0347178	0.248855	0.0029985	0.0101309	0.234156	28.3384
51	0.0100097	0.0344311	0.227487	0.005997	0.0103419	0.221929	28.2326
52	0.0100097	0.03401	0.219783	0.005997	0.0101309	0.198791	23.4225
53	0.0100011	0.0333454	0.208688	0.0029985	0.0101309	0.168222	17.7817
54	0.0100011	0.0331395	0.207019	0.0029985	0.0101309	0.146574	15.2093
55	0.0100011	0.0331814	0.207019	0.00149925	0.0101309	0.142692	13.0105
56	0.0100011	0.0327828	0.193053	0.00149925	0.0101309	0.14558	15.5564
57	0.0100011	0.0325944	0.190483	0.0029985	0.0101309	0.150521	15.5564
58	0.0100011	0.0328452	0.193053	0.0029985	0.0101309	0.148685	17.5264
59	0.0100011	0.0330075	0.200506	0.00449775	0.0107698	0.151316	22.3693
60	0.0100011	0.0331171	0.202503	0.00449775	0.0101538	0.144525	17.9017
61	0.0100011	0.032529	0.190483	0.00449775	0.0101538	0.136337	17.7817
62	0.0100011	0.0323106	0.190483	0.00449775	0.010175	0.123634	13.1802
63	0.0100011	0.0321352	0.193053	0.0029985	0.0103419	0.114786	9.36976
64	0.0100011	0.032077	0.193053	0.00449775	0.010175	0.107384	7.34724
65	0.0100011	0.031891	0.18847	0.00449775	0.010175	0.106732	7.34724
66	0.0100011	0.0323335	0.193053	0.005997	0.010175	0.103798	6.6154
67	0.0100011	0.0325499	0.196275	0.005997	0.010175	0.10455	6.6154
68	0.0100011	0.0318409	0.193053	0.00449775	0.010175	0.105493	6.6154
69	0.0100011	0.0321068	0.193053	0.00449775	0.0103419	0.10668	6.49472
70	0.0100011	0.0313204	0.184719	0.0029985	0.010175	0.102412	4.52611
71	0.0100011	0.0309227	0.189547	0.00149925	0.010175	0.0983657	5.17456
72	0.0100011	0.0309824	0.189547	0.00149925	0.010175	0.0899559	2.71298
73	0.0100011	0.0307284	0.184719	0.0029985	0.010175	0.088539	2.21699
74	0.0100011	0.0310617	0.180558	0.00449775	0.0103419	0.0889004	1.77497
75	0.0100011	0.0308006	0.17336	0.00449775	0.0101344	0.0875711	1.09707
76	0.0100011	0.0313279	0.19867	0.00449775	0.0101344	0.0837864	0.747858
77	0.0100011	0.0310425	0.184473	0.0029985	0.0101344	0.086847	0.83909
78	0.0100011	0.0316396	0.19867	0.00449775	0.0101344	0.0859671	0.775755
79	0.0100011	0.0321086	0.211247	0.00749625	0.010175	0.0905202	0.839991
80	0.0100011	0.0321405	0.215553	0.00749625	0.0101344	0.0917568	0.839991
81	0.0100011	0.0320859	0.215553	0.00449775	0.0101344	0.0916426	0.867264
82	0.0100011	0.0319802	0.221371	0.00449775	0.0101344	0.0903931	1.04767
83	0.0100011	0.0320969	0.231892	0.0029985	0.0101344	0.0882962	0.852175
84	0.0100011	0.0323541	0.221371	0.0029985	0.0101344	0.0856721	0.843078
85	0.0100011	0.0320174	0.211247	0.005997	0.0101344	0.0871455	0.867264
86	0.0100011	0.0315002	0.199736	0.005997	0.0101344	0.0840191	0.867264
87	0.0100011	0.0320001	0.202549	0.00749625	0.0101344	0.0822871	0.784944
88	0.0100011	0.0317679	0.199736	0.00449775	0.0101344	0.084172	0.867264
89	0.0100011	0.0322246	0.233109	0.00449775	0.0101344	0.083698	1.11157
90	0.0100011	0.0320673	0.211247	0.00449775	0.0101344	0.0789041	0.747858
91	0.0100097	0.0316626	0.199736	0.00449775	0.0101344	0.0788427	0.720779
92	0.0100011	0.0316731	0.199736	0.0029985	0.0100151	0.0783742	1.11157
93	0.0100011	0.0321213	0.211247	0.0029985	0.0100151	0.077399	0.720671
94	0.0100011	0.0320667	0.211247	0.0029985	0.0100151	0.0748465	0.720671
95	0.0100011	0.031668	0.199736	0.00149925	0.0100151	0.0769983	1.3391
96	0.0100011	0.0313592	0.202549	0.00149925	0.0100151	0.0796081	2.19973
97	0.0100011	0.0314042	0.188179	0.0029985	0.0100151	0.0792637	2.19973
98	0.0100011	0.0311389	0.187423	0.00449775	0.0100151	0.0798374	2.26471
99	0.0100011	0.0312409	0.221371	0.005997	0.0100151	0.0792974	2.26471
100	0.0100011	0.0312535	0.221371	0.005997	0.0100151	0.078748	2.19305
101	0.0100011	0.0316913	0.225716	0.005997	0.0100151	0.0813731	2.50881
102	0.0100011	0.0318881	0.225716	0.00749625	0.0100151	0.0881018	3.30264
103	0.0100011	0.0310704	0.184473	0.00749625	0.0100151	0.0920002	5.37771
104	0.0100011	0.0303518	0.177208	0.0029985	0.0100151	0.0892023	6.20606
105	0.0100011	0.0301075	0.167974	0.0029985	0.0100151	0.0859984	5.75048
106	0.0100011	0.0301643	0.168801	0.0029985	0.0100067	0.080034	4.85828
107	0.0100011	0.0307596	0.187423	0.00149925	0.0100067	0.0748748	3.21398
108	0.0100011	0.0312175	0.217737	0.0029985	0.0100151	0.0697799	1.50972
109	0.0100011	0.0306413	0.18241	0	0.0100067	0.0639608	0.602171
110	0.0100011	0.0306166	0.177914	0	0.0100067	0.0600924	0.493953
111	0.0100011	0.0305336	0.173015	0	0.0100067	0.0576386	0.433604
112	0.0100011	0.0303589	0.164871	0	0.0100067	0.0546419	0.317225
113	0.0100011	0.0302998	0.156131	0	0.0100067	0.0528467	0.312698
114	0.0100011	0.0308253	0.168801	0	0.0100151	0.0518947	0.298228
115	0.0100011	0.0311225	0.179872	0.00149925	0.0100067	0.0520637	0.279967
116	0.0100011	0.0314068	0.18241	0.00149925	0.0100399	0.0509169	0.266882
117	0.0100011	0.0315789	0.18241	0.00149925	0.0100067	0.0503286	0.250407
118	0.0100011	0.0310988	0.170738	0.00149925	0.0100067	0.0486201	0.225188
119	0.0100011	0.030916	0.170738	0.00149925	0.0100399	0.048509	0.221237
120	0.0100011	0.0309964	0.179872	0	0.0104326	0.0472139	0.221237
121	0.0100011	0.0312378	0.18241	0.0029985	0.0104741	0.0469922	0.221237
122	0.0100607	0.0308987	0.164871	0.00149925	0.0104741	0.0465462	0.221237
123	0.0100607	0.0313317	0.18241	0	0.0104326	0.046791	0.221237
124	0.0100607	0.0321073	0.197338	0	0.0100067	0.047098	0.218887
125	0.0100607	0.0323975	0.198655	0.00149925	0.0101001	0.0472562	0.221237
126	0.0100491	0.0320522	0.198655	0.00149925	0.0100067	0.0483417	0.225905
127	0.0100491	0.0323186	0.198655	0.005997	0.0100399	0.0501535	0.238045
128	0.0100491	0.0326902	0.241962	0.00749625	0.0100399	0.0507882	0.233783
129	0.0100491	0.0324357	0.243713	0.005997	0.0100399	0.0522728	0.254964
130	0.0100491	0.0313427	0.198655	0.00449775	0.0104326	0.0534302	0.268367
131	0.0100491	0.0308597	0.172628	0.00449775	0.0104326	0.0541458	0.274256
132	0.0100491	0.0302009	0.154259	0.00449775	0.0100399	0.0548411	0.27287
133	0.0100397	0.0297083	0.147799	0.00149925	0.0100399	0.0575455	0.292123
134	0.0100491	0.0295368	0.147799	0.00149925	0.0100399	0.0587782	0.306837
135	0.0100397	0.0291975	0.147799	0	0.0100402	0.0586174	0.284295
136	0.0100397	0.0292632	0.150328	0.00149925	0.0100399	0.0607623	0.317082
137	0.0100397	0.0300496	0.172628	0.00749625	0.0100402	0.0623737	0.366729
138	0.0100397	0.0298298	0.157443	0.0029985	0.0101344	0.0658587	0.392481
139	0.0100397	0.0291932	0.14973	0.0029985	0.0100402	0.0722241	0.452488
140	0.0100397	0.0290918	0.147736	0.00149925	0.0100402	0.0789237	0.553775
141	0.0100397	0.0289216	0.14973	0.00149925	0.0101344	0.0846777	0.611138
142	0.0100491	0.0293324	0.150328	0.00449775	0.0100402	0.0863277	0.611138
143	0.0100397	0.029446	0.153204	0.00449775	0.0101344	0.0866691	0.611138
144	0.0100397	0.029654	0.153204	0.00149925	0.0100402	0.0902697	0.658169
145	0.0100397	0.0295939	0.159435	0.00149925	0.0101344	0.0960582	0.848092
146	0.0100397	0.029724	0.159435	0.00149925	0.0100402	0.101476	0.979858
147	0.0100397	0.0299227	0.167132	0.00149925	0.0100402	0.113782	1.39843
148	0.0100397	0.0301002	0.175211	0.00149925	0.0100402	0.114146	1.12029
149	0.0100397	0.0297344	0.159435	0.00149925	0.0100402	0.11875	0.97059
150	0.0100397	0.0292538	0.153204	0	0.0100402	0.129038	1.42766
151	0.0100397	0.0296489	0.155259	0.00149925	0.0104326	0.12885	1.5568
152	0.0100397	0.0301322	0.167459	0.00149925	0.0104741	0.124701	1.12029
153	0.0100397	0.0306028	0.175211	0.0029985	0.0104326	0.131662	1.5568
154	0.0100397	0.0312043	0.187423	0.0029985	0.0100402	0.146306	2.23143
155	0.0100397	0.0306217	0.161718	0.00149925	0.0112979	0.154835	4.50139
156	0.0100397	0.0309025	0.160941	0.00149925	0.0112979	0.150347	1.91104
157	0.0100397	0.0313736	0.167595	0.00149925	0.0112979	0.143185	1.25167
158	0.0100397	0.0310945	0.161718	0.00149925	0.0112979	0.140573	0.970399
159	0.0100491	0.0313576	0.179359	0.00149925	0.0112979	0.14083	0.970399
160	0.0100491	0.0317182	0.192009	0.00149925	0.0112979	0.141761	0.951831
161	0.0100491	0.0318917	0.192009	0.00149925	0.0112979	0.137885	0.940825
162	0.0100491	0.0320728	0.192009	0.00149925	0.0112979	0.12382	0.742742
163	0.0100491	0.0320091	0.192009	0.00149925	0.0112979	0.113631	0.632269
164	0.0100491	0.0323338	0.192009	0.0029985	0.0112979	0.112176	0.651109
165	0.0100491	0.0324836	0.187423	0.00149925	0.0112979	0.112016	0.632269
166	0.0100491	0.0321182	0.179359	0.00149925	0.0112979	0.110772	0.613741
167	0.0100491	0.0318598	0.16083	0	0.0112979	0.112192	0.636792
168	0.0100491	0.0321566	0.161718	0.00149925	0.0112979	0.112611	0.684424
169	0.0100491	0.0319786	0.159083	0.0029985	0.0112979	0.112745	0.684424
170	0.0100491	0.0323405	0.16083	0.0029985	0.0112979	0.109361	0.632269
171	0.0100491	0.0315759	0.15341	0.00149925	0.0112979	0.108081	0.625956
172	0.0100491	0.0317342	0.157955	0.0029985	0.010227	0.107413	0.597208
173	0.0100491	0.031942	0.15829	0.0029985	0.010227	0.121425	1.42877
174	0.0100491	0.0316718	0.15341	0.00149925	0.010227	0.131072	2.04885
175	0.0100491	0.0314209	0.157955	0	0.010227	0.159387	16.7209
176	0.0100491	0.0307276	0.152494	0	0.010227	0.191872	38.1905
177	0.0100491	0.0308186	0.136405	0	0.0113826	0.231975	47.8079
178	0.0100491	0.0311601	0.144738	0	0.0178379	0.281531	75.0662
179	0.0100491	0.0316714	0.15341	0.00149925	0.0194123	0.302075	69.9778
180	0.0100491	0.0324114	0.159083	0.00149925	0.0194123	0.315762	74.4718
181	0.0100491	0.0320352	0.15341	0	0.0127679	0.328261	51.6838
182	0.0100491	0.0330012	0.159083	0.00149925	0.0130017	0.306004	55.6495
183	0.0100491	0.0327267	0.15829	0.00149925	0.0194123	0.288826	83.737
184	0.0100491	0.0331457	0.16645	0.0029985	0.0194123	0.284695	84.3499
185	0.0100491	0.0329424	0.182084	0.00149925	0.0101098	0.277172	43.6549
186	0.0100491	0.0330904	0.182084	0.0029985	0.0178409	0.27977	74.4718
187	0.0100491	0.0329081	0.182212	0.00149925	0.0102212	0.273378	45.3288
188	0.0100045	0.0326736	0.172056	0.00149925	0.0102212	0.267648	45.3288
189	0.0100045	0.0331682	0.172056	0	0.0101098	0.251314	39.1543
190	0.0100045	0.0336628	0.182084	0	0.0101098	0.239313	32.145
191	0.0100045	0.034562	0.189226	0	0.0101098	0.200803	15.3099
192	0.0100045	0.0346069	0.189226	0	0.0101098	0.164094	6.24877
193	0.0100045	0.0345412	0.182084	0.00149925	0.0101098	0.157918	6.13671
194	0.0100045	0.0351798	0.183736	0.0029985	0.0101098	0.158236	6.13671
195	0.0100045	0.0348644	0.173171	0.0029985	0.0101098	0.156731	6.13671
196	0.0100045	0.035115	0.16645	0.00449775	0.0101098	0.159107	5.44436
197	0.0100045	0.0360326	0.173171	0.005997	0.0101098	0.162735	7.00784
198	0.0100045	0.0360272	0.173171	0.005997	0.0101098	0.171146	8.862
199	0.0100045	0.0357296	0.170091	0.005997	0.0101098	0.171014	13.6515
200	0.0100045	0.036721	0.173171	0.00449775	0.0101098	0.171394	14.8785
201	0.0100045	0.0363072	0.170091	0.0029985	0.0101098	0.173902	19.1813
202	0.0100618	0.0357532	0.161639	0.0029985	0.0101098	0.177257	23.5592
203	0.0100618	0.0357086	0.161639	0.0029985	0.0101098	0.178249	20.7706
204	0.0100618	0.0359745	0.161639	0.00149925	0.0101098	0.18028	19.1813
205	0.0100045	0.0357657	0.161639	0.00149925	0.0101098	0.180702	19.1813
206	0.0100045	0.0360648	0.161639	0.0029985	0.0101098	0.187452	16.0039
207	0.0100045	0.0364692	0.16645	0.005997	0.0101098	0.198784	16.0039
208	0.0100618	0.0359706	0.161639	0.005997	0.0101098	0.236806	20.8869
209	0.0100045	0.0357994	0.15829	0.00449775	0.0101098	0.264911	30.6414
210	0.0100618	0.0359204	0.161639	0.005997	0.0113252	0.314277	46.9071
211	0.0100789	0.0361797	0.170091	0.0029985	0.0134487	0.347961	59.5404
212	0.010131	0.0367384	0.184536	0.0029985	0.0192792	0.413789	87.3989
213	0.010131	0.037387	0.187544	0.0029985	0.0190841	0.458575	87.3989
214	0.010131	0.0368722	0.187544	0.00149925	0.0189531	0.497584	90.3295
215	0.0100789	0.0366264	0.183736	0	0.0190841	0.520796	87.3476
216	0.0100789	0.0372675	0.194183	0.00149925	0.0170169	0.545955	76.7202
217	0.0102149	0.0386638	0.213739	0.00449775	0.0170169	0.57204	76.7202
218	0.0102149	0.0382715	0.213739	0.00149925	0.0170169	0.586468	74.7725
219	0.0102149	0.0378187	0.206779	0.00149925	0.0171386	0.561493	86.0685
220	0.0102149	0.0387674	0.213401	0.00149925	0.0177392	0.557939	87.1054
221	0.0102149	0.0396729	0.224841	0.00149925	0.0170169	0.531943	87.3476
222	0.0102149	0.040135	0.231695	0.00449775	0.0177392	0.543622	96.0705
223	0.0102149	0.0403994	0.224841	0	0.0177392	0.527935	96.0705
224	0.0102149	0.0409209	0.231889	0.00149925	0.0173062	0.626047	90.3295
225	0.0100789	0.0424624	0.247175	0.005997	0.0177392	0.595849	88.8317
226	0.0100789	0.0433598	0.251607	0.005997	0.0177392	0.596152	89.1577
227	0.0100789	0.0435166	0.251607	0.005997	0.0170169	0.613625	90.3295
228	0.0101603	0.0445895	0.274771	0.00749625	0.0178266	0.591501	97.8313
229	0.0100789	0.0449803	0.274189	0.00749625	0.0177392	0.587045	97.8313
230	0.0101603	0.0449048	0.283423	0.00449775	0.0171841	0.561773	97.8313
231	0.0101603	0.0452015	0.303122	0.00449775	0.0172182	0.58892	97.8313
232	0.0100789	0.0464323	0.32358	0.005997	0.0171841	0.695067	98.8901
233	0.0100789	0.0466558	0.314452	0.005997	0.0177392	0.810287	98.8901
234	0.0102149	0.0493536	0.374527	0.0104948	0.0159688	0.84874	98.8901
235	0.0104493	0.0530108	0.495261	0.0194903	0.0177392	0.975431	98.8901
236	0.0102149	0.0544061	0.490703	0.0224888	0.0179466	1.04123	98.8901
237	0.0101603	0.0562687	0.495261	0.023988	0.0177392	1.24334	98.8901
238	0.0100789	0.0602341	0.669974	0.0314843
