		omega		Posterior		rho				Synonymous theta			kappa			phi	
Site	Lower	Point	Higher	prob of +ve	Lower	Point	Higher		Lower	Point	Higher	Lower	Point	Higher	Lower	Point	Higher
	95% HPD	estimate	95% HPD	selection	95% HPD	estimate	95% HPD		95% HPD	estimate	95% HPD	95% HPD	estimate	95% HPD	95% HPD	estimate	95% HPD
0	0.0124177	0.122515	0.790429	0.0194903	0.0100608	0.0434201	3.07261		0.0718457	0.0888631	0.108546	4.414	7.19366	11.7284	4.61879	39.8979	245.661
1	0.0142974	0.115649	0.755005	0.00749625	0.0100608	0.0399781	0.795798
2	0.0173567	0.116639	0.755005	0	0.0100608	0.0376289	0.687503
3	0.0177981	0.117763	0.755005	0	0.0100608	0.0351059	0.310046
4	0.02202	0.122747	0.797055	0	0.0100608	0.0323969	0.179604
5	0.0207196	0.119206	0.770551	0	0.0100608	0.0312671	0.17714
6	0.0195237	0.116491	0.770551	0	0.0100608	0.0292775	0.139906
7	0.0186904	0.113212	0.770551	0.00149925	0.0100608	0.028877	0.13674
8	0.0179366	0.11218	0.755005	0.0029985	0.0100608	0.0286939	0.139906
9	0.0175384	0.112387	0.755005	0.005997	0.0100608	0.0282771	0.13674
10	0.0175384	0.110902	0.702398	0.00749625	0.0100608	0.0275004	0.13674
11	0.0175384	0.114867	0.792964	0.017991	0.0100608	0.0289956	0.152324
12	0.0147812	0.0945945	0.650304	0.005997	0.0100608	0.030693	0.17714
13	0.0101661	0.0877367	0.495701	0.005997	0.0100608	0.0321973	0.178215
14	0.0100685	0.0812248	0.476997	0.00749625	0.0100608	0.0326251	0.206761
15	0.0101661	0.0760282	0.416614	0.00449775	0.0100608	0.0320448	0.197676
16	0.0100685	0.0721788	0.373657	0.00449775	0.0100478	0.0342818	0.255621
17	0.0100685	0.0670131	0.327236	0.00149925	0.0100478	0.0362208	0.343807
18	0.0100685	0.0644878	0.299035	0.00149925	0.0100478	0.037675	0.643273
19	0.0100685	0.0613041	0.281981	0.00149925	0.0100478	0.0378519	0.643273
20	0.0101661	0.0573451	0.267963	0.00149925	0.0100478	0.0390667	1.2407
21	0.0109238	0.0541243	0.270881	0	0.0100478	0.0416115	2.13354
22	0.0102082	0.0513146	0.241018	0	0.0100478	0.0451212	2.6417
23	0.0100685	0.0494526	0.241018	0	0.0100478	0.0454177	2.88793
24	0.0102225	0.0460896	0.225938	0	0.0100478	0.0465268	2.88793
25	0.0102082	0.0451815	0.220704	0	0.0100478	0.0471823	2.88793
26	0.0102082	0.0437656	0.211353	0	0.0100478	0.0472948	2.91083
27	0.0102225	0.0428909	0.219033	0	0.0100478	0.0467569	3.14338
28	0.0102082	0.0413481	0.187625	0	0.0100478	0.0497703	4.2019
29	0.0102082	0.0408003	0.186018	0	0.0100478	0.0505648	4.37921
30	0.0102082	0.0403925	0.178694	0	0.0100478	0.0495803	4.37297
31	0.0102082	0.0401021	0.186263	0	0.0100478	0.0509874	4.41881
32	0.0100236	0.0396719	0.181842	0.00149925	0.0100478	0.0525978	4.88067
33	0.0101633	0.0387497	0.159586	0.00149925	0.0100478	0.0524499	4.88067
34	0.0101633	0.0378256	0.14991	0	0.0100478	0.0529934	4.88067
35	0.0100236	0.0370935	0.144769	0	0.0100478	0.0534536	4.88067
36	0.0101633	0.0368006	0.144769	0	0.0100478	0.0561055	7.19092
37	0.0100236	0.0372198	0.144769	0	0.0100478	0.0589211	12.1459
38	0.0101633	0.0373575	0.15142	0	0.0100478	0.0645054	18.4958
39	0.0102082	0.0361048	0.144537	0.00149925	0.0100478	0.0668626	18.545
40	0.0100152	0.0357431	0.137644	0.00149925	0.0100478	0.0676489	18.545
41	0.0100152	0.0361867	0.144537	0.00149925	0.0100478	0.0687381	20.9561
42	0.0100152	0.036107	0.137204	0	0.0100478	0.0721145	22.2282
43	0.0100152	0.0363039	0.137204	0	0.0100478	0.0728575	22.8413
44	0.0100152	0.0358846	0.133894	0	0.0100478	0.0744564	24.1457
45	0.0100152	0.0361703	0.137644	0	0.0100478	0.0744062	24.1457
46	0.0100152	0.0361538	0.137204	0	0.0100478	0.076574	29.6319
47	0.0102976	0.035848	0.137644	0	0.0100478	0.0766808	40.6103
48	0.0102976	0.0349365	0.132031	0	0.0100478	0.0714235	40.6103
49	0.0102976	0.0348012	0.130941	0.00149925	0.0100478	0.0674656	40.6103
50	0.0100152	0.0339038	0.121451	0.0029985	0.0100478	0.0675482	44.0532
51	0.0103262	0.0327326	0.111454	0	0.0100478	0.0670761	49.1314
52	0.0102976	0.0330406	0.11268	0	0.0100478	0.0665962	44.0532
53	0.0100152	0.0334372	0.11268	0	0.0100478	0.0665489	44.0532
54	0.0100152	0.033493	0.11268	0	0.0100478	0.0689698	41.5058
55	0.0100152	0.0334872	0.11205	0	0.0100608	0.0726161	40.6103
56	0.0100152	0.033281	0.11205	0	0.0100608	0.081974	47.5043
57	0.0100152	0.0331377	0.108879	0	0.0100608	0.0819286	46.8957
58	0.0100152	0.0333605	0.11268	0	0.0100608	0.0819017	46.8957
59	0.0100152	0.0332106	0.111284	0	0.0100608	0.0844407	44.0532
60	0.0102976	0.0325939	0.109257	0	0.0100608	0.0893302	41.5058
61	0.0103262	0.0327497	0.107452	0	0.0100608	0.0954444	46.8957
62	0.0102606	0.0334855	0.109257	0	0.0100608	0.100583	58.207
63	0.0102606	0.0339443	0.111284	0	0.0100608	0.100086	64.2515
64	0.0102606	0.034428	0.11268	0	0.0100608	0.0996864	64.2515
65	0.0102606	0.034517	0.11268	0	0.0100608	0.0985589	64.2515
66	0.0100784	0.0351193	0.117142	0	0.010013	0.0986422	64.6457
67	0.0102606	0.0355765	0.121237	0	0.010013	0.0960208	64.6457
68	0.0100784	0.0361045	0.123203	0	0.010013	0.0854334	40.6103
69	0.0102606	0.0366223	0.123203	0	0.0100608	0.0642064	10.482
70	0.0102606	0.0367099	0.123203	0	0.010013	0.0535094	0.906188
71	0.0102606	0.0372543	0.132031	0	0.0100608	0.050567	0.414909
72	0.0102606	0.0376769	0.132031	0	0.010013	0.0635287	8.70313
73	0.0102606	0.0378954	0.130941	0	0.0100608	0.0741635	11.9649
74	0.0102606	0.0378492	0.130941	0	0.0100608	0.0811215	11.9649
75	0.0102606	0.0379236	0.12547	0	0.0100608	0.0851828	11.9649
76	0.0102606	0.0383243	0.132031	0	0.0100608	0.0891537	11.9649
77	0.0102606	0.0386081	0.130941	0	0.0100608	0.0906721	11.8158
78	0.0102869	0.0393614	0.144537	0	0.0100608	0.0949576	11.8158
79	0.0106461	0.040492	0.150246	0	0.0100608	0.0896704	6.01994
80	0.0102869	0.0420006	0.150246	0	0.0100608	0.0884411	3.60812
81	0.0102869	0.0426327	0.153845	0	0.0100608	0.0922564	6.01994
82	0.0104213	0.0434864	0.160871	0	0.0100608	0.0972387	6.01994
83	0.0102869	0.0447589	0.170426	0	0.0100608	0.11085	8.70313
84	0.0106461	0.0459561	0.196211	0	0.0100608	0.13543	9.03601
85	0.0106461	0.0459922	0.196211	0.00149925	0.0100608	0.150824	9.60642
86	0.0102749	0.0461278	0.188545	0	0.0100608	0.156737	9.03601
87	0.0102749	0.0468634	0.195377	0.0029985	0.0102473	0.175475	9.60642
88	0.0106783	0.0472779	0.200954	0	0.0102473	0.204786	9.89291
89	0.0106783	0.0507966	0.218524	0	0.0103822	0.232636	9.60642
90	0.0106783	0.054176	0.229873	0	0.0120081	0.250589	11.9649
91	0.0106783	0.057136	0.250787	0	0.0106672	0.251959	9.60642
92	0.0106783	0.0597736	0.254046	0	0.0120081	0.237969	9.60642
93	0.0106783	0.0733248	0.613149	0.0344828	0.0106672	0.226092	6.35883
94	0.0106783	0.064613	0.340334	0.0149925	0.0106672	0.202675	1.1278
95	0.0106783	0.0594245	0.250787	0.0029985	0.0120081	0.190473	0.777623
96	0.0105574	0.0562904	0.223757	0.0029985	0.016595	0.169753	0.735235
97	0.0105574	0.054309	0.223757	0.00149925	0.0166723	0.166754	0.735235
98	0.0106783	0.053924	0.2187	0.00149925	0.0157714	0.170099	0.735235
99	0.0106058	0.0536123	0.2187	0.0029985	0.0160897	0.181537	0.770753
100	0.0106058	0.0531641	0.2187	0.0029985	0.0160897	0.191798	0.848717
101	0.0106058	0.0527401	0.2187	0	0.0120081	0.199829	0.770753
102	0.0105648	0.0538479	0.2187	0	0.0140054	0.204993	0.843292
103	0.0105648	0.0536422	0.2187	0	0.0162529	0.203941	0.843292
104	0.0105574	0.0545941	0.226414	0	0.0162529	0.213391	0.78314
105	0.0105648	0.0551974	0.229873	0	0.0212004	0.21834	0.981243
106	0.0106783	0.0563055	0.252844	0	0.0300286	0.239462	1.75508
107	0.0105648	0.0558711	0.238939	0	0.0520798	0.263914	3.17326
108	0.0105648	0.0567615	0.252844	0.0029985	0.0206024	0.240316	1.20632
109	0.0105574	0.0595324	0.281167	0.0104948	0.0206024	0.221381	1.04481
110	0.0105574	0.0639855	0.426152	0.017991	0.0212004	0.218488	0.981243
111	0.0105574	0.0692577	0.570445	0.0329835	0.0212004	0.217083	0.971061
112	0.0105574	0.0617216	0.426152	0.029985	0.0138742	0.210858	0.773979
113	0.0102802	0.0524808	0.259313	0.0089955	0.0138742	0.198825	0.714823
114	0.0102802	0.0492793	0.216034	0.005997	0.0210726	0.188934	0.971061
115	0.0102266	0.0459009	0.195751	0.0029985	0.0206024	0.188457	0.777623
116	0.0101745	0.0447475	0.189977	0.0029985	0.0210726	0.186966	0.711838
117	0.0102266	0.0433548	0.189273	0.0029985	0.0210726	0.188625	0.728526
118	0.0101745	0.0417226	0.173604	0.00149925	0.0210726	0.190306	0.777623
119	0.0101745	0.0401849	0.168835	0	0.0138742	0.308188	7.64226
120	0.0101745	0.0395564	0.157077	0	0.039736	0.347964	31.619
121	0.0102266	0.0385737	0.148587	0	0.0134756	0.26873	3.17326
122	0.0102266	0.0385752	0.148587	0.00149925	0.0106074	0.228911	2.03925
123	0.0102802	0.037523	0.148746	0	0.0106074	0.212748	2.03925
124	0.0102266	0.0375332	0.148076	0	0.0104036	0.201551	2.70468
125	0.0104686	0.0368619	0.148746	0	0.0101401	0.200771	4.5305
126	0.0105156	0.035997	0.148746	0	0.0101574	0.199059	7.36418
127	0.0101745	0.0359546	0.143247	0	0.0101052	0.19126	5.44768
128	0.0104686	0.0363242	0.149339	0	0.0101052	0.18619	11.5375
129	0.0101745	0.0361663	0.147141	0.00149925	0.0101052	0.17216	7.36418
130	0.0104686	0.036413	0.149339	0.00149925	0.0101052	0.154923	0.9909
131	0.0101745	0.0366404	0.147141	0.00449775	0.0101052	0.140324	0.690937
132	0.0101745	0.0360179	0.147141	0.0029985	0.0102908	0.12559	0.538319
133	0.0105156	0.0352666	0.149339	0.00149925	0.0104506	0.120135	0.53751
134	0.0101328	0.0333457	0.135478	0	0.0104036	0.11377	0.528131
135	0.0101328	0.0327235	0.135478	0	0.0101401	0.109955	0.494418
136	0.0100681	0.0323337	0.132825	0	0.0104036	0.106004	0.490551
137	0.0100681	0.0319094	0.11268	0	0.0102908	0.102101	0.442363
138	0.0101745	0.0319307	0.122197	0	0.0104036	0.101648	0.442363
139	0.0100681	0.0316022	0.11268	0	0.0101401	0.104786	0.442363
140	0.0100681	0.0320921	0.122197	0.0029985	0.0101805	0.106658	0.490551
141	0.0101328	0.0317931	0.122197	0	0.0109629	0.109807	0.548017
142	0.0100681	0.0319121	0.122197	0	0.0101805	0.116094	0.548017
143	0.0100681	0.0315799	0.122197	0	0.0101401	0.126878	0.767405
144	0.0101328	0.0313869	0.122197	0	0.0101401	0.139991	2.40378
145	0.0100681	0.0315506	0.123068	0	0.0101401	0.153318	6.86549
146	0.0100681	0.0313311	0.123068	0	0.0101805	0.143681	4.453
147	0.0100681	0.0313449	0.122197	0	0.0100538	0.139515	3.16019
148	0.0101745	0.0309116	0.122197	0	0.0100538	0.14815	2.90195
149	0.0101745	0.0308048	0.11268	0.00149925	0.0100538	0.141518	2.12849
150	0.0101745	0.0307477	0.122197	0.0029985	0.0104036	0.134064	2.12849
151	0.0102266	0.0300187	0.11268	0	0.0100538	0.125619	1.66144
152	0.0101745	0.0295721	0.10632	0	0.0100538	0.123031	1.24985
153	0.0102266	0.0296407	0.109486	0	0.0101805	0.127505	1.72356
154	0.0101745	0.0295462	0.10632	0	0.0100538	0.120586	1.0467
155	0.0102266	0.0297367	0.10632	0	0.0100538	0.113952	0.77887
156	0.0101745	0.0298306	0.10507	0	0.0100538	0.102919	0.62806
157	0.0101745	0.029883	0.106157	0	0.0100538	0.100786	0.545238
158	0.0102802	0.029593	0.10507	0	0.0100538	0.100077	0.545238
159	0.0104163	0.0297798	0.106157	0	0.0100538	0.106407	0.792563
160	0.0102266	0.0297283	0.104651	0	0.0100538	0.114508	1.5954
161	0.0102266	0.0296531	0.104956	0	0.0100538	0.142926	14.0911
162	0.0102266	0.0295828	0.104651	0	0.0100538	0.172697	25.23
163	0.0102266	0.029899	0.106157	0	0.0100538	0.215133	36.9211
164	0.0102915	0.0303527	0.11268	0	0.0100538	0.287694	49.8527
165	0.0102266	0.030593	0.11268	0	0.0159791	0.316727	81.1684
166	0.0102266	0.0308196	0.115695	0	0.015586	0.298153	81.1684
167	0.0102266	0.0314136	0.128029	0	0.0100538	0.274132	54.7784
168	0.0102266	0.0318226	0.129291	0	0.0100538	0.267124	54.796
169	0.0102266	0.0320737	0.129291	0	0.018173	0.267965	98.7157
170	0.0102266	0.0323026	0.128317	0	0.018173	0.276607	98.7157
171	0.0102266	0.0327732	0.130436	0	0.0166066	0.284324	85.1262
172	0.0102266	0.0332463	0.137429	0	0.0167463	0.273787	92.2019
173	0.0102266	0.034241	0.16438	0	0.015586	0.27938	85.1262
174	0.0102266	0.0361554	0.200506	0	0.0156709	0.286765	85.1262
175	0.0102266	0.0371187	0.235781	0	0.0164049	0.299034	81.1684
176	0.0102266	0.0413457	0.326459	0.005997	0.0168336	0.303521	81.1684
177	0.0102915	0.0450596	0.382426	0.0104948	0.0156709	0.308613	72.9209
178	0.0102915	0.0419124	0.326459	0.00749625	0.0161493	0.312136	68.6614
179	0.0102915	0.0381357	0.228941	0.005997	0.0170854	0.328337	68.3675
180	0.0100378	0.0357265	0.183503	0	0.0192329	0.343652	72.9209
181	0.0100378	0.0342154	0.169718	0	0.0192329	0.349681	72.9209
182	0.0102542	0.0331026	0.16438	0	0.017291	0.359603	68.3675
183	0.0102542	0.0325887	0.16438	0	0.0170722	0.37026	68.3675
184	0.0100378	0.03198	0.148509	0	0.0192329	0.370098	72.9209
185	0.0102237	0.0314325	0.147141	0	0.0164049	0.308138	52.3034
186	0.0100378	0.0308517	0.135941	0	0.0102797	0.22193	17.0885
187	0.0100378	0.0302363	0.134256	0	0.0102797	0.197561	13.9241
188	0.0100378	0.0298799	0.13249	0	0.0102797	0.182981	5.40777
189	0.0100378	0.0297645	0.127344	0	0.0102797	0.162038	1.96373
190	0.0100378	0.0294212	0.127344	0	0.0102797	0.154978	1.03193
191	0.0100378	0.029406	0.127344	0	0.0130755	0.139808	0.925467
192	0.0100378	0.0300994	0.134256	0.00449775	0.0104456	0.148992	0.925467
193	0.0100378	0.0288292	0.104956	0	0.0130755	0.123955	0.708309
194	0.0100464	0.0282598	0.104706	0	0.0116511	0.113349	0.472685
195	0.0100378	0.0282238	0.109257	0	0.0118429	0.106645	0.440985
196	0.0100464	0.0279943	0.104706	0	0.0121688	0.107156	0.472685
197	0.0100849	0.027273	0.104706	0	0.0113284	0.107347	0.441689
198	0.0100378	0.0268288	0.100518	0.00149925	0.0118429	0.111989	0.486208
199	0.0100378	0.0266948	0.100518	0.00149925	0.0116511	0.118566	0.503921
200	0.0100378	0.0262415	0.0984533	0.00149925	0.0113284	0.126645	0.55859
201	0.0100378	0.026174	0.0984533	0.00149925	0.0101103	0.133349	0.55859
202	0.0100378	0.0259114	0.0896126	0.00149925	0.0102797	0.145822	0.706175
203	0.0100378	0.0259118	0.0896126	0	0.0113734	0.152538	0.724458
204	0.0100378	0.0256909	0.0895263	0.00149925	0.0101103	0.185008	1.42127
205	0.0100464	0.0266916	0.101319	0.00749625	0.0118429	0.197145	12.7203
206	0.0100378	0.025448	0.0934912	0	0.0134664	0.228542	21.1265
207	0.0100378	0.0252151	0.0890285	0	0.0410032	0.254734	39.2985
208	0.0100378	0.0248321	0.0859449	0.00149925	0.0233692	0.24493	19.1525
209	0.0100378	0.0248579	0.0859449	0.00149925	0.0129465	0.210365	1.24196
210	0.0100378	0.0247497	0.0857356	0.00149925	0.0222894	0.199678	1.53129
211	0.0100378	0.024588	0.0824343	0.00149925	0.0233692	0.196386	1.47343
212	0.0100378	0.0242908	0.0798581	0	0.0324662	0.198543	1.47343
213	0.0100378	0.0240832	0.0791598	0	0.0324662	0.195009	1.4489
214	0.0100378	0.0240704	0.079582	0	0.0271031	0.196625	1.4489
215	0.0100378	0.0242606	0.079582	0	0.0271031	0.197575	1.42127
216	0.0100464	0.0244879	0.0798581	0	0.0367856	0.197473	1.47343
217	0.0100464	0.0244425	0.0798581	0	0.0348263	0.199498	1.47343
218	0.0100378	0.0245867	0.08219	0.00149925	0.0233692	0.212742	1.4643
219	0.0100378	0.0244288	0.0812884	0.00149925	0.0348263	0.20174	1.47343
220	0.0100378	0.0245036	0.0824343	0.00149925	0.0348263	0.182304	1.09665
221	0.0100378	0.0243966	0.0824343	0.00149925	0.0348263	0.178133	1.4643
222	0.0100378	0.0241274	0.0812884	0.00149925	0.0356318	0.179237	1.47343
223	0.0100378	0.0251091	0.0890285	0.0089955	0.0318034	0.172828	1.28678
224	0.0100378	0.02552	0.0895263	0.011994	0.0275894	0.161037	1.15978
225	0.0100378	0.0241166	0.08219	0	0.0215873	0.154945	1.07392
226	0.0100378	0.0239623	0.08219	0	0.0275241	0.15408	1.4643
227	0.0100378	0.0240807	0.08219	0	0.013335	0.155836	0.789666
228	0.0100378	0.0241294	0.08219	0.00149925	0.0100806	0.138021	0.599507
229	0.0100461	0.0240813	0.0822963	0.00149925	0.0128263	0.131679	0.73036
230	0.0100378	0.0242119	0.08219	0.0029985	0.0100806	0.131126	0.581108
231	0.0100378	0.0241015	0.0812884	0	0.0100806	0.125206	0.532281
232	0.0100378	0.0242349	0.08219	0	0.0100806	0.123046	0.528262
233	0.0100461	0.0244236	0.0822963	0	0.0100806	0.122563	0.490781
234	0.0100378	0.0245325	0.08219	0	0.0100806	0.117435	0.457909
235	0.0100378	0.0244847	0.0812884	0	0.0100806	0.117512	0.478339
236	0.0100378	0.0243568	0.074978	0	0.0100806	0.111378	0.474109
237	0.0100378	0.0238458	0.068856	0	0.0100806	0.103826	0.429455
238	0.0100378	0.0240278	0.0716311	0	0.0100806	0.0956713	0.3913
239	0.0100378	0.0239001	0.071072	0	0.0100806	0.09453	0.384713
240	0.0100378	0.0237041	0.071072	0	0.0100806	0.0869947	0.334066
241	0.0100378	0.0237848	0.0700719	0	0.0100806	0.0827587	0.310948
242	0.0100378	0.0237813	0.0700719	0.00149925	0.0100806	0.0819813	0.293518
243	0.0100456	0.0237257	0.0700719	0	0.0100806	0.0809826	0.293518
244	0.0100378	0.0239055	0.0700719	0	0.0100806	0.0795068	0.29221
245	0.0100378	0.0238592	0.0716311	0	0.0100806	0.0798415	0.310948
246	0.0100378	0.023911	0.0719449	0	0.0104949	0.0864821	0.362072
247	0.0100378	0.0241073	0.0723804	0.00149925	0.0104949	0.0807807	0.351363
248	0.0100378	0.0242136	0.0726624	0.00149925	0.0102475	0.0754862	0.284313
249	0.0100378	0.0240751	0.0726624	0.00149925	0.0102475	0.073189	0.265955
250	0.0100378	0.0241198	0.0723804	0	0.0102573	0.0680766	0.243087
251	0.0100378	0.0239485	0.0700719	0	0.0102475	0.0666939	0.234616
252	0.0100378	0.0239623	0.0700719	0	0.0102475	0.0660361	0.234616
253	0.0100378	0.0239994	0.0719449	0	0.0102475	0.0660318	0.234616
254	0.0100378	0.0239973	0.0723804	0	0.0102475	0.0668843	0.245905
255	0.0100378	0.0236806	0.0700719	0	0.0102475	0.0667994	0.234616
256	0.0100378	0.0238871	0.0719449	0	0.0101864	0.0680547	0.242714
257	0.0100378	0.0241811	0.0727023	0	0.0105798	0.0715609	0.265955
258	0.0100378	0.0243077	0.0732807	0	0.0105798	0.073002	0.265955
259	0.0100378	0.024447	0.0746692	0	0.0105798	0.0758805	0.275929
260	0.0100378	0.0244839	0.0744338	0	0.0101864	0.0783373	0.274161
261	0.0100378	0.0249526	0.0779539	0.00149925	0.0101864	0.0789372	0.268752
262	0.0100378	0.0250637	0.0789957	0.00149925	0.0101864	0.0820923	0.28252
263	0.0100378	0.0253823	0.0798581	0.00149925	0.013285	0.0845103	0.385247
264	0.0100456	0.0259001	0.0834444	0.00149925	0.0101864	0.0877178	0.312544
265	0.0100378	0.026532	0.0858581	0.00149925	0.0101864	0.0870771	0.315579
266	0.0100378	0.0274853	0.0997302	0.00449775	0.0101864	0.0902845	0.341479
267	0.0100378	0.0280696	0.102145	0.00449775	0.0133411	0.0951624	0.429918
268	0.0100378	0.028039	0.101463	0	0.0105798	0.0962901	0.364709
269	0.0100378	0.0285715	0.111978	0	0.0110791	0.0960001	0.379381
270	0.0100378	0.0288275	0.114054	0	0.0154281	0.101027	0.625669
271	0.0100378	0.029278	0.118882	0	0.0101864	0.105894	0.42057
272	0.0100378	0.0294923	0.118882	0	0.0101864	0.116615	0.579431
273	0.0100378	0.0299813	0.127759	0	0.0101864	0.122666	0.670687
274	0.0100461	0.0310475	0.130741	0.0029985	0.0101864	0.145359	1.47009
275	0.0100378	0.0322039	0.146776	0.00449775	0.0101864	0.133236	0.739016
276	0.0100461	0.0329531	0.152238	0.00449775	0.0101864	0.132698	0.734487
277	0.0100378	0.0363235	0.224889	0.005997	0.0101864	0.142066	0.816338
278	0.0100378	0.0427061	0.439953	0.0329835	0.0133411	0.151366	1.47009
279	0.0100378	0.0386436	0.266301	0.0104948	0.0111893	0.130563	0.739016
280	0.0100378	0.0376124	0.238767	0.00749625	0.0100525	0.123555	0.631001
281	0.0100378	0.0358781	0.210047	0.00149925	0.0125116	0.121088	0.739016
282	0.0100378	0.0351304	0.201582	0	0.0100525	0.120867	0.59869
283	0.0100378	0.0344539	0.15876	0	0.0100525	0.116398	0.474514
284	0.0100378	0.0338376	0.152238	0	0.0100525	0.109485	0.402787
285	0.0100378	0.0330126	0.144555	0	0.0143892	0.102296	0.442328
286	0.0100378	0.0325646	0.133218	0	0.0143892	0.101132	0.442328
287	0.0100378	0.0318715	0.130734	0	0.0142322	0.0982467	0.402787
288	0.0100602	0.0317122	0.129615	0	0.0142322	0.0978438	0.375126
289	0.0102543	0.0312328	0.130734	0	0.0152432	0.0979226	0.394653
290	0.0100378	0.031363	0.126063	0	0.0154281	0.100223	0.393562
291	0.0100378	0.0313958	0.126063	0	0.0162766	0.102393	0.427734
292	0.0100602	0.0321201	0.132145	0	0.0162766	0.103164	0.427734
293	0.0102543	0.0314522	0.133218	0	0.0154281	0.103238	0.427734
294	0.0100849	0.0316971	0.132145	0	0.0164715	0.107547	0.625967
295	0.0100378	0.0324128	0.145853	0	0.0154281	0.103493	0.427734
296	0.0100849	0.0328307	0.148836	0	0.0181766	0.100901	0.427734
297	0.0100849	0.0327276	0.148836	0	0.0162766	0.099439	0.379532
298	0.0100849	0.0329364	0.149332	0	0.0164715	0.0969746	0.358822
299	0.0102392	0.0330966	0.149332	0	0.0162766	0.0936274	0.320656
300	0.0100928	0.0322905	0.132365	0	0.0152432	0.0920356	0.298452
301	0.0102392	0.0323565	0.132365	0	0.0162766	0.092395	0.313883
302	0.0102543	0.032562	0.138807	0	0.0152432	0.0924797	0.298452
303	0.0103125	0.032995	0.138807	0.0029985	0.0164715	0.0921169	0.313883
304	0.0103125	0.0341642	0.149332	0.0029985	0.0152432	0.0923753	0.298452
305	0.010333	0.0348298	0.15876	0.0029985	0.0152432	0.093896	0.298452
306	0.0103125	0.0345539	0.15876	0.0029985	0.0162766	0.0953886	0.340021
307	0.0100849	0.0343585	0.15876	0.00149925	0.0152432	0.0971673	0.362113
308	0.0103125	0.03563	0.206643	0.0029985	0.0134267	0.100769	0.41242
309	0.010333	0.0362911	0.211051	0.00449775	0.0139311	0.101746	0.388574
310	0.010333	0.0370415	0.210665	0.00449775	0.0139311	0.0984206	0.388574
311	0.0100849	0.0375379	0.211051	0.00449775	0.0128571	0.0952423	0.340021
312	0.0100824	0.0352577	0.165377	0	0.0128571	0.0944778	0.313883
313	0.0100824	0.034334	0.157614	0	0.0128923	0.0932278	0.295195
314	0.0100824	0.0337754	0.148836	0	0.0125235	0.0936163	0.296183
315	0.0100824	0.0330398	0.139653	0	0.0128923	0.094505	0.31678
316	0.0100824	0.0326891	0.132145	0.00149925	0.0118447	0.0937725	0.295195
317	0.0100824	0.0317958	0.130734	0	0.0111893	0.0937392	0.28252
318	0.0105009	0.0316513	0.132145	0	0.0154184	0.0932568	0.389748
319	0.0105009	0.0310243	0.130007	0	0.0146942	0.0947475	0.378556
320	0.0100466	0.0305291	0.119906	0	0.0146942	0.0951477	0.389748
321	0.0105009	0.0296352	0.111666	0	0.0139311	0.0949259	0.389748
322	0.0100466	0.0290581	0.101183	0	0.0146942	0.0964245	0.416163
323	0.0100466	0.0287704	0.100125	0	0.0162766	0.0999344	0.408286
324	0.0100466	0.0285083	0.0973978	0	0.0167337	0.0974088	0.416163
325	0.0100466	0.0283487	0.0945432	0	0.0151348	0.100128	0.408286
326	0.0100466	0.0282956	0.0945432	0	0.0128923	0.105697	0.416163
327	0.0100466	0.0282556	0.0945432	0	0.0128923	0.107607	0.423145
328	0.0100824	0.0281797	0.0942399	0	0.0138113	0.106067	0.423145
329	0.0100466	0.0284285	0.0973978	0	0.0138113	0.106107	0.416163
330	0.0100824	0.0280664	0.0942399	0	0.0144485	0.108576	0.423145
331	0.0100466	0.02775	0.091395	0	0.0144485	0.107591	0.425134
332	0.0100466	0.0274949	0.0882593	0	0.0139311	0.108467	0.446489
333	0.0100466	0.0270896	0.083318	0	0.0139311	0.109573	0.425134
334	0.0100466	0.0266608	0.0803601	0	0.0167993	0.109847	0.543908
335	0.0100466	0.0266422	0.079854	0	0.0154474	0.111294	0.543908
336	0.0100466	0.0269347	0.0803601	0	0.0114431	0.110701	0.446489
337	0.0100466	0.0269913	0.079854	0.0029985	0.0124879	0.109556	0.425134
338	0.0102017	0.02654	0.079854	0	0.0177842	0.109185	0.480129
339	0.0105373	0.026327	0.0809236	0	0.0177842	0.107876	0.480129
340	0.0102184	0.0262705	0.0789798	0	0.0181532	0.107901	0.545684
341	0.0100466	0.026221	0.0744338	0	0.0177842	0.10522	0.480129
342	0.0100466	0.025715	0.072774	0.00149925	0.0187426	0.106257	0.480129
343	0.0100466	0.025642	0.072774	0.00149925	0.0187426	0.106914	0.475534
344	0.010098	0.0256589	0.0735985	0.00149925	0.0174651	0.105527	0.446489
345	0.010098	0.0251362	0.0705491	0	0.0174651	0.105425	0.446489
346	0.0100466	0.0253651	0.0695494	0	0.0152207	0.106697	0.501878
347	0.0100466	0.0254556	0.0705491	0	0.0121599	0.112287	0.425134
348	0.0102017	0.0254937	0.0711848	0	0.0121599	0.113407	0.445828
349	0.0102017	0.0253462	0.0711848	0	0.0152207	0.109772	0.501878
350	0.010098	0.0256125	0.0711848	0.0029985	0.0128696	0.109342	0.445828
351	0.010098	0.0257194	0.0711848	0.00449775	0.0128696	0.110237	0.445828
352	0.010295	0.0262675	0.0785549	0.00749625	0.0124879	0.109165	0.435583
353	0.010098	0.0258279	0.0770626	0	0.0114431	0.104139	0.362113
354	0.0100723	0.0259277	0.0774861	0	0.0121599	0.0998957	0.362113
355	0.0100723	0.0258912	0.0774861	0	0.0128696	0.0946257	0.354992
356	0.0100723	0.0258172	0.0779539	0	0.0111525	0.0919241	0.305183
357	0.0100723	0.0260668	0.079854	0	0.0124616	0.0914083	0.359014
358	0.0100723	0.0260405	0.079854	0	0.0116121	0.0878672	0.317512
359	0.0100723	0.0259786	0.0788629	0	0.0116121	0.0867809	0.313902
360	0.0100723	0.0259416	0.0783941	0	0.0116121	0.0853102	0.313902
361	0.010098	0.0260587	0.0788629	0	0.0124616	0.0780307	0.282173
362	0.010098	0.026096	0.079854	0	0.0116121	0.0795651	0.269731
363	0.010098	0.0263973	0.0869908	0	0.0124879	0.0804704	0.278111
364	0.010098	0.0268754	0.090521	0	0.0124616	0.0805557	0.278111
365	0.010098	0.0266779	0.0899378	0	0.0124616	0.0798881	0.281498
366	0.010098	0.0265678	0.0882593	0	0.0108791	0.083072	0.278111
367	0.010098	0.027235	0.0909949	0	0.0109596	0.0853134	0.306773
368	0.010098	0.0273239	0.0918979	0	0.0108791	0.0875735	0.324783
369	0.010098	0.0276246	0.0942399	0	0.0108791	0.0885164	0.351227
370	0.010098	0.0279687	0.10145	0	0.0108791	0.0870922	0.376845
371	0.010234	0.02841	0.109138	0	0.0103871	0.0841465	0.411462
372	0.010098	0.0289261	0.109138	0	0.0103871	0.0788433	0.376845
373	0.010234	0.0292264	0.110768	0	0.0102786	0.0728165	0.364272
374	0.010234	0.0293444	0.110768	0	0.0102046	0.0714692	0.376845
375	0.010234	0.0294254	0.112297	0	0.0102046	0.0688715	0.364272
376	0.010234	0.0293119	0.110175	0	0.0102046	0.0762057	0.504582
377	0.0102962	0.0300167	0.118016	0	0.0102046	0.112692	10.6375
378	0.010234	0.0320001	0.141925	0.00449775	0.0102046	0.111222	10.6375
379	0.0100811	0.0325413	0.142426	0.00149925	0.0102046	0.109856	9.67626
380	0.0100811	0.0337716	0.176949	0	0.0102046	0.111622	9.67626
381	0.0102369	0.0355884	0.195064	0.00149925	0.0102046	0.109059	9.67626
382	0.0102962	0.0366217	0.195064	0.00149925	0.0102046	0.103531	9.67626
383	0.010502	0.0365824	0.194061	0.00149925	0.0102046	0.100053	7.56687
384	0.010502	0.0367317	0.195246	0.00149925	0.0102046	0.0958465	5.25422
385	0.0103863	0.0358304	0.178785	0	0.0102046	0.0926044	4.16371
386	0.010134	0.0353894	0.153733	0	0.0102046	0.0907028	4.14399
387	0.0102369	0.0351822	0.153733	0	0.0102046	0.0933195	10.6862
388	0.010502	0.0348497	0.153485	0	0.0102046	0.0947401	13.4308
389	0.010134	0.0343986	0.143964	0	0.0102046	0.0884494	13.4308
390	0.0102369	0.0343512	0.148359	0	0.0102046	0.0870426	14.0706
391	0.010502	0.0343332	0.153485	0	0.0102046	0.0860892	13.4308
392	0.0102976	0.0341887	0.153733	0	0.0102046	0.0838922	9.67626
393	0.0102369	0.0342438	0.148359	0	0.0101594	0.0838178	9.67626
394	0.0101524	0.0339046	0.148359	0	0.0101594	0.0833609	9.67626
395	0.0101524	0.0339464	0.148359	0	0.0101594	0.0841659	8.21678
396	0.0101524	0.0341184	0.150554	0	0.0101594	0.0861024	11.1403
397	0.0101524	0.0341197	0.150554	0	0.0102046	0.0881221	11.1403
398	0.0102369	0.0332972	0.14463	0	0.0102046	0.0876074	10.0494
399	0.0102369	0.033849	0.146608	0	0.0102046	0.0879281	7.40455
400	0.0101524	0.0342075	0.162693	0	0.0102046	0.092647	7.40455
401	0.0102615	0.0347563	0.173406	0	0.0102046	0.0948392	7.40455
402	0.0101524	0.0347816	0.162693	0	0.0100362	0.0965167	10.6862
403	0.0101524	0.0349149	0.153733	0	0.0100362	0.103858	11.1403
404	0.0101524	0.0346766	0.150554	0	0.0100362	0.111881	10.6862
405	0.0101524	0.034786	0.150554	0	0.0102046	0.117863	7.21938
406	0.0101524	0.0354347	0.165916	0.00449775	0.0100362	0.124527	6.33625
407	0.0101524	0.0352822	0.165916	0	0.0102175	0.135586	6.33625
408	0.0101524	0.0356835	0.165963	0	0.0100095	0.163775	6.29567
409	0.0101524	0.035941	0.167335	0	0.0100095	0.246865	12.4184
410	0.0102369	0.036408	0.173976	0	0.0102175	0.322283	13.7018
411	0.0101524	0.0374281	0.179232	0	0.0102175	0.419213	16.6157
412	0.0102369	0.0385224	0.193402	0.0029985	0.0102175	0.5349	26.4811
413	0.0102615	0.0395306	0.215632	0	0.0102786	0.582778	28.9949
414	0.0102369	0.0401333	0.22714	0	0.0103048	0.661649	26.4811
415	0.0102369	0.0417122	0.262189	0	0.0131328	0.809678	31.8765
416	0.0102369	0.0455111	0.318029	0.00449775	0.0102175	1.05473	31.8765
417	0.0102369	0.0491179	0.406616	0.00749625	0.0272971	1.24411	99.6684
418	0.0102615	0.0554579	0.467672	0.0104948	0.0272971	1.41828	99.6684
419	0.0102369	0.0604024	0.549791	0.0164918	0.0495127	1.88426	99.6684
420	0.0103727	0.0725816	0.771278	0.0254873	0.0585613	2.16742	99.6684
421	0.0102615	0.0967868	1.25534	0.05997	0.0612075	2.37531	99.6684
422	0.0103727	0.151949	2.02051	0.124438	0.0976897	2.70163	99.6684
423	0.0372274	0.458374	3.84212	0.310345	0.101551	2.86319	97.3569
424	0.0372274	0.458292	3.15557	0.301349	0.11548	2.90493	97.3569
425	0.0372274	0.495775	2.92508	0.323838
