		omega		Posterior		rho				Synonymous theta			kappa			phi	
Site	Lower	Point	Higher	prob of +ve	Lower	Point	Higher		Lower	Point	Higher	Lower	Point	Higher	Lower	Point	Higher
	95% HPD	estimate	95% HPD	selection	95% HPD	estimate	95% HPD		95% HPD	estimate	95% HPD	95% HPD	estimate	95% HPD	95% HPD	estimate	95% HPD
0	0.0100467	0.0382045	0.424142	0.0224888	0.0129178	1.0618	95.1352		0.0266694	0.039478	0.0561375	1.29658	2.95698	7.58083	0	0	0
1	0.0100467	0.0356507	0.270855	0.0149925	0.0128677	0.906316	95.1352
2	0.0100519	0.0333869	0.223454	0.00749625	0.0128677	0.749765	96.0189
3	0.0100467	0.0323029	0.190069	0.0029985	0.0127116	0.656484	96.0189
4	0.0100467	0.0320179	0.190069	0.0029985	0.0123651	0.568368	95.1352
5	0.0100467	0.0315516	0.183606	0.0029985	0.0123776	0.511929	95.1352
6	0.0100467	0.0311927	0.166799	0.00149925	0.0123651	0.439377	95.1352
7	0.0100467	0.0310219	0.190069	0	0.0123374	0.406781	96.0189
8	0.0100467	0.0308304	0.166331	0.00149925	0.0122585	0.395827	96.0189
9	0.0100467	0.0303505	0.157877	0.00149925	0.0100183	0.370751	75.4685
10	0.0100467	0.0302198	0.153644	0	0.0101353	0.323203	75.4685
11	0.0100467	0.0302813	0.153644	0	0.0101965	0.261189	66.2143
12	0.0100467	0.0304515	0.153644	0.00149925	0.0100183	0.16766	59.3769
13	0.0100467	0.0305618	0.192578	0.00449775	0.0100183	0.113565	29.4862
14	0.0100467	0.0305389	0.192578	0.0029985	0.0100183	0.0863435	15.7565
15	0.0100467	0.030402	0.194216	0.00149925	0.0100183	0.0611953	4.12289
16	0.0100161	0.0298136	0.153404	0	0.0100183	0.0547356	3.28735
17	0.0100161	0.0293087	0.146699	0	0.0100183	0.0463392	1.07977
18	0.0100161	0.029223	0.144898	0	0.0100183	0.0407277	0.475523
19	0.0100161	0.0291236	0.146699	0	0.0100003	0.0368839	0.282402
20	0.0100161	0.0289057	0.146699	0	0.0100003	0.0332913	0.212159
21	0.0100161	0.028819	0.144898	0	0.0100003	0.0320143	0.195266
22	0.0100161	0.0281362	0.13053	0	0.0100003	0.0316256	0.179178
23	0.0100161	0.028175	0.128658	0	0.0100003	0.0316269	0.186453
24	0.0100161	0.0280413	0.128658	0	0.0100003	0.0313205	0.186453
25	0.0100161	0.0283856	0.136319	0	0.0100003	0.0306634	0.172816
26	0.0100161	0.0288795	0.146699	0	0.0100003	0.0312429	0.195266
27	0.0100161	0.028181	0.136319	0	0.0100003	0.0313116	0.1858
28	0.0100161	0.0277686	0.128658	0	0.0100003	0.0309993	0.179418
29	0.0100161	0.0279714	0.127469	0.00149925	0.0100003	0.0312727	0.195266
30	0.0100161	0.0278065	0.120391	0	0.0100003	0.0315765	0.200078
31	0.0100161	0.0277057	0.127081	0	0.0100003	0.0314168	0.200662
32	0.0100161	0.0277131	0.123264	0	0.0100003	0.0309825	0.195266
33	0.0100161	0.0282126	0.13218	0.00149925	0.0100003	0.0311528	0.200078
34	0.0100161	0.0284768	0.141699	0.0029985	0.0100003	0.0316487	0.219572
35	0.0100161	0.0288203	0.143742	0.00449775	0.0100003	0.0316889	0.224211
36	0.010025	0.0285697	0.143781	0.00149925	0.0100003	0.0318375	0.231197
37	0.0100161	0.0280827	0.13218	0.00149925	0.0100003	0.0319713	0.244925
38	0.0100161	0.0285657	0.143781	0.00149925	0.0100183	0.0323814	0.253542
39	0.0100161	0.0291385	0.150618	0.00149925	0.0100003	0.0324158	0.250005
40	0.0100161	0.0290663	0.152481	0.00149925	0.0100003	0.0320063	0.224211
41	0.0100161	0.0290481	0.152481	0.0029985	0.0100003	0.0317945	0.224211
42	0.0100161	0.0284963	0.146699	0.0029985	0.0100003	0.0313736	0.191346
43	0.010025	0.0280495	0.143781	0.00149925	0.0100003	0.0311427	0.175813
44	0.0100161	0.0284645	0.146699	0.00149925	0.0100003	0.0307149	0.165816
45	0.0100161	0.0283016	0.145044	0.00149925	0.0100003	0.0304189	0.154203
46	0.0100161	0.0278107	0.143781	0	0.0100003	0.0309393	0.157947
47	0.010025	0.027468	0.143781	0	0.01011	0.0313789	0.165816
48	0.0100161	0.0273145	0.140528	0	0.01011	0.0315291	0.165816
49	0.010025	0.027278	0.140528	0.00149925	0.0100003	0.0303804	0.139977
50	0.010025	0.0275813	0.140528	0.00449775	0.0100003	0.0306869	0.145908
51	0.0100161	0.027586	0.137072	0.00449775	0.0100003	0.0310674	0.157947
52	0.0100161	0.0271561	0.130415	0.0029985	0.0100003	0.0300404	0.144163
53	0.0100161	0.0274551	0.13218	0.0029985	0.0100003	0.0298687	0.144163
54	0.0100161	0.0273311	0.128094	0.0029985	0.01011	0.0299054	0.133881
55	0.0100161	0.0270132	0.119678	0.0029985	0.01011	0.0302438	0.144163
56	0.0100161	0.0272326	0.114793	0.0029985	0.0100003	0.0296144	0.12638
57	0.0100161	0.0274297	0.114793	0.00449775	0.01011	0.0288852	0.12117
58	0.0100161	0.0268258	0.109811	0.00149925	0.01011	0.0287279	0.120326
59	0.0100161	0.0267968	0.108678	0.00149925	0.01011	0.028873	0.121977
60	0.0100161	0.0264351	0.106666	0	0.01011	0.0286557	0.120326
61	0.0100161	0.0259299	0.105864	0	0.01011	0.0290063	0.12117
62	0.0100161	0.0258358	0.106109	0	0.0100003	0.0288726	0.112378
63	0.0100161	0.0260437	0.107367	0	0.0100003	0.0290477	0.112378
64	0.0100161	0.0262358	0.108678	0	0.01011	0.0298378	0.120326
65	0.0100161	0.0270437	0.130244	0	0.0101965	0.0303696	0.133881
66	0.0100161	0.0268693	0.120396	0	0.01011	0.0302771	0.133701
67	0.010028	0.027051	0.140528	0	0.01011	0.0300027	0.133701
68	0.0100161	0.0276017	0.135282	0.00449775	0.01011	0.0299386	0.133701
69	0.0100161	0.0271964	0.130244	0.0029985	0.0101799	0.029911	0.133881
70	0.0100161	0.0271565	0.130244	0.00149925	0.01011	0.0301778	0.133881
71	0.0100161	0.0269502	0.130244	0.0029985	0.01011	0.0306862	0.137473
72	0.0100161	0.0269329	0.120966	0.0029985	0.0100003	0.0309074	0.136104
73	0.0100161	0.0269207	0.120966	0	0.0100866	0.0312287	0.133881
74	0.0100161	0.0266284	0.120396	0	0.01011	0.031106	0.133701
75	0.0100161	0.0267537	0.120396	0	0.01011	0.0309729	0.133701
76	0.0100161	0.026522	0.119776	0	0.0100866	0.0313066	0.133881
77	0.0100161	0.026601	0.119776	0	0.0100003	0.0318999	0.136104
78	0.0100161	0.0267769	0.120966	0	0.0100003	0.0320435	0.137571
79	0.0100847	0.0263973	0.119776	0	0.0100003	0.0322224	0.13471
80	0.0100847	0.0264847	0.120396	0	0.0100003	0.0321611	0.13471
81	0.0100161	0.0272519	0.140463	0.00149925	0.0100003	0.0327344	0.135575
82	0.0100161	0.0275276	0.148655	0.00449775	0.0100003	0.0337168	0.145553
83	0.0100161	0.0273211	0.121616	0.0029985	0.0100866	0.0344318	0.167126
84	0.0100161	0.0272701	0.121616	0.00449775	0.0100003	0.0351224	0.179324
85	0.0100161	0.0273286	0.120396	0.005997	0.0100003	0.0349783	0.172865
86	0.0100161	0.0268317	0.115188	0.00149925	0.0100003	0.0363877	0.208622
87	0.0100161	0.0272126	0.140463	0	0.0100576	0.0390346	0.238732
88	0.0100161	0.0272089	0.1187	0.00149925	0.0100576	0.040168	0.246105
89	0.0100161	0.0272435	0.129595	0.00149925	0.0100576	0.0413322	0.285149
90	0.0100161	0.0270788	0.1187	0	0.0104185	0.0438362	0.371342
91	0.0100161	0.0271645	0.120396	0.00149925	0.0102111	0.0460986	0.371342
92	0.0100161	0.0273377	0.130143	0.00149925	0.01011	0.0508774	0.494453
93	0.0100161	0.027406	0.130143	0.00149925	0.0103173	0.0570471	0.796619
94	0.010143	0.0276963	0.148655	0	0.0100576	0.060049	0.875469
95	0.010143	0.0279126	0.148655	0	0.0103173	0.0639065	1.18277
96	0.0100161	0.0276995	0.130654	0	0.0103173	0.0704418	2.16144
97	0.0100161	0.0277709	0.121918	0	0.0103173	0.0747607	2.7587
98	0.0100161	0.0284785	0.148556	0.00449775	0.0100576	0.0819875	4.186
99	0.0100161	0.0281791	0.130143	0.00149925	0.010394	0.0853155	4.98464
100	0.010143	0.0276321	0.120864	0	0.0100576	0.09225	5.13744
101	0.0100161	0.0269113	0.115188	0	0.0100576	0.103599	6.84719
102	0.0100161	0.0265469	0.115188	0	0.010394	0.120844	14.2865
103	0.010143	0.0266196	0.1187	0	0.010394	0.143623	27.0618
104	0.010143	0.0262087	0.113808	0	0.010394	0.158581	32.7107
105	0.0100161	0.0263896	0.113808	0	0.010394	0.178754	36.9195
106	0.0100161	0.0261687	0.112192	0	0.010394	0.192861	37.0745
107	0.0100161	0.0263838	0.114415	0	0.010394	0.20415	39.8451
108	0.0100161	0.0263561	0.115188	0	0.010394	0.2054	39.8451
109	0.0100451	0.0260932	0.113808	0	0.0100092	0.202176	38.8618
110	0.0100161	0.0260651	0.114415	0	0.0100092	0.212372	41.843
111	0.0100161	0.0260375	0.108693	0	0.0102509	0.251319	49.0858
112	0.0100161	0.0259857	0.108693	0	0.010394	0.285441	56.6438
113	0.0100161	0.0263043	0.112585	0.00149925	0.0102509	0.304203	56.6438
114	0.0100451	0.0264301	0.112746	0.00149925	0.0102509	0.32758	56.6438
115	0.0100161	0.0271978	0.114415	0.0029985	0.0104185	0.352627	59.6178
116	0.0100161	0.0272784	0.11686	0.00149925	0.0104185	0.378149	56.2856
117	0.0100161	0.0275478	0.120396	0.00149925	0.0104185	0.422157	59.6178
118	0.0100161	0.0272627	0.1187	0	0.0104185	0.420589	59.4368
119	0.0100161	0.0280624	0.127877	0.00449775	0.0102509	0.43324	59.6178
120	0.0100161	0.0278297	0.123882	0.0029985	0.0106607	0.468105	60.5035
121	0.0100161	0.0276331	0.11686	0.0029985	0.0106607	0.484503	62.9824
122	0.0100161	0.0274863	0.116152	0.0029985	0.0107461	0.523037	65.3848
123	0.0100161	0.0272272	0.116152	0.0029985	0.0109358	0.57728	65.3848
124	0.0100161	0.0271721	0.11686	0.0029985	0.0109319	0.603369	65.3848
125	0.0100161	0.0274321	0.122792	0.0029985	0.010601	0.6054	65.3848
126	0.0100161	0.0278384	0.123079	0.0029985	0.010601	0.638431	65.3848
127	0.0100161	0.0277759	0.123079	0.0029985	0.0102621	0.6694	65.3848
128	0.0100161	0.0278292	0.122792	0.00149925	0.0100195	0.679256	65.3848
129	0.0100161	0.0278536	0.122792	0.00449775	0.0102509	0.714977	66.1253
130	0.0100161	0.0276606	0.116152	0.00449775	0.0102621	0.731087	71.0358
131	0.0100161	0.0279149	0.122273	0.00449775	0.0102509	0.764399	67.6948
132	0.0100161	0.0277924	0.116152	0.00449775	0.0102509	0.776126	67.6948
133	0.0100161	0.0273824	0.116152	0.00449775	0.0103931	0.728277	66.1253
134	0.0100303	0.0278176	0.123079	0.0089955	0.0102509	0.779654	66.1253
135	0.0100303	0.0272823	0.122964	0.00149925	0.0103931	0.782645	66.1253
136	0.0100161	0.0271076	0.116152	0	0.0107456	0.732001	66.1253
137	0.0100161	0.0272026	0.114415	0	0.0102385	0.693745	63.4152
138	0.0100161	0.0272652	0.114415	0	0.0109319	0.642845	66.1253
139	0.0100929	0.0273285	0.123079	0	0.0102385	0.605979	62.3764
140	0.0100161	0.0278256	0.125544	0.0029985	0.0102385	0.641061	62.2204
141	0.0100451	0.0278295	0.123079	0	0.0105238	0.64368	64.5646
142	0.0100161	0.0278505	0.123079	0	0.0105238	0.637143	66.1253
143	0.0100161	0.0280158	0.125544	0.00149925	0.0127036	0.609116	80.47
144	0.0100161	0.0278291	0.124952	0.00149925	0.0108277	0.584186	67.6948
145	0.0100161	0.0279022	0.123079	0.00149925	0.0127036	0.571323	80.0776
146	0.0100161	0.02809	0.123079	0	0.01256	0.560653	77.5715
147	0.0100451	0.027998	0.123079	0	0.0127036	0.571216	80.0776
148	0.0100161	0.0281439	0.123079	0	0.0105238	0.555655	66.8229
149	0.0100161	0.0280445	0.120974	0	0.0108277	0.512408	67.6948
150	0.0100161	0.0284107	0.124952	0	0.0102646	0.500587	62.3764
151	0.0100161	0.0286354	0.133071	0	0.0105238	0.531483	62.3764
152	0.0100161	0.0281219	0.124952	0	0.0102646	0.605461	62.3764
153	0.0100161	0.0279042	0.124952	0	0.0119448	0.631418	72.5923
154	0.0100161	0.02784	0.123079	0	0.0119448	0.690776	72.5923
155	0.0100161	0.027797	0.124952	0	0.0105529	0.665561	61.5603
156	0.0100161	0.0281164	0.129451	0	0.0123592	0.717605	68.2648
157	0.0100161	0.0280887	0.126446	0	0.0102646	0.680624	55.0876
158	0.0100161	0.0277789	0.118583	0	0.0104754	0.619062	55.0876
159	0.0100161	0.0276252	0.114415	0	0.0102646	0.604944	55.0876
160	0.0100161	0.0280785	0.126446	0	0.0104754	0.625427	55.0876
161	0.0100198	0.0283279	0.126446	0	0.0100892	0.685239	55.0876
162	0.0100198	0.0282334	0.123079	0	0.0100892	0.738314	55.0876
163	0.0100198	0.0277433	0.113717	0	0.0100892	0.775341	56.2856
164	0.0100198	0.0282114	0.118583	0	0.0119289	0.881446	68.2648
165	0.0100198	0.028467	0.120974	0.00149925	0.0119289	0.902339	62.7985
166	0.0100198	0.029346	0.142949	0.00149925	0.0119289	0.95923	62.7985
167	0.0100198	0.0294197	0.142949	0.00149925	0.0123298	1.05545	62.7985
168	0.0100198	0.0293828	0.142949	0.00149925	0.0119289	1.17905	62.7985
169	0.0100187	0.0287724	0.136479	0	0.0123592	1.36231	67.3109
170	0.0100187	0.0288442	0.136479	0	0.0121586	1.39442	67.8742
171	0.0100187	0.0286135	0.136479	0	0.0119072	1.48491	67.8742
172	0.0100187	0.0288284	0.139239	0.00149925	0.0121586	1.53389	67.5984
173	0.0100187	0.0293682	0.145045	0.00449775	0.0121586	1.68533	67.3109
174	0.0100187	0.0288656	0.136479	0.0029985	0.0115311	1.66773	62.7985
175	0.0100187	0.0280644	0.123079	0.00149925	0.0115311	1.69926	62.7985
176	0.0100187	0.0287338	0.136479	0.00149925	0.0115311	1.71211	62.7985
177	0.0100187	0.0289179	0.136701	0.00149925	0.0123075	1.66355	62.7985
178	0.0100187	0.029074	0.136701	0	0.0113411	0.992472	57.5463
179	0.0100187	0.0286834	0.130842	0	0.010297	0.509718	44.9892
180	0.0100187	0.0286035	0.130842	0.0029985	0.0100892	0.295008	35.819
181	0.0100187	0.0288162	0.131004	0.0029985	0.0100892	0.16701	27.1708
182	0.0100187	0.0285296	0.123079	0	0.0100683	0.0838907	9.36117
183	0.0100187	0.0288209	0.12061	0	0.0100683	0.0466464	0.417622
184	0.0100187	0.0287976	0.120974	0	0.0100683	0.0425214	0.218484
185	0.0100187	0.0284755	0.119198	0	0.0100683	0.0411672	0.201546
186	0.0100187	0.0283412	0.119198	0	0.0100892	0.0404855	0.201546
187	0.0100451	0.0285252	0.12102	0	0.0100892	0.039961	0.18852
188	0.0100187	0.0284086	0.119198	0	0.0100925	0.0390393	0.17533
189	0.0100187	0.0281819	0.115877	0	0.0100925	0.0389029	0.174308
190	0.0100451	0.0283391	0.118521	0.00149925	0.0100925	0.0381006	0.163866
191	0.0100187	0.0287162	0.118521	0.00449775	0.0100925	0.0381154	0.166559
192	0.0100187	0.0283694	0.114415	0	0.0100925	0.0382734	0.166559
193	0.0100451	0.0285094	0.118521	0	0.0100925	0.0378039	0.166559
194	0.0100187	0.0286344	0.119198	0.00149925	0.0100997	0.0384869	0.168588
195	0.0100451	0.028278	0.118521	0	0.0100925	0.0392343	0.17267
196	0.0100187	0.0284498	0.119198	0	0.0100925	0.0401969	0.18852
197	0.0100187	0.0287859	0.12061	0	0.0100925	0.0402481	0.18852
198	0.0100187	0.0287105	0.120974	0	0.0100925	0.0403429	0.189527
199	0.0100187	0.0291969	0.131004	0	0.0100925	0.0412816	0.191241
200	0.0100187	0.0294777	0.131004	0	0.0100925	0.0411052	0.192585
201	0.0100617	0.0300994	0.136701	0.00149925	0.0100925	0.0415367	0.199878
202	0.0100832	0.0299175	0.136701	0	0.0100925	0.0417699	0.199878
203	0.0100617	0.0306878	0.136701	0.00149925	0.0100925	0.041909	0.206294
204	0.0100187	0.0309126	0.136701	0.00149925	0.0100925	0.0415716	0.199878
205	0.0100451	0.0306611	0.136701	0	0.0100925	0.0410463	0.190934
206	0.0100187	0.0311712	0.136701	0.00149925	0.0100925	0.0404251	0.1862
207	0.0100617	0.0315077	0.139294	0	0.0100925	0.0407434	0.190934
208	0.0100187	0.0315106	0.138182	0	0.0100402	0.0410974	0.192585
209	0.0100187	0.031674	0.143257	0	0.0100402	0.041766	0.207515
210	0.0100187	0.0318512	0.143257	0	0.0100402	0.0430742	0.217113
211	0.0100187	0.0328022	0.16429	0	0.0100997	0.0418532	0.217113
212	0.0100617	0.0334414	0.173507	0.0029985	0.0100402	0.0411732	0.212057
213	0.0100832	0.0338965	0.186846	0.00449775	0.0100925	0.041154	0.216702
214	0.0100187	0.0337306	0.177139	0.0029985	0.0100402	0.0417779	0.217113
215	0.0100617	0.0334655	0.177139	0.00149925	0.0100402	0.0431992	0.260737
216	0.0100617	0.033279	0.177139	0.00149925	0.0100402	0.0436599	0.260737
217	0.0100187	0.0331939	0.177139	0	0.0100402	0.0456648	0.28972
218	0.0100617	0.0325908	0.173507	0	0.0100402	0.0475403	0.351432
219	0.0100187	0.0318608	0.170235	0	0.0100402	0.0545598	0.597089
220	0.0100187	0.0319509	0.170975	0	0.0100402	0.0619812	0.891509
221	0.0100832	0.0325598	0.176486	0	0.0100402	0.0666612	2.22634
222	0.0100187	0.0331419	0.187385	0	0.0100925	0.0760854	8.40844
223	0.0100832	0.0340988	0.211244	0	0.0100925	0.0794289	8.40844
224	0.0100187	0.034391	0.225154	0	0.0100402	0.083007	6.6364
225	0.0100187	0.0350016	0.242185	0.00149925	0.0100402	0.0948633	7.016
226	0.0100187	0.0356645	0.253186	0.00149925	0.0102664	0.106845	8.43343
227	0.0100832	0.0358055	0.262237	0	0.0100925	0.114647	8.43343
228	0.0100187	0.0353683	0.250554	0	0.0100997	0.12793	8.78206
229	0.0100187	0.0352061	0.250554	0.00149925	0.0102664	0.141946	12.8171
230	0.0100187	0.0355618	0.253186	0.00149925	0.0100997	0.162065	14.8811
231	0.0100187	0.0353519	0.250554	0.00149925	0.0104048	0.187913	20.3106
232	0.0100187	0.0355132	0.246207	0	0.0106151	0.22031	21.5867
233	0.0100832	0.0367159	0.265632	0.00149925	0.0102664	0.256331	23.8639
234	0.0100187	0.0375137	0.267385	0.0029985	0.010317	0.285684	30.4028
235	0.0100187	0.0393342	0.309772	0.005997	0.0102664	0.310042	30.4028
236	0.0101285	0.0399544	0.320015	0.00449775	0.010317	0.319679	30.4028
237	0.0100472	0.0400237	0.320015	0.005997	0.01022	0.325163	30.4028
238	0.0100187	0.0425977	0.398444	0.0134933
