		omega		Posterior		rho				Synonymous theta			kappa			phi	
Site	Lower	Point	Higher	prob of +ve	Lower	Point	Higher		Lower	Point	Higher	Lower	Point	Higher	Lower	Point	Higher
	95% HPD	estimate	95% HPD	selection	95% HPD	estimate	95% HPD		95% HPD	estimate	95% HPD	95% HPD	estimate	95% HPD	95% HPD	estimate	95% HPD
0	0.0100383	0.0803813	0.561848	0.011994	0.0142506	1.21876	99.4407		0.028373	0.0393201	0.0554894	2.54412	5.71907	12.3306	0	0	0
1	0.0100358	0.0785901	0.545481	0.00749625	0.0102316	0.978229	68.4772
2	0.0100358	0.0787166	0.538387	0.005997	0.0102316	0.743066	62.6774
3	0.0100358	0.0797087	0.523413	0.00449775	0.0100367	0.640423	60.0507
4	0.0100358	0.0785821	0.515904	0.005997	0.0101716	0.625208	62.5347
5	0.0100358	0.0798211	0.523413	0.00749625	0.0101716	0.544993	62.5442
6	0.0100358	0.0832244	0.543247	0.00749625	0.0103089	0.456983	62.6774
7	0.0103163	0.0860622	0.557738	0.0089955	0.0100367	0.382597	60.9794
8	0.0100006	0.0888849	0.555795	0.0104948	0.0100367	0.351408	59.2417
9	0.0105589	0.0962906	0.624649	0.0134933	0.0100367	0.283754	59.2417
10	0.0100006	0.103447	0.662022	0.0209895	0.0100367	0.240258	55.9003
11	0.0100006	0.113223	0.89826	0.0434783	0.0101716	0.197984	54.4554
12	0.0100383	0.122014	1.23858	0.0629685	0.0100996	0.166839	54.4554
13	0.0100006	0.103453	0.885662	0.0434783	0.0100058	0.144618	47.8434
14	0.0109334	0.0951871	0.885662	0.0344828	0.0100058	0.136524	48.2544
15	0.0101041	0.0857515	0.652947	0.0209895	0.0100058	0.110832	43.4944
16	0.0100006	0.077152	0.57798	0.0149925	0.0100058	0.106599	36.6118
17	0.0100006	0.0729668	0.538387	0.011994	0.0100058	0.0986643	36.6118
18	0.0103163	0.0676359	0.471369	0.011994	0.0100058	0.0799832	26.7988
19	0.0100006	0.0638578	0.418479	0.0104948	0.0100058	0.06827	15.7913
20	0.0100006	0.0607266	0.405175	0.0104948	0.0100058	0.0548521	5.81554
21	0.0100006	0.0575086	0.388558	0.00749625	0.0100058	0.0428855	0.689188
22	0.0100006	0.0535799	0.321085	0	0.0100058	0.0369555	0.345206
23	0.0100383	0.0513947	0.289992	0.00149925	0.0100058	0.0348209	0.287484
24	0.0101041	0.0505222	0.289525	0.00149925	0.0100058	0.0338334	0.272745
25	0.0101988	0.0496063	0.288638	0.00149925	0.0100058	0.0330909	0.249482
26	0.0100383	0.0480021	0.279845	0.00149925	0.0100058	0.0322204	0.214364
27	0.0100383	0.0478214	0.286103	0.0089955	0.0100058	0.032263	0.238849
28	0.0100383	0.0454268	0.274583	0.0029985	0.0100058	0.0309542	0.185395
29	0.0100006	0.0438709	0.265172	0.00149925	0.0100058	0.0302852	0.163471
30	0.0100006	0.0426697	0.245911	0.00149925	0.0100058	0.0297812	0.151416
31	0.0100006	0.0422143	0.254492	0.00149925	0.0100058	0.0295319	0.137753
32	0.0100006	0.0411074	0.254492	0.00149925	0.0100058	0.030156	0.141087
33	0.0100006	0.0406842	0.254492	0.00149925	0.0100058	0.0303282	0.151416
34	0.0100006	0.0400673	0.250766	0	0.0100058	0.0299757	0.15139
35	0.0100006	0.0395448	0.241114	0.00149925	0.0100058	0.0291951	0.130135
36	0.0100006	0.0399929	0.254492	0.00449775	0.0100058	0.0287528	0.117342
37	0.0100006	0.0386274	0.242485	0	0.0100058	0.0283782	0.109477
38	0.0100006	0.0386692	0.241114	0	0.0100058	0.0285001	0.117342
39	0.0100006	0.0386609	0.242485	0.00149925	0.0100058	0.0285151	0.113103
40	0.0100006	0.0394848	0.266283	0.0029985	0.0100058	0.0281537	0.109544
41	0.0100006	0.0384513	0.258268	0	0.0100058	0.0290728	0.137753
42	0.0100006	0.0380228	0.258268	0	0.0100058	0.0296464	0.148424
43	0.0100006	0.0375263	0.242485	0.00149925	0.0100058	0.0339374	0.249482
44	0.0100315	0.0375791	0.241114	0.00149925	0.0100058	0.0396701	0.426345
45	0.0100315	0.0376242	0.241114	0.00449775	0.0100308	0.0410967	0.582266
46	0.0100315	0.0374965	0.258268	0.00449775	0.0100367	0.0410162	0.582266
47	0.0100315	0.0376248	0.267156	0.00449775	0.0100367	0.0409225	1.60856
48	0.0100315	0.0368897	0.258268	0.00449775	0.0100367	0.0411052	1.60856
49	0.0100315	0.0361095	0.242485	0.00449775	0.0100367	0.0408366	0.582266
50	0.0100315	0.0359574	0.242485	0.0029985	0.0100367	0.0411026	0.582266
51	0.0100315	0.0345202	0.220281	0.00149925	0.0100367	0.0414275	0.582266
52	0.0100315	0.0342063	0.216178	0.00149925	0.0100367	0.0417027	0.582266
53	0.0100315	0.0334036	0.19956	0.00449775	0.0100367	0.0417317	0.582266
54	0.0100315	0.0324842	0.171613	0.00149925	0.0100367	0.0419487	4.47415
55	0.0100315	0.0326806	0.173072	0.00149925	0.01002	0.0425074	4.47415
56	0.0100315	0.0318081	0.156316	0.00149925	0.01002	0.0415865	3.46915
57	0.0100315	0.0316571	0.159583	0.00149925	0.01002	0.0392047	0.374906
58	0.0100315	0.0313316	0.144445	0.00149925	0.01002	0.0388862	0.242848
59	0.0100315	0.0312998	0.155063	0.00149925	0.01002	0.0386839	0.238129
60	0.0100315	0.0312159	0.146226	0.00149925	0.0100883	0.0392549	0.242848
61	0.0100315	0.0312504	0.146226	0.00149925	0.0100883	0.0399393	0.280379
62	0.0100315	0.031315	0.155063	0.0029985	0.0100883	0.0382004	0.218745
63	0.0100315	0.0311116	0.155063	0.0029985	0.0100883	0.0369646	0.215093
64	0.0100315	0.0323492	0.179368	0.0089955	0.0100883	0.0370322	0.215093
65	0.0100315	0.0323126	0.196366	0.0104948	0.0100883	0.0369855	0.215093
66	0.0100315	0.0319128	0.196366	0.00749625	0.0100883	0.0379582	0.215093
67	0.0100672	0.0305119	0.161255	0	0.0101366	0.0410112	0.280379
68	0.0100315	0.0313928	0.167403	0.0029985	0.0101366	0.0414821	0.280379
69	0.0100315	0.0314631	0.167403	0.00449775	0.0100883	0.0398706	0.225555
70	0.0100315	0.0306601	0.161831	0.0029985	0.0100883	0.0403341	0.241214
71	0.0100315	0.0297961	0.156316	0.00149925	0.0100883	0.0408233	0.241214
72	0.0100315	0.0298766	0.156316	0.00149925	0.0101366	0.0400041	0.218745
73	0.0100315	0.0295587	0.144445	0.00149925	0.0101366	0.0404913	0.218745
74	0.0100315	0.029867	0.156316	0.00149925	0.0100883	0.0409964	0.241214
75	0.0100315	0.0308365	0.164657	0.005997	0.0100883	0.0415636	0.25273
76	0.0100315	0.0302811	0.157151	0.0029985	0.0100883	0.0438095	0.2676
77	0.0100315	0.0302844	0.161831	0.0029985	0.0101366	0.0446829	0.274822
78	0.0100315	0.0300935	0.157151	0.0029985	0.0100883	0.0449156	0.274822
79	0.0100315	0.0294161	0.144445	0.00149925	0.0100883	0.0456732	0.2676
80	0.0100315	0.0297673	0.157151	0.00149925	0.0100883	0.0457173	0.255602
81	0.0100315	0.0297759	0.157151	0	0.0100883	0.0469085	0.274822
82	0.0100315	0.0299751	0.152305	0	0.0101366	0.0489947	0.285218
83	0.0100315	0.0294852	0.141222	0	0.0100883	0.05337	0.318536
84	0.0100315	0.0291086	0.136218	0	0.0100883	0.0563717	0.368824
85	0.0100315	0.0291713	0.13902	0	0.0100883	0.0578482	0.389254
86	0.0100315	0.0293298	0.140218	0	0.0100883	0.0598683	0.426144
87	0.0100315	0.0293915	0.140218	0.00149925	0.0100883	0.0632764	0.481591
88	0.0100315	0.0290223	0.129799	0.00449775	0.0100883	0.0649695	0.495755
89	0.0100315	0.0281006	0.124053	0.00149925	0.0100883	0.0655852	0.495755
90	0.0100315	0.0275983	0.123793	0	0.0100883	0.0689489	0.5827
91	0.0100315	0.027474	0.119996	0	0.0100883	0.0705583	0.601575
92	0.0100315	0.027256	0.112424	0	0.0100883	0.0729169	0.612714
93	0.0100315	0.0276422	0.124053	0	0.0101366	0.0768989	0.682765
94	0.0100315	0.0273091	0.119996	0	0.0100883	0.0941697	2.68944
95	0.0100315	0.0274233	0.119996	0	0.0100883	0.0832484	0.715395
96	0.0100315	0.0280597	0.144166	0	0.0101366	0.0852442	0.663798
97	0.0100315	0.0281043	0.149059	0	0.0105323	0.0881575	0.62404
98	0.0100315	0.0277518	0.136218	0	0.0104696	0.0898226	0.62404
99	0.0100315	0.0274993	0.129548	0	0.0120293	0.0900831	0.663798
100	0.0100221	0.0275395	0.130119	0	0.0121051	0.0899283	0.663798
101	0.0100221	0.0276431	0.144166	0	0.0127142	0.0898432	0.663798
102	0.0100221	0.0279709	0.161421	0	0.0133102	0.0878542	0.621571
103	0.0100221	0.0280156	0.161421	0	0.0120293	0.0868995	0.5193
104	0.0100221	0.0280096	0.155716	0	0.0108675	0.0882437	0.468452
105	0.010016	0.0282881	0.155716	0	0.0109639	0.0909634	0.470673
106	0.010016	0.0282417	0.149059	0	0.0133276	0.0942149	0.62404
107	0.010016	0.0281181	0.144166	0	0.0133276	0.0961026	0.627333
108	0.010016	0.0281018	0.134936	0	0.0133276	0.100049	0.62404
109	0.010016	0.0282114	0.138068	0.00149925	0.0133276	0.0984782	0.601575
110	0.010016	0.0285259	0.144166	0.0029985	0.0134927	0.0986019	0.62404
111	0.010016	0.0282216	0.144166	0	0.013186	0.0978777	0.603992
112	0.010016	0.0279008	0.138852	0	0.0133276	0.100146	0.603992
113	0.010016	0.0277234	0.138068	0	0.0133276	0.102687	0.603992
114	0.010016	0.0276491	0.136741	0	0.0133276	0.107066	0.628909
115	0.010016	0.0272113	0.127258	0	0.0133276	0.109703	0.647332
116	0.010016	0.0270274	0.122778	0	0.0129178	0.120816	0.806032
117	0.010016	0.0267744	0.113694	0	0.0133276	0.133707	1.13141
118	0.010016	0.0265211	0.113429	0	0.0142982	0.177172	1.81347
119	0.010016	0.0264563	0.113694	0	0.0177997	0.208002	2.21611
120	0.010016	0.0271686	0.122778	0.0029985	0.0139292	0.244046	2.01191
121	0.010016	0.0277426	0.133251	0.00449775	0.0166693	0.259401	2.71285
122	0.010016	0.0276796	0.132254	0.00449775	0.0166693	0.260241	3.17616
123	0.010016	0.027555	0.132254	0.00449775	0.0134976	0.233794	3.04947
124	0.010016	0.0268602	0.117303	0.00149925	0.0102015	0.200191	2.02338
125	0.010016	0.0270755	0.127258	0.00149925	0.0109639	0.17812	2.02338
126	0.010016	0.0263747	0.114792	0	0.0133276	0.153727	2.02338
127	0.010016	0.0264548	0.116254	0	0.0111427	0.142242	1.80464
128	0.010016	0.0267803	0.122778	0	0.0100828	0.1273	1.53448
129	0.010016	0.0262565	0.113429	0	0.0100828	0.120013	1.68623
130	0.010016	0.0261745	0.113694	0	0.0100828	0.115099	1.68623
131	0.010016	0.0264768	0.120274	0	0.0100828	0.110041	1.68623
132	0.010016	0.0263261	0.120274	0	0.0101374	0.103459	1.56265
133	0.010016	0.0262951	0.117303	0	0.0101374	0.0984582	1.57355
134	0.010016	0.0264228	0.127258	0.00149925	0.0101374	0.0914028	1.51313
135	0.010016	0.0268275	0.130289	0.0029985	0.0101374	0.0884171	1.51313
136	0.010016	0.0266259	0.127258	0.0029985	0.0101374	0.0845628	1.51313
137	0.010016	0.0271953	0.138068	0.00449775	0.0101374	0.0820838	1.47384
138	0.010016	0.0275058	0.154408	0.00449775	0.0101374	0.0759164	1.04611
139	0.010016	0.0277563	0.154408	0.005997	0.0101374	0.0709837	1.04611
140	0.010016	0.0283869	0.156797	0.0029985	0.0101374	0.0684458	1.11837
141	0.010016	0.0284045	0.156797	0.0029985	0.0101374	0.0674127	1.3313
142	0.010016	0.0287497	0.167313	0.00149925	0.0101374	0.0675268	1.56237
143	0.010016	0.0290783	0.167313	0.00149925	0.0101374	0.0675613	1.57355
144	0.010016	0.0287947	0.156797	0.00149925	0.0101374	0.0674486	1.76183
145	0.010016	0.0287938	0.15549	0.00149925	0.0100385	0.0707067	2.4465
146	0.010016	0.0284131	0.14905	0.00149925	0.0101374	0.0702866	2.66315
147	0.010016	0.0284185	0.138068	0.00149925	0.0100385	0.0644978	1.90279
148	0.010016	0.0286767	0.167313	0.00149925	0.0100385	0.0613823	1.73303
149	0.010016	0.0288576	0.156227	0.00149925	0.0101374	0.0618918	1.76183
150	0.010016	0.0291887	0.156227	0.0029985	0.0100385	0.0614175	1.89003
151	0.010016	0.0291886	0.156227	0.00149925	0.0100385	0.0616613	2.03769
152	0.010016	0.028741	0.135117	0	0.0101172	0.0631616	2.40353
153	0.010016	0.0288862	0.144597	0	0.0100385	0.06125	2.40353
154	0.010016	0.0288592	0.138863	0.00149925	0.0100385	0.0591017	2.23938
155	0.010016	0.0289671	0.144597	0.00149925	0.0100385	0.0569522	2.16392
156	0.010016	0.0297439	0.138863	0.00749625	0.0100385	0.0564378	1.73303
157	0.010016	0.0292076	0.138863	0.00149925	0.0100385	0.0557003	1.75937
158	0.010016	0.0286737	0.126729	0	0.0100385	0.0532988	1.06794
159	0.010016	0.0287265	0.133251	0	0.0100385	0.0509633	0.658449
160	0.010016	0.0285956	0.133251	0	0.0100385	0.0494161	0.562209
161	0.010016	0.0282971	0.126729	0	0.0101172	0.0484452	0.543821
162	0.010016	0.0285253	0.12083	0.00149925	0.0101007	0.0481185	0.543821
163	0.010016	0.0288468	0.12083	0.00449775	0.0101007	0.0481218	0.543821
164	0.010016	0.0281605	0.118865	0.0029985	0.0101007	0.0470143	0.520703
165	0.010016	0.0280453	0.118865	0.00149925	0.0101007	0.047915	0.547212
166	0.010016	0.0275597	0.115485	0	0.0101007	0.0486865	0.633501
167	0.010016	0.027579	0.117537	0	0.0101007	0.0491985	0.658449
168	0.010016	0.0274968	0.117726	0	0.0101007	0.0507939	0.997716
169	0.010016	0.027195	0.114792	0	0.0101007	0.0501902	0.892527
170	0.010016	0.0270791	0.107901	0.0029985	0.0100942	0.0544766	1.58513
171	0.010016	0.0268712	0.107901	0.00149925	0.0100942	0.0565057	1.76629
172	0.0100031	0.0271043	0.11007	0.00149925	0.0100942	0.0556108	1.76629
173	0.0100031	0.027471	0.118886	0.00149925	0.0100942	0.0583977	2.21031
174	0.0100031	0.0276493	0.120274	0.00149925	0.0100942	0.0610898	2.45781
175	0.0100031	0.0273063	0.118886	0	0.0100942	0.0619412	2.50494
176	0.0100031	0.0273635	0.118886	0	0.0100942	0.0626278	2.64589
177	0.0100155	0.0278222	0.122774	0	0.0100942	0.0607558	2.93328
178	0.0100031	0.028468	0.135795	0	0.0100942	0.0619029	3.92308
179	0.0100031	0.0292406	0.142088	0	0.0100942	0.0633512	4.46823
180	0.0100031	0.0290823	0.152481	0	0.0100942	0.0633653	4.46823
181	0.0100031	0.0288207	0.142088	0	0.0100942	0.0672057	4.87246
182	0.0100031	0.0293627	0.15549	0.0029985	0.0100942	0.0734887	6.11994
183	0.0100031	0.0287585	0.152481	0	0.0100942	0.0753673	6.46501
184	0.0100031	0.0287792	0.152481	0.00149925	0.0100942	0.0759839	6.46501
185	0.0100031	0.0287677	0.152774	0	0.0100942	0.0748204	6.43107
186	0.0100031	0.0293867	0.155108	0.00749625	0.0100942	0.0733524	6.30453
187	0.0100031	0.028041	0.130865	0.0029985	0.0100942	0.0744202	6.46501
188	0.0100031	0.0276995	0.122774	0.00149925	0.0100942	0.0734912	6.43107
189	0.0100031	0.0275741	0.118997	0.00149925	0.0100942	0.073902	6.46501
190	0.0100031	0.0274788	0.118997	0.00149925	0.0100942	0.0739039	6.46501
191	0.0100031	0.0272709	0.118997	0.00149925	0.0100942	0.0694248	5.92964
192	0.0100031	0.0273208	0.117537	0.0029985	0.0101007	0.0709979	6.7527
193	0.0100031	0.0276314	0.122774	0.0029985	0.0100942	0.0735895	9.17765
194	0.0100031	0.0277352	0.126767	0.0029985	0.0100942	0.0790065	10.9534
195	0.0100031	0.0285971	0.130865	0.0104948	0.0100942	0.0841331	16.9971
196	0.0100031	0.0280921	0.126767	0.005997	0.0100942	0.090044	30.6075
197	0.0100031	0.0277509	0.118997	0.00149925	0.0101007	0.0888812	36.9004
198	0.0100031	0.0281167	0.122774	0.00149925	0.0101007	0.0875156	36.9004
199	0.0100031	0.0289287	0.133202	0	0.0101007	0.0925791	38.6284
200	0.0100031	0.0291539	0.130865	0.00149925	0.0101007	0.09292	38.6284
201	0.0100031	0.0292408	0.133202	0.00149925	0.0101007	0.0962317	38.6284
202	0.0100031	0.0292046	0.133202	0.00149925	0.0100942	0.0926476	36.9004
203	0.0100031	0.0292106	0.137754	0.00149925	0.0100942	0.0917633	22.8706
204	0.0100031	0.0288963	0.133202	0	0.0100942	0.0894755	13.1295
205	0.0100031	0.0289729	0.137754	0	0.0100942	0.0860362	11.6231
206	0.0100031	0.0291701	0.139348	0.00149925	0.0100942	0.0857684	11.6231
207	0.0100031	0.0291162	0.138133	0	0.0100942	0.0831496	10.2718
208	0.0100031	0.0297794	0.141238	0	0.0100942	0.0766369	4.87246
209	0.0100031	0.0306015	0.165536	0.0029985	0.0100942	0.0651822	1.1961
210	0.0100031	0.0308822	0.167347	0.0029985	0.0100942	0.0652847	0.892098
211	0.0100216	0.0302761	0.155231	0	0.0106728	0.0632514	0.741687
212	0.0100216	0.0299545	0.155231	0	0.0100942	0.0626795	0.597482
213	0.0100031	0.0302726	0.155231	0	0.0100942	0.0624721	0.510647
214	0.0100216	0.0299897	0.165536	0	0.0100942	0.0661849	0.522721
215	0.0100031	0.0309234	0.167347	0	0.0100942	0.0705359	0.545774
216	0.0101519	0.0306507	0.167347	0.00149925	0.0100942	0.0726386	0.588888
217	0.0100031	0.030668	0.148399	0.00149925	0.0101007	0.0746239	0.704664
218	0.0100031	0.030858	0.147769	0.00149925	0.0100942	0.0778509	0.729322
219	0.0100031	0.0311155	0.153874	0.00449775	0.0101007	0.0784006	0.708844
220	0.0100216	0.0309267	0.155231	0.00149925	0.0101007	0.0809058	0.708844
221	0.0100031	0.0311299	0.157328	0.0029985	0.0106119	0.0851055	0.757112
222	0.0100031	0.0315259	0.158997	0.0029985	0.0103624	0.0890215	0.757112
223	0.0101519	0.0318852	0.167347	0.00149925	0.0106728	0.0917401	0.741687
224	0.0100031	0.0326426	0.175646	0.0029985	0.0106689	0.0950497	0.741687
225	0.0101519	0.0330173	0.185673	0.005997	0.0103624	0.0968515	0.747971
226	0.0100031	0.0335209	0.185673	0.00449775	0.0115284	0.103538	0.920482
227	0.0101519	0.0332293	0.186446	0.00449775	0.0118093	0.109859	0.952664
228	0.0100031	0.0320865	0.166667	0.0029985	0.0106728	0.124362	1.2227
229	0.0101519	0.0312715	0.167347	0	0.0106689	0.136315	2.56569
230	0.0101519	0.0311915	0.167347	0.00149925	0.0106728	0.143873	3.65726
231	0.0100031	0.0314095	0.175646	0.00149925	0.0106728	0.162401	6.56306
232	0.0100031	0.0315065	0.175646	0.00149925	0.0106728	0.181183	15.2529
233	0.0100031	0.0313433	0.171298	0.0029985	0.0114328	0.200216	22.0364
234	0.0101519	0.0314143	0.186446	0.00449775	0.0106982	0.220298	21.5866
235	0.0100031	0.0313094	0.185133	0.00149925	0.0111071	0.222065	22.0364
236	0.0100031	0.0312445	0.179415	0.00149925	0.0106982	0.233273	22.0364
237	0.0100031	0.0313567	0.169897	0.00149925	0.0106838	0.243103	30.3112
238	0.0100031	0.0320884	0.185673	0.00149925	0.0106838	0.275637	30.3112
239	0.0100031	0.032037	0.189474	0.00149925	0.010198	0.314646	33.5386
240	0.0100031	0.0320609	0.201457	0.00149925	0.0106838	0.319123	31.7026
241	0.0100031	0.0332067	0.244078	0.0089955	0.0111071	0.338847	31.7026
242	0.0100031	0.0326298	0.201457	0.00749625	0.0111071	0.333287	31.7026
243	0.0100031	0.0313498	0.175646	0	0.0100867	0.312632	27.906
244	0.0100031	0.0316112	0.169548	0.00149925	0.0100867	0.306081	30.3112
245	0.0100031	0.0319151	0.175646	0.00449775	0.0100867	0.319381	23.4889
246	0.0100031	0.0326169	0.189474	0.005997	0.0100867	0.339883	27.906
247	0.0100031	0.0322007	0.189474	0.00149925	0.0100867	0.348645	30.3112
248	0.0100031	0.0324877	0.189474	0.0029985	0.0100867	0.347789	30.3112
249	0.0100094	0.0322612	0.182828	0	0.0100867	0.337213	31.7026
250	0.0100094	0.0319115	0.1778	0	0.0100867	0.344011	34.3283
251	0.0100094	0.0316478	0.169548	0	0.0100867	0.329969	37.5676
252	0.0100094	0.0319075	0.1778	0	0.0100867	0.298457	35.7675
253	0.0100094	0.0315771	0.167347	0	0.0100495	0.28827	31.7026
254	0.0100094	0.0312506	0.165982	0	0.0111071	0.284239	43.3893
255	0.0100094	0.0307235	0.157328	0	0.0100495	0.330776	43.5614
256	0.0100094	0.0307555	0.156174	0	0.0100495	0.325475	43.3893
257	0.0100094	0.0303452	0.154431	0	0.0100867	0.359762	48.5417
258	0.0100094	0.0302971	0.151469	0	0.0100495	0.377237	44.8007
259	0.0100094	0.0304426	0.156174	0	0.0100867	0.347542	43.5614
260	0.0100094	0.0302832	0.147836	0	0.0100867	0.308605	43.5614
261	0.0100094	0.0302393	0.147836	0	0.0100231	0.280983	42.5109
262	0.0100094	0.0301274	0.143992	0	0.0100231	0.286026	42.5109
263	0.0100094	0.0303416	0.147836	0	0.0100867	0.312534	43.5614
264	0.0100094	0.0304441	0.147836	0	0.0100495	0.340495	43.5614
265	0.0100094	0.0304875	0.143992	0	0.0100231	0.37188	44.7823
266	0.0100094	0.0304541	0.142411	0	0.0100231	0.386374	43.4226
267	0.0100094	0.0303414	0.143992	0	0.0100231	0.417471	46.4863
268	0.0100094	0.030249	0.143992	0	0.0100231	0.435964	46.8839
269	0.0100094	0.0300561	0.142411	0	0.0100231	0.445482	56.1234
270	0.0100094	0.0299792	0.142411	0	0.0100867	0.466056	57.7319
271	0.0100094	0.0302331	0.142411	0.00149925	0.0100867	0.476305	57.7319
272	0.0100094	0.0312576	0.165692	0.0029985	0.0100495	0.507806	58.5583
273	0.0100094	0.0313343	0.167825	0.00449775	0.0100867	0.536965	59.0649
274	0.0100094	0.0313563	0.169548	0.0029985	0.0100495	0.533395	60.9965
275	0.0100094	0.0313718	0.170949	0.00149925	0.0103911	0.559147	67.6388
276	0.0100094	0.0317383	0.178398	0.00149925	0.0100495	0.608466	66.8507
277	0.0100094	0.0318498	0.185673	0	0.0100495	0.643651	66.8507
278	0.0100094	0.0317315	0.175888	0	0.0100119	0.623981	61.3766
279	0.0100094	0.0320547	0.175888	0	0.0100119	0.581856	59.0649
280	0.0100094	0.0322865	0.185673	0	0.0100119	0.54789	53.8306
281	0.0100094	0.0318254	0.171996	0	0.0100119	0.543835	53.8306
282	0.0100094	0.0321216	0.169548	0	0.0100119	0.551227	58.2375
283	0.0100094	0.0325718	0.171996	0	0.0100119	0.586792	56.1434
284	0.0100094	0.0327212	0.169211	0	0.0100495	0.593116	55.5378
285	0.0100094	0.0329915	0.169548	0.00149925	0.0100495	0.551279	52.891
286	0.0100094	0.0336784	0.185673	0.00149925	0.0100495	0.509919	41.9143
287	0.0100094	0.0344632	0.190028	0.00149925	0.0100867	0.493049	40.4476
288	0.0100094	0.0344463	0.192514	0.00149925	0.0100495	0.50666	40.4476
289	0.0100094	0.0343849	0.195156	0.00149925	0.0100495	0.50659	39.6638
290	0.0100094	0.0360005	0.235647	0.00449775	0.0100867	0.509853	38.7517
291	0.0100094	0.036365	0.243782	0.005997	0.0100495	0.565821	38.7517
292	0.0100094	0.0370611	0.244295	0.005997	0.0100495	0.649159	41.1181
293	0.0100094	0.0371793	0.248505	0.00449775	0.0100495	0.683702	41.1181
294	0.0100094	0.0375548	0.256734	0.0029985	0.0100495	0.721474	42.7785
295	0.0100094	0.0372997	0.248505	0.00149925	0.0100495	0.752035	46.8839
296	0.0100094	0.0383331	0.27492	0.00149925	0.0100867	0.677515	46.8839
297	0.0100094	0.0387085	0.286049	0.0029985	0.0100867	0.613821	46.8839
298	0.0100094	0.0404041	0.316652	0.00449775	0.0100867	0.619785	46.8839
299	0.0100094	0.0418044	0.329947	0.00749625	0.0100214	0.610994	49.9037
300	0.0100094	0.044904	0.399406	0.0104948	0.0100214	0.624984	50.4273
301	0.0100094	0.0467919	0.41212	0.011994	0.0100867	0.688474	50.4273
302	0.0100094	0.0519606	0.593129	0.0254873	0.0100867	0.659733	46.8839
303	0.0100094	0.0598139	0.885809	0.0404798	0.0100214	0.580962	42.7785
304	0.0100094	0.0796637	1.4078	0.0869565	0.0100214	0.616514	46.8839
305	0.0100094	0.100687	2.26173	0.122939	0.0100214	0.64092	46.8839
306	0.0100094	0.188702	4.44271	0.236882	0.0100214	0.69837	52.2508
307	0.0419874	1.12109	21.3597	0.544228
