		omega		Posterior		rho				Synonymous theta			kappa			phi	
Site	Lower	Point	Higher	prob of +ve	Lower	Point	Higher		Lower	Point	Higher	Lower	Point	Higher	Lower	Point	Higher
	95% HPD	estimate	95% HPD	selection	95% HPD	estimate	95% HPD		95% HPD	estimate	95% HPD	95% HPD	estimate	95% HPD	95% HPD	estimate	95% HPD
0	0.01013	0.0372349	0.242244	0.005997	0.010018	0.622535	44.7		0.0914517	0.110395	0.131478	3.22172	4.6906	6.33752	0	0	0
1	0.01013	0.0360133	0.199878	0.00449775	0.0107305	0.555199	54.2806
2	0.01013	0.0342868	0.169071	0	0.0106242	0.491081	54.2806
3	0.01013	0.0339023	0.161994	0	0.0106242	0.480402	55.0191
4	0.01013	0.0336842	0.161238	0	0.0106242	0.455098	55.0191
5	0.01013	0.0339589	0.158965	0	0.010018	0.380068	41.8561
6	0.01013	0.0338801	0.156314	0	0.010018	0.2868	32.9815
7	0.0101435	0.0337299	0.15019	0.0029985	0.010018	0.239395	28.8207
8	0.0101019	0.0327621	0.14	0	0.010018	0.213005	15.6233
9	0.0101019	0.0322181	0.13414	0	0.010018	0.181478	15.3287
10	0.0101019	0.0321921	0.129657	0	0.010029	0.160046	15.3287
11	0.0101019	0.0321867	0.129009	0	0.010018	0.147584	10.476
12	0.01013	0.0322	0.124991	0	0.0103668	0.142497	10.8268
13	0.0101435	0.0321367	0.124991	0	0.0103668	0.140666	10.8268
14	0.0101435	0.0322791	0.124991	0	0.010018	0.114864	9.00201
15	0.0101019	0.0325639	0.124991	0	0.010018	0.110526	8.58785
16	0.0101019	0.0326976	0.129657	0	0.010018	0.101587	7.94036
17	0.0101019	0.0330412	0.124991	0	0.010018	0.0951175	6.28428
18	0.0101019	0.0333312	0.124991	0	0.010018	0.0872946	5.88957
19	0.01013	0.0336411	0.129009	0	0.010018	0.0837942	5.88957
20	0.01013	0.0342459	0.134578	0	0.010018	0.0822637	6.28428
21	0.0101435	0.0356198	0.154443	0.00149925	0.010018	0.0813032	8.58785
22	0.0101435	0.0365358	0.158965	0.00149925	0.010018	0.0794678	9.00201
23	0.0102474	0.0374515	0.164565	0.00149925	0.010018	0.0800621	9.07933
24	0.0101777	0.0383103	0.164565	0.00149925	0.010018	0.0793397	9.07933
25	0.0102474	0.0383736	0.161238	0	0.010018	0.0776747	9.07933
26	0.0101777	0.0403491	0.174466	0	0.010018	0.0754238	8.88361
27	0.0101777	0.0398	0.161238	0	0.010018	0.0737475	8.58785
28	0.0102474	0.039523	0.161238	0	0.010018	0.0742853	8.88361
29	0.0101777	0.0389327	0.154443	0	0.010018	0.0728609	10.1801
30	0.0102474	0.0380115	0.15019	0	0.010018	0.0720873	10.1801
31	0.0101777	0.0375938	0.144659	0	0.010018	0.0717021	10.1801
32	0.0101777	0.0363922	0.128011	0	0.010018	0.0695758	6.17435
33	0.0102474	0.0366441	0.129657	0	0.010018	0.0682668	4.57096
34	0.0102495	0.0361824	0.125244	0	0.010029	0.0685152	4.57096
35	0.0102526	0.035984	0.125244	0	0.010029	0.0689076	4.57096
36	0.0105002	0.0356831	0.125244	0	0.010018	0.0652003	1.47559
37	0.0101777	0.0354615	0.120566	0	0.010029	0.0620092	0.778547
38	0.0107621	0.035587	0.129657	0.00149925	0.0103525	0.0572788	0.386202
39	0.0101777	0.0355691	0.120566	0	0.010029	0.0515033	0.274685
40	0.0101777	0.0352479	0.118645	0	0.0103525	0.0504005	0.260051
41	0.0101476	0.0356115	0.114131	0.0029985	0.0101911	0.0519529	0.260139
42	0.0101476	0.0354355	0.113588	0.00149925	0.0103525	0.0523008	0.260139
43	0.0101476	0.0360642	0.118645	0	0.0103525	0.0526858	0.260139
44	0.0101476	0.0360827	0.120566	0	0.0101911	0.0542439	0.260139
45	0.0101476	0.0361854	0.120566	0	0.0103525	0.0545278	0.260051
46	0.0101476	0.0365975	0.128016	0	0.0103525	0.0547815	0.243987
47	0.0101476	0.0377273	0.134101	0.00149925	0.010029	0.0554843	0.242139
48	0.0101476	0.0377828	0.138971	0.00149925	0.010029	0.055393	0.242139
49	0.0103904	0.0380784	0.146084	0.00149925	0.0103525	0.0565684	0.260051
50	0.0103904	0.038778	0.146084	0.00149925	0.0103525	0.0562764	0.242139
51	0.0104881	0.038668	0.145005	0	0.0104658	0.058117	0.270251
52	0.0103904	0.0392856	0.146084	0	0.0105771	0.0600093	0.292249
53	0.0103904	0.0403851	0.16602	0	0.0106342	0.0610682	0.290141
54	0.0102526	0.0408089	0.164565	0.00149925	0.0106342	0.0654114	0.329042
55	0.0103904	0.0400283	0.148428	0.0029985	0.0104658	0.066045	0.301859
56	0.0102526	0.0392446	0.138971	0	0.0104224	0.0679656	0.301859
57	0.0107339	0.038248	0.132069	0	0.0132779	0.0712044	0.419089
58	0.0103904	0.037297	0.118708	0	0.0117606	0.0774062	0.477749
59	0.0105002	0.0366979	0.118708	0	0.0107797	0.0797794	0.477749
60	0.0105002	0.0366879	0.118708	0	0.0104658	0.0815805	0.484585
61	0.0103904	0.0363551	0.116274	0	0.0104658	0.0823375	0.570817
62	0.0107339	0.0361446	0.118708	0	0.0104658	0.0798173	0.484585
63	0.0107339	0.0353627	0.112931	0	0.0104658	0.0805154	0.570817
64	0.0107635	0.034951	0.112581	0	0.0104658	0.0803274	0.468182
65	0.0107339	0.0348477	0.110782	0	0.0104658	0.0827693	0.468182
66	0.0107339	0.0352412	0.112581	0	0.0104658	0.084158	0.468182
67	0.0107339	0.0352306	0.112931	0	0.0102348	0.0888535	0.616692
68	0.0107339	0.0355631	0.112581	0	0.0102348	0.0886422	0.545579
69	0.0107339	0.0355175	0.112931	0	0.0104658	0.0860671	0.468182
70	0.0106953	0.0355003	0.113588	0	0.0106889	0.0855298	0.468182
71	0.0107339	0.0353488	0.112931	0	0.0108205	0.0818249	0.352034
72	0.0105002	0.0351989	0.109791	0	0.0106889	0.0810934	0.352034
73	0.0105002	0.0350838	0.109179	0	0.0110717	0.079664	0.352034
74	0.0106953	0.034882	0.112931	0	0.011588	0.0749915	0.289464
75	0.0105002	0.0348418	0.109791	0	0.0106889	0.0791515	0.289464
76	0.0106953	0.0351346	0.112581	0	0.0101914	0.0822104	0.289464
77	0.0105002	0.0349712	0.109179	0	0.0106889	0.0779558	0.273887
78	0.0106953	0.0353303	0.112931	0	0.0144831	0.0682296	0.289464
79	0.0100612	0.0361267	0.112581	0	0.0135356	0.0680134	0.280452
80	0.0100612	0.0362778	0.118708	0	0.0106889	0.0667502	0.217032
81	0.0100612	0.0361787	0.118708	0	0.0106889	0.066722	0.217032
82	0.0106692	0.0370304	0.134012	0	0.0119541	0.0662179	0.23226
83	0.0106692	0.0373053	0.134012	0	0.0119541	0.0649959	0.228539
84	0.0106692	0.0374659	0.133062	0	0.0119541	0.0649775	0.232116
85	0.0105862	0.0374504	0.129657	0	0.0119541	0.0651406	0.23226
86	0.0106766	0.037789	0.134012	0	0.0107045	0.067934	0.224723
87	0.0106953	0.0381658	0.134824	0	0.0132485	0.0700517	0.280452
88	0.0107275	0.038159	0.134824	0	0.0119541	0.0792101	0.278868
89	0.0105002	0.0386281	0.129657	0	0.0112748	0.0819423	0.285763
90	0.0105862	0.0394332	0.134599	0	0.0119541	0.081476	0.291781
91	0.0101424	0.0409979	0.134599	0.0029985	0.0112748	0.0827552	0.285763
92	0.0105002	0.0414404	0.142961	0.0029985	0.0107229	0.0874584	0.3408
93	0.0105002	0.0424384	0.149449	0.0029985	0.01048	0.0881347	0.294945
94	0.0105002	0.0421294	0.142961	0.00149925	0.0112748	0.0863499	0.294945
95	0.0105002	0.0426005	0.142961	0	0.0119541	0.0835527	0.285763
96	0.0105002	0.0439658	0.149449	0.00149925	0.0140104	0.0785949	0.294945
97	0.0105862	0.0451648	0.1526	0.00449775	0.0126455	0.0771724	0.294945
98	0.0107153	0.0463879	0.164189	0.00749625	0.0147788	0.0770711	0.29571
99	0.0106953	0.0489297	0.208333	0.0104948	0.0156659	0.0769432	0.291781
100	0.0105862	0.0515717	0.289793	0.017991	0.0157982	0.0763068	0.29571
101	0.0105862	0.0618755	0.97762	0.0494753	0.0157982	0.0769529	0.29571
102	0.0105862	0.0514972	0.260693	0.0104948	0.0157982	0.0770596	0.339409
103	0.0105862	0.0489129	0.208333	0.00749625	0.0157982	0.0756329	0.33795
104	0.0105862	0.0469788	0.170576	0	0.0140104	0.075654	0.296162
105	0.0106166	0.0466855	0.170576	0.00149925	0.0132485	0.0764711	0.309662
106	0.0105862	0.0461334	0.156719	0.00149925	0.0140104	0.0753267	0.296162
107	0.0105862	0.0458598	0.151023	0.00149925	0.0137639	0.0755053	0.296162
108	0.0105862	0.0461181	0.1526	0.0029985	0.0131184	0.0778606	0.296162
109	0.0104618	0.0459974	0.1526	0.0029985	0.013438	0.0769686	0.296162
110	0.0104618	0.0455418	0.151023	0.0029985	0.0131184	0.0771967	0.296162
111	0.0106953	0.0463654	0.173189	0.0029985	0.0115	0.0763618	0.278002
112	0.0108336	0.046489	0.173189	0.0029985	0.013438	0.0748956	0.296162
113	0.0105862	0.0477475	0.176016	0.00449775	0.0131184	0.0737616	0.296162
114	0.0105862	0.047834	0.176016	0.0029985	0.0131184	0.0726532	0.309382
115	0.0105862	0.0483885	0.176016	0.0029985	0.0122584	0.0719503	0.296162
116	0.0105862	0.0493351	0.208113	0.0029985	0.0124984	0.0721346	0.296162
117	0.0106166	0.0511884	0.226934	0.0134933	0.0115575	0.0735733	0.29571
118	0.0106166	0.0459035	0.17229	0.0029985	0.0115575	0.0726799	0.296162
119	0.0115096	0.0422855	0.1526	0	0.0115575	0.0732828	0.294292
120	0.0116442	0.0408044	0.151964	0	0.0115575	0.0736378	0.296162
121	0.0120397	0.0397878	0.151964	0	0.0115575	0.0719728	0.296162
122	0.0120397	0.0383459	0.151964	0	0.0105528	0.0715905	0.28058
123	0.0104275	0.0372731	0.124387	0	0.010633	0.0720366	0.292597
124	0.0100614	0.0361566	0.122283	0	0.010633	0.0735223	0.294292
125	0.0100614	0.0351518	0.121135	0	0.0105528	0.0732932	0.287091
126	0.0100536	0.033917	0.121135	0	0.010633	0.0748501	0.293958
127	0.0100536	0.0332649	0.127683	0	0.0119541	0.0774314	0.337602
128	0.0100614	0.0325356	0.121126	0	0.0133001	0.0777964	0.374775
129	0.0100536	0.0320068	0.114598	0.00149925	0.0133001	0.0789059	0.374775
130	0.0100536	0.0318349	0.112465	0.00149925	0.0129312	0.078344	0.354042
131	0.0100614	0.0312162	0.111921	0	0.0119541	0.0776483	0.323354
132	0.0100536	0.0302726	0.108505	0	0.0119541	0.0784862	0.318909
133	0.0100536	0.029859	0.100976	0	0.013438	0.0774885	0.354042
134	0.0100614	0.0292104	0.0996005	0	0.013438	0.0771002	0.354042
135	0.0100614	0.0289098	0.0992976	0	0.0137382	0.0761713	0.354042
136	0.0100614	0.028752	0.0992976	0	0.0129312	0.0745519	0.318909
137	0.0100614	0.0282597	0.0950254	0	0.0132357	0.0733295	0.296162
138	0.0100614	0.0274258	0.0894745	0	0.0132357	0.0743221	0.296162
139	0.0100614	0.0269791	0.0862187	0	0.0134864	0.0749698	0.296162
140	0.0100614	0.0265499	0.0774335	0	0.0134864	0.0753939	0.294292
141	0.0100614	0.0264323	0.0760966	0	0.0138925	0.0750193	0.294292
142	0.0100614	0.0256061	0.0717655	0	0.0119541	0.0747103	0.245635
143	0.0100614	0.0254431	0.0709301	0	0.0143243	0.0753588	0.296162
144	0.0100614	0.025186	0.0702301	0	0.0135627	0.0749755	0.272735
145	0.0100614	0.0251112	0.0684162	0	0.0135627	0.0779747	0.293479
146	0.0100614	0.0250634	0.0678882	0	0.0134864	0.0808422	0.32482
147	0.0100614	0.0249109	0.0663144	0	0.013961	0.0824534	0.330388
148	0.0100614	0.0248398	0.0648788	0	0.0134864	0.0832374	0.330388
149	0.0100614	0.0250769	0.0663144	0	0.0121252	0.089366	0.384439
150	0.0100614	0.0251043	0.0668845	0.00149925	0.0121252	0.0890854	0.365861
151	0.0100614	0.0253546	0.0678882	0.00149925	0.0121252	0.0911508	0.384439
152	0.0100614	0.0249074	0.0650495	0	0.0121252	0.0894492	0.360302
153	0.0100614	0.0245803	0.0633543	0	0.0121252	0.0910428	0.360302
154	0.0100614	0.024698	0.0650495	0	0.0121252	0.0914358	0.360302
155	0.0100614	0.0245779	0.0650495	0	0.0140211	0.0904559	0.437747
156	0.0101513	0.0245662	0.0652619	0	0.0108653	0.0883335	0.365861
157	0.0100614	0.0247676	0.0650495	0.0029985	0.0121252	0.0891496	0.399513
158	0.0100614	0.0246253	0.0667805	0	0.0140211	0.0934457	0.421137
159	0.0101513	0.024685	0.0679088	0	0.0163293	0.0986087	0.508859
160	0.0101513	0.0245519	0.0652619	0	0.0140238	0.100847	0.508859
161	0.0101513	0.0246463	0.0652619	0	0.0169418	0.103851	0.620784
162	0.0100614	0.0246733	0.0652619	0	0.0146827	0.109763	0.560588
163	0.0100614	0.0244691	0.0652619	0	0.0145851	0.114024	0.608828
164	0.0100614	0.0245941	0.0652619	0	0.0184533	0.11942	0.9611
165	0.0100614	0.0246461	0.0662359	0	0.0169418	0.115954	0.780433
166	0.0100614	0.0243841	0.0652619	0	0.0165432	0.117127	0.780433
167	0.0101513	0.0244101	0.0678882	0	0.0165432	0.117312	0.808552
168	0.0100614	0.0243943	0.0662359	0	0.0165432	0.114889	0.808552
169	0.0100614	0.0243716	0.0659409	0	0.0108756	0.1168	0.560588
170	0.0100614	0.0245603	0.0659409	0	0.0108756	0.116345	0.581138
171	0.0101228	0.0246218	0.0678882	0	0.0101173	0.113037	0.581138
172	0.010057	0.0246785	0.0676466	0	0.0126798	0.114394	0.808552
173	0.0100614	0.0246599	0.0676466	0	0.0101173	0.111869	0.581138
174	0.010057	0.0246011	0.0660484	0	0.0101173	0.114788	0.587278
175	0.010057	0.0245484	0.0659409	0	0.0100593	0.110531	0.587278
176	0.0100086	0.0246091	0.0660484	0	0.0108756	0.106982	0.558106
177	0.0100614	0.0246583	0.0676278	0	0.0126798	0.108485	0.812025
178	0.0100086	0.0247663	0.0678882	0	0.0108756	0.114689	0.790925
179	0.010057	0.0248021	0.0711768	0	0.0105996	0.11221	0.785834
180	0.0100086	0.0253951	0.0818856	0.00149925	0.0105996	0.121384	1.03077
181	0.0100086	0.0253164	0.0818856	0.00149925	0.0105996	0.126051	1.20061
182	0.0100086	0.0249645	0.0818856	0	0.0105996	0.13374	1.52164
183	0.0100086	0.0250476	0.0818856	0	0.0105996	0.138816	1.76352
184	0.0100086	0.0248731	0.076518	0	0.0105996	0.148291	1.7911
185	0.0100086	0.0248327	0.0806097	0	0.0105996	0.157808	1.83847
186	0.0100086	0.0250807	0.0847165	0	0.0105996	0.424258	37.9894
187	0.0100086	0.0252693	0.0882504	0	0.0214908	0.615576	98.6909
188	0.010057	0.0253077	0.0882504	0	0.0215934	0.686326	98.6909
189	0.0100086	0.0253367	0.0882504	0	0.0118431	0.582672	70.0803
190	0.0100086	0.0251722	0.0847165	0	0.0101587	0.415098	50.1748
191	0.0100086	0.0251483	0.0867212	0	0.0101587	0.176394	18.4867
192	0.010057	0.0252714	0.0882504	0	0.0101587	0.0878408	0.812025
193	0.010057	0.0261468	0.0969201	0	0.0105012	0.0781582	0.546501
194	0.010057	0.0280091	0.121175	0.00149925	0.0105012	0.0656892	0.406827
195	0.0101767	0.0274529	0.113144	0.00149925	0.0105012	0.0625017	0.355548
196	0.0100086	0.0266141	0.0969201	0	0.0101587	0.058457	0.30084
197	0.0101767	0.0262141	0.0969201	0	0.0105012	0.0563072	0.295852
198	0.0102071	0.0254438	0.0909557	0	0.0101587	0.0557762	0.269619
199	0.0100086	0.0250446	0.0882504	0	0.0101043	0.0543432	0.252057
200	0.0100086	0.0249802	0.0882504	0	0.0101043	0.054216	0.244794
201	0.0100086	0.0247034	0.0847165	0	0.0101043	0.053457	0.217076
202	0.0100086	0.0245482	0.0847165	0	0.0101043	0.0540749	0.241594
203	0.0100086	0.0244736	0.0832837	0	0.0101043	0.0533774	0.241594
204	0.0100086	0.0244737	0.0841901	0	0.0101043	0.0528278	0.236158
205	0.0100086	0.0243885	0.0841901	0	0.0101043	0.0533237	0.236158
206	0.0100086	0.0242579	0.0779092	0	0.0101043	0.0545293	0.237708
207	0.0100086	0.0244154	0.0832837	0	0.0101043	0.056572	0.244794
208	0.0100086	0.0240583	0.072418	0	0.0105012	0.0590658	0.26769
209	0.0100086	0.0237895	0.0704545	0	0.0105012	0.0626011	0.293226
210	0.0101644	0.0236542	0.0704545	0	0.0105012	0.0637807	0.296312
211	0.0101644	0.0234609	0.0704545	0	0.0101043	0.0668552	0.30084
212	0.0101767	0.0232683	0.0704545	0	0.0101043	0.0661371	0.309144
213	0.0100086	0.023208	0.0681919	0	0.0105012	0.0682455	0.341201
214	0.0100086	0.0232116	0.0681919	0	0.0101043	0.0702273	0.443682
215	0.0100086	0.0230901	0.067604	0.00149925	0.0105012	0.0715915	0.51368
216	0.0100522	0.0229614	0.0681919	0.00149925	0.0105012	0.0726445	0.51368
217	0.0100522	0.0227852	0.0681919	0	0.0108344	0.0751096	0.521487
218	0.0100522	0.0228051	0.0681919	0	0.0108769	0.0863477	0.615822
219	0.0100724	0.0232372	0.0704545	0	0.0109211	0.0953507	0.712515
220	0.0100086	0.0234283	0.0704545	0.0029985	0.0106604	0.11201	1.56283
221	0.0100522	0.0225297	0.0681919	0	0.0109942	0.117339	1.86537
222	0.0100086	0.0222404	0.0668056	0	0.0108769	0.120568	1.82232
223	0.0100086	0.0219304	0.0640775	0	0.0111701	0.126155	2.24785
224	0.0100522	0.0219803	0.0651618	0	0.0108769	0.130641	2.26854
225	0.0100522	0.0218748	0.0633013	0	0.0109942	0.133996	2.53132
226	0.0100086	0.0219376	0.0640775	0	0.0109942	0.128906	2.24785
227	0.0100522	0.0216013	0.0622001	0	0.0108769	0.127616	2.09211
228	0.0100522	0.021236	0.0602575	0	0.0129713	0.126081	2.24785
229	0.0100086	0.0209516	0.0588105	0	0.0101219	0.116209	1.09295
230	0.0100086	0.0206932	0.0581187	0	0.0117547	0.107599	0.904054
231	0.0100522	0.0206684	0.0588105	0	0.0108752	0.105309	0.91927
232	0.0100086	0.0204845	0.0581187	0	0.010766	0.096008	0.740814
233	0.0100086	0.0203468	0.0581187	0	0.0101528	0.0866545	0.643347
234	0.0100086	0.0203443	0.0581187	0	0.0101528	0.0831931	0.643347
235	0.0100522	0.0204902	0.0599572	0	0.0101528	0.0744795	0.437463
236	0.0100086	0.0204056	0.0599572	0	0.0101528	0.0648332	0.407088
237	0.0100086	0.0200851	0.0588105	0	0.0105822	0.0592149	0.378137
238	0.0100522	0.0200445	0.0588105	0	0.0101528	0.0542675	0.266273
239	0.0100086	0.0199395	0.0581187	0	0.0100393	0.0515458	0.24522
240	0.0100086	0.0199941	0.0581187	0	0.0100393	0.0505723	0.22896
241	0.0100086	0.020015	0.0581187	0.0029985	0.0101528	0.0496763	0.22896
242	0.0100522	0.019722	0.0570732	0	0.0100393	0.0462365	0.213317
243	0.0100086	0.0196881	0.0559843	0	0.010145	0.0448357	0.199768
244	0.0100086	0.0197879	0.0570732	0	0.0100393	0.0430324	0.193599
245	0.0100522	0.0197012	0.0570732	0	0.010145	0.040932	0.166518
246	0.0100086	0.0193127	0.0532429	0	0.010145	0.0403711	0.164779
247	0.0100522	0.0193484	0.053826	0	0.0100393	0.039791	0.157795
248	0.0100086	0.0193085	0.053826	0	0.010145	0.0384747	0.153005
249	0.0100086	0.0195632	0.0570732	0	0.010145	0.0382968	0.151583
250	0.0100086	0.0199521	0.0581187	0.00149925	0.010145	0.0380884	0.149232
251	0.0100522	0.0198944	0.0599572	0	0.0100393	0.0376878	0.144385
252	0.0100522	0.01997	0.0599572	0	0.010145	0.0371588	0.142221
253	0.0100086	0.0201891	0.0610994	0	0.0100393	0.0367182	0.13806
254	0.0100086	0.0202447	0.0610994	0	0.0100393	0.0363143	0.134787
255	0.0100522	0.0202973	0.0599572	0	0.0101281	0.0360192	0.134787
256	0.0100086	0.0202155	0.0588105	0	0.0101281	0.0357532	0.133628
257	0.0100086	0.0201438	0.0585385	0	0.0101281	0.0357976	0.134386
258	0.0100086	0.02008	0.0582284	0	0.0101281	0.0350909	0.134386
259	0.0100522	0.0200714	0.0581187	0	0.0100393	0.0350312	0.134386
260	0.0100801	0.020059	0.0582284	0	0.0101281	0.0354111	0.137371
261	0.0102158	0.0200001	0.0582284	0	0.0100393	0.0360258	0.13806
262	0.0100522	0.0198801	0.0570732	0	0.0100393	0.0368861	0.144682
263	0.0100522	0.0200597	0.0570732	0	0.0101281	0.0367737	0.147074
264	0.0100522	0.0199205	0.0550276	0	0.0101281	0.0367534	0.142221
265	0.0100086	0.0198058	0.0533655	0	0.0101281	0.0372064	0.147074
266	0.0100522	0.0198328	0.0550276	0	0.0101281	0.0380021	0.152135
267	0.0100086	0.0199904	0.0559843	0	0.0100393	0.0389387	0.152135
268	0.010057	0.0196517	0.0523885	0	0.0101281	0.0406491	0.161547
269	0.0100463	0.0195339	0.049597	0	0.0100393	0.0419427	0.166909
270	0.0100086	0.019274	0.0487673	0	0.0101281	0.0432911	0.171718
271	0.0100086	0.0191755	0.0479321	0	0.0100393	0.0431889	0.166909
272	0.0100086	0.0193352	0.0496927	0	0.0100393	0.0434799	0.166909
273	0.0100086	0.0193087	0.0522116	0	0.0101281	0.043778	0.164779
274	0.0100463	0.0193923	0.0550276	0	0.0100393	0.0437467	0.164779
275	0.0100463	0.0193846	0.0550276	0	0.0101281	0.0434395	0.164779
276	0.0100086	0.0192867	0.0533655	0	0.0100393	0.0433558	0.158774
277	0.0100086	0.0189663	0.0496927	0	0.0101281	0.0434269	0.155968
278	0.0100086	0.0187525	0.0496927	0	0.0101281	0.04325	0.155912
279	0.0100086	0.0187714	0.0533655	0	0.0101281	0.0429042	0.154929
280	0.0100086	0.01884	0.0543974	0	0.0100393	0.0430221	0.152135
281	0.0100086	0.0188176	0.0543974	0	0.0100393	0.0449918	0.157491
282	0.0100086	0.0188787	0.0543974	0	0.0100393	0.0451075	0.155968
283	0.0100086	0.0188805	0.0533655	0	0.0101281	0.0470121	0.171963
284	0.0100086	0.0187836	0.0522116	0	0.0100393	0.0472607	0.171963
285	0.0100086	0.0183848	0.0444482	0	0.0101281	0.0480713	0.176278
286	0.0100086	0.0183553	0.0438648	0	0.0111411	0.0491812	0.203913
287	0.0100086	0.0183574	0.0438648	0	0.0107836	0.0500177	0.203913
288	0.0100086	0.0183965	0.0444482	0	0.0110347	0.0507427	0.203913
289	0.0100086	0.0184513	0.0448166	0	0.0108769	0.0510681	0.212441
290	0.0100086	0.0185508	0.0479321	0	0.010145	0.0521005	0.202609
291	0.0100463	0.0185556	0.0496156	0	0.010145	0.0545461	0.228801
292	0.0100317	0.0186517	0.0496927	0	0.0107875	0.0543572	0.212441
293	0.0100317	0.0186099	0.0496156	0	0.0101645	0.0565194	0.229903
294	0.0100086	0.0187877	0.0537623	0	0.0101645	0.0604566	0.264709
295	0.0100086	0.0188322	0.0537623	0	0.0110955	0.0659949	0.357862
296	0.0100086	0.0187633	0.0496927	0	0.0101645	0.0768619	0.508746
297	0.0100086	0.0187086	0.0496927	0	0.0111411	0.0897763	0.759272
298	0.0100086	0.0186652	0.0496927	0	0.0110955	0.0933903	0.759245
299	0.0100086	0.0187486	0.0509177	0	0.0111411	0.096263	0.759245
300	0.0100086	0.0188596	0.0522116	0	0.0105642	0.108175	0.811055
301	0.0100086	0.0189552	0.0559843	0	0.0117354	0.12016	1.00493
302	0.0100086	0.0192282	0.0575359	0.00149925	0.0113581	0.122453	0.936118
303	0.0100086	0.0195531	0.0583293	0.00149925	0.0141891	0.127541	1.14794
304	0.0100086	0.01979	0.0599148	0.00149925	0.0119238	0.123434	0.851359
305	0.0100086	0.0198657	0.0605847	0.00149925	0.0119238	0.109362	0.706477
306	0.0100086	0.0197424	0.0600758	0	0.0120597	0.10151	0.481994
307	0.0100086	0.0197456	0.0599148	0	0.0120597	0.0955818	0.362622
308	0.0100086	0.0197776	0.0612164	0	0.0120597	0.0970266	0.362622
309	0.0100086	0.0204404	0.0699909	0.00449775	0.0120597	0.0987558	0.362622
310	0.0100086	0.0198453	0.0600758	0	0.0120597	0.101714	0.362174
311	0.0100086	0.0199999	0.0612164	0.00149925	0.0120597	0.102257	0.349244
312	0.0100086	0.0199541	0.0599148	0	0.0120597	0.101586	0.348871
313	0.0100086	0.0197328	0.0576199	0	0.0120597	0.102649	0.362622
314	0.0100086	0.0199119	0.0600758	0	0.0120597	0.103155	0.362174
315	0.0100086	0.0201803	0.0612164	0	0.0112644	0.104534	0.362622
316	0.0100086	0.0201085	0.0604179	0	0.0118558	0.105847	0.362622
317	0.0100086	0.0199838	0.0600758	0	0.0119478	0.108342	0.394261
318	0.0100086	0.0199276	0.0599148	0	0.0109886	0.118152	0.498172
319	0.0100086	0.0201085	0.0612164	0	0.0100499	0.125571	0.559151
320	0.0100086	0.0203131	0.0626891	0	0.0105149	0.128526	0.762474
321	0.0100086	0.0204119	0.0638499	0	0.0112644	0.136955	0.991011
322	0.0100086	0.0204362	0.0626891	0	0.0118558	0.136158	0.588887
323	0.0100086	0.0205344	0.0647683	0	0.0119478	0.14096	0.666349
324	0.0100086	0.0203882	0.0626891	0	0.0119478	0.127942	0.476775
325	0.0100086	0.0207398	0.0641331	0	0.0139625	0.116552	0.394261
326	0.0100086	0.0211151	0.0670224	0	0.0146454	0.115581	0.394261
327	0.0100086	0.0212142	0.0685655	0	0.0146454	0.113967	0.394261
328	0.0100086	0.0214502	0.0696576	0	0.0146454	0.112537	0.388843
329	0.0100086	0.0214902	0.0682568	0	0.0137473	0.11296	0.406453
330	0.0100086	0.0218341	0.0696576	0	0.012886	0.115016	0.388843
331	0.0100086	0.0221718	0.0711207	0	0.0146454	0.11894	0.406453
332	0.0100086	0.0224468	0.0805204	0	0.0146454	0.119936	0.406453
333	0.0100086	0.0225339	0.0824824	0	0.0146454	0.123647	0.39165
334	0.0100086	0.0226608	0.0834984	0	0.0311443	0.128999	0.73406
335	0.0100086	0.0229867	0.0860844	0	0.0342943	0.140456	0.53582
336	0.0100086	0.0230808	0.0834984	0	0.034413	0.145204	0.433646
337	0.0102743	0.023272	0.0902917	0	0.0361055	0.149765	0.437542
338	0.0101767	0.0234867	0.0895825	0	0.0361055	0.151462	0.437542
339	0.0100086	0.0238495	0.0901565	0	0.039289	0.154415	0.437542
340	0.0101767	0.0241622	0.0921602	0	0.0428259	0.151876	0.437542
341	0.0101767	0.0240639	0.0921602	0	0.0407761	0.152463	0.442597
342	0.0101767	0.0242658	0.0921602	0	0.0428259	0.151174	0.437542
343	0.0100136	0.0242801	0.0921602	0	0.0456794	0.146561	0.442597
344	0.0101767	0.024523	0.095425	0	0.0515077	0.149293	0.481863
345	0.0100086	0.0247552	0.0996428	0	0.0515077	0.150663	0.498364
346	0.0100086	0.0249931	0.102622	0	0.0515077	0.14834	0.482267
347	0.0100086	0.0256335	0.108743	0	0.0515077	0.150357	0.442597
348	0.0100086	0.0263446	0.118984	0	0.0515247	0.151096	0.442597
349	0.0100086	0.0270671	0.130221	0	0.0515077	0.150436	0.448853
350	0.0100086	0.027779	0.137504	0	0.0515077	0.150426	0.448853
351	0.0101767	0.0278006	0.137718	0	0.0407761	0.143149	0.412263
352	0.0100086	0.029192	0.145309	0	0.0407761	0.141242	0.41645
353	0.0100086	0.0299322	0.160675	0	0.0407761	0.14075	0.41645
354	0.0101767	0.0317039	0.1841	0	0.0411385	0.136622	0.436817
355	0.0100086	0.0337087	0.1841	0	0.036734	0.131573	0.412263
356	0.0101767	0.0368332	0.237383	0	0.036734	0.12983	0.411894
357	0.010274	0.039385	0.247098	0	0.036734	0.126679	0.412263
358	0.010274	0.0409493	0.248391	0	0.0358546	0.125	0.393001
359	0.010274	0.0439867	0.268055	0	0.0302903	0.122877	0.35061
360	0.010274	0.0430964	0.267067	0	0.0303621	0.120808	0.35061
361	0.0100136	0.043155	0.248391	0	0.0302903	0.119602	0.35061
362	0.0100136	0.0433398	0.248391	0	0.0261984	0.11823	0.338837
363	0.010274	0.0442516	0.27883	0	0.0258447	0.116816	0.355865
364	0.0103821	0.0471659	0.322085	0.00149925	0.0238275	0.116846	0.355865
365	0.0104051	0.0510364	0.425678	0.011994	0.0231028	0.118082	0.35061
366	0.010274	0.0435293	0.301401	0.00149925	0.0231028	0.118293	0.355865
367	0.0103821	0.0418708	0.293352	0.00149925	0.0231028	0.119683	0.405976
368	0.0102935	0.037903	0.267067	0.00149925	0.0173445	0.123461	0.355865
369	0.0102484	0.0357448	0.242302	0	0.0231028	0.124038	0.436817
370	0.0100136	0.0325065	0.173173	0	0.0205133	0.125902	0.436817
371	0.0101	0.0306617	0.155314	0	0.0231028	0.126733	0.531797
372	0.0100136	0.0299869	0.136578	0.0029985	0.0239903	0.12827	0.531797
373	0.0100136	0.0290764	0.122798	0.00149925	0.0231028	0.130469	0.459119
374	0.0100031	0.0275999	0.112508	0	0.024285	0.132105	0.494594
375	0.0100031	0.0270328	0.108999	0	0.0249674	0.132201	0.531797
376	0.0100031	0.0261974	0.105516	0	0.0231028	0.132684	0.491321
377	0.0100031	0.0255537	0.100429	0	0.0231028	0.131926	0.491321
378	0.0100031	0.0244864	0.0884692	0	0.0231028	0.131476	0.445389
379	0.0101333	0.0238813	0.0843421	0	0.0270612	0.134424	0.494594
380	0.0100031	0.0232752	0.0786328	0	0.0373144	0.139744	0.573971
381	0.0100031	0.0230244	0.0786328	0	0.0373144	0.145465	0.527628
382	0.0100031	0.0228164	0.0786328	0	0.0373144	0.149092	0.527628
383	0.0100031	0.0227605	0.0786328	0	0.0373144	0.146299	0.50743
384	0.0100031	0.0223939	0.075481	0	0.0373144	0.149333	0.491321
385	0.0100031	0.0223453	0.0777866	0	0.0363023	0.150154	0.511149
386	0.0100031	0.0221049	0.0740507	0	0.0363023	0.154477	0.577678
387	0.0100031	0.0218033	0.0700143	0	0.0374754	0.156739	0.577678
388	0.0100031	0.0218469	0.0704559	0	0.0400541	0.162063	0.577678
389	0.0100031	0.0218329	0.0704559	0	0.0400541	0.167262	0.577678
390	0.0100031	0.0214138	0.0687892	0	0.04771	0.169938	0.708107
391	0.0100031	0.0209574	0.0664891	0	0.0485554	0.18152	0.708107
392	0.0100031	0.0209705	0.0656337	0	0.0500886	0.186321	0.708107
393	0.0100031	0.0209419	0.0646287	0	0.049024	0.19096	0.708107
394	0.0100031	0.0209027	0.0646287	0	0.0485936	0.196086	0.830551
395	0.0100031	0.0207265	0.0640831	0	0.0500886	0.213695	0.855039
396	0.0100031	0.0207901	0.0649066	0	0.0601648	0.228396	1.10713
397	0.0100031	0.020944	0.0664891	0	0.0603948	0.244752	1.14379
398	0.0100031	0.0207588	0.0656337	0	0.0560766	0.28398	2.57775
399	0.0100031	0.020743	0.0649066	0	0.0756627	0.67989	24.8236
400	0.0101333	0.0207714	0.0668379	0	0.0160098	0.170124	0.679293
401	0.0101	0.020929	0.0671919	0	0.0180548	0.163697	0.694304
402	0.0101	0.0209211	0.0668379	0	0.0194243	0.161968	0.694304
403	0.0101	0.0208898	0.0671919	0	0.0194243	0.162943	0.67093
404	0.0101	0.0208817	0.0671919	0	0.0194243	0.158573	0.694304
405	0.0100031	0.0210416	0.0668379	0	0.0194243	0.156619	0.694304
406	0.0101333	0.0208254	0.0668379	0	0.0194243	0.155748	0.694304
407	0.0101333	0.0208715	0.0668379	0	0.0194243	0.160812	0.694304
408	0.0101333	0.0208705	0.0668379	0	0.0194243	0.167255	0.694304
409	0.0101333	0.0208775	0.0672215	0	0.0194243	0.171966	0.789104
410	0.0100136	0.020943	0.0672215	0	0.0199416	0.185365	0.847272
411	0.0100031	0.0209989	0.0672215	0	0.0326058	0.220675	1.6765
412	0.0101	0.0209222	0.0689073	0	0.0326058	0.223493	1.52951
413	0.0100031	0.0210335	0.0684672	0	0.0315432	0.225966	1.52951
414	0.0101	0.0206234	0.0672215	0	0.0281652	0.240608	1.60631
415	0.0101591	0.0204947	0.0672215	0	0.0252737	0.248917	1.52951
416	0.0100031	0.0204142	0.0649066	0	0.0252737	0.266585	1.82337
417	0.0100031	0.0203138	0.0626762	0	0.0252737	0.273378	2.46426
418	0.0100031	0.0202239	0.0621197	0	0.0179452	0.278171	2.46426
419	0.0100031	0.02025	0.0626762	0	0.0194243	0.327285	4.95107
420	0.0100031	0.0205721	0.0649066	0	0.014123	0.353966	5.1176
421	0.0100031	0.0208262	0.0665703	0	0.0142266	0.375649	11.7852
422	0.0101591	0.0208764	0.0672215	0	0.0253511	0.438799	36.1647
423	0.0100031	0.0207099	0.0649066	0	0.143224	1.81183	98.1077
424	0.0100031	0.0208267	0.0646287	0	0.0111264	0.221162	23.968
425	0.0100031	0.0209839	0.0646287	0	0.0100026	0.0854898	0.907297
426	0.0100031	0.0207981	0.0616263	0	0.0100623	0.0704562	0.805567
427	0.0100031	0.0208284	0.06435	0	0.0104409	0.0570411	0.618487
428	0.0100031	0.0207899	0.06435	0	0.0104409	0.0547062	0.618758
429	0.0100031	0.0207717	0.0600342	0	0.0100026	0.0520726	0.583854
430	0.0100031	0.0208752	0.0614448	0	0.0100026	0.0513322	0.564877
431	0.0100031	0.0208682	0.0614448	0	0.0100026	0.0518128	0.564877
432	0.0100031	0.0210544	0.0646287	0	0.0100026	0.0513647	0.525136
433	0.010075	0.0211541	0.0649066	0	0.0104409	0.0496534	0.468442
434	0.010075	0.0213877	0.0671286	0	0.0100026	0.0476074	0.453343
435	0.010075	0.0213253	0.0671286	0	0.0100026	0.0473705	0.453343
436	0.0100136	0.0216324	0.0700143	0	0.0100623	0.0466849	0.453343
437	0.0100136	0.021952	0.0727391	0	0.0100782	0.0457986	0.417728
438	0.0100136	0.0221743	0.0763542	0	0.0100026	0.0457903	0.389111
439	0.0100136	0.0224347	0.081866	0	0.0100026	0.0464901	0.453343
440	0.0100136	0.0225636	0.0833105	0	0.0100026	0.0461948	0.453343
441	0.0100136	0.022635	0.0840882	0	0.0100026	0.0462304	0.453343
442	0.010075	0.022548	0.0883128	0	0.0100026	0.0474677	0.542025
443	0.0100136	0.0226781	0.0883128	0	0.0100026	0.046913	0.565769
444	0.0100136	0.0228889	0.0901525	0	0.0100623	0.0476001	0.614851
445	0.0100136	0.0232617	0.0964122	0	0.0100623	0.0484508	0.785721
446	0.0101591	0.0234777	0.101053	0	0.0100026	0.0508145	0.96257
447	0.0100136	0.0238861	0.101053	0	0.0100026	0.0560166	1.16003
448	0.010075	0.0244686	0.114975	0	0.0100782	0.0586016	1.4676
449	0.0100136	0.0247162	0.119221	0	0.0104409	0.0617862	2.22071
450	0.010075	0.0253604	0.124535	0	0.0104409	0.0646435	2.22071
451	0.010075	0.0268342	0.133951	0.00149925	0.0100782	0.066603	2.22071
452	0.010075	0.0286152	0.188174	0.00449775	0.0100026	0.0691306	2.47735
453	0.0101982	0.0308667	0.247161	0.011994
