		omega		Posterior		rho				Synonymous theta			kappa			phi	
Site	Lower	Point	Higher	prob of +ve	Lower	Point	Higher		Lower	Point	Higher	Lower	Point	Higher	Lower	Point	Higher
	95% HPD	estimate	95% HPD	selection	95% HPD	estimate	95% HPD		95% HPD	estimate	95% HPD	95% HPD	estimate	95% HPD	95% HPD	estimate	95% HPD
0	0.0201589	1.42245	99.7392	0.56072	0.0112181	0.611064	48.6748		3.13054e-47	1.30344e-36	4.4803e-27	5.1667e-25	1.27099e-15	2.23473e-07	0	0	0
1	0.0198723	1.40613	99.7392	0.562219	0.0112181	0.585363	48.9925
2	0.0200699	1.35092	99.7392	0.55922	0.0112181	0.586486	47.9284
3	0.0200699	1.29823	99.7392	0.551724	0.0112181	0.592619	48.9925
4	0.0201589	1.30097	99.7392	0.548726	0.0115881	0.590843	55.1544
5	0.0198723	1.29714	99.7392	0.553223	0.0112181	0.667487	56.8355
6	0.0163043	1.32457	91.9334	0.55922	0.0112181	0.602851	56.8355
7	0.0167263	1.29156	99.7392	0.55922	0.0107977	0.646256	57.2975
8	0.0165893	1.32265	96.2149	0.568216	0.0113353	0.648709	57.2975
9	0.0165893	1.21108	96.2149	0.553223	0.0115537	0.685253	60.4138
10	0.0153065	1.14433	92.4942	0.542729	0.0113617	0.710749	66.1697
11	0.0153065	1.1308	91.672	0.536732	0.011461	0.736674	66.1697
12	0.0153065	1.06599	92.4942	0.523238	0.0113617	0.74273	66.1697
13	0.0152475	1.07771	91.672	0.526237	0.0113138	0.726918	67.7941
14	0.0144403	1.0163	85.319	0.515742	0.0115537	0.723059	66.2338
15	0.0116768	0.960116	69.686	0.512744	0.0119177	0.731644	66.2338
16	0.0120751	0.954844	68.5638	0.509745	0.0115537	0.703474	64.1576
17	0.0116768	0.958357	68.5638	0.511244	0.0119177	0.689795	66.1697
18	0.0126934	0.921252	68.5638	0.502249	0.0145468	0.721305	79.4602
19	0.0126934	1.00048	68.5638	0.514243	0.0145468	0.694342	78.6152
20	0.0132451	1.01081	69.3923	0.508246	0.0103411	0.651228	54.5562
21	0.0137894	1.05733	69.686	0.506747	0.0103411	0.662871	54.5562
22	0.0132451	1.0806	69.686	0.514243	0.0103411	0.647166	54.5562
23	0.0126579	0.987976	68.4417	0.497751	0.0103411	0.638655	57.2975
24	0.0126579	1.01712	69.686	0.50075	0.010167	0.631992	59.4504
25	0.0126579	0.97059	69.686	0.490255	0.010167	0.611448	54.9909
26	0.0126579	0.897834	70.6026	0.472264	0.010167	0.621225	54.9909
27	0.0145962	0.879004	83.8116	0.467766	0.010167	0.626096	56.7136
28	0.0143948	0.872388	83.8116	0.461769	0.010167	0.637998	57.2975
29	0.0146295	0.870702	83.8116	0.467766	0.010167	0.632355	57.2975
30	0.0143948	0.900706	80.6029	0.475262	0.0103059	0.630022	57.2975
31	0.0142753	0.86967	83.8116	0.467766	0.0103059	0.637281	57.2975
32	0.0142753	0.876781	80.6029	0.470765	0.0103059	0.662662	54.5562
33	0.0119781	0.857873	69.577	0.469265	0.0106928	0.678479	50.374
34	0.0119781	0.869896	69.686	0.467766	0.0103059	0.721734	50.374
35	0.0119781	0.879399	70.6026	0.464768	0.0103059	0.755445	54.5562
36	0.0119781	0.860626	70.6026	0.461769	0.0167238	0.815254	92.6394
37	0.0174877	0.948329	96.419	0.47976	0.0167238	0.908088	93.9439
38	0.0180112	1.0286	96.419	0.496252	0.0167238	0.924983	92.6394
39	0.0170263	1.02631	98.0132	0.493253	0.0177293	1.01115	96.6296
40	0.0180112	1.072	96.419	0.497751	0.0167238	1.10837	93.9439
41	0.0190925	1.08641	96.419	0.49925	0.0168394	1.15893	93.9439
42	0.0201904	1.11459	96.419	0.506747	0.0165433	1.18188	92.2421
43	0.0204083	1.20797	96.419	0.52024	0.0121074	1.25169	68.9818
44	0.0201904	1.22828	96.419	0.518741	0.0121074	1.23183	70.4591
45	0.0195369	1.27819	96.419	0.524738	0.0165433	1.34211	89.2808
46	0.0189868	1.21021	96.419	0.523238	0.0177293	1.43547	89.2808
47	0.018939	1.23471	98.0132	0.524738	0.018089	1.6626	89.2808
48	0.0189868	1.31177	96.3016	0.535232	0.018089	1.78074	91.0901
49	0.0189868	1.34152	96.3016	0.544228	0.018089	1.87714	89.8129
50	0.0189868	1.37954	96.3016	0.542729	0.0213107	1.87764	93.9439
51	0.0182696	1.41686	96.3016	0.556222	0.0213107	1.88339	91.7349
52	0.0189868	1.41059	98.0132	0.553223	0.0213107	1.85102	88.4682
53	0.0182696	1.28987	96.3016	0.538231	0.0215762	1.92697	86.7105
54	0.0180112	1.28586	96.3016	0.538231	0.0213107	1.99196	86.7105
55	0.0180112	1.30562	98.3508	0.535232	0.0221168	2.0385	93.9439
56	0.0174871	1.23172	96.3016	0.529235	0.0213107	2.04069	93.5138
57	0.0171739	1.22685	98.3508	0.530735	0.023041	2.03181	98.8513
58	0.016154	1.20334	94.1888	0.529235	0.024569	1.80714	98.8513
59	0.017477	1.12247	96.3016	0.515742	0.0221168	1.5912	98.8513
60	0.0176005	1.09287	96.3016	0.511244	0.018215	1.48866	84.8195
61	0.017477	1.02006	96.3016	0.493253	0.018215	1.38134	84.8195
62	0.017477	0.972756	96.3016	0.490255	0.0200844	1.39795	92.2869
63	0.0160054	0.812298	91.3831	0.457271	0.0195719	1.44232	92.2869
64	0.0160054	0.761717	91.3831	0.452774	0.017504	1.42698	85.9802
65	0.0101078	0.693008	53.7504	0.442279	0.0213107	1.44116	98.8513
66	0.0101078	0.704357	53.7504	0.448276	0.020494	1.48336	85.8499
67	0.0101078	0.727832	54.6779	0.449775	0.0208366	1.41891	85.9096
68	0.0101078	0.761679	57.7538	0.452774	0.0195719	1.2954	86.7492
69	0.0101078	0.837308	60.3828	0.466267	0.0200106	1.27458	86.7492
70	0.0105912	0.784442	65.1698	0.455772	0.0179789	1.27597	85.0442
71	0.0106906	0.778432	65.1698	0.451274	0.0179789	1.19553	85.0442
72	0.0101078	0.748785	60.3828	0.443778	0.0179789	1.16653	86.7492
73	0.0106906	0.788184	64.7222	0.454273	0.0179789	1.138	85.8499
74	0.0106906	0.809371	64.7222	0.461769	0.0179789	1.10784	87.4235
75	0.0115736	0.773295	66.594	0.455772	0.0179789	1.06549	87.4235
76	0.0118945	0.797174	67.7158	0.461769	0.0176768	1.04556	87.4235
77	0.0118945	0.76483	66.8878	0.458771	0.0112969	1.04589	57.19
78	0.0100026	0.771345	52.5762	0.457271
