		omega		Posterior		rho				Synonymous theta			kappa			phi	
Site	Lower	Point	Higher	prob of +ve	Lower	Point	Higher		Lower	Point	Higher	Lower	Point	Higher	Lower	Point	Higher
	95% HPD	estimate	95% HPD	selection	95% HPD	estimate	95% HPD		95% HPD	estimate	95% HPD	95% HPD	estimate	95% HPD	95% HPD	estimate	95% HPD
0	0.0100365	0.0340538	0.305215	0.0089955	0.0150892	1.00613	69.1111		0.0409044	0.0517823	0.0666731	2.56853	4.46186	8.08904	0	0	0
1	0.0100365	0.0322386	0.272468	0.00149925	0.01505	0.993857	67.2863
2	0.0100344	0.0312424	0.201929	0.00149925	0.0100703	1.00895	54.0061
3	0.0100909	0.0301358	0.177732	0	0.0100703	0.993424	54.0061
4	0.0100344	0.0296211	0.174684	0.00149925	0.0105484	0.922861	58.0556
5	0.0100365	0.0294885	0.174684	0.0029985	0.0100703	0.873508	57.6776
6	0.0100365	0.0289057	0.167196	0	0.0100703	0.850061	57.5123
7	0.0100365	0.0282619	0.167196	0	0.0105484	0.887654	58.7241
8	0.0100365	0.027338	0.15112	0	0.0149676	0.911363	83.728
9	0.0100365	0.0267747	0.14241	0	0.0149951	0.899536	83.728
10	0.0100365	0.0269194	0.143347	0.00149925	0.0149676	0.858352	77.56
11	0.0100365	0.0268178	0.143347	0.00149925	0.0149676	0.781009	77.2941
12	0.0100365	0.0264676	0.14241	0	0.0149676	0.764794	77.2941
13	0.0100365	0.0264879	0.14241	0.00149925	0.0149676	0.728093	77.2941
14	0.0100909	0.0258263	0.100448	0.00149925	0.0149676	0.74033	77.2941
15	0.0100909	0.0255781	0.0949217	0.00149925	0.0149676	0.788014	83.728
16	0.0100909	0.0249676	0.0915543	0.00149925	0.0143747	0.792461	86.2638
17	0.0100909	0.0246772	0.0901673	0.00149925	0.0143747	0.830548	87.7924
18	0.0101227	0.0242383	0.0891012	0.00149925	0.0149676	0.787376	92.9111
19	0.0100909	0.0240449	0.0888775	0.00149925	0.0101613	0.689572	58.1929
20	0.0100909	0.0233441	0.0817881	0	0.0105277	0.617492	58.1929
21	0.0101064	0.0230249	0.0769253	0	0.0106092	0.56665	58.0556
22	0.0101064	0.0229246	0.0769253	0	0.0101613	0.461263	51.7098
23	0.0100909	0.0225522	0.070815	0	0.0101613	0.490537	51.7098
24	0.0100909	0.0227193	0.069773	0	0.0101613	0.383811	42.4767
25	0.0101064	0.0229471	0.070815	0	0.0101613	0.36509	39.4909
26	0.0100909	0.023075	0.0717531	0	0.0101613	0.38546	43.7273
27	0.0100909	0.023275	0.0769253	0	0.0101613	0.384535	39.4909
28	0.0100909	0.0237144	0.0811839	0.0029985	0.0101613	0.395903	47.5044
29	0.010062	0.0237346	0.0817881	0	0.0102633	0.424707	52.0823
30	0.010062	0.0238477	0.0829782	0	0.0102633	0.391323	52.0765
31	0.0101064	0.0234622	0.0829782	0	0.0102379	0.345546	52.0823
32	0.010062	0.0234351	0.0776383	0	0.0101355	0.319406	48.6056
33	0.010062	0.0234122	0.0776383	0	0.0101613	0.284759	48.2195
34	0.0100909	0.0230622	0.0769253	0	0.010194	0.270564	40.4517
35	0.010062	0.0233304	0.0776383	0	0.0102379	0.275647	32.1888
36	0.010062	0.0230837	0.0773027	0	0.0102379	0.259101	25.8298
37	0.010062	0.0231412	0.0776383	0	0.0105141	0.248609	25.8298
38	0.0100909	0.0233414	0.0784767	0	0.0100055	0.236991	16.642
39	0.0100909	0.0231903	0.0784767	0	0.0100055	0.227542	10.6347
40	0.010062	0.0231562	0.0776383	0	0.0100055	0.221355	8.61944
41	0.0100909	0.0231837	0.078309	0	0.0100055	0.225908	8.29006
42	0.0100909	0.0232593	0.078309	0	0.0100055	0.231098	10.6347
43	0.0100909	0.0233632	0.078309	0	0.0100055	0.241418	12.7477
44	0.0100909	0.0232224	0.0776383	0	0.0100055	0.251332	12.7477
45	0.0100909	0.0235476	0.0811839	0	0.0100055	0.269822	11.3969
46	0.0100637	0.0231072	0.0776383	0	0.0100055	0.274958	11.3969
47	0.0100637	0.0231115	0.0769017	0	0.0100055	0.275612	11.3969
48	0.0100637	0.0233372	0.0776383	0.00149925	0.0101624	0.253665	9.80379
49	0.0100637	0.0237846	0.0829782	0.00449775	0.0100055	0.216867	3.88402
50	0.0100637	0.0239396	0.0879326	0.00149925	0.0100055	0.213013	3.23676
51	0.0100637	0.0237365	0.0866153	0	0.0100055	0.203372	2.5664
52	0.0100637	0.0250356	0.111181	0	0.0101624	0.183574	1.92329
53	0.0100909	0.0247795	0.104211	0	0.0100055	0.181646	1.6518
54	0.0100637	0.0249352	0.103723	0	0.0101624	0.192106	2.08167
55	0.0100637	0.0251447	0.104211	0	0.0100055	0.205845	2.34495
56	0.0100637	0.0249939	0.105741	0	0.0101624	0.218606	2.60882
57	0.0100637	0.0243553	0.096397	0	0.0100055	0.221562	2.50127
58	0.0100637	0.0243464	0.103723	0.00149925	0.0100055	0.240175	2.88936
59	0.0100909	0.0243873	0.104211	0.00149925	0.0106302	0.252815	3.14149
60	0.0100637	0.0243693	0.104211	0.0029985	0.0106302	0.263452	3.14149
61	0.0100637	0.0249197	0.12211	0.0029985	0.0106302	0.272688	3.3352
62	0.0100637	0.0249907	0.12211	0.00449775	0.0100055	0.309218	4.55365
63	0.0100637	0.0250312	0.114333	0.00449775	0.0100055	0.359024	11.6131
64	0.0100637	0.0243571	0.103723	0.0029985	0.0106302	0.426144	21.2423
65	0.0100909	0.0242278	0.103723	0.0029985	0.0333862	0.463868	68.1439
66	0.0100909	0.0236802	0.0913043	0	0.0100055	0.404263	17.153
67	0.0100637	0.023792	0.0913043	0	0.0108302	0.355752	12.9287
68	0.0100909	0.0236447	0.0913043	0	0.0100055	0.322484	3.66044
69	0.0100637	0.0236855	0.0913043	0	0.0108302	0.274223	1.50226
70	0.0100637	0.0237796	0.096397	0	0.0189487	0.240567	1.81597
71	0.0101064	0.0241096	0.103723	0	0.0188702	0.221131	1.63467
72	0.0100637	0.0240306	0.102511	0	0.021832	0.203496	1.57731
73	0.0100637	0.0237814	0.102511	0	0.021832	0.194544	1.50226
74	0.0100637	0.0237039	0.0913043	0	0.0185583	0.183462	1.39232
75	0.0100637	0.0237099	0.102511	0	0.0185583	0.182261	1.34997
76	0.0100637	0.023645	0.096397	0	0.0196497	0.180495	1.50226
77	0.0100637	0.0238396	0.103723	0	0.0185583	0.169	1.57731
78	0.0100909	0.0240449	0.103723	0	0.0179819	0.157874	1.50226
79	0.0101064	0.0241716	0.103723	0	0.0111184	0.156015	0.99254
80	0.0100637	0.0245017	0.103723	0	0.01058	0.157883	1.12654
81	0.0100637	0.0248155	0.105741	0	0.0110265	0.162398	1.21144
82	0.0100637	0.0249795	0.108916	0	0.0111456	0.163186	1.29163
83	0.0100909	0.0255	0.114075	0	0.0110265	0.162187	1.30772
84	0.0100637	0.0259827	0.116673	0.00149925	0.0107287	0.160123	1.65872
85	0.0100637	0.026114	0.120073	0.00149925	0.0106052	0.164227	2.77869
86	0.0100637	0.0263349	0.120073	0.00149925	0.0104466	0.154515	2.88428
87	0.0100637	0.0263368	0.116673	0.00149925	0.0104466	0.131046	2.07864
88	0.0100637	0.0267359	0.121755	0.00449775	0.0102412	0.120082	2.10684
89	0.0100637	0.0272773	0.12211	0.00449775	0.0104466	0.114136	2.07864
90	0.0100297	0.0279527	0.134726	0.00449775	0.0102412	0.113559	2.71519
91	0.0100052	0.027365	0.134726	0.00149925	0.0102412	0.11474	3.43387
92	0.0100052	0.0276905	0.130585	0.00149925	0.0104466	0.109995	3.43387
93	0.0100052	0.0280366	0.13559	0	0.010038	0.0956942	2.07864
94	0.0100052	0.028846	0.145335	0	0.010038	0.0939338	1.63171
95	0.0100052	0.0294344	0.153261	0.00149925	0.010038	0.0918966	1.63171
96	0.0100637	0.030283	0.161957	0.0029985	0.010038	0.0923404	1.6696
97	0.0100052	0.0311753	0.166597	0.00749625	0.010038	0.0914629	1.63171
98	0.0100052	0.031232	0.166597	0.0029985	0.0102412	0.0926773	1.6696
99	0.0100637	0.0319286	0.172762	0.00449775	0.0102412	0.0912484	1.72305
100	0.0100052	0.0325377	0.175739	0.00449775	0.0102412	0.0868404	1.6696
101	0.0100052	0.0334794	0.192789	0.0029985	0.0102412	0.0771922	1.46226
102	0.0101418	0.0341049	0.205978	0.0029985	0.0100373	0.0736637	1.27991
103	0.0101418	0.0350083	0.205978	0.00149925	0.0100373	0.0697759	1.27991
104	0.0101227	0.0355704	0.205978	0.00149925	0.0100373	0.067059	1.19649
105	0.0101418	0.0364561	0.205978	0.00149925	0.0100373	0.0709734	1.62154
106	0.0101418	0.0373795	0.205978	0.00149925	0.0100373	0.0755311	5.11787
107	0.0100909	0.0380235	0.205978	0	0.0100373	0.0767877	6.26963
108	0.0101704	0.0400656	0.221327	0	0.0100373	0.0764988	8.03953
109	0.0100097	0.0418556	0.221327	0.0029985	0.0100373	0.0783318	9.57435
110	0.0100909	0.0436912	0.26499	0.00449775	0.0100373	0.0749203	8.03953
111	0.0100097	0.0451759	0.279831	0.00449775	0.0100373	0.0723432	2.86697
112	0.0101064	0.0492899	0.305114	0.011994	0.0100373	0.0659098	0.947202
113	0.0100097	0.0564416	0.500226	0.0209895	0.0100373	0.0588789	0.362198
114	0.0100097	0.0620448	0.789032	0.0329835	0.010096	0.0549491	0.299403
115	0.0100097	0.0689248	0.961804	0.0464768	0.010096	0.0509746	0.26769
116	0.0101064	0.0613505	0.709713	0.029985	0.010096	0.0504856	0.249008
117	0.0100097	0.0545381	0.468126	0.0164918	0.010096	0.0502225	0.219404
118	0.0100097	0.0512451	0.312212	0.0104948	0.010096	0.050738	0.261071
119	0.0100097	0.0476372	0.256331	0.005997	0.0100585	0.0499647	0.249008
120	0.0101532	0.0451777	0.22633	0.0029985	0.0100585	0.0498273	0.26769
121	0.0101532	0.0431322	0.219378	0.00449775	0.010096	0.0518867	0.285863
122	0.0101704	0.0426336	0.221327	0.00149925	0.010096	0.0521017	0.285863
123	0.0101532	0.0421235	0.221327	0	0.0100585	0.0525753	0.29912
124	0.0100276	0.0415557	0.221327	0	0.0100585	0.0527255	0.303175
125	0.0101532	0.0407046	0.221327	0	0.0100585	0.054123	0.334498
126	0.0100276	0.0408747	0.221327	0	0.0100585	0.0529104	0.31282
127	0.0101532	0.0403195	0.221327	0	0.0100585	0.0524748	0.309693
128	0.0100097	0.0409671	0.231303	0.0029985	0.0100585	0.0515331	0.26769
129	0.0100097	0.0398841	0.221327	0.0029985	0.0100585	0.0524847	0.309693
130	0.0100097	0.0393865	0.225618	0.0029985	0.0100585	0.0523477	0.317002
131	0.0100097	0.0393074	0.225618	0.0029985	0.0100585	0.0526174	0.31282
132	0.0100097	0.0379118	0.212388	0.00149925	0.0100585	0.0527455	0.31282
133	0.0101532	0.0369239	0.209037	0	0.0100585	0.0511809	0.291488
134	0.0101532	0.0360923	0.206405	0	0.0100585	0.0519866	0.291488
135	0.0100097	0.0356362	0.201051	0	0.0100585	0.0530742	0.309693
136	0.0100097	0.0349704	0.187169	0	0.0100585	0.0528287	0.303175
137	0.0101704	0.0341844	0.187169	0.00149925	0.0100585	0.0529874	0.277727
138	0.0101704	0.0340655	0.187169	0.00149925	0.0100585	0.0537816	0.317002
139	0.0101279	0.0338537	0.187169	0.00149925	0.0100585	0.0536681	0.317002
140	0.0101279	0.0336736	0.187169	0.0029985	0.0100585	0.0527079	0.291488
141	0.0100097	0.0324931	0.172081	0.00149925	0.0100585	0.0523073	0.309693
142	0.0100097	0.0321135	0.172081	0.0029985	0.0100585	0.0506623	0.274154
143	0.0100097	0.0317646	0.161312	0.00149925	0.0100585	0.050746	0.274154
144	0.0100276	0.0317832	0.161312	0.00149925	0.0100585	0.0506655	0.269846
145	0.0100097	0.0318816	0.177454	0.00149925	0.0100585	0.0508847	0.269846
146	0.0100097	0.0313624	0.161312	0.00149925	0.0100585	0.051392	0.269846
147	0.0101279	0.0311879	0.161312	0.0029985	0.0100585	0.0505786	0.269846
148	0.0101205	0.0316809	0.161312	0.00449775	0.0100585	0.0507587	0.269846
149	0.010025	0.0315013	0.161312	0.0029985	0.0100585	0.0523395	0.303175
150	0.0101205	0.0310139	0.161312	0.0029985	0.0100585	0.0496189	0.26769
151	0.0100097	0.0300937	0.153795	0.00149925	0.0100585	0.0506884	0.291488
152	0.0100097	0.0296375	0.140597	0	0.0100585	0.0510372	0.309693
153	0.0100097	0.029842	0.152712	0.00149925	0.0100585	0.0491679	0.309693
154	0.0100097	0.0296492	0.145478	0.00149925	0.0100585	0.0479963	0.263785
155	0.0100097	0.0291041	0.140597	0.00149925	0.0100585	0.0467989	0.246761
156	0.0100097	0.029042	0.140597	0.00149925	0.0100585	0.0456781	0.191006
157	0.0100097	0.0286861	0.136968	0.00149925	0.0100585	0.0461189	0.227096
158	0.0100097	0.0283105	0.136968	0.00149925	0.0100585	0.0471549	0.227096
159	0.0100097	0.0287956	0.145227	0.0029985	0.0100585	0.0475355	0.227096
160	0.0100097	0.0290744	0.153795	0.00449775	0.0100585	0.0473956	0.232138
161	0.0100097	0.0292236	0.153795	0.00449775	0.010096	0.0504677	0.363034
162	0.0100097	0.0294551	0.152712	0.00749625	0.0100585	0.0491045	0.303175
163	0.0100097	0.0290987	0.136446	0.00449775	0.010096	0.0498715	0.363034
164	0.0100097	0.0288214	0.133236	0.0029985	0.0100585	0.0495901	0.343346
165	0.0100097	0.0284109	0.131753	0.0029985	0.0100585	0.0486301	0.288355
166	0.0100097	0.028044	0.129913	0	0.0100585	0.0485172	0.292934
167	0.0100097	0.0282998	0.131753	0.00149925	0.010096	0.0492022	0.30338
168	0.0100097	0.0281307	0.133236	0.00149925	0.0100585	0.0497555	0.30338
169	0.0100097	0.0276049	0.125355	0.00149925	0.0100585	0.0510706	0.367257
170	0.0100097	0.0272154	0.118842	0	0.0100585	0.0509769	0.374754
171	0.0100097	0.0271296	0.118842	0	0.0100585	0.0503657	0.363034
172	0.0100097	0.0266799	0.108891	0	0.0100585	0.0499656	0.363034
173	0.0100097	0.0266425	0.112193	0	0.0100585	0.0497635	0.297682
174	0.0100097	0.0270635	0.118842	0.0029985	0.0100585	0.0572821	0.434264
175	0.0100097	0.0271524	0.131753	0.00449775	0.0100585	0.0662189	1.13519
176	0.0100097	0.027063	0.125355	0.00449775	0.0100585	0.0699284	5.78124
177	0.0100097	0.0271584	0.125355	0.0029985	0.0100585	0.0831714	23.0461
178	0.0100097	0.0268283	0.115277	0.0029985	0.010096	0.0956207	30.0721
179	0.0100097	0.0262907	0.108891	0	0.010096	0.100627	35.6075
180	0.0100097	0.026224	0.108612	0	0.0100585	0.101265	35.6075
181	0.0100097	0.0263249	0.108612	0	0.0100585	0.104146	35.9852
182	0.0100097	0.0260645	0.107087	0	0.0100585	0.10478	35.9852
183	0.010025	0.0259163	0.107235	0	0.010096	0.105191	36.216
184	0.0100097	0.0261772	0.108891	0	0.010096	0.106479	36.216
185	0.0100097	0.0259043	0.108612	0	0.010096	0.10886	36.216
186	0.0100097	0.0257071	0.107235	0	0.010096	0.109981	35.6075
187	0.0100856	0.0253703	0.107562	0	0.0101227	0.111751	35.6075
188	0.0100856	0.0254612	0.107562	0	0.0101227	0.112092	34.9659
189	0.0100856	0.0255383	0.107235	0	0.0101227	0.114631	31.3477
190	0.0100097	0.0257846	0.107235	0.00149925	0.0101227	0.196494	37.5471
191	0.0100097	0.0259812	0.108891	0.00149925	0.0101227	0.199763	37.5471
192	0.0100097	0.0264995	0.115608	0.00149925	0.0101227	0.192157	37.5471
193	0.0100097	0.0265579	0.115525	0.0029985	0.0101227	0.186473	36.216
194	0.0100097	0.0267896	0.115608	0.0029985	0.0101227	0.182798	35.6075
195	0.0100856	0.0265643	0.116155	0.00149925	0.0101227	0.184167	35.6075
196	0.0100097	0.0271667	0.115608	0.00149925	0.0101227	0.181877	34.9659
197	0.0100097	0.0275873	0.116155	0.0029985	0.0101227	0.183698	34.9659
198	0.0100856	0.0276715	0.125355	0.00149925	0.0101227	0.184213	30.6843
199	0.0100097	0.0282539	0.134173	0.00149925	0.0101227	0.185329	30.6843
200	0.0100097	0.0292593	0.162278	0.0029985	0.0101173	0.182624	29.5439
201	0.0100097	0.0295389	0.164916	0.00149925	0.0108145	0.184408	30.9102
202	0.0100856	0.0295941	0.164916	0.00149925	0.0111925	0.183478	30.9102
203	0.01001	0.0295873	0.160524	0.00149925	0.0111925	0.194401	29.9364
204	0.0100856	0.0294069	0.148712	0.00149925	0.0111925	0.199224	29.9364
205	0.01001	0.0298171	0.152676	0.00149925	0.0100427	0.185842	29.0487
206	0.0100856	0.0295046	0.147544	0.0029985	0.0100427	0.186106	29.0487
207	0.01001	0.0293793	0.134173	0.0029985	0.0100427	0.176274	27.7296
208	0.01001	0.0291694	0.125619	0.00449775	0.0100427	0.165517	30.6843
209	0.01001	0.0290589	0.132952	0.0029985	0.0100427	0.136863	29.5439
210	0.01001	0.0288578	0.134173	0	0.0100427	0.132679	27.0217
211	0.01001	0.0286534	0.147544	0	0.0100427	0.131042	27.0217
212	0.01001	0.0289555	0.152676	0	0.0100427	0.127574	25.1749
213	0.01001	0.0291602	0.152676	0	0.0100427	0.127776	25.1749
214	0.01001	0.029906	0.161257	0	0.0100427	0.121387	25.1749
215	0.01001	0.0298838	0.161257	0	0.0100427	0.118452	17.4959
216	0.01001	0.0296372	0.160524	0	0.0100427	0.121992	15.6426
217	0.01001	0.028431	0.126547	0	0.0100427	0.120694	14.6145
218	0.01001	0.0283616	0.132355	0	0.0100427	0.120422	12.586
219	0.01001	0.0283185	0.125453	0	0.0100427	0.124743	15.6426
220	0.01001	0.0287109	0.14459	0.00149925	0.0100427	0.118647	19.9779
221	0.01001	0.0287148	0.14459	0.00149925	0.0100427	0.11863	20.7725
222	0.01001	0.0289254	0.152676	0.00449775	0.0100427	0.113067	15.6426
223	0.01001	0.0281255	0.146114	0	0.0100427	0.0991515	5.86743
224	0.01001	0.0287091	0.162278	0	0.0113511	0.0867799	1.1984
225	0.0100877	0.0284366	0.164439	0	0.0106288	0.0861731	1.06802
226	0.01001	0.0280587	0.146114	0	0.0100427	0.0854754	0.835999
227	0.01001	0.0276214	0.14459	0	0.0100427	0.0823583	0.689627
228	0.01001	0.0273057	0.146114	0	0.0100427	0.0810775	0.689627
229	0.01001	0.0272036	0.146114	0	0.0100427	0.0812203	0.689627
230	0.01001	0.0270216	0.14264	0	0.0100427	0.0827778	0.689627
231	0.01001	0.0267677	0.14459	0	0.0100427	0.0771429	0.617203
232	0.01001	0.0266408	0.146114	0	0.0100427	0.0776475	0.50549
233	0.01001	0.0272332	0.160158	0.00449775	0.0100427	0.0802041	0.50549
234	0.01001	0.0269666	0.160158	0	0.0100427	0.0797607	0.50038
235	0.01001	0.0271308	0.162278	0.00149925	0.0106288	0.0732234	0.451846
236	0.01001	0.0269633	0.162278	0.00149925	0.0117947	0.0691831	0.473158
237	0.01001	0.0268767	0.160158	0.00149925	0.0100427	0.0655108	0.358587
238	0.0100019	0.0268356	0.162278	0	0.0100038	0.0647499	0.358512
239	0.0100019	0.0268048	0.162278	0	0.0100038	0.0634844	0.358512
240	0.0100019	0.0266509	0.164021	0	0.0100038	0.0608148	0.315103
241	0.0100019	0.0264499	0.152676	0	0.0100038	0.0585386	0.261875
242	0.0100019	0.02641	0.148712	0	0.0100038	0.0554397	0.237016
243	0.0100019	0.0262408	0.152676	0	0.0100038	0.0552816	0.23609
244	0.0100019	0.0260558	0.148413	0	0.0100038	0.0551212	0.228997
245	0.0100019	0.0253486	0.123518	0	0.0105268	0.0557842	0.243739
246	0.0100019	0.025156	0.122608	0	0.0100038	0.0563393	0.237201
247	0.0100019	0.0252977	0.124053	0	0.0100038	0.057121	0.261875
248	0.0100019	0.0253894	0.123518	0	0.0100038	0.0567941	0.261875
249	0.0100019	0.0261075	0.146114	0	0.0100038	0.0560664	0.266781
250	0.0100019	0.0261144	0.144196	0	0.0100038	0.0565617	0.266781
251	0.0100019	0.0265949	0.148413	0	0.0100038	0.0556043	0.266781
252	0.0100019	0.0264487	0.148413	0	0.0105847	0.0558555	0.337874
253	0.0100019	0.0271934	0.156701	0	0.0105847	0.0559465	0.266781
254	0.0100019	0.0267368	0.152676	0	0.0105847	0.0561062	0.261875
255	0.0100019	0.0268309	0.148712	0	0.0105847	0.0551928	0.261875
256	0.0100019	0.0266328	0.147124	0	0.0107534	0.0568061	0.32638
257	0.0100019	0.0262767	0.143235	0	0.0117556	0.0539334	0.261875
258	0.0100019	0.0262535	0.123518	0	0.012244	0.0511726	0.244289
259	0.0100019	0.0260978	0.116786	0	0.0107534	0.0512112	0.220171
260	0.0100019	0.0266974	0.142547	0.00149925	0.0105847	0.0522084	0.220171
261	0.0100019	0.0262686	0.123518	0.00149925	0.0107534	0.0536016	0.220319
262	0.0100019	0.0260665	0.127657	0.00449775	0.0115979	0.0528836	0.245798
263	0.0100019	0.0261657	0.111516	0.00449775	0.0115979	0.052658	0.245798
264	0.0100019	0.0263029	0.109743	0.00449775	0.0115979	0.0527491	0.254501
265	0.0100019	0.0263331	0.111516	0.0029985	0.0108328	0.0536213	0.246863
266	0.0100019	0.0260537	0.111516	0.00149925	0.0105847	0.053516	0.246863
267	0.0100019	0.0260274	0.111516	0.00149925	0.0105847	0.0540295	0.261875
268	0.0100019	0.0258182	0.107341	0	0.0101993	0.0540112	0.261875
269	0.0100019	0.0257188	0.107341	0	0.0101993	0.0541176	0.261875
270	0.0100019	0.0260965	0.123518	0.00449775	0.0105847	0.0537119	0.261875
271	0.0100019	0.0260368	0.111516	0.00449775	0.0104216	0.0535856	0.271338
272	0.0100019	0.0269364	0.143235	0.00449775	0.0107534	0.0544708	0.28685
273	0.0100019	0.0269896	0.143235	0.00449775	0.0108328	0.0560903	0.296072
274	0.0100019	0.0270044	0.143235	0.00449775	0.0105847	0.057269	0.302629
275	0.01001	0.0274314	0.147124	0.00449775	0.0107578	0.0592207	0.32698
276	0.0100019	0.0267843	0.129589	0.00149925	0.0105847	0.0591826	0.32698
277	0.01001	0.0270261	0.133064	0.0029985	0.0101993	0.0580863	0.306714
278	0.01001	0.0269039	0.141827	0	0.0101993	0.0582495	0.306714
279	0.0100092	0.0266231	0.133064	0	0.0104216	0.0589993	0.328403
280	0.0100092	0.0267469	0.141827	0.00149925	0.0104216	0.0582368	0.328403
281	0.0100092	0.0268825	0.143235	0.0029985	0.0105712	0.0562698	0.32698
282	0.0100092	0.0268048	0.136769	0.0029985	0.0104216	0.0581217	0.340149
283	0.0100092	0.0269959	0.143235	0.0029985	0.0107177	0.0598235	0.369751
284	0.0100092	0.0271757	0.151889	0.00449775	0.0107177	0.0593261	0.374235
285	0.0100092	0.0264235	0.136769	0.0029985	0.0105712	0.0603375	0.374235
286	0.0100092	0.0260015	0.115207	0.0029985	0.0107177	0.0616639	0.389527
287	0.0100092	0.0262977	0.119344	0.0029985	0.0107177	0.0639283	0.374235
288	0.0100092	0.0258084	0.118812	0.00149925	0.0105847	0.0673345	0.389527
289	0.0100092	0.0255022	0.114682	0	0.0109484	0.0723102	0.40483
290	0.01001	0.0256356	0.115207	0	0.0109484	0.074964	0.418475
291	0.01001	0.0259678	0.118812	0	0.0109484	0.0742733	0.40483
292	0.01001	0.0263275	0.119771	0.0029985	0.0109484	0.0797544	0.42698
293	0.01001	0.0263308	0.118812	0	0.0109484	0.0825764	0.437218
294	0.01001	0.0265027	0.114682	0	0.0111964	0.0889478	0.476152
295	0.0100396	0.0262849	0.111516	0	0.0109484	0.100076	0.528921
296	0.01001	0.0262831	0.110825	0	0.0109484	0.105747	0.537044
297	0.0100396	0.0263935	0.110825	0	0.0117552	0.108541	0.544887
298	0.01001	0.0264246	0.109174	0	0.0117552	0.11592	0.544887
299	0.0100065	0.0259392	0.102968	0	0.0142791	0.128953	0.589124
300	0.0100065	0.0260685	0.102968	0	0.0142791	0.139767	0.589124
301	0.0100065	0.0261063	0.106909	0.00149925	0.013789	0.148316	0.589124
302	0.0100065	0.0260535	0.111516	0.00149925	0.0146221	0.174132	0.828432
303	0.0100065	0.0258	0.109174	0	0.0147154	0.192246	0.860974
304	0.01001	0.0256228	0.109174	0	0.0207897	0.227413	1.12909
305	0.01001	0.025657	0.106909	0	0.0172926	0.253961	0.925093
306	0.01001	0.0259713	0.118812	0	0.0334367	0.285117	1.24997
307	0.01001	0.0261792	0.110825	0	0.044256	0.300601	1.23112
308	0.01001	0.0260323	0.118812	0	0.0727499	0.313021	1.52967
309	0.0100396	0.0265605	0.120737	0	0.0891111	0.331353	1.23112
310	0.0100396	0.0267163	0.120737	0	0.103559	0.319418	1.09255
311	0.0100396	0.0262187	0.120737	0	0.103768	0.315734	1.09255
312	0.01001	0.02614	0.119771	0	0.103559	0.316193	1.04155
313	0.01001	0.0261593	0.110921	0.0029985	0.10842	0.319146	1.09255
314	0.01001	0.0263885	0.106909	0.00449775	0.10842	0.331503	1.15398
315	0.0100396	0.0258563	0.105975	0	0.10842	0.332897	1.15994
316	0.0100396	0.0259188	0.105975	0	0.10842	0.334353	1.22387
317	0.01001	0.0251253	0.0981721	0	0.0718127	0.3324	1.07715
318	0.01001	0.0250018	0.097817	0	0.0797277	0.319497	1.25183
319	0.01001	0.0250315	0.0981721	0	0.0715611	0.301537	1.22387
320	0.0100347	0.0251756	0.102041	0	0.0718127	0.296529	1.25183
321	0.0100347	0.0250106	0.102041	0	0.0688695	0.294663	1.25183
322	0.01001	0.0249821	0.0981721	0	0.0671817	0.281884	1.25183
323	0.0100347	0.0251162	0.102041	0	0.0635864	0.270745	1.25183
324	0.0100347	0.0252084	0.102041	0	0.0481919	0.256803	0.982021
325	0.01001	0.0253408	0.103396	0	0.0479367	0.253169	1.05383
326	0.0100347	0.0253619	0.102181	0	0.0317751	0.24316	0.80589
327	0.01001	0.0254572	0.103714	0	0.0317751	0.242879	0.810683
328	0.01001	0.0249493	0.097817	0	0.0343457	0.238824	0.909284
329	0.0100347	0.0249895	0.102041	0	0.0317751	0.233811	0.906778
330	0.01001	0.0253865	0.104201	0	0.0479367	0.239043	1.3675
331	0.01001	0.025477	0.104201	0	0.0469258	0.231068	1.25183
332	0.01001	0.0254746	0.102287	0	0.0343457	0.213915	1.07715
333	0.0100294	0.0252772	0.102041	0	0.0325125	0.207124	1.25183
334	0.0100294	0.0254955	0.0990175	0	0.0259141	0.197796	1.28801
335	0.01001	0.0248722	0.0931268	0	0.015379	0.183765	0.909284
336	0.01001	0.0248188	0.0931268	0	0.015219	0.1749	1.04155
337	0.01001	0.0246238	0.0895428	0	0.0108992	0.160465	0.718355
338	0.01001	0.0242684	0.0824189	0	0.0122833	0.145746	0.67186
339	0.01001	0.0242437	0.0824189	0	0.0112468	0.139139	0.58747
340	0.01001	0.0242439	0.0852575	0	0.0108992	0.133827	0.558917
341	0.01001	0.0243291	0.0862408	0	0.0108992	0.128578	0.558917
342	0.0100294	0.0244277	0.0895428	0	0.0108992	0.125769	0.558917
343	0.01001	0.0241894	0.0862408	0	0.0109183	0.123727	0.553261
344	0.0100347	0.0244706	0.0895428	0	0.0109183	0.123787	0.558917
345	0.01001	0.0248447	0.0895428	0	0.0112468	0.126277	0.647987
346	0.01001	0.0254139	0.0917478	0	0.0112468	0.126054	0.647987
347	0.01001	0.0250321	0.0895428	0	0.0122685	0.124424	0.685653
348	0.01001	0.0250413	0.0914187	0	0.0114734	0.11688	0.558917
349	0.01001	0.0249402	0.0903038	0	0.0114376	0.11764	0.558917
350	0.01001	0.0250853	0.0903038	0.00149925	0.0112468	0.11531	0.553261
351	0.01001	0.0250048	0.0903038	0.00149925	0.0123933	0.117656	0.685653
352	0.01001	0.024964	0.0852575	0.00149925	0.0109205	0.1184	0.558917
353	0.01001	0.0248358	0.0914187	0	0.0109205	0.114836	0.558917
354	0.01001	0.0245923	0.0914187	0	0.0114376	0.11288	0.57778
355	0.01001	0.0247618	0.0978635	0	0.0114376	0.10767	0.553261
356	0.01001	0.0249715	0.0920795	0.00149925	0.011422	0.103602	0.551573
357	0.01001	0.0249064	0.0914187	0.00149925	0.011422	0.0997344	0.505121
358	0.01001	0.0245626	0.0914187	0	0.011422	0.0952824	0.513828
359	0.01001	0.0244821	0.0903038	0	0.0109205	0.10108	0.647987
360	0.01001	0.0244259	0.0888754	0	0.0102244	0.103598	0.752594
361	0.01001	0.0244331	0.0888754	0	0.0102244	0.105403	0.911221
362	0.01001	0.0245247	0.0903038	0	0.0102244	0.110989	1.52855
363	0.01001	0.024741	0.0903038	0	0.0114116	0.119078	2.1051
364	0.01001	0.024637	0.0895262	0	0.0108652	0.120757	1.97013
365	0.01001	0.0246589	0.0903038	0	0.0114116	0.12486	2.13642
366	0.01001	0.0247674	0.0920795	0	0.0102631	0.140352	3.1206
367	0.01001	0.0247573	0.09455	0	0.0102244	0.14746	4.5871
368	0.01001	0.0248262	0.0914187	0	0.0102244	0.155915	5.96407
369	0.01001	0.0251412	0.0921146	0	0.0110421	0.177955	14.989
370	0.0100396	0.0258354	0.0959383	0.0029985	0.0105196	0.194547	15.125
371	0.0100396	0.0256763	0.0959383	0.0029985	0.0102244	0.216848	19.3739
372	0.01001	0.0256012	0.09455	0.0029985	0.0108652	0.242049	28.1059
373	0.0100396	0.0255504	0.0953132	0.0029985	0.0102244	0.30125	28.1059
374	0.0100396	0.0255777	0.0953132	0.00449775	0.011422	0.3591	45.8946
375	0.01001	0.0251881	0.0921146	0	0.010435	0.398401	47.7876
376	0.01001	0.024999	0.0914187	0	0.0131758	0.439902	70.2861
377	0.01001	0.0252077	0.09455	0	0.013324	0.543164	71.0243
378	0.0100396	0.0255649	0.0980615	0.00149925	0.014719	0.546702	71.6298
379	0.0100396	0.0256049	0.0980615	0.00149925	0.014719	0.566718	71.4288
380	0.01001	0.0256939	0.0980615	0.00149925	0.0140371	0.514697	66.3827
381	0.0100396	0.0256109	0.0980615	0	0.0140371	0.491637	66.3827
382	0.0100396	0.0256718	0.10217	0	0.0139858	0.496477	66.3827
383	0.010008	0.0261966	0.113911	0	0.0139858	0.516642	66.3827
384	0.010008	0.0263918	0.132702	0	0.0140371	0.503909	66.3827
385	0.010008	0.0264368	0.138153	0.00149925	0.0151818	0.537347	71.6298
386	0.010008	0.0266068	0.142424	0.00149925	0.0151818	0.600603	71.6298
387	0.010008	0.026704	0.143706	0.00149925	0.0151818	0.638708	71.6298
388	0.010008	0.0266291	0.142424	0	0.0141996	0.627153	71.6298
389	0.010008	0.0264564	0.142424	0	0.0151978	0.647877	71.6298
390	0.010008	0.0263311	0.142018	0	0.0190553	0.72552	93.5054
391	0.010008	0.0260677	0.132702	0	0.0194335	0.769778	93.5054
392	0.010008	0.0265655	0.138153	0	0.0192347	0.819949	93.5054
393	0.010008	0.026614	0.140228	0	0.0192347	0.846755	93.5054
394	0.010008	0.0263094	0.138153	0	0.0192347	0.942975	93.5054
395	0.010008	0.0262439	0.138153	0	0.0194335	1.0634	93.5054
396	0.010008	0.0262383	0.136327	0	0.0194335	1.10873	93.5054
397	0.010008	0.0262955	0.136327	0	0.0190553	1.16067	93.5054
398	0.010008	0.0262163	0.132702	0	0.0194335	1.12377	93.5054
399	0.010008	0.026352	0.136327	0	0.0193463	1.06749	93.5054
400	0.010008	0.0265986	0.132702	0	0.0192347	0.95022	93.5054
401	0.0100396	0.0276187	0.140228	0.0029985	0.0190091	0.756159	93.5054
402	0.0100396	0.0269909	0.136802	0	0.0225489	1.04409	96.8841
403	0.0100396	0.0267984	0.136678	0	0.0201764	0.964779	96.8831
404	0.0100396	0.0269946	0.136802	0	0.0151007	0.736084	91.7843
405	0.0100396	0.0272757	0.138153	0	0.0142008	0.535374	93.7609
406	0.0100396	0.0269696	0.125548	0	0.0140306	0.465732	93.7609
407	0.0100396	0.0266206	0.120261	0	0.0141398	0.436298	93.7609
408	0.0100396	0.0265639	0.1244	0	0.0112183	0.349647	73.7478
409	0.0100396	0.0267278	0.127353	0	0.0110859	0.329317	70.0619
410	0.0100396	0.02655	0.120261	0	0.011598	0.326638	73.7478
411	0.0100396	0.0262767	0.111134	0	0.0112183	0.319729	70.5627
412	0.0100396	0.0261012	0.106095	0	0.011598	0.312106	73.7478
413	0.0100396	0.0266637	0.12341	0	0.0112183	0.299364	70.5627
414	0.0100396	0.0267743	0.12341	0	0.0112183	0.284063	70.5627
415	0.0100499	0.0268076	0.12341	0	0.0112183	0.270852	70.5627
416	0.0100499	0.0280946	0.136802	0.005997	0.011598	0.254477	70.5627
417	0.0100499	0.0276557	0.12341	0	0.011598	0.235896	70.5627
418	0.0100499	0.027525	0.123304	0	0.0113436	0.21329	70.5627
419	0.0100499	0.0277812	0.123304	0.0029985	0.011598	0.183065	69.3905
420	0.0100499	0.0281998	0.12601	0.0029985	0.0101547	0.152677	56.1973
421	0.0100499	0.0281501	0.136802	0.00149925	0.0100435	0.109786	44.5009
422	0.0100499	0.028488	0.136327	0.00149925	0.0100435	0.0751016	3.44886
423	0.0100499	0.0291116	0.155671	0.00149925	0.0100435	0.065882	1.30655
424	0.0100499	0.0292054	0.158615	0	0.0100435	0.0608175	1.11802
425	0.0100499	0.0294107	0.158615	0	0.0100435	0.0695048	3.10033
426	0.0100499	0.0300771	0.158615	0	0.0100863	0.088307	21.7434
427	0.0100499	0.0302821	0.144624	0	0.0100863	0.0871936	22.1834
428	0.0100499	0.0302076	0.141809	0	0.0100863	0.0779351	20.893
429	0.0100499	0.029851	0.12601	0	0.0100446	0.0715	3.44886
430	0.0100499	0.0294456	0.119425	0	0.0100446	0.0651651	1.20926
431	0.0100499	0.0291536	0.11914	0	0.0100446	0.0603337	0.758293
432	0.0100499	0.0291243	0.120001	0	0.0100446	0.0550456	0.342604
433	0.0100499	0.0288691	0.119425	0	0.0100863	0.0521439	0.322224
434	0.0100499	0.0297328	0.141809	0.00149925	0.0100863	0.0476476	0.255041
435	0.0100499	0.0305194	0.145802	0.00149925	0.0100863	0.0464686	0.235266
436	0.0100499	0.0310674	0.153619	0	0.0100446	0.047725	0.233763
437	0.0100499	0.0315298	0.153619	0	0.0100863	0.0490122	0.235266
438	0.0100499	0.0319438	0.172619	0	0.0100446	0.0498174	0.251355
439	0.0100499	0.0323248	0.172844	0	0.0100446	0.0508701	0.265649
440	0.0100499	0.03266	0.189113	0	0.0100446	0.0522859	0.285225
441	0.0100499	0.0330107	0.189113	0	0.0100446	0.0530345	0.293306
442	0.0100499	0.0333536	0.190734	0.00149925	0.0100446	0.0534401	0.295035
443	0.0100499	0.0335626	0.190734	0.00149925	0.0100446	0.0557838	0.317845
444	0.0100499	0.0333725	0.172844	0.00149925	0.0100446	0.0855387	23.3145
445	0.0100563	0.0336992	0.172844	0	0.0100863	0.0978011	32.4768
446	0.0100499	0.0341939	0.172844	0.00149925	0.0100863	0.116298	43.3656
447	0.0100499	0.0353841	0.196057	0.00149925	0.0100446	0.126619	46.0055
448	0.0102045	0.0362719	0.238663	0.00149925	0.0101098	0.134696	56.4217
449	0.0102045	0.0369474	0.240109	0	0.0101098	0.147903	56.4217
450	0.0100694	0.038033	0.302345	0.00149925	0.0100446	0.148158	54.3445
451	0.0102045	0.0385309	0.302345	0	0.0100446	0.153559	48.2853
452	0.0102045	0.0391805	0.315047	0	0.0100863	0.151675	47.8511
453	0.0102045	0.0401889	0.329218	0.00449775	0.0100446	0.150639	33.475
454	0.0102045	0.0418071	0.3625	0.005997	0.0100446	0.138726	19.1279
455	0.0102045	0.0452904	0.457003	0.017991
