		omega		Posterior		rho				Synonymous theta			kappa			phi	
Site	Lower	Point	Higher	prob of +ve	Lower	Point	Higher		Lower	Point	Higher	Lower	Point	Higher	Lower	Point	Higher
	95% HPD	estimate	95% HPD	selection	95% HPD	estimate	95% HPD		95% HPD	estimate	95% HPD	95% HPD	estimate	95% HPD	95% HPD	estimate	95% HPD
0	0.0116611	0.368607	23.433	0.335832	0.013496	0.944367	82.4841		1.23714e-05	0.000483064	0.00809697	1.81722e+06	7.33311e+12	9.96481e+22	0	0	0
1	0.0100096	0.364081	17.3637	0.332834	0.0136169	0.950928	85.8012
2	0.0100096	0.370144	16.3751	0.337331	0.0136169	0.994408	85.8012
3	0.0100096	0.375404	18.8797	0.338831	0.013496	1.03858	85.8012
4	0.0100096	0.374123	18.3757	0.335832	0.015515	1.09346	99.8548
5	0.0100096	0.37157	18.3757	0.332834	0.0115831	1.14617	81.6219
6	0.0100096	0.3745	18.3757	0.334333	0.0106059	1.0744	72.3805
7	0.0100096	0.397971	18.3757	0.347826	0.0119138	1.06211	81.6219
8	0.0100096	0.409903	21.9049	0.352324	0.0103631	0.989988	71.6348
9	0.0100096	0.430296	21.9049	0.358321	0.0103631	0.947034	71.6348
10	0.0101839	0.43089	24.6086	0.350825	0.0106803	0.889254	72.5471
11	0.0100096	0.43939	23.2042	0.35982	0.0103631	0.933143	71.6348
12	0.0101659	0.420195	23.2042	0.347826	0.0104066	0.851617	72.5471
13	0.0100096	0.414298	20.961	0.349325	0.0105424	0.782277	71.3796
14	0.0101659	0.435759	23.2954	0.356822	0.0104066	0.755609	72.3805
15	0.0100096	0.428199	23.2042	0.356822	0.0106325	0.683376	71.3138
16	0.0101659	0.421884	23.2954	0.352324	0.0106803	0.603669	72.5471
17	0.0100096	0.38653	21.9049	0.337331	0.0106803	0.569802	72.5471
18	0.0100096	0.375575	21.3345	0.334333	0.0106325	0.558825	70.8086
19	0.0100096	0.3751	17.9443	0.34033	0.0108279	0.543661	71.3138
20	0.0100096	0.371976	17.9443	0.34033	0.010038	0.519154	59.49
21	0.0100096	0.344967	17.6127	0.326837	0.0101483	0.506584	59.49
22	0.0100096	0.341542	17.1259	0.328336	0.010038	0.469863	53.8857
23	0.0100096	0.332546	15.9687	0.326837	0.010038	0.457393	51.7435
24	0.0100096	0.347306	17.7789	0.329835	0.010038	0.403479	46.4921
25	0.0100096	0.386208	23.2042	0.343328	0.0101483	0.37564	42.7978
26	0.0100096	0.427877	28.5044	0.358321	0.0101483	0.328506	38.353
27	0.0100096	0.425399	25.4085	0.35982	0.010038	0.314191	37.3974
28	0.0100096	0.426469	25.4085	0.362819	0.010038	0.308033	30.8997
29	0.0100096	0.432182	25.4085	0.364318	0.0101483	0.298237	37.3974
30	0.0100096	0.405122	24.9601	0.350825	0.010038	0.282348	32.3512
31	0.0100096	0.380874	24.4708	0.337331	0.010038	0.294681	34.4268
32	0.0100096	0.389359	23.2042	0.341829	0.010038	0.322168	32.3253
33	0.0100096	0.384088	18.1596	0.337331	0.010038	0.331168	27.6279
34	0.0100096	0.371704	19.3472	0.322339	0.0101483	0.348994	34.4268
35	0.0100096	0.382325	22.9938	0.323838	0.010038	0.347691	34.8941
36	0.0100096	0.380041	23.2042	0.32084	0.010038	0.34248	34.8941
37	0.0100096	0.387504	23.9177	0.323838	0.010038	0.328124	34.8941
38	0.0100096	0.363931	22.5674	0.313343	0.010038	0.338922	36.7184
39	0.0100268	0.352501	19.3472	0.314843	0.010038	0.349167	36.7184
40	0.0100268	0.339282	13.8297	0.313343	0.010038	0.377124	37.9138
41	0.0100268	0.341166	15.8055	0.314843	0.010038	0.398857	39.0847
42	0.0100268	0.338619	16.3751	0.311844	0.010038	0.433399	38.5835
43	0.0100268	0.348646	13.5782	0.32084	0.010038	0.468973	38.5835
44	0.0100268	0.348821	13.4703	0.32084	0.0100719	0.498711	40.6419
45	0.0100268	0.353288	17.1693	0.322339	0.010038	0.491202	38.6219
46	0.0100268	0.369894	21.3997	0.329835	0.010038	0.470868	38.6219
47	0.0100268	0.375863	21.3997	0.332834	0.010038	0.471737	41.854
48	0.0100268	0.390295	25.9768	0.335832	0.010038	0.49258	50.8926
49	0.0100632	0.402055	26.3318	0.335832	0.010038	0.543253	52.893
50	0.0100632	0.393066	24.4708	0.334333	0.010038	0.554549	53.6837
51	0.0100632	0.403984	25.1127	0.341829	0.0100719	0.556802	53.6743
52	0.0100632	0.390803	22.316	0.338831	0.0108527	0.529505	57.4278
53	0.0100632	0.384887	21.3997	0.337331	0.0100719	0.532379	53.6743
54	0.0101571	0.390974	22.316	0.341829	0.0109524	0.544885	59.7995
55	0.0101571	0.395881	24.4708	0.344828	0.0108527	0.536162	58.1203
56	0.0101571	0.40265	24.4708	0.347826	0.0114379	0.533519	57.4278
57	0.0101571	0.413719	26.7804	0.353823	0.0114379	0.548895	58.1203
58	0.0101571	0.419832	26.3165	0.356822	0.0114379	0.55012	58.1203
59	0.0101571	0.452419	27.5258	0.373313	0.0100719	0.540111	46.0075
60	0.0101571	0.460379	28.059	0.382309	0.0100719	0.527282	46.4907
61	0.0101571	0.470115	29.2119	0.382309	0.0100719	0.501257	47.738
62	0.0101571	0.515602	28.059	0.403298	0.0100719	0.522556	47.738
63	0.0101571	0.511131	26.7804	0.401799	0.011517	0.54221	57.4819
64	0.0101313	0.465004	26.7804	0.386807	0.011517	0.570811	57.4819
65	0.0101313	0.470916	27.2026	0.388306	0.0109646	0.570218	53.6743
66	0.0101313	0.473752	27.5258	0.391304	0.0113494	0.586172	58.1203
67	0.0101313	0.496448	31.2079	0.398801	0.0101416	0.568472	56.0926
68	0.0101313	0.509919	32.117	0.404798	0.010097	0.556871	56.0926
69	0.0101313	0.525128	33.6941	0.412294	0.0109646	0.532006	57.8867
70	0.0102829	0.547041	37.3665	0.413793	0.0109646	0.530912	57.2893
71	0.0101313	0.576217	38.8335	0.418291	0.0109646	0.559917	54.2408
72	0.0101313	0.555465	37.3665	0.413793	0.0118499	0.585281	56.1974
73	0.0101313	0.592	40.8433	0.425787	0.0114379	0.590394	52.7265
74	0.0101313	0.622214	41.3479	0.437781
