		omega		Posterior		rho				Synonymous theta			kappa			phi	
Site	Lower	Point	Higher	prob of +ve	Lower	Point	Higher		Lower	Point	Higher	Lower	Point	Higher	Lower	Point	Higher
	95% HPD	estimate	95% HPD	selection	95% HPD	estimate	95% HPD		95% HPD	estimate	95% HPD	95% HPD	estimate	95% HPD	95% HPD	estimate	95% HPD
0	0.0100404	0.0472289	0.414743	0.0164918	0.0269186	3.09757	97.0617		0.0306926	0.0452628	0.060428	1.58628	3.3054	6.73892	0	0	0
1	0.0100404	0.0443568	0.386808	0.005997	0.0269186	2.91735	97.0617
2	0.0100404	0.0433094	0.381166	0.00449775	0.0233328	2.53899	97.0617
3	0.0100404	0.0422096	0.369529	0.00449775	0.0201275	2.31214	97.0617
4	0.0100404	0.0407951	0.349448	0.00149925	0.0203729	2.31983	97.0617
5	0.0100404	0.039404	0.341336	0	0.0201275	2.09902	99.4997
6	0.0100404	0.0382599	0.31757	0	0.0191868	1.95002	95.8027
7	0.0100404	0.0376929	0.313419	0	0.0191868	1.83701	96.7779
8	0.0100404	0.0376567	0.310354	0	0.0184458	1.78627	96.7779
9	0.0100404	0.0365518	0.281971	0	0.0184458	1.83145	97.0617
10	0.0100404	0.0362367	0.281971	0.00149925	0.0184458	1.76844	96.7779
11	0.0100404	0.0357205	0.251933	0.00149925	0.0167366	1.80131	96.7779
12	0.0100404	0.0351508	0.242633	0.00149925	0.0191868	2.00487	99.4997
13	0.0100402	0.0350009	0.236746	0.0029985	0.0167343	1.89123	97.8855
14	0.0100402	0.0330996	0.171943	0.00149925	0.0154178	1.65178	97.8855
15	0.0100402	0.0327469	0.169028	0	0.0150117	1.54686	97.0617
16	0.0100402	0.0328253	0.155	0	0.0152301	1.61238	97.0617
17	0.0100402	0.0330177	0.155	0	0.0152301	1.57661	99.4997
18	0.0100402	0.0327191	0.169028	0	0.0152301	1.53248	97.0617
19	0.0100404	0.0325389	0.166777	0	0.0137833	1.26754	92.73
20	0.0100402	0.0336982	0.176597	0.00449775	0.0134136	1.06623	85.1673
21	0.0100402	0.0330294	0.171943	0.00149925	0.0130527	0.922404	85.1673
22	0.0100404	0.0327389	0.171943	0.00149925	0.0100611	0.749561	67.7391
23	0.0100402	0.0325451	0.169028	0.00149925	0.0100611	0.496955	63.8135
24	0.0100402	0.0320393	0.154089	0	0.0100611	0.344552	61.3237
25	0.0100402	0.0319229	0.154089	0	0.0100611	0.238587	51.3307
26	0.0100402	0.0319267	0.153026	0	0.0100611	0.155686	18.5413
27	0.0100402	0.031511	0.151196	0	0.0100611	0.108021	2.61615
28	0.0100402	0.0308194	0.140988	0	0.0100611	0.0905807	1.24549
29	0.0100402	0.0303202	0.138117	0	0.0100611	0.0900854	1.14837
30	0.0100402	0.0303077	0.143716	0	0.0100611	0.0908446	1.09543
31	0.0100402	0.0300205	0.151196	0.00149925	0.0100611	0.0899533	1.1049
32	0.0100402	0.0299236	0.151196	0.00149925	0.0100611	0.0935495	1.64341
33	0.0100402	0.0297948	0.151196	0.00149925	0.0100305	0.0908319	1.69643
34	0.0100402	0.0303046	0.153447	0.00449775	0.0100305	0.0922254	1.85742
35	0.0100404	0.0299372	0.153447	0.0029985	0.0102899	0.0943437	2.13307
36	0.0100402	0.0298569	0.153447	0.0029985	0.0100305	0.0927933	1.85742
37	0.0100402	0.02924	0.136465	0.0029985	0.0100305	0.0946657	1.91075
38	0.0100402	0.0285383	0.132655	0.00149925	0.0102899	0.0983857	2.13307
39	0.0100402	0.0286322	0.136465	0.00149925	0.0102899	0.0968388	1.8991
40	0.0100402	0.0282828	0.132655	0.00149925	0.0100453	0.0951793	1.69643
41	0.0100402	0.0281381	0.128857	0.00149925	0.0100453	0.0962887	1.91075
42	0.0100402	0.0282532	0.132655	0.0029985	0.0100453	0.0953634	1.91075
43	0.0100402	0.0283765	0.137579	0.0029985	0.010182	0.0939658	1.91075
44	0.0100402	0.0285904	0.139495	0.00149925	0.0100453	0.0876428	1.55845
45	0.0100402	0.0283463	0.139495	0.00149925	0.0100453	0.0889782	1.69687
46	0.0100402	0.028265	0.132655	0.00149925	0.0100453	0.0889836	1.78941
47	0.0100402	0.0280355	0.124885	0.00149925	0.0100453	0.0889026	1.78941
48	0.0100402	0.0282654	0.128916	0.00149925	0.0100453	0.0883995	1.69687
49	0.0100402	0.0281418	0.128916	0.00149925	0.010182	0.0869548	1.69687
50	0.0100402	0.0279775	0.126161	0.00149925	0.0100453	0.0840576	1.5495
51	0.0100402	0.0286324	0.137579	0.00149925	0.0100453	0.0852153	1.75886
52	0.0100402	0.0285823	0.129054	0.00149925	0.0100453	0.0868963	1.69687
53	0.0100402	0.0278578	0.124361	0	0.010182	0.0886212	1.69687
54	0.0100402	0.0278464	0.124361	0.0029985	0.0100453	0.0876559	1.45438
55	0.0100402	0.0279229	0.126701	0	0.0100453	0.081927	1.18794
56	0.010007	0.0278734	0.126161	0	0.010182	0.07687	0.690088
57	0.010007	0.0276614	0.124885	0	0.010182	0.0764454	0.641994
58	0.010007	0.0277565	0.126701	0	0.010182	0.0729331	0.581727
59	0.010007	0.0278384	0.129054	0	0.010182	0.071334	0.538993
60	0.010007	0.0280033	0.129054	0	0.010182	0.0704652	0.451765
61	0.010007	0.0281639	0.131348	0	0.010182	0.065639	0.374981
62	0.010007	0.0288999	0.143217	0	0.010182	0.0622468	0.34239
63	0.010007	0.0287952	0.141931	0	0.010182	0.0611728	0.325598
64	0.010007	0.0287081	0.141931	0.00149925	0.010182	0.0622858	0.35351
65	0.010007	0.0290251	0.134801	0	0.010182	0.0611248	0.325598
66	0.010007	0.028882	0.13147	0	0.010182	0.0587567	0.34239
67	0.010007	0.0290621	0.13147	0	0.010182	0.0580192	0.325598
68	0.010007	0.0293178	0.132655	0	0.010182	0.057958	0.316114
69	0.010007	0.02954	0.134801	0	0.010182	0.0577926	0.311009
70	0.010007	0.0295751	0.134801	0	0.010182	0.0557421	0.283101
71	0.010007	0.0302144	0.139579	0	0.0101412	0.0569113	0.325598
72	0.010007	0.0302543	0.141931	0	0.0101412	0.0575779	0.327738
73	0.010007	0.0302599	0.139579	0	0.010182	0.0588498	0.345017
74	0.010007	0.0304821	0.134801	0	0.0101412	0.0579197	0.325598
75	0.010007	0.0306236	0.134801	0	0.0101412	0.0573166	0.316114
76	0.010007	0.0306212	0.132655	0	0.0101412	0.0574192	0.301593
77	0.010007	0.0305697	0.13147	0	0.0101412	0.0565308	0.316114
78	0.010007	0.0305033	0.13147	0	0.0101858	0.0546606	0.283101
79	0.010007	0.030889	0.141931	0	0.0101858	0.054968	0.283101
80	0.010007	0.0311935	0.13915	0	0.0101279	0.0547708	0.301827
81	0.010007	0.0312352	0.143631	0	0.0101279	0.0522397	0.281958
82	0.010007	0.0316393	0.150016	0	0.0100735	0.052357	0.283101
83	0.010007	0.0319637	0.143631	0	0.0100735	0.0529615	0.311009
84	0.010007	0.0320249	0.143217	0	0.0101279	0.0517515	0.301827
85	0.010007	0.0326993	0.150016	0.00449775	0.0100735	0.0534657	0.317641
86	0.010007	0.0329356	0.152584	0.00149925	0.0100735	0.0542448	0.398484
87	0.010007	0.0327139	0.150016	0.00149925	0.0100735	0.0552649	0.328351
88	0.010007	0.0331994	0.155915	0	0.0100735	0.0543176	0.311009
89	0.010007	0.0342684	0.170046	0	0.0100735	0.0544101	0.311009
90	0.010007	0.0358676	0.185096	0	0.0100735	0.0555736	0.317641
91	0.010007	0.0364721	0.186867	0	0.0100735	0.0559607	0.313684
92	0.010007	0.038022	0.207397	0.00149925	0.0100735	0.0557782	0.311009
93	0.010007	0.038695	0.217615	0.00149925	0.0100735	0.056119	0.317641
94	0.010007	0.0396643	0.226068	0.00149925	0.0100735	0.055829	0.311009
95	0.010007	0.0408334	0.238109	0	0.0100735	0.0542555	0.301827
96	0.010007	0.0424115	0.261961	0.00149925	0.0100735	0.0533416	0.283101
97	0.010007	0.0436723	0.261961	0.00149925	0.0100735	0.0515196	0.296979
98	0.010007	0.0444742	0.263828	0	0.0100735	0.0514228	0.296979
99	0.010007	0.0458976	0.293515	0.00149925	0.0100735	0.0515194	0.315404
100	0.010007	0.047441	0.327762	0.00149925	0.0100133	0.0508855	0.283101
101	0.010007	0.0487305	0.340017	0.00149925	0.0100735	0.0512827	0.288959
102	0.010007	0.0525482	0.359418	0.00149925	0.0101025	0.0522193	0.315404
103	0.010007	0.0576624	0.393832	0.00149925	0.0101025	0.0530286	0.296979
104	0.010007	0.0606272	0.441872	0.00149925	0.0101025	0.0543236	0.319289
105	0.010007	0.0633984	0.464035	0.0029985	0.0101025	0.0559204	0.317641
106	0.010007	0.0718521	0.540907	0.005997	0.0101025	0.0575317	0.350871
107	0.010007	0.0799924	0.600228	0.0134933	0.0101025	0.0593974	0.525061
108	0.010007	0.0940919	0.718644	0.0224888	0.0101025	0.0641877	0.610278
109	0.0103086	0.108422	0.87302	0.0344828	0.0101934	0.0728371	0.961031
110	0.01048	0.131022	1.0758	0.0524738	0.0101081	0.085822	3.7729
111	0.017412	0.158443	1.64293	0.0674663	0.0101025	0.0959502	4.58183
112	0.0186848	0.214631	1.67487	0.112444	0.0101025	0.109306	10.182
113	0.0216946	0.186224	1.67487	0.0854573	0.0101025	0.113411	11.4977
114	0.0216946	0.184286	1.64293	0.0869565	0.0104561	0.114117	12.8039
115	0.0216946	0.191655	1.60859	0.0869565	0.0101081	0.118078	13.1505
116	0.0208786	0.210096	1.80403	0.101949	0.0101025	0.115159	14.4326
117	0.0220673	0.1645	1.67487	0.071964	0.0101081	0.119872	15.0931
118	0.0204477	0.152526	1.67487	0.0629685	0.0101081	0.121232	14.4326
119	0.0107764	0.130224	1.03265	0.0494753	0.0101081	0.127391	16.798
120	0.0102229	0.120192	0.909378	0.0464768	0.0101934	0.123228	15.0931
121	0.0107764	0.105496	0.750066	0.0344828	0.0101081	0.120601	14.4326
122	0.0107764	0.0997573	0.7631	0.035982	0.0100472	0.118859	14.4326
123	0.0102229	0.0928823	0.600024	0.0269865	0.0100472	0.117225	13.1505
124	0.0105981	0.0877512	0.5622	0.0209895	0.0100472	0.125554	15.0412
125	0.0102229	0.0826537	0.497756	0.0149925	0.0100472	0.132848	20.5929
126	0.0107764	0.0774477	0.456571	0.005997	0.0100472	0.138921	23.7531
127	0.0107764	0.0742629	0.415779	0.005997	0.0105679	0.142991	28.0899
128	0.0105981	0.0701456	0.37226	0.00449775	0.0101081	0.138508	22.8325
129	0.0105981	0.0693364	0.37226	0.00449775	0.0101081	0.132489	22.2808
130	0.0107764	0.0684123	0.37226	0.005997	0.0101081	0.122767	14.4326
131	0.0107764	0.0671503	0.366641	0.005997	0.0101887	0.106207	12.7583
132	0.0102229	0.0670086	0.339255	0.005997	0.0101081	0.0965387	8.76092
133	0.0102229	0.0656967	0.335553	0.00449775	0.0100152	0.0945322	8.318
134	0.0107764	0.0641523	0.339255	0.00449775	0.0101081	0.081096	3.99804
135	0.0107764	0.062201	0.322513	0.00149925	0.0101081	0.0723958	3.682
136	0.0107764	0.0608741	0.322513	0.00449775	0.0100152	0.0659644	1.53312
137	0.0102229	0.0603416	0.302867	0.00449775	0.0100152	0.0669582	3.34939
138	0.0107764	0.059623	0.314023	0.00449775	0.0100152	0.0662864	3.41445
139	0.0105981	0.0603161	0.302867	0.005997	0.0100152	0.0660559	3.34939
140	0.0107764	0.0604461	0.300747	0.0029985	0.0100152	0.0649821	3.34939
141	0.0102556	0.0594688	0.279744	0.00149925	0.0100152	0.0640254	1.80673
142	0.0102556	0.0593869	0.279744	0	0.0100152	0.0591067	0.609473
143	0.0102556	0.0590645	0.279744	0	0.010012	0.0534665	0.415598
144	0.0102132	0.0579616	0.260019	0	0.010012	0.0511699	0.313095
145	0.0102556	0.0585395	0.279744	0.00149925	0.010012	0.0492053	0.307063
146	0.0107764	0.0598402	0.302867	0.0029985	0.010012	0.0459493	0.270266
147	0.010791	0.059529	0.305316	0.0029985	0.010012	0.0462175	0.252798
148	0.0107764	0.0595365	0.302867	0.0029985	0.010012	0.0457811	0.250459
149	0.0108928	0.0597438	0.314116	0.0029985	0.010012	0.0450336	0.234434
150	0.0107764	0.0616279	0.314116	0.0029985	0.0100152	0.0452076	0.234434
151	0.0107764	0.0639371	0.323303	0.0029985	0.010012	0.0446005	0.227293
152	0.0107764	0.0647844	0.335553	0.0029985	0.010012	0.0438179	0.221328
153	0.0100575	0.0674174	0.339255	0	0.0100152	0.0440593	0.234434
154	0.0100575	0.0706849	0.357645	0.00149925	0.010012	0.0438539	0.227293
155	0.0101969	0.0752268	0.431122	0.0089955	0.0101934	0.0441241	0.254156
156	0.0106063	0.0805173	0.504921	0.0104948	0.0101934	0.0441769	0.254156
157	0.0100575	0.0778599	0.461597	0.0104948	0.0101081	0.0440483	0.254156
158	0.0101969	0.0755834	0.431122	0.00749625	0.010012	0.0432864	0.252798
159	0.0105585	0.0730502	0.431122	0.005997	0.010012	0.0418148	0.221328
160	0.0105585	0.0702137	0.393189	0.00449775	0.010012	0.0405725	0.194258
161	0.0106063	0.068244	0.385443	0.00749625	0.010012	0.0382441	0.158826
162	0.0100575	0.0658136	0.342522	0.00749625	0.010012	0.0365106	0.146421
163	0.0100575	0.0646175	0.324399	0.00749625	0.010012	0.0359459	0.146421
164	0.0100575	0.0627156	0.323303	0.00749625	0.010012	0.0350473	0.137034
165	0.0101969	0.0596245	0.31611	0.00449775	0.010012	0.0337289	0.13135
166	0.0100575	0.057926	0.305316	0.0029985	0.010012	0.0334038	0.127108
167	0.0100575	0.0562194	0.300747	0.0029985	0.010012	0.0329995	0.130792
168	0.0100575	0.0546834	0.267278	0.0029985	0.010012	0.0329238	0.133785
169	0.0100575	0.0536022	0.257229	0.00149925	0.010012	0.0325189	0.130792
170	0.0100575	0.0519366	0.233245	0.00149925	0.010012	0.0324937	0.13135
171	0.0100575	0.0511149	0.227679	0.0029985	0.010012	0.0322745	0.133785
172	0.0100575	0.0508949	0.233245	0.00149925	0.010012	0.031512	0.127108
173	0.0100575	0.0505143	0.224891	0.0029985	0.010012	0.0313699	0.121422
174	0.0100575	0.0498509	0.233245	0.00449775	0.010012	0.0312687	0.123965
175	0.0100575	0.0496871	0.224891	0.00449775	0.010012	0.0314634	0.128868
176	0.0100575	0.049144	0.216837	0.00449775	0.010012	0.0311371	0.124674
177	0.0100575	0.0492334	0.224891	0.005997	0.010012	0.0308761	0.121422
178	0.0100575	0.0493189	0.214158	0.005997	0.010012	0.0310369	0.12278
179	0.0100575	0.0495297	0.216837	0.00449775	0.010012	0.0308673	0.124223
180	0.0100575	0.0485457	0.214789	0.0029985	0.010012	0.030546	0.124223
181	0.0100575	0.0474041	0.208706	0.00149925	0.010012	0.0301374	0.121422
182	0.0100575	0.0474344	0.208933	0.00149925	0.010012	0.0303455	0.12278
183	0.0100575	0.0470188	0.208933	0.00149925	0.010012	0.0305719	0.12278
184	0.0100575	0.0466474	0.21111	0.00149925	0.010012	0.0307277	0.124674
185	0.0100575	0.0459887	0.202443	0	0.0101073	0.0320402	0.136423
186	0.0100575	0.0462367	0.201676	0	0.010012	0.0325424	0.137034
187	0.0101357	0.046501	0.208933	0	0.0101073	0.0331106	0.142623
188	0.0101357	0.0465996	0.208933	0	0.010012	0.0335399	0.137409
189	0.0101357	0.0466007	0.209202	0	0.010012	0.0336517	0.138388
190	0.0100575	0.0466035	0.2117	0	0.0101073	0.0333475	0.137409
191	0.0100575	0.0464366	0.2117	0	0.0101073	0.0337561	0.137409
192	0.0100575	0.0467073	0.214158	0	0.0101073	0.0338724	0.137034
193	0.0100575	0.0474574	0.236919	0	0.0101073	0.0337017	0.137409
194	0.0100575	0.0472033	0.233245	0	0.0101073	0.0329994	0.136423
195	0.0100575	0.0471564	0.227679	0.00149925	0.0101073	0.0328943	0.137034
196	0.0100575	0.0475942	0.227679	0.00149925	0.0101073	0.032975	0.136423
197	0.0100575	0.0478815	0.233245	0	0.010012	0.0325233	0.13135
198	0.0100575	0.0491561	0.24515	0.0029985	0.0101073	0.032615	0.133908
199	0.0100575	0.0484505	0.241276	0.00149925	0.0101073	0.0327473	0.133162
200	0.0101357	0.0491927	0.240451	0	0.010012	0.0328043	0.129745
201	0.0101357	0.0495629	0.241276	0	0.010012	0.0324724	0.128382
202	0.0100575	0.0502406	0.241276	0	0.010012	0.0318751	0.124223
203	0.0101357	0.0504928	0.241276	0	0.010012	0.0314157	0.121324
204	0.0101357	0.0503853	0.242752	0	0.010012	0.0311947	0.119789
205	0.0101357	0.0503659	0.242752	0	0.010012	0.0311834	0.119789
206	0.0101357	0.0514315	0.251181	0	0.010012	0.0312764	0.123965
207	0.0101357	0.0512372	0.243745	0	0.010012	0.0309992	0.119789
208	0.0101357	0.051651	0.243745	0	0.010012	0.0316011	0.124223
209	0.0100575	0.0525894	0.243745	0	0.010012	0.030957	0.119789
210	0.0101357	0.0539372	0.256538	0	0.010012	0.0308844	0.119017
211	0.010083	0.0556888	0.267623	0	0.010012	0.0308506	0.117491
212	0.0101357	0.0579219	0.300812	0	0.010012	0.0310517	0.117491
213	0.0102764	0.0593994	0.310549	0	0.010012	0.0311371	0.119241
214	0.0101357	0.0606386	0.309984	0	0.010012	0.0314648	0.119789
215	0.0101357	0.0616539	0.310549	0	0.0100276	0.0312777	0.121409
216	0.0101357	0.0618155	0.310549	0	0.010012	0.0309139	0.117491
217	0.0101357	0.0641517	0.314743	0.0029985	0.010012	0.0312015	0.119017
218	0.0101357	0.0670426	0.349246	0.00749625	0.010012	0.0317418	0.123965
219	0.0102764	0.0778434	0.454936	0.0194903	0.010012	0.0318582	0.121409
220	0.0103894	0.0853088	0.622589	0.029985	0.0100276	0.031994	0.121409
221	0.0102764	0.0790178	0.476914	0.017991	0.0100276	0.0322217	0.121409
222	0.0102764	0.0720681	0.362419	0.005997	0.010012	0.0329405	0.124223
223	0.0103894	0.0695982	0.336039	0.0029985	0.010012	0.0334479	0.137409
224	0.0104393	0.067164	0.314743	0.0029985	0.010012	0.0335764	0.142147
225	0.0102764	0.0672367	0.315923	0.0029985	0.010012	0.0341477	0.162219
226	0.0103894	0.0666402	0.315923	0.0029985	0.010012	0.0341313	0.15747
227	0.0102764	0.0652846	0.307943	0.00149925	0.010012	0.0341794	0.154645
228	0.0102764	0.0634084	0.290958	0.00149925	0.010012	0.0350958	0.164066
229	0.0102764	0.0611957	0.277989	0	0.010012	0.0362331	0.194748
230	0.010352	0.0595769	0.277989	0	0.010012	0.0367487	0.200497
231	0.0102764	0.0587495	0.275012	0.00149925	0.010012	0.0366154	0.200497
232	0.0102364	0.0584011	0.261591	0.00449775	0.010012	0.0360216	0.195839
233	0.010352	0.0579387	0.267623	0	0.010012	0.0364509	0.196161
234	0.0102764	0.057227	0.257293	0.00149925	0.010012	0.0375054	0.205181
235	0.0102764	0.0570632	0.257293	0.00149925	0.010012	0.0378011	0.205181
236	0.0102364	0.055832	0.244536	0.0029985	0.0100276	0.0418717	0.310673
237	0.0101701	0.0556277	0.244536	0.005997	0.010012	0.0457584	0.439903
238	0.0101701	0.0551122	0.239712	0.00149925	0.010012	0.047821	0.529144
239	0.0101701	0.0559508	0.241276	0	0.010012	0.0499028	0.782397
240	0.0101701	0.0560103	0.241276	0.00149925	0.0100276	0.0535542	1.02813
241	0.0101701	0.0558384	0.241276	0.00149925	0.0100276	0.0599586	1.9008
242	0.0101701	0.0560018	0.228989	0.0029985	0.0100099	0.062675	2.13479
243	0.0101701	0.0573734	0.244536	0.0029985	0.0100473	0.0659848	2.51963
244	0.0101701	0.0567974	0.237938	0.0029985	0.0100473	0.0679384	2.45094
245	0.0102764	0.0574942	0.250941	0.0029985	0.0100473	0.0713808	3.05633
246	0.010352	0.0580908	0.253868	0.00149925	0.0100473	0.0716229	2.51963
247	0.0102764	0.0572386	0.250941	0.00149925	0.0100473	0.069779	1.9008
248	0.010352	0.0571714	0.257118	0	0.0100473	0.0738941	2.30746
249	0.010352	0.0593534	0.277456	0.0029985	0.0100473	0.0824984	2.87083
250	0.0102764	0.0592183	0.280263	0.00149925	0.0100473	0.085827	2.43256
251	0.0104393	0.0617163	0.308804	0.00149925	0.0100473	0.0915292	2.51963
252	0.0102764	0.0633319	0.310549	0.00149925	0.0100473	0.0996073	3.25338
253	0.0102764	0.0638551	0.310549	0.0029985	0.0101793	0.107699	3.25338
254	0.0104393	0.0654716	0.32537	0.0029985	0.0101793	0.117952	3.32308
255	0.0101701	0.0667864	0.329725	0.00449775	0.0101793	0.126672	3.32308
256	0.0104409	0.0684931	0.347502	0.0029985	0.0100487	0.13946	3.36735
257	0.0104409	0.0690163	0.343467	0.00449775	0.0100487	0.165831	4.20945
258	0.0101701	0.0714427	0.370857	0.0089955	0.0101793	0.205376	11.0667
259	0.0100685	0.0736256	0.395841	0.00449775	0.0100487	0.248688	14.1076
260	0.0100685	0.0782307	0.489185	0.00749625	0.0100487	0.289209	17.9082
261	0.0100685	0.0854833	0.565974	0.017991	0.0100487	0.32329	21.9163
262	0.0100685	0.0919668	0.608741	0.0209895	0.0100487	0.378347	23.4606
263	0.0100685	0.124099	1.42275	0.071964	0.0100487	0.415318	27.7764
264	0.0100685	0.0979483	0.602989	0.0224888	0.0100487	0.440011	27.7764
265	0.0100685	0.0956246	0.589919	0.017991	0.0100487	0.453426	27.7764
266	0.01282	0.0905942	0.639008	0.005997	0.0103235	0.457097	25.3267
267	0.01282	0.089015	0.626537	0.005997	0.0105533	0.532495	34.2726
268	0.0115097	0.0866932	0.567338	0.005997	0.010031	0.564713	42.465
269	0.0116368	0.0855333	0.567338	0.005997	0.010031	0.554649	42.465
270	0.0128679	0.0851824	0.589919	0.00449775	0.0102082	0.503747	39.8028
271	0.01282	0.0832097	0.589919	0.0029985	0.0103235	0.484694	34.2435
272	0.01282	0.0832142	0.596724	0.00449775	0.0103235	0.483505	34.2435
273	0.011703	0.0825103	0.567338	0.005997	0.0104936	0.469705	34.2435
274	0.0113284	0.0810107	0.567338	0.005997	0.0102082	0.449289	30.7795
275	0.0112324	0.0828759	0.597293	0.0089955	0.0102082	0.39434	21.6359
276	0.0101701	0.083991	0.567338	0.0089955	0.0102082	0.381995	20.1793
277	0.0100536	0.0872016	0.597293	0.0164918	0.0102082	0.386894	21.1572
278	0.0100536	0.0933247	0.724387	0.0314843
