		omega		Posterior		rho				Synonymous theta			kappa			phi	
Site	Lower	Point	Higher	prob of +ve	Lower	Point	Higher		Lower	Point	Higher	Lower	Point	Higher	Lower	Point	Higher
	95% HPD	estimate	95% HPD	selection	95% HPD	estimate	95% HPD		95% HPD	estimate	95% HPD	95% HPD	estimate	95% HPD	95% HPD	estimate	95% HPD
0	0.0100571	0.0893382	0.819687	0.0389805	0.0195612	1.88641	93.6514		0.0127879	0.0239871	0.043412	0.878949	2.43366	7.42925	0	0	0
1	0.0102429	0.0877685	0.736939	0.029985	0.0195612	1.69651	93.6514
2	0.0102429	0.0877893	0.722371	0.023988	0.0136793	1.3344	68.5296
3	0.0102429	0.0900922	0.736939	0.0269865	0.0119787	1.15399	57.5439
4	0.0102429	0.0899485	0.722371	0.023988	0.0119787	1.12749	57.1604
5	0.0102633	0.0934204	0.722371	0.023988	0.0110395	1.06743	54.368
6	0.0100571	0.0952058	0.638338	0.0224888	0.012925	1.12986	57.3615
7	0.0102633	0.0968778	0.634599	0.0209895	0.015675	1.09838	68.5296
8	0.0102633	0.100512	0.679892	0.023988	0.012925	1.02841	56.096
9	0.0102633	0.103909	0.722371	0.0284858	0.0140345	0.833696	60.416
10	0.0102633	0.112934	0.819687	0.035982	0.0133135	0.667596	58.8404
11	0.0102633	0.121335	0.842773	0.0389805	0.0126042	0.642404	58.3891
12	0.0108077	0.122361	0.863436	0.035982	0.0126042	0.626836	60.416
13	0.0137711	0.123822	1.02727	0.029985	0.0126876	0.62065	60.416
14	0.0102633	0.133988	0.888713	0.0449775	0.0111923	0.598872	54.7564
15	0.0102633	0.144142	1.02727	0.0554723	0.0100579	0.593837	48.3086
16	0.0102633	0.160278	1.28528	0.0764618	0.0110059	0.60744	56.096
17	0.0136241	0.147139	1.55999	0.0644678	0.0106047	0.639135	54.7564
18	0.0101783	0.13699	1.17856	0.0629685	0.0128044	0.664282	68.8613
19	0.0102633	0.126644	1.02727	0.0524738	0.0126876	0.660795	68.8613
20	0.0102633	0.119569	0.861369	0.0434783	0.012925	0.652926	73.5322
21	0.0101783	0.115016	0.823667	0.0374813	0.0148508	0.694626	84.2727
22	0.010106	0.1083	0.722371	0.029985	0.0144037	0.757209	84.2727
23	0.0101783	0.106884	0.68835	0.0254873	0.0143644	0.768743	84.2727
24	0.0101783	0.102462	0.656975	0.0209895	0.0140712	0.773081	84.2727
25	0.0102633	0.096102	0.562514	0.0164918	0.0126876	0.72994	73.5322
26	0.0101783	0.0933845	0.562514	0.011994	0.0100579	0.658509	59.596
27	0.0102633	0.08985	0.558627	0.0104948	0.0100579	0.578307	57.4351
28	0.0101783	0.0886076	0.53782	0.0089955	0.010217	0.561112	56.4113
29	0.0101783	0.0873487	0.546407	0.0089955	0.0101184	0.540083	56.4113
30	0.0101783	0.0863476	0.532725	0.011994	0.0100579	0.480469	53.8036
31	0.0101783	0.0883726	0.554286	0.0134933	0.0100579	0.428038	51.9241
32	0.0101783	0.0882808	0.5667	0.0134933	0.0100579	0.3972	49.5782
33	0.0101399	0.0852236	0.544247	0.011994	0.0100579	0.361094	47.3646
34	0.0101399	0.0859708	0.558627	0.0134933	0.0100579	0.328632	45.1408
35	0.0101399	0.0826434	0.53782	0.0104948	0.0101118	0.255575	42.2988
36	0.0101783	0.0853318	0.576591	0.0149925	0.0100879	0.236082	42.2988
37	0.0101783	0.0846841	0.556186	0.0104948	0.0100579	0.241215	44.9708
38	0.0101399	0.0838599	0.53782	0.00749625	0.0100579	0.212391	41.8447
39	0.0101399	0.0861236	0.53782	0.00749625	0.0100579	0.187721	36.8624
40	0.0101399	0.0851306	0.524215	0.00749625	0.0100579	0.182209	36.8624
41	0.0101399	0.0838876	0.533489	0.00749625	0.0100579	0.170435	35.2322
42	0.0101399	0.0835809	0.53782	0.00749625	0.0100579	0.165306	28.985
43	0.0101399	0.0834844	0.524215	0.00449775	0.0100579	0.137944	23.744
44	0.0101399	0.0853456	0.533489	0.0029985	0.0100579	0.115481	20.4422
45	0.0101399	0.086978	0.533489	0.00449775	0.0100579	0.110943	18.8901
46	0.0102104	0.0892304	0.556186	0.005997	0.0100579	0.0976368	13.0141
47	0.0101399	0.0887787	0.545756	0.00449775	0.0100261	0.0821664	7.71513
48	0.0109217	0.0922028	0.599439	0.00449775	0.0100261	0.0740861	4.14434
49	0.0109217	0.0962102	0.599439	0.00449775	0.0100261	0.0609757	0.825225
50	0.0102899	0.0994085	0.5667	0.005997	0.0100261	0.0598411	0.768516
51	0.0109217	0.101406	0.599439	0.005997	0.0100261	0.0582437	0.725714
52	0.0101399	0.105137	0.576111	0.00749625	0.0100261	0.056403	0.568008
53	0.0109217	0.111087	0.638338	0.0089955	0.0100261	0.0562369	0.542633
54	0.0109217	0.116421	0.656975	0.011994	0.0100261	0.0533359	0.503577
55	0.0109217	0.12262	0.675907	0.0149925	0.0100261	0.0509546	0.472155
56	0.0101399	0.128058	0.656975	0.0194903	0.0100579	0.0480445	0.40566
57	0.0136241	0.137526	0.919956	0.0209895	0.0100261	0.0469461	0.365668
58	0.0138848	0.140235	0.963325	0.0224888	0.0100261	0.0473954	0.37647
59	0.0127645	0.16018	0.967481	0.0374813	0.0100261	0.0464046	0.361723
60	0.0111232	0.180175	0.984297	0.047976	0.0100261	0.0468039	0.361723
61	0.0215158	0.211245	2.06668	0.065967	0.0100261	0.0474551	0.35964
62	0.0217808	0.194924	1.57536	0.0464768	0.0100261	0.0475222	0.336839
63	0.0195928	0.190517	1.41467	0.0434783	0.0100261	0.0472409	0.333489
64	0.0195928	0.185623	1.29794	0.035982	0.0100261	0.0472291	0.336839
65	0.0175706	0.185549	1.29794	0.0374813	0.0100261	0.0477739	0.336839
66	0.0156204	0.18121	1.01493	0.029985	0.0100261	0.0477239	0.336839
67	0.0148423	0.175456	0.984297	0.0254873	0.0100261	0.0467423	0.349693
68	0.0144155	0.169965	0.984297	0.023988	0.0100261	0.0462281	0.336839
69	0.0144155	0.170278	1.01493	0.0254873	0.0100879	0.0459238	0.361723
70	0.0146091	0.168071	0.984297	0.023988	0.0100879	0.0462086	0.361723
71	0.0146091	0.172587	1.01493	0.0284858	0.0100261	0.0437215	0.291616
72	0.0146091	0.175561	1.01493	0.0269865	0.0100261	0.0423817	0.223692
73	0.0146091	0.173067	1.01493	0.0254873	0.0100261	0.0431887	0.226872
74	0.0168643	0.174325	1.1917	0.0269865	0.0103625	0.0419975	0.229374
75	0.0168643	0.176711	1.1917	0.0284858	0.0100261	0.0422464	0.223692
76	0.0217808	0.186562	1.35083	0.0314843	0.010112	0.0424154	0.226872
77	0.0230242	0.198706	1.4021	0.0404798	0.0104591	0.0421647	0.226872
78	0.0260566	0.218358	1.51437	0.0554723	0.0100879	0.0432702	0.226872
79	0.0272038	0.237811	1.51437	0.065967	0.0100261	0.043633	0.23628
80	0.0260566	0.26391	1.64176	0.0869565	0.0100879	0.0427349	0.226872
81	0.0260566	0.285518	2.14715	0.106447	0.0100261	0.0440375	0.242125
82	0.0260566	0.259338	1.64176	0.0854573	0.0100879	0.0444786	0.248793
83	0.0271708	0.239402	1.51437	0.0674663	0.010112	0.0447833	0.248793
84	0.0266118	0.230021	1.23796	0.053973	0.0100261	0.0457083	0.248793
85	0.0260566	0.225783	1.23796	0.0509745	0.0100261	0.04602	0.276174
86	0.0266118	0.215116	1.4673	0.0464768	0.0100261	0.0473053	0.302121
87	0.0271708	0.216611	1.4673	0.0524738	0.0100261	0.0465622	0.292297
88	0.0271708	0.217165	1.52634	0.0509745	0.0100261	0.0475564	0.312266
89	0.0260566	0.218105	1.52634	0.0509745	0.010024	0.047208	0.312266
90	0.0260566	0.216886	1.64176	0.0509745	0.010024	0.0462767	0.302121
91	0.0271708	0.21987	1.64176	0.0554723	0.010024	0.046623	0.302121
92	0.0260566	0.2258	1.64176	0.05997	0.010024	0.0466122	0.312266
93	0.0187025	0.235769	1.52634	0.071964	0.010024	0.0472694	0.313631
94	0.0169736	0.251959	1.52634	0.0809595	0.010024	0.0483919	0.319225
95	0.0260566	0.27164	2.18002	0.0914543	0.010024	0.0483371	0.326479
96	0.0481034	0.288737	4.05578	0.103448	0.010011	0.0480769	0.34385
97	0.0585613	0.340387	3.81985	0.14093	0.010011	0.0487841	0.34385
98	0.0646685	0.437553	3.64036	0.197901	0.010011	0.0524715	0.413435
99	0.060767	0.426944	3.64036	0.191904	0.010024	0.0605714	0.576082
100	0.0646685	0.433455	4.06922	0.190405	0.010024	0.0806792	2.5776
101	0.0401181	0.338144	3.4427	0.142429	0.0100261	0.105594	14.0903
102	0.0305788	0.277583	3.40591	0.0989505	0.010024	0.137356	20.8525
103	0.0118726	0.259072	1.4673	0.089955	0.010024	0.165848	30.2047
104	0.0145672	0.239581	1.42575	0.0764618	0.010112	0.198132	43.843
105	0.0132073	0.220431	1.36384	0.065967	0.010112	0.223472	43.843
106	0.0132073	0.199611	1.16968	0.0524738	0.0103039	0.239179	43.843
107	0.0145672	0.187951	1.16968	0.0449775	0.0105455	0.273306	43.843
108	0.0145672	0.173243	1.1003	0.0329835	0.010112	0.293045	43.843
109	0.0132073	0.163875	0.951538	0.0284858	0.010024	0.309923	43.843
110	0.0145672	0.162353	0.951538	0.0224888	0.0103039	0.309305	46.7804
111	0.0145672	0.161704	0.941287	0.0209895	0.010024	0.284419	41.67
112	0.0133739	0.154973	0.834173	0.0149925	0.010024	0.291828	35.1819
113	0.0145672	0.152882	0.91764	0.0149925	0.010024	0.298886	28.6989
114	0.0154967	0.151724	0.951538	0.0134933	0.010024	0.31175	31.5698
115	0.0154967	0.1541	0.951538	0.0149925	0.010024	0.327538	26.3647
116	0.0157546	0.157144	0.951538	0.017991	0.010024	0.361472	29.9889
117	0.0156994	0.156718	0.951538	0.017991	0.010024	0.394301	33.4363
118	0.0144417	0.15824	0.941287	0.0224888	0.0106523	0.474305	41.5049
119	0.0154967	0.161001	0.951538	0.0209895	0.0180648	0.574965	80.1985
120	0.0154967	0.163228	1.08538	0.0254873	0.0207964	0.675438	83.4688
121	0.0154967	0.165109	1.08538	0.0254873	0.0222219	0.741125	83.4688
122	0.0157546	0.168899	1.1777	0.029985	0.0199402	0.726401	87.5303
123	0.0167968	0.170536	1.29771	0.0344828	0.0222219	0.815686	87.5303
124	0.0167968	0.181689	1.29771	0.0434783	0.0259592	0.897619	92.2481
125	0.0167968	0.199551	1.29771	0.0569715	0.0301957	1.02542	92.2481
126	0.0197514	0.214307	1.85221	0.0749625	0.0290094	1.07857	87.5303
127	0.0300508	0.24361	2.64851	0.10045	0.041871	1.22022	83.4688
128	0.0217012	0.200457	1.71691	0.0674663	0.0443975	1.26879	83.4688
129	0.0120405	0.182033	1.17325	0.053973	0.040273	1.19953	87.5303
130	0.0100162	0.16617	0.951538	0.047976	0.040273	1.20252	92.2481
131	0.0102212	0.156836	0.953667	0.0434783	0.0413	1.29127	87.5303
132	0.0102212	0.150054	0.953667	0.0434783	0.0443975	1.35229	94.6137
133	0.0100162	0.141871	0.90643	0.041979	0.040273	1.3448	94.6137
134	0.0100162	0.138379	0.90643	0.0434783	0.0425237	1.40681	94.6137
135	0.0102212	0.133137	0.869507	0.0374813	0.045828	1.56052	94.6137
136	0.0100607	0.132731	0.898342	0.0389805	0.0458814	1.55967	97.0776
137	0.0100162	0.130229	0.863024	0.0374813	0.0316228	1.63815	96.0187
138	0.0100162	0.121379	0.803983	0.0329835	0.0219885	1.57153	89.519
139	0.0100162	0.116355	0.789604	0.0329835	0.0192488	1.49102	89.519
140	0.0100162	0.114142	0.789604	0.035982	0.0111727	1.3581	61.7282
141	0.0100162	0.115539	0.898342	0.0449775
