		omega		Posterior		rho				Synonymous theta			kappa			phi	
Site	Lower	Point	Higher	prob of +ve	Lower	Point	Higher		Lower	Point	Higher	Lower	Point	Higher	Lower	Point	Higher
	95% HPD	estimate	95% HPD	selection	95% HPD	estimate	95% HPD		95% HPD	estimate	95% HPD	95% HPD	estimate	95% HPD	95% HPD	estimate	95% HPD
0	0.0100472	0.149465	16.9348	0.167916	0.0100865	0.190007	23.1038		0.0760159	0.0981883	0.125504	1.73983	2.66502	4.34462	0.948895	3.44294e+07	8.2937e+12
1	0.0100472	0.108085	7.86623	0.110945	0.0100489	0.162849	18.5466
2	0.0100472	0.0829708	1.84838	0.0584708	0.0100489	0.152633	23.1038
3	0.010717	0.0641348	0.374947	0.0029985	0.0100865	0.0986398	8.81785
4	0.010717	0.0642175	0.374947	0	0.0100489	0.064738	2.51763
5	0.0104976	0.0663075	0.374947	0.00149925	0.0105757	0.0431714	0.811643
6	0.0104976	0.0666964	0.385227	0.0029985	0.0100489	0.0385205	0.369218
7	0.0104976	0.066781	0.385227	0	0.0100489	0.0365719	0.283288
8	0.0110992	0.0697	0.409701	0.0029985	0.0100489	0.034788	0.197695
9	0.0104976	0.0730556	0.413071	0.0029985	0.0100489	0.0339185	0.163329
10	0.010717	0.0803061	0.478299	0.005997	0.0100489	0.0335818	0.150408
11	0.010717	0.08608	0.525947	0.011994	0.0100489	0.033483	0.14628
12	0.0101717	0.11322	1.07155	0.0554723	0.0100489	0.0332009	0.139481
13	0.0191451	0.241955	3.60013	0.2009	0.0100682	0.0328012	0.134178
14	0.0182069	0.271057	3.75583	0.221889	0.0100682	0.032362	0.125486
15	0.20806	5.98448	34.3936	0.887556	0.0100682	0.0319184	0.122048
16	0.0102711	0.120049	2.81598	0.101949	0.0100682	0.0320671	0.122048
17	0.0102711	0.0900179	0.51503	0.0284858	0.0100261	0.0317443	0.119221
18	0.0102711	0.0843515	0.36865	0.0104948	0.0100261	0.0322398	0.125486
19	0.0113806	0.0849732	0.36865	0.00449775	0.0100261	0.0320858	0.125486
20	0.0116078	0.0856398	0.36085	0.00149925	0.0100261	0.0323533	0.127484
21	0.0115261	0.0884946	0.352432	0.00149925	0.0100261	0.0328105	0.134178
22	0.0134564	0.0926293	0.391082	0.00149925	0.0100261	0.0324914	0.134178
23	0.0155944	0.0958259	0.453213	0.00149925	0.0100261	0.0325464	0.128516
24	0.0155944	0.0983779	0.453213	0.00149925	0.0100003	0.0326761	0.129693
25	0.0180957	0.100088	0.517049	0.00149925	0.0100003	0.0332774	0.134786
26	0.0180957	0.102994	0.517049	0.005997	0.0100003	0.0336662	0.142364
27	0.0180957	0.0997896	0.505249	0.0029985	0.0100003	0.0340764	0.150408
28	0.019467	0.0973351	0.542947	0.00149925	0.0100003	0.0350573	0.162105
29	0.0180957	0.0964052	0.466939	0.00149925	0.0100682	0.0356633	0.170801
30	0.0177254	0.0950486	0.466939	0.00149925	0.0100003	0.0363318	0.163329
31	0.0177254	0.0916107	0.433318	0	0.0100003	0.0367144	0.163329
32	0.0160518	0.090543	0.404482	0	0.0100003	0.037558	0.174145
33	0.0134154	0.090446	0.352432	0.00149925	0.0105392	0.0390035	0.198535
34	0.0180957	0.0897943	0.466939	0	0.0100003	0.0391006	0.198535
35	0.0134154	0.0898955	0.340756	0	0.0100003	0.0397593	0.198535
36	0.0180957	0.0911038	0.433318	0.00149925	0.0105392	0.0411449	0.236824
37	0.018339	0.0959135	0.434044	0	0.0100003	0.0415726	0.226858
38	0.0180957	0.0996966	0.447299	0	0.0105757	0.0437507	0.260167
39	0.0180957	0.108807	0.505249	0.0029985	0.0100003	0.0455278	0.266756
40	0.0254977	0.114877	0.68091	0.005997	0.0100003	0.0481488	0.287602
41	0.0261561	0.122453	0.626199	0.00749625	0.0105392	0.0511863	0.350352
42	0.0254977	0.131859	0.68091	0.0104948	0.0105392	0.0573854	0.397372
43	0.0320735	0.135745	0.908221	0.0149925	0.0105392	0.0631901	0.422814
44	0.0333002	0.138034	1.03447	0.017991	0.0105757	0.0724672	0.648967
45	0.0333002	0.160357	2.38174	0.0569715	0.0105757	0.0755771	0.719432
46	0.0183914	0.112819	0.678726	0.0104948	0.0105757	0.0828049	0.843992
47	0.0171296	0.095972	0.487137	0.0029985	0.011177	0.089815	1.04901
48	0.0147212	0.0886489	0.434044	0	0.0105757	0.100455	1.4075
49	0.0108578	0.0837817	0.314951	0	0.0105757	0.102018	1.4075
50	0.0108578	0.0791472	0.271006	0	0.0105857	0.0990253	1.03876
51	0.0116699	0.0772869	0.280838	0	0.0108671	0.0918103	0.915927
52	0.0108578	0.0750772	0.258437	0	0.011177	0.0872979	0.740179
53	0.0116486	0.0729885	0.271006	0	0.011177	0.0884675	0.740179
54	0.0116486	0.0700512	0.271006	0	0.0114462	0.0852718	0.698891
55	0.0108578	0.0698287	0.256058	0.00149925	0.0105857	0.0837071	0.613727
56	0.0108578	0.0675158	0.242733	0	0.0108671	0.0804053	0.582648
57	0.0110788	0.067814	0.258133	0.0029985	0.0105857	0.0790857	0.534652
58	0.0108578	0.067248	0.242733	0.0029985	0.0108671	0.0794627	0.576119
59	0.0109413	0.0666079	0.242733	0.0029985	0.0103	0.0786152	0.559085
60	0.0109413	0.066662	0.256058	0.00149925	0.0103	0.0788106	0.559085
61	0.0109413	0.0672573	0.256058	0.0029985	0.0103	0.0785084	0.566444
62	0.0108578	0.0675876	0.26207	0.0029985	0.0103	0.0775424	0.477088
63	0.0107607	0.0627915	0.231915	0	0.0100445	0.0786687	0.497358
64	0.0108578	0.0598985	0.227317	0	0.0103	0.0778486	0.459815
65	0.0109413	0.0582695	0.223222	0	0.0114134	0.0761215	0.456532
66	0.0107607	0.0552087	0.201454	0	0.0102775	0.0746798	0.394643
67	0.0108578	0.0542665	0.201454	0	0.0102775	0.0762292	0.392651
68	0.0105784	0.0530493	0.201454	0	0.0108351	0.071799	0.394643
69	0.0110788	0.0510895	0.200281	0	0.011177	0.0708067	0.394643
70	0.0107607	0.0501726	0.191853	0.00149925	0.0112292	0.0706607	0.383541
71	0.0110788	0.0492332	0.184861	0	0.0112292	0.0706986	0.383541
72	0.0110788	0.0490032	0.184121	0	0.0114134	0.0729012	0.394643
73	0.0110788	0.0478878	0.184121	0	0.0114134	0.0746213	0.394643
74	0.0107607	0.0467527	0.173561	0	0.011369	0.0768369	0.394643
75	0.0107607	0.0459742	0.173561	0	0.011369	0.081273	0.414363
76	0.0107607	0.0448764	0.158159	0	0.0111748	0.0859153	0.414363
77	0.0110788	0.043914	0.150471	0	0.0111748	0.0892634	0.456532
78	0.0111393	0.0432309	0.150498	0	0.0107034	0.0985867	0.543357
79	0.0108578	0.0422151	0.139203	0	0.0103742	0.110648	0.618072
80	0.0112104	0.0419552	0.139203	0	0.0102529	0.136116	0.95632
81	0.0112104	0.0416891	0.139203	0	0.0103742	0.150623	1.44482
82	0.011261	0.0413131	0.138915	0	0.0103742	0.163282	1.44482
83	0.0115628	0.0405856	0.139203	0	0.0107034	0.179176	1.5251
84	0.0108578	0.0404832	0.129612	0	0.0171072	0.197288	2.3746
85	0.0108578	0.0405941	0.131579	0	0.0100861	0.159171	0.976195
86	0.0108578	0.0397322	0.12763	0	0.0119838	0.142054	0.976195
87	0.0112104	0.0402754	0.138936	0	0.0119236	0.137783	0.910183
88	0.0108578	0.0400809	0.133509	0.00149925	0.0119236	0.135512	0.910183
89	0.0111261	0.0403749	0.138936	0.00149925	0.0100861	0.128968	0.648967
90	0.0111261	0.0403531	0.138936	0.00149925	0.0100861	0.119466	0.543357
91	0.0111261	0.0402766	0.138936	0.00149925	0.0100861	0.11261	0.50048
92	0.0111393	0.0402215	0.138936	0	0.0100861	0.106067	0.461862
93	0.0111261	0.0406967	0.138936	0	0.0100861	0.0975618	0.388934
94	0.0109041	0.0400956	0.13383	0	0.0100861	0.0938749	0.366514
95	0.0111261	0.0407011	0.138936	0	0.0100861	0.0906712	0.348886
96	0.0108578	0.0423632	0.154153	0	0.0100861	0.0879196	0.340457
97	0.0108578	0.0421957	0.146036	0	0.0100861	0.0871919	0.340457
98	0.0109375	0.043129	0.161217	0	0.0100649	0.0863744	0.352458
99	0.0108578	0.0439301	0.166699	0	0.0100861	0.0853847	0.355687
100	0.0108578	0.0450136	0.174918	0	0.0100649	0.086482	0.370105
101	0.0108578	0.0455587	0.177058	0	0.0100649	0.0880811	0.38898
102	0.0100016	0.0470081	0.184141	0	0.0100649	0.0881604	0.389717
103	0.0109375	0.0487386	0.206422	0	0.0100861	0.0902768	0.405881
104	0.0111393	0.0517487	0.231591	0	0.0100861	0.089386	0.402469
105	0.0108578	0.0534204	0.234986	0	0.0100861	0.0935431	0.414761
106	0.0108578	0.0543486	0.240722	0	0.0100861	0.0947717	0.441368
107	0.0108578	0.0568098	0.240722	0	0.0100861	0.0966263	0.49194
108	0.0111261	0.0592458	0.24951	0	0.0100861	0.0975122	0.49194
109	0.0111261	0.0619471	0.253395	0.00149925	0.0100861	0.094487	0.437387
110	0.0109899	0.0672271	0.26726	0.005997	0.0100861	0.09423	0.427672
111	0.0109899	0.0645678	0.240722	0	0.010065	0.0952741	0.427672
112	0.0109899	0.0636892	0.236337	0	0.0100861	0.0940696	0.408464
113	0.0111261	0.0637612	0.234986	0	0.0100861	0.0949306	0.414761
114	0.0108048	0.0640652	0.234986	0	0.010065	0.099089	0.427672
115	0.0113148	0.0652899	0.253395	0	0.010065	0.102253	0.461368
116	0.0108048	0.0657088	0.251491	0	0.010065	0.107558	0.614293
117	0.0108048	0.0668472	0.253395	0	0.010065	0.106565	0.581566
118	0.010087	0.0684589	0.253395	0.00149925	0.010065	0.105942	0.620027
119	0.0108048	0.0686762	0.271916	0.00149925	0.010065	0.102652	0.566444
120	0.0108048	0.0723386	0.275787	0.00449775	0.010065	0.101256	0.492648
121	0.0108048	0.0763843	0.287418	0.00149925	0.010065	0.10726	0.566444
122	0.0104555	0.0806811	0.288486	0	0.010065	0.110842	0.581566
123	0.0105836	0.0820629	0.300059	0	0.010065	0.111938	0.61839
124	0.0110811	0.0876084	0.339603	0.0029985	0.0100861	0.113665	0.649006
125	0.0104324	0.0974058	0.381809	0.00749625	0.010065	0.11675	0.695272
126	0.0102168	0.128775	0.705433	0.035982	0.010065	0.120639	0.720882
127	0.0104324	0.113365	0.422638	0.011994	0.010065	0.119714	0.628627
128	0.0151888	0.108639	0.469516	0.005997	0.0100861	0.117801	0.61839
129	0.015097	0.108085	0.469516	0.00449775	0.010065	0.113926	0.517692
130	0.0152253	0.109457	0.469516	0.00149925	0.010065	0.108024	0.485847
131	0.0148838	0.111201	0.488411	0.00149925	0.010065	0.113505	0.539497
132	0.0129419	0.109988	0.488411	0.00149925	0.010065	0.119783	0.61839
133	0.0134819	0.113387	0.520121	0.00149925	0.010065	0.128754	0.743822
134	0.0148838	0.118583	0.551436	0	0.010065	0.143839	0.840777
135	0.0113148	0.12555	0.475516	0.0029985	0.010065	0.159529	0.906808
136	0.0148838	0.147563	0.601703	0.005997	0.011788	0.173875	1.21536
137	0.0180548	0.172806	0.687701	0.005997	0.0117645	0.186428	1.12368
138	0.042009	0.199563	0.914671	0.00749625	0.0176801	0.190726	1.3393
139	0.0575746	0.237036	0.923216	0.0194903	0.018333	0.191108	1.14394
140	0.0575746	0.244676	0.872523	0.0209895	0.018333	0.200033	1.21536
141	0.0605116	0.24659	0.923216	0.0224888	0.0162565	0.246123	1.69416
142	0.0589426	0.24612	0.879167	0.0194903	0.0508296	0.307959	5.38785
143	0.0683221	0.246877	0.923216	0.0164918	0.06067	0.331615	5.66553
144	0.0743746	0.248409	0.937486	0.0164918	0.0508296	0.320705	5.66553
145	0.0743746	0.248238	0.937486	0.0164918	0.06067	0.317461	6.34511
146	0.0760096	0.243032	0.937486	0.0104948	0.0112079	0.274576	1.69535
147	0.0575746	0.239056	0.757287	0.0089955	0.0139839	0.23956	1.619
148	0.0589426	0.237122	0.831932	0.0104948	0.0139839	0.211494	1.42647
149	0.0570456	0.233204	0.757287	0.005997	0.0138873	0.18924	1.17044
150	0.0591436	0.22752	0.8609	0.0029985	0.0152701	0.167915	0.98618
151	0.0570456	0.231112	0.8609	0.005997	0.0152701	0.160594	0.882761
152	0.0579699	0.232747	0.923216	0.00749625	0.0161033	0.156695	0.882761
153	0.0488906	0.255723	1.01874	0.0254873	0.0156126	0.155892	0.844764
154	0.0856445	0.30167	1.39022	0.0524738	0.0152701	0.158737	0.817228
155	0.0859756	0.316481	1.39361	0.0584708	0.0161033	0.156821	0.884076
156	0.0895393	0.308426	1.60771	0.0569715	0.0156126	0.158662	0.884076
157	0.0813068	0.304581	1.60771	0.0629685	0.0148158	0.160815	0.910186
158	0.0565334	0.352887	2.39176	0.112444	0.0143938	0.16292	0.969339
159	0.0117991	0.187247	0.914671	0.0389805	0.0143938	0.161972	0.910186
160	0.0120582	0.148605	0.65584	0.0149925	0.0143938	0.161038	0.884076
161	0.0120582	0.129748	0.552623	0.0134933	0.0143938	0.157565	0.806149
162	0.0120582	0.119251	0.50554	0.0089955	0.0159235	0.157072	0.806149
163	0.0120582	0.109634	0.447027	0.005997	0.0143938	0.154705	0.694193
164	0.0117243	0.096625	0.430684	0.00149925	0.0156126	0.154522	0.837768
165	0.0117243	0.0890728	0.394684	0	0.0127899	0.150403	0.694474
166	0.0118095	0.0849845	0.389008	0	0.0148039	0.150751	0.868777
167	0.011172	0.0792108	0.334048	0	0.0144895	0.154876	0.884076
168	0.011172	0.0776901	0.334048	0	0.0139936	0.165545	0.884076
169	0.011172	0.0758045	0.333166	0	0.0134302	0.166271	0.884076
170	0.0118095	0.0753483	0.333166	0	0.0127899	0.158667	0.868777
171	0.0103533	0.0735859	0.288723	0	0.0126771	0.156477	0.846312
172	0.0117243	0.0741864	0.31924	0	0.0127086	0.169904	0.866333
173	0.0117243	0.0749692	0.31924	0	0.0127086	0.174556	0.868777
174	0.0118095	0.0753773	0.32481	0	0.0127086	0.182032	0.98618
175	0.0103055	0.0745063	0.279929	0	0.0103671	0.188494	0.850812
176	0.0103055	0.0748397	0.279929	0	0.0105493	0.198074	0.868777
177	0.0103055	0.0750418	0.276046	0	0.0103671	0.205669	0.929117
178	0.0110659	0.075872	0.303934	0	0.0105493	0.214257	1.00293
179	0.0103533	0.0770495	0.288723	0	0.0166828	0.234216	1.51688
180	0.0117243	0.079295	0.334048	0	0.0167371	0.247272	1.51688
181	0.0118095	0.0802337	0.334048	0	0.0167371	0.261357	1.68032
182	0.0117243	0.081763	0.334048	0	0.0189949	0.281704	1.51688
183	0.0118095	0.0843276	0.333166	0	0.0313501	0.295925	2.47039
184	0.0118095	0.0882231	0.330975	0.00149925	0.0167371	0.308252	1.68032
185	0.0118095	0.0912467	0.333166	0.00149925	0.0269196	0.315597	2.27098
186	0.0110659	0.096897	0.334048	0.00149925	0.0435817	0.346811	3.5785
187	0.0118095	0.107282	0.373385	0.00449775	0.0480082	0.3746	2.972
188	0.0181343	0.126224	0.573585	0.005997	0.0440928	0.396774	3.11771
189	0.0231037	0.144668	0.573585	0.0089955	0.0440928	0.416417	4.81603
190	0.0271779	0.142375	0.573585	0.00449775	0.0516438	0.440863	5.07888
191	0.0342525	0.144408	0.799417	0.00449775	0.0426421	0.509527	10.3315
192	0.0342525	0.147287	0.727131	0.0029985	0.0332813	0.629468	25.4337
193	0.0355807	0.153182	0.651778	0.00449775	0.0307629	0.658315	25.4337
194	0.0363972	0.157707	0.573585	0.005997	0.102608	0.838326	84.0906
195	0.0469954	0.166006	0.654368	0.0134933	0.131889	0.949769	80.3655
196	0.0568734	0.164908	0.654368	0.005997	0.131889	1.03394	88.7581
197	0.0534755	0.166909	0.60616	0.00449775	0.132886	1.08286	84.0906
198	0.0534755	0.16688	0.54586	0.00149925	0.114416	1.05846	88.7581
199	0.0554484	0.171685	0.535101	0.00449775	0.0810313	0.969916	88.7581
200	0.0565334	0.173539	0.535101	0.005997	0.0620964	0.897929	88.7581
201	0.066331	0.175544	0.60616	0.00449775	0.0573044	0.884945	88.7581
202	0.0554484	0.175883	0.521596	0.005997	0.0479867	0.818645	87.0265
203	0.0568734	0.172584	0.529075	0.00149925	0.0479867	0.792463	88.7581
204	0.0554484	0.172859	0.535101	0.0029985	0.0483089	0.796686	88.7581
205	0.0554891	0.172319	0.535101	0.0029985	0.0479867	0.80004	88.7581
206	0.0568734	0.163964	0.654368	0.00149925	0.0381311	0.76426	85.3686
207	0.0565334	0.160572	0.654368	0.00149925	0.0479867	0.768298	97.435
208	0.0534268	0.156204	0.654368	0	0.0479867	0.779107	87.0265
209	0.0534268	0.154486	0.654368	0.00149925	0.0479867	0.766901	88.7581
210	0.0469954	0.152501	0.54586	0	0.0483089	0.761048	99.5373
211	0.0469954	0.151008	0.54586	0	0.050612	0.801853	87.0265
212	0.0260837	0.12982	0.458005	0	0.0547805	0.825746	85.3686
213	0.0225362	0.118787	0.430502	0	0.0757808	0.902297	99.5373
214	0.0233705	0.115326	0.430502	0	0.0691423	0.932471	99.5373
215	0.0243826	0.11437	0.430502	0	0.0379624	0.950016	85.3686
216	0.0243826	0.112682	0.430502	0	0.028142	0.899074	87.0265
217	0.0203942	0.109715	0.366679	0	0.0305886	1.03444	81.7197
218	0.0174756	0.106811	0.35602	0	0.0516605	1.13362	99.5373
219	0.0148809	0.104353	0.332183	0	0.0856153	1.24929	87.0265
220	0.0148809	0.102341	0.314152	0	0.112524	1.28809	99.5373
221	0.0150324	0.101527	0.296622	0	0.0856153	1.23456	87.0265
222	0.0174756	0.10208	0.314152	0	0.073579	1.13381	99.5373
223	0.0157193	0.101872	0.299721	0	0.0734046	1.19279	85.3686
224	0.0182693	0.100207	0.337464	0	0.0856153	1.27666	87.0265
225	0.0179051	0.099813	0.317652	0	0.0717716	1.0551	94.9796
226	0.0203942	0.101702	0.324657	0	0.0572068	0.936838	85.3686
227	0.0203942	0.10371	0.317652	0	0.0513048	0.803109	85.3686
228	0.0203942	0.104047	0.332183	0.00149925	0.044262	0.697292	85.3686
229	0.0203942	0.104811	0.337464	0.00149925	0.0476378	0.662687	85.3686
230	0.0203942	0.107035	0.337464	0.0029985	0.0417505	0.598097	85.3686
231	0.0262028	0.110363	0.378554	0.0029985	0.0476378	0.58436	85.3686
232	0.0243826	0.107552	0.378554	0.00149925	0.0458687	0.532559	99.5373
233	0.0232697	0.104696	0.341469	0	0.0115725	0.402005	50.5175
234	0.0203942	0.103414	0.304453	0	0.0100654	0.316406	30.1887
235	0.0203942	0.103206	0.304453	0	0.0100654	0.278878	30.1887
236	0.0203942	0.101072	0.312077	0	0.0100654	0.257275	29.0186
237	0.0204235	0.0996231	0.324657	0	0.0100654	0.228326	27.183
238	0.0204235	0.0985052	0.337464	0	0.0100654	0.209915	27.183
239	0.0233705	0.0986422	0.378554	0	0.0100654	0.204219	27.183
240	0.0189655	0.0986878	0.324657	0	0.0100654	0.203089	27.183
241	0.0183989	0.0978127	0.324657	0	0.0106373	0.192954	27.183
242	0.0183989	0.0986501	0.324657	0.00149925	0.0100654	0.165453	4.9584
243	0.0189655	0.102843	0.335813	0.0029985	0.0101535	0.155511	4.12576
244	0.0189655	0.105486	0.324986	0.00149925	0.0100377	0.142803	1.9064
245	0.0189655	0.107312	0.357246	0	0.0100377	0.132713	1.08921
246	0.0245099	0.110563	0.428997	0	0.0100377	0.118823	0.687112
247	0.0245099	0.115547	0.47943	0	0.0108531	0.116176	0.698001
248	0.0189655	0.119232	0.378554	0	0.0112271	0.116276	0.698001
249	0.0245099	0.129936	0.47943	0	0.0112271	0.117056	0.698001
250	0.027564	0.138538	0.47943	0.00149925	0.010966	0.117774	0.698001
251	0.02695	0.136997	0.47943	0	0.0100591	0.126707	0.698001
252	0.026838	0.139823	0.47943	0	0.0100377	0.13806	0.788171
253	0.0251965	0.141474	0.47943	0	0.0100377	0.145067	0.907595
254	0.0245099	0.142858	0.47943	0	0.0100377	0.153904	1.06466
255	0.02695	0.144424	0.544576	0	0.0100377	0.160743	1.18923
256	0.0265006	0.148172	0.544576	0	0.0100591	0.179563	1.61644
257	0.040349	0.154386	0.660668	0	0.0100591	0.191567	2.00905
258	0.0389941	0.157541	0.699827	0.005997	0.0108531	0.209604	2.49109
259	0.0389941	0.158534	0.660668	0.00449775	0.0112271	0.220635	2.359
260	0.0436005	0.160982	0.699827	0.00449775	0.0112767	0.437685	28.8726
261	0.040349	0.159607	0.699827	0.00449775	0.0105061	0.606176	33.4913
262	0.0382551	0.158812	0.685876	0.00449775	0.0258955	0.910329	93.2583
263	0.0436005	0.157251	0.831083	0.00449775	0.0390359	1.2168	97.7256
264	0.0265006	0.155683	0.619981	0.0089955	0.0670137	1.64896	93.2583
265	0.026838	0.154843	0.660668	0.0104948	0.0644844	1.71658	97.7256
266	0.013429	0.132279	0.543517	0.00749625	0.067538	1.79173	97.7256
267	0.0102323	0.118199	0.403368	0.0029985	0.0644844	1.68749	97.7256
268	0.0106486	0.109856	0.378554	0.00149925	0.0581559	1.63236	97.7256
269	0.0106486	0.1047	0.378422	0.00149925	0.0415163	1.4842	97.7256
270	0.0104308	0.100067	0.360722	0	0.0296543	1.4998	97.7256
271	0.0104308	0.0977181	0.360722	0	0.0275385	1.53356	91.5821
272	0.0104308	0.0962972	0.360722	0	0.0275385	1.56814	91.5821
273	0.0102323	0.0963948	0.367039	0.00149925	0.0275385	1.62461	97.7256
274	0.0102323	0.0964096	0.385281	0.0029985
