		omega		Posterior		rho				Synonymous theta			kappa			phi	
Site	Lower	Point	Higher	prob of +ve	Lower	Point	Higher		Lower	Point	Higher	Lower	Point	Higher	Lower	Point	Higher
	95% HPD	estimate	95% HPD	selection	95% HPD	estimate	95% HPD		95% HPD	estimate	95% HPD	95% HPD	estimate	95% HPD	95% HPD	estimate	95% HPD
0	0.0100121	0.029788	0.201198	0.00149925	0.0154033	0.991119	59.0612		0.061108	0.0747688	0.0951859	2.37492	3.96219	6.11803	0	0	0
1	0.0100121	0.0287269	0.18864	0.00149925	0.0142198	0.914043	59.0612
2	0.0100121	0.0275272	0.172175	0	0.0142198	0.806405	59.0612
3	0.0100121	0.0268286	0.154016	0	0.0139288	0.718971	59.0612
4	0.0100121	0.0263077	0.13433	0	0.0101753	0.619469	40.7964
5	0.0100121	0.026053	0.123257	0	0.0101753	0.531441	32.1643
6	0.0100121	0.0256766	0.123257	0	0.0101753	0.470904	27.2133
7	0.0100121	0.0255748	0.122075	0	0.010108	0.38937	25.7161
8	0.0100121	0.0255325	0.122075	0	0.010108	0.347054	24.7995
9	0.0100121	0.0252435	0.113368	0	0.0100678	0.33275	24.7995
10	0.0100121	0.0248196	0.093512	0	0.0100678	0.327353	26.3606
11	0.0100121	0.0246108	0.092099	0	0.0100678	0.297214	24.7995
12	0.0100121	0.0242894	0.0894947	0	0.0101753	0.263994	25.7161
13	0.0100121	0.0240631	0.0847033	0	0.0100678	0.21819	20.6353
14	0.0100121	0.0239569	0.0799417	0	0.0100678	0.186353	16.3279
15	0.0100121	0.0239553	0.0836901	0	0.0100678	0.16141	15.0386
16	0.0100121	0.0241856	0.0907398	0	0.0101753	0.146464	13.7984
17	0.0100121	0.0242545	0.092099	0	0.0101753	0.128323	11.4053
18	0.0100121	0.0241311	0.0907398	0	0.0100196	0.122218	11.4053
19	0.0100121	0.0241816	0.0910239	0.00149925	0.0100196	0.120051	11.4053
20	0.0100121	0.023799	0.0894947	0.00149925	0.0100196	0.107996	9.77775
21	0.0100121	0.0235085	0.0847229	0.00149925	0.0100196	0.0993046	7.91019
22	0.0100121	0.0234678	0.0836901	0.00149925	0.0100678	0.0907447	5.69242
23	0.0100121	0.0229945	0.0799417	0	0.0100196	0.0929879	5.69242
24	0.0100121	0.0228352	0.0799417	0	0.0100196	0.093713	5.39146
25	0.0100121	0.0225281	0.0780917	0	0.0100196	0.0881538	4.14696
26	0.0100121	0.0227697	0.0799417	0	0.0100196	0.0770893	3.09339
27	0.0100121	0.0226194	0.0789016	0	0.0100196	0.0615756	0.876346
28	0.0100121	0.0230213	0.0894947	0	0.0100196	0.0571146	0.469543
29	0.0100121	0.0231026	0.092099	0	0.0100678	0.0520226	0.390137
30	0.0100121	0.0230532	0.0954381	0	0.0100196	0.0495188	0.301189
31	0.0100121	0.0229798	0.0943775	0	0.0100196	0.0488898	0.289946
32	0.0100121	0.0228626	0.092099	0	0.0100196	0.0487203	0.27627
33	0.0100121	0.0227337	0.0907573	0	0.0100196	0.0478067	0.262572
34	0.0100121	0.0223903	0.0834682	0	0.0100678	0.0469118	0.262572
35	0.0100121	0.0222608	0.079529	0	0.0100196	0.0450261	0.2467
36	0.0100121	0.0220656	0.0763282	0	0.0100196	0.0451782	0.249574
37	0.0100121	0.0220368	0.0763282	0	0.0100196	0.0458036	0.25668
38	0.0100121	0.0219846	0.0775794	0	0.0100196	0.0454874	0.25877
39	0.0100121	0.0221326	0.0789016	0	0.0100196	0.0457987	0.287427
40	0.0100121	0.0222394	0.079529	0	0.0100196	0.0456592	0.278513
41	0.0100121	0.0222286	0.0803501	0	0.0100196	0.0448526	0.267919
42	0.0100121	0.022169	0.079529	0	0.0100196	0.046139	0.269541
43	0.0100121	0.0218858	0.0789016	0	0.0102483	0.0491316	0.372112
44	0.0100121	0.0219075	0.0775794	0	0.0101753	0.0501057	0.372112
45	0.0100121	0.0217188	0.0755448	0	0.0101753	0.0511989	0.372112
46	0.0100387	0.0216988	0.0755448	0	0.0100196	0.0531954	0.38027
47	0.0100387	0.0216892	0.0739544	0	0.0100196	0.0578481	0.752552
48	0.0100387	0.0217012	0.0739544	0	0.0100196	0.0664553	1.86767
49	0.0100387	0.0214726	0.0698511	0	0.0100196	0.0714615	2.51842
50	0.0100387	0.0218307	0.0755448	0	0.0101753	0.0779651	7.89246
51	0.0100916	0.0221701	0.0798426	0	0.0100196	0.0886633	19.2587
52	0.0100104	0.021997	0.0780917	0	0.0101139	0.0942046	25.2309
53	0.0100104	0.0218825	0.0763282	0	0.0100196	0.111229	41.8495
54	0.0100104	0.0218188	0.075417	0	0.0100196	0.120214	48.0552
55	0.0100104	0.0218109	0.075417	0	0.0101139	0.12985	52.0709
56	0.0100104	0.0217959	0.075417	0	0.0101753	0.131234	58.9714
57	0.0100104	0.0216401	0.0723244	0	0.0101753	0.131246	58.9714
58	0.0100104	0.021731	0.075417	0	0.0101753	0.112621	52.0709
59	0.0100104	0.0218081	0.0755448	0	0.0101139	0.0998865	51.3662
60	0.0100104	0.0218667	0.077901	0	0.0100196	0.077866	25.9951
61	0.0100104	0.0218162	0.077901	0	0.0100196	0.0569354	1.73584
62	0.0100104	0.0218256	0.0780917	0	0.0101753	0.0429344	0.251128
63	0.0100104	0.0219037	0.0791614	0	0.0101139	0.0415507	0.242057
64	0.0100104	0.0219623	0.079529	0	0.0101139	0.0402064	0.227557
65	0.0100104	0.0227088	0.0914232	0.0029985	0.0101139	0.0387902	0.220902
66	0.0100104	0.0229138	0.0943775	0.00149925	0.0101753	0.0381105	0.220902
67	0.0100104	0.0224368	0.0852273	0	0.0101753	0.0382252	0.220902
68	0.0100104	0.0220203	0.0839714	0	0.0101139	0.0387691	0.220902
69	0.0100104	0.0219674	0.0834682	0	0.0101753	0.0387745	0.220902
70	0.0100104	0.0220165	0.081948	0	0.0101753	0.0396723	0.220902
71	0.0100104	0.0219031	0.0816123	0	0.0101753	0.0395229	0.220902
72	0.0100104	0.021706	0.0755434	0	0.0101753	0.0396688	0.220902
73	0.0100104	0.0217777	0.0739544	0	0.0101139	0.0395451	0.206397
74	0.0100104	0.0220964	0.0789016	0	0.0101139	0.0393801	0.194408
75	0.0100104	0.022415	0.081948	0	0.0101139	0.0391269	0.192014
76	0.0100104	0.0226433	0.0868542	0	0.0101139	0.0392286	0.189028
77	0.0100104	0.0226939	0.0839714	0	0.0101139	0.0415581	0.224559
78	0.0100104	0.0228107	0.0838685	0	0.0101753	0.0468909	0.394396
79	0.0100104	0.0231954	0.0872545	0.0029985	0.0101139	0.0509657	0.99359
80	0.0100104	0.0228292	0.0838685	0	0.0101753	0.0543603	2.81572
81	0.0100104	0.0231989	0.0872545	0	0.0101139	0.0545089	2.76023
82	0.0100104	0.0229191	0.0841969	0	0.0101139	0.0551985	2.81572
83	0.0100104	0.0228368	0.0838685	0	0.0101139	0.0577009	8.54753
84	0.0100104	0.0225867	0.0789016	0	0.0101137	0.0618889	13.7529
85	0.0100104	0.022409	0.077901	0	0.0100941	0.067195	19.5284
86	0.0100104	0.0222191	0.0755434	0	0.0100941	0.0733502	27.0284
87	0.0100104	0.0222945	0.0789016	0	0.0100941	0.0785665	29.8782
88	0.0100104	0.0223797	0.0755434	0	0.0101139	0.0766073	29.8782
89	0.0100104	0.0222282	0.0733436	0	0.0100941	0.0767922	30.4958
90	0.0100104	0.0223842	0.0720241	0	0.0100941	0.076826	33.4369
91	0.0100104	0.0228368	0.0755434	0	0.0100941	0.0761667	30.4958
92	0.0100104	0.0227515	0.0733436	0	0.0100941	0.0729743	41.436
93	0.0100104	0.0230947	0.075417	0	0.0100941	0.070847	43.0152
94	0.0100104	0.0231717	0.0789016	0	0.0101753	0.0627055	29.8782
95	0.0100104	0.023692	0.0856054	0.00149925	0.0101753	0.0511013	25.3688
96	0.0100104	0.0235239	0.0839714	0	0.0100941	0.040627	0.507082
97	0.0100104	0.0239287	0.086711	0	0.0100941	0.0382711	0.288787
98	0.0100104	0.0240615	0.0868542	0	0.0100506	0.0320856	0.173876
99	0.0100104	0.0240732	0.0872776	0	0.0100506	0.0290574	0.128658
100	0.0100104	0.0242534	0.0895925	0	0.0100506	0.0288175	0.127868
101	0.0100104	0.0246181	0.090797	0	0.0101753	0.0282644	0.128658
102	0.0100104	0.0247635	0.0923809	0	0.0101753	0.0287413	0.127868
103	0.0101406	0.0244835	0.0895925	0	0.0100506	0.0288776	0.120783
104	0.0101406	0.0247553	0.090797	0	0.0100506	0.0291552	0.119547
105	0.0101406	0.0249796	0.094116	0	0.0100506	0.0290528	0.119547
106	0.0101406	0.0247826	0.0898125	0	0.0100691	0.0284631	0.114587
107	0.0101406	0.024882	0.0895925	0.00149925	0.0100506	0.0281409	0.108643
108	0.0101406	0.0249507	0.0902198	0.00149925	0.0100506	0.0281736	0.110444
109	0.0101406	0.0254332	0.0938367	0.00149925	0.0100691	0.0280745	0.107589
110	0.0101406	0.0257771	0.0981746	0.00149925	0.0100506	0.0276497	0.0972861
111	0.0101406	0.0258525	0.0981746	0.00149925	0.0100691	0.0273628	0.0972861
112	0.0101406	0.0260664	0.0984064	0.00149925	0.0100691	0.027352	0.0972861
113	0.0101406	0.0262713	0.102726	0.00149925	0.0100506	0.0272579	0.0952018
114	0.0101406	0.0269473	0.107284	0.0029985	0.0100506	0.0274074	0.105256
115	0.0101406	0.0277732	0.116472	0.00149925	0.0101753	0.0273733	0.108364
116	0.0101406	0.0288337	0.139201	0.00149925	0.0100691	0.0279423	0.108364
117	0.0101406	0.0295902	0.139713	0.0029985	0.0100691	0.0270851	0.0989196
118	0.0101512	0.029666	0.139713	0.00149925	0.0100691	0.0285969	0.108643
119	0.0101406	0.0304879	0.140729	0.00149925	0.0100691	0.0287122	0.110444
120	0.0101512	0.0316096	0.141791	0.00149925	0.0100691	0.0289638	0.12748
121	0.0101629	0.0325937	0.174804	0.00149925	0.0100691	0.0286464	0.114406
122	0.0101629	0.0366306	0.240662	0.0194903	0.0100358	0.0286437	0.114406
123	0.0101512	0.0328435	0.174804	0.0029985	0.0100358	0.0288576	0.116313
124	0.0101512	0.0315675	0.148775	0	0.0100358	0.0282629	0.109987
125	0.0101265	0.0310092	0.147437	0	0.0100691	0.0281759	0.109694
126	0.0101265	0.0305376	0.140425	0	0.0100691	0.0284479	0.109694
127	0.0101265	0.0302558	0.139713	0	0.0100358	0.0289405	0.115804
128	0.0101165	0.0300544	0.136876	0	0.0100358	0.0296441	0.116997
129	0.0101165	0.0295252	0.112973	0	0.0100358	0.0297388	0.116997
130	0.0101165	0.0291335	0.109857	0	0.0100358	0.0299147	0.121607
131	0.0101165	0.0285606	0.105435	0	0.0100358	0.0302799	0.121607
132	0.0101265	0.0282047	0.105435	0	0.0100358	0.0310799	0.12748
133	0.0101165	0.0276461	0.0987075	0	0.0100358	0.0320831	0.141502
134	0.0101165	0.027638	0.0987075	0	0.0100358	0.0325187	0.147929
135	0.0101165	0.0277926	0.0987075	0.0029985	0.0101753	0.0329307	0.154086
136	0.0101265	0.027729	0.105435	0.00149925	0.0101753	0.0333908	0.154086
137	0.0101165	0.0274486	0.102726	0	0.0101753	0.034233	0.154086
138	0.0101165	0.0272165	0.101848	0	0.0100358	0.036879	0.18095
139	0.0101165	0.0271873	0.0983712	0	0.0100358	0.0415606	0.253326
140	0.0101165	0.0271103	0.0983712	0.00149925	0.0100358	0.044128	0.25724
141	0.0101165	0.0278418	0.111554	0.005997	0.0100358	0.0444391	0.25724
142	0.0101165	0.026847	0.101848	0	0.0100358	0.0480262	0.344861
143	0.0101165	0.0267047	0.0983712	0	0.0100358	0.0504279	0.361144
144	0.0101165	0.0264624	0.0976967	0	0.0100358	0.0581778	0.468969
145	0.0101165	0.0267345	0.0980183	0	0.0100358	0.0638766	0.574244
146	0.0101165	0.0265703	0.0894774	0	0.0100358	0.069452	0.769388
147	0.0101165	0.0268618	0.102726	0	0.0100358	0.0801034	1.00945
148	0.0101165	0.0264944	0.105383	0	0.0107737	0.0973255	1.38914
149	0.0101265	0.0268188	0.105383	0	0.0114978	0.122712	2.87521
150	0.0101265	0.0269386	0.109857	0	0.0114978	0.141727	3.13867
151	0.0101265	0.0265979	0.0980183	0	0.0114978	0.175727	6.70257
152	0.0101508	0.0262282	0.0871671	0	0.0115935	0.208195	7.17398
153	0.0101265	0.0262342	0.0871671	0	0.0101292	0.193952	5.67098
154	0.0101508	0.0260568	0.0868542	0	0.0101292	0.208914	8.70908
155	0.0101265	0.0258027	0.0833234	0	0.0101292	0.221411	15.3031
156	0.0101265	0.0258921	0.0856054	0	0.0120482	0.213697	19.9143
157	0.0101265	0.0261195	0.0859735	0	0.0119049	0.205157	20.5286
158	0.0101508	0.0263243	0.086711	0	0.0113494	0.191613	20.5286
159	0.0101265	0.0262308	0.0859735	0	0.0100924	0.170946	19.9143
160	0.0101508	0.0259077	0.086711	0	0.0100854	0.14421	19.6838
161	0.0101265	0.0256822	0.0856054	0	0.0100854	0.139829	16.0343
162	0.0101508	0.0258218	0.086711	0	0.0100854	0.127021	8.68491
163	0.0101265	0.0260004	0.0859735	0	0.0101292	0.106797	2.35261
164	0.0101265	0.0259813	0.0859735	0	0.0100854	0.102797	1.49278
165	0.0101265	0.0259903	0.0856054	0	0.0108678	0.0928934	0.799356
166	0.0101508	0.0263723	0.0868542	0	0.0100854	0.0868277	0.624964
167	0.0101265	0.0260206	0.0814743	0	0.0100854	0.0855502	0.565454
168	0.0101265	0.0262581	0.0833234	0	0.0108678	0.0913238	0.734953
169	0.0100014	0.0261219	0.0814743	0	0.0108678	0.0897039	0.59766
170	0.0100014	0.026045	0.0802866	0	0.0113285	0.0893139	0.565454
171	0.0100014	0.025804	0.077721	0	0.0109375	0.0932513	0.553229
172	0.0100014	0.025882	0.077804	0	0.0109375	0.0931393	0.563483
173	0.0100014	0.0262715	0.0856054	0	0.0110758	0.0929203	0.567681
174	0.0100014	0.0264352	0.0856054	0	0.0109375	0.0937193	0.532437
175	0.0100014	0.0268416	0.0931819	0	0.0109375	0.0930636	0.532437
176	0.0100014	0.0270922	0.09914	0	0.0109375	0.100059	0.567681
177	0.0100014	0.0274587	0.117385	0	0.0110758	0.107326	0.577368
178	0.0100014	0.0278118	0.132554	0	0.0111004	0.112047	0.567681
179	0.0100014	0.0276109	0.129335	0	0.013149	0.116891	0.751239
180	0.0100014	0.0276204	0.129335	0	0.0181823	0.123877	1.09033
181	0.0100014	0.0277431	0.134893	0	0.0192063	0.129856	1.18355
182	0.0100014	0.0280782	0.134893	0	0.0202433	0.128235	1.17331
183	0.0100014	0.0282661	0.137706	0	0.0111004	0.11986	0.720543
184	0.0100014	0.0287938	0.135264	0	0.0102125	0.108843	0.577368
185	0.0100014	0.0289315	0.134893	0	0.0102125	0.101826	0.532437
186	0.0100014	0.0288196	0.126979	0	0.0107823	0.0987983	0.532437
187	0.0100014	0.029131	0.135264	0	0.0102125	0.093967	0.484179
188	0.0100014	0.0300416	0.141791	0	0.0102125	0.0829337	0.387458
189	0.0100014	0.0301205	0.141791	0	0.0109491	0.0737801	0.316363
190	0.0100014	0.0305004	0.143594	0	0.010683	0.0689435	0.276479
191	0.0100014	0.0307036	0.143594	0	0.0107823	0.066669	0.276479
192	0.0100014	0.0315617	0.152972	0	0.0102125	0.0648232	0.250124
193	0.0100014	0.0321063	0.152972	0	0.0102125	0.0648337	0.240531
194	0.0100014	0.0320474	0.14561	0	0.010683	0.063524	0.243972
195	0.010039	0.0314592	0.141823	0	0.010683	0.0635922	0.243972
196	0.0100014	0.0312424	0.137706	0	0.0102125	0.0608448	0.215835
197	0.010039	0.0321535	0.141823	0	0.0102125	0.0608306	0.216604
198	0.0100014	0.0329414	0.144331	0	0.0102125	0.0599451	0.224241
199	0.0100014	0.0350993	0.175373	0	0.0102125	0.0603487	0.220282
200	0.0100014	0.0357205	0.197406	0	0.010683	0.0608641	0.240531
201	0.0100014	0.0358715	0.193184	0	0.010683	0.0609831	0.240531
202	0.0100014	0.0364721	0.193986	0	0.010683	0.0613589	0.240531
203	0.0100014	0.0361342	0.193208	0	0.0102125	0.0615849	0.230851
204	0.0100014	0.0365302	0.193986	0	0.0102125	0.0621788	0.230851
205	0.0100014	0.0374193	0.193986	0	0.0102125	0.0629293	0.227969
206	0.0100014	0.040005	0.241708	0	0.0102125	0.0623386	0.230851
207	0.0100014	0.04455	0.32095	0.0104948	0.0107568	0.0633626	0.255267
208	0.0100014	0.049905	0.473968	0.0209895	0.0107568	0.0636951	0.255267
209	0.0100014	0.0514785	0.486928	0.0209895	0.0107568	0.0642627	0.255267
210	0.0100014	0.0464845	0.2999	0.0104948	0.0107568	0.0663684	0.273668
211	0.0100014	0.0436264	0.251497	0.0029985	0.0107568	0.0667492	0.273668
212	0.010039	0.0419666	0.231903	0.00149925	0.0107568	0.0689145	0.272923
213	0.0100014	0.0406177	0.190551	0.00149925	0.0102125	0.0723809	0.281751
214	0.0100014	0.0392816	0.171354	0	0.0102125	0.0861518	0.512662
215	0.0100014	0.0386913	0.171354	0	0.0102125	0.0943237	0.613408
216	0.0100014	0.0381291	0.156756	0	0.0107568	0.106027	1.09764
217	0.0100014	0.0382196	0.156756	0	0.0102125	0.121157	1.09764
218	0.0100014	0.0383867	0.156756	0	0.0102125	0.132735	1.09764
219	0.0101629	0.0385357	0.159461	0	0.010795	0.148161	1.70623
220	0.0101629	0.0387795	0.159461	0.00149925	0.0116949	0.152879	1.70623
221	0.0101629	0.0392404	0.159461	0.00149925	0.0114581	0.152433	1.61126
222	0.010039	0.0392351	0.159461	0	0.0114581	0.127564	0.758112
223	0.0104221	0.0395075	0.165237	0	0.0114581	0.112488	0.715971
224	0.0101629	0.0394703	0.159461	0	0.0104754	0.117759	0.758112
225	0.0101629	0.0397468	0.159461	0	0.0104754	0.124209	0.99267
226	0.0104221	0.0397749	0.165894	0	0.010795	0.11519	0.923254
227	0.010039	0.039466	0.158487	0	0.0104754	0.106906	0.705562
228	0.0101629	0.0401511	0.163691	0	0.010001	0.10288	0.628195
229	0.010039	0.0412463	0.162945	0	0.010001	0.102007	0.71148
230	0.0100932	0.0413586	0.166306	0	0.010001	0.0966057	0.71148
231	0.0113847	0.0428118	0.201047	0.00149925	0.0111456	0.0792172	0.421617
232	0.0104221	0.0437838	0.196267	0.0029985	0.010795	0.0670038	0.256694
233	0.0100932	0.0451051	0.208356	0.0029985	0.0104754	0.0615163	0.230851
234	0.0113847	0.0458271	0.229893	0.0029985	0.0104754	0.0573744	0.208642
235	0.0109473	0.0474487	0.242846	0.0029985	0.0107781	0.0548183	0.208642
236	0.0100932	0.0500371	0.314534	0.00449775	0.0111456	0.0541475	0.205944
237	0.0122573	0.0534616	0.512544	0.011994	0.0111456	0.0536399	0.205944
238	0.0113847	0.0503831	0.357942	0.005997	0.0111456	0.0522596	0.202136
239	0.0100932	0.0483813	0.261504	0.005997	0.0111456	0.0515222	0.196987
240	0.0103931	0.0457751	0.217425	0.0029985	0.0110089	0.0517078	0.19121
241	0.0100641	0.0439542	0.196267	0.00149925	0.0110089	0.0514461	0.19121
242	0.0100641	0.0425545	0.187939	0.00149925	0.0111456	0.0516508	0.186305
243	0.0103336	0.0413836	0.181325	0.0029985	0.0111456	0.051723	0.196987
244	0.0103336	0.0396136	0.169488	0	0.0111456	0.0508511	0.188883
245	0.0100641	0.0395304	0.161387	0	0.0111456	0.0507462	0.194632
246	0.0100641	0.0384304	0.146024	0	0.0104754	0.0505045	0.186305
247	0.0100641	0.0369948	0.134978	0	0.0111456	0.0530131	0.203321
248	0.0100641	0.0367236	0.122898	0	0.0104754	0.0563551	0.203321
249	0.0102743	0.0357091	0.120007	0	0.010001	0.0595757	0.236856
250	0.0102743	0.0353206	0.118897	0	0.010001	0.0621917	0.293719
251	0.0100932	0.0353038	0.110476	0.00149925	0.010001	0.0631741	0.3071
252	0.0100641	0.0348518	0.110476	0.00149925	0.010001	0.0599966	0.272546
253	0.0100641	0.035003	0.113006	0.00149925	0.010001	0.0589435	0.257425
254	0.0100641	0.0350545	0.113006	0.0029985	0.010001	0.061958	0.272546
255	0.0100641	0.0340047	0.10569	0	0.010001	0.0628375	0.283445
256	0.0102042	0.0336491	0.103228	0	0.010001	0.0644929	0.324019
257	0.0100641	0.0334733	0.0974431	0	0.010001	0.0648552	0.3071
258	0.0100641	0.0332627	0.0974431	0	0.010001	0.0658803	0.3071
259	0.0100641	0.0330917	0.0958159	0	0.010001	0.0690943	0.36358
260	0.0100641	0.0329396	0.0958159	0	0.010001	0.0770382	0.570431
261	0.0100641	0.0328073	0.0958159	0	0.010001	0.0871526	5.23941
262	0.0100641	0.0324451	0.0958159	0.00149925	0.010001	0.0905456	6.86813
263	0.0101166	0.0318744	0.0931729	0	0.010001	0.0947571	9.25257
264	0.0102042	0.0320301	0.0931729	0.00149925	0.010001	0.102284	15.0746
265	0.0103336	0.0313737	0.0936924	0	0.010001	0.102636	19.2286
266	0.0103931	0.0316033	0.0931729	0	0.0105872	0.104512	19.7232
267	0.0104221	0.0315139	0.0931729	0	0.0100958	0.111914	27.1388
268	0.0104221	0.0313552	0.0931729	0	0.0100958	0.110388	24.6486
269	0.0103931	0.0313107	0.0933148	0	0.0105872	0.108423	24.6486
270	0.0104721	0.0313752	0.0936924	0	0.0104396	0.103992	19.7232
271	0.0104721	0.0311513	0.0931729	0	0.0104396	0.101813	19.2286
272	0.0104721	0.0313359	0.0936924	0	0.0104396	0.0961992	13.1806
273	0.0104221	0.0311602	0.0937061	0	0.0100958	0.0903195	8.00046
274	0.0103336	0.0311499	0.0933148	0	0.0104396	0.0758828	0.410458
275	0.0103336	0.0311026	0.0936924	0	0.0104396	0.0631388	0.271023
276	0.0100932	0.0314362	0.0933148	0	0.0109556	0.0617718	0.275592
277	0.0100932	0.0313325	0.0931729	0	0.0100958	0.0619376	0.256791
278	0.0100641	0.0314593	0.0933148	0	0.0100958	0.0587873	0.217237
279	0.0100641	0.0319924	0.0974431	0	0.0100958	0.0580105	0.220178
280	0.0100641	0.0330289	0.108582	0	0.0100958	0.0580665	0.217237
281	0.0100641	0.0332797	0.120529	0	0.0103939	0.0578426	0.236856
282	0.0100641	0.0341756	0.127046	0	0.0103939	0.0578573	0.236856
283	0.0100641	0.0341586	0.121117	0	0.0103939	0.0584473	0.217237
284	0.0100641	0.0338231	0.121117	0	0.0103939	0.0592326	0.232749
285	0.0102042	0.0337014	0.128097	0	0.0103939	0.0583016	0.211905
286	0.0111127	0.0341517	0.144611	0	0.0103939	0.0572043	0.209275
287	0.0112402	0.0346889	0.147805	0	0.0103939	0.0578305	0.211905
288	0.0103548	0.0368023	0.153425	0.0089955	0.0104396	0.058592	0.217237
289	0.0105461	0.0364141	0.153425	0	0.0102497	0.059618	0.226882
290	0.0106635	0.0363836	0.153425	0	0.0104396	0.0599903	0.233612
291	0.0106635	0.0364187	0.153425	0	0.0120127	0.0614873	0.317344
292	0.0102318	0.0372979	0.153425	0.00149925	0.0104396	0.0604254	0.275592
293	0.0100641	0.04048	0.203728	0.00449775	0.0120127	0.0615942	0.317344
294	0.0102318	0.0439088	0.30435	0.0194903	0.0122728	0.0631436	0.341201
295	0.0106635	0.0408905	0.228974	0.00449775	0.0127606	0.0633466	0.3369
296	0.0100641	0.0391875	0.195085	0.0029985	0.0128258	0.0638783	0.341201
297	0.0100641	0.0383348	0.193331	0.00149925	0.0120548	0.0647337	0.333095
298	0.0100641	0.0374852	0.186987	0	0.0118839	0.0655334	0.333095
299	0.0100641	0.036482	0.174916	0	0.0120548	0.0657329	0.341201
300	0.0100641	0.0352847	0.161978	0	0.0118839	0.0677726	0.340858
301	0.0100628	0.034556	0.150605	0	0.0130521	0.0734097	0.39528
302	0.0100628	0.0341251	0.144611	0	0.0122728	0.0758799	0.427566
303	0.0100628	0.033879	0.144611	0	0.0118839	0.081809	0.495413
304	0.0100628	0.0334011	0.149137	0	0.0104674	0.0863534	0.495413
305	0.0100628	0.0326252	0.142281	0	0.0118839	0.0929087	0.722933
306	0.0100628	0.032152	0.136839	0	0.0102497	0.102463	0.722933
307	0.0100628	0.0311835	0.132551	0	0.0104118	0.112304	0.948693
308	0.0100628	0.0307131	0.127094	0	0.0100256	0.15944	10.4185
309	0.0100628	0.0304898	0.127046	0	0.016769	0.303714	74.4386
310	0.0100641	0.0300729	0.116425	0	0.016769	0.524615	77.3106
311	0.0100628	0.0296483	0.112725	0	0.0222521	0.942153	94.5552
312	0.0100628	0.0294619	0.105727	0	0.0802884	2.49008	97.8143
313	0.0100641	0.0294996	0.104495	0	0.0612663	1.97397	97.8143
314	0.0101329	0.0291044	0.104495	0	0.0304613	1.54793	97.8143
315	0.0100628	0.0289414	0.100097	0.00149925	0.0227972	1.23682	94.5552
316	0.0101732	0.0288734	0.104495	0.00149925	0.0252154	1.24553	97.8143
317	0.0100628	0.0284542	0.105727	0	0.0324207	1.42381	97.8143
318	0.0100628	0.0285682	0.107488	0	0.0394983	1.44819	97.8143
319	0.0100628	0.0286905	0.110087	0	0.038817	1.45704	97.8143
320	0.0100628	0.0285748	0.103829	0	0.0379466	1.45832	93.7087
321	0.0100628	0.0284347	0.103829	0.00149925	0.0379466	1.31133	97.8143
322	0.0100628	0.0285304	0.125023	0.00149925	0.0299717	1.20631	80.2562
323	0.0100628	0.0282003	0.1035	0.00149925	0.030709	1.02244	93.7087
324	0.0100628	0.0281879	0.102878	0.00149925	0.0235512	0.889602	78.5994
325	0.0100628	0.0283425	0.102878	0.00449775	0.020948	0.834689	78.5994
326	0.0100504	0.0276129	0.100097	0	0.0179507	0.758979	72.9016
327	0.0100504	0.0274571	0.1035	0	0.0172521	0.769003	72.9016
328	0.0100504	0.0272838	0.102878	0	0.0217466	0.761056	93.7087
329	0.0100628	0.0270857	0.102878	0	0.0209828	0.727063	96.3499
330	0.0100504	0.0268518	0.100097	0	0.0157378	0.673285	72.9016
331	0.0100504	0.0268643	0.102878	0	0.0179507	0.664017	93.7087
332	0.0100504	0.0267384	0.1035	0	0.0133647	0.703485	72.9016
333	0.0100504	0.0270885	0.106996	0	0.0134309	0.673417	72.9016
334	0.0100628	0.02705	0.106996	0	0.0128649	0.651016	72.9016
335	0.0100504	0.0269883	0.106639	0	0.0128649	0.663532	72.9016
336	0.0100504	0.026937	0.1035	0	0.0162311	0.696403	96.3499
337	0.0100504	0.0267762	0.102878	0	0.0162311	0.71345	96.3499
338	0.0100504	0.0266846	0.0980751	0.00149925	0.0191193	0.718283	99.5202
339	0.0100504	0.0266109	0.100097	0	0.0242932	0.743921	98.7464
340	0.0100504	0.0262556	0.0974431	0	0.0242932	0.637896	99.5202
341	0.0100628	0.0264985	0.102878	0	0.0152877	0.579975	62.9883
342	0.0101522	0.0266616	0.106996	0	0.0218618	0.561325	90.0438
343	0.0100628	0.026514	0.102878	0	0.0220324	0.503805	90.0438
344	0.0100628	0.0267896	0.102878	0	0.0152877	0.430867	62.9883
345	0.0100504	0.0267657	0.0974431	0	0.0162311	0.439422	75.1892
346	0.0100504	0.0267105	0.0968944	0	0.0108476	0.430426	48.5927
347	0.0100504	0.0263486	0.093686	0	0.0108476	0.42108	37.7278
348	0.0100504	0.026494	0.0968944	0	0.0108476	0.415451	37.7278
349	0.0100504	0.0267287	0.101518	0.00149925	0.0118179	0.372874	30.0873
350	0.0100504	0.0264914	0.0968944	0.00149925	0.0118179	0.360826	30.0873
351	0.0100504	0.0264138	0.0968944	0.0029985	0.0108476	0.363289	22.2478
352	0.0100504	0.0266226	0.097243	0.0029985	0.0108476	0.360852	19.2608
353	0.0100504	0.0262976	0.0968944	0.00149925	0.0108476	0.359762	18.2699
354	0.0100466	0.0263004	0.0968944	0.00149925	0.0108476	0.365085	19.2608
355	0.0100466	0.0263503	0.0930826	0	0.0108476	0.383648	24.5535
356	0.0100466	0.0262123	0.091109	0	0.0100516	0.385771	23.3544
357	0.0100466	0.0263543	0.0899733	0	0.0100516	0.392342	23.3544
358	0.0100466	0.0264296	0.0899733	0	0.0114563	0.376879	19.3245
359	0.0100466	0.0266047	0.091109	0	0.0120433	0.353669	19.3245
360	0.0100466	0.0266314	0.0921068	0	0.0100516	0.3537	11.6131
361	0.0100466	0.0264361	0.0899733	0	0.0105301	0.320592	11.622
362	0.0100466	0.0263612	0.0896207	0	0.0110596	0.294532	11.622
363	0.0100466	0.0265002	0.0896207	0	0.0105301	0.302619	19.1936
364	0.0100466	0.0262297	0.0890129	0	0.0107671	0.292167	13.5293
365	0.0100628	0.0264602	0.0896207	0	0.0107671	0.272237	13.5293
366	0.0100466	0.0266402	0.0895372	0	0.0107671	0.246532	11.8941
367	0.0100355	0.0265237	0.0887519	0	0.0102817	0.234223	14.7816
368	0.0100355	0.0266803	0.0887519	0	0.0107671	0.23726	32.1981
369	0.0100355	0.0270741	0.0896207	0	0.0102817	0.235722	32.1981
370	0.0100355	0.0272946	0.0962074	0	0.0107671	0.24396	43.4664
371	0.0100355	0.027453	0.0974431	0	0.0107671	0.239621	25.9725
372	0.0100355	0.0275673	0.0962074	0	0.0102817	0.206871	11.8941
373	0.0100355	0.0275635	0.0962074	0	0.0107671	0.197622	11.6131
374	0.0100355	0.0277899	0.0968944	0	0.0102817	0.180446	5.94173
375	0.0100355	0.0276652	0.0962074	0	0.0105885	0.172553	5.45127
376	0.0100355	0.0277029	0.0974431	0	0.0107671	0.159701	4.59813
377	0.0100355	0.0277786	0.102654	0	0.010321	0.161853	5.45127
378	0.0100355	0.0278695	0.101518	0	0.010321	0.170271	9.34344
379	0.0100355	0.0279284	0.102654	0	0.010321	0.184052	16.0008
380	0.0100355	0.028051	0.105105	0	0.0100434	0.188371	17.5489
381	0.0100466	0.0282079	0.106996	0	0.0100434	0.188505	17.5489
382	0.0100355	0.0284888	0.106996	0	0.0100434	0.189317	17.5489
383	0.0100466	0.028889	0.106996	0	0.0100434	0.191659	17.5489
384	0.0100355	0.0295774	0.115502	0	0.0100434	0.19214	17.5489
385	0.0100355	0.0296466	0.115502	0	0.0100434	0.192267	16.0008
386	0.0100355	0.0303827	0.120605	0	0.0100434	0.186291	3.54665
387	0.0100355	0.0304822	0.121559	0	0.0100434	0.156304	1.18575
388	0.0100355	0.0306235	0.120605	0	0.0100434	0.154234	0.95273
389	0.0100355	0.0307189	0.121559	0	0.0104183	0.161697	1.02997
390	0.0100355	0.0314869	0.123111	0	0.0100434	0.163481	0.842464
391	0.0101344	0.0319062	0.126445	0	0.0104183	0.156402	0.709227
392	0.0100504	0.0328946	0.131422	0	0.0237261	0.169006	1.20296
393	0.0100355	0.0333857	0.138963	0	0.0237261	0.174837	1.20296
394	0.0100355	0.0343977	0.155048	0.00149925	0.0244564	0.17061	1.12242
395	0.0100355	0.0346492	0.155048	0.00149925	0.0193662	0.171876	1.12242
396	0.0100355	0.0365254	0.193049	0.005997	0.0243219	0.174263	1.20296
397	0.0100355	0.0470124	0.856192	0.0494753	0.0243219	0.155686	0.930691
398	0.0100355	0.0379729	0.208771	0.011994	0.0156496	0.139262	0.589231
399	0.0100355	0.0338939	0.155048	0	0.0156496	0.135135	0.589231
400	0.010256	0.0333004	0.155048	0.00149925	0.0132751	0.133866	0.548429
401	0.010256	0.0329075	0.153674	0.00149925	0.0131671	0.130593	0.55059
402	0.0100355	0.0322586	0.149604	0.00149925	0.0131671	0.129692	0.548429
403	0.0100355	0.031694	0.135167	0	0.0132751	0.130376	0.548429
404	0.0100355	0.0308737	0.126445	0.00149925	0.01643	0.131144	0.589231
405	0.0100355	0.0309785	0.127181	0.00149925	0.0162638	0.128895	0.589231
406	0.0100355	0.0307567	0.126445	0.00149925	0.0162638	0.126079	0.663748
407	0.0100355	0.0304633	0.126001	0	0.0123115	0.126716	0.548429
408	0.010018	0.030226	0.123111	0	0.0123115	0.1291	0.672392
409	0.010018	0.0300518	0.122849	0	0.0123115	0.127861	0.687816
410	0.010018	0.0297325	0.122345	0.00149925	0.0123115	0.126167	0.663748
411	0.010018	0.0291327	0.115891	0	0.0116893	0.123488	0.615842
412	0.0100009	0.0288282	0.115377	0	0.0101004	0.126755	0.678565
413	0.0100009	0.0289159	0.115377	0	0.0122766	0.125944	0.916913
414	0.0100009	0.029138	0.115377	0	0.0122766	0.126641	1.0277
415	0.0100009	0.0285011	0.103897	0	0.0122766	0.125206	1.02196
416	0.0100009	0.0288553	0.115377	0	0.0100563	0.133382	0.993938
417	0.0100009	0.0286245	0.111586	0.00149925	0.0100563	0.139096	1.13189
418	0.0100009	0.0285797	0.109011	0.00149925	0.0100563	0.130831	0.896035
419	0.0100009	0.0282265	0.0986798	0.00149925	0.0100563	0.123917	0.663748
420	0.0100009	0.0285312	0.103897	0.00149925	0.0122766	0.119886	0.689733
421	0.0100009	0.0281955	0.101955	0.00149925	0.0100563	0.119403	0.601659
422	0.0100009	0.0277587	0.0962074	0	0.0100563	0.122669	0.601659
423	0.0100009	0.0275726	0.0986798	0	0.0122766	0.127435	0.689733
424	0.0100009	0.0276695	0.096347	0	0.0122766	0.127936	0.689733
425	0.010018	0.0277202	0.0986798	0	0.0122766	0.128834	0.687816
426	0.010018	0.0275416	0.096347	0	0.0122766	0.12083	0.610317
427	0.010018	0.027767	0.103067	0	0.0128797	0.116214	0.610317
428	0.010018	0.0279097	0.103067	0	0.0107762	0.111805	0.52546
429	0.010018	0.0280258	0.103897	0	0.0100563	0.110033	0.459582
430	0.010018	0.0277209	0.0986798	0	0.0107762	0.107837	0.475141
431	0.010018	0.0276453	0.096347	0	0.0102334	0.101479	0.429684
432	0.010018	0.028224	0.103897	0.00449775	0.0100563	0.099409	0.40593
433	0.010018	0.027394	0.0965165	0	0.0107762	0.0905792	0.392732
434	0.010018	0.0273091	0.096347	0	0.0102334	0.0842958	0.380037
435	0.010018	0.0275887	0.0986798	0	0.0105858	0.0833093	0.384094
436	0.010018	0.0276878	0.0986798	0	0.0105858	0.0828506	0.392732
437	0.010018	0.0281934	0.103897	0	0.0105858	0.0796656	0.384094
438	0.010018	0.0286491	0.113937	0	0.0105858	0.0800963	0.380037
439	0.010018	0.0295736	0.118847	0	0.0107762	0.0795933	0.384094
440	0.010018	0.0302598	0.123363	0	0.0102334	0.0807375	0.380037
441	0.010018	0.0301251	0.122849	0	0.0102334	0.0829179	0.471412
442	0.010018	0.0299182	0.122849	0.00149925	0.0100563	0.0817031	0.485178
443	0.010018	0.0305616	0.134171	0.00149925	0.0100563	0.085319	0.644818
444	0.0103203	0.0307471	0.139767	0.00149925	0.0102334	0.0856279	0.680453
445	0.010018	0.0315394	0.139214	0.00149925	0.0102334	0.0853579	0.680453
446	0.010018	0.0326522	0.151021	0.0029985	0.0102334	0.089851	0.786359
447	0.010018	0.033031	0.174077	0.0029985	0.0100563	0.0991548	1.12389
448	0.010018	0.0333721	0.186209	0.00449775	0.0102334	0.104926	1.33788
449	0.010018	0.036919	0.330268	0.0194903
