		omega		Posterior		rho				Synonymous theta			kappa			phi	
Site	Lower	Point	Higher	prob of +ve	Lower	Point	Higher		Lower	Point	Higher	Lower	Point	Higher	Lower	Point	Higher
	95% HPD	estimate	95% HPD	selection	95% HPD	estimate	95% HPD		95% HPD	estimate	95% HPD	95% HPD	estimate	95% HPD	95% HPD	estimate	95% HPD
0	0.0103466	0.0475537	0.239144	0.00749625	0.0100858	0.388516	30.7705		0.0769202	0.0981152	0.127785	5.69441	10.2378	20.1774	0	0	0
1	0.0100108	0.0479845	0.226395	0.00449775	0.0123074	0.382518	36.5869
2	0.0103466	0.0479425	0.226395	0.00149925	0.0102174	0.376552	30.7705
3	0.0100108	0.0483415	0.215297	0	0.010368	0.366118	33.9964
4	0.0103466	0.0484133	0.215297	0	0.0104186	0.392699	36.5869
5	0.0100108	0.0478215	0.194333	0	0.0102174	0.361677	31.8374
6	0.0100108	0.0484137	0.194333	0.0029985	0.0109524	0.307815	28.1853
7	0.0103466	0.0483021	0.194333	0	0.0102174	0.281329	24.5396
8	0.0101705	0.0489826	0.195286	0	0.0104186	0.254538	16.8702
9	0.0103046	0.0491539	0.195286	0	0.0109524	0.24245	16.8702
10	0.0101705	0.0500311	0.2095	0	0.0102511	0.21259	10.2375
11	0.0101705	0.0497621	0.195286	0	0.0102511	0.191041	7.19679
12	0.0103046	0.050454	0.195286	0	0.0100218	0.15581	3.43796
13	0.0103046	0.0509142	0.194333	0	0.010368	0.129697	1.51592
14	0.0103046	0.0516486	0.195286	0	0.0100218	0.125125	1.41071
15	0.0102228	0.0533987	0.215297	0	0.0100218	0.1221	1.41071
16	0.0101705	0.0545325	0.2095	0	0.0100218	0.120135	1.41071
17	0.0103466	0.0553854	0.215297	0	0.010368	0.1182	1.35374
18	0.010688	0.0570653	0.243892	0	0.0100218	0.113205	1.13967
19	0.0101705	0.0597373	0.242014	0.0029985	0.0109524	0.116644	1.26609
20	0.0101705	0.0605273	0.239144	0	0.0115302	0.118817	1.26609
21	0.0133023	0.0640709	0.316834	0	0.0100218	0.124793	1.57407
22	0.0134409	0.0686805	0.309571	0	0.0119302	0.109689	1.26609
23	0.0134409	0.0743517	0.316101	0.00149925	0.0110422	0.103389	0.9412
24	0.0134409	0.0778079	0.316101	0.0029985	0.0100132	0.0908254	0.843442
25	0.010688	0.0939449	0.432407	0.0314843	0.0100132	0.0879867	0.56105
26	0.0138087	0.0856577	0.370305	0.011994	0.0100132	0.0866622	0.56105
27	0.0138087	0.082466	0.318857	0.0029985	0.0100132	0.0837749	0.489323
28	0.0138087	0.0834762	0.316834	0.00149925	0.0100132	0.0822059	0.521684
29	0.0138087	0.0834732	0.316834	0.0029985	0.0100132	0.0804815	0.458142
30	0.0135209	0.0840712	0.321399	0.0029985	0.0100132	0.0803941	0.521684
31	0.0138087	0.0890456	0.373791	0.00749625	0.0100132	0.0734357	0.40369
32	0.0133858	0.0825261	0.310932	0.005997	0.0103547	0.0699114	0.40369
33	0.0133858	0.0772154	0.297208	0.00149925	0.0100132	0.0681597	0.393571
34	0.0133858	0.0734748	0.309058	0.00149925	0.0100132	0.0637464	0.322934
35	0.0133858	0.071778	0.297208	0	0.0100132	0.0593632	0.311793
36	0.0105491	0.0688377	0.23158	0	0.0100132	0.0586197	0.303685
37	0.0105491	0.0685713	0.228776	0	0.0100132	0.0583538	0.311793
38	0.0114692	0.0661118	0.241698	0	0.0100132	0.0586932	0.322934
39	0.0105491	0.0657354	0.217691	0	0.0100132	0.0583721	0.322934
40	0.0114692	0.0659571	0.23158	0.00149925	0.0100132	0.0585637	0.32061
41	0.0105491	0.0665174	0.21518	0.00149925	0.0100132	0.057331	0.32061
42	0.0107502	0.0667311	0.217691	0.0029985	0.0100132	0.0567152	0.32061
43	0.0107502	0.0661863	0.21518	0.00149925	0.0100132	0.0567994	0.336669
44	0.0107502	0.0652348	0.21518	0	0.0100132	0.0563024	0.336669
45	0.0107502	0.0652124	0.216132	0	0.0100132	0.0564996	0.333476
46	0.0107759	0.0645159	0.216132	0	0.0100132	0.0572653	0.333476
47	0.0107759	0.0650031	0.21518	0	0.0100132	0.05723	0.333476
48	0.0107759	0.0661516	0.21518	0	0.0100132	0.0581262	0.355526
49	0.011072	0.0658744	0.217691	0	0.0100218	0.0585143	0.355526
50	0.0115337	0.066487	0.230379	0.00149925	0.0100132	0.0585093	0.355526
51	0.0111344	0.0680154	0.230379	0.00149925	0.0100218	0.0596109	0.360373
52	0.0114692	0.0682451	0.23517	0.00149925	0.0104029	0.0631965	0.393896
53	0.0108784	0.0704748	0.23517	0.0029985	0.0102243	0.0643078	0.396143
54	0.0108784	0.0709302	0.23517	0	0.0104029	0.0644343	0.393896
55	0.0107824	0.0730303	0.240703	0	0.0104029	0.0652856	0.393896
56	0.0107824	0.0741845	0.247696	0.00149925	0.0100568	0.068413	0.393896
57	0.0107824	0.0768047	0.252145	0.00149925	0.0100568	0.072238	0.446693
58	0.0115543	0.0803424	0.291926	0.00149925	0.0105918	0.074047	0.480625
59	0.0115543	0.0825741	0.297371	0.00149925	0.0104029	0.0763145	0.480625
60	0.0108154	0.0887719	0.291926	0.00149925	0.0102243	0.0759206	0.521684
61	0.011072	0.0941533	0.332698	0.00149925	0.0100773	0.0740771	0.47573
62	0.0108154	0.101266	0.342668	0	0.0100773	0.0776623	0.480625
63	0.0147718	0.11391	0.465967	0.00149925	0.0100773	0.0777732	0.403765
64	0.0147718	0.134946	0.624555	0.0164918	0.0108727	0.0822084	0.483541
65	0.0209164	0.134452	0.785993	0.0149925	0.0108727	0.086304	0.483541
66	0.0263293	0.13619	0.785993	0.0104948	0.0107325	0.0881292	0.483541
67	0.0260326	0.138472	0.785993	0.0089955	0.0102243	0.0893897	0.483541
68	0.027213	0.140877	0.624555	0.005997	0.0112512	0.0872219	0.483541
69	0.0260326	0.14586	0.547112	0.00449775	0.0112512	0.0903235	0.588471
70	0.0251852	0.143148	0.547112	0.005997	0.0107325	0.0932045	0.5807
71	0.0249358	0.13998	0.484899	0.00149925	0.0109701	0.0973507	0.673362
72	0.0260326	0.138642	0.501086	0.00149925	0.0100773	0.0988868	0.5807
73	0.0260326	0.136484	0.484899	0.00149925	0.0102243	0.101671	0.650713
74	0.0260326	0.136336	0.478646	0	0.0104966	0.105577	0.673812
75	0.0260326	0.140035	0.478646	0	0.0104966	0.108893	0.763073
76	0.0313053	0.141417	0.543106	0	0.0104966	0.109535	0.773921
77	0.0260326	0.142521	0.484899	0.00149925	0.0104966	0.11244	0.848158
78	0.0260326	0.142197	0.517148	0.00149925	0.0104966	0.111528	0.848158
79	0.0260326	0.143347	0.517148	0.00149925	0.0104966	0.114339	0.866484
80	0.0261719	0.14416	0.543106	0	0.0104966	0.122331	1.01721
81	0.0336038	0.153145	0.661888	0.0029985	0.0105466	0.131056	1.13383
82	0.0336038	0.165781	0.661888	0.0089955	0.0104966	0.13086	1.15115
83	0.0370472	0.176653	0.860091	0.0194903	0.0104966	0.128264	1.15115
84	0.0446122	0.203159	0.941479	0.0329835	0.0105977	0.12575	1.13034
85	0.0558289	0.228731	1.24705	0.0584708	0.0104966	0.130061	1.1929
86	0.067828	0.238867	1.6893	0.0704648	0.0100889	0.137606	1.43396
87	0.0693323	0.27839	2.55103	0.109445	0.0124875	0.149868	2.02593
88	0.0452294	0.208647	1.24705	0.0464768	0.012277	0.161692	1.97259
89	0.0294352	0.182342	0.792927	0.0209895	0.012277	0.167883	2.01233
90	0.031033	0.166321	0.804562	0.005997	0.0115208	0.17741	2.02593
91	0.0219981	0.155319	0.583964	0.00449775	0.0109474	0.179215	2.02593
92	0.0274559	0.151343	0.583964	0.00149925	0.0109474	0.210764	4.09358
93	0.0274559	0.147246	0.493045	0.00149925	0.0109474	0.249747	5.82299
94	0.028457	0.143794	0.571324	0.00149925	0.0124875	0.296321	8.96781
95	0.0238216	0.141559	0.480909	0.00149925	0.0107169	0.369861	8.96781
96	0.028457	0.14245	0.493045	0	0.0128437	0.453032	14.722
97	0.0305382	0.142527	0.480909	0	0.0124875	0.567158	17.0344
98	0.0309987	0.142395	0.476838	0	0.0219062	0.717309	59.489
99	0.0309987	0.143146	0.480909	0	0.0407954	0.923696	84.9824
100	0.0309987	0.143839	0.476838	0	0.0549523	1.09793	84.9824
101	0.0334083	0.148531	0.480909	0	0.101151	1.35009	84.9824
102	0.0334083	0.149856	0.48454	0	0.153539	1.4904	84.9824
103	0.0370362	0.151783	0.48454	0	0.149648	1.35917	84.9824
104	0.0309987	0.156001	0.455417	0	0.134353	1.27568	84.9824
105	0.0319586	0.15814	0.48454	0.0029985	0.134353	1.26952	84.9824
106	0.0370362	0.153763	0.48454	0.0029985	0.10316	1.21498	84.9824
107	0.0370362	0.153586	0.48454	0.0029985	0.10316	1.17827	84.9824
108	0.0381062	0.151403	0.48454	0.00149925	0.103782	1.13322	84.9824
109	0.0370362	0.151307	0.48454	0.00149925	0.10316	1.14674	79.8389
110	0.0365935	0.151721	0.48454	0.00149925	0.0451008	0.992165	42.4438
111	0.0381062	0.151612	0.491456	0	0.0540116	0.946138	53.7738
112	0.0365935	0.151994	0.494296	0	0.0761984	0.873403	71.2807
113	0.0355929	0.152031	0.506066	0	0.0298515	0.78478	30.0838
114	0.0355929	0.15467	0.506066	0	0.0293166	0.742282	30.0838
115	0.0355929	0.157956	0.529615	0	0.0174667	0.647335	19.4197
116	0.0355929	0.16001	0.506066	0	0.0131245	0.540187	13.6078
117	0.0376183	0.166692	0.506066	0.00149925	0.0106499	0.481199	8.87346
118	0.0355929	0.175676	0.506066	0.00449775	0.0110327	0.416191	6.3673
119	0.0355929	0.175599	0.491456	0.00149925	0.0121911	0.365489	4.70523
120	0.0365935	0.175876	0.541888	0.00149925	0.0125826	0.332325	3.38304
121	0.0365935	0.1782	0.49896	0.00149925	0.0121911	0.329529	3.38304
122	0.0365935	0.180584	0.512785	0.00149925	0.013371	0.333454	4.44758
123	0.0370362	0.183669	0.519568	0.00149925	0.0121911	0.347307	4.90211
124	0.0475561	0.186639	0.641773	0.00149925	0.0121911	0.347528	5.25571
125	0.0515307	0.188119	0.641773	0.00149925	0.0125826	0.378372	7.74572
126	0.0588125	0.194769	0.664382	0.0029985	0.0121911	0.390689	7.99027
127	0.0706705	0.209902	0.664382	0.00749625	0.0121911	0.413607	7.99027
128	0.0704276	0.208415	0.649856	0.0029985	0.0162876	0.457392	16.5754
129	0.0691099	0.208041	0.649856	0.00449775	0.0125826	0.50782	8.87346
130	0.0704276	0.21197	0.649856	0.00449775	0.0121911	0.653243	14.5112
131	0.0704276	0.214972	0.641773	0.0029985	0.0657012	0.829698	49.6943
132	0.0691099	0.219432	0.545842	0.0029985	0.141969	0.951631	71.2411
133	0.0744969	0.221683	0.649856	0.00449775	0.13487	1.05494	53.1712
134	0.0805713	0.229249	0.649856	0.005997	0.141961	1.3077	47.8909
135	0.0919831	0.230647	0.725146	0.00449775	0.141961	1.41196	47.8909
136	0.0940183	0.232805	0.725146	0.00449775	0.26933	1.80171	85.7318
137	0.0919831	0.235446	0.725146	0.00749625	0.237324	1.91589	70.7752
138	0.0919831	0.233059	0.67369	0.00449775	0.250873	1.77751	85.7318
139	0.0919831	0.231361	0.664382	0.00449775	0.206765	1.68724	85.7318
140	0.0919831	0.230796	0.649856	0.00449775	0.181344	1.67192	85.7318
141	0.0919831	0.237005	0.660717	0.005997	0.182032	1.62686	85.7318
142	0.0817899	0.224873	0.675531	0.0029985	0.14215	1.53049	85.7318
143	0.0729119	0.221686	0.660717	0.0029985	0.141969	1.46	85.7318
144	0.0817899	0.219003	0.774117	0.0029985	0.14898	1.34888	85.7318
145	0.0744969	0.212077	0.774117	0	0.130854	1.24385	85.7318
146	0.0670414	0.207225	0.774117	0	0.141969	1.12276	85.7318
147	0.0604097	0.203267	0.880575	0	0.141969	1.00928	85.7896
148	0.0604097	0.205901	0.791779	0	0.141969	1.02912	88.3711
149	0.0639611	0.20809	0.791779	0.00149925	0.141969	0.966565	88.3711
150	0.065704	0.20934	0.774117	0.00149925	0.170515	0.904016	90.3514
151	0.070452	0.214428	0.774117	0.00149925	0.165762	0.919706	70.6235
152	0.0717747	0.217755	0.816277	0.00149925	0.170515	0.924359	68.4643
153	0.0798792	0.228548	0.816277	0.00449775	0.165762	0.938912	54.3098
154	0.0798792	0.227944	0.848295	0.00449775	0.107423	0.678962	7.88297
155	0.0717747	0.227003	0.848295	0.0089955	0.116488	0.587279	3.99667
156	0.0639611	0.230582	0.889873	0.0194903	0.104281	0.472447	2.02585
157	0.0813511	0.261735	1.63288	0.053973	0.105662	0.441906	1.84618
158	0.070452	0.248857	1.75802	0.0524738	0.0819706	0.37692	1.46536
159	0.0688223	0.251932	1.79605	0.05997	0.0756729	0.344053	1.25244
160	0.0197827	0.199799	1.22968	0.041979	0.0839536	0.338644	1.28044
161	0.0146532	0.151224	0.75949	0.0194903	0.0853363	0.331804	1.1429
162	0.0117486	0.131405	0.559277	0.011994	0.0853363	0.329148	1.03083
163	0.0121438	0.118049	0.482114	0.005997	0.086243	0.329714	1.00354
164	0.0126718	0.105202	0.482114	0.0029985	0.0912883	0.326328	1.03268
165	0.0122181	0.0967326	0.46126	0	0.0912883	0.324931	1.03083
166	0.0110787	0.0891236	0.387323	0.00149925	0.086243	0.318991	1.00354
167	0.0120421	0.0838768	0.391241	0.0029985	0.0912883	0.323308	1.05667
168	0.0104511	0.0791815	0.327557	0	0.0748815	0.332881	1.00354
169	0.0104511	0.0764793	0.311265	0	0.0698995	0.335794	1.1429
170	0.0104511	0.0721812	0.299511	0	0.0494786	0.32852	1.28044
171	0.0104511	0.0678924	0.292863	0	0.0500425	0.32421	1.44614
172	0.0105379	0.0637611	0.292863	0.00149925	0.0346375	0.304621	1.05667
173	0.0104696	0.0621828	0.285561	0.0029985	0.0343813	0.264916	1.35786
174	0.0104696	0.0602126	0.280622	0.00149925	0.0138394	0.240517	0.952943
175	0.0104696	0.0589097	0.280622	0	0.0138786	0.215894	0.898839
176	0.0103697	0.0597553	0.281305	0.0029985	0.0138394	0.204038	0.833216
177	0.0105379	0.058497	0.281305	0	0.0155228	0.192516	0.898839
178	0.0100086	0.0583957	0.265766	0	0.0120348	0.174933	0.720442
179	0.0100086	0.0583819	0.267668	0.00149925	0.0126157	0.162948	0.714939
180	0.0100086	0.0585441	0.265766	0	0.0126157	0.156617	0.709728
181	0.0100538	0.0586735	0.265766	0	0.0114095	0.152855	0.645236
182	0.0102923	0.0593973	0.281305	0	0.0130846	0.147122	0.714939
183	0.0101821	0.0604441	0.281305	0.00149925	0.0114095	0.137726	0.638436
184	0.0105379	0.0613926	0.296	0.00149925	0.0114095	0.126356	0.667677
185	0.0104696	0.0621175	0.299511	0.00149925	0.0114095	0.112443	0.638436
186	0.0102923	0.0627672	0.311265	0.00149925	0.0110426	0.0928355	0.571074
187	0.0100086	0.0627334	0.311265	0.00149925	0.0104666	0.081182	0.538775
188	0.0102923	0.0664451	0.357551	0.00149925	0.0103234	0.0710121	0.492434
189	0.0100538	0.0695504	0.411586	0.00149925	0.0103247	0.0652161	0.465238
190	0.0102923	0.0776694	0.489937	0.005997	0.0102168	0.0640219	0.465238
191	0.0101821	0.0875805	0.538133	0.0089955	0.0101194	0.0609637	0.429847
192	0.0114742	0.0996368	0.76943	0.017991	0.0102168	0.0602528	0.428114
193	0.0100538	0.115417	0.909344	0.0404798	0.0101194	0.0576368	0.401088
194	0.0118949	0.160607	1.48966	0.0794603	0.0102168	0.0564306	0.387574
195	0.0453993	0.33367	3.49254	0.196402	0.0102168	0.0558011	0.375681
196	0.0538971	0.36266	3.63113	0.208396	0.0101194	0.0552685	0.362619
197	0.0516171	0.401342	3.63113	0.233883	0.0101194	0.0531505	0.362619
198	0.0212227	0.234146	1.88134	0.116942	0.010164	0.0507932	0.349204
199	0.0173274	0.161163	1.4381	0.05997	0.010164	0.0497746	0.3429
200	0.0118017	0.130012	0.780147	0.0254873	0.0101194	0.0481867	0.332677
201	0.0121399	0.120335	0.776721	0.0194903	0.010164	0.0476644	0.3429
202	0.0134929	0.110406	0.784854	0.011994	0.010164	0.0463608	0.3429
203	0.0136632	0.104076	0.741049	0.00449775	0.010164	0.0460876	0.349204
204	0.0118017	0.101068	0.614326	0.00449775	0.0101194	0.0456093	0.3429
205	0.0118017	0.0985871	0.581285	0.00149925	0.0101194	0.0450455	0.318948
206	0.0121399	0.0975777	0.595672	0.00149925	0.010164	0.0442492	0.306532
207	0.0133255	0.0968458	0.646209	0.00149925	0.0101194	0.0439336	0.306532
208	0.0118017	0.0980666	0.581285	0.005997	0.010164	0.0439748	0.289764
209	0.0105273	0.0820341	0.482898	0.00449775	0.010164	0.0428613	0.287436
210	0.0105273	0.0724844	0.39817	0	0.0102168	0.0445053	0.306532
211	0.0105273	0.0674866	0.332358	0	0.010164	0.042455	0.284693
212	0.0107284	0.0645159	0.344392	0	0.0102168	0.0410539	0.272704
213	0.0105071	0.0576711	0.299108	0	0.010164	0.0411541	0.268066
214	0.0100271	0.0551238	0.270095	0	0.010164	0.0409931	0.268066
215	0.0100271	0.0497082	0.214666	0	0.010164	0.0399826	0.262708
216	0.0105071	0.0467892	0.208632	0	0.0102168	0.0398513	0.254924
217	0.0105071	0.0450734	0.198471	0	0.0102168	0.0398299	0.247022
218	0.0102083	0.0442165	0.190624	0.00149925	0.0102168	0.040209	0.244309
219	0.010357	0.0422688	0.189098	0.00149925	0.0101868	0.0401231	0.251025
220	0.0102083	0.0416951	0.187466	0.00149925	0.0101868	0.0408309	0.268066
221	0.0102083	0.0408024	0.173957	0	0.0102168	0.0403444	0.272704
222	0.0100271	0.0413353	0.181112	0.0029985	0.0101868	0.0405993	0.274556
223	0.0102433	0.0407598	0.190624	0.00149925	0.0101868	0.0407147	0.272704
224	0.0100271	0.0399347	0.173957	0.00149925	0.0101868	0.0401783	0.254924
225	0.0100271	0.0387272	0.164495	0	0.0101868	0.0401759	0.254924
226	0.0102433	0.0391854	0.173957	0.0029985	0.0101868	0.0400417	0.254924
227	0.0102083	0.0384749	0.164495	0	0.0101868	0.0403271	0.256869
228	0.0102083	0.0378838	0.163234	0	0.0101868	0.0415756	0.311244
229	0.0100271	0.0375635	0.1619	0.00149925	0.0102168	0.0420434	0.327571
230	0.0102433	0.0366783	0.1619	0	0.0101868	0.043431	0.356283
231	0.0100984	0.036549	0.1619	0	0.0102168	0.0468427	0.477522
232	0.0102433	0.0357992	0.1619	0	0.0101868	0.047299	0.509602
233	0.0101617	0.0351968	0.158811	0	0.0101868	0.0477541	0.533252
234	0.0100984	0.0355149	0.1619	0	0.0101868	0.0489958	0.638402
235	0.0100271	0.0357842	0.162024	0	0.0101868	0.0500669	0.638402
236	0.0100984	0.0354672	0.162024	0	0.0101868	0.0525063	0.667504
237	0.0100984	0.0352259	0.162024	0	0.0101868	0.0645736	1.44429
238	0.0100984	0.0350855	0.164495	0	0.0101868	0.0722291	3.20599
239	0.0100984	0.0349651	0.164495	0.00149925	0.0102798	0.0797054	5.90333
240	0.0100271	0.0347704	0.162024	0	0.0102798	0.0778793	5.44903
241	0.0100984	0.0348697	0.164495	0	0.0101868	0.079643	5.44903
242	0.0100271	0.03522	0.164495	0	0.0101868	0.0872649	8.12726
243	0.0100271	0.0362196	0.175439	0.00149925	0.0101868	0.0907133	8.2747
244	0.0100271	0.0375868	0.203614	0.00449775	0.0101868	0.0927614	7.77317
245	0.0101123	0.0382755	0.227001	0.00449775	0.0102798	0.0912614	5.57263
246	0.0100271	0.0398271	0.247731	0.0089955
