		omega		Posterior		rho				Synonymous theta			kappa			phi	
Site	Lower	Point	Higher	prob of +ve	Lower	Point	Higher		Lower	Point	Higher	Lower	Point	Higher	Lower	Point	Higher
	95% HPD	estimate	95% HPD	selection	95% HPD	estimate	95% HPD		95% HPD	estimate	95% HPD	95% HPD	estimate	95% HPD	95% HPD	estimate	95% HPD
0	0.0100219	0.0774786	0.815528	0.0389805	0.0117382	0.774817	52.9322		0.013495	0.0223895	0.036804	1.21566	3.32588	8.48463	0	0	0
1	0.0100219	0.0729955	0.670116	0.023988	0.0117382	0.925311	54.7201
2	0.0100219	0.0702065	0.574409	0.0209895	0.0187824	1.14884	86.0305
3	0.0100219	0.0717369	0.602489	0.023988	0.0199156	1.31862	89.7632
4	0.0100219	0.0675653	0.503879	0.017991	0.0214373	1.41088	89.7632
5	0.010329	0.064631	0.496713	0.011994	0.0229845	1.51722	97.0913
6	0.0100219	0.0634045	0.460811	0.0089955	0.0214373	1.59201	97.0913
7	0.0100219	0.062712	0.428504	0.00449775	0.0229845	1.78218	99.5715
8	0.0100677	0.0627551	0.45053	0.005997	0.0192847	1.82778	97.0913
9	0.0100219	0.0622189	0.460811	0.00749625	0.0187824	2.06736	99.5715
10	0.0100219	0.0610191	0.45053	0.005997	0.0189528	2.07104	99.5715
11	0.0100219	0.0601554	0.428504	0.00449775	0.0229845	2.39116	99.1828
12	0.0100219	0.0604542	0.415653	0.00449775	0.0248432	2.66951	99.5715
13	0.0100677	0.0602046	0.41013	0.0029985	0.0229845	2.34815	97.3179
14	0.0100219	0.0601746	0.41013	0.00449775	0.022883	2.23023	99.5715
15	0.0100219	0.060573	0.421196	0.00749625	0.0194728	2.19434	99.5715
16	0.0100219	0.0618475	0.480564	0.0104948	0.0188988	2.19657	99.5715
17	0.0100219	0.0614411	0.450199	0.0104948	0.0184957	2.26448	99.3209
18	0.0100219	0.0600904	0.41013	0.005997	0.0203206	2.52424	99.3209
19	0.0100219	0.0609056	0.415653	0.00449775	0.0201004	2.64156	99.3209
20	0.0100677	0.0609113	0.427065	0.00449775	0.0175663	2.49445	96.7531
21	0.0100677	0.0621664	0.431498	0.00449775	0.0175061	2.55445	96.1491
22	0.0100677	0.062416	0.450199	0.00449775	0.0160516	2.50796	88.6614
23	0.0100677	0.0623511	0.442189	0.00449775	0.0184957	2.65984	99.3209
24	0.0100677	0.0617727	0.431498	0.005997	0.022883	2.74385	99.3209
25	0.0100677	0.0626208	0.427065	0.0089955	0.022883	2.86756	99.3209
26	0.0100677	0.0622178	0.421635	0.0089955	0.0199927	2.57534	99.3209
27	0.0100677	0.0619121	0.421635	0.0089955	0.0173473	2.27214	99.1828
28	0.0100677	0.0625118	0.442189	0.0089955	0.017865	2.23399	99.3209
29	0.0100677	0.0628969	0.442189	0.0104948	0.0199927	2.15022	99.3209
30	0.0100677	0.0617181	0.415653	0.0089955	0.020886	2.12185	99.3209
31	0.0100677	0.0630868	0.427065	0.0104948	0.0209715	1.92718	99.3209
32	0.0100677	0.0638314	0.431498	0.0104948	0.020832	1.85223	99.3209
33	0.0100677	0.0649188	0.486264	0.0089955	0.0199927	1.7451	99.3209
34	0.0100722	0.0665836	0.490026	0.0104948	0.0184307	1.4871	97.3179
35	0.0100722	0.0677624	0.491358	0.0149925	0.0184869	1.23369	99.3209
36	0.0100722	0.0701376	0.505794	0.017991	0.0159682	0.929116	97.3179
37	0.0100722	0.0723266	0.516686	0.0149925	0.0155963	0.795465	96.4668
38	0.0104853	0.0744875	0.574264	0.0209895	0.0155344	0.675885	99.3209
39	0.010453	0.0785747	0.574264	0.017991	0.0151755	0.619686	99.3209
40	0.0100722	0.0788729	0.572973	0.017991	0.0147532	0.557992	99.3209
41	0.0100722	0.0813589	0.593309	0.0209895	0.0142684	0.460364	96.4668
42	0.0100722	0.0833186	0.593309	0.0209895	0.0142684	0.399353	99.3209
43	0.0100722	0.090265	0.707719	0.029985	0.0141601	0.358506	99.3209
44	0.0100722	0.0935547	0.721294	0.029985	0.0101831	0.347186	68.6526
45	0.010453	0.0988705	0.785972	0.0329835	0.0101831	0.307582	61.7379
46	0.0100722	0.106644	0.806674	0.0389805	0.0101831	0.277085	61.7379
47	0.0100722	0.113053	0.857535	0.041979	0.0103185	0.22151	43.3783
48	0.0123735	0.119441	1.17279	0.0509745	0.0103237	0.18837	24.8867
49	0.0114838	0.130219	1.21407	0.0629685	0.0103237	0.160534	18.2528
50	0.0100722	0.143803	1.52236	0.0809595	0.0103645	0.121942	2.34161
51	0.0100722	0.158464	1.94753	0.0989505	0.0103237	0.0993821	1.56261
52	0.0100722	0.140291	1.57569	0.0884558	0.0103237	0.0989408	1.59656
53	0.0100702	0.12115	1.1304	0.0629685	0.0103237	0.103663	2.50163
54	0.0100702	0.108524	0.934591	0.0494753	0.0103237	0.114045	4.24281
55	0.0100702	0.0978963	0.883252	0.0434783	0.0102611	0.110027	4.46561
56	0.0100702	0.0897768	0.802657	0.0344828	0.0102611	0.108081	4.69664
57	0.0100702	0.0800563	0.697217	0.0254873	0.0102611	0.104789	4.69664
58	0.0100702	0.0762325	0.720785	0.0254873	0.0100159	0.102765	4.46561
59	0.0100702	0.0730352	0.685508	0.0209895	0.0103237	0.107234	4.93068
60	0.0100702	0.072462	0.685508	0.023988	0.0102611	0.10701	4.93068
61	0.0100345	0.0676236	0.603008	0.0224888	0.0100159	0.102272	4.46561
62	0.0100277	0.0654261	0.588597	0.0209895	0.0102611	0.100658	4.93068
63	0.0100277	0.0626689	0.574748	0.017991	0.0100159	0.0980649	4.93068
64	0.0100277	0.0615752	0.53106	0.0149925	0.0100159	0.0969226	4.93068
65	0.0100277	0.0599234	0.483875	0.011994	0.0100159	0.0943144	4.30092
66	0.0100277	0.0584	0.451881	0.011994	0.0100159	0.0935729	4.44577
67	0.0100277	0.0563677	0.432039	0.0089955	0.0102611	0.0882379	2.86936
68	0.0100277	0.0555334	0.435774	0.0089955	0.0101789	0.0844567	2.70407
69	0.0100277	0.0536779	0.415653	0.00749625	0.0100159	0.0850221	2.44505
70	0.0100277	0.0540479	0.432039	0.00749625	0.0100159	0.0832838	2.44505
71	0.0100277	0.0520701	0.367517	0.00449775	0.0100159	0.0848895	2.55108
72	0.0100277	0.0512404	0.383398	0.0089955	0.0100159	0.0844387	2.55108
73	0.0100277	0.0510438	0.377815	0.0089955	0.0100159	0.0877583	4.44577
74	0.0100277	0.0500683	0.372906	0.0089955	0.0100159	0.0879648	5.29455
75	0.0100277	0.0515935	0.383398	0.0134933	0.0100693	0.0869674	5.29455
76	0.0100277	0.0507354	0.377815	0.0134933	0.0100159	0.0883356	4.44577
77	0.0100277	0.0507808	0.377815	0.0104948	0.0100159	0.09047	4.44577
78	0.0100345	0.0507017	0.367517	0.0089955	0.0100159	0.0919258	4.44577
79	0.0100345	0.0516279	0.367517	0.0104948	0.0100159	0.0909419	4.30092
80	0.0100345	0.051421	0.34336	0.011994	0.0100693	0.0931713	5.45456
81	0.0100345	0.0505107	0.32458	0.0089955	0.0100159	0.0957491	5.36387
82	0.0100345	0.0492991	0.320498	0.00449775	0.0100159	0.0854783	2.44638
83	0.0100345	0.0486247	0.29919	0.005997	0.0100159	0.0859712	1.20088
84	0.0100702	0.0468905	0.275757	0.0029985	0.0100159	0.0841012	1.13106
85	0.0100345	0.0465027	0.27027	0.0029985	0.0100159	0.0822611	1.09621
86	0.0100345	0.0458045	0.267732	0.00149925	0.0100737	0.0784842	0.792524
87	0.0100702	0.0447036	0.258451	0.00149925	0.0100159	0.0702518	0.631709
88	0.0100702	0.0450658	0.258451	0.00149925	0.0100159	0.0652952	0.535507
89	0.0100702	0.044599	0.258451	0.00149925	0.0101137	0.0606134	0.401552
90	0.0100345	0.0440442	0.25407	0.00149925	0.0100737	0.0599415	0.388416
91	0.0100345	0.0437037	0.25407	0	0.0100737	0.0590272	0.367516
92	0.0100345	0.0430217	0.250742	0	0.010381	0.0574484	0.325132
93	0.0100345	0.0424412	0.250742	0	0.0101789	0.0545153	0.306696
94	0.0100345	0.0420271	0.2459	0.00149925	0.0100737	0.0536235	0.257908
95	0.0100345	0.041778	0.250742	0.00149925	0.0100737	0.0528986	0.257908
96	0.0100345	0.040596	0.201363	0.00149925	0.0100737	0.052114	0.248875
97	0.0100345	0.0397987	0.201363	0.00149925	0.0100737	0.0510771	0.240757
98	0.0100345	0.0399115	0.200353	0.00449775	0.0102611	0.0500032	0.248875
99	0.0100345	0.03973	0.196274	0.00449775	0.0102611	0.0498706	0.248875
100	0.0100345	0.0393736	0.19213	0.0029985	0.0100737	0.0498617	0.248875
101	0.0100345	0.0399302	0.200353	0.0029985	0.0100737	0.0500397	0.257908
102	0.0100345	0.0397708	0.197892	0.0029985	0.0104401	0.0497182	0.274659
103	0.0100345	0.0399056	0.203334	0.00149925	0.010381	0.0509048	0.306696
104	0.0100345	0.0401926	0.211256	0.00149925	0.0104401	0.0521472	0.339526
105	0.0100345	0.0394404	0.196274	0.00149925	0.0100737	0.0550713	0.392941
106	0.0100702	0.0391341	0.195253	0.00149925	0.0101513	0.0691399	0.719796
107	0.0100702	0.039711	0.226532	0.00149925	0.0101513	0.0820534	4.44423
108	0.0100077	0.0404009	0.235877	0.00149925	0.0105657	0.10283	12.2841
109	0.0100077	0.0408659	0.25407	0.0029985	0.0107207	0.127722	21.9788
110	0.0100077	0.0414522	0.258451	0.0029985	0.0107207	0.13011	21.9788
111	0.0100077	0.0419287	0.258451	0.0029985	0.0106613	0.117616	11.8818
112	0.0100077	0.0415635	0.247326	0.00149925	0.0101513	0.12349	9.8043
113	0.0100077	0.0401906	0.245582	0	0.0101513	0.13023	8.9852
114	0.0100077	0.039824	0.243506	0.00149925	0.0101513	0.138889	12.388
115	0.0100077	0.0402743	0.245582	0.0029985	0.0106613	0.158244	31.0084
116	0.0100077	0.0404347	0.245582	0.0029985	0.0101513	0.190298	37.7836
117	0.0100077	0.0416249	0.25799	0.005997	0.0107207	0.23652	46.0247
118	0.0100077	0.0418547	0.303276	0.0089955	0.0107177	0.270383	46.0247
119	0.0100077	0.041899	0.280983	0.005997	0.0107177	0.344795	50.1026
120	0.0100595	0.0413368	0.26967	0.00449775	0.0110348	0.385453	50.1026
121	0.0100077	0.040142	0.25407	0.00449775	0.0110348	0.412885	50.1026
122	0.0100077	0.040788	0.26967	0.005997	0.0113675	0.435532	55.0694
123	0.0100077	0.0407866	0.26967	0.005997	0.0112403	0.496381	55.0694
124	0.0100077	0.0397215	0.25407	0.00449775	0.0204162	0.560791	92.994
125	0.0100077	0.0392448	0.247326	0.0029985	0.0243883	0.696754	94.3048
126	0.0100077	0.0399441	0.25407	0.0029985	0.0271659	0.801862	94.3048
127	0.0100595	0.040784	0.280983	0.00449775	0.0243883	0.794839	87.1551
128	0.0100077	0.0412298	0.303276	0.00749625	0.0243883	0.702788	90.8413
129	0.0100077	0.0413345	0.303276	0.00749625	0.0223441	0.637761	87.9116
130	0.0100077	0.0414049	0.303276	0.005997	0.0209987	0.631467	87.9116
131	0.0100077	0.040687	0.26602	0.00449775	0.0217506	0.645854	95.8294
132	0.0100595	0.0412195	0.337384	0.005997	0.0217506	0.677433	95.8294
133	0.0100077	0.0406164	0.26967	0.005997	0.0209987	0.723381	96.5756
134	0.0100077	0.0404098	0.26602	0.00449775	0.0209987	0.751426	95.8294
135	0.0100077	0.0411353	0.312614	0.0089955	0.0217506	0.801716	96.5756
136	0.0100091	0.0411301	0.337384	0.0029985	0.0243883	0.837574	96.5756
137	0.0100077	0.0417149	0.382159	0.00749625	0.0243883	0.880182	92.994
138	0.0100077	0.0428	0.382159	0.0089955	0.0243041	0.916244	92.994
139	0.0100077	0.0417982	0.347641	0.0029985	0.0243041	1.02593	92.994
140	0.0100091	0.0416946	0.337384	0.0029985	0.0255982	1.12076	95.8294
141	0.0100077	0.0432845	0.352123	0.00449775	0.026378	1.22195	95.8294
142	0.0100077	0.0427764	0.347641	0.0029985	0.0267733	1.27839	92.994
143	0.0100077	0.0438413	0.378089	0.00149925	0.0294359	1.47819	94.3048
144	0.0100077	0.0443644	0.365529	0.00149925	0.0294359	1.62495	92.994
145	0.0100077	0.0432422	0.352123	0.00149925	0.0296877	1.62734	96.4793
146	0.0100077	0.042996	0.352123	0.00149925	0.0294359	1.52042	92.994
147	0.0100077	0.0431787	0.365529	0.00449775	0.0291248	1.37828	96.4793
148	0.0100077	0.0439327	0.385173	0.00749625	0.0286124	1.29499	96.4793
149	0.0100077	0.0432253	0.365529	0.00749625	0.0255982	1.32858	96.4793
150	0.0100077	0.0415201	0.352123	0.0029985	0.0270544	1.35041	97.7817
151	0.0100077	0.041421	0.352123	0.0029985	0.0246904	1.2971	97.7817
152	0.0100077	0.0410414	0.352123	0.00449775	0.0243041	1.27657	97.7817
153	0.0100077	0.0405159	0.343816	0.00449775	0.0201578	1.1206	99.4345
154	0.0100077	0.0412613	0.365161	0.005997	0.019074	0.97905	99.4345
155	0.0100077	0.0423605	0.409676	0.0104948	0.015258	0.858344	97.1707
156	0.0100077	0.0425113	0.378089	0.0134933	0.0145316	0.768158	97.1707
157	0.0100077	0.0423013	0.365529	0.0134933	0.0130498	0.681988	92.9674
158	0.0100077	0.0435127	0.421022	0.0149925	0.0130498	0.62786	95.8294
159	0.0100077	0.0431103	0.422185	0.0164918	0.0101854	0.590573	75.4494
160	0.0100077	0.0430793	0.378089	0.017991	0.0130498	0.576906	97.7817
161	0.0100091	0.0432673	0.365529	0.0149925	0.0101854	0.549062	73.9231
162	0.0100091	0.044217	0.365529	0.0149925	0.0101854	0.495013	75.4494
163	0.0100407	0.0432786	0.365529	0.0104948	0.0130498	0.516269	97.7817
164	0.0100091	0.0425463	0.352123	0.005997	0.0114823	0.484797	84.8679
165	0.0100407	0.0425801	0.365529	0.00749625	0.0111841	0.500442	82.5204
166	0.0100091	0.0432692	0.378089	0.0089955	0.0111841	0.490313	82.3141
167	0.0100407	0.0434403	0.422185	0.00749625	0.0101712	0.452308	73.9231
168	0.0100407	0.0437082	0.428323	0.0089955	0.0101712	0.441851	68.5104
169	0.0100407	0.0434434	0.428323	0.0104948	0.0101712	0.447325	69.4514
170	0.0100407	0.0425018	0.365826	0.0089955	0.0101712	0.465125	69.4514
171	0.0100948	0.0430265	0.365826	0.0089955	0.0111116	0.50417	78.1269
172	0.0100948	0.0420164	0.347602	0.00749625	0.0117046	0.593139	82.3141
173	0.0100407	0.0415948	0.343844	0.005997	0.0111841	0.643196	72.7698
174	0.0100407	0.0416041	0.343816	0.005997	0.0149085	0.672571	98.4743
175	0.0100407	0.0408911	0.324338	0.005997	0.0129747	0.686223	83.9891
176	0.0100407	0.0409508	0.324338	0.005997	0.0129747	0.718331	83.9891
177	0.0100407	0.0419978	0.342784	0.005997	0.0129747	0.687608	83.9891
178	0.0100352	0.0410862	0.342784	0.005997	0.0129747	0.707879	83.9891
179	0.0100407	0.0411809	0.337368	0.005997	0.0121138	0.629444	82.8795
180	0.0100407	0.0412506	0.343816	0.00449775	0.0120316	0.605495	82.8795
181	0.0100407	0.0413137	0.337368	0.0029985	0.0121138	0.589374	82.8795
182	0.0100407	0.0405796	0.322659	0.00149925	0.0121138	0.589454	83.69
183	0.0100407	0.0397364	0.275956	0	0.0132754	0.557851	92.994
184	0.0100407	0.03923	0.251431	0.00149925	0.0132754	0.556481	92.994
185	0.0100595	0.0395145	0.268588	0.00149925	0.013421	0.566367	92.994
186	0.0100407	0.0401979	0.251431	0.00449775	0.0117046	0.585799	82.5204
187	0.0100407	0.040839	0.273225	0.00449775	0.0132754	0.582933	94.3048
188	0.0100017	0.041216	0.270232	0.005997	0.013421	0.609848	94.3048
189	0.0100407	0.0412276	0.288779	0.005997	0.0132754	0.612153	94.3048
190	0.0100017	0.0415886	0.284481	0.0029985	0.013421	0.625432	94.3048
191	0.0100017	0.0415911	0.295232	0.0029985	0.0132754	0.645131	91.9321
192	0.0100017	0.0421608	0.300691	0.0029985	0.013421	0.65393	91.603
193	0.0100407	0.0433171	0.317946	0.00449775	0.0127792	0.65382	83.9891
194	0.0100017	0.0433156	0.324338	0.00449775	0.0127792	0.616094	84.9439
195	0.0100017	0.0440219	0.343816	0.00449775	0.0127792	0.573119	84.9439
196	0.0100407	0.043599	0.330926	0.00449775	0.0148009	0.521897	98.1072
197	0.0100407	0.0417848	0.302906	0.00149925	0.012724	0.446728	81.8407
198	0.0100407	0.0420628	0.319192	0.0029985	0.012724	0.485542	82.9223
199	0.0100407	0.0433468	0.343816	0.011994	0.012724	0.537722	84.9439
200	0.0100407	0.0426063	0.352123	0.0104948	0.0148695	0.566628	98.1072
201	0.0100407	0.0419966	0.319192	0.011994	0.0157172	0.599327	97.7946
202	0.0100407	0.0406502	0.288779	0.00449775	0.0155287	0.611593	98.1072
203	0.0100407	0.0407471	0.290725	0.00149925	0.0157172	0.645313	97.7946
204	0.0100407	0.0407897	0.290725	0.0029985	0.016847	0.662542	98.1072
205	0.0100407	0.0407944	0.295232	0.005997	0.016847	0.642529	98.1072
206	0.0100407	0.0407338	0.295232	0.005997	0.0168039	0.619832	97.7946
207	0.0100407	0.0412267	0.300691	0.005997	0.0163153	0.536108	97.7946
208	0.0100407	0.0421891	0.310045	0.005997	0.016847	0.508576	97.7946
209	0.0100407	0.0423882	0.300691	0.00449775	0.0168039	0.551946	97.7946
210	0.0100595	0.0433239	0.319585	0.005997	0.010498	0.567325	66.6463
211	0.0100407	0.0425635	0.302906	0.00749625	0.0125967	0.532204	68.1532
212	0.0100407	0.0432917	0.319585	0.0104948	0.010498	0.496494	59.274
213	0.0100407	0.0452385	0.37487	0.0164918	0.010498	0.49432	60.6181
214	0.0100595	0.0434229	0.343863	0.0104948	0.0102764	0.468795	58.9009
215	0.0100407	0.042516	0.302906	0.011994	0.0104643	0.447716	58.3912
216	0.0100407	0.0420913	0.292508	0.0089955	0.010058	0.420519	50.6429
217	0.0100407	0.0404842	0.269009	0.00449775	0.0104632	0.411285	44.5234
218	0.0100015	0.039374	0.259055	0.00149925	0.0104632	0.371181	44.3367
219	0.0100015	0.039428	0.256514	0.005997	0.010058	0.36785	33.316
220	0.0100015	0.038737	0.250498	0.00149925	0.010058	0.341095	32.2023
221	0.0100015	0.0387519	0.248593	0	0.010058	0.327279	29.0695
222	0.0100015	0.0382302	0.237256	0	0.010058	0.313718	27.8915
223	0.0100015	0.0372622	0.212615	0	0.0119789	0.377803	48.8535
224	0.0100015	0.0384847	0.250498	0.00149925	0.0104632	0.444639	44.8555
225	0.0100015	0.038817	0.256514	0.00149925	0.0117795	0.54388	58.5706
226	0.0100015	0.0386963	0.248593	0.0029985	0.0117795	0.545243	60.1157
227	0.0100015	0.0391341	0.256514	0.00449775	0.0117795	0.536123	64.4928
228	0.0100015	0.0401656	0.268546	0.00749625	0.0117795	0.558423	65.6673
229	0.0100015	0.0399205	0.268546	0.00449775	0.0117795	0.536717	65.1188
230	0.0100407	0.0394331	0.264244	0.00449775	0.0117795	0.582753	65.314
231	0.0100015	0.0400609	0.268546	0.00449775	0.0117795	0.646632	64.6744
232	0.0100015	0.03996	0.273225	0.0029985	0.0117795	0.690243	64.6744
233	0.0100015	0.0403519	0.268546	0.00149925	0.011695	0.664126	65.8648
234	0.0100015	0.0406543	0.268546	0.0029985	0.011695	0.650842	65.1188
235	0.0100015	0.0407736	0.287545	0.005997	0.011695	0.674569	65.8648
236	0.0100407	0.0415889	0.300232	0.00749625	0.0103198	0.704958	60.194
237	0.0100015	0.0436898	0.360453	0.0134933	0.011695	0.694443	66.1779
238	0.0100595	0.0444884	0.37487	0.0104948	0.0104242	0.741919	61.6876
239	0.0100015	0.0445352	0.362019	0.005997	0.011695	0.679804	66.1779
240	0.0100015	0.0444911	0.360453	0.005997	0.0149578	0.658802	88.9857
241	0.0100015	0.0437188	0.334924	0.0029985	0.0143432	0.624216	85.4255
242	0.0100015	0.0438297	0.344434	0.00749625	0.0143432	0.576126	85.4255
243	0.0100015	0.0441398	0.344434	0.005997	0.0143432	0.573037	85.4255
244	0.0100407	0.0437469	0.335629	0.00449775	0.0143432	0.580875	85.8618
245	0.0100015	0.0434509	0.305852	0.00449775	0.0102014	0.520725	61.6876
246	0.0100407	0.0435749	0.305852	0.00449775	0.0104242	0.526233	61.6876
247	0.0100015	0.0442351	0.324666	0.00449775	0.0140597	0.552113	88.1826
248	0.0100015	0.0449372	0.331722	0.00449775	0.011695	0.559087	75.8998
249	0.0101409	0.0462893	0.37487	0.00449775	0.0134481	0.601662	85.8618
250	0.0100407	0.0466195	0.37487	0.0029985	0.0134481	0.660848	86.5721
251	0.0102633	0.0470505	0.399013	0.00449775	0.0134481	0.692621	86.0997
252	0.0102633	0.0468548	0.399013	0.005997	0.0139073	0.817039	88.137
253	0.0100829	0.0468792	0.396799	0.00749625	0.0140597	0.757731	86.5721
254	0.0100407	0.047829	0.396799	0.011994	0.0139073	0.824487	86.5721
255	0.0100407	0.048856	0.412878	0.017991	0.0160381	0.875744	97.0085
256	0.0100407	0.0494084	0.412878	0.0194903	0.0160381	0.906041	97.0085
257	0.0100015	0.0493066	0.399013	0.0194903	0.0160381	1.01934	86.0997
258	0.0100015	0.0499583	0.412878	0.017991	0.0178782	1.16951	93.9075
259	0.0100015	0.0508886	0.436465	0.0164918	0.0195916	1.21251	98.711
260	0.0100015	0.0507099	0.440477	0.0164918	0.0195916	1.18941	98.7308
261	0.0100015	0.0506183	0.455626	0.0194903	0.0178782	1.16468	93.9075
262	0.0100015	0.0538823	0.596354	0.0329835	0.0132276	0.980507	66.297
263	0.0100015	0.0568181	0.709787	0.0449775	0.0121779	0.900432	64.3886
264	0.0100015	0.0587634	0.808682	0.0494753
