		omega		Posterior		rho				Synonymous theta			kappa			phi	
Site	Lower	Point	Higher	prob of +ve	Lower	Point	Higher		Lower	Point	Higher	Lower	Point	Higher	Lower	Point	Higher
	95% HPD	estimate	95% HPD	selection	95% HPD	estimate	95% HPD		95% HPD	estimate	95% HPD	95% HPD	estimate	95% HPD	95% HPD	estimate	95% HPD
0	0.0100338	0.0663047	0.528979	0.0209895	0.0132106	0.538625	71.8538		0.0196616	0.0346665	0.0696292	2.45106	11.1443	75.6478	0	0	0
1	0.0100338	0.0648839	0.515256	0.017991	0.0124034	0.534147	63.428
2	0.0100338	0.0637081	0.47258	0.011994	0.0132106	0.61051	68.3328
3	0.0100338	0.0618026	0.411864	0.0104948	0.0132106	0.70203	69.0631
4	0.0100338	0.0614348	0.379769	0.0104948	0.0133212	0.751672	71.2643
5	0.0100338	0.0610288	0.379769	0.005997	0.0132106	0.783899	70.4212
6	0.0100338	0.0605064	0.384879	0.005997	0.0132106	0.792753	70.0358
7	0.0100338	0.0590089	0.375764	0.00449775	0.0132106	0.817076	70.3537
8	0.0100338	0.0592188	0.375764	0.00449775	0.0132191	0.7941	71.2643
9	0.0100032	0.0595558	0.391925	0.00749625	0.0132106	0.721088	78.0202
10	0.0100032	0.0594174	0.384879	0.005997	0.0129682	0.668655	71.2643
11	0.0100032	0.0593488	0.382206	0.00749625	0.0129682	0.690625	75.691
12	0.0100032	0.0602059	0.391925	0.0089955	0.0129682	0.698807	78.0202
13	0.0100032	0.0599677	0.391925	0.00749625	0.0132106	0.639597	75.691
14	0.0100032	0.0603972	0.384879	0.0029985	0.0133221	0.607281	78.0202
15	0.0100032	0.0601106	0.384879	0.0029985	0.0105105	0.596216	60.8751
16	0.0100789	0.0603687	0.382206	0.0029985	0.0111356	0.589986	63.297
17	0.0100789	0.0602614	0.375764	0.00449775	0.0105808	0.553236	59.8768
18	0.0100789	0.0605504	0.384879	0.00449775	0.0105808	0.539907	59.6369
19	0.0100032	0.0614817	0.384879	0.00449775	0.0105808	0.551509	59.6369
20	0.0100032	0.0623493	0.391925	0.005997	0.011085	0.546009	62.0749
21	0.0100032	0.0629501	0.384879	0.00449775	0.0111356	0.547978	62.0749
22	0.0100885	0.0645138	0.384879	0.00749625	0.011085	0.511722	60.5184
23	0.0100885	0.0647551	0.382206	0.005997	0.0111356	0.490787	61.8259
24	0.0100885	0.0665924	0.389652	0.00449775	0.011334	0.486234	59.8768
25	0.0101136	0.067334	0.39926	0.005997	0.0101854	0.435685	50.821
26	0.0101136	0.068424	0.39926	0.00449775	0.0101854	0.380928	49.8747
27	0.0100885	0.0703639	0.404755	0.00449775	0.0101854	0.335928	50.821
28	0.0100885	0.0704341	0.419752	0.00449775	0.0101854	0.302846	47.8246
29	0.0102333	0.0717354	0.449225	0.00449775	0.0101854	0.25941	43.0041
30	0.0100885	0.0741625	0.460231	0.00749625	0.0101854	0.219776	36.9804
31	0.0100885	0.0786871	0.51235	0.0089955	0.0101854	0.214733	26.9796
32	0.0108806	0.0812018	0.577386	0.0104948	0.0101854	0.180056	20.8683
33	0.0106221	0.0850912	0.569618	0.0134933	0.0100806	0.163036	18.6603
34	0.0104401	0.0887439	0.569618	0.0149925	0.0101854	0.144521	13.8749
35	0.0106221	0.0985933	0.606726	0.0194903	0.0100806	0.127112	8.30914
36	0.0104401	0.103772	0.622311	0.0194903	0.0100806	0.119817	3.21758
37	0.0110074	0.113365	0.754456	0.0284858	0.0101804	0.100741	1.0136
38	0.0101136	0.129032	0.88978	0.0464768	0.0100806	0.091591	0.769733
39	0.0104401	0.164043	1.61114	0.077961	0.0100806	0.0869891	0.648312
40	0.010317	0.141307	0.979115	0.0494753	0.0101804	0.0858213	0.63072
41	0.0114296	0.12899	0.88978	0.035982	0.0100806	0.0834475	0.578124
42	0.0101636	0.125342	0.770971	0.0344828	0.0100806	0.0819653	0.535791
43	0.0108771	0.121569	0.781863	0.029985	0.0100806	0.0819522	0.535791
44	0.0101636	0.117316	0.677555	0.023988	0.0100806	0.0794305	0.502884
45	0.0108771	0.114153	0.657029	0.0194903	0.0101804	0.0825827	0.524111
46	0.0112844	0.110054	0.657029	0.011994	0.0101804	0.083272	0.521371
47	0.0111945	0.109335	0.657029	0.0149925	0.0100806	0.0828435	0.511092
48	0.0116271	0.108401	0.643636	0.0134933	0.010028	0.082304	0.511092
49	0.0127905	0.111738	0.698696	0.0149925	0.010028	0.0850105	0.611487
50	0.0127905	0.109693	0.698696	0.0149925	0.010028	0.0811733	0.524111
51	0.0127905	0.1101	0.698696	0.0164918	0.010028	0.0819093	0.521371
52	0.0124781	0.111392	0.695039	0.017991	0.010028	0.0822508	0.521371
53	0.0129037	0.112683	0.656428	0.0149925	0.010028	0.0842856	0.567615
54	0.0130319	0.118694	0.75448	0.017991	0.010028	0.0829367	0.521371
55	0.0108771	0.123659	0.695039	0.0254873	0.010028	0.0819677	0.521371
56	0.0109159	0.127113	0.75448	0.0314843	0.010028	0.0828578	0.524111
57	0.0108771	0.131571	0.911201	0.0449775	0.010028	0.0827802	0.538724
58	0.0108771	0.139006	1.00601	0.0509745	0.010028	0.0826555	0.538724
59	0.0173177	0.153556	2.02401	0.0674663	0.010028	0.0808521	0.521371
60	0.0129243	0.144739	1.40636	0.0614693	0.010028	0.0771529	0.481002
61	0.0108771	0.125034	0.884826	0.0434783	0.010028	0.0747168	0.458786
62	0.0112449	0.116139	0.888529	0.0404798	0.010028	0.0740072	0.444366
63	0.0106658	0.103463	0.573878	0.0254873	0.010028	0.0709848	0.413973
64	0.0117576	0.0986321	0.598231	0.017991	0.010028	0.0705462	0.405127
65	0.0116861	0.0947203	0.562417	0.0149925	0.010028	0.0684338	0.382834
66	0.0116861	0.0899573	0.562417	0.0089955	0.010028	0.0681167	0.378917
67	0.0101533	0.088013	0.464314	0.0104948	0.010028	0.0693933	0.383944
68	0.0101533	0.0864396	0.464314	0.011994	0.010028	0.0720721	0.411535
69	0.0106658	0.0827688	0.472984	0.011994	0.010028	0.0729306	0.419984
70	0.0111265	0.0795608	0.462045	0.0089955	0.0100532	0.0719387	0.411535
71	0.0111265	0.0782963	0.462045	0.00749625	0.0100532	0.0714445	0.440915
72	0.0101363	0.0739056	0.373202	0.0029985	0.0100532	0.0736607	0.460552
73	0.0101363	0.0727027	0.372672	0.00149925	0.0100532	0.0750813	0.470806
74	0.0101363	0.0709859	0.350933	0	0.0100532	0.0815472	0.592286
75	0.0101363	0.0702882	0.350933	0.00149925	0.0100532	0.0940436	3.09724
76	0.0101363	0.0696913	0.350933	0.00449775	0.0100532	0.108574	6.12729
77	0.0101363	0.0692599	0.347318	0.005997	0.0100532	0.121886	11.875
78	0.0101363	0.0676083	0.350933	0.005997	0.010124	0.127184	14.7101
79	0.0101363	0.0667861	0.372672	0.00449775	0.0100532	0.136358	14.6474
80	0.0101363	0.0642067	0.347318	0.0029985	0.0100532	0.142765	14.9388
81	0.0101363	0.0641012	0.347318	0.0029985	0.0100532	0.148304	18.5533
82	0.0101363	0.0654299	0.375327	0.00449775	0.0100532	0.152902	15.5502
83	0.0101363	0.0648002	0.375327	0.00449775	0.0100532	0.153252	14.0732
84	0.0101363	0.064109	0.350933	0.0029985	0.0100532	0.154644	14.4674
85	0.0111134	0.0655462	0.419524	0.00749625	0.0100532	0.163941	14.6474
86	0.0111134	0.063959	0.419524	0.00149925	0.0100806	0.169807	14.6474
87	0.0101363	0.0628744	0.372672	0.00149925	0.0100532	0.164233	14.4674
88	0.0101363	0.0637464	0.375327	0.0029985	0.0100532	0.164537	14.6298
89	0.0110766	0.0644015	0.419524	0.00449775	0.0100532	0.1721	17.5015
90	0.0101363	0.0653856	0.393869	0.00449775	0.0100532	0.178119	19.245
91	0.0101363	0.0656061	0.398265	0.0029985	0.0100532	0.177885	19.245
92	0.010639	0.0665703	0.419524	0.00449775	0.0100532	0.17853	14.9388
93	0.0111134	0.0674583	0.439817	0.00449775	0.0100532	0.182905	14.9388
94	0.0101677	0.0712293	0.440208	0.0089955	0.0100532	0.186582	14.9388
95	0.0101444	0.0749762	0.484802	0.0104948	0.0100806	0.196608	19.8532
96	0.0101677	0.0736048	0.440208	0.005997	0.0100806	0.197949	19.3084
97	0.0101444	0.0785571	0.515039	0.0104948	0.0100806	0.189949	14.9388
98	0.0111134	0.0815249	0.653026	0.0134933	0.0100806	0.182612	13.3613
99	0.0111134	0.0841859	0.660856	0.0149925	0.0100806	0.173076	9.5657
100	0.0101677	0.0894075	0.660856	0.0224888	0.0100806	0.17568	8.61358
101	0.0100552	0.0962231	0.764793	0.029985	0.0101563	0.166845	7.43269
102	0.0100552	0.100448	0.818248	0.0314843	0.0100806	0.166472	8.09358
103	0.0111134	0.108294	0.995455	0.0404798	0.0100806	0.161656	12.0651
104	0.0111518	0.119398	1.17652	0.0584708	0.0100806	0.151765	7.86645
105	0.012256	0.142322	1.71931	0.083958	0.0100806	0.136497	2.49076
106	0.012256	0.172333	1.92609	0.118441	0.0100806	0.14156	2.61504
107	0.0158788	0.221839	3.42532	0.164918	0.0100806	0.120245	1.29175
108	0.0237377	0.37251	5.56897	0.274363	0.0100806	0.137786	2.43744
109	0.0237377	0.366247	5.54124	0.274363
