		omega		Posterior		rho				Synonymous theta			kappa			phi	
Site	Lower	Point	Higher	prob of +ve	Lower	Point	Higher		Lower	Point	Higher	Lower	Point	Higher	Lower	Point	Higher
	95% HPD	estimate	95% HPD	selection	95% HPD	estimate	95% HPD		95% HPD	estimate	95% HPD	95% HPD	estimate	95% HPD	95% HPD	estimate	95% HPD
0	0.0155907	0.1526	3.21932	0.157421	0.0101915	0.33577	43.346		0.0406128	0.0509351	0.0616278	2.16108	3.48743	5.30788	0	0	0
1	0.0155907	0.194021	3.21932	0.190405	0.0101915	0.339113	43.346
2	0.0102278	0.112014	1.5903	0.0884558	0.0104437	0.388217	50.4017
3	0.0100257	0.0777581	0.864929	0.0314843	0.0104437	0.41023	50.4017
4	0.0100257	0.0675539	0.693642	0.0284858	0.0104437	0.496616	50.4017
5	0.0100257	0.0628411	0.598822	0.017991	0.0104437	0.661023	52.0356
6	0.0100257	0.0591445	0.560091	0.0134933	0.0104671	0.773795	54.1108
7	0.0100257	0.0557135	0.525131	0.00149925	0.0108068	0.904318	54.1108
8	0.0100807	0.0523744	0.460819	0	0.0108068	0.964799	53.9608
9	0.0100257	0.0481412	0.361218	0	0.0108068	1.01104	53.9608
10	0.0100257	0.047276	0.353587	0	0.0108068	0.821725	53.9608
11	0.0100257	0.0454611	0.307113	0	0.0108068	0.719181	53.9608
12	0.0100257	0.0419564	0.253086	0	0.0108068	0.703347	57.5993
13	0.0100257	0.0393009	0.223986	0	0.0108068	0.901154	59.9579
14	0.0100257	0.0379034	0.200644	0	0.0109089	0.977341	60.2567
15	0.0100257	0.0387554	0.223986	0	0.0110774	0.961455	60.2567
16	0.0100807	0.0375197	0.204099	0	0.0128056	0.964537	72.2324
17	0.0100257	0.0364156	0.186332	0	0.0212111	1.02912	99.5596
18	0.0100257	0.0366297	0.188208	0	0.016435	1.028	73.5929
19	0.0100807	0.0368847	0.204099	0	0.0211912	0.944188	99.0079
20	0.0100257	0.0349771	0.14461	0	0.0211912	0.94847	99.3704
21	0.0100257	0.034453	0.143702	0	0.0211912	1.12698	93.2246
22	0.0100257	0.0337489	0.141725	0	0.019059	1.24046	77.8258
23	0.0100257	0.0342435	0.15539	0.0029985	0.019059	1.46314	77.8258
24	0.0100257	0.0337787	0.141725	0	0.0204333	1.76769	66.5457
25	0.0100257	0.0339313	0.139827	0.0029985	0.0274172	2.10841	99.5596
26	0.0100257	0.0340902	0.141725	0	0.0211912	2.13157	92.3142
27	0.0100257	0.0343019	0.141725	0	0.020411	2.42316	84.4212
28	0.0100257	0.0343571	0.141725	0	0.0211912	2.76107	92.3142
29	0.010288	0.0335335	0.134718	0	0.0210606	3.16149	92.3142
30	0.0101569	0.033093	0.134434	0	0.0210606	3.66431	93.2246
31	0.010102	0.0331796	0.139827	0	0.0210011	3.80984	93.2246
32	0.010102	0.0318522	0.125838	0	0.0210011	4.08342	93.2246
33	0.0101569	0.0317325	0.134434	0	0.0210011	4.50649	93.2246
34	0.010102	0.031292	0.134718	0	0.0210011	4.76852	93.2246
35	0.010035	0.0310595	0.130505	0	0.0210011	4.50313	92.3142
36	0.010035	0.030817	0.125838	0	0.0210011	4.00068	92.3142
37	0.0101569	0.0312133	0.134718	0	0.0210606	3.48523	92.3142
38	0.010035	0.0310195	0.130505	0	0.020411	3.22796	98.6745
39	0.010035	0.0303542	0.124217	0	0.0194647	3.48469	99.3704
40	0.010035	0.0303514	0.121951	0	0.021054	4.20421	92.3142
41	0.010102	0.0300806	0.118498	0	0.0212111	4.56646	92.3142
42	0.010102	0.0296516	0.117836	0	0.0261214	4.50205	98.6745
43	0.010102	0.0298968	0.117836	0	0.0281812	4.51125	99.3704
44	0.010102	0.0297682	0.121951	0	0.025338	3.9035	99.3704
45	0.0100943	0.0295723	0.118498	0.00149925	0.0238986	4.08437	97.3055
46	0.0100943	0.029112	0.117836	0.00149925	0.0223701	3.77639	98.6745
47	0.010035	0.0287326	0.115883	0	0.0367473	4.36184	98.6745
48	0.010035	0.0284402	0.114086	0	0.0548957	4.74107	99.3704
49	0.010035	0.0283922	0.115883	0	0.0553419	4.61563	99.3704
50	0.0101569	0.0279796	0.114086	0	0.0447243	4.02797	97.3055
51	0.010035	0.0281168	0.114086	0	0.0407384	3.75265	99.3704
52	0.0103228	0.0280268	0.118503	0	0.0347984	2.89602	99.3704
53	0.010102	0.0278492	0.114086	0	0.0289784	2.08495	99.3704
54	0.0104883	0.0281754	0.118498	0	0.0172622	1.60089	92.3142
55	0.0104883	0.0280998	0.118503	0.00149925	0.0170678	1.23846	92.3142
56	0.0104212	0.0279845	0.118298	0.00149925	0.0170678	0.942606	92.3142
57	0.0101569	0.0282187	0.114678	0.00149925	0.0174337	0.818301	92.3142
58	0.0101569	0.0291946	0.118503	0.00149925	0.0174337	0.708331	92.3142
59	0.010102	0.0293499	0.118503	0.00149925	0.0151984	0.686637	84.7488
60	0.010102	0.0304741	0.134239	0.0089955	0.0144036	0.668809	83.6307
61	0.010102	0.0299782	0.125838	0.0029985	0.0142384	0.657221	84.7488
62	0.0102292	0.0299998	0.125838	0.0029985	0.0138254	0.63513	84.7488
63	0.0102292	0.029997	0.125838	0.00149925	0.0142384	0.596259	84.7488
64	0.010035	0.0301862	0.118503	0.0029985	0.0135157	0.612569	83.6307
65	0.0100869	0.0296579	0.118498	0.00149925	0.0142384	0.669158	92.3867
66	0.0100869	0.0297506	0.118503	0.00149925	0.0133917	0.680889	84.7488
67	0.0100869	0.0296322	0.118298	0	0.0135157	0.623178	83.6307
68	0.010035	0.0293054	0.114678	0	0.0106573	0.555213	60.2934
69	0.0100869	0.0291641	0.114678	0	0.0106573	0.555849	58.3969
70	0.0100869	0.0293349	0.118298	0	0.010569	0.538187	56.6717
71	0.010035	0.0296381	0.118498	0	0.010569	0.524566	58.3969
72	0.010035	0.0297503	0.120266	0	0.010569	0.47747	60.2934
73	0.010035	0.0296623	0.118498	0	0.0106573	0.467986	56.6717
74	0.010035	0.0295847	0.118498	0	0.010569	0.481955	60.2934
75	0.010035	0.0299339	0.118498	0.005997	0.0135157	0.503127	77.8454
76	0.010035	0.0306586	0.122712	0.00749625	0.0142384	0.505316	83.7063
77	0.0100869	0.0298194	0.118498	0	0.0135157	0.525321	77.8454
78	0.0100869	0.0307884	0.12561	0.00149925	0.0142384	0.539264	82.4418
79	0.010035	0.0311667	0.125838	0.00149925	0.0135232	0.508555	77.8454
80	0.0100869	0.0310275	0.12561	0.00149925	0.0176901	0.546319	88.6629
81	0.0100869	0.0308836	0.125838	0.00149925	0.0176901	0.585726	82.4418
82	0.010035	0.0311145	0.120266	0.00449775	0.0178069	0.540651	82.4418
83	0.010035	0.0301969	0.114678	0.00149925	0.0217466	0.52369	83.7063
84	0.010035	0.0302779	0.114678	0.00149925	0.0199036	0.435887	82.4418
85	0.010035	0.0308666	0.118498	0.00149925	0.0120819	0.323899	49.7528
86	0.010035	0.0307723	0.118498	0.00149925	0.0108319	0.294606	40.5803
87	0.010035	0.0309993	0.117836	0.00149925	0.0120264	0.220703	34.7349
88	0.0100869	0.0315248	0.125838	0	0.0108319	0.171074	8.38972
89	0.010035	0.0322189	0.134239	0	0.0108319	0.140422	5.58454
90	0.010035	0.0326903	0.125838	0.005997	0.0108319	0.125707	3.73623
91	0.010035	0.0315208	0.117836	0	0.0104686	0.111452	3.49362
92	0.010035	0.0325438	0.125838	0.0029985	0.0104686	0.1039	3.11193
93	0.0100869	0.0330221	0.133787	0	0.0104686	0.105153	2.09519
94	0.0100869	0.0330977	0.134239	0	0.0108319	0.102966	0.619919
95	0.010035	0.0336854	0.139806	0	0.0108319	0.0978717	0.532192
96	0.010035	0.032973	0.131266	0	0.0114994	0.088617	0.39468
97	0.010035	0.032517	0.127495	0	0.0114994	0.0904497	0.482405
98	0.0100869	0.0322585	0.120398	0	0.0114994	0.0944902	0.616046
99	0.010035	0.0322828	0.118498	0	0.0108738	0.0928359	0.619919
100	0.0100869	0.0320768	0.118498	0	0.0103613	0.0939869	0.616046
101	0.0101882	0.0321344	0.120398	0	0.0103613	0.0898131	0.529794
102	0.0100869	0.0326207	0.120398	0	0.0103613	0.0912941	0.529794
103	0.010035	0.0328022	0.126173	0	0.0103613	0.099257	0.943158
104	0.0101414	0.0331452	0.129051	0	0.0120264	0.104324	1.06665
105	0.010035	0.0333771	0.129051	0	0.0124051	0.108937	1.06665
106	0.010035	0.0340859	0.142596	0	0.0103613	0.116577	1.3803
107	0.010035	0.0352267	0.158112	0	0.0103613	0.115959	1.06665
108	0.010035	0.035114	0.177652	0	0.01202	0.113737	1.22515
109	0.010035	0.0353867	0.181026	0	0.01202	0.110877	1.06665
110	0.0101414	0.0362105	0.212007	0	0.0120264	0.116005	1.22515
111	0.0101414	0.0362796	0.207982	0	0.0103613	0.127638	1.69392
112	0.0101414	0.0367085	0.212007	0	0.010955	0.144581	2.7849
113	0.0101414	0.0373062	0.216011	0	0.01202	0.148751	2.1445
114	0.0103112	0.0378952	0.220331	0	0.01202	0.163176	3.27575
115	0.0103112	0.0387336	0.243647	0	0.0174416	0.176804	8.12391
116	0.0103511	0.0391937	0.253616	0.0029985	0.0119482	0.175726	5.54242
117	0.0104558	0.0392547	0.258971	0.0029985	0.0119482	0.176389	5.16259
118	0.0101414	0.0406291	0.264395	0.00449775	0.0119482	0.181611	5.16259
119	0.0103511	0.0409036	0.288099	0.00149925	0.0235694	0.208791	9.92128
120	0.0100384	0.0446098	0.357672	0.00749625	0.0174262	0.209417	8.00015
121	0.0100384	0.0491351	0.414187	0.0134933	0.0168002	0.205925	7.27828
122	0.010035	0.0591371	0.640708	0.023988	0.0175817	0.196166	6.8241
123	0.010035	0.0766413	0.977648	0.0494753	0.0174262	0.195565	5.00913
124	0.010035	0.0665115	0.829691	0.0329835	0.015101	0.18916	4.37632
125	0.0100384	0.0558312	0.567619	0.0194903	0.015101	0.174896	3.35425
126	0.0100384	0.0515424	0.45409	0.0134933	0.0101581	0.161567	2.81102
127	0.010035	0.0462992	0.355965	0.00449775	0.0101581	0.171196	4.37632
128	0.010035	0.0434977	0.307062	0.00149925	0.0101581	0.187409	7.38875
129	0.010035	0.0420827	0.291968	0.00149925	0.0101581	0.224572	11.8126
130	0.010035	0.0409831	0.261594	0.00149925	0.015101	0.2764	49.8337
131	0.0100384	0.0403648	0.268888	0	0.015101	0.275906	49.8337
132	0.010035	0.0388536	0.249213	0	0.015101	0.270185	49.8337
133	0.010035	0.0367401	0.206018	0	0.015101	0.263793	49.8337
134	0.010035	0.0367559	0.203573	0	0.015101	0.262082	51.9823
135	0.0100384	0.0360134	0.188435	0	0.015101	0.263519	51.9823
136	0.010035	0.0359614	0.188435	0	0.0146814	0.263747	49.8337
137	0.010035	0.0359163	0.189823	0	0.015101	0.254798	46.4832
138	0.010035	0.0357318	0.19021	0	0.0136757	0.240991	37.1805
139	0.010035	0.0347367	0.166699	0	0.015101	0.243379	42.661
140	0.010035	0.0335679	0.161266	0	0.0111258	0.224991	24.9795
141	0.010035	0.0324317	0.142596	0	0.0111258	0.220913	23.6633
142	0.0100384	0.0323375	0.142596	0	0.0114029	0.219513	23.6633
143	0.010035	0.0327429	0.142569	0	0.0111258	0.211443	14.0372
144	0.010035	0.032816	0.142998	0	0.0114029	0.190135	11.087
145	0.0100306	0.032143	0.142998	0	0.0111258	0.183829	9.22362
146	0.0100306	0.0317589	0.142998	0	0.0114029	0.193456	12.8032
147	0.0100306	0.0311353	0.139163	0.00149925	0.0100708	0.203609	23.1239
148	0.0100306	0.030395	0.124683	0	0.0128935	0.210254	37.7365
149	0.0100306	0.0302589	0.125153	0	0.0117957	0.216238	37.7365
150	0.0100306	0.0301263	0.124683	0	0.0128935	0.216059	37.7365
151	0.0100306	0.0302978	0.124683	0	0.011839	0.200672	36.1924
152	0.0100306	0.0302434	0.124683	0	0.011839	0.210521	33.8461
153	0.0100306	0.0299163	0.123414	0	0.0140235	0.204805	33.8461
154	0.0101379	0.0300177	0.124683	0	0.0100708	0.197695	8.326
155	0.0101379	0.030875	0.133681	0.00149925	0.0100708	0.195309	8.326
156	0.0100306	0.0313189	0.133681	0.0029985	0.0138555	0.198722	13.7392
157	0.0100306	0.0304089	0.129412	0.0029985	0.0138555	0.198224	13.7392
158	0.0100306	0.0295019	0.119457	0.00149925	0.0138555	0.20573	13.76
159	0.0100306	0.0293345	0.115022	0	0.0140235	0.18999	13.76
160	0.0101379	0.0291378	0.108114	0	0.0132946	0.197999	13.76
161	0.0101379	0.02923	0.108114	0	0.0100708	0.178882	9.77744
162	0.0100306	0.0293745	0.112983	0	0.0104655	0.18028	7.49068
163	0.0100306	0.0298828	0.123102	0	0.0104655	0.181285	7.49068
164	0.0101379	0.0301669	0.129412	0	0.0138555	0.185579	13.76
165	0.0100306	0.0311847	0.13843	0	0.0108086	0.181704	13.76
166	0.0100306	0.0311311	0.13843	0	0.0104655	0.169807	5.46645
167	0.0100306	0.0315783	0.141533	0	0.0108086	0.158108	4.0576
168	0.0100306	0.0318493	0.152291	0.00149925	0.0103141	0.146866	3.34024
169	0.0101379	0.0317547	0.141533	0.00149925	0.0108086	0.145296	4.13836
170	0.0100306	0.0315905	0.133681	0.00149925	0.0106351	0.138983	4.0576
171	0.0100306	0.0316072	0.13843	0	0.0106351	0.136379	4.0576
172	0.0100306	0.0313836	0.13843	0	0.0103141	0.131892	3.61662
173	0.0100306	0.0317142	0.147253	0	0.0111584	0.129637	4.13836
174	0.0100306	0.03235	0.164333	0	0.0111584	0.133301	4.13836
175	0.0100645	0.0324435	0.166023	0	0.0103141	0.139449	7.30721
176	0.0100306	0.0330514	0.171485	0	0.0103141	0.152678	16.0544
177	0.0100306	0.0341423	0.183485	0	0.0103141	0.133775	4.13836
178	0.0101379	0.035238	0.218433	0.00749625	0.0111584	0.116196	2.60423
179	0.0101379	0.0344107	0.198497	0.00149925	0.0111367	0.0957339	0.993015
180	0.0100306	0.0352752	0.218433	0	0.0103141	0.0905598	0.865246
181	0.0100306	0.0349803	0.22551	0	0.0100989	0.0860425	0.668724
182	0.0101379	0.0361176	0.248699	0.00149925	0.0103141	0.0871301	0.771552
183	0.0101379	0.0364919	0.254644	0	0.0100989	0.0868435	0.668724
184	0.0101784	0.0362957	0.248699	0	0.0103141	0.0829617	0.587178
185	0.0101379	0.0375896	0.255302	0	0.0103141	0.0822456	0.587178
186	0.0100306	0.0381962	0.271166	0.0029985	0.0100989	0.078326	0.534377
187	0.0101379	0.0388643	0.271166	0.0029985	0.0109281	0.0735569	0.518937
188	0.0100306	0.0393278	0.271166	0.0029985	0.0111367	0.0694463	0.479447
189	0.0102492	0.0397132	0.271166	0	0.0106116	0.0660717	0.436263
190	0.0102492	0.0403043	0.271166	0	0.0111367	0.0648303	0.470995
191	0.0102492	0.0410167	0.280775	0	0.0100989	0.0631259	0.408892
192	0.0100306	0.0414976	0.280775	0	0.0103141	0.0600644	0.373426
193	0.0103527	0.0419121	0.299225	0	0.0105347	0.0582743	0.351461
194	0.0100306	0.0427353	0.299225	0	0.0105347	0.0562326	0.320646
195	0.0103527	0.0442736	0.320871	0	0.0105347	0.0553057	0.321578
196	0.0100306	0.0456695	0.320871	0.00149925	0.0105347	0.0555866	0.307822
197	0.0102492	0.0477777	0.369927	0.00749625	0.0105347	0.0540291	0.299429
198	0.0101784	0.04999	0.416656	0.0089955	0.0105347	0.0544192	0.318336
199	0.0100306	0.0530533	0.448479	0.0149925	0.0105347	0.0540017	0.321578
200	0.010522	0.0583343	0.507208	0.0224888	0.0105347	0.0539967	0.322846
201	0.0100306	0.0723925	0.923421	0.0494753	0.0105347	0.0518358	0.322846
202	0.0105826	0.0560461	0.497285	0.0149925	0.0102913	0.0500318	0.299068
203	0.0103527	0.0515496	0.47627	0.0134933	0.0105347	0.0492931	0.299068
204	0.010522	0.0485271	0.444057	0.011994	0.0105347	0.0477224	0.242131
205	0.0100306	0.0446065	0.320871	0.00749625	0.0105347	0.044951	0.190238
206	0.010522	0.0431694	0.299225	0.00449775	0.0105347	0.0444931	0.184926
207	0.0100306	0.0403936	0.284917	0.00449775	0.0106116	0.0441894	0.184926
208	0.010522	0.0394138	0.284917	0.00449775	0.0105347	0.0442615	0.184926
209	0.0104501	0.037623	0.25919	0.00449775	0.0107497	0.0424212	0.181932
210	0.0100306	0.0359124	0.209716	0.005997	0.0107497	0.0428006	0.181301
211	0.0103548	0.0341414	0.188	0.00449775	0.0107497	0.0432585	0.181932
212	0.0103548	0.0331972	0.1797	0.0029985	0.0105347	0.0441386	0.184926
213	0.0100306	0.0326571	0.166023	0.0029985	0.0105347	0.04483	0.210374
214	0.0100306	0.0317547	0.154268	0.0029985	0.0105347	0.0456008	0.307822
215	0.0100306	0.0317377	0.154268	0.0029985	0.0105347	0.0451392	0.307822
216	0.0103548	0.0320911	0.161266	0.0029985	0.010194	0.042323	0.210374
217	0.0103548	0.0316525	0.161266	0.0029985	0.0105347	0.0410498	0.209468
218	0.0103548	0.0310089	0.150332	0.0029985	0.0105347	0.040324	0.184926
219	0.0103587	0.0314432	0.154268	0.0029985	0.010194	0.0401347	0.184926
220	0.0103587	0.0313255	0.154268	0.0029985	0.0105278	0.0397414	0.184926
221	0.0105826	0.0310042	0.151864	0.0029985	0.0104564	0.0396983	0.181932
222	0.0105826	0.0311602	0.152777	0.0029985	0.0105347	0.0391363	0.181932
223	0.0106299	0.0304146	0.146076	0.00149925	0.0105347	0.0391333	0.181932
224	0.0106112	0.0305399	0.147326	0	0.0105278	0.0393721	0.179364
225	0.0105826	0.0304095	0.147326	0	0.0100502	0.0385466	0.166497
226	0.0106112	0.02984	0.150332	0	0.0105278	0.0376147	0.153329
227	0.0106112	0.0296189	0.150332	0	0.0105278	0.0376247	0.153329
228	0.0101948	0.0311992	0.154715	0.0089955	0.0104564	0.0374382	0.154206
229	0.0105826	0.0298068	0.154715	0.0029985	0.0105278	0.0375341	0.161351
230	0.0103548	0.0288839	0.146951	0.00149925	0.0104564	0.0367431	0.161351
231	0.0105826	0.0293019	0.154715	0.00149925	0.0104564	0.0365354	0.155249
232	0.0103548	0.0295725	0.154715	0	0.0105278	0.0363508	0.155249
233	0.0100306	0.0295722	0.147326	0	0.0105574	0.0361759	0.155249
234	0.0100306	0.0284623	0.139106	0	0.0105278	0.0364672	0.155249
235	0.0100295	0.0285082	0.141419	0	0.0104564	0.0364697	0.158178
236	0.0100295	0.0276554	0.138246	0	0.0100234	0.0371151	0.158178
237	0.0101948	0.0272655	0.138246	0	0.0104564	0.0360224	0.158178
238	0.0101948	0.0270333	0.136935	0	0.0100234	0.0372167	0.168016
239	0.0100295	0.0273246	0.141419	0	0.0104564	0.0368846	0.160484
240	0.0101948	0.027157	0.152777	0	0.0104564	0.0373815	0.155249
241	0.0100295	0.0267017	0.135342	0	0.0100234	0.0370874	0.145727
242	0.0100295	0.0260781	0.114077	0	0.0105574	0.0367391	0.149724
243	0.0100306	0.0253852	0.105414	0	0.0100234	0.0361894	0.136207
244	0.0100295	0.0250706	0.0923501	0	0.0100234	0.0364242	0.130592
245	0.0100306	0.0250387	0.090492	0	0.0100234	0.0364452	0.130592
246	0.0100689	0.0249133	0.101042	0	0.0100234	0.0358421	0.118271
247	0.0100689	0.0244977	0.090492	0	0.0100234	0.035968	0.11666
248	0.0100295	0.0242701	0.0887887	0	0.0100502	0.0362991	0.120736
249	0.0100306	0.0238843	0.0871857	0	0.0100502	0.0360991	0.11666
250	0.0100295	0.0237638	0.0871857	0	0.0100502	0.035892	0.116516
251	0.0100295	0.0232875	0.0830107	0	0.0100234	0.0359441	0.116258
252	0.0100689	0.0233481	0.0815167	0	0.0100234	0.0364046	0.11666
253	0.0100689	0.0233658	0.0815167	0	0.0100234	0.0368262	0.121529
254	0.0100689	0.0236197	0.0815167	0.0029985	0.0100234	0.0371339	0.121529
255	0.0100295	0.0233852	0.0769187	0.00149925	0.0100234	0.0375667	0.121529
256	0.0101111	0.0234034	0.0815167	0.00149925	0.0100234	0.0369885	0.11666
257	0.0100295	0.0230943	0.0717021	0.0029985	0.01062	0.036687	0.120736
258	0.0100295	0.023162	0.0720067	0.0029985	0.010426	0.036467	0.11666
259	0.0100295	0.0235066	0.0761294	0.00749625	0.01062	0.0365385	0.120736
260	0.0100295	0.0234625	0.0752652	0.00749625	0.01062	0.0368903	0.11666
261	0.0100295	0.0234489	0.0761294	0.00749625	0.01062	0.0372745	0.11666
262	0.0101111	0.0236599	0.0815167	0.00749625	0.010426	0.0372447	0.116258
263	0.0100295	0.0234812	0.0752652	0.00749625	0.010054	0.0383186	0.120736
264	0.0100295	0.023285	0.0720067	0.00749625	0.010426	0.037314	0.121529
265	0.0100295	0.0233919	0.0720067	0.00749625	0.010426	0.0373438	0.130592
266	0.0101111	0.0227055	0.0717021	0	0.010054	0.0370036	0.121529
267	0.0101111	0.0225928	0.0717021	0	0.010054	0.0367759	0.121529
268	0.0100295	0.0228628	0.0758026	0	0.0102994	0.0363584	0.121529
269	0.0100306	0.0233603	0.0815167	0	0.010054	0.0366402	0.122611
270	0.0100295	0.0233066	0.0806241	0	0.0102994	0.0358589	0.122611
271	0.0100306	0.0234711	0.0815167	0	0.010054	0.0367262	0.122611
272	0.0100295	0.0238564	0.0858519	0	0.010054	0.0367545	0.127814
273	0.0100983	0.0243178	0.0972039	0	0.010054	0.0367903	0.127814
274	0.0100295	0.024277	0.0949536	0	0.01062	0.0370586	0.136255
275	0.0100983	0.0245237	0.0972039	0.00449775	0.0107398	0.0375193	0.135132
276	0.0100295	0.0243391	0.0900907	0.00449775	0.0107398	0.0376882	0.135132
277	0.0100295	0.0236237	0.0798044	0	0.0103812	0.0382136	0.133766
278	0.0100983	0.0237363	0.0831142	0	0.0102994	0.0388028	0.133766
279	0.0100295	0.0241394	0.0858519	0	0.0103812	0.0384242	0.134446
280	0.0100983	0.0238242	0.0831142	0	0.0102994	0.0383979	0.136255
281	0.0100295	0.0236546	0.0798044	0	0.0102994	0.0389048	0.146551
282	0.0100295	0.0234697	0.0778862	0	0.0104232	0.0389921	0.154616
283	0.0100295	0.0232183	0.0743134	0	0.0104194	0.0387941	0.154616
284	0.0100295	0.0232682	0.0723309	0.0029985	0.0102994	0.040333	0.161385
285	0.0100295	0.0230255	0.0673452	0.00149925	0.0102994	0.0403951	0.169822
286	0.0100295	0.0232664	0.0730148	0.00149925	0.0102994	0.0409369	0.182773
287	0.0100295	0.023107	0.0673452	0	0.0102994	0.0444786	0.240807
288	0.0100295	0.0228962	0.0668531	0	0.0104194	0.0434917	0.234075
289	0.0100295	0.0230522	0.0673452	0	0.0104232	0.0455774	0.252006
290	0.0100983	0.023322	0.0743134	0	0.0104194	0.0465341	0.252006
291	0.0100295	0.0238119	0.0798044	0	0.0104194	0.0464687	0.252006
292	0.0100295	0.0244185	0.0972039	0	0.0100005	0.0476718	0.260654
293	0.0100295	0.0249019	0.113201	0	0.0100005	0.0517353	0.384015
294	0.0100983	0.0248666	0.113698	0	0.0100005	0.0506895	0.307014
295	0.0100295	0.0251931	0.115243	0	0.0100005	0.0498916	0.285579
296	0.0100295	0.0254583	0.119275	0	0.0100005	0.0504889	0.289872
297	0.0100983	0.0259212	0.121335	0	0.0100005	0.0523841	0.285579
298	0.0100295	0.026395	0.121335	0	0.0104194	0.051886	0.290822
299	0.0100295	0.0267886	0.127781	0	0.0105138	0.0530506	0.29213
300	0.0100295	0.026735	0.12658	0	0.0104194	0.0549573	0.301276
301	0.0100295	0.0271606	0.121335	0	0.0104194	0.0556893	0.332496
302	0.0100306	0.0271238	0.121015	0	0.0105138	0.0595675	0.384015
303	0.0100295	0.0273412	0.123965	0	0.0104194	0.06113	0.400359
304	0.0102166	0.028462	0.159055	0	0.0104194	0.0653381	0.472037
305	0.0100306	0.0290744	0.154131	0	0.010877	0.0689877	0.567982
306	0.0102166	0.0295057	0.159055	0	0.010276	0.0687101	0.5053
307	0.0100306	0.0303304	0.159055	0	0.0109465	0.07135	0.567982
308	0.010012	0.0303891	0.159055	0	0.010276	0.0731866	0.592354
309	0.010012	0.0304405	0.159055	0	0.0105138	0.0733652	0.562669
310	0.010012	0.0315199	0.178175	0.00149925	0.0105138	0.0739084	0.562669
311	0.010012	0.0316265	0.159055	0.00149925	0.0105138	0.0739818	0.562669
312	0.010012	0.0320037	0.163806	0	0.0105138	0.0742263	0.562669
313	0.010012	0.0325698	0.161195	0	0.0106644	0.0787833	0.562669
314	0.010012	0.033184	0.174487	0	0.0117415	0.0761831	0.523749
315	0.010012	0.0346981	0.203072	0	0.0117415	0.0757563	0.507982
316	0.0101111	0.0353401	0.212813	0	0.0117415	0.0759921	0.507982
317	0.0101111	0.0362993	0.212813	0	0.0120316	0.0762531	0.507982
318	0.0100314	0.03693	0.211273	0	0.0120316	0.0757084	0.475201
319	0.0100314	0.0372679	0.211273	0	0.0125971	0.0760822	0.523749
320	0.0100314	0.037784	0.211273	0	0.0120316	0.0735925	0.475201
321	0.010012	0.0396432	0.222671	0.00149925	0.0120937	0.0766854	0.523749
322	0.010012	0.0414751	0.251055	0.00149925	0.0120316	0.0758985	0.523749
323	0.0101111	0.0420312	0.252383	0.00149925	0.0106644	0.0754793	0.523749
324	0.010012	0.0437605	0.271021	0.00149925	0.0120655	0.0722686	0.523749
325	0.0107724	0.0458108	0.2976	0.00449775	0.0120316	0.0738891	0.523749
326	0.0107724	0.0465176	0.2976	0.00449775	0.0120316	0.0826755	1.33373
327	0.0108334	0.0480263	0.2976	0.00449775	0.0106644	0.0864675	1.2682
328	0.0105842	0.0540563	0.387155	0.023988	0.0108884	0.0989564	1.67737
329	0.010012	0.0567785	0.508683	0.0314843	0.0127379	0.221204	53.954
330	0.0106874	0.0544023	0.387155	0.0269865	0.0160663	0.233613	87.6353
331	0.0104616	0.0504684	0.293721	0.017991	0.0160358	0.225698	87.6353
332	0.0108699	0.0463294	0.27683	0.00449775	0.0160663	0.227266	87.6353
333	0.0105622	0.0439669	0.251055	0	0.0145893	0.229388	87.6353
334	0.0106874	0.0419517	0.244617	0	0.0145893	0.230917	87.6353
335	0.0108334	0.0407697	0.249956	0	0.0160358	0.238311	93.1199
336	0.0105622	0.0399958	0.239412	0	0.0160358	0.243765	87.6353
337	0.0105622	0.0393015	0.226202	0	0.0160663	0.232737	87.6353
338	0.0105622	0.0387397	0.222145	0	0.0142188	0.18879	75.8821
339	0.010004	0.0385803	0.211273	0	0.0142293	0.164171	75.8821
340	0.010004	0.0380999	0.207925	0	0.0101615	0.143965	45.5655
341	0.010004	0.0384543	0.207925	0	0.0100427	0.109081	7.29079
342	0.0103077	0.038373	0.211273	0	0.0100427	0.0898528	2.20868
343	0.010004	0.0383836	0.191081	0	0.0100427	0.0781563	0.708478
344	0.0103077	0.0382086	0.191824	0	0.0110253	0.0732306	0.673558
345	0.0103077	0.03754	0.179323	0	0.0106644	0.0762914	0.649675
346	0.0107724	0.0373617	0.191824	0	0.0106714	0.0765337	0.649675
347	0.0103077	0.0372412	0.179323	0	0.0105254	0.0749917	0.617465
348	0.0106874	0.0371168	0.179323	0	0.0100427	0.0731388	0.617465
349	0.0107724	0.0368022	0.179323	0	0.0100427	0.0715867	0.645391
350	0.0100744	0.0367693	0.164116	0.00149925	0.0100427	0.0730145	0.708478
351	0.0105622	0.0364126	0.164116	0	0.0105119	0.0705348	0.521781
352	0.0103077	0.0357932	0.164116	0	0.0100427	0.0642017	0.389837
353	0.0104579	0.0348487	0.155386	0	0.0100427	0.0601389	0.285478
354	0.0103077	0.0352602	0.155869	0	0.0105119	0.0610911	0.306172
355	0.0103077	0.0352428	0.155869	0	0.0110253	0.0611857	0.311957
356	0.0101447	0.035236	0.155869	0	0.0110253	0.0627606	0.314897
357	0.0101447	0.0348751	0.155869	0	0.0105119	0.0609049	0.268504
358	0.0103077	0.0343619	0.155869	0	0.0105572	0.0605247	0.285478
359	0.0103077	0.0347759	0.155869	0	0.0110253	0.0611695	0.311957
360	0.0104579	0.0347129	0.155386	0	0.0111614	0.0624686	0.347862
361	0.0104579	0.0346883	0.155386	0	0.0110821	0.0623838	0.347862
362	0.0101447	0.0353492	0.155869	0.0029985	0.010615	0.0624884	0.347862
363	0.0103077	0.0350642	0.155869	0.0029985	0.010615	0.0623873	0.347862
364	0.0103077	0.0351269	0.155869	0.0029985	0.010615	0.0620536	0.347862
365	0.0101447	0.0352313	0.155869	0.0029985	0.0110763	0.0636292	0.347862
366	0.0100389	0.0354507	0.155869	0.0029985	0.0105572	0.0631251	0.311957
367	0.0100389	0.0362291	0.161161	0.0029985	0.0105572	0.0625698	0.311957
368	0.0103077	0.0361206	0.164116	0.0029985	0.0113175	0.0615898	0.311957
369	0.0100389	0.0363997	0.161161	0.0029985	0.0113175	0.0610583	0.306172
370	0.0100744	0.0358971	0.161161	0.0029985	0.0113175	0.0619207	0.300658
371	0.0100744	0.0357762	0.155869	0.00449775	0.0142223	0.0650626	0.341664
372	0.0100744	0.0356651	0.155869	0.00449775	0.0142223	0.0658413	0.341664
373	0.0102451	0.0354771	0.155869	0.0029985	0.0142188	0.0670376	0.341664
374	0.0100744	0.0359664	0.155869	0.00449775	0.0137001	0.0690072	0.341664
375	0.0100389	0.0368773	0.169179	0.00449775	0.0132131	0.0698563	0.341664
376	0.0100389	0.0364413	0.155869	0.0029985	0.0134584	0.0681206	0.311957
377	0.0101447	0.0359622	0.155869	0.00449775	0.0137001	0.0717017	0.341664
378	0.0100389	0.0368458	0.177341	0.00449775	0.0134584	0.0754608	0.341664
379	0.0100744	0.0372524	0.177341	0.00749625	0.0132131	0.07745	0.341664
380	0.0100389	0.0373401	0.169179	0.005997	0.0132131	0.080989	0.341664
381	0.0100389	0.0368294	0.161097	0.00149925	0.0132131	0.0820448	0.341664
382	0.0100389	0.0376465	0.168144	0.00149925	0.0132131	0.0817441	0.366348
383	0.0100389	0.0383422	0.169179	0.00149925	0.0132131	0.0786227	0.341664
384	0.0100389	0.0388922	0.169179	0.00149925	0.0132131	0.0758331	0.315136
385	0.0100389	0.0398724	0.173112	0.00149925	0.0116386	0.0752185	0.315136
386	0.0100744	0.040839	0.173112	0.00149925	0.0116386	0.0776005	0.366348
387	0.0100744	0.0410137	0.177341	0	0.0116386	0.0773717	0.315136
388	0.0100744	0.0403968	0.173112	0	0.0116386	0.0766855	0.328391
389	0.0100744	0.0397512	0.169179	0	0.0104012	0.0728818	0.289383
390	0.0100744	0.0404817	0.170412	0	0.0131196	0.0685306	0.315136
391	0.0100744	0.0412844	0.173112	0	0.0109273	0.0693085	0.2748
392	0.0100744	0.0420834	0.173112	0	0.0109273	0.0693457	0.284561
393	0.0101447	0.043049	0.180247	0	0.0109273	0.0686059	0.284561
394	0.0100744	0.0447592	0.183389	0	0.0109273	0.0689801	0.296124
395	0.0103198	0.0468275	0.203884	0	0.0104012	0.0704627	0.315136
396	0.0100744	0.0473812	0.203884	0	0.0109273	0.0704026	0.315136
397	0.0103198	0.0480287	0.211273	0	0.0103451	0.0714793	0.355602
398	0.0100744	0.0492186	0.21814	0	0.0109273	0.0731767	0.392139
399	0.0103198	0.0508285	0.261506	0	0.0109273	0.0742133	0.40601
400	0.0103198	0.0512738	0.261506	0	0.0109273	0.0777461	0.497602
401	0.0101447	0.0519474	0.261506	0	0.0109273	0.078565	0.508891
402	0.010326	0.0528102	0.288332	0	0.0109273	0.0755937	0.453074
403	0.010403	0.0544059	0.288332	0	0.0109273	0.0729391	0.431794
404	0.010403	0.0564675	0.319691	0.00149925	0.0109273	0.0667156	0.392139
405	0.010403	0.0594169	0.363807	0.00149925	0.0109273	0.0644013	0.386215
406	0.0100744	0.060516	0.375431	0.00749625	0.0109273	0.0608939	0.305578
407	0.0111355	0.0645885	0.472823	0.0149925	0.0106555	0.057199	0.269986
408	0.0111355	0.0649162	0.469593	0.0149925	0.0106555	0.0542373	0.209015
409	0.010403	0.0583144	0.380166	0.0089955	0.01063	0.0522966	0.203873
410	0.010403	0.0556336	0.319691	0.0089955	0.01063	0.048989	0.198882
411	0.0104579	0.0518948	0.288332	0.00749625	0.0109273	0.0464764	0.199711
412	0.010403	0.0491264	0.223976	0.005997	0.010297	0.0448408	0.182139
413	0.010403	0.0473124	0.194292	0	0.01063	0.0440195	0.181508
414	0.010403	0.0465238	0.194061	0	0.010088	0.0433703	0.170306
415	0.010403	0.0459162	0.194061	0	0.010088	0.0430699	0.165525
416	0.0100744	0.0457038	0.194292	0.00149925	0.010088	0.0423043	0.154037
417	0.0101447	0.0456065	0.194292	0.0029985	0.010088	0.0420863	0.152341
418	0.010403	0.0438402	0.194061	0	0.010088	0.0418239	0.154037
419	0.0104579	0.0434542	0.194292	0	0.010088	0.0413146	0.152341
420	0.010403	0.0425917	0.191456	0	0.010088	0.0427665	0.167324
421	0.010403	0.0426363	0.191456	0	0.0101063	0.0403273	0.144156
422	0.0102702	0.0439302	0.194292	0.0029985	0.0101063	0.0404147	0.144156
423	0.0104579	0.0436351	0.194292	0.00449775	0.010297	0.0408946	0.144156
424	0.0102702	0.0433753	0.183389	0.00449775	0.010297	0.0405721	0.144156
425	0.010403	0.0429497	0.183389	0.00449775	0.010088	0.0423406	0.170306
426	0.010403	0.043051	0.183389	0.00449775	0.010088	0.0424312	0.174559
427	0.0102702	0.0432238	0.183389	0.005997	0.010297	0.0410465	0.161921
428	0.010403	0.0428546	0.183389	0.005997	0.010088	0.0406175	0.161144
429	0.010403	0.0434585	0.181058	0.0029985	0.010088	0.0409806	0.170306
430	0.0108887	0.045118	0.194292	0.00149925	0.010297	0.0407416	0.177801
431	0.0109812	0.0461614	0.194465	0.00749625	0.010088	0.0409934	0.177801
432	0.0109812	0.0458715	0.191456	0.00449775	0.010088	0.040747	0.176465
433	0.0109812	0.0462511	0.194292	0	0.010088	0.0406331	0.177801
434	0.0109812	0.045095	0.19339	0	0.010088	0.04257	0.205044
435	0.0109812	0.0445363	0.191456	0	0.010088	0.0433276	0.206
436	0.0109812	0.0449192	0.191456	0	0.010088	0.0438782	0.206
437	0.0109812	0.0455912	0.19339	0	0.010088	0.0435274	0.205044
438	0.0109812	0.0452886	0.194292	0.00149925	0.010088	0.0431164	0.206
439	0.0111327	0.0471139	0.210428	0.00149925	0.010088	0.0439333	0.227127
440	0.0109812	0.0481659	0.210428	0.00149925	0.010088	0.0442868	0.233236
441	0.0109812	0.0483808	0.209216	0	0.010088	0.0444084	0.236025
442	0.0109812	0.0486248	0.209216	0	0.010088	0.0455338	0.25721
443	0.0107481	0.049865	0.232686	0.00449775	0.010088	0.0473974	0.281714
444	0.0109812	0.051221	0.266341	0.00449775	0.0101063	0.0486265	0.375764
445	0.0110333	0.0547152	0.305372	0.0134933	0.0101063	0.0526191	0.433827
446	0.0102115	0.0624642	0.575097	0.0344828	0.010088	0.0533186	0.38718
447	0.0107128	0.0792268	2.38196	0.0824588	0.0101063	0.0534886	0.38718
448	0.0109303	0.072465	1.4762	0.0629685	0.010088	0.0563929	0.433827
449	0.0109303	0.0651468	0.904958	0.0434783	0.0102034	0.0564022	0.476236
450	0.0100157	0.0589392	0.466614	0.0284858	0.0102034	0.0564562	0.490925
451	0.0100157	0.0559445	0.330703	0.0149925	0.0102034	0.0564011	0.476236
452	0.0100021	0.0543279	0.329222	0.0104948	0.010297	0.0540285	0.424738
453	0.0109768	0.0526021	0.330703	0.00749625	0.0102034	0.053881	0.424738
454	0.0107019	0.0491831	0.303337	0.00449775	0.010297	0.0535925	0.424738
455	0.0100021	0.0485583	0.275956	0.00449775	0.0104147	0.0536512	0.424738
456	0.0101733	0.046871	0.258493	0	0.0104311	0.0535575	0.424738
457	0.0101733	0.0464645	0.237889	0	0.0102034	0.0559427	0.490925
458	0.0100021	0.0468378	0.244781	0.00149925	0.010297	0.0593677	0.603042
459	0.0101733	0.0444808	0.224077	0	0.010297	0.0599897	0.623255
460	0.010156	0.0441202	0.224077	0	0.010297	0.0590107	0.623255
461	0.010156	0.0438947	0.221501	0	0.010297	0.0584486	0.623255
462	0.010156	0.0438422	0.210428	0	0.0102034	0.0621381	1.07543
463	0.010156	0.0436623	0.221501	0	0.0102034	0.0672761	2.32257
464	0.010156	0.0422496	0.208842	0	0.0102138	0.0690686	4.18067
465	0.010156	0.0411435	0.204805	0	0.0102034	0.0659438	1.56492
466	0.010156	0.0411902	0.208842	0.00149925	0.0102138	0.0644378	1.22146
467	0.0101733	0.0413425	0.210428	0.00149925	0.0102034	0.0662068	0.861705
468	0.0101733	0.0412862	0.222362	0.00149925	0.0102034	0.0685439	0.848949
469	0.0100937	0.0406192	0.214666	0.00149925	0.0102034	0.0696182	0.861705
470	0.0100937	0.0402429	0.210428	0.00149925	0.0102034	0.0699665	0.537406
471	0.0101733	0.0395215	0.208842	0.00149925	0.0102034	0.0717554	0.537406
472	0.0101734	0.0384404	0.208842	0	0.0102034	0.0713155	0.537406
473	0.0100937	0.0388187	0.208842	0	0.0105751	0.0718821	0.861705
474	0.0100937	0.03854	0.208842	0	0.010297	0.0736108	0.952399
475	0.010143	0.0367295	0.188024	0	0.010297	0.0760944	1.14163
476	0.010143	0.0365721	0.188024	0	0.010297	0.0803263	1.88078
477	0.0100937	0.0361909	0.180097	0	0.010297	0.0843582	2.82389
478	0.0100937	0.0365213	0.183314	0	0.010297	0.0875658	2.36951
479	0.010143	0.0366257	0.189757	0	0.010297	0.0882355	1.88078
480	0.010143	0.0360451	0.188024	0	0.0106264	0.0876076	1.88078
481	0.010143	0.035874	0.188024	0	0.0106264	0.0869621	1.76333
482	0.010143	0.0349849	0.182268	0	0.0106264	0.0869314	1.76333
483	0.0100937	0.0345101	0.164446	0	0.0106264	0.0874741	1.76333
484	0.0100354	0.0343635	0.167619	0	0.0106369	0.0862213	1.76333
485	0.0100354	0.0343605	0.167619	0	0.0106264	0.0864731	1.76333
486	0.0100354	0.0339869	0.164446	0	0.0101004	0.0879342	1.76248
487	0.0100354	0.0333411	0.162128	0	0.0101004	0.0876712	1.31818
488	0.0100354	0.0333433	0.158752	0	0.0101004	0.0880488	1.31818
489	0.010143	0.0334154	0.162128	0	0.0106369	0.0845373	1.17558
490	0.010143	0.0334447	0.158752	0	0.0106369	0.0853664	1.17558
491	0.010143	0.0331623	0.158752	0	0.0106264	0.0896598	1.76333
492	0.0100354	0.0335304	0.158752	0	0.0106264	0.0891318	1.76333
493	0.0100354	0.0344152	0.179016	0	0.0106264	0.0886114	0.979063
494	0.0100354	0.0343953	0.174948	0	0.0106264	0.0903706	0.938194
495	0.0100354	0.0345951	0.179016	0	0.0106968	0.081679	0.537406
496	0.0100354	0.0342785	0.180097	0.00149925	0.0106264	0.075361	0.371331
497	0.0100354	0.0341729	0.174948	0.00149925	0.0106264	0.0730128	0.344701
498	0.0100354	0.0338908	0.180097	0.00149925	0.0106369	0.0664223	0.257239
499	0.0100354	0.0335212	0.174948	0	0.0106264	0.0641681	0.233435
500	0.0100775	0.0337086	0.175609	0	0.0106264	0.0650326	0.255202
501	0.0100354	0.0336384	0.167049	0	0.0106264	0.0655703	0.255202
502	0.0100354	0.034105	0.170563	0	0.0106264	0.0654116	0.233435
503	0.010143	0.0355411	0.188389	0	0.0106264	0.0657193	0.255202
504	0.0100354	0.0354277	0.182268	0	0.0106264	0.0683079	0.294598
505	0.0100354	0.0360216	0.186318	0.0029985	0.0117302	0.0725168	0.370347
506	0.0100775	0.0350917	0.182325	0	0.0106264	0.0766621	0.366426
507	0.0100354	0.0344774	0.170563	0	0.0117302	0.0797116	0.442681
508	0.0100049	0.0336777	0.161496	0.0029985	0.0111719	0.0807413	0.442681
509	0.0100049	0.0329701	0.159552	0.0029985	0.0111719	0.08259	0.442681
510	0.0100049	0.032541	0.158752	0.0029985	0.0102933	0.0883568	0.486818
511	0.0100049	0.0328129	0.158872	0.00449775	0.0106264	0.086927	0.456295
512	0.0100049	0.0320757	0.158752	0.0029985	0.0102933	0.0891144	0.490763
513	0.0100049	0.0317911	0.149121	0.0029985	0.0101328	0.0903032	0.557082
514	0.0100049	0.0321061	0.149121	0.0029985	0.0117302	0.0936749	0.738201
515	0.0100049	0.0312827	0.148587	0	0.0108322	0.0932985	0.687841
516	0.0100049	0.0315239	0.158872	0	0.0108322	0.0928188	0.687841
517	0.0100049	0.0314616	0.157754	0	0.0108265	0.0900957	0.687841
518	0.0100049	0.0318115	0.158872	0.0029985	0.0123423	0.0920823	0.738201
519	0.0100049	0.0313045	0.154326	0.0089955	0.0104597	0.0899111	0.571174
520	0.0100354	0.0307605	0.148587	0	0.0104597	0.0891908	0.628301
521	0.0100049	0.0308973	0.148587	0	0.0123423	0.0887968	0.738201
522	0.0100354	0.031532	0.160375	0	0.0104597	0.0848108	0.576412
523	0.0100354	0.0319241	0.160375	0	0.0103267	0.074964	0.442681
524	0.0100049	0.0316305	0.154326	0	0.0104597	0.0694192	0.442681
525	0.0100049	0.0324899	0.160375	0.0029985	0.0103267	0.0670189	0.354262
526	0.0100049	0.0320011	0.154326	0	0.0103267	0.0669202	0.354262
527	0.0100049	0.0317177	0.148587	0	0.0103267	0.0653603	0.3153
528	0.0100049	0.0315426	0.154226	0	0.0103267	0.0623395	0.3153
529	0.0100049	0.0317284	0.154326	0.00149925	0.0103267	0.0610798	0.500834
530	0.0100049	0.0323228	0.158872	0.00449775	0.0103267	0.0596507	0.500834
531	0.0101733	0.0323566	0.160375	0.00149925	0.0103267	0.0536897	0.277203
532	0.0100049	0.0320209	0.148587	0	0.0100938	0.049843	0.258585
533	0.0100049	0.0320262	0.148587	0	0.0103139	0.0473944	0.258585
534	0.0100775	0.0326636	0.158363	0	0.0100938	0.0471889	0.258585
535	0.0100049	0.0330397	0.158363	0.00149925	0.0103267	0.0452708	0.225854
536	0.0100049	0.0327772	0.158872	0.00149925	0.0103139	0.0436149	0.191927
537	0.0100049	0.0326492	0.157754	0	0.0103139	0.0428504	0.173461
538	0.0100049	0.0323885	0.154118	0.0029985	0.0103139	0.0413126	0.160726
539	0.0100049	0.0316289	0.146639	0.0029985	0.0103139	0.0401753	0.155603
540	0.0100049	0.0319195	0.15728	0	0.0103139	0.0397248	0.149924
541	0.0100049	0.0321158	0.157754	0	0.0102565	0.0383633	0.155603
542	0.0100049	0.0321445	0.162553	0	0.0102565	0.0371643	0.139673
543	0.0100049	0.0325095	0.165101	0	0.0100787	0.0354278	0.130661
544	0.0100049	0.0328817	0.184074	0	0.0100787	0.035301	0.130661
545	0.0100049	0.0334129	0.189198	0	0.0100787	0.0344619	0.121256
546	0.0100049	0.0334344	0.184074	0.0029985	0.0100787	0.0341595	0.117403
547	0.0100775	0.0336482	0.165701	0	0.0103139	0.0332042	0.117403
548	0.0100049	0.0339336	0.165701	0	0.0103267	0.0330913	0.116835
549	0.0100049	0.0346634	0.178371	0.0029985	0.0103267	0.0326237	0.116835
550	0.0100775	0.0346026	0.178371	0.0029985	0.0100787	0.031757	0.108487
551	0.0100049	0.0349708	0.175276	0.00149925	0.0103139	0.0321748	0.117403
552	0.0100775	0.0349567	0.165701	0.00149925	0.0103139	0.0319769	0.116835
553	0.0100775	0.0351207	0.165701	0.00149925	0.0103267	0.0318228	0.116835
554	0.0104594	0.0349432	0.170918	0.00149925	0.0100787	0.0312578	0.108487
555	0.0100775	0.0369364	0.193312	0.005997	0.0100787	0.0312578	0.108487
556	0.0100049	0.0367182	0.177739	0.005997	0.0100787	0.0315418	0.109089
557	0.0100049	0.0361465	0.165101	0	0.0100787	0.0315133	0.112496
558	0.0100049	0.0366365	0.165101	0	0.0100787	0.0309775	0.108487
559	0.010522	0.0369572	0.193312	0	0.0100787	0.0310768	0.108487
560	0.0100049	0.0369274	0.165049	0	0.0100787	0.0311996	0.109089
561	0.0100049	0.0377453	0.178503	0	0.0100787	0.0310144	0.109089
562	0.0104594	0.0391597	0.193312	0	0.0100787	0.0311266	0.109089
563	0.0100049	0.0403308	0.193312	0	0.0100787	0.0312422	0.109089
564	0.0104594	0.0413575	0.21381	0.00149925	0.0100787	0.0313605	0.112496
565	0.0104594	0.0421709	0.21381	0	0.0103267	0.0317133	0.116835
566	0.0100049	0.0439727	0.264469	0	0.0103267	0.0315264	0.116835
567	0.0104594	0.0466959	0.298148	0.0029985	0.0103139	0.0313455	0.116835
568	0.0105108	0.0502234	0.311086	0.0029985	0.0102565	0.0317258	0.116835
569	0.0104594	0.0538658	0.322748	0.00449775	0.0102565	0.0317105	0.116835
570	0.0106392	0.0557546	0.344963	0.00449775	0.0100308	0.0321756	0.116835
571	0.0107898	0.0585806	0.379587	0.00449775	0.0102565	0.0332652	0.128065
572	0.0104594	0.0616203	0.419834	0.0029985	0.0102565	0.034091	0.137273
573	0.0104594	0.0641848	0.398714	0.00149925	0.0102565	0.0346701	0.141033
574	0.0104594	0.0738037	0.479808	0.005997	0.0100308	0.0351688	0.14441
575	0.0118714	0.0796354	0.633211	0.0104948	0.0100308	0.0351116	0.141033
576	0.0127483	0.0868718	0.710014	0.011994	0.0102565	0.0357117	0.154862
577	0.0129062	0.0910363	0.732445	0.0134933	0.0102565	0.0364436	0.163234
578	0.0127483	0.100521	0.775537	0.0209895	0.0102565	0.0369559	0.163234
579	0.012025	0.109372	0.827812	0.029985	0.0102565	0.0380402	0.173461
580	0.0129769	0.100656	0.727984	0.0104948	0.0102565	0.0391171	0.187958
581	0.0127483	0.0945626	0.648872	0.0029985	0.0102565	0.0413451	0.199783
582	0.0127483	0.0896931	0.617067	0.00149925	0.0103959	0.0423322	0.21001
583	0.0104594	0.0862356	0.479808	0.00149925	0.0103959	0.045184	0.228798
584	0.0107898	0.0867033	0.466795	0	0.0104751	0.0500713	0.251222
585	0.0107898	0.0858754	0.466795	0	0.0103959	0.0503538	0.249314
586	0.0107898	0.0859851	0.459394	0	0.0104751	0.0521056	0.243151
587	0.0107898	0.0875494	0.466795	0	0.0104751	0.0533906	0.251222
588	0.0160246	0.0916715	0.763902	0	0.0104751	0.0536446	0.249314
589	0.0162022	0.0975307	0.763902	0.00449775	0.0106555	0.0550284	0.252626
590	0.0160246	0.102815	0.827812	0.00749625	0.0106555	0.0575243	0.247519
591	0.0107898	0.12248	0.978916	0.0494753	0.0106555	0.0592648	0.247519
592	0.013229	0.102979	0.978916	0.035982	0.0107242	0.0614792	0.314344
593	0.0107592	0.0829515	0.639608	0.0164918	0.0106741	0.0616582	0.314344
594	0.0107592	0.0705462	0.556044	0.005997	0.0100914	0.0619905	0.281253
595	0.0107592	0.0609723	0.344548	0.0029985	0.0106555	0.0642632	0.336901
596	0.0107592	0.057031	0.32689	0.00149925	0.0104886	0.0646315	0.336901
597	0.0101976	0.0548312	0.259568	0.00149925	0.0100914	0.0664938	0.387166
598	0.0101275	0.0549445	0.263325	0	0.0106741	0.0661062	0.462184
599	0.0101976	0.0530481	0.259568	0	0.0106741	0.0658036	0.462184
600	0.0106091	0.0521978	0.263325	0	0.0106555	0.0666864	0.466811
601	0.0107592	0.0499821	0.259183	0	0.0100914	0.0710713	0.484794
602	0.0107592	0.0487194	0.245061	0	0.0104886	0.0790843	0.706635
603	0.0107592	0.0465178	0.227142	0	0.0120519	0.0930142	1.03649
604	0.0106091	0.0462656	0.220315	0	0.0106404	0.0990306	1.03649
605	0.0107592	0.0436449	0.214444	0	0.0115097	0.0786263	0.842795
606	0.0107592	0.0437362	0.214444	0	0.0106404	0.0650679	0.486923
607	0.0107592	0.0432107	0.214444	0	0.0106404	0.0578269	0.395736
608	0.0107592	0.0419035	0.214444	0	0.0104886	0.0536096	0.324139
609	0.0107543	0.0415913	0.204499	0	0.0109871	0.0513122	0.313431
610	0.0106091	0.0414442	0.204499	0	0.0106404	0.0467498	0.262976
611	0.0107543	0.0411713	0.211659	0	0.010075	0.0447612	0.224959
612	0.0107543	0.0395179	0.204499	0	0.010075	0.0442729	0.212405
613	0.0107543	0.0380018	0.200188	0	0.010075	0.0426317	0.202776
614	0.0107543	0.0374327	0.189332	0	0.010075	0.0433181	0.202776
615	0.0107543	0.0365689	0.189332	0	0.010075	0.0437639	0.253681
616	0.0101275	0.0354401	0.172229	0	0.010075	0.0447531	0.272187
617	0.0107543	0.0344588	0.172053	0	0.0100832	0.0434488	0.262976
618	0.0107543	0.034421	0.172229	0	0.0100385	0.0425932	0.272187
619	0.0107543	0.0343092	0.172229	0	0.0100385	0.04185	0.288316
620	0.0107592	0.035025	0.183779	0	0.0100385	0.0397779	0.175921
621	0.0100639	0.0340491	0.157431	0	0.0100385	0.0396239	0.175921
622	0.0107543	0.0334429	0.155536	0	0.0100385	0.0396706	0.175921
623	0.0107592	0.0335339	0.155536	0	0.0100385	0.0394635	0.171471
624	0.0107592	0.0339168	0.156187	0	0.0100385	0.0389613	0.167178
625	0.0107592	0.0338765	0.156086	0	0.0100385	0.0387459	0.161143
626	0.0107592	0.0336084	0.155536	0.00149925	0.0100385	0.0391077	0.161143
627	0.0107592	0.0334657	0.154146	0	0.0100385	0.0393916	0.161143
628	0.0107592	0.033341	0.15381	0	0.0100385	0.0388748	0.153285
629	0.0107592	0.0341972	0.154643	0.00449775	0.0100385	0.0395092	0.175921
630	0.0107592	0.0343976	0.15381	0	0.0100385	0.039421	0.175921
631	0.0107099	0.0336665	0.15381	0	0.0100385	0.0395478	0.19733
632	0.0107099	0.033825	0.154691	0	0.0100385	0.0399421	0.239764
633	0.0107099	0.033149	0.147983	0	0.0100385	0.0407221	0.262976
634	0.0107592	0.0341113	0.15309	0	0.0100385	0.0406804	0.262976
635	0.0106405	0.0340308	0.148757	0	0.0100385	0.0402844	0.232382
636	0.0107592	0.0345412	0.154146	0	0.0100385	0.0401049	0.193029
637	0.0107592	0.0347693	0.154643	0	0.0100385	0.0407962	0.232382
638	0.0104378	0.035354	0.157431	0	0.0100385	0.0412997	0.262976
639	0.0100639	0.0355263	0.154691	0	0.0100385	0.0408088	0.262976
640	0.0100419	0.0354734	0.154691	0	0.0100385	0.0406822	0.262976
641	0.0104378	0.0350792	0.157431	0	0.0100385	0.040874	0.232382
642	0.0107592	0.0353131	0.158414	0	0.0100385	0.0408273	0.232382
643	0.0104378	0.0396106	0.190622	0.0209895	0.0100385	0.0411712	0.232382
644	0.0104378	0.0371625	0.170724	0.00149925	0.0100385	0.0420826	0.262128
645	0.0106405	0.0373261	0.172005	0	0.010314	0.0433314	0.262976
646	0.0100419	0.0378763	0.172005	0	0.010314	0.0440687	0.287121
647	0.0100419	0.0375664	0.172005	0	0.010314	0.0435849	0.238196
648	0.0107674	0.0382155	0.192877	0	0.010314	0.0414839	0.179934
649	0.0107225	0.0390136	0.199327	0	0.0104559	0.043504	0.197397
650	0.0107225	0.0390512	0.199327	0	0.010314	0.0464356	0.27491
651	0.0107674	0.0401527	0.222807	0.00449775	0.0102444	0.0481014	0.353428
652	0.0103957	0.039843	0.198399	0	0.0102444	0.0477186	0.353428
653	0.0107674	0.0404719	0.209484	0	0.0102444	0.0488955	0.336834
654	0.0107674	0.0407679	0.207524	0	0.0102444	0.0530497	0.49749
655	0.0107674	0.040959	0.207524	0	0.0102444	0.0538491	0.435242
656	0.0105445	0.0414928	0.209484	0	0.0102844	0.0606561	2.07565
657	0.0103957	0.042533	0.219577	0	0.0102844	0.0615981	2.07565
658	0.0103957	0.0435639	0.241249	0	0.0102844	0.0607731	2.07565
659	0.0104378	0.0454227	0.255937	0	0.0102844	0.0618158	2.07565
660	0.0103957	0.0479051	0.264049	0	0.010314	0.0702613	2.70431
661	0.0107674	0.050556	0.284574	0	0.010314	0.0795815	2.55563
662	0.0107674	0.0528136	0.314286	0	0.0106383	0.0825515	2.55563
663	0.0107674	0.0545683	0.316464	0	0.010314	0.0850277	2.12244
664	0.0104378	0.0579852	0.333986	0	0.010314	0.0867651	2.07565
665	0.0103957	0.0611144	0.335629	0	0.010314	0.092787	2.12244
666	0.0103957	0.0721915	0.369561	0.00449775	0.010314	0.0992343	2.14445
667	0.0124436	0.0866385	0.501084	0.00149925	0.010314	0.0994444	2.14445
668	0.0121638	0.101295	0.521118	0.00749625	0.010314	0.102037	2.14445
669	0.0121231	0.117011	0.546575	0.0104948	0.0106383	0.113307	7.87442
670	0.0121638	0.160693	1.47132	0.05997	0.0115641	0.126133	22.5698
671	0.0121231	0.137455	0.834548	0.0329835	0.0115641	0.124815	23.8114
672	0.0128362	0.119289	0.645873	0.0134933	0.0115641	0.122687	22.7383
673	0.0124452	0.113862	0.590424	0.00749625	0.0110483	0.1217	19.0243
674	0.0121231	0.104766	0.549728	0.005997	0.0110483	0.117076	8.29982
675	0.0124452	0.101909	0.549728	0.005997	0.0104125	0.119027	7.5305
676	0.0121231	0.1024	0.549728	0.005997	0.0104125	0.121575	7.5305
677	0.0124452	0.102458	0.549728	0.005997	0.0104125	0.130106	7.5305
678	0.0124452	0.105126	0.549728	0.005997	0.0131469	0.128995	8.29982
679	0.0131555	0.107554	0.549728	0.005997	0.0120251	0.120142	8.29235
680	0.0131555	0.106704	0.549728	0.005997	0.0120251	0.117361	7.0668
681	0.0128362	0.110767	0.549728	0.005997	0.0112891	0.110466	3.2467
682	0.0131555	0.11456	0.585031	0.005997	0.0112891	0.102839	2.8976
683	0.0131555	0.120075	0.593354	0.005997	0.0105339	0.09832	1.98752
684	0.0128362	0.125634	0.593354	0.005997	0.0104125	0.0973938	1.98752
685	0.0131555	0.132958	0.658391	0.005997	0.0105339	0.0959029	1.98752
686	0.0128362	0.141156	0.685414	0.011994	0.0104125	0.0950976	1.34884
687	0.0165554	0.14896	0.915305	0.0134933	0.0104125	0.0978151	1.98752
688	0.0188077	0.156175	0.915305	0.0104948	0.0104125	0.0980677	2.10074
689	0.0309193	0.16961	0.753137	0.00749625	0.0105339	0.0922107	1.31478
690	0.0309193	0.168773	0.753137	0.00749625	0.0105339	0.0885825	1.25642
691	0.0326829	0.171118	0.753137	0.005997	0.0103471	0.0840314	1.25642
692	0.0326829	0.172422	0.753137	0.005997	0.0105339	0.0799617	1.08156
693	0.0309193	0.172394	0.753137	0.0089955	0.0103471	0.0817835	1.20238
694	0.0309193	0.173345	0.915305	0.0149925	0.0105339	0.0802189	1.04123
695	0.0340185	0.1799	1.09346	0.0224888	0.0103471	0.0821372	1.04123
696	0.0326826	0.193283	1.13895	0.0329835	0.0102668	0.0826192	1.01253
697	0.0309193	0.209128	1.80349	0.0554723	0.0102668	0.0803644	1.08156
698	0.0152795	0.227358	1.45883	0.0794603	0.0102668	0.0798406	1.1498
699	0.0376323	0.346589	10.3601	0.166417
