		omega		Posterior		rho				Synonymous theta			kappa			phi	
Site	Lower	Point	Higher	prob of +ve	Lower	Point	Higher		Lower	Point	Higher	Lower	Point	Higher	Lower	Point	Higher
	95% HPD	estimate	95% HPD	selection	95% HPD	estimate	95% HPD		95% HPD	estimate	95% HPD	95% HPD	estimate	95% HPD	95% HPD	estimate	95% HPD
0	0.0100482	0.0288294	0.188022	0.00149925	0.0100702	0.577129	52.8739		0.056127	0.0755615	0.0987429	2.83286	5.34324	10.5932	0	0	0
1	0.0100482	0.0284785	0.188022	0.00149925	0.0102716	0.581515	51.9503
2	0.0100482	0.027035	0.156871	0	0.0100702	0.544679	40.6411
3	0.0100482	0.0263119	0.136112	0	0.0102716	0.500022	38.1999
4	0.0100482	0.0263552	0.130687	0	0.0100702	0.50204	32.4059
5	0.0100482	0.0259451	0.119145	0	0.0100702	0.488707	30.6559
6	0.0100482	0.0256376	0.111533	0	0.0100702	0.426647	26.4105
7	0.0100482	0.025037	0.105952	0	0.0100702	0.419578	26.4105
8	0.0100482	0.025078	0.097789	0.0029985	0.0100702	0.425943	26.4105
9	0.0100003	0.0241754	0.0902792	0.00149925	0.0103397	0.409448	29.3308
10	0.0100003	0.0240729	0.0902792	0.0029985	0.0100702	0.366927	23.4258
11	0.0100003	0.0240885	0.0902792	0.00449775	0.0100542	0.3486	22.1296
12	0.0100003	0.0235547	0.0821833	0.00149925	0.0100702	0.311027	20.3619
13	0.0100003	0.0231385	0.0766908	0	0.0100702	0.312983	20.3619
14	0.0100519	0.0230177	0.073593	0.00449775	0.0100542	0.30557	19.1063
15	0.0100519	0.0224942	0.0718198	0	0.0100542	0.286625	16.5336
16	0.0100003	0.0221063	0.0707139	0	0.0100542	0.25959	14.4124
17	0.0100519	0.0220389	0.0677074	0	0.0100702	0.224876	11.5171
18	0.0100519	0.0219028	0.0666964	0	0.0100542	0.219741	11.5171
19	0.0100003	0.0218837	0.0666964	0	0.0100051	0.210823	11.8555
20	0.0100519	0.0219386	0.0666964	0	0.0100702	0.201257	11.8555
21	0.0100003	0.0219113	0.0649922	0	0.0100051	0.183682	10.9362
22	0.0100519	0.0219088	0.0649922	0	0.0100051	0.173104	10.2702
23	0.0100003	0.0217045	0.0634101	0	0.0100051	0.162136	8.99263
24	0.0100003	0.0217004	0.0626388	0	0.0100051	0.158197	9.63178
25	0.0100003	0.0215778	0.0620498	0	0.0100051	0.148832	8.99263
26	0.0100003	0.0217463	0.0642103	0	0.0100051	0.141807	9.31553
27	0.0100519	0.0219473	0.0649922	0	0.0100051	0.129011	7.84869
28	0.0100519	0.0220694	0.0666964	0	0.0100051	0.128249	10.2702
29	0.0100519	0.0219922	0.0666964	0	0.0100051	0.108158	7.77698
30	0.0100519	0.0219376	0.0666964	0	0.0100051	0.0992701	4.909
31	0.0100519	0.0221055	0.0666964	0	0.0100051	0.0878402	1.73126
32	0.0100519	0.0222926	0.0677074	0	0.0100702	0.0742141	0.655089
33	0.0100519	0.0221772	0.0677074	0	0.0100051	0.066026	0.506868
34	0.010081	0.0224554	0.0718198	0	0.0100051	0.0664791	0.506868
35	0.010081	0.0225375	0.0718198	0	0.0101888	0.0672732	0.554885
36	0.0100519	0.0225393	0.0711058	0	0.0103397	0.0681347	0.60701
37	0.010081	0.0226338	0.0711058	0	0.0100051	0.0656458	0.54458
38	0.010081	0.0226647	0.0711058	0	0.0100051	0.0630682	0.475809
39	0.0100519	0.022748	0.0711058	0.00149925	0.0103397	0.0599754	0.44772
40	0.0100519	0.0221595	0.0677074	0	0.0100051	0.0561708	0.346931
41	0.0100519	0.0220533	0.0682201	0	0.0100051	0.0556805	0.346931
42	0.0100519	0.022127	0.0711058	0	0.0100702	0.0514332	0.290877
43	0.0100519	0.022183	0.0711058	0	0.0100051	0.0495537	0.244525
44	0.0100519	0.0221987	0.0711058	0	0.0101888	0.0473873	0.227743
45	0.0100519	0.0221605	0.0697713	0	0.0104252	0.045935	0.20063
46	0.0100519	0.0219332	0.0697713	0	0.0100702	0.0447746	0.183011
47	0.0100519	0.0219911	0.0697713	0	0.0100702	0.0445771	0.190905
48	0.0100519	0.0220747	0.0711058	0	0.0100702	0.043511	0.164316
49	0.0100519	0.0218827	0.0682201	0	0.0100702	0.043656	0.163891
50	0.0100519	0.0218269	0.0678809	0	0.0103397	0.0436488	0.170278
51	0.0100519	0.0219965	0.068899	0	0.0101888	0.0433638	0.163891
52	0.0100519	0.0220535	0.0697713	0	0.0101888	0.0435236	0.163891
53	0.0100727	0.0224434	0.0718198	0	0.0101888	0.0437722	0.163891
54	0.0100727	0.0226875	0.0782143	0	0.0101888	0.043239	0.163306
55	0.0100727	0.0224929	0.0717685	0	0.0100484	0.0433965	0.170278
56	0.0100727	0.0229074	0.0782143	0	0.0100484	0.0428664	0.163306
57	0.0100727	0.0229309	0.0815748	0	0.0100484	0.0419104	0.155448
58	0.0100727	0.0228914	0.0816407	0	0.0103397	0.041228	0.156717
59	0.0100727	0.0231534	0.0863917	0	0.0107425	0.041304	0.163306
60	0.0100727	0.0229593	0.0863917	0	0.0104252	0.041451	0.159586
61	0.0100727	0.0228303	0.0837436	0	0.0107425	0.0417251	0.161646
62	0.0100727	0.0226961	0.083071	0	0.0104743	0.0417417	0.159586
63	0.0100727	0.0227037	0.0796867	0	0.0104743	0.0423317	0.163306
64	0.0100698	0.0227484	0.0816407	0	0.0104743	0.0424727	0.161646
65	0.0100698	0.0226689	0.0782441	0	0.0105087	0.0422978	0.161646
66	0.0100698	0.0223895	0.0757004	0	0.0104743	0.0419917	0.161646
67	0.0100698	0.0225817	0.0816407	0	0.0104743	0.0423259	0.163306
68	0.0100698	0.0226322	0.0796867	0	0.0104743	0.0423334	0.161646
69	0.0100698	0.0230826	0.0867533	0	0.0104743	0.0419771	0.161646
70	0.0100698	0.023228	0.0867533	0	0.0104743	0.0415248	0.165067
71	0.0100425	0.0231234	0.083071	0	0.0101373	0.0418039	0.165067
72	0.0100425	0.023357	0.0816407	0	0.0104743	0.041908	0.180648
73	0.0100425	0.0234441	0.0816407	0	0.0105087	0.0418398	0.180648
74	0.0100425	0.023629	0.0837436	0	0.0104743	0.0419124	0.180648
75	0.0100425	0.023657	0.0838183	0	0.0101373	0.0416508	0.165067
76	0.0100698	0.0237588	0.0871557	0	0.0101373	0.0414983	0.168235
77	0.0100425	0.0241414	0.0919465	0.0029985	0.0101373	0.042052	0.170288
78	0.0100425	0.0239625	0.0871557	0.00149925	0.0104743	0.0421619	0.180648
79	0.0100698	0.0241697	0.0932263	0.00149925	0.0103412	0.0428756	0.180648
80	0.0100698	0.0242641	0.0932263	0.00149925	0.0101541	0.0437215	0.183665
81	0.0100425	0.0242288	0.0948883	0	0.0104743	0.0441263	0.200286
82	0.0100425	0.0248246	0.0958883	0	0.0104743	0.04452	0.200286
83	0.0100191	0.0248871	0.10016	0	0.0101541	0.0436958	0.185933
84	0.0100191	0.0250049	0.102476	0	0.0101541	0.0456862	0.206333
85	0.0100425	0.0250417	0.103501	0	0.0101541	0.0471454	0.219105
86	0.0100191	0.0253255	0.105418	0	0.0101888	0.049132	0.299389
87	0.0100191	0.0257855	0.107795	0.00149925	0.0101541	0.0504403	0.308683
88	0.0100191	0.0257092	0.108316	0	0.0101541	0.0506026	0.308683
89	0.0100191	0.0258336	0.108316	0	0.0101541	0.0506518	0.308683
90	0.0100191	0.0259098	0.109806	0	0.0101541	0.049238	0.287355
91	0.0100191	0.0261248	0.111317	0.00149925	0.0101888	0.0507217	0.299389
92	0.0100191	0.0264541	0.117936	0	0.0101888	0.0521394	0.321478
93	0.0100191	0.0267486	0.125863	0.00149925	0.0101541	0.0544314	0.359461
94	0.0100191	0.0265618	0.124646	0.00149925	0.0101541	0.0564547	0.375114
95	0.0100191	0.0264898	0.117936	0	0.010019	0.0565281	0.375114
96	0.0100191	0.0266856	0.115637	0	0.0101541	0.0595891	0.658587
97	0.0100191	0.027001	0.117416	0	0.010019	0.0608347	0.597349
98	0.0100425	0.0275624	0.125863	0	0.010019	0.061564	0.620978
99	0.0101153	0.0281195	0.133047	0	0.010019	0.0617885	0.620978
100	0.0101153	0.028692	0.133163	0	0.010019	0.0621114	0.620978
101	0.0100425	0.029574	0.136749	0	0.010019	0.0617253	0.620978
102	0.0100191	0.0302786	0.139091	0	0.010019	0.0638891	0.660921
103	0.0100191	0.0314592	0.150281	0	0.0101541	0.0654354	0.795934
104	0.0100425	0.0318879	0.155199	0	0.010019	0.0665452	0.766681
105	0.0100191	0.0323267	0.158738	0	0.0101541	0.0672609	0.795934
106	0.0100437	0.0331567	0.164576	0	0.010019	0.0673043	0.766681
107	0.0100191	0.03322	0.164576	0	0.010019	0.0680367	0.766681
108	0.0100191	0.0339719	0.164576	0	0.010019	0.0683703	0.693054
109	0.0100437	0.0351696	0.177195	0	0.010019	0.068184	0.693054
110	0.0100191	0.0360425	0.182292	0	0.010019	0.0721078	1.01516
111	0.0101153	0.0376447	0.188354	0	0.010019	0.0770978	1.8174
112	0.0100191	0.0388556	0.188475	0	0.010019	0.0794789	1.8174
113	0.0101153	0.0408455	0.199618	0	0.010019	0.0796469	1.22259
114	0.0101153	0.0429996	0.2276	0.0029985	0.010019	0.0816081	1.22259
115	0.010117	0.0450746	0.241705	0.0029985	0.010019	0.083197	1.00545
116	0.010117	0.0470596	0.264977	0.0029985	0.010019	0.0862251	1.07021
117	0.010117	0.0492811	0.280496	0.0029985	0.010019	0.0912207	1.42152
118	0.010117	0.0522829	0.298003	0.00449775	0.010019	0.0992477	2.8154
119	0.010117	0.0558977	0.320809	0.00449775	0.010019	0.105425	3.57097
120	0.010117	0.0598589	0.353307	0.005997	0.010019	0.112413	4.37753
121	0.0101938	0.0690776	0.502484	0.0164918	0.0110373	0.122599	5.6706
122	0.010117	0.0892468	0.849727	0.0464768	0.0110373	0.128684	5.6706
123	0.010759	0.167444	2.52872	0.128936	0.0107425	0.134743	5.6706
124	0.0112623	0.129765	1.23304	0.065967	0.0108989	0.120593	5.6706
125	0.0103415	0.113155	0.813688	0.0389805	0.010019	0.101541	1.24301
126	0.0103415	0.105387	0.680388	0.029985	0.010019	0.0957192	1.04191
127	0.0105213	0.09791	0.508211	0.0104948	0.010019	0.0879766	0.867301
128	0.011475	0.0937791	0.508211	0.00449775	0.010019	0.0828069	0.746011
129	0.0112874	0.091557	0.483047	0.0029985	0.0105124	0.076424	0.616332
130	0.0110684	0.0880766	0.434495	0.00149925	0.0105124	0.0712453	0.494368
131	0.0110684	0.0876363	0.424622	0.00149925	0.0113846	0.0705287	0.504106
132	0.0110684	0.0876007	0.422627	0.00149925	0.010019	0.0679549	0.433487
133	0.0112623	0.0883401	0.449076	0.00149925	0.0110379	0.068778	0.504106
134	0.0112623	0.0890918	0.449076	0.00149925	0.0110373	0.0702253	0.523868
135	0.0130992	0.0883117	0.526276	0.00149925	0.0110373	0.0698931	0.509584
136	0.0125422	0.0903946	0.526276	0.00449775	0.0110379	0.0711364	0.504106
137	0.0123343	0.093915	0.508566	0.00749625	0.0104697	0.0724974	0.509584
138	0.0130992	0.0998641	0.561818	0.0104948	0.010019	0.0753382	0.509584
139	0.0110684	0.107054	0.561818	0.0209895	0.0102601	0.072262	0.504106
140	0.0125422	0.119087	0.805667	0.035982	0.0102601	0.0701941	0.504106
141	0.0148171	0.168344	3.2882	0.110945	0.010019	0.0673237	0.471612
142	0.0112623	0.109648	0.575518	0.0254873	0.010019	0.0633946	0.433487
143	0.0137812	0.101165	0.504004	0.0089955	0.0102601	0.0615558	0.433487
144	0.0140443	0.0979946	0.496512	0.005997	0.0101225	0.0601452	0.424398
145	0.0137812	0.0939972	0.484111	0.0029985	0.010019	0.0586153	0.366137
146	0.0112623	0.0908563	0.360226	0.00149925	0.010019	0.0571826	0.336693
147	0.0112623	0.0872661	0.34609	0	0.010019	0.0560224	0.332934
148	0.0140443	0.087424	0.385441	0.00149925	0.010019	0.0545932	0.332934
149	0.0142664	0.0864733	0.381831	0.00149925	0.0100103	0.0531162	0.319331
150	0.0142664	0.0861703	0.381831	0	0.0100103	0.0516492	0.286235
151	0.0111351	0.0856564	0.307021	0	0.0100103	0.0511676	0.286235
152	0.0140443	0.083963	0.382295	0	0.0100103	0.0505964	0.281209
153	0.0111351	0.0821127	0.29497	0	0.0104438	0.0495928	0.28272
154	0.0134519	0.0807991	0.34609	0	0.0101729	0.0498487	0.28272
155	0.0134519	0.0815732	0.34609	0	0.0102601	0.0494046	0.288272
156	0.0136101	0.0815406	0.34609	0	0.0101729	0.0494993	0.28272
157	0.0136101	0.0804391	0.34609	0	0.0101729	0.0498179	0.288272
158	0.0136083	0.0813366	0.343765	0	0.010019	0.0501811	0.328294
159	0.0134519	0.0827762	0.34609	0	0.010019	0.0478444	0.281209
160	0.0111351	0.0839393	0.29497	0	0.010019	0.0477306	0.281209
161	0.0114216	0.0845883	0.329316	0.00149925	0.010019	0.048118	0.286235
162	0.0111351	0.0846631	0.30686	0.0029985	0.010019	0.0484373	0.306559
163	0.0114262	0.0856187	0.329316	0.0029985	0.010019	0.0483732	0.336693
164	0.0140443	0.0878412	0.422165	0.0029985	0.010019	0.047641	0.306559
165	0.0136842	0.0890662	0.429773	0.0029985	0.010019	0.0467864	0.28272
166	0.0136842	0.0898326	0.429773	0.0029985	0.010019	0.0453462	0.251013
167	0.0114262	0.0847294	0.327687	0	0.010019	0.0439889	0.231509
168	0.0111351	0.0815008	0.297445	0	0.010019	0.0422942	0.221974
169	0.0111351	0.0795351	0.297445	0	0.010019	0.0403456	0.20719
170	0.0114596	0.0763305	0.294719	0	0.010019	0.0400565	0.208124
171	0.0111351	0.0745504	0.27109	0	0.010019	0.0380515	0.205032
172	0.0112337	0.0724654	0.262879	0	0.0104386	0.0371723	0.209672
173	0.0111351	0.0700962	0.262879	0.00149925	0.010019	0.0371175	0.200695
174	0.0112337	0.0668743	0.243897	0	0.010019	0.0381667	0.208124
175	0.0112337	0.0659981	0.249789	0	0.010019	0.0380212	0.209672
176	0.0114262	0.0643061	0.243897	0	0.0101458	0.0367362	0.208124
177	0.0112337	0.0632119	0.241225	0	0.010019	0.0360481	0.200695
178	0.0112337	0.064014	0.249789	0	0.010019	0.0354508	0.191459
179	0.0112337	0.0636957	0.242868	0	0.010019	0.0350881	0.189168
180	0.0112337	0.0643477	0.260834	0	0.010019	0.0340954	0.180596
181	0.0112955	0.0640111	0.260834	0	0.010019	0.0321852	0.142669
182	0.0105026	0.0630442	0.242868	0.00149925	0.010019	0.0313031	0.13434
183	0.0112337	0.0641228	0.262879	0.0029985	0.010019	0.0298589	0.12395
184	0.0112337	0.0652723	0.280407	0.00449775	0.010019	0.0293334	0.126184
185	0.0112337	0.0682363	0.288255	0.005997	0.0100427	0.0285131	0.117149
186	0.0112337	0.0696703	0.3234	0.00449775	0.010019	0.028209	0.109507
187	0.0112337	0.0716294	0.348115	0.00449775	0.010019	0.0280595	0.107346
188	0.0107533	0.0676692	0.297044	0.0029985	0.010019	0.0278454	0.106835
189	0.0112337	0.0631038	0.297044	0.00149925	0.010019	0.0272874	0.102939
190	0.0102012	0.0591566	0.262879	0.00149925	0.010019	0.0266549	0.0983408
191	0.0102012	0.0578586	0.262879	0.00449775	0.010019	0.0265199	0.0983408
192	0.0102472	0.0541494	0.231077	0	0.010019	0.0263697	0.0999476
193	0.0103011	0.0525517	0.22315	0	0.0100032	0.0260777	0.0979395
194	0.0102012	0.0512362	0.209165	0	0.0100032	0.0254693	0.0912767
195	0.0100503	0.0500574	0.202954	0	0.0100032	0.0250929	0.0912767
196	0.0100103	0.0479511	0.184519	0	0.0100032	0.0249778	0.0897393
197	0.0100103	0.0471947	0.179953	0	0.0100032	0.02496	0.0880467
198	0.0100103	0.0470491	0.184519	0	0.010019	0.0248853	0.0880467
199	0.0100103	0.0465489	0.184519	0	0.0100032	0.0246971	0.085408
200	0.0100103	0.0457251	0.179953	0	0.0100032	0.0244987	0.0842296
201	0.0100103	0.0443554	0.173733	0	0.0100032	0.0245103	0.085408
202	0.0102012	0.0441091	0.17631	0	0.0100032	0.024485	0.085408
203	0.0100103	0.0436025	0.168254	0	0.0100032	0.0243844	0.085408
204	0.0100103	0.0433571	0.179953	0.00149925	0.0100032	0.024194	0.0815296
205	0.0100103	0.0431313	0.17631	0.00149925	0.0100032	0.0242458	0.0815296
206	0.0100103	0.0427405	0.173733	0.00149925	0.010019	0.0237645	0.0772941
207	0.0100103	0.0415981	0.164471	0	0.010019	0.023706	0.077233
208	0.0102012	0.0406099	0.164471	0	0.0100032	0.0236297	0.0735137
209	0.0100103	0.0398329	0.156735	0	0.0100032	0.0237917	0.0755897
210	0.0100103	0.0395545	0.155242	0	0.0100032	0.0238289	0.0738775
211	0.0100103	0.0386491	0.151765	0	0.0100032	0.0234884	0.0729501
212	0.0100103	0.0379003	0.148387	0	0.0100032	0.0234565	0.0729501
213	0.0100103	0.0377982	0.151765	0	0.0100032	0.0237765	0.0738775
214	0.0100103	0.037822	0.153253	0	0.0100032	0.0237966	0.0755897
215	0.0100103	0.0375238	0.156735	0	0.0100032	0.0239216	0.077233
216	0.0100103	0.0377188	0.153253	0.00149925	0.010019	0.0241956	0.0880125
217	0.0100103	0.0371531	0.143578	0.00149925	0.010019	0.0242082	0.0880125
218	0.0102013	0.0369818	0.143578	0	0.0100032	0.0241844	0.0806477
219	0.0100427	0.0363674	0.142255	0	0.0100032	0.0245366	0.0815296
220	0.0100103	0.0370648	0.15254	0	0.0100032	0.0244572	0.0806477
221	0.0100103	0.0370568	0.153253	0	0.0100032	0.0242257	0.0761827
222	0.0100103	0.0366658	0.148387	0	0.0100032	0.0244389	0.0776191
223	0.0100103	0.0365971	0.145103	0	0.0100032	0.0247886	0.0806477
224	0.0100103	0.0360313	0.142255	0	0.0100032	0.0247405	0.0791698
225	0.0100103	0.0365769	0.144392	0.00149925	0.0100032	0.0247104	0.0791698
226	0.0100103	0.0366192	0.142255	0	0.0100032	0.0250233	0.0923221
227	0.0100427	0.0369121	0.142266	0	0.0100032	0.0250612	0.0923221
228	0.0100427	0.0368268	0.142266	0	0.0100032	0.0250803	0.0880125
229	0.0100427	0.03725	0.144392	0	0.0100032	0.0248198	0.0817561
230	0.0100103	0.0378299	0.144392	0	0.0100032	0.0250123	0.0903205
231	0.0100103	0.0380996	0.144392	0	0.0100032	0.0252643	0.0923221
232	0.0102013	0.0390142	0.1656	0	0.0100032	0.0252673	0.0903205
233	0.0100427	0.0396872	0.1656	0	0.0100032	0.025263	0.0903205
234	0.0100427	0.0396611	0.164471	0	0.0100032	0.0250938	0.0880125
235	0.0100427	0.0398169	0.164471	0	0.0100032	0.0252319	0.0900973
236	0.0102013	0.0403959	0.177509	0	0.0100032	0.0250368	0.0817561
237	0.0100427	0.0412093	0.177509	0	0.0100032	0.0250321	0.0817561
238	0.0100427	0.0421298	0.191271	0	0.0100032	0.0250323	0.0817561
239	0.0101074	0.0429982	0.197375	0	0.010019	0.0253995	0.0880125
240	0.0100427	0.0445136	0.218912	0	0.0100032	0.0257111	0.0930862
241	0.0101074	0.0462378	0.23683	0.00149925	0.0100032	0.0256451	0.0959982
242	0.0101074	0.0491537	0.275994	0.0029985	0.0100032	0.0260593	0.0982893
243	0.0101074	0.0502207	0.281124	0.00449775	0.010019	0.0257227	0.0982893
244	0.0101074	0.052627	0.311149	0.00449775	0.010019	0.0261635	0.100552
245	0.0102147	0.0569443	0.356764	0.005997	0.0100032	0.02715	0.120987
246	0.0101074	0.0623308	0.392987	0.00749625	0.0100032	0.0284549	0.13836
247	0.0102387	0.0692286	0.441193	0.0089955	0.010019	0.0373263	0.45311
248	0.0101074	0.066657	0.413229	0.0089955	0.0100032	0.0465875	5.94963
249	0.0102147	0.0644991	0.392252	0.00449775	0.0100032	0.0595782	18.7549
250	0.0101074	0.0636254	0.378393	0	0.0100032	0.0755428	23.081
251	0.0101074	0.0616268	0.335549	0	0.0100032	0.0948392	32.9663
252	0.0100104	0.0606998	0.335549	0	0.0100032	0.108234	49.6743
253	0.0102147	0.0595329	0.327539	0	0.0100032	0.118076	49.6743
254	0.0101074	0.0601009	0.327539	0	0.0100032	0.144827	56.0771
255	0.010026	0.0599748	0.327539	0	0.0100032	0.202258	61.5508
256	0.0100104	0.0610705	0.353391	0.00149925	0.0100032	0.265421	62.0284
257	0.0100104	0.0629137	0.378393	0.0029985
