		omega		Posterior		rho				Synonymous theta			kappa			phi	
Site	Lower	Point	Higher	prob of +ve	Lower	Point	Higher		Lower	Point	Higher	Lower	Point	Higher	Lower	Point	Higher
	95% HPD	estimate	95% HPD	selection	95% HPD	estimate	95% HPD		95% HPD	estimate	95% HPD	95% HPD	estimate	95% HPD	95% HPD	estimate	95% HPD
0	0.0102085	0.0684475	1.06391	0.0509745	0.0108069	0.416501	40.8005		0.00872549	0.016401	0.0275628	1.7897	5.74719	19.865	0	0	0
1	0.0102085	0.064995	0.689482	0.0344828	0.0106375	0.443286	41.8551
2	0.0102431	0.0649026	0.665534	0.0314843	0.0101631	0.506934	43.9293
3	0.0102085	0.0636047	0.659026	0.029985	0.0101631	0.515914	41.8551
4	0.0100999	0.0599122	0.524373	0.0194903	0.0109192	0.518074	48.8829
5	0.0100815	0.0583543	0.489549	0.017991	0.0101631	0.508636	41.4226
6	0.0100815	0.058811	0.493873	0.0164918	0.0108069	0.545168	48.4264
7	0.0100815	0.0598801	0.502648	0.0164918	0.0108069	0.541875	48.4264
8	0.0100815	0.0606631	0.493873	0.0134933	0.0110432	0.553331	52.1765
9	0.0100815	0.060562	0.489549	0.011994	0.0110432	0.558885	55.8496
10	0.0100815	0.0593383	0.467	0.0104948	0.0110432	0.537233	60.4497
11	0.0100815	0.0596499	0.487243	0.0149925	0.010822	0.512956	59.1473
12	0.0100815	0.0585572	0.452416	0.011994	0.0101301	0.492601	52.7712
13	0.0100815	0.0564331	0.367348	0.00749625	0.0110432	0.451614	60.4497
14	0.0100815	0.0549826	0.366976	0.011994	0.0110432	0.467287	60.4497
15	0.0100815	0.0537722	0.361646	0.0089955	0.0100791	0.457498	58.1907
16	0.0100609	0.0538478	0.363659	0.011994	0.0100791	0.435489	59.4704
17	0.0100609	0.0539618	0.363659	0.0149925	0.0100791	0.440104	59.4704
18	0.0100609	0.0563826	0.502132	0.0224888	0.0100791	0.428706	59.4704
19	0.0100609	0.0546933	0.366976	0.0164918	0.0100263	0.445853	55.5407
20	0.0100609	0.0530097	0.359873	0.0134933	0.0100263	0.481266	54.2448
21	0.0100609	0.0531235	0.363659	0.0149925	0.0100263	0.553614	54.2448
22	0.0100609	0.0515154	0.359873	0.0134933	0.0101922	0.642719	58.1907
23	0.0100609	0.0512551	0.359873	0.0149925	0.0100928	0.708755	60.4497
24	0.0100609	0.0500421	0.346865	0.0149925	0.0100928	0.757325	58.1907
25	0.0100609	0.0487581	0.342976	0.0134933	0.0100263	0.755802	55.5407
26	0.0100609	0.0483223	0.307909	0.011994	0.0100263	0.743014	58.1907
27	0.0100609	0.0461187	0.287708	0.00749625	0.0101922	0.713645	55.5407
28	0.0100029	0.047629	0.307909	0.0104948	0.0100928	0.71031	55.5407
29	0.0100609	0.0469584	0.298725	0.0089955	0.0101922	0.711276	55.6926
30	0.0100609	0.0480947	0.311458	0.00749625	0.010468	0.675663	55.6926
31	0.0100815	0.0484047	0.317765	0.00749625	0.010468	0.612327	53.7826
32	0.0100609	0.0495307	0.345302	0.0134933	0.010468	0.569586	52.8672
33	0.0100609	0.0487964	0.345302	0.0134933	0.0128942	0.557847	62.5383
34	0.0100609	0.0490913	0.359873	0.011994	0.0128515	0.590452	62.8647
35	0.0100609	0.0488924	0.345302	0.011994	0.0128515	0.59673	62.8647
36	0.0100609	0.0501802	0.373186	0.0164918	0.0124701	0.612397	62.8647
37	0.0100609	0.0511051	0.373186	0.0149925	0.0120917	0.616547	66.6574
38	0.0100609	0.051733	0.384242	0.0149925	0.0124538	0.647107	75.6961
39	0.0100345	0.0498888	0.35783	0.0089955	0.0124538	0.66052	73.2125
40	0.0100345	0.0499331	0.35783	0.0104948	0.0124538	0.60148	74.6518
41	0.0100345	0.0499153	0.345563	0.0104948	0.0130649	0.611831	84.7976
42	0.0100147	0.0485023	0.311458	0.0134933	0.0130649	0.558283	83.8471
43	0.0100147	0.0475334	0.300548	0.00749625	0.0143394	0.549375	88.3363
44	0.0100147	0.0475855	0.307909	0.00749625	0.0143394	0.551557	88.3363
45	0.0100147	0.0478422	0.311458	0.00749625	0.0139923	0.532518	89.4491
46	0.0100128	0.0475731	0.307909	0.0089955	0.0139923	0.469385	89.4491
47	0.0100128	0.0472429	0.307909	0.0089955	0.0136715	0.423062	89.4491
48	0.0100128	0.0471582	0.300548	0.0089955	0.0134204	0.430273	88.3363
49	0.0100128	0.0474135	0.296275	0.005997	0.012925	0.426217	88.3363
50	0.0100128	0.0488538	0.320331	0.0089955	0.0141291	0.428453	96.4944
51	0.0100128	0.0494252	0.342976	0.0104948	0.0143597	0.40741	96.4944
52	0.0100128	0.049998	0.342976	0.0149925	0.0141291	0.342712	96.4858
53	0.0100128	0.0511533	0.373186	0.017991	0.0134204	0.302027	94.3532
54	0.0100128	0.0516381	0.384831	0.0164918	0.0101741	0.271028	60.9205
55	0.0100128	0.0504128	0.35783	0.0134933	0.0101741	0.244492	60.9205
56	0.0100609	0.0485883	0.312392	0.005997	0.0101741	0.250975	60.3921
57	0.0100128	0.0480576	0.298725	0.0029985	0.0101741	0.234924	54.6518
58	0.0100128	0.0473145	0.290571	0.00449775	0.0100424	0.211888	55.7998
59	0.0100128	0.0491561	0.308527	0.005997	0.0100424	0.19563	55.7998
60	0.0100128	0.0501986	0.320331	0.005997	0.0100424	0.191492	52.8319
61	0.0100128	0.0507105	0.320331	0.005997	0.0100424	0.206518	54.6518
62	0.0100128	0.0508907	0.337443	0.0089955	0.0100424	0.223443	55.7998
63	0.0100128	0.0504987	0.337443	0.0104948	0.0103024	0.247662	55.0778
64	0.0100128	0.0505887	0.35783	0.0164918	0.0103024	0.247807	55.7998
65	0.0100128	0.0508911	0.428897	0.0194903	0.010347	0.257634	59.1947
66	0.0100128	0.0493165	0.345302	0.0164918	0.0103024	0.239781	55.7998
67	0.0100128	0.0484593	0.312392	0.0134933	0.0100131	0.221034	45.7326
68	0.0100128	0.0482735	0.319412	0.011994	0.0100131	0.196036	33.1898
69	0.0100128	0.0475378	0.319412	0.0089955	0.0100131	0.179483	25.8084
70	0.0100128	0.0477088	0.37031	0.0104948	0.0100131	0.168862	23.1097
71	0.0100128	0.0479206	0.373186	0.0134933	0.0100131	0.16687	23.1097
72	0.0100128	0.0481671	0.373186	0.0149925	0.0101598	0.15875	22.8241
73	0.0100128	0.0492165	0.392245	0.0149925	0.0100131	0.149826	20.4447
74	0.0100128	0.0491782	0.373186	0.0149925	0.0100131	0.143717	21.955
75	0.0100128	0.0495927	0.392245	0.0149925	0.010017	0.135953	22.7635
76	0.0100128	0.0493141	0.379684	0.011994	0.0100131	0.132454	22.7635
77	0.0100128	0.04894	0.373186	0.0134933	0.0100131	0.128987	21.955
78	0.0100128	0.0491808	0.373186	0.0134933	0.0100131	0.130649	22.8241
79	0.0100609	0.0489332	0.37031	0.0089955	0.0100131	0.131302	24.2805
80	0.0100128	0.0498245	0.37031	0.0089955	0.010017	0.133405	22.9596
81	0.0100128	0.0505678	0.379684	0.0104948	0.0100897	0.136468	24.927
82	0.0100128	0.0503729	0.379684	0.0089955	0.0100379	0.139119	24.927
83	0.0100609	0.0515148	0.392245	0.011994	0.010017	0.144031	29.77
84	0.0100128	0.0501954	0.379684	0.0104948	0.010017	0.134241	32.0288
85	0.0100609	0.0500215	0.392245	0.011994	0.010017	0.122665	33.7291
86	0.0100128	0.0505601	0.386908	0.0089955	0.010017	0.107107	33.7291
87	0.0100609	0.0505082	0.37031	0.00749625	0.010017	0.0889565	28.0089
88	0.0100609	0.0505394	0.37031	0.005997	0.010017	0.0831241	28.0089
89	0.0100128	0.0522561	0.386908	0.0104948	0.010017	0.0801472	29.77
90	0.0100128	0.0526006	0.392245	0.0104948	0.010017	0.0775943	28.0089
91	0.0100128	0.051934	0.379684	0.0029985	0.010017	0.0763166	29.77
92	0.0100609	0.0534909	0.392245	0.005997	0.010017	0.0747344	29.77
93	0.0100128	0.0551953	0.405681	0.0089955	0.010017	0.0723476	29.77
94	0.0100128	0.0571231	0.440415	0.0104948	0.010017	0.0722702	29.77
95	0.0100128	0.0582147	0.461622	0.011994	0.010017	0.0707556	29.77
96	0.0100128	0.0590673	0.510172	0.0134933	0.010017	0.0710636	28.0089
97	0.0100609	0.0594231	0.517489	0.0149925	0.010017	0.0711753	27.054
98	0.0100609	0.059303	0.517489	0.0134933	0.010017	0.070393	28.0089
99	0.0100804	0.060193	0.534911	0.017991	0.010017	0.068752	27.7928
100	0.0100804	0.0595124	0.502414	0.0149925	0.010017	0.0703107	27.7928
101	0.0100804	0.0610418	0.530321	0.011994	0.010017	0.0694114	27.7928
102	0.0101196	0.061919	0.555194	0.0149925	0.010017	0.0697137	28.0089
103	0.0100804	0.0639335	0.584589	0.0194903	0.010017	0.0691166	29.237
104	0.0101196	0.062092	0.555194	0.0134933	0.010017	0.0689776	28.0089
105	0.0100804	0.0630168	0.543207	0.0104948	0.010017	0.0694092	28.0089
106	0.0101805	0.0647873	0.558263	0.0134933	0.010017	0.0697332	27.8152
107	0.0101196	0.0659668	0.579435	0.0149925	0.0100192	0.0686227	27.8152
108	0.0101196	0.0693918	0.655702	0.017991	0.010017	0.067568	27.7928
109	0.0101196	0.0713593	0.701676	0.0254873	0.010017	0.0631477	22.8241
110	0.0101805	0.0731201	0.751965	0.0284858	0.010017	0.060973	22.8241
111	0.0101196	0.07484	0.793732	0.0329835	0.010017	0.056968	16.8248
112	0.0103787	0.0765466	0.840893	0.0329835	0.010017	0.055824	16.1128
113	0.0102901	0.0768756	0.840893	0.0344828	0.010017	0.0508695	12.7717
114	0.0100271	0.0805095	0.840893	0.0389805	0.010017	0.0472063	10.3911
115	0.0100271	0.0839808	0.867846	0.041979	0.010017	0.0454796	7.38519
116	0.0100271	0.086488	0.867846	0.041979	0.010017	0.044294	5.63623
117	0.0100271	0.088428	0.925717	0.047976	0.010017	0.0455842	7.38519
118	0.0100271	0.0953764	1.02232	0.053973	0.010017	0.0456136	7.38519
119	0.0108629	0.106497	1.19043	0.05997	0.010017	0.0451849	6.50596
120	0.0103787	0.116318	1.19043	0.0689655	0.010017	0.0471706	7.8607
121	0.0100271	0.122631	1.19043	0.0809595	0.010017	0.0476744	9.59689
122	0.0133211	0.133834	1.90756	0.0929535	0.010017	0.0477053	10.7098
123	0.013198	0.155892	1.90756	0.112444	0.010017	0.0461824	7.8607
124	0.0101196	0.196097	2.44474	0.149925	0.010017	0.0448413	7.8607
125	0.0101196	0.284437	9.08038	0.212894	0.010017	0.0439476	6.50596
126	0.0127542	0.199971	4.50211	0.16042	0.010017	0.0426025	6.01436
127	0.0101196	0.172751	2.42954	0.131934	0.010017	0.0395424	0.365302
128	0.0100712	0.141482	1.6567	0.0974513	0.010017	0.0359543	0.207508
129	0.0100712	0.120751	1.2148	0.065967	0.010017	0.030944	0.149364
130	0.0100712	0.108513	1.02232	0.0524738	0.010017	0.0309334	0.14377
131	0.0103162	0.100837	0.95808	0.041979	0.010017	0.030993	0.14377
132	0.0100712	0.0961493	0.888918	0.0374813	0.010017	0.0310994	0.14377
133	0.0100712	0.0946524	0.867846	0.0389805	0.0100192	0.0310025	0.13924
134	0.0100712	0.0908902	0.725023	0.0314843	0.010017	0.0309695	0.139015
135	0.0100712	0.089733	0.725023	0.0329835	0.0100192	0.0315724	0.13924
136	0.0100712	0.0850665	0.775878	0.0314843	0.0100192	0.0314414	0.13924
137	0.0100712	0.0811562	0.725023	0.0284858	0.010017	0.0315622	0.139015
138	0.0100712	0.0787279	0.666803	0.0269865	0.010017	0.0316349	0.134284
139	0.0100712	0.0760113	0.58345	0.0254873	0.010017	0.0321791	0.149364
140	0.0100712	0.0743552	0.57544	0.0269865	0.010017	0.0325323	0.160341
141	0.0100712	0.0738632	0.544083	0.023988	0.010017	0.0334145	0.163744
142	0.0100712	0.0728721	0.529568	0.0194903	0.010017	0.034237	0.167013
143	0.0100712	0.0714213	0.544083	0.0194903	0.010017	0.0340465	0.160341
144	0.0100712	0.0698622	0.543207	0.0209895	0.010017	0.0344416	0.164102
145	0.0100712	0.0684233	0.543207	0.0224888	0.010017	0.034388	0.161103
146	0.0100712	0.0678888	0.544083	0.0254873	0.010017	0.0349181	0.151421
147	0.0100712	0.0678339	0.57544	0.0284858	0.010017	0.0353751	0.164102
148	0.0100712	0.0664579	0.57544	0.0284858	0.010017	0.0364186	0.171742
149	0.0100712	0.0669182	0.558263	0.0269865	0.0100192	0.0369301	0.171742
150	0.0100712	0.0664453	0.529568	0.023988	0.0100192	0.0378884	0.177478
151	0.0100712	0.0666854	0.514703	0.023988	0.0100192	0.0391297	0.18869
152	0.0100712	0.067336	0.51023	0.023988	0.0100192	0.0399018	0.195009
153	0.0100712	0.0662194	0.51023	0.023988	0.0100192	0.0411884	0.195009
154	0.0100712	0.0620581	0.449243	0.0164918	0.0100192	0.0412459	0.18869
155	0.0102552	0.059043	0.445359	0.0149925	0.0100192	0.0438549	0.217582
156	0.0100712	0.057774	0.420947	0.011994	0.0100192	0.0477411	0.257205
157	0.0100712	0.0568872	0.395892	0.0104948	0.0100192	0.0486047	0.261902
158	0.0100712	0.057102	0.402023	0.011994	0.0100192	0.0511159	0.290298
159	0.0100712	0.0566692	0.429667	0.011994	0.0100192	0.05296	0.292594
160	0.0100712	0.0561456	0.429667	0.0149925	0.0100192	0.0524779	0.290298
161	0.0101859	0.056369	0.442742	0.0134933	0.0100192	0.0539638	0.323121
162	0.0100712	0.0569266	0.440763	0.0149925	0.0100192	0.0541786	0.30722
163	0.0100712	0.0569454	0.442742	0.0164918	0.0100192	0.0545652	0.317541
164	0.0100712	0.056824	0.448916	0.0164918	0.0100192	0.057497	0.37508
165	0.0100712	0.0569451	0.448916	0.0149925	0.0100192	0.0571871	0.329042
166	0.0100853	0.0561107	0.448916	0.0104948	0.0100192	0.0591627	0.328639
167	0.0100712	0.0528588	0.365373	0.0029985	0.0100192	0.0613074	0.364362
168	0.0100712	0.05283	0.395892	0.005997	0.0100192	0.0632452	0.366577
169	0.0100712	0.0521269	0.373744	0.005997	0.0101029	0.0640616	0.353177
170	0.0100712	0.0516068	0.367859	0.00449775	0.0101106	0.0652133	0.341643
171	0.0100712	0.0521254	0.365373	0.0089955	0.0101106	0.0651385	0.341643
172	0.0100712	0.0504879	0.344239	0.0104948	0.0103085	0.0664831	0.354766
173	0.0100712	0.0511256	0.360985	0.0104948	0.0101576	0.0658976	0.366577
174	0.0100712	0.049724	0.351734	0.00749625	0.0103997	0.0668114	0.379477
175	0.0100712	0.0501536	0.344239	0.005997	0.0103085	0.0674571	0.379477
176	0.0100712	0.049881	0.313785	0.00449775	0.0105575	0.0665902	0.38346
177	0.0100712	0.0492823	0.3097	0.005997	0.0103085	0.0662259	0.379176
178	0.0100643	0.0490691	0.307386	0.005997	0.0103085	0.0663142	0.38346
179	0.0100643	0.0491929	0.3097	0.00749625	0.0101576	0.0641421	0.354766
180	0.0100643	0.0491926	0.310816	0.00749625	0.0101576	0.0644644	0.354766
181	0.0100023	0.0479142	0.288987	0.0029985	0.0103085	0.0623105	0.330724
182	0.0100023	0.0475518	0.303719	0.0029985	0.0101576	0.0600714	0.283474
183	0.0100023	0.0476753	0.313785	0.005997	0.0101576	0.0593041	0.27307
184	0.0100015	0.0481491	0.331948	0.00749625	0.0101576	0.058375	0.27307
185	0.0100015	0.0472859	0.3097	0.005997	0.0103085	0.0571671	0.254573
186	0.0100015	0.0482637	0.331948	0.0104948	0.0103085	0.0558503	0.254573
187	0.0100015	0.0487886	0.365373	0.0104948	0.0103085	0.0542334	0.257934
188	0.0100015	0.0486871	0.366405	0.00749625	0.0101576	0.0533494	0.247286
189	0.0100015	0.0492189	0.360985	0.0089955	0.0101576	0.0530649	0.24143
190	0.0100015	0.0486796	0.353584	0.00749625	0.0103085	0.0541418	0.268925
191	0.0100015	0.0466392	0.331948	0.00449775	0.0103654	0.0544932	0.283474
192	0.0100015	0.0463067	0.331948	0.005997	0.0105575	0.0548261	0.312348
193	0.0100015	0.0460908	0.346837	0.005997	0.0105575	0.0557539	0.336781
194	0.0100015	0.0458826	0.331948	0.00449775	0.0105575	0.0554673	0.366577
195	0.0100015	0.0459608	0.348091	0.00449775	0.0105575	0.055647	0.37508
196	0.0100015	0.0457116	0.348091	0.00449775	0.0105575	0.055571	0.366577
197	0.0100015	0.0464268	0.354821	0.00749625	0.0105575	0.0559022	0.396188
198	0.0100015	0.0483418	0.372944	0.011994	0.010083	0.056317	0.485385
199	0.0100015	0.0478009	0.36848	0.0104948	0.0105575	0.0577776	0.547267
200	0.0100015	0.0475745	0.36848	0.0104948	0.010083	0.0570571	0.485385
201	0.0100015	0.0498493	0.45388	0.0224888	0.0105575	0.0582709	0.553179
202	0.0100015	0.0475393	0.399879	0.0164918	0.010083	0.0586197	0.572892
203	0.0100015	0.0471363	0.36848	0.0164918	0.010083	0.0598889	0.707274
204	0.0100015	0.0471201	0.36848	0.0164918	0.010083	0.0595536	0.732584
205	0.0100015	0.0465104	0.365373	0.0149925	0.0102127	0.062774	1.27484
206	0.0100015	0.0459211	0.36848	0.0134933	0.010083	0.064663	1.35257
207	0.0100015	0.045157	0.366405	0.0104948	0.010083	0.0656079	1.40407
208	0.0100015	0.0444596	0.365373	0.00749625	0.010083	0.0679628	1.71396
209	0.0100015	0.0457489	0.418514	0.0134933	0.010083	0.0684934	1.71396
210	0.0100015	0.0456612	0.399879	0.011994	0.010083	0.0693029	1.71396
211	0.0100015	0.0446922	0.36848	0.0104948	0.010083	0.0702405	1.89177
212	0.0100023	0.0461062	0.399879	0.0104948	0.010083	0.0726536	1.89177
213	0.0100023	0.0463023	0.399879	0.0089955	0.010083	0.0735626	1.71396
214	0.0100023	0.0473284	0.399879	0.0089955	0.010083	0.0748688	1.71396
215	0.0100023	0.0472246	0.393932	0.00749625	0.010083	0.0739146	1.89177
216	0.0100023	0.0472085	0.389676	0.00749625	0.010535	0.0734664	2.07032
217	0.0100023	0.0465155	0.366405	0.00449775	0.010535	0.0767798	2.07032
218	0.0100023	0.0468841	0.36848	0.0029985	0.010083	0.0799501	2.176
219	0.0100023	0.0475373	0.36848	0.00449775	0.010083	0.0857984	4.52213
220	0.0100023	0.0464862	0.358833	0.0029985	0.0104703	0.0914811	6.08291
221	0.0100023	0.0459143	0.348673	0.00149925	0.010083	0.0930938	6.08291
222	0.0100023	0.0458476	0.346837	0.0029985	0.010083	0.0929066	6.35698
223	0.0100023	0.0456185	0.358962	0.00449775	0.0100289	0.0908483	6.08291
224	0.0100023	0.0462813	0.379952	0.005997	0.0100289	0.0863009	5.91055
225	0.0100023	0.0470044	0.385392	0.00749625	0.0104703	0.0872797	6.12823
226	0.0100023	0.0471086	0.385392	0.005997	0.0104703	0.0896395	6.94795
227	0.0100023	0.0477144	0.412831	0.0089955	0.0100289	0.0913778	5.91055
228	0.0100023	0.0479253	0.421938	0.0089955	0.0100289	0.0993082	6.35698
229	0.0100023	0.0475973	0.418514	0.00749625	0.0100289	0.0981717	5.76874
230	0.0100023	0.0466193	0.412831	0.0089955	0.0100174	0.0997635	5.91055
231	0.0100023	0.046495	0.411314	0.00749625	0.0100289	0.0978221	5.36719
232	0.0100023	0.0472501	0.412831	0.00749625	0.0100174	0.0986943	4.48478
233	0.0100712	0.0478865	0.412831	0.005997	0.0100174	0.0991244	4.48478
234	0.0100712	0.0495562	0.433612	0.00749625	0.0100289	0.0983013	3.9988
235	0.0100712	0.051273	0.49195	0.0104948	0.0100174	0.104425	3.9988
236	0.0100712	0.05141	0.499699	0.00749625	0.0100289	0.106881	3.9988
237	0.0100712	0.0525507	0.499699	0.00749625	0.0100174	0.109594	4.14085
238	0.0100712	0.0528846	0.474456	0.00749625	0.0103034	0.129738	6.71796
239	0.0102654	0.0537621	0.499699	0.00749625	0.0100289	0.146519	11.3109
240	0.0102654	0.0540321	0.549388	0.0104948	0.0100174	0.159738	11.3109
241	0.0102654	0.0543941	0.596514	0.00749625	0.0100174	0.171596	12.7354
242	0.0100853	0.0558716	0.596514	0.0089955	0.010083	0.178602	11.3109
243	0.0100853	0.0599454	0.682946	0.0209895	0.010083	0.168429	6.5734
244	0.0101499	0.0725393	1.15606	0.0509745
