		omega		Posterior		rho				Synonymous theta			kappa			phi	
Site	Lower	Point	Higher	prob of +ve	Lower	Point	Higher		Lower	Point	Higher	Lower	Point	Higher	Lower	Point	Higher
	95% HPD	estimate	95% HPD	selection	95% HPD	estimate	95% HPD		95% HPD	estimate	95% HPD	95% HPD	estimate	95% HPD	95% HPD	estimate	95% HPD
0	0.0102402	0.0501441	0.300256	0.0134933	0.0100234	0.518667	63.3801		0.0597848	0.0755126	0.0961815	2.90579	5.52925	9.42193	0	0	0
1	0.0102402	0.0483827	0.277168	0.00749625	0.0100234	0.521902	63.3801
2	0.0101431	0.0465439	0.255345	0.005997	0.0100234	0.529121	63.3801
3	0.0102402	0.0453595	0.252108	0.005997	0.0100234	0.473455	63.3801
4	0.0102402	0.0449566	0.253218	0.005997	0.0100234	0.454178	62.603
5	0.0102402	0.0446426	0.253218	0.005997	0.0100234	0.427536	62.603
6	0.010327	0.0450992	0.253218	0.005997	0.0100234	0.396584	62.603
7	0.0102402	0.0449294	0.246168	0.00449775	0.0100234	0.366502	60.6746
8	0.0101431	0.0431018	0.197414	0.00149925	0.0100234	0.356492	60.0604
9	0.0101431	0.0430969	0.204113	0.00149925	0.0104283	0.332922	62.603
10	0.0102402	0.0436465	0.232571	0.00149925	0.0107675	0.320947	57.5775
11	0.0102402	0.0432918	0.232571	0.00149925	0.0104977	0.330354	55.7288
12	0.0102402	0.0434221	0.232571	0.00149925	0.0104283	0.316533	52.6271
13	0.0102402	0.0436463	0.232571	0.00149925	0.0104977	0.29473	55.7288
14	0.010327	0.0448484	0.238926	0.00149925	0.0105994	0.270183	51.4278
15	0.010327	0.0453022	0.240783	0	0.0104283	0.239523	37.8677
16	0.010327	0.0457351	0.239758	0	0.0104283	0.208751	27.1331
17	0.010327	0.0456573	0.239758	0	0.0107675	0.181146	20.3233
18	0.010327	0.0454624	0.239758	0	0.0107675	0.166294	17.1318
19	0.010327	0.0457549	0.244437	0	0.0107675	0.145609	11.0542
20	0.0102181	0.0471033	0.251648	0	0.0107675	0.141978	10.4093
21	0.0100855	0.0465514	0.244437	0	0.0104283	0.143143	9.26558
22	0.0100855	0.0471661	0.244437	0	0.0107772	0.140681	8.98414
23	0.010327	0.0483348	0.251648	0	0.0107772	0.157999	12.0042
24	0.010327	0.0488099	0.251648	0	0.0107772	0.183445	19.7814
25	0.0102181	0.0494971	0.244437	0	0.0107772	0.184082	14.0405
26	0.0102181	0.0501788	0.244437	0	0.0107772	0.170822	12.8612
27	0.0100855	0.050123	0.244437	0	0.0107772	0.146615	11.4703
28	0.010327	0.0516898	0.275357	0	0.0107732	0.12466	9.78418
29	0.0100855	0.0528188	0.277751	0	0.0101711	0.112034	8.23694
30	0.0102181	0.0553437	0.288725	0.0029985	0.0101711	0.100889	5.99131
31	0.010327	0.0569588	0.308087	0.00149925	0.0100034	0.0808718	4.02281
32	0.0106774	0.0613942	0.31059	0.00149925	0.0100034	0.0688464	2.51173
33	0.0106774	0.068949	0.338721	0.0029985	0.0100034	0.0580613	0.77267
34	0.0106774	0.0790321	0.404062	0.00449775	0.0102029	0.0558302	0.603788
35	0.0106774	0.0870773	0.537053	0.005997	0.0102029	0.0543445	0.601764
36	0.0131219	0.10983	0.85543	0.0134933	0.0102029	0.0529129	0.575562
37	0.0176016	0.132928	1.01316	0.0164918	0.0102029	0.052488	0.575562
38	0.0176893	0.16527	1.02197	0.0284858	0.0102029	0.0515114	0.575562
39	0.0255037	0.191715	1.22357	0.0314843	0.0100034	0.0523683	0.575562
40	0.026535	0.196904	1.38672	0.0344828	0.0100034	0.0536601	0.601764
41	0.0284114	0.20609	1.17699	0.0344828	0.0102029	0.0528606	0.495913
42	0.0284114	0.215227	1.16773	0.041979	0.0102029	0.0524833	0.490345
43	0.0385529	0.247687	1.47842	0.0674663	0.0103007	0.0514803	0.433216
44	0.0196071	0.192085	1.47842	0.0584708	0.0103007	0.0500589	0.366193
45	0.0101449	0.145096	0.85543	0.0404798	0.0100034	0.0483694	0.33999
46	0.0110412	0.112219	0.85543	0.0254873	0.0101523	0.0471384	0.357062
47	0.0101449	0.0942115	0.610704	0.0104948	0.0101523	0.0505743	0.433216
48	0.0101399	0.0807936	0.52268	0.00449775	0.0100702	0.0506479	0.485043
49	0.0101399	0.0715517	0.468226	0.0029985	0.0100702	0.0497413	0.433216
50	0.0101399	0.0626551	0.399804	0.00149925	0.0100702	0.0508184	0.485043
51	0.0101399	0.0566521	0.332883	0.00149925	0.0101523	0.054395	0.650391
52	0.0101399	0.0549387	0.326673	0.00149925	0.0100702	0.0561869	0.772247
53	0.0101399	0.0526349	0.305892	0.00149925	0.0100702	0.0559014	0.652408
54	0.0101399	0.0513122	0.299772	0.00149925	0.0100702	0.0627307	0.96302
55	0.0101399	0.048465	0.275357	0.00149925	0.0101756	0.0628978	1.01685
56	0.0101399	0.047774	0.275357	0.00149925	0.0100702	0.0632946	1.04728
57	0.0102832	0.0448776	0.253938	0	0.0100702	0.0636487	1.04728
58	0.0101399	0.0425074	0.237699	0	0.0100702	0.0664409	1.40147
59	0.010121	0.0423367	0.235842	0.00149925	0.0100702	0.0740378	1.98338
60	0.010121	0.0418789	0.224071	0	0.0100702	0.0743139	1.98338
61	0.010121	0.0417711	0.224071	0	0.0100702	0.0743385	1.71255
62	0.010121	0.0410761	0.224071	0	0.0100702	0.0770252	2.04948
63	0.010121	0.0409923	0.225161	0	0.0100702	0.0757747	1.84501
64	0.010121	0.0413393	0.225161	0	0.0100702	0.0742588	1.59247
65	0.010121	0.041088	0.227477	0	0.0100702	0.0753117	1.45672
66	0.010121	0.0414684	0.232075	0	0.0100702	0.0779403	2.30663
67	0.010121	0.0412674	0.232075	0	0.0100702	0.0792669	4.74653
68	0.0100739	0.0409269	0.232851	0	0.0100702	0.0839151	5.35571
69	0.0100739	0.0410316	0.234588	0.00149925	0.0101756	0.0854339	5.35571
70	0.0100739	0.0416071	0.239758	0.00449775	0.0100702	0.0837783	3.77774
71	0.0101399	0.0408235	0.232075	0	0.0100702	0.0833751	2.54059
72	0.0101399	0.041171	0.232075	0	0.0106145	0.0810298	2.22889
73	0.0101753	0.0417863	0.234588	0	0.0108146	0.0785619	2.14563
74	0.0102832	0.0418098	0.237092	0	0.0108146	0.0776198	2.14563
75	0.0102832	0.041942	0.237699	0	0.0111435	0.0761888	2.14563
76	0.0101753	0.0411806	0.234588	0	0.0106145	0.0765622	2.22889
77	0.0102554	0.0413704	0.237699	0	0.0106145	0.0741196	2.6967
78	0.0100739	0.0431425	0.239758	0	0.0113153	0.0791397	3.46587
79	0.0100739	0.045594	0.253938	0	0.0105022	0.0796102	4.10817
80	0.0103795	0.0501338	0.358982	0.005997	0.0113319	0.0806878	5.35571
81	0.0100739	0.0547621	0.428481	0.011994	0.0105022	0.0807965	5.35571
82	0.0100739	0.0603618	0.525138	0.0134933	0.0105022	0.0829274	5.989
83	0.0101753	0.0680671	0.736574	0.0224888	0.0108726	0.08438	8.99662
84	0.0100657	0.0883381	1.2378	0.0614693	0.0105197	0.0853597	8.99662
85	0.0100739	0.154512	2.21592	0.166417	0.0105022	0.0861854	8.99662
86	0.0363255	0.856795	8.95896	0.533733	0.0108726	0.0909614	10.162
87	0.0335558	1.02748	9.439	0.587706	0.0105022	0.0498	0.369112
88	0.010002	0.104528	1.99149	0.145427	0.0105022	0.0467725	0.221005
89	0.010002	0.0608558	1.06936	0.0509745	0.010395	0.0451136	0.199729
90	0.010002	0.0484145	0.70414	0.0269865	0.010395	0.0440814	0.168263
91	0.010002	0.0407589	0.394784	0.0164918	0.010395	0.0435927	0.157942
92	0.010002	0.0375612	0.281732	0.00749625	0.0105022	0.0436941	0.156599
93	0.010002	0.0350024	0.227477	0.005997	0.010395	0.0431956	0.151605
94	0.010002	0.0325826	0.201964	0.0029985	0.010395	0.0426662	0.149279
95	0.010002	0.0313132	0.196298	0.00449775	0.010395	0.0430568	0.149279
96	0.010002	0.0301169	0.177774	0.0029985	0.010395	0.0429273	0.14617
97	0.010002	0.0294309	0.171422	0.0029985	0.0101902	0.0432276	0.151605
98	0.010002	0.0284046	0.147422	0.0029985	0.0101902	0.0432484	0.151605
99	0.010002	0.0281124	0.143108	0.00149925	0.0105621	0.0435326	0.157942
100	0.010002	0.027706	0.145921	0	0.0105621	0.0425694	0.14617
101	0.010002	0.0274256	0.145921	0	0.0105621	0.0426082	0.145445
102	0.010002	0.02705	0.139484	0	0.0105621	0.042852	0.151605
103	0.010002	0.0268651	0.134478	0	0.0105621	0.0422258	0.14617
104	0.010002	0.0264814	0.134478	0	0.0105621	0.0425046	0.14617
105	0.010002	0.0259314	0.123658	0	0.0105621	0.0428281	0.14617
106	0.010002	0.0256619	0.122147	0	0.0105621	0.0428526	0.14617
107	0.010002	0.0256721	0.119101	0.00149925	0.0108725	0.042965	0.148327
108	0.010002	0.0253146	0.11137	0.00149925	0.0105621	0.0429631	0.14617
109	0.010002	0.0252816	0.11137	0.00149925	0.0108725	0.0427446	0.147624
110	0.010002	0.0250408	0.110484	0.00149925	0.0111187	0.0420667	0.147624
111	0.010002	0.0249081	0.106651	0.00149925	0.0101902	0.042323	0.132667
112	0.010002	0.0239889	0.105107	0	0.0104822	0.042518	0.132667
113	0.010002	0.0238998	0.105136	0	0.0111187	0.0433759	0.149219
114	0.010002	0.0239431	0.106147	0	0.0108725	0.0439332	0.148327
115	0.010002	0.0236487	0.101894	0	0.0104822	0.0445623	0.149219
116	0.010002	0.0235762	0.0988243	0	0.0104822	0.0444393	0.151605
117	0.010002	0.0232397	0.0967832	0	0.0104822	0.0445677	0.151605
118	0.0100197	0.0231156	0.0969043	0	0.0108726	0.0437154	0.148327
119	0.010002	0.0233869	0.0967832	0.00149925	0.0108726	0.0435184	0.148327
120	0.010002	0.0230702	0.0967832	0.00149925	0.0105621	0.0435402	0.14617
121	0.010002	0.0224712	0.0944047	0	0.0108726	0.0439628	0.148327
122	0.010002	0.0223561	0.0937801	0	0.0104418	0.043947	0.14617
123	0.010002	0.0220078	0.0888224	0	0.0108726	0.0439726	0.151605
124	0.010002	0.0220726	0.0919879	0	0.0101902	0.0448797	0.151605
125	0.010002	0.0224168	0.0967832	0.00149925	0.0110086	0.0460319	0.168273
126	0.010002	0.0221516	0.0898528	0	0.0104418	0.0478611	0.179149
127	0.010002	0.0224272	0.0944047	0	0.0104418	0.0486669	0.18109
128	0.010002	0.0217075	0.0734676	0	0.0104418	0.0518683	0.19136
129	0.010002	0.0215262	0.0707552	0	0.0104418	0.0520138	0.19136
130	0.010002	0.0215424	0.0682504	0	0.0104418	0.0510256	0.179149
131	0.010002	0.0211841	0.0681527	0	0.0108726	0.051795	0.207692
132	0.010002	0.0212271	0.0682136	0	0.0108726	0.0529708	0.207692
133	0.010002	0.0215243	0.0719922	0	0.0113319	0.0513759	0.207692
134	0.010002	0.0219077	0.0811996	0	0.0109761	0.051456	0.207692
135	0.010002	0.0218674	0.0851681	0	0.0108726	0.0504708	0.205047
136	0.010002	0.0219565	0.0851681	0	0.0108726	0.0505424	0.211265
137	0.010002	0.0219583	0.0851681	0	0.0100544	0.0541157	0.225572
138	0.010002	0.0219136	0.0833006	0	0.0100544	0.0542413	0.23527
139	0.010002	0.0216363	0.0740767	0	0.0100309	0.0557133	0.255755
140	0.010002	0.0219214	0.0857618	0	0.0100309	0.0552654	0.255755
141	0.010002	0.0218298	0.0851681	0	0.0100544	0.0547568	0.215034
142	0.010002	0.0217185	0.0937801	0	0.0112929	0.0550078	0.257258
143	0.010002	0.0216217	0.0937801	0	0.0101464	0.0548038	0.229366
144	0.010002	0.0216254	0.0833006	0	0.0117414	0.0542863	0.257258
145	0.010002	0.0214156	0.0779352	0	0.0101464	0.0539904	0.224129
146	0.010002	0.0213548	0.092939	0	0.0101464	0.054916	0.242236
147	0.010002	0.0213313	0.0833006	0	0.0112929	0.0549942	0.252493
148	0.010002	0.0212652	0.0833006	0	0.0105245	0.0539241	0.23873
149	0.010002	0.0221306	0.103789	0.00749625	0.0105245	0.0542046	0.23873
150	0.010002	0.021136	0.0740767	0	0.0105245	0.054139	0.23873
151	0.010002	0.0207529	0.0708273	0	0.0105245	0.0539714	0.218766
152	0.010002	0.020754	0.0705345	0	0.0113319	0.0547204	0.257258
153	0.010002	0.0208835	0.0708273	0	0.0105245	0.0543685	0.224129
154	0.010002	0.0209205	0.0708273	0	0.0113319	0.0552183	0.257258
155	0.010002	0.0210576	0.0716293	0	0.0105245	0.0559491	0.243764
156	0.010002	0.0210147	0.0708273	0.00149925	0.0113319	0.0561637	0.26562
157	0.010002	0.020677	0.0705345	0	0.0105245	0.0553183	0.242236
158	0.010002	0.0205527	0.0685122	0	0.0105245	0.0563694	0.251832
159	0.010002	0.0202852	0.067753	0	0.0105245	0.0575995	0.26562
160	0.010002	0.0201345	0.0666674	0	0.0101464	0.0583757	0.26562
161	0.010002	0.0201046	0.0662358	0	0.0105245	0.0577263	0.257258
162	0.010002	0.0203163	0.067753	0	0.0105245	0.0587239	0.265037
163	0.010002	0.020562	0.0685122	0	0.0105245	0.0576019	0.248908
164	0.010002	0.0211133	0.0705345	0.005997	0.0105608	0.0572584	0.252493
165	0.010002	0.0206371	0.0662358	0.00449775	0.0105245	0.057935	0.248908
166	0.010002	0.0205632	0.0662358	0.00149925	0.0105245	0.0596375	0.252493
167	0.010002	0.0206517	0.0662358	0	0.0105245	0.0600614	0.252493
168	0.010002	0.0204186	0.063582	0	0.0105245	0.0596071	0.248908
169	0.010002	0.0207941	0.0667705	0.00149925	0.0105245	0.0595305	0.248908
170	0.010002	0.0207164	0.0662358	0.00149925	0.0105245	0.0597611	0.243764
171	0.010002	0.0209243	0.0669053	0	0.0105245	0.0600147	0.246507
172	0.010002	0.0210588	0.0666674	0	0.01037	0.0619033	0.26562
173	0.010002	0.0213216	0.0667705	0	0.01037	0.0620001	0.278786
174	0.010002	0.0214631	0.0669053	0	0.01037	0.0619227	0.296745
175	0.010002	0.0210474	0.0657025	0	0.0105608	0.0623469	0.314252
176	0.010002	0.020708	0.0629349	0	0.0105608	0.0628786	0.341657
177	0.0100006	0.0206952	0.0615575	0	0.01037	0.061996	0.315125
178	0.0100006	0.0207302	0.059851	0	0.010257	0.0582257	0.258718
179	0.0100006	0.0209305	0.0643618	0	0.0105608	0.0565702	0.252994
180	0.0100006	0.0208179	0.063582	0	0.0105608	0.0554129	0.243764
181	0.0100006	0.0207809	0.063582	0	0.0101329	0.0535154	0.241499
182	0.0100006	0.0205736	0.059851	0	0.0101329	0.0529081	0.252493
183	0.0100006	0.0205228	0.0609777	0	0.0101329	0.0503009	0.235836
184	0.0100006	0.0204799	0.0609777	0	0.0101329	0.0490042	0.217874
185	0.0100006	0.0204797	0.0609777	0	0.0101329	0.0494182	0.218766
186	0.0100006	0.0206532	0.0637364	0	0.0101329	0.0485376	0.205047
187	0.0100006	0.0209791	0.0661412	0	0.0101329	0.0480039	0.205047
188	0.010024	0.0210859	0.0669053	0	0.0101329	0.0474491	0.192727
189	0.0100006	0.0209937	0.0661412	0	0.0101329	0.0454354	0.181505
190	0.0100006	0.0211766	0.0669053	0	0.0101329	0.0435873	0.166755
191	0.010024	0.0208868	0.0637959	0	0.0101329	0.0433398	0.181505
192	0.0100006	0.020957	0.0637959	0	0.0101329	0.0413223	0.163474
193	0.010024	0.020985	0.0642225	0	0.0101329	0.0403877	0.158468
194	0.010024	0.0210276	0.0642225	0	0.0101329	0.0388515	0.139752
195	0.0100006	0.0212706	0.0671034	0.00149925	0.0100344	0.0379823	0.135507
196	0.0100006	0.02138	0.0678215	0.00149925	0.0100344	0.0379547	0.135722
197	0.0100006	0.021288	0.0678215	0.00149925	0.0100344	0.0376454	0.135722
198	0.0100006	0.0215589	0.0691132	0.0029985	0.0101329	0.0377819	0.139752
199	0.0100006	0.0212695	0.0678215	0	0.0101329	0.0376026	0.139752
200	0.0100006	0.0216388	0.0704468	0.00149925	0.0100344	0.0370466	0.135722
201	0.0100481	0.0217558	0.0716293	0	0.0100344	0.0372071	0.139248
202	0.0100006	0.0221673	0.0748475	0.00149925	0.0100344	0.0373491	0.139752
203	0.0100006	0.0221322	0.0708115	0.0029985	0.0100344	0.0375437	0.155741
204	0.0100006	0.0218732	0.0704468	0	0.0100344	0.0383101	0.158468
205	0.0100006	0.022098	0.0748475	0	0.0100344	0.0386156	0.160381
206	0.0100006	0.0221231	0.0759857	0	0.0100344	0.0383259	0.158468
207	0.0100006	0.0221171	0.0765783	0	0.0100344	0.038713	0.160044
208	0.0100305	0.0219168	0.0716293	0	0.0100344	0.0388828	0.160044
209	0.0100305	0.0220638	0.0748475	0	0.0100344	0.0396625	0.165344
210	0.0100305	0.0221881	0.0765783	0	0.0100344	0.040044	0.165344
211	0.0100305	0.022351	0.0782369	0	0.0101499	0.0405078	0.175496
212	0.0100305	0.0219987	0.0759857	0	0.0102271	0.0410476	0.185399
213	0.0100305	0.022289	0.077074	0	0.010176	0.0410479	0.185137
214	0.0100305	0.0220944	0.0748475	0	0.0100352	0.0422712	0.195398
215	0.0100305	0.0220012	0.0740255	0	0.010053	0.0421105	0.193332
216	0.0100305	0.0224115	0.077074	0.00149925	0.010053	0.042875	0.193332
217	0.0100943	0.022172	0.0761749	0	0.0100352	0.0448731	0.222074
218	0.0100943	0.0222799	0.0765783	0	0.0101499	0.0453642	0.233387
219	0.0100943	0.0227172	0.0783355	0	0.0100352	0.0457922	0.231418
220	0.0100305	0.0230826	0.0821409	0	0.0101499	0.045895	0.231418
221	0.0100943	0.0234817	0.0875967	0	0.0101499	0.0464419	0.231418
222	0.0100943	0.0235875	0.0878903	0	0.0100352	0.0482692	0.231418
223	0.0100305	0.0235799	0.0846558	0	0.0101499	0.0488804	0.233387
224	0.0100305	0.0238072	0.0841392	0	0.0101499	0.0507116	0.241045
225	0.0100305	0.024003	0.0909884	0.00149925	0.0100352	0.0518356	0.241045
226	0.0100943	0.0246039	0.0957725	0.00149925	0.010176	0.0553743	0.26834
227	0.0100943	0.024273	0.0957725	0.00149925	0.010176	0.0561287	0.271844
228	0.0100943	0.0241744	0.0957725	0.00149925	0.0101921	0.057509	0.274413
229	0.0100943	0.0242205	0.0957725	0.00149925	0.010353	0.057937	0.27417
230	0.0100305	0.0243531	0.0957725	0.00149925	0.0100046	0.0609244	0.274413
231	0.0100305	0.0240059	0.0909884	0	0.0100046	0.0634737	0.297299
232	0.0100305	0.0240854	0.0909884	0	0.0100046	0.0723823	0.4212
233	0.0100305	0.0238908	0.0901334	0	0.0100046	0.075329	0.475743
234	0.0100305	0.0242421	0.0942511	0	0.0100046	0.0811146	0.58118
235	0.0100503	0.0243754	0.0957725	0	0.0100046	0.0882167	0.749838
236	0.0100305	0.0244778	0.0976049	0	0.0100046	0.0979194	0.786623
237	0.0100305	0.0246694	0.0997012	0	0.0100046	0.108049	1.16427
238	0.0100503	0.0249319	0.0997012	0	0.0131572	0.10919	1.24278
239	0.0100305	0.0256815	0.110597	0	0.0101104	0.0927411	0.561119
240	0.0100305	0.0260472	0.110597	0	0.012574	0.085271	0.534318
241	0.0100943	0.026197	0.112625	0	0.0123771	0.0827057	0.534318
242	0.0100305	0.0264606	0.114625	0	0.0112841	0.0826233	0.436951
243	0.0102082	0.0269789	0.120548	0	0.0130941	0.0759232	0.412229
244	0.0100305	0.0273415	0.122228	0	0.0131441	0.0730189	0.410333
245	0.0100943	0.028531	0.132939	0	0.0101104	0.0703322	0.287007
246	0.0100943	0.0284421	0.132939	0	0.0100497	0.0695477	0.278945
247	0.0102627	0.0289779	0.141175	0	0.012574	0.0681343	0.341032
248	0.0100305	0.0298098	0.141175	0	0.0131441	0.0686138	0.333944
249	0.0102627	0.0304145	0.148923	0	0.0131441	0.0674757	0.329303
250	0.0100943	0.0306099	0.148716	0	0.0131441	0.067763	0.341032
251	0.0102627	0.0313058	0.157046	0	0.0107277	0.0664637	0.274489
252	0.0100305	0.0319815	0.15779	0	0.0131441	0.0660397	0.345721
253	0.0100305	0.0326704	0.160865	0	0.0131441	0.0676103	0.352092
254	0.0100305	0.0334844	0.170578	0	0.0117301	0.0682839	0.328637
255	0.0102627	0.0341555	0.178238	0	0.0131441	0.069945	0.372161
256	0.0102627	0.0350854	0.195112	0.00149925	0.0117301	0.0700663	0.345721
257	0.0102627	0.0354213	0.195112	0	0.0117301	0.0699276	0.345721
258	0.0102627	0.0372315	0.205918	0	0.0131441	0.0720875	0.400685
259	0.0100305	0.0390769	0.205918	0.00149925	0.0117301	0.0731416	0.370446
260	0.0100943	0.0406509	0.238049	0.00149925	0.012121	0.0754276	0.399798
261	0.0100943	0.0429119	0.25055	0.00149925	0.0117478	0.073508	0.372161
262	0.0100305	0.0446197	0.256471	0.00149925	0.012212	0.0739137	0.400685
263	0.0104919	0.0467855	0.283018	0.00149925	0.0113327	0.076304	0.400685
264	0.0103302	0.0508684	0.307789	0.00149925	0.0107404	0.0800131	0.400685
265	0.0105044	0.0532909	0.314679	0	0.0107404	0.0815208	0.416379
266	0.0106219	0.0555296	0.314679	0	0.0117478	0.0856038	0.472727
267	0.0104628	0.0606093	0.318511	0	0.0114261	0.084933	0.472727
268	0.0108376	0.0687752	0.358334	0.00149925	0.0122294	0.0843206	0.538115
269	0.0112067	0.0775681	0.395243	0.0029985	0.0101104	0.0879846	0.472727
270	0.0111228	0.0931104	0.496587	0.005997	0.0101104	0.0971475	0.616324
271	0.0111228	0.108771	0.57307	0.0104948	0.012121	0.113028	0.812548
272	0.0127944	0.127339	0.713808	0.011994	0.0133306	0.121224	0.98256
273	0.0123312	0.126149	0.669293	0.0104948	0.0117478	0.134369	0.924949
274	0.0144805	0.130469	0.713808	0.0104948	0.0105382	0.144836	0.910278
275	0.0127944	0.134249	0.669293	0.0104948	0.0159103	0.169393	1.7135
276	0.0144805	0.139914	0.774085	0.0149925	0.0103397	0.192848	1.6882
277	0.0144805	0.142258	0.713808	0.0104948	0.0103397	0.207633	2.41126
278	0.0205515	0.165696	1.03929	0.0284858	0.0103397	0.221882	2.83874
279	0.0182971	0.154009	0.698873	0.0134933	0.010569	0.243365	7.36075
280	0.0205515	0.151825	0.667592	0.005997	0.010569	0.250605	7.98133
281	0.0264319	0.1485	0.706413	0	0.0109115	0.277426	10.2138
282	0.0254674	0.147882	0.667592	0	0.0109115	0.30017	10.2138
283	0.0264319	0.148167	0.667592	0	0.0107889	0.30773	10.2138
284	0.0264319	0.148212	0.667592	0	0.0111921	0.328155	11.8138
285	0.0264319	0.152138	0.595899	0	0.0181034	0.373343	24.2682
286	0.0264319	0.155578	0.612457	0.00149925	0.0138353	0.41822	23.414
287	0.0284012	0.159016	0.667592	0.00149925	0.0134426	0.445329	23.414
288	0.0261571	0.163535	0.595899	0.00149925	0.0134426	0.495422	25.1359
289	0.0261571	0.167537	0.595899	0.0029985	0.0143962	0.549394	26.0319
290	0.0282002	0.176773	0.629838	0.0029985	0.0319767	0.583698	55.6738
291	0.0336633	0.187129	0.667592	0.00449775	0.030301	0.688329	63.8241
292	0.0379912	0.196284	0.680515	0.00449775	0.0165337	0.625764	35.6234
293	0.0379912	0.196656	0.667592	0.00449775	0.0182821	0.676333	35.6234
294	0.0392212	0.202132	0.667592	0.005997	0.0181034	0.537487	26.6186
295	0.0394167	0.206995	0.667592	0.00449775	0.0106003	0.335216	7.8805
296	0.0390296	0.212315	0.667592	0.00449775	0.0104493	0.303457	4.22062
297	0.0379912	0.216272	0.680515	0.005997	0.0104493	0.289528	1.84186
298	0.0379912	0.237459	0.774085	0.0194903	0.0104493	0.250254	1.04945
299	0.0524958	0.253479	0.895657	0.017991	0.0106003	0.231039	0.862129
300	0.0362229	0.255157	0.751253	0.0224888	0.0108429	0.226391	0.877057
301	0.0353015	0.253541	0.747189	0.0224888	0.0106003	0.234928	0.862129
302	0.0353015	0.263834	0.747189	0.0254873	0.0113005	0.238662	0.862129
303	0.0505255	0.2696	1.23173	0.0314843	0.0181034	0.232407	1.08731
304	0.0629017	0.306981	1.69752	0.065967	0.0181034	0.236113	1.08731
305	0.092971	0.354353	1.68696	0.0824588	0.0228423	0.244518	1.2657
306	0.087985	0.381995	1.79784	0.103448	0.027836	0.248916	1.22301
307	0.0892073	0.3967	2.00094	0.112444	0.023461	0.247685	1.08731
308	0.0722202	0.367421	1.70602	0.0929535	0.0228423	0.241592	1.08731
309	0.0739415	0.36834	1.96707	0.0944528	0.0247187	0.236836	1.08731
310	0.0422942	0.289006	1.13015	0.0449775	0.027836	0.238323	0.980994
311	0.0335307	0.260181	0.843278	0.0329835	0.0281594	0.239587	0.980994
312	0.0335307	0.232772	0.806608	0.0209895	0.0281594	0.239096	0.862129
313	0.030634	0.219969	0.761386	0.017991	0.0434495	0.249064	0.980994
314	0.030634	0.208885	0.754118	0.0134933	0.0442119	0.24724	1.04945
315	0.0316562	0.203826	0.754118	0.011994	0.0442119	0.251182	0.932079
316	0.0311316	0.203691	0.754118	0.0134933	0.0459501	0.252523	0.980994
317	0.0311316	0.201856	0.754118	0.0134933	0.0501228	0.253711	1.1188
318	0.0314772	0.203503	0.774085	0.0149925	0.0501228	0.264845	1.1188
319	0.0296702	0.206653	0.796773	0.0209895	0.0639799	0.275846	0.955508
320	0.0231042	0.209133	0.885125	0.0314843	0.0639799	0.290591	0.844733
321	0.0226149	0.224652	1.13015	0.0449775	0.068925	0.304301	0.932079
322	0.0296702	0.261345	1.73884	0.071964	0.0682616	0.290207	0.932079
323	0.0296702	0.252022	1.73884	0.065967	0.0571106	0.265048	0.924927
324	0.0400058	0.258812	3.17331	0.0854573	0.0541454	0.248619	0.924927
325	0.0107215	0.154343	0.744523	0.0329835	0.0445932	0.238614	0.829362
326	0.0107215	0.124062	0.62679	0.023988	0.0394032	0.226137	0.829362
327	0.0105809	0.0981154	0.49518	0.00149925	0.0384675	0.224438	0.829362
328	0.0107215	0.0886634	0.473935	0.00149925	0.0384675	0.217304	0.988469
329	0.0107215	0.0769335	0.452035	0.005997	0.0384675	0.215457	0.988469
330	0.0100661	0.0701166	0.419562	0.005997	0.0279394	0.213412	0.74157
331	0.0107215	0.0657242	0.418589	0.00149925	0.0279394	0.223578	0.782241
332	0.0105242	0.0605751	0.366128	0	0.0279394	0.221567	1.03772
333	0.0100661	0.0578722	0.334955	0	0.015039	0.206926	0.736869
334	0.0107215	0.0536426	0.316061	0	0.0110255	0.173154	0.595202
335	0.0100483	0.049809	0.266908	0	0.0110255	0.148052	0.595079
336	0.0100661	0.0486048	0.258286	0	0.0106613	0.132813	0.553605
337	0.0102816	0.0455169	0.236429	0	0.0102944	0.113761	0.541461
338	0.0102816	0.0459375	0.238804	0	0.0110255	0.0962976	0.5324
339	0.0100483	0.0454117	0.224339	0	0.0100888	0.0830036	0.444977
340	0.0100483	0.0455544	0.226	0	0.0100888	0.0757133	0.400736
341	0.0100483	0.0435962	0.21566	0	0.0100888	0.07273	0.406138
342	0.0100483	0.0428875	0.21566	0.00149925	0.0100888	0.0667066	0.389759
343	0.0100056	0.0423944	0.206586	0.00149925	0.0100888	0.0620534	0.375589
344	0.0100056	0.0424457	0.201571	0.0029985	0.0100888	0.0593853	0.356035
345	0.0100661	0.0421783	0.197785	0	0.0100868	0.057464	0.353316
346	0.0100661	0.0414017	0.189013	0	0.0100868	0.0551679	0.353133
347	0.0100661	0.0413597	0.189013	0	0.0100868	0.0500729	0.316245
348	0.0102816	0.041075	0.189013	0	0.0100868	0.0485965	0.329836
349	0.0102816	0.0411075	0.189013	0	0.0100868	0.0463508	0.312159
350	0.0100483	0.0409217	0.184582	0	0.0100868	0.0449279	0.302824
351	0.0100483	0.04046	0.183172	0	0.0100868	0.0438078	0.301572
352	0.0100483	0.0400708	0.174607	0	0.0108581	0.042312	0.31848
353	0.0102816	0.0405947	0.186292	0	0.0100868	0.0411661	0.283578
354	0.0100483	0.0412527	0.184582	0.00149925	0.0100868	0.0402275	0.268725
355	0.0100483	0.0413964	0.186292	0.005997	0.0100868	0.0400842	0.269454
356	0.0100483	0.0410402	0.183172	0.00449775	0.0100868	0.0402182	0.269454
357	0.0100483	0.0413737	0.189013	0.005997	0.0100508	0.0398382	0.263719
358	0.0100483	0.0404543	0.183172	0.00149925	0.0100868	0.0393551	0.258966
359	0.0100483	0.0419954	0.224339	0.00149925	0.0100868	0.0392881	0.258966
360	0.0100091	0.042772	0.235122	0.00149925	0.0100868	0.0392373	0.258966
361	0.0100091	0.0439892	0.256532	0.00149925	0.0100508	0.0391548	0.258966
362	0.0100483	0.0453412	0.318663	0.0029985	0.0100508	0.0386901	0.247109
363	0.0100483	0.0473779	0.379484	0.00449775	0.0100282	0.0386862	0.247109
364	0.0104458	0.0553648	0.62294	0.0164918	0.0100282	0.0387542	0.247109
365	0.0100661	0.0631563	0.717201	0.0284858	0.0100282	0.0391652	0.247109
366	0.0105636	0.0782871	1.06624	0.053973	0.0100508	0.0390095	0.247109
367	0.0105636	0.106857	1.40031	0.0884558	0.0100868	0.0394083	0.248962
368	0.0106989	0.186835	2.03821	0.167916	0.0100508	0.039467	0.248962
369	0.0379018	0.606375	6.91032	0.371814	0.0100282	0.0400778	0.26264
370	0.0379018	0.621861	5.45336	0.374813	0.0100282	0.0403267	0.255589
371	0.0396196	0.663913	6.34515	0.397301
