		omega		Posterior		rho				Synonymous theta			kappa			phi	
Site	Lower	Point	Higher	prob of +ve	Lower	Point	Higher		Lower	Point	Higher	Lower	Point	Higher	Lower	Point	Higher
	95% HPD	estimate	95% HPD	selection	95% HPD	estimate	95% HPD		95% HPD	estimate	95% HPD	95% HPD	estimate	95% HPD	95% HPD	estimate	95% HPD
0	0.0100512	0.0396419	0.351908	0.005997	0.0243614	1.3507	91.4583		0.0357418	0.0519321	0.069286	4.70106	12.1137	27.9256	0	0	0
1	0.0100069	0.0381129	0.298452	0.00149925	0.0221588	1.32011	91.4583
2	0.0100069	0.0373032	0.242953	0.0029985	0.0164407	1.41257	82.7516
3	0.0100069	0.0362381	0.227118	0.00149925	0.0164407	1.42854	83.3685
4	0.0100069	0.0357947	0.217191	0	0.0162102	1.33584	83.3685
5	0.0100512	0.035825	0.225446	0.00149925	0.0162102	1.12529	86.7175
6	0.0100512	0.035082	0.213542	0	0.0132331	0.822452	67.9611
7	0.0100069	0.0354032	0.213542	0.00449775	0.0126959	0.776851	67.9611
8	0.0100389	0.0362041	0.225446	0.00749625	0.0129295	0.714262	70.9507
9	0.0100069	0.0343183	0.199767	0	0.0129295	0.599482	69.5737
10	0.0100069	0.0340336	0.198957	0	0.0122735	0.583996	63.5585
11	0.0100069	0.0339411	0.199767	0	0.0130919	0.548998	67.9611
12	0.0100069	0.0332937	0.198957	0	0.0102046	0.53947	45.2822
13	0.0100069	0.0328245	0.198957	0.00449775	0.0116129	0.505446	55.6007
14	0.0100069	0.0321679	0.184278	0.0029985	0.0106632	0.542553	45.2822
15	0.0100069	0.031721	0.169295	0.00149925	0.0113578	0.528714	45.2822
16	0.0100069	0.0310726	0.154783	0	0.0116129	0.569724	39.2848
17	0.0100069	0.0308031	0.145972	0	0.0140505	0.605844	58.071
18	0.0100069	0.030825	0.145972	0	0.0140505	0.672692	61.0554
19	0.0100069	0.0303672	0.139145	0	0.0140505	0.713194	58.071
20	0.0100069	0.0312301	0.150424	0.00149925	0.014092	0.708818	61.0554
21	0.0100069	0.0312923	0.154783	0.0029985	0.014092	0.695877	61.0554
22	0.0100069	0.0313336	0.159829	0.00449775	0.0153882	0.72737	63.5585
23	0.0101214	0.0314393	0.159829	0.00449775	0.0181723	0.893228	73.8336
24	0.0100069	0.0307225	0.150424	0	0.0181723	0.964843	79.8468
25	0.0100069	0.0308697	0.150424	0	0.0181723	1.04886	79.8468
26	0.0100069	0.0308215	0.154783	0	0.0181723	1.12704	85.8759
27	0.0100069	0.0303371	0.145972	0	0.0157672	1.17601	77.1429
28	0.0100069	0.030283	0.145972	0.00149925	0.020774	1.28741	98.7241
29	0.0100069	0.0298147	0.145061	0.0029985	0.020774	1.27016	98.7241
30	0.0100069	0.0295459	0.137502	0.005997	0.020774	1.32833	98.7241
31	0.0100069	0.0298249	0.139145	0.005997	0.0217393	1.41312	98.7241
32	0.0100069	0.0296005	0.137502	0.005997	0.0217393	1.51639	98.7241
33	0.0100069	0.0295211	0.137502	0.005997	0.020774	1.60447	98.7241
34	0.0100069	0.0298144	0.139145	0.005997	0.0206397	1.80169	98.7241
35	0.0100069	0.0283865	0.11745	0.0029985	0.0206397	2.0283	99.7988
36	0.0100069	0.0281022	0.115798	0.00149925	0.0206397	2.13648	99.7988
37	0.0100069	0.0280407	0.116782	0	0.0176085	2.04031	99.7988
38	0.0100069	0.0281973	0.11745	0	0.0172571	1.74391	99.7988
39	0.0100069	0.0284264	0.128194	0.00149925	0.0153344	1.55956	94.6357
40	0.0100069	0.0285978	0.132093	0.0029985	0.0153763	1.54879	94.6357
41	0.0100069	0.0286747	0.138594	0.0029985	0.0153344	1.39622	99.7988
42	0.0100069	0.0284818	0.138594	0.0029985	0.0153344	1.36321	97.0066
43	0.0100069	0.0280909	0.132093	0.00149925	0.0153344	1.44986	97.0066
44	0.0100069	0.0280996	0.132093	0.00149925	0.0153763	1.51763	97.0066
45	0.0100069	0.0281271	0.132093	0	0.0157672	1.44159	99.339
46	0.0100069	0.0276486	0.128194	0	0.0100103	1.18838	63.5585
47	0.0100069	0.0273816	0.128194	0	0.0136199	1.16895	83.4767
48	0.0100069	0.0265343	0.11745	0	0.010275	1.00298	63.5585
49	0.0100069	0.0263671	0.11745	0	0.0153344	0.860056	88.813
50	0.0100069	0.0264939	0.12499	0	0.0153344	0.751333	74.3348
51	0.0100069	0.0266299	0.120808	0.00149925	0.0131995	0.743644	58.7192
52	0.0100069	0.0268415	0.125039	0.00449775	0.0126948	0.825101	58.7192
53	0.0100069	0.0263754	0.11745	0.0029985	0.0126948	0.810713	58.7192
54	0.0100069	0.0262739	0.120808	0.00149925	0.0153344	0.815501	66.9524
55	0.010007	0.0259626	0.118227	0	0.0134494	0.823069	57.9672
56	0.0100069	0.0253798	0.108697	0	0.0153344	0.831393	66.1927
57	0.0100069	0.0250014	0.105347	0	0.0157681	0.785784	66.9524
58	0.0100069	0.0253212	0.106449	0.00149925	0.0157681	0.775395	66.9524
59	0.0100069	0.0253552	0.112098	0.00149925	0.0126948	0.81708	53.5431
60	0.0100069	0.0250275	0.108697	0	0.0126948	0.867015	57.5929
61	0.0100069	0.0250284	0.112098	0	0.0153344	0.963373	66.9524
62	0.0100069	0.0248241	0.10618	0	0.0153344	1.12603	68.3249
63	0.0100069	0.0247384	0.103888	0	0.0187	1.25891	80.7073
64	0.0100069	0.0250355	0.10618	0.00149925	0.0251307	1.32973	96.5176
65	0.0100421	0.0248798	0.104098	0.00149925	0.0269335	1.41165	99.4823
66	0.010007	0.0250103	0.112098	0	0.0255852	1.4424	96.5176
67	0.010007	0.0251696	0.117958	0.00149925	0.0276529	1.46475	99.4823
68	0.010007	0.0254807	0.120379	0.0029985	0.029316	1.45962	99.4823
69	0.010007	0.0255311	0.120379	0.0029985	0.0299094	1.43397	96.5176
70	0.010007	0.025469	0.118226	0.0029985	0.0321626	1.28889	96.5176
71	0.010007	0.0256149	0.124319	0.0029985	0.0325475	1.19392	88.3918
72	0.010007	0.0255918	0.118226	0.0029985	0.0329938	1.2163	81.571
73	0.010007	0.0257151	0.124319	0.0029985	0.0329938	1.35085	79.0234
74	0.010007	0.0253489	0.110603	0.0029985	0.0345183	1.43659	79.0234
75	0.010007	0.0251892	0.104098	0.0029985	0.0338483	1.45068	74.476
76	0.010007	0.0252587	0.110603	0	0.0338483	1.48839	82.9947
77	0.010007	0.0247125	0.0963017	0	0.0338483	1.48349	91.7743
78	0.010007	0.0244988	0.0923236	0	0.0330579	1.53928	91.7743
79	0.010007	0.0245144	0.0963017	0	0.0338483	1.56907	90.9822
80	0.010007	0.024393	0.0963017	0	0.0330579	1.50903	98.2121
81	0.010007	0.0245002	0.103888	0	0.0299094	1.54627	98.2121
82	0.010007	0.0252766	0.116654	0	0.0267619	1.53884	98.2121
83	0.010007	0.0252798	0.117958	0	0.0254963	1.53105	98.2121
84	0.010007	0.025426	0.120052	0.00149925	0.0220321	1.4126	98.2121
85	0.010007	0.0252033	0.120379	0	0.0220321	1.30422	99.8671
86	0.010007	0.0248781	0.110891	0	0.024437	1.32804	99.8671
87	0.010007	0.02472	0.110891	0	0.0249114	1.29609	99.8671
88	0.010007	0.0244373	0.11031	0	0.0237182	1.28019	99.8671
89	0.010007	0.0243392	0.11031	0	0.0237182	1.28109	99.6713
90	0.010007	0.024369	0.110573	0	0.0182694	1.27644	94.5628
91	0.010007	0.0247306	0.120052	0.00749625	0.0180945	1.16829	96.2608
92	0.010007	0.0236621	0.104098	0	0.0174115	1.11039	94.5628
93	0.010007	0.023844	0.0972086	0	0.0169404	0.940088	96.2608
94	0.0101214	0.0242688	0.110891	0	0.0120529	0.900756	67.6884
95	0.010007	0.0244561	0.110573	0.00149925	0.0105984	0.928856	56.9082
96	0.010007	0.0246931	0.116654	0	0.0105984	0.916056	56.9082
97	0.010007	0.0249421	0.117958	0.00149925	0.0174115	0.904758	94.5628
98	0.010007	0.0251539	0.124023	0.00149925	0.0120529	0.854085	62.0832
99	0.010007	0.0246769	0.117958	0.00149925	0.0100986	0.777507	43.7878
100	0.0100082	0.0250179	0.125952	0.00449775	0.0100986	0.705813	38.8481
101	0.010007	0.0251346	0.125952	0.0029985	0.0100986	0.629431	34.7695
102	0.0101214	0.0250973	0.125952	0.0029985	0.0100986	0.611543	38.0863
103	0.010007	0.0250059	0.120665	0.00149925	0.0219279	0.633808	90.4336
104	0.010007	0.0249594	0.120379	0.00149925	0.0221678	0.626424	90.4336
105	0.010007	0.0250463	0.120665	0	0.0100986	0.618843	38.1686
106	0.0100421	0.025117	0.125952	0	0.0252218	0.633179	93.3312
107	0.0100421	0.0252204	0.125952	0.00149925	0.0148219	0.597572	62.0832
108	0.0100082	0.0252905	0.125952	0.00149925	0.0148219	0.607423	61.0784
109	0.0101214	0.0251625	0.126441	0.0029985	0.0115477	0.590724	48.1467
110	0.0100082	0.0253016	0.125952	0.0029985	0.0148219	0.616038	64.2293
111	0.0100082	0.0252249	0.125952	0.0029985	0.0148219	0.608316	65.9026
112	0.0100082	0.0252715	0.125952	0.00149925	0.0119783	0.58968	54.669
113	0.0101214	0.0252307	0.125952	0.00149925	0.0106816	0.550543	48.1467
114	0.010007	0.025515	0.125759	0.00149925	0.0105219	0.519688	48.1467
115	0.010007	0.0250717	0.112987	0	0.0105219	0.527065	48.1467
116	0.010007	0.0252713	0.122734	0	0.0111383	0.498931	48.1467
117	0.010007	0.0248241	0.112987	0	0.0115477	0.544665	57.1181
118	0.010007	0.0248439	0.112872	0	0.0103282	0.515245	53.3133
119	0.010007	0.0248156	0.112872	0.00149925	0.0103282	0.513213	53.3133
120	0.010007	0.0250468	0.121471	0.0029985	0.0102857	0.504818	53.3133
121	0.010007	0.0249293	0.112987	0.00149925	0.0111383	0.463855	57.1181
122	0.010007	0.0248314	0.112987	0.0029985	0.0112301	0.450739	57.1181
123	0.010007	0.0246378	0.112872	0.0029985	0.0113532	0.438131	57.1181
124	0.010007	0.0246486	0.112872	0.0029985	0.0112301	0.41157	57.1181
125	0.010007	0.0248003	0.121471	0.0029985	0.0113532	0.404156	57.1181
126	0.010007	0.0244324	0.112872	0.0029985	0.011738	0.396671	57.1181
127	0.010007	0.0240163	0.106243	0	0.0112301	0.41987	58.6711
128	0.010007	0.0239045	0.104767	0	0.0113532	0.406532	61.1154
129	0.010007	0.0239069	0.106243	0	0.0112301	0.402773	57.1181
130	0.010007	0.024139	0.112872	0	0.0113532	0.368739	57.1181
131	0.010007	0.0243106	0.112872	0	0.0112301	0.30278	43.3272
132	0.010007	0.0242742	0.11031	0	0.0103919	0.252309	38.0863
133	0.010007	0.0243	0.11031	0	0.0103919	0.245425	38.0863
134	0.010007	0.0245598	0.112987	0	0.0101508	0.24287	36.0861
135	0.010007	0.0239044	0.104767	0	0.0112301	0.231574	37.422
136	0.010007	0.0243679	0.11031	0	0.0110389	0.215859	37.422
137	0.010007	0.0241725	0.10674	0	0.0101508	0.20258	36.0714
138	0.010007	0.0241042	0.10674	0	0.0103919	0.185997	28.0758
139	0.010007	0.0239251	0.104098	0	0.0101508	0.169166	19.426
140	0.010007	0.023619	0.0999769	0	0.0101508	0.161524	13.4199
141	0.010007	0.0238946	0.104098	0	0.0101336	0.152033	9.21227
142	0.010007	0.0240679	0.104098	0	0.0101336	0.141684	7.9363
143	0.010007	0.0240507	0.104098	0	0.0101336	0.122328	5.03974
144	0.010007	0.0239594	0.104098	0	0.0101336	0.121314	4.59602
145	0.010007	0.0239032	0.104098	0	0.0101336	0.115789	4.39772
146	0.010007	0.0240893	0.104767	0	0.0101336	0.11486	4.07284
147	0.010007	0.0242132	0.104767	0	0.0101336	0.119309	3.98416
148	0.010007	0.0242142	0.104098	0	0.0101336	0.115583	3.92896
149	0.010007	0.0243179	0.0999769	0	0.0101336	0.114526	5.9172
150	0.0100138	0.0242655	0.0999769	0	0.0101336	0.119383	7.19046
151	0.010007	0.0239447	0.0944199	0	0.0101508	0.118648	13.5625
152	0.010007	0.0243161	0.0999769	0.00149925	0.0101336	0.125335	14.172
153	0.010007	0.02426	0.100837	0	0.0101336	0.113203	7.26543
154	0.010007	0.0241229	0.0999769	0	0.0101336	0.108296	6.94272
155	0.010007	0.0243054	0.0999417	0	0.0101336	0.0985515	3.35878
156	0.010007	0.0242066	0.0994438	0	0.0101336	0.0984409	3.98416
157	0.010007	0.0246018	0.10126	0	0.0101336	0.0971591	4.02303
158	0.010007	0.0250069	0.112575	0	0.0101336	0.102927	5.9172
159	0.0100273	0.0251218	0.10126	0	0.0101336	0.112617	9.21227
160	0.0100273	0.0248758	0.10126	0	0.0101336	0.106382	5.41917
161	0.0100138	0.0246236	0.0994438	0	0.0101336	0.100284	4.02303
162	0.0100138	0.0247237	0.0981398	0	0.0101336	0.0896465	2.00508
163	0.0100138	0.0244889	0.0944199	0	0.0101336	0.0857573	1.44841
164	0.0100138	0.0246093	0.0945893	0	0.0101336	0.0817781	1.15487
165	0.0100138	0.0250084	0.0981398	0.0029985	0.0101336	0.0770301	0.621846
166	0.0100138	0.024476	0.0945893	0	0.0101336	0.0744545	0.513461
167	0.0100138	0.0245329	0.0944199	0	0.0102797	0.0749179	0.531988
168	0.0100138	0.0244375	0.0945893	0	0.0102797	0.0735316	0.485715
169	0.0100138	0.0243445	0.0945893	0	0.0102797	0.0722677	0.436104
170	0.0100138	0.0245736	0.0944199	0.00149925	0.0103619	0.0704953	0.40294
171	0.0100138	0.0251545	0.101427	0.0029985	0.0102797	0.0719158	0.406137
172	0.0100138	0.0247205	0.0981398	0	0.0102797	0.0727183	0.406137
173	0.0100138	0.0246434	0.0981398	0	0.0102797	0.0719338	0.398159
174	0.0100138	0.0248549	0.0955159	0	0.0102797	0.0718612	0.398159
175	0.0100273	0.0252805	0.112987	0	0.0102797	0.0726268	0.406137
176	0.0100138	0.0253965	0.112987	0	0.010056	0.0749019	0.460282
177	0.0100138	0.0256512	0.118765	0	0.010056	0.0814592	0.753336
178	0.0100273	0.0257065	0.122226	0.00149925	0.010056	0.0838109	1.08021
179	0.0100273	0.0255091	0.112987	0.00149925	0.010056	0.0846627	1.10465
180	0.0100273	0.0254896	0.115407	0	0.010056	0.0832478	1.01355
181	0.0100273	0.0254452	0.116584	0	0.010056	0.0846964	1.01355
182	0.0100273	0.0254894	0.116584	0	0.010056	0.0844944	1.01355
183	0.0100273	0.0255804	0.115407	0	0.010056	0.0850916	1.01355
184	0.0100273	0.0252708	0.106059	0	0.010056	0.0869382	1.10465
185	0.0100013	0.025073	0.104404	0.00149925	0.010056	0.0925696	1.22345
186	0.0100013	0.025167	0.1033	0.0029985	0.010056	0.101043	1.34449
187	0.0100013	0.0253021	0.101427	0.00449775	0.0102158	0.104348	1.55405
188	0.0100013	0.0249656	0.10126	0.00149925	0.0102158	0.110556	1.83513
189	0.0100013	0.0251932	0.104404	0.00149925	0.0103619	0.115546	1.93311
190	0.0100013	0.0253762	0.104404	0	0.0102158	0.120103	2.49103
191	0.0100013	0.025351	0.104404	0	0.0103619	0.127574	3.5568
192	0.0100013	0.0253455	0.104821	0	0.0102158	0.128145	2.95528
193	0.0100013	0.0248451	0.100617	0	0.0103619	0.132949	3.5568
194	0.0100013	0.0249771	0.10126	0	0.0102158	0.131842	3.30416
195	0.0100013	0.0249672	0.10126	0	0.0102158	0.137875	3.73104
196	0.0100149	0.0251955	0.102764	0	0.0101927	0.146766	5.34353
197	0.0100013	0.0248466	0.100617	0.00149925	0.0101927	0.17457	12.8807
198	0.0100013	0.0247075	0.10126	0.00149925	0.0103619	0.197617	23.5513
199	0.0100013	0.0246542	0.10126	0.00149925	0.0101927	0.216719	32.581
200	0.0100013	0.0246905	0.101427	0.00149925	0.0110069	0.244869	49.7223
201	0.0100013	0.0247384	0.103863	0.00149925	0.0108427	0.248235	49.8966
202	0.0100013	0.0248316	0.104404	0.00149925	0.0123176	0.239731	51.953
203	0.0100013	0.0245365	0.103863	0.00149925	0.0127234	0.231713	51.953
204	0.0100013	0.0244325	0.103863	0.00149925	0.0127234	0.236187	51.953
205	0.0100013	0.0244481	0.104821	0.00149925	0.0131789	0.254543	51.1006
206	0.0100013	0.0242996	0.103863	0.00149925	0.0131789	0.270919	49.7223
207	0.0100013	0.0243644	0.104404	0.00149925	0.0147905	0.297161	51.1006
208	0.0100013	0.0243058	0.104404	0.00149925	0.0127234	0.310233	32.581
209	0.0100013	0.0244691	0.111055	0.00149925	0.0127234	0.297696	28.1444
210	0.0100013	0.0248989	0.116377	0.00149925	0.0131789	0.289692	18.3562
211	0.0100013	0.024958	0.117934	0.00149925	0.0107713	0.28803	18.3562
212	0.0100013	0.0252248	0.121369	0.0029985	0.0107713	0.28628	18.3562
213	0.0100013	0.0251383	0.118844	0.00149925	0.0101245	0.278732	17.7978
214	0.0100013	0.0252563	0.121369	0.00149925	0.0101245	0.262778	17.4068
215	0.0100013	0.0251656	0.117934	0.00149925	0.0101245	0.250043	15.8923
216	0.0100013	0.0252573	0.118844	0.00149925	0.0101555	0.249657	17.4546
217	0.0100013	0.0252389	0.117934	0.00149925	0.0101555	0.249947	17.7978
218	0.0100013	0.0250232	0.117934	0.00149925	0.0101927	0.243001	18.3504
219	0.0100013	0.0250711	0.117934	0.00149925	0.0101927	0.227861	18.3504
220	0.0100013	0.0250075	0.121369	0.00149925	0.0101555	0.218743	17.7978
221	0.0100013	0.0249826	0.103863	0.00149925	0.0101555	0.190506	10.6052
222	0.0100013	0.0255283	0.112882	0.00449775	0.0102575	0.164087	7.34812
223	0.0100013	0.0251263	0.103863	0.00149925	0.0101927	0.142208	3.81325
224	0.0100013	0.0249924	0.108368	0	0.0101555	0.137109	3.25383
225	0.0100013	0.0251258	0.112621	0	0.0101555	0.119848	2.0909
226	0.0100149	0.0251618	0.112621	0	0.0101555	0.111657	1.16506
227	0.0100013	0.0254215	0.112882	0.0029985	0.0101555	0.104016	0.758699
228	0.0100013	0.0254954	0.117934	0.0029985	0.0101555	0.0887044	0.525535
229	0.0100013	0.0258899	0.134581	0.00149925	0.010876	0.0762211	0.401366
230	0.0100013	0.026015	0.142661	0	0.010876	0.0724503	0.380527
231	0.0100013	0.0262189	0.14442	0	0.0101555	0.0707967	0.332456
232	0.0100013	0.0264933	0.14442	0	0.010876	0.0708466	0.371831
233	0.0100013	0.0264644	0.143752	0	0.0101555	0.070635	0.330332
234	0.0100013	0.0265072	0.14442	0	0.0101555	0.0700282	0.330332
235	0.0100013	0.0264866	0.14442	0	0.0101555	0.0698225	0.315309
236	0.0100013	0.0262201	0.14442	0	0.0101927	0.0709107	0.318922
237	0.0100013	0.0262222	0.14886	0	0.0101927	0.073185	0.322623
238	0.0100013	0.026289	0.14886	0	0.010876	0.074718	0.380527
239	0.0100013	0.0262382	0.14886	0	0.010876	0.078034	0.409548
240	0.0100013	0.0267995	0.150891	0	0.010876	0.0808475	0.433773
241	0.0100013	0.0266237	0.143752	0	0.010876	0.0816811	0.446486
242	0.0100013	0.0259966	0.123607	0	0.0116424	0.079644	0.446486
243	0.0100013	0.0258789	0.114812	0	0.0116424	0.0804018	0.433773
244	0.0100013	0.0258537	0.112621	0	0.0116424	0.0828604	0.446486
245	0.0100013	0.0255928	0.112621	0	0.0116424	0.0849563	0.446486
246	0.0100013	0.0255867	0.112621	0	0.0116424	0.0871157	0.46376
247	0.0100013	0.0260637	0.120626	0.00149925	0.0116424	0.0915446	0.497838
248	0.0100013	0.026095	0.123607	0.00449775	0.0142362	0.0971591	0.639551
249	0.0100013	0.0264626	0.135352	0.00449775	0.0147438	0.099786	0.674222
250	0.0100013	0.0265382	0.12497	0.0029985	0.0135404	0.105303	0.674222
251	0.0100013	0.0266165	0.12497	0.00149925	0.0129873	0.105359	0.676937
252	0.0100013	0.0262635	0.124294	0.00149925	0.0124054	0.10537	0.676937
253	0.0100149	0.0261968	0.124294	0	0.0102443	0.105455	0.557503
254	0.0100013	0.0265883	0.12497	0	0.0102443	0.112426	0.641103
255	0.0100013	0.0266835	0.134581	0	0.0102443	0.117348	0.742884
256	0.0100013	0.0268756	0.134581	0	0.0102443	0.119065	0.742884
257	0.0100013	0.0271135	0.138741	0.00149925	0.0102443	0.120341	0.75619
258	0.0100013	0.0272438	0.138741	0.00149925	0.0102443	0.11612	0.733312
259	0.0100013	0.0278307	0.150891	0.0029985	0.0100455	0.120086	0.7973
260	0.0100013	0.0284445	0.155127	0.0029985	0.0121499	0.109902	0.742884
261	0.0100013	0.0291546	0.162226	0.005997	0.0121499	0.10998	0.75619
262	0.0100013	0.0298146	0.163515	0.00749625	0.0102641	0.108577	0.654896
263	0.0100013	0.0299809	0.162191	0.0029985	0.0102641	0.11333	0.654896
264	0.0100013	0.0302661	0.157076	0.0029985	0.0104203	0.119721	0.695919
265	0.0100013	0.0317894	0.183878	0.00749625	0.0102641	0.135904	0.742884
266	0.0100013	0.0318019	0.174198	0.005997	0.0131893	0.167105	1.20052
267	0.0100013	0.0313647	0.174198	0.00149925	0.0131893	0.180757	1.23134
268	0.0100013	0.031838	0.17931	0.00149925	0.0118653	0.198425	1.26937
269	0.010019	0.0325307	0.17931	0	0.0113192	0.209158	1.26937
270	0.0100469	0.0337706	0.186236	0	0.0112168	0.237776	1.26937
271	0.0100469	0.0343423	0.186652	0	0.0113192	0.267789	1.37427
272	0.0100469	0.0345642	0.198601	0	0.0231359	0.31643	2.49157
273	0.0100469	0.0344425	0.207671	0	0.0383626	0.383059	2.49157
274	0.0100469	0.0341606	0.198601	0	0.0467696	0.453361	2.92369
275	0.0100469	0.0347219	0.220711	0	0.0651916	0.492514	3.09007
276	0.0100469	0.0348991	0.230443	0.00149925	0.122304	0.517404	3.92089
277	0.0100469	0.0351858	0.22472	0.0029985	0.11785	0.522257	3.29803
278	0.0100469	0.0356557	0.220711	0.00749625	0.151138	0.558214	3.30535
279	0.0100469	0.0355517	0.207671	0.00449775	0.151138	0.572811	3.09007
280	0.0100469	0.0353436	0.189286	0.0029985	0.131582	0.565349	3.30535
281	0.0100469	0.0357683	0.186652	0.00449775	0.0817722	0.610048	6.01229
282	0.0100469	0.0372608	0.230443	0.0089955	0.0440964	0.637127	13.5038
283	0.0100469	0.0406437	0.308057	0.0224888
