		omega		Posterior		rho				Synonymous theta			kappa			phi	
Site	Lower	Point	Higher	prob of +ve	Lower	Point	Higher		Lower	Point	Higher	Lower	Point	Higher	Lower	Point	Higher
	95% HPD	estimate	95% HPD	selection	95% HPD	estimate	95% HPD		95% HPD	estimate	95% HPD	95% HPD	estimate	95% HPD	95% HPD	estimate	95% HPD
0	0.0106556	0.0452119	0.313249	0.00149925	0.0170151	1.22967	97.7502		0.0302372	0.0426116	0.0554964	1.48702	2.68283	4.53675	0	0	0
1	0.0105865	0.0459216	0.313249	0.00149925	0.0171481	1.1725	97.7502
2	0.0102494	0.0452121	0.299502	0.0029985	0.0167693	1.07712	96.8887
3	0.0102873	0.0446707	0.289545	0.00149925	0.0166755	1.04413	96.8887
4	0.0106281	0.0447811	0.289545	0.00149925	0.0166755	1.1263	96.8887
5	0.0106281	0.0448501	0.289545	0	0.0167965	1.0828	97.475
6	0.0105865	0.0432842	0.27923	0	0.0151481	1.15719	86.8547
7	0.0102494	0.0427137	0.266852	0	0.0167965	1.13213	96.8887
8	0.0102494	0.0416374	0.259084	0	0.014854	1.06262	85.755
9	0.0102494	0.0416866	0.259084	0	0.0155872	0.930185	85.755
10	0.0100744	0.0418059	0.259084	0.00149925	0.0166755	0.777348	97.7502
11	0.0106281	0.042561	0.287758	0.0029985	0.0151068	0.685888	85.755
12	0.0106281	0.0426977	0.28433	0	0.0124379	0.513195	69.7815
13	0.0106281	0.0425346	0.28433	0	0.0115486	0.448339	65.4362
14	0.0105865	0.0425517	0.279747	0	0.0124379	0.428609	69.7815
15	0.0100744	0.0431763	0.266852	0	0.0124379	0.428712	67.4736
16	0.0100744	0.0441572	0.28433	0	0.0124379	0.435202	65.4362
17	0.0105865	0.04462	0.28433	0	0.0125249	0.40106	65.4362
18	0.0101611	0.0461888	0.287758	0	0.0125974	0.416217	65.4362
19	0.0101595	0.047656	0.313859	0.0029985	0.0125974	0.394074	65.4362
20	0.0101595	0.0500934	0.32298	0.0029985	0.0125974	0.392481	65.4362
21	0.0101611	0.0532251	0.340771	0.0029985	0.0122701	0.362506	67.4736
22	0.0101595	0.0554239	0.383958	0.0089955	0.0110462	0.366854	61.5406
23	0.0105621	0.0577075	0.420192	0.0089955	0.0108763	0.332017	61.9526
24	0.0105621	0.0623893	0.480701	0.0104948	0.0103423	0.301832	53.6052
25	0.0105621	0.0648348	0.50162	0.0104948	0.0101122	0.249589	46.3995
26	0.0101595	0.0710782	0.547959	0.0194903	0.0103423	0.214869	40.3092
27	0.0105621	0.0786317	0.736092	0.023988	0.0103423	0.184789	33.9648
28	0.0105621	0.074305	0.62395	0.0209895	0.0103423	0.1476	28.798
29	0.0105621	0.064758	0.501765	0.0149925	0.0101122	0.114224	21.5337
30	0.0105091	0.0604716	0.466223	0.011994	0.0101122	0.0983508	13.064
31	0.0100862	0.0579928	0.420192	0.0089955	0.0102077	0.0950636	15.2119
32	0.0100862	0.0524081	0.340381	0.00749625	0.0101122	0.0887394	13.064
33	0.0103367	0.0493478	0.313859	0.00749625	0.0101122	0.0825968	11.0898
34	0.0100862	0.0479056	0.297979	0.005997	0.0101122	0.0686079	7.53081
35	0.0101595	0.0470608	0.279747	0.005997	0.0101017	0.0602474	4.00782
36	0.0103367	0.0466312	0.305858	0.00749625	0.0101017	0.0475388	1.14351
37	0.0103367	0.047571	0.313859	0.005997	0.0101017	0.0418102	0.653195
38	0.0100542	0.0459269	0.279747	0.00449775	0.0102077	0.0384756	0.37499
39	0.0100862	0.0450842	0.279747	0.00449775	0.0101017	0.03796	0.356979
40	0.0100542	0.0448238	0.279747	0.005997	0.0101017	0.0367339	0.253979
41	0.0100542	0.0436979	0.271292	0.005997	0.0101017	0.0340312	0.206091
42	0.0100542	0.0416409	0.2602	0.00449775	0.0102077	0.0328284	0.190983
43	0.0100542	0.040038	0.23526	0.0029985	0.0102398	0.0340481	0.213483
44	0.0100542	0.0389795	0.207129	0.00149925	0.0102077	0.0337957	0.213483
45	0.0100438	0.0384015	0.198285	0.00149925	0.010083	0.0332893	0.206091
46	0.0100438	0.0380887	0.198285	0.00149925	0.010083	0.0330871	0.199188
47	0.0100133	0.0379451	0.198285	0.00149925	0.010083	0.0328988	0.199188
48	0.0100438	0.0370551	0.185478	0.00449775	0.010083	0.0325771	0.190983
49	0.0100133	0.0366745	0.173562	0.00749625	0.010083	0.0315422	0.182202
50	0.0100438	0.0343831	0.13248	0.0029985	0.0100175	0.030982	0.174271
51	0.0100133	0.0340309	0.130411	0.0029985	0.0100175	0.0313717	0.179087
52	0.0100438	0.0337904	0.131583	0.00149925	0.0100175	0.0315033	0.188764
53	0.0100133	0.0337242	0.128191	0.00149925	0.0100175	0.0316551	0.190983
54	0.0100133	0.0335747	0.128191	0	0.0102077	0.0322391	0.212949
55	0.0100133	0.0337193	0.12992	0	0.0100175	0.0320343	0.190983
56	0.0100133	0.0337844	0.131583	0	0.0100175	0.031723	0.190983
57	0.0100133	0.0338739	0.148781	0	0.0102077	0.0307758	0.182202
58	0.0100133	0.033773	0.15038	0	0.0100175	0.0301915	0.170023
59	0.0100133	0.0337288	0.148781	0	0.0100175	0.0312677	0.182202
60	0.0100133	0.0333526	0.138812	0	0.0100175	0.0312308	0.182202
61	0.0100133	0.0328794	0.128191	0	0.0100175	0.0313596	0.182202
62	0.0100133	0.033788	0.132273	0	0.0100175	0.0308015	0.170023
63	0.0100133	0.0335334	0.128191	0	0.0100175	0.0300665	0.170023
64	0.0100452	0.0327719	0.121936	0	0.0100175	0.0300495	0.170023
65	0.0100133	0.0329069	0.121936	0	0.0100175	0.0297837	0.179087
66	0.0100133	0.0329073	0.118813	0.00149925	0.0100175	0.0286146	0.152351
67	0.0100323	0.0324724	0.11702	0.00149925	0.0102233	0.0285962	0.149456
68	0.0100133	0.0317083	0.10652	0	0.0101441	0.0284605	0.145115
69	0.0100133	0.0319314	0.111131	0	0.0102233	0.0270725	0.128163
70	0.0100323	0.0322214	0.11702	0	0.0101441	0.0261158	0.110404
71	0.0100323	0.0320082	0.11702	0	0.0100357	0.0258792	0.0974436
72	0.0100133	0.0321469	0.11702	0	0.0102641	0.0250813	0.0974436
73	0.0100133	0.0323437	0.118813	0	0.0100357	0.0247271	0.0950514
74	0.0100133	0.0321797	0.11702	0	0.0101441	0.0239616	0.092035
75	0.0100133	0.0325425	0.123151	0	0.0101441	0.0236546	0.0881504
76	0.0100133	0.0325588	0.123151	0	0.0101441	0.0232536	0.0830951
77	0.0100133	0.0329301	0.123151	0	0.0100357	0.0231166	0.080612
78	0.0100133	0.0332377	0.128191	0	0.0100357	0.0224586	0.0740527
79	0.0100133	0.033604	0.132273	0	0.0102233	0.0222756	0.0731147
80	0.0100133	0.0341466	0.139717	0	0.0101441	0.0219296	0.0689765
81	0.0100323	0.0346344	0.143865	0	0.0101441	0.0214643	0.0618222
82	0.0100323	0.0351346	0.154136	0	0.0101441	0.0215901	0.0618222
83	0.0100323	0.0353373	0.158681	0	0.0101441	0.0215807	0.0618222
84	0.0100323	0.0360502	0.163171	0	0.0100357	0.0215893	0.0618222
85	0.0100323	0.0365504	0.165256	0	0.0101441	0.0217509	0.0626167
86	0.0100323	0.0366222	0.160416	0	0.0101441	0.0218712	0.0626167
87	0.0100323	0.0368062	0.165256	0	0.0101441	0.0217779	0.0689765
88	0.0100138	0.0365448	0.160416	0	0.0101441	0.0217103	0.0689765
89	0.0100138	0.0383023	0.195769	0.00749625	0.0101441	0.021597	0.0671672
90	0.0100138	0.0376079	0.184757	0	0.0101441	0.0213788	0.0671672
91	0.0100138	0.038137	0.184757	0	0.0100971	0.0210771	0.0618222
92	0.0100138	0.0386666	0.184757	0	0.0100971	0.0210276	0.0608094
93	0.0100138	0.0390592	0.165256	0.0029985	0.0100971	0.0210719	0.0603109
94	0.0100138	0.038785	0.159335	0	0.0100971	0.0209019	0.0580372
95	0.0100138	0.0386938	0.158681	0	0.0100971	0.0208949	0.0581178
96	0.0100323	0.0399017	0.159335	0	0.0100971	0.0209905	0.0595911
97	0.0100138	0.0407157	0.163562	0	0.0100971	0.0209813	0.0581178
98	0.0100138	0.0409178	0.173605	0	0.0100971	0.0208084	0.0559524
99	0.0100138	0.0404333	0.173605	0	0.0100971	0.0207461	0.0581178
100	0.0100138	0.0404202	0.169956	0	0.0100971	0.0207961	0.0599007
101	0.0100138	0.0406363	0.173605	0	0.0100971	0.0208422	0.0603109
102	0.0100138	0.0411107	0.192738	0	0.0100971	0.0212221	0.0613244
103	0.0100138	0.0415962	0.201852	0	0.0102233	0.0213443	0.0630026
104	0.0100138	0.0417542	0.206116	0	0.0102233	0.0214157	0.0630026
105	0.0100281	0.043247	0.21525	0	0.0100971	0.0213657	0.0618222
106	0.0100138	0.0431996	0.21525	0	0.0100971	0.0211236	0.0613244
107	0.0100138	0.044466	0.227843	0	0.0100971	0.021297	0.0613504
108	0.0100138	0.0462092	0.254102	0	0.0100971	0.021633	0.0628967
109	0.0101459	0.0477149	0.268218	0	0.0100971	0.0217374	0.0630026
110	0.0100138	0.0487385	0.265419	0	0.0101265	0.0212536	0.0613504
111	0.0100138	0.0513153	0.268218	0.00149925	0.0102233	0.0211835	0.0613504
112	0.0100138	0.0565705	0.339809	0.011994	0.0102233	0.0210484	0.0613504
113	0.0100281	0.0624305	0.433528	0.0224888	0.0100971	0.0210555	0.0607485
114	0.0100281	0.0651414	0.483192	0.0254873	0.0100971	0.0209723	0.0608094
115	0.010317	0.0949645	3.33788	0.0854573	0.0100971	0.0210376	0.0608094
116	0.0100011	0.0626865	0.450983	0.0164918	0.0100971	0.021041	0.0607485
117	0.0100011	0.0576048	0.410029	0.00749625	0.010151	0.0209715	0.0608094
118	0.0100011	0.0536767	0.384224	0.0029985	0.0100971	0.0208765	0.0607485
119	0.0100011	0.0515095	0.368311	0.0029985	0.0100971	0.0210517	0.0608094
120	0.0100011	0.0495486	0.347933	0.0029985	0.0100971	0.021117	0.0608094
121	0.0100011	0.0462584	0.338682	0	0.0100971	0.0214616	0.0623512
122	0.0100011	0.043757	0.326499	0.00149925	0.0100971	0.0213782	0.0618222
123	0.0100011	0.0430552	0.331113	0.00149925	0.0100971	0.0214258	0.0623512
124	0.0100011	0.0424353	0.293775	0.0029985	0.0100971	0.0216014	0.0656765
125	0.0100011	0.04234	0.292406	0.0029985	0.0100971	0.0217479	0.0669065
126	0.0100011	0.0412283	0.289186	0.00749625	0.0100971	0.0219892	0.0717432
127	0.0100011	0.0399631	0.272999	0.00749625	0.0100231	0.0220398	0.0713732
128	0.0100011	0.0397045	0.270763	0.00449775	0.0100231	0.0219126	0.0717432
129	0.0100011	0.0391553	0.268426	0.00449775	0.0100231	0.0220599	0.0734561
130	0.0100011	0.0395021	0.268426	0.00449775	0.0100231	0.0218702	0.0729269
131	0.0100011	0.0391339	0.267706	0.0029985	0.0100231	0.0223118	0.0753409
132	0.0100011	0.0384453	0.258178	0.00449775	0.010046	0.0231272	0.0870491
133	0.0100011	0.0382571	0.258178	0.0029985	0.0100971	0.0235794	0.0919261
134	0.0100011	0.0388412	0.293775	0.0029985	0.0100971	0.0239175	0.0921083
135	0.0100011	0.038012	0.261695	0.0029985	0.0100971	0.0241534	0.0943796
136	0.0100011	0.0361115	0.214408	0.0029985	0.0100971	0.0242284	0.0943796
137	0.0100011	0.034743	0.170963	0.0029985	0.0100971	0.0242954	0.0968605
138	0.0100011	0.0334118	0.148534	0.0029985	0.010151	0.0248967	0.102646
139	0.0100011	0.0326337	0.145535	0.00149925	0.0102489	0.0258696	0.118154
140	0.0100011	0.0322908	0.145535	0	0.0100971	0.0258995	0.112105
141	0.0100011	0.0316112	0.129635	0	0.0102641	0.0264262	0.119394
142	0.0100011	0.0317416	0.137604	0	0.0100971	0.0267192	0.119394
143	0.0100011	0.0318105	0.137826	0	0.0100971	0.0274435	0.131638
144	0.0100011	0.0315052	0.135011	0	0.0102233	0.0279423	0.139766
145	0.0100011	0.0315215	0.137604	0	0.0100971	0.0277299	0.133881
146	0.0100011	0.0314871	0.135011	0	0.0102489	0.02817	0.141013
147	0.0100011	0.0313043	0.135011	0	0.0102233	0.0287966	0.149773
148	0.0100011	0.031118	0.132446	0	0.0100971	0.0285509	0.144721
149	0.0100011	0.0311576	0.120297	0	0.0100971	0.0306417	0.194912
150	0.0100011	0.0313415	0.120297	0	0.0100971	0.0328121	0.228939
151	0.0100011	0.0311418	0.120297	0	0.0100971	0.0347035	0.261907
152	0.0100011	0.0308704	0.107783	0	0.0100971	0.0377065	0.300439
153	0.0100011	0.0306654	0.106498	0	0.0102779	0.0419206	0.435119
154	0.0100011	0.0305085	0.107783	0	0.0100971	0.0450259	0.439305
155	0.0100011	0.0304553	0.107783	0	0.0100971	0.0474476	0.540731
156	0.0100011	0.030402	0.106498	0	0.0102779	0.0508574	0.631117
157	0.0100011	0.0304422	0.106498	0	0.0100971	0.0569967	0.728675
158	0.0100011	0.0301965	0.106498	0	0.0100971	0.0679858	0.905253
159	0.0100011	0.0301925	0.106498	0	0.0100971	0.0708607	0.931238
160	0.0100011	0.0301719	0.107783	0	0.0100971	0.0990859	1.45998
161	0.0100011	0.0295313	0.10496	0	0.0102779	0.149859	3.90359
162	0.0100011	0.030075	0.117418	0	0.0103587	0.216294	12.2315
163	0.0100011	0.0304819	0.119595	0	0.0104279	0.308181	29.0574
164	0.0100011	0.0304328	0.119595	0.0029985	0.0109153	0.396283	30.1921
165	0.0100011	0.0302824	0.119595	0.0029985	0.0108463	0.575744	26.2216
166	0.0100011	0.0302359	0.119595	0.0029985	0.0375169	1.0995	75.286
167	0.0100011	0.029956	0.119595	0.0029985	0.0517627	1.19094	82.3958
168	0.0100011	0.0299223	0.120971	0.0029985	0.0355602	1.03835	75.286
169	0.0100011	0.0297156	0.123569	0.0029985	0.013882	0.914998	29.482
170	0.0100011	0.0301455	0.130599	0.0029985	0.013882	0.83047	25.9685
171	0.0100011	0.0298998	0.130406	0.0029985	0.019914	0.800996	29.482
172	0.0100011	0.029627	0.119595	0	0.0156747	0.827961	29.482
173	0.0100011	0.0294114	0.120971	0	0.0156747	0.779335	27.1044
174	0.0100011	0.0292315	0.120971	0.00149925	0.016073	0.78241	29.482
175	0.0100011	0.0289988	0.115458	0	0.019556	0.840171	29.482
176	0.0100011	0.0289727	0.114735	0	0.0155631	0.794893	26.1601
177	0.0100011	0.029061	0.115458	0	0.019556	0.797896	25.5136
178	0.0100011	0.0292003	0.119595	0	0.0177452	0.780877	25.5136
179	0.0100011	0.0291936	0.119595	0	0.016073	0.880835	24.8638
180	0.0100011	0.0293237	0.130406	0	0.0155631	0.89774	25.0065
181	0.0100527	0.0297045	0.130499	0	0.0234775	0.999679	25.5883
182	0.0100527	0.0293834	0.135224	0	0.0234775	1.10763	25.8818
183	0.0100527	0.0295446	0.135031	0	0.0260111	1.24284	28.1326
184	0.0100527	0.0298902	0.136423	0	0.0290406	1.32489	34.0245
185	0.0100527	0.029594	0.138588	0	0.0281433	1.3465	36.7562
186	0.0100527	0.0300485	0.151761	0	0.0319221	1.46219	48.0222
187	0.0100527	0.029086	0.131556	0	0.0281433	1.50221	46.5083
188	0.0100527	0.0288436	0.127998	0	0.0493084	1.53835	88.1143
189	0.0100609	0.0286125	0.124512	0	0.0473192	1.5253	88.1143
190	0.0100527	0.0284454	0.123569	0	0.0473192	1.43362	88.1143
191	0.0100527	0.0278869	0.115458	0.00149925	0.0282225	1.19889	53.2639
192	0.0100527	0.0287534	0.126234	0.0029985	0.0263893	1.09316	60.9896
193	0.0100527	0.028378	0.123569	0.00149925	0.0321765	1.01056	98.6953
194	0.0100527	0.0285702	0.123569	0.00149925	0.0248733	0.75062	90.3155
195	0.0100527	0.0283681	0.122159	0	0.0100542	0.637505	29.4225
196	0.0100527	0.0280128	0.119595	0	0.0100878	0.572846	21.236
197	0.0100527	0.0278705	0.112386	0	0.0101269	0.478453	18.2525
198	0.0100527	0.0278954	0.112386	0	0.0101269	0.380715	16.4071
199	0.0100527	0.028342	0.113609	0	0.0100542	0.357606	17.4339
200	0.0100527	0.0287376	0.121485	0	0.0100542	0.328778	15.6471
201	0.0100527	0.0288369	0.122159	0	0.0100542	0.321253	19.4585
202	0.0100527	0.0286213	0.122304	0	0.0100542	0.33935	21.4507
203	0.0100527	0.0288391	0.123569	0	0.0101918	0.343977	26.9507
204	0.0100527	0.0290895	0.128166	0	0.0100542	0.347669	24.7497
205	0.0100527	0.0288397	0.123569	0	0.0100542	0.337496	23.5916
206	0.0100527	0.0285232	0.119998	0	0.0100356	0.33588	26.9507
207	0.0100527	0.0285595	0.119595	0	0.0100356	0.337032	27.3715
208	0.0100527	0.0285688	0.119595	0	0.0100356	0.325927	27.3715
209	0.0100527	0.0291621	0.122159	0	0.0100356	0.334691	27.3715
210	0.0100527	0.0292353	0.122159	0	0.0100356	0.320261	27.3715
211	0.0100527	0.0296173	0.123569	0	0.0100356	0.28908	20.2898
212	0.0100865	0.0298401	0.128574	0	0.0100356	0.281528	24.3648
213	0.0100865	0.0299152	0.128688	0	0.0100356	0.235527	24.9354
214	0.0100527	0.0309093	0.136473	0	0.0104801	0.207543	21.6692
215	0.0100865	0.0316272	0.137895	0	0.0100542	0.191356	17.4957
216	0.0100865	0.0316606	0.13771	0	0.0102934	0.199576	19.424
217	0.0100527	0.0323992	0.140015	0	0.0102934	0.195465	19.424
218	0.0101352	0.0330728	0.149485	0	0.0102934	0.188313	19.424
219	0.0100527	0.0330941	0.148788	0	0.0100542	0.172236	17.4957
220	0.0100865	0.033567	0.149485	0	0.010181	0.161425	17.4957
221	0.0100527	0.0350723	0.160286	0.0029985	0.0100542	0.138474	9.55389
222	0.0100527	0.0356528	0.166039	0	0.010181	0.129155	9.55389
223	0.0100527	0.0366873	0.184199	0	0.0100266	0.12393	9.11416
224	0.0100527	0.0382456	0.219361	0.0029985	0.0105566	0.125014	9.55389
225	0.0100865	0.0387073	0.238597	0.0029985	0.0100266	0.119734	6.87164
226	0.0100865	0.0391183	0.244766	0.0029985	0.0100266	0.110171	5.0177
227	0.0100865	0.0393899	0.250369	0	0.0110028	0.100675	4.13421
228	0.0100865	0.0402228	0.252506	0	0.0100542	0.0971049	3.39319
229	0.0101833	0.0410417	0.2655	0	0.0100542	0.0960409	3.39319
230	0.0101956	0.0423747	0.2655	0	0.0100266	0.0944062	3.16842
231	0.0100865	0.044592	0.282099	0	0.0105566	0.0922278	3.28595
232	0.0100865	0.0469343	0.294865	0	0.0105566	0.0920778	3.28595
233	0.0100865	0.0487955	0.310992	0	0.0105566	0.0926903	3.39319
234	0.0100865	0.0517553	0.33478	0.00149925	0.0105566	0.0899694	2.84838
235	0.0100865	0.0539247	0.362346	0.00449775	0.0105566	0.0837649	2.5913
236	0.0101833	0.056389	0.402329	0.00449775	0.0100266	0.081722	2.3859
237	0.0101833	0.0595412	0.424846	0.0029985	0.0100266	0.0812687	2.3859
238	0.0101833	0.0647303	0.438312	0.00449775	0.0102989	0.0784902	1.96016
239	0.0101995	0.0732283	0.538188	0.0089955	0.0102989	0.0770862	1.63948
240	0.0103618	0.0776338	0.538188	0.011994	0.0102989	0.0688866	1.06474
241	0.0102584	0.0896732	0.58493	0.0224888	0.0102989	0.0633272	0.761378
242	0.0103584	0.103914	0.689256	0.0344828	0.0105566	0.060309	0.754857
243	0.0103584	0.116186	0.827439	0.0434783	0.0105261	0.0556537	0.560602
244	0.0103584	0.141321	1.08227	0.0569715	0.0105261	0.0525731	0.425215
245	0.0246868	0.186164	2.36085	0.0869565	0.0105261	0.05097	0.401196
246	0.0163918	0.185329	1.48563	0.0854573	0.0105261	0.0520953	0.425215
247	0.0179964	0.187317	1.48563	0.077961	0.010465	0.0515988	0.377304
248	0.0190345	0.187173	1.48563	0.077961	0.010465	0.0523441	0.425215
249	0.0202142	0.188037	1.48563	0.077961	0.010465	0.0549379	0.441845
250	0.0208466	0.196307	1.52973	0.0869565	0.010465	0.0573027	0.474484
251	0.0171244	0.163175	1.21695	0.0629685	0.010465	0.0635095	0.637459
252	0.0171244	0.132375	1.33868	0.0509745	0.010465	0.0735291	1.00067
253	0.0122323	0.118041	0.765189	0.035982	0.0105261	0.0817201	1.38051
254	0.0122323	0.105831	0.699441	0.0254873	0.010465	0.148067	12.6285
255	0.0122323	0.0949667	0.645357	0.017991	0.010465	0.265083	39.9268
256	0.0108026	0.0843193	0.492181	0.005997	0.0108018	0.477978	65.2407
257	0.0111336	0.0815488	0.467823	0.0029985	0.0152667	0.751911	89.3048
258	0.011512	0.0808822	0.476472	0.00449775	0.0215557	1.4063	96.5494
259	0.0111336	0.0769517	0.438255	0.00449775	0.0267811	1.77219	99.4221
260	0.0111336	0.0744583	0.406632	0.00149925	0.0311497	2.23556	95.5972
261	0.0111336	0.0735937	0.406632	0.00149925	0.0172596	1.6662	95.5972
262	0.0111336	0.0716636	0.406632	0.0029985	0.0139014	1.41241	95.5972
263	0.0111336	0.0713711	0.421375	0.005997	0.013561	1.2285	95.5972
264	0.0100821	0.0687421	0.37602	0.0089955	0.0102026	1.16286	80.6408
265	0.0103028	0.0672918	0.372003	0.00749625	0.0141741	1.10324	95.5972
266	0.0100821	0.0634652	0.30658	0.00749625	0.0128721	0.946683	93.0341
267	0.0100821	0.0636822	0.320793	0.0089955	0.0186537	1.07344	95.5972
268	0.0100821	0.0623234	0.303844	0.005997	0.0189706	1.13161	95.5972
269	0.0100821	0.0603403	0.290692	0.00449775	0.0233763	1.24989	95.5972
270	0.0100821	0.0611256	0.299731	0.00449775	0.0233166	1.38494	95.5972
271	0.0100821	0.0595796	0.287343	0.00449775	0.0204175	1.42048	93.795
272	0.0100821	0.0602353	0.273403	0.005997	0.0204175	1.37111	93.795
273	0.0101476	0.0583571	0.255839	0	0.0204175	1.22051	93.795
274	0.0100821	0.0591117	0.254689	0	0.0204175	1.22357	95.3164
275	0.0101476	0.0584785	0.255839	0	0.0225641	1.22664	95.5972
276	0.0100821	0.0598799	0.261423	0	0.0233166	1.3138	93.795
277	0.0100821	0.0608543	0.287343	0.00149925	0.0263724	1.4496	95.5972
278	0.0100077	0.0615215	0.294865	0.0029985	0.0244178	1.35673	95.5972
279	0.0100077	0.062884	0.299731	0.00449775	0.0333441	1.44344	95.5972
280	0.0100077	0.0622358	0.299731	0.00149925	0.0330418	1.42795	95.5972
281	0.0100077	0.0637914	0.326654	0.00149925	0.0291248	1.36222	95.5972
282	0.0100821	0.0642087	0.34094	0.0029985	0.0315897	1.35245	95.5972
283	0.0100077	0.0658128	0.355181	0.0029985	0.0281174	1.21896	93.795
284	0.0100077	0.0671969	0.364834	0.00449775	0.0244178	1.16858	95.5972
285	0.0113982	0.0714339	0.437331	0.005997	0.0239373	1.17045	99.9872
286	0.0100821	0.0777331	0.438974	0.011994	0.0239373	1.23708	95.5972
287	0.0100077	0.0824858	0.553682	0.0089955	0.0263724	1.21381	99.9872
288	0.011512	0.0862559	0.668331	0.0089955	0.0243573	1.25064	95.5972
289	0.0114412	0.0933619	0.712349	0.0209895	0.0210588	1.27705	95.5972
290	0.0128309	0.100678	0.831617	0.023988	0.0207009	1.29647	95.5972
291	0.0130637	0.10974	0.992827	0.041979	0.0207009	1.3643	93.795
292	0.0128309	0.0975791	0.901532	0.0284858	0.0207009	1.34147	95.0551
293	0.0128309	0.0929891	0.803421	0.0254873	0.0207009	1.44446	93.0341
294	0.0119287	0.0898163	0.70212	0.0224888	0.02177	1.39901	95.5972
295	0.0119287	0.0827608	0.67594	0.0194903	0.02177	1.25877	95.5972
296	0.0100481	0.0786269	0.551099	0.0149925	0.0226274	1.27602	93.795
297	0.0100481	0.075912	0.48179	0.0089955	0.0226274	1.20689	93.0341
298	0.0100481	0.0723263	0.422467	0.00449775	0.0251267	1.21165	93.0341
299	0.0100481	0.0733209	0.412243	0.0029985	0.0238999	1.19898	93.795
300	0.0113568	0.0733646	0.456335	0.0029985	0.0218878	1.19125	93.0341
301	0.0100481	0.0736644	0.420587	0.005997	0.0219902	1.20893	93.0341
302	0.0113568	0.071005	0.421345	0.005997	0.018629	1.14685	80.6408
303	0.0113568	0.068151	0.406237	0.00449775	0.0219902	1.0895	93.0341
304	0.0113568	0.0653434	0.368497	0.00449775	0.0218878	1.04834	91.8377
305	0.0113568	0.064214	0.363573	0.00449775	0.0261696	0.974293	93.795
306	0.0108438	0.0634435	0.373607	0.00449775	0.0207911	0.852692	80.6408
307	0.0100481	0.0616098	0.320572	0.00449775	0.0131281	0.714772	45.7243
308	0.0100481	0.0612302	0.30658	0.00449775	0.0131281	0.66027	45.7243
309	0.0100481	0.0603209	0.282114	0.00449775	0.0148925	0.684933	47.7998
310	0.0100481	0.0598364	0.266831	0.0029985	0.0148925	0.764283	47.7998
311	0.0100481	0.0592497	0.266831	0.0029985	0.0166449	0.752824	45.1308
312	0.0100481	0.0590099	0.264936	0.0029985	0.0118207	0.691996	27.2484
313	0.0100481	0.0588452	0.250676	0.0029985	0.0166449	0.677866	37.1127
314	0.0100481	0.0595528	0.260665	0.00449775	0.0168149	0.717883	35.3177
315	0.0100481	0.0593022	0.249551	0.0029985	0.0168149	0.871863	35.3177
316	0.0100481	0.0591047	0.249551	0.0029985	0.0471404	1.12689	93.795
317	0.0100481	0.0589521	0.248929	0.00149925	0.0655564	1.26912	93.795
318	0.0100481	0.0584095	0.254954	0.00149925	0.0695567	1.36672	93.795
319	0.0100481	0.0597164	0.264936	0.00149925	0.0650302	1.34255	93.2982
320	0.0100481	0.0603241	0.261286	0.00149925	0.0545378	1.29733	74.1199
321	0.0100481	0.0613266	0.264562	0	0.0648779	1.41026	80.7971
322	0.0100481	0.061957	0.264562	0	0.068844	1.50697	93.2982
323	0.0100481	0.0625748	0.266831	0.00149925	0.0561158	1.45378	93.2982
324	0.0100481	0.0648038	0.282114	0.005997	0.0407921	1.33762	99.1604
325	0.0100481	0.0661278	0.290256	0.0029985	0.0404178	1.13416	99.1604
326	0.0132193	0.0668838	0.377703	0	0.0461316	1.03416	99.1604
327	0.0135799	0.0696852	0.381574	0	0.0559618	0.958832	93.795
328	0.0126884	0.0723868	0.382293	0.0029985	0.0404178	0.908301	29.7334
329	0.0126884	0.0767005	0.416109	0.00749625	0.0404178	0.975626	21.5724
330	0.0100481	0.0835899	0.381574	0.011994	0.0612385	1.00804	20.4577
331	0.0100481	0.0915022	0.505718	0.023988	0.060423	1.0492	16.8703
332	0.0100481	0.101957	0.773388	0.041979	0.0647444	1.11314	20.2004
333	0.0100481	0.0974671	0.623439	0.0329835	0.0647444	1.18593	20.4577
334	0.0100481	0.095825	0.589362	0.0269865	0.054246	1.20063	30.0318
335	0.0100481	0.0887451	0.427392	0.0164918	0.054246	1.12535	25.9679
336	0.0100481	0.0846882	0.377703	0.0089955	0.0314856	0.991316	36.2191
337	0.0132764	0.0825938	0.427392	0.00449775	0.0113212	0.793592	20.2529
338	0.0132193	0.0817149	0.427392	0.005997	0.0108845	0.605452	13.5084
339	0.0132193	0.0773877	0.409723	0.0029985	0.0108845	0.523027	13.5084
340	0.0136024	0.076926	0.416109	0.0029985	0.0108845	0.480881	13.5084
341	0.0132764	0.0756998	0.409723	0.00749625	0.0103378	0.415806	18.014
342	0.0146959	0.0724966	0.427392	0.0029985	0.0103378	0.409314	18.014
343	0.0132193	0.0729809	0.377703	0.0029985	0.0103378	0.401084	13.5084
344	0.0136024	0.0727373	0.369186	0.00149925	0.0103378	0.39172	13.5084
345	0.0132193	0.0694307	0.348731	0	0.0103378	0.381681	13.5084
346	0.0132764	0.0670237	0.348731	0	0.0103378	0.365809	12.6024
347	0.0105035	0.0678881	0.286659	0	0.0103378	0.335327	10.0884
348	0.0100481	0.067382	0.273424	0.00149925	0.0140132	0.318216	13.5725
349	0.0100481	0.067472	0.273424	0.00149925	0.0153377	0.296156	13.5725
350	0.0109804	0.0666847	0.294144	0	0.0138531	0.307017	13.5725
351	0.0100481	0.0661286	0.269745	0	0.0103378	0.350626	13.5725
352	0.0100481	0.065889	0.249551	0.00149925	0.010919	0.366513	14.9754
353	0.0101793	0.065136	0.241528	0	0.0136212	0.391826	19.8023
354	0.0115363	0.0645174	0.265788	0	0.0138531	0.384942	19.8023
355	0.0100481	0.063544	0.229251	0	0.0136212	0.37025	18.6229
356	0.0100481	0.0632944	0.224055	0.0029985	0.0136212	0.348867	19.8023
357	0.0100481	0.0637122	0.224055	0.00149925	0.0136212	0.349809	18.6229
358	0.0103731	0.0647294	0.241528	0	0.0126714	0.386466	26.0997
359	0.0100481	0.0654262	0.232517	0	0.0136212	0.376868	30.7201
360	0.0113662	0.0664575	0.265788	0	0.0136212	0.360714	32.1838
361	0.0115363	0.0664121	0.265788	0	0.0104105	0.326816	24.0711
362	0.0113662	0.0669856	0.265788	0	0.0110185	0.32707	36.3322
363	0.0110675	0.0681748	0.27569	0	0.010788	0.325795	36.3322
364	0.0115363	0.0678374	0.293281	0	0.0106322	0.302811	43.7547
365	0.0110675	0.0679824	0.293281	0	0.0106322	0.28427	49.1009
366	0.0115363	0.0678713	0.294144	0	0.0106322	0.251943	52.7946
367	0.0115363	0.0702008	0.320155	0.00149925	0.0106322	0.226142	51.9114
368	0.0115363	0.0731654	0.332467	0.00449775	0.0106322	0.207248	51.9114
369	0.0115363	0.07542	0.332467	0.005997	0.0106211	0.202871	51.9114
370	0.0128377	0.0768425	0.359902	0.005997	0.0106322	0.193718	51.9114
371	0.0115363	0.0785769	0.332467	0.00749625	0.0106322	0.183126	52.7946
372	0.0115363	0.082935	0.357658	0.00749625	0.0106322	0.161946	43.7547
373	0.0115363	0.0874067	0.359902	0.0089955	0.0102642	0.133079	32.1838
374	0.0177972	0.089855	0.563318	0.00749625	0.0102642	0.115866	13.5725
375	0.0177972	0.0915247	0.545315	0.0089955	0.0102642	0.111	22.5519
376	0.0160859	0.0936694	0.544623	0.0149925	0.0102299	0.0892807	5.50095
377	0.0172352	0.101722	0.656496	0.0164918	0.0102299	0.0682822	1.18092
378	0.0136146	0.105837	0.656496	0.0224888	0.0102299	0.0618139	0.652277
379	0.0140684	0.10955	0.713802	0.0254873	0.0102299	0.0588874	0.507679
380	0.0155416	0.117077	0.921459	0.029985	0.0102299	0.0578781	0.460595
381	0.0133172	0.111404	0.725723	0.0224888	0.0102286	0.0562903	0.362758
382	0.0154251	0.105877	0.725723	0.0134933	0.0102286	0.0511592	0.292028
383	0.0140684	0.101398	0.589336	0.0104948	0.0102286	0.0505859	0.282638
384	0.0154251	0.0967183	0.574603	0.00449775	0.0102286	0.0516177	0.284145
385	0.0154251	0.0895786	0.535801	0	0.0102286	0.0497617	0.270071
386	0.0140684	0.0868907	0.492519	0	0.0102286	0.0489183	0.241514
387	0.0104655	0.0854059	0.373608	0	0.0102286	0.0485034	0.241514
388	0.0115363	0.0839045	0.41497	0.0029985	0.0102286	0.0482169	0.241514
389	0.0115363	0.0834267	0.41497	0.00149925	0.0102299	0.0469051	0.237491
390	0.0115363	0.0825025	0.411936	0	0.0102286	0.0465713	0.226076
391	0.0115363	0.0842111	0.417942	0.00149925	0.0102286	0.0470187	0.235457
392	0.0115363	0.0819214	0.41497	0.00149925	0.0102286	0.0464738	0.235457
393	0.0112052	0.0792238	0.41497	0.00149925	0.0102286	0.0457011	0.232622
394	0.0109648	0.0797106	0.41497	0.00149925	0.0102286	0.0453874	0.235451
395	0.0109648	0.0798327	0.41497	0.00149925	0.0102286	0.0450468	0.234524
396	0.0108322	0.0811053	0.41497	0.0029985	0.0101898	0.0450438	0.235451
397	0.0108322	0.0819585	0.41497	0.00149925	0.0102286	0.0462846	0.244655
398	0.0103182	0.082389	0.41497	0.00149925	0.0102286	0.0464637	0.241413
399	0.0112052	0.0861676	0.492519	0.005997	0.0100111	0.0496187	0.275593
400	0.0135917	0.0905012	0.646771	0.00749625	0.0100111	0.050343	0.293814
401	0.0135917	0.0942132	0.646771	0.00449775	0.0102286	0.0521367	0.371701
402	0.0135917	0.0961785	0.646771	0.0029985	0.0100111	0.0523806	0.35439
403	0.0133394	0.0994318	0.637649	0.005997	0.0100111	0.0485853	0.282638
404	0.0118362	0.104606	0.596099	0.00749625	0.0100524	0.0468429	0.269778
405	0.0152696	0.117309	0.812509	0.011994	0.0100111	0.0458233	0.241514
406	0.0135917	0.146958	1.18283	0.0494753	0.0100111	0.0467886	0.275593
407	0.0178918	0.128412	0.910594	0.0134933	0.0100524	0.0462065	0.269778
408	0.0152696	0.126912	0.753117	0.011994	0.0100111	0.0467821	0.270071
409	0.0170662	0.125077	0.906129	0.0134933	0.0100524	0.0472475	0.284791
410	0.0160859	0.124951	0.916231	0.0164918	0.0100524	0.047895	0.270071
411	0.0152696	0.12034	0.921086	0.0164918	0.0100524	0.0507518	0.322614
412	0.0152696	0.11865	0.921086	0.0149925	0.0100524	0.0532855	0.43684
413	0.0152696	0.118142	0.968196	0.017991
