		omega		Posterior		rho				Synonymous theta			kappa			phi	
Site	Lower	Point	Higher	prob of +ve	Lower	Point	Higher		Lower	Point	Higher	Lower	Point	Higher	Lower	Point	Higher
	95% HPD	estimate	95% HPD	selection	95% HPD	estimate	95% HPD		95% HPD	estimate	95% HPD	95% HPD	estimate	95% HPD	95% HPD	estimate	95% HPD
0	0.0478719	0.300893	1.37892	0.0554723	0.0100015	0.137902	30.6868		0.0460356	0.063015	0.0859659	2.18153	3.68831	7.07692	0	0	0
1	0.0507832	0.310405	1.17142	0.0509745	0.0100015	0.12988	30.8139
2	0.0514701	0.295968	1.08081	0.035982	0.0100015	0.120305	30.8139
3	0.0514701	0.280657	1.17142	0.0284858	0.0100015	0.11379	29.2656
4	0.0514701	0.281098	1.09828	0.0254873	0.0100015	0.11181	30.6868
5	0.0514704	0.281846	1.08081	0.023988	0.0100015	0.104953	38.8852
6	0.0503401	0.286249	0.972848	0.0254873	0.0100015	0.088865	32.5314
7	0.0716883	0.296361	1.19184	0.0254873	0.0100015	0.0664668	26.1639
8	0.09462	0.303674	1.09828	0.0224888	0.0100015	0.0455511	6.76902
9	0.0993405	0.322631	0.904819	0.0254873	0.0100015	0.028674	0.191678
10	0.12415	0.31761	1.08081	0.0209895	0.0100015	0.0280157	0.178031
11	0.118186	0.314798	0.972848	0.0149925	0.0100015	0.0272286	0.145994
12	0.12415	0.311745	0.956673	0.0104948	0.0100015	0.0263364	0.127223
13	0.118186	0.313484	0.904819	0.011994	0.0100015	0.0259243	0.119339
14	0.118186	0.30623	0.956673	0.0089955	0.0100015	0.0252621	0.107558
15	0.124223	0.309359	0.904819	0.005997	0.0100015	0.0249162	0.103204
16	0.12415	0.322876	0.883496	0.0104948	0.0100015	0.0242647	0.100374
17	0.124223	0.322512	0.904819	0.0104948	0.0100015	0.0238966	0.0872214
18	0.126965	0.316856	0.956673	0.0089955	0.0100015	0.0235127	0.0783213
19	0.124223	0.316076	0.904819	0.0089955	0.0100015	0.0237334	0.0810234
20	0.12415	0.320646	0.943458	0.0134933	0.0100015	0.0237355	0.0769619
21	0.114521	0.311254	0.904819	0.0089955	0.0100015	0.0232797	0.0738444
22	0.102482	0.302446	0.875193	0.0104948	0.0100015	0.0227573	0.0654137
23	0.0993405	0.295785	0.875193	0.0089955	0.0100015	0.022475	0.0625398
24	0.102482	0.289656	0.909133	0.00749625	0.0100015	0.0222579	0.0575659
25	0.0993405	0.286253	0.909133	0.0089955	0.0100015	0.0222297	0.0584732
26	0.0985256	0.278505	0.998108	0.00749625	0.0100015	0.0222364	0.0584732
27	0.0993405	0.280873	0.956673	0.0089955	0.0100015	0.0221133	0.0588778
28	0.0985256	0.281415	0.998108	0.0104948	0.0100015	0.0220113	0.0588778
29	0.101301	0.291368	0.92355	0.011994	0.0100015	0.0218018	0.0575659
30	0.0985256	0.317091	0.909133	0.0284858	0.0100015	0.0218212	0.0575659
31	0.113027	0.305121	0.909133	0.0149925	0.0100015	0.0215596	0.0554891
32	0.113027	0.304379	0.875193	0.011994	0.0100015	0.021587	0.056323
33	0.113027	0.308439	0.856218	0.0149925	0.0100015	0.0218331	0.0584732
34	0.113027	0.299945	0.875193	0.0134933	0.0100015	0.0218795	0.0584732
35	0.109664	0.287276	0.875193	0.00749625	0.0100015	0.02192	0.0584732
36	0.0981494	0.278528	0.827282	0.00449775	0.0100015	0.021909	0.061306
37	0.0981494	0.276461	0.850063	0.00449775	0.0100188	0.0219471	0.0616977
38	0.0726282	0.271918	0.709829	0.00449775	0.0100188	0.0220043	0.0616977
39	0.0985256	0.274038	0.875193	0.0029985	0.0100188	0.0219804	0.0584732
40	0.0981494	0.27393	0.952446	0.00449775	0.0100188	0.0218126	0.0584732
41	0.0985256	0.277811	0.875193	0.005997	0.0100188	0.0216936	0.0569936
42	0.0839183	0.280424	0.709829	0.005997	0.0100188	0.0218408	0.0572975
43	0.0985256	0.284819	0.850063	0.0089955	0.0100188	0.0219604	0.0574072
44	0.0981494	0.287025	0.850063	0.0104948	0.0100188	0.0222577	0.0616977
45	0.104535	0.287073	0.875193	0.0089955	0.0100188	0.0221588	0.061444
46	0.0981494	0.277653	0.850063	0.00749625	0.0100188	0.0223111	0.0626521
47	0.0840609	0.272613	0.684445	0.00449775	0.0100188	0.0228774	0.0683974
48	0.0840609	0.272154	0.701664	0.00449775	0.0100188	0.0227522	0.0683974
49	0.0840609	0.273171	0.697761	0.005997	0.0100188	0.0227007	0.0642862
50	0.0956174	0.278216	0.796876	0.0104948	0.0100188	0.0228168	0.0682877
51	0.0814544	0.278172	0.715769	0.011994	0.0100188	0.0227256	0.0613934
52	0.0981494	0.278684	0.796876	0.0104948	0.0100188	0.0227347	0.0629092
53	0.0981494	0.28291	0.784992	0.011994	0.0100188	0.0228542	0.0629092
54	0.0814544	0.271687	0.719687	0.005997	0.0100188	0.0227174	0.061444
55	0.0686408	0.259839	0.784992	0.005997	0.0100188	0.0230274	0.0655836
56	0.0463316	0.252345	0.74299	0.00449775	0.0100188	0.0227043	0.0635666
57	0.0409564	0.243859	0.796876	0.00449775	0.0100188	0.0226665	0.0629115
58	0.0401658	0.242348	0.796876	0.00449775	0.0100188	0.022759	0.0629115
59	0.0353169	0.240292	0.796876	0.005997	0.0100188	0.0228134	0.0635666
60	0.0353169	0.235739	0.796876	0.005997	0.0100188	0.0230969	0.0698286
61	0.0368884	0.239186	1.07304	0.011994	0.0100188	0.0231199	0.0698286
62	0.0240833	0.242933	0.796876	0.0164918	0.0100188	0.0230395	0.068408
63	0.0217314	0.242718	0.784992	0.0194903	0.0100188	0.0231375	0.0698286
64	0.0240833	0.249161	1.01367	0.0254873	0.0100188	0.0231622	0.0717474
65	0.0240833	0.256731	1.07304	0.0314843	0.0100188	0.0231185	0.0698286
66	0.0333072	0.294342	3.42024	0.0689655	0.0100188	0.0232471	0.0698286
67	0.0911426	0.468103	8.75153	0.167916	0.0100188	0.0231994	0.068408
68	0.0100541	0.256204	1.27689	0.0614693	0.0100215	0.0231894	0.068408
69	0.0115954	0.225403	0.886934	0.0329835	0.0100188	0.0236195	0.072253
70	0.0105608	0.212304	0.664509	0.0224888	0.0100188	0.0238566	0.075484
71	0.0149669	0.193962	0.715769	0.005997	0.0100188	0.0236927	0.0744721
72	0.0153962	0.183915	0.662216	0.00449775	0.0100188	0.0239211	0.0798575
73	0.0149087	0.172818	0.635212	0.00149925	0.0100188	0.024045	0.0841743
74	0.0149669	0.171083	0.653128	0.00149925	0.0100188	0.0241935	0.0889577
75	0.0149669	0.166064	0.653128	0.00149925	0.0100188	0.0242995	0.0908389
76	0.0149087	0.164288	0.635212	0.00149925	0.0100188	0.0244211	0.0897083
77	0.0149087	0.16606	0.678986	0.005997	0.0100188	0.0245129	0.0908389
78	0.0149669	0.167704	0.653128	0.0029985	0.0100188	0.0245194	0.0910474
79	0.0149087	0.167255	0.675751	0.00449775	0.0100188	0.024487	0.0910474
80	0.0149087	0.168912	0.665607	0.00449775	0.0100188	0.0247409	0.0916598
81	0.0149087	0.176051	0.685253	0.005997	0.0100188	0.0247844	0.0916598
82	0.0149087	0.18352	0.678986	0.0089955	0.0100188	0.0248433	0.0916598
83	0.0153962	0.197598	0.732367	0.0134933	0.0100188	0.0249428	0.0936442
84	0.0149087	0.21466	0.737652	0.0134933	0.0100188	0.025164	0.0938635
85	0.0266014	0.23496	1.19266	0.0164918	0.0100188	0.0254693	0.0952513
86	0.0422228	0.275515	1.3947	0.0329835	0.0100188	0.0258488	0.101873
87	0.0683242	0.312604	1.30491	0.0434783	0.0100188	0.0261559	0.104733
88	0.062155	0.328843	1.30491	0.0524738	0.0100188	0.0261911	0.105001
89	0.062155	0.309302	1.30491	0.0374813	0.0100188	0.0261577	0.105001
90	0.0506663	0.292292	1.13252	0.0269865	0.0100188	0.0261999	0.105198
91	0.0435897	0.277782	1.13252	0.0209895	0.0100188	0.0265773	0.111152
92	0.0389015	0.271947	1.08193	0.017991	0.0100188	0.0273473	0.112369
93	0.029833	0.263673	0.931109	0.0164918	0.0100587	0.0273909	0.112369
94	0.0387081	0.266819	1.08193	0.0134933	0.0102281	0.0276605	0.12162
95	0.034266	0.27276	0.942332	0.011994	0.0100215	0.0276868	0.11949
96	0.0389015	0.285991	1.07581	0.017991	0.0100215	0.028366	0.12162
97	0.0460094	0.313416	1.3947	0.035982	0.0100215	0.0284255	0.121808
98	0.0955452	0.348647	1.78129	0.0494753	0.0100215	0.0286062	0.121808
99	0.134533	0.434669	2.01066	0.104948	0.0100215	0.028708	0.12323
100	0.134533	0.441633	2.0182	0.109445	0.0100215	0.028837	0.12323
101	0.134533	0.437949	2.05444	0.110945	0.0100587	0.0286401	0.121808
102	0.0818241	0.343941	2.61435	0.065967	0.0100215	0.0281149	0.111334
103	0.03454	0.289548	1.43001	0.0404798	0.0100215	0.0279713	0.111334
104	0.0327858	0.259333	1.32746	0.0254873	0.0100587	0.0277266	0.111334
105	0.0256366	0.244269	1.31833	0.0254873	0.0100215	0.0275415	0.105198
106	0.0239032	0.228778	1.54561	0.029985	0.0100576	0.0276035	0.105198
107	0.0168302	0.220841	1.11928	0.029985	0.0100215	0.0277973	0.105198
108	0.0128656	0.214351	0.894926	0.029985	0.0100215	0.0276304	0.105198
109	0.0128656	0.21284	0.977675	0.0374813	0.0100215	0.0271557	0.103779
110	0.0125013	0.142345	0.821285	0.011994	0.0100215	0.0273051	0.103779
111	0.0104343	0.109297	0.658225	0.00749625	0.0100576	0.0274834	0.105198
112	0.0104343	0.0917625	0.635098	0.0029985	0.0100215	0.0276801	0.105198
113	0.0100072	0.079891	0.544152	0.0029985	0.0100576	0.0270459	0.103779
114	0.0100072	0.0704087	0.510176	0	0.0100215	0.0270332	0.102179
115	0.0100072	0.0605859	0.436094	0.00149925	0.0100576	0.0273143	0.105001
116	0.0102909	0.0549357	0.436094	0.0029985	0.0100215	0.0273988	0.103779
117	0.0100104	0.050162	0.369946	0.00149925	0.0100215	0.0275355	0.103779
118	0.0100072	0.046755	0.357284	0.0029985	0.0100215	0.0279131	0.105001
119	0.0101279	0.0431361	0.32867	0.00149925	0.0100215	0.0280421	0.105001
120	0.0100072	0.0401204	0.306132	0	0.0100215	0.0282885	0.105001
121	0.0100072	0.0386492	0.285729	0	0.0100576	0.028205	0.103779
122	0.0100072	0.0367464	0.262366	0	0.0100576	0.0285638	0.105001
123	0.0100072	0.0348784	0.247865	0	0.0100215	0.0285745	0.103779
124	0.0100072	0.0335953	0.24257	0	0.0100215	0.0289862	0.114249
125	0.0100104	0.0325845	0.237018	0	0.0100215	0.0293706	0.116221
126	0.0100104	0.0320989	0.206521	0	0.0100215	0.0297006	0.116744
127	0.0100104	0.0318006	0.202134	0	0.0100576	0.029965	0.121808
128	0.0100104	0.0308318	0.189749	0	0.0100576	0.030073	0.121808
129	0.0100104	0.030104	0.162267	0	0.0100215	0.0312364	0.131612
130	0.0100104	0.0296248	0.156595	0	0.0101404	0.0316254	0.135112
131	0.0100104	0.0295248	0.151599	0	0.0100215	0.0319564	0.135781
132	0.0100104	0.0289761	0.149435	0	0.0101404	0.0317021	0.135112
133	0.0100104	0.0282163	0.138819	0	0.0101404	0.0321926	0.147042
134	0.0100104	0.0278471	0.13597	0	0.0100215	0.034408	0.153061
135	0.0100104	0.0274508	0.130698	0	0.0100215	0.0361102	0.156872
136	0.0100104	0.0270312	0.121843	0.00149925	0.0100215	0.0370101	0.163989
137	0.0100049	0.0264706	0.107781	0	0.0100215	0.0387318	0.173983
138	0.0100049	0.0264893	0.10627	0.00149925	0.0100628	0.0398708	0.197575
139	0.0100049	0.0262403	0.10264	0.00149925	0.0100215	0.0421142	0.234162
140	0.0100049	0.0262682	0.10264	0.00149925	0.0100215	0.0419895	0.234162
141	0.0100049	0.0258339	0.0999368	0	0.0100215	0.0436666	0.251007
142	0.0100049	0.0257153	0.0974962	0	0.0100215	0.044279	0.265422
143	0.0100049	0.0254819	0.0946999	0	0.0101848	0.0451773	0.298014
144	0.0100049	0.0252195	0.0936771	0	0.0100215	0.0468972	0.329498
145	0.0100049	0.025463	0.0969767	0	0.0100215	0.0489042	0.335616
146	0.0100049	0.025504	0.0951233	0	0.010258	0.0525689	0.383789
147	0.0100049	0.0256626	0.0951233	0	0.010258	0.0547439	0.446047
148	0.0100049	0.0255563	0.0951233	0	0.010258	0.0579647	0.46253
149	0.0100049	0.0252046	0.0946999	0	0.010258	0.0603195	0.477584
150	0.0100049	0.025059	0.0936771	0	0.010258	0.0621544	0.491419
151	0.0100049	0.025013	0.0946999	0.00149925	0.010258	0.0644067	0.46875
152	0.0100049	0.0246106	0.0923681	0.00149925	0.010258	0.0656346	0.491419
153	0.0100049	0.0246187	0.0929076	0	0.010258	0.0673059	0.492498
154	0.0100049	0.0243497	0.0908317	0	0.0103072	0.0672049	0.492498
155	0.0100049	0.0245543	0.0923681	0	0.010258	0.0692102	0.528427
156	0.0100049	0.0247723	0.0936771	0	0.010258	0.074303	0.565081
157	0.0100049	0.0247963	0.0951233	0	0.0105452	0.0787634	0.647072
158	0.0100049	0.0246333	0.0946999	0.00149925	0.0109436	0.0812903	0.746723
159	0.0100049	0.0242505	0.0923681	0.00149925	0.0109436	0.0813004	0.729702
160	0.0100049	0.0242119	0.0929076	0	0.0103072	0.082531	0.669026
161	0.0100167	0.0250027	0.0969767	0.00149925	0.0103072	0.0827437	0.647072
162	0.0100167	0.025396	0.101501	0.00449775	0.0103072	0.0820289	0.608935
163	0.0100167	0.0257704	0.10627	0.00449775	0.0105452	0.0825811	0.579894
164	0.0100167	0.0256785	0.101501	0.00449775	0.0105452	0.0828678	0.579894
165	0.0100167	0.0257864	0.100365	0.00449775	0.0103072	0.0850335	0.542363
166	0.0100167	0.0257397	0.0988212	0.00449775	0.0105452	0.0857265	0.579894
167	0.0100167	0.0252227	0.0951233	0	0.0110445	0.0895506	0.768052
168	0.0100167	0.0253301	0.0946999	0	0.0110445	0.0895532	0.768052
169	0.0100167	0.025311	0.0951233	0	0.011824	0.0899029	0.858821
170	0.0100167	0.0253865	0.0969767	0	0.011401	0.0918218	0.95226
171	0.0100167	0.0257334	0.0969767	0	0.0104218	0.0890463	0.82952
172	0.0100167	0.0255798	0.0969767	0.00149925	0.011401	0.09035	0.92985
173	0.0100167	0.0258272	0.0975753	0.00149925	0.011401	0.0906773	0.95226
174	0.0100167	0.0258265	0.0969767	0.00149925	0.0104218	0.0945215	0.95226
175	0.0100167	0.0258556	0.0969767	0.00149925	0.0100656	0.0990796	1.05809
176	0.0100167	0.0258823	0.0975753	0.00149925	0.0100656	0.0998315	1.08098
177	0.0100167	0.02584	0.0975753	0	0.0100656	0.102487	1.35617
178	0.0100167	0.025933	0.100365	0	0.0104218	0.0995032	1.28944
179	0.0103751	0.0261191	0.108155	0.00149925	0.0100656	0.0936387	0.95226
180	0.0100897	0.0261917	0.100936	0	0.0102026	0.0916539	0.921824
181	0.0103424	0.026656	0.108155	0	0.0100656	0.0899226	0.840132
182	0.0102959	0.0269027	0.108155	0	0.0100656	0.0898666	0.690505
183	0.0102959	0.0271622	0.113036	0	0.0100656	0.0891485	0.67236
184	0.0100897	0.0267616	0.107818	0	0.0100656	0.0906412	0.765112
185	0.0100897	0.0269579	0.108155	0	0.0100656	0.0888883	0.586013
186	0.0102959	0.0272396	0.113036	0	0.0100656	0.0883713	0.643049
187	0.0100897	0.0273817	0.119911	0	0.0100656	0.0886708	0.643049
188	0.0100158	0.0278376	0.125111	0	0.0100656	0.0956057	0.881713
189	0.0100897	0.0276425	0.114503	0	0.0100656	0.0987616	1.05809
190	0.0100158	0.0280082	0.117772	0	0.0100656	0.0993429	1.12602
191	0.0100158	0.0277752	0.114503	0	0.0100656	0.0987003	1.14319
192	0.0100158	0.0277749	0.111765	0	0.0100656	0.0951809	1.03702
193	0.0100897	0.0278891	0.114503	0	0.0100656	0.0953197	0.921824
194	0.0102873	0.0286855	0.130182	0.00449775	0.0100656	0.0909081	0.643049
195	0.0100158	0.0283775	0.114459	0	0.0100656	0.0898369	0.643049
196	0.0100158	0.0282531	0.112	0	0.0100656	0.0889081	0.669196
197	0.0100158	0.0286872	0.117772	0	0.0101929	0.0898118	0.669196
198	0.0100158	0.0287535	0.117772	0	0.0101929	0.0910256	0.790781
199	0.0100158	0.0288362	0.114459	0	0.0101929	0.0872772	0.705412
200	0.0100158	0.0292737	0.120015	0	0.0101929	0.0834725	0.643049
201	0.0100897	0.0298103	0.130182	0	0.0101929	0.0844403	0.705412
202	0.0100897	0.0302795	0.145208	0.00149925	0.0102026	0.0853472	0.762703
203	0.0100897	0.0304417	0.147945	0.00149925	0.0101929	0.0848778	0.762703
204	0.0100158	0.0303271	0.134202	0.00149925	0.0101929	0.0868286	0.863612
205	0.0100897	0.0312923	0.147945	0.00149925	0.0105694	0.0886502	1.15562
206	0.0100158	0.0305576	0.130182	0	0.0101929	0.0912169	1.21807
207	0.0100897	0.0311817	0.145208	0	0.0106641	0.0974907	1.35281
208	0.0101139	0.0315042	0.147945	0	0.0101929	0.103259	1.39497
209	0.0101139	0.0318195	0.151473	0	0.0101929	0.10473	1.50747
210	0.0100158	0.0321417	0.151473	0	0.0101929	0.108917	1.71486
211	0.0100516	0.0322702	0.151473	0	0.0101929	0.109634	1.50747
212	0.0100158	0.0331768	0.156102	0	0.0108008	0.10361	1.39497
213	0.0100158	0.0332974	0.157422	0	0.011112	0.109073	1.72614
214	0.0100158	0.0338969	0.161831	0	0.011112	0.108219	1.75185
215	0.0100158	0.0348456	0.172635	0.00149925	0.010799	0.108166	1.72614
216	0.0100158	0.0348095	0.171426	0	0.0101025	0.10876	1.75185
217	0.0100158	0.0347007	0.171426	0	0.0101025	0.115777	2.20019
218	0.0102969	0.0349828	0.179801	0	0.0101025	0.117026	2.45266
219	0.0100158	0.0362834	0.192783	0	0.0101025	0.122651	3.39879
220	0.0100516	0.0379569	0.220659	0.00149925	0.0103487	0.135909	6.5134
221	0.0100516	0.0388647	0.227728	0.0029985	0.0101025	0.1589	13.5022
222	0.0100158	0.0402623	0.250342	0.005997	0.010799	0.175853	17.9273
223	0.0100516	0.0407983	0.246176	0.00149925	0.0101025	0.188811	18.1818
224	0.0104046	0.0438665	0.277199	0.00449775	0.0102026	0.196235	22.5169
225	0.0102969	0.047133	0.281147	0.00449775	0.0101025	0.20343	24.1621
226	0.0100158	0.0493109	0.281147	0.0029985	0.0104597	0.228937	34.882
227	0.0104046	0.050311	0.306745	0.00149925	0.0104597	0.240403	39.1316
228	0.0100158	0.0524899	0.304909	0.00149925	0.0106176	0.244188	39.8798
229	0.0100158	0.0543127	0.307787	0.00149925	0.0104597	0.257962	39.8798
230	0.0100158	0.0592361	0.401451	0.0029985	0.0101025	0.287342	40.5543
231	0.0104277	0.0634255	0.469357	0.0089955	0.0101025	0.310896	44.1639
232	0.0104277	0.0650322	0.469357	0.00749625	0.0101025	0.315959	45.0968
233	0.0100158	0.0759012	0.591356	0.0164918	0.0101025	0.317704	44.1639
234	0.0100158	0.0731424	0.591356	0.0164918	0.0101025	0.309605	45.0968
235	0.0103851	0.0704322	0.55777	0.0089955	0.0100496	0.296641	45.0968
236	0.0100158	0.0679719	0.488806	0.0029985	0.0100496	0.309689	48.2516
237	0.0100158	0.0679301	0.488806	0.00149925	0.0100467	0.342879	52.4106
238	0.0100158	0.0678667	0.488806	0.00149925	0.0101025	0.40857	58.2727
239	0.0102454	0.0693242	0.484615	0.0029985	0.0100467	0.469756	62.6762
240	0.0102454	0.0696786	0.514666	0.005997	0.0100467	0.531546	66.8535
241	0.0102454	0.0716508	0.556283	0.0149925
