		omega		Posterior		rho				Synonymous theta			kappa			phi	
Site	Lower	Point	Higher	prob of +ve	Lower	Point	Higher		Lower	Point	Higher	Lower	Point	Higher	Lower	Point	Higher
	95% HPD	estimate	95% HPD	selection	95% HPD	estimate	95% HPD		95% HPD	estimate	95% HPD	95% HPD	estimate	95% HPD	95% HPD	estimate	95% HPD
0	0.0100527	0.0388116	0.244169	0.00749625	0.0122271	0.361239	35.1815		0.0423574	0.0572452	0.076522	2.65351	4.91143	9.12395	0	0	0
1	0.0100753	0.0373057	0.241807	0.005997	0.0117239	0.348787	35.1815
2	0.0100527	0.0361028	0.231617	0.0029985	0.0117239	0.331766	35.1815
3	0.0100527	0.0347955	0.219633	0.00149925	0.0117239	0.332762	35.1815
4	0.0100527	0.034833	0.219633	0.00149925	0.0114767	0.325295	35.1815
5	0.0100753	0.0340353	0.219633	0.0029985	0.0114767	0.312045	35.1815
6	0.0100753	0.0336992	0.219633	0.0029985	0.0104785	0.303373	34.7269
7	0.0100527	0.0334924	0.210158	0.00149925	0.0104785	0.296284	37.7836
8	0.0100527	0.0329698	0.20028	0.00149925	0.0104785	0.279653	34.7269
9	0.0100527	0.0324993	0.196471	0	0.0104785	0.247361	28.6378
10	0.0100527	0.0322067	0.176755	0	0.0106763	0.231203	32.8095
11	0.0100527	0.0318861	0.158662	0.00149925	0.0106763	0.226653	32.8095
12	0.0101285	0.0312002	0.14603	0	0.0104785	0.205842	22.4745
13	0.0101705	0.03088	0.145824	0	0.0104785	0.193469	16.2764
14	0.0101705	0.0310769	0.145824	0.00149925	0.0102798	0.180073	16.2764
15	0.0101285	0.030658	0.138157	0.00149925	0.0104785	0.162136	18.5222
16	0.0101285	0.0302256	0.13499	0	0.0102798	0.152112	12.1323
17	0.0101285	0.0299004	0.124982	0	0.0102798	0.149127	8.41791
18	0.0100527	0.0294552	0.121254	0	0.0102798	0.148331	8.41791
19	0.0100527	0.0292301	0.121254	0	0.0107723	0.153268	18.5222
20	0.0101285	0.0290035	0.121254	0	0.0102798	0.149302	9.51858
21	0.0100527	0.0293637	0.121254	0	0.0104785	0.14396	5.2471
22	0.0101285	0.0292221	0.120413	0	0.0104785	0.15358	5.79431
23	0.0101285	0.0292651	0.120413	0.00149925	0.0104785	0.165844	13.7926
24	0.0100527	0.0296606	0.121137	0.00449775	0.0104785	0.159018	7.41357
25	0.0101705	0.0287841	0.119748	0	0.0104785	0.169649	15.1187
26	0.0101285	0.0285713	0.1184	0	0.0110433	0.17905	18.1362
27	0.0101285	0.0283014	0.114836	0	0.0104785	0.172853	15.1187
28	0.0101748	0.0289888	0.119748	0.00449775	0.0104785	0.188442	20.086
29	0.0101748	0.0291216	0.119748	0.00449775	0.0102623	0.196746	31.1942
30	0.0101285	0.0296873	0.120226	0.0029985	0.0102623	0.224646	34.2455
31	0.0101705	0.0291511	0.119748	0.00149925	0.0111115	0.231422	34.2455
32	0.0101748	0.0289387	0.119748	0	0.0102623	0.267007	34.2455
33	0.0101285	0.029195	0.120226	0	0.0117239	0.281906	42.6648
34	0.0101705	0.0287913	0.120226	0	0.0117239	0.292181	43.378
35	0.0101748	0.0289871	0.119748	0	0.0104922	0.289738	45.9386
36	0.0101285	0.0289522	0.1184	0	0.0106987	0.322931	45.9386
37	0.0101285	0.0288276	0.1184	0	0.0102623	0.385252	59.8958
38	0.0100914	0.0286437	0.114394	0	0.0120853	0.408606	74.5744
39	0.0101705	0.0282003	0.114836	0	0.012162	0.457326	75.0569
40	0.0100914	0.0276825	0.106794	0	0.0123106	0.512818	75.0569
41	0.0100914	0.0276765	0.104009	0	0.0122271	0.513889	75.0569
42	0.0100914	0.0275726	0.0989578	0	0.012162	0.563836	75.9936
43	0.0100914	0.0274245	0.0989578	0	0.0117334	0.680769	75.0569
44	0.0100914	0.0282085	0.104009	0.005997	0.0118108	0.807268	75.9936
45	0.0100914	0.0280377	0.104009	0	0.0117239	0.911516	78.253
46	0.0100914	0.0283809	0.110374	0	0.0124007	0.908596	82.8406
47	0.0100914	0.0281142	0.097556	0	0.012393	0.924447	82.8406
48	0.0100914	0.0279062	0.0959294	0	0.0116053	0.885795	78.253
49	0.0100398	0.027943	0.0959294	0	0.0116053	0.84265	75.9936
50	0.0100398	0.0281297	0.100536	0	0.0114513	0.824538	78.253
51	0.0100398	0.0280077	0.100536	0	0.0119495	0.809998	82.8406
52	0.0100398	0.0282051	0.100536	0	0.0116053	0.707488	82.8406
53	0.0100395	0.0286359	0.104009	0.00149925	0.0114513	0.613871	82.8406
54	0.0100395	0.0287309	0.11097	0.00149925	0.01158	0.577694	82.8406
55	0.0100395	0.0284036	0.101204	0.00149925	0.0106661	0.549493	75.9688
56	0.0100395	0.0281365	0.0995763	0.00149925	0.0114513	0.537003	80.8919
57	0.0100395	0.0275009	0.0958341	0	0.0114513	0.498516	75.9936
58	0.0100395	0.0277888	0.097556	0	0.0102739	0.460856	64.9172
59	0.0100395	0.0280153	0.101204	0	0.0107989	0.451258	61.6574
60	0.0100395	0.0279482	0.0995763	0.00149925	0.0107989	0.410619	60.1478
61	0.0100395	0.0280737	0.104603	0.00149925	0.0107419	0.402975	60.3835
62	0.0100395	0.0283704	0.104009	0.00149925	0.0105398	0.356314	59.9625
63	0.0100395	0.0288319	0.104603	0.0029985	0.0107989	0.328998	60.3835
64	0.0100395	0.0286118	0.104009	0.0029985	0.0100597	0.302717	53.3597
65	0.0100395	0.0286824	0.104603	0.0029985	0.0100597	0.280168	45.7989
66	0.0100395	0.0283911	0.107067	0	0.0100597	0.2751	42.4873
67	0.0100395	0.0281669	0.104009	0	0.0100597	0.274726	49.7613
68	0.0100395	0.0285292	0.109647	0	0.0100969	0.268616	55.2098
69	0.0100395	0.0285969	0.109647	0	0.0100969	0.259535	55.2098
70	0.0100395	0.0288469	0.110374	0	0.0100969	0.267464	55.2098
71	0.0100395	0.0293721	0.112025	0	0.0100597	0.273872	55.2098
72	0.0100395	0.0300603	0.114394	0.005997	0.0102596	0.263586	55.2098
73	0.0100395	0.0302554	0.116392	0.0029985	0.0100597	0.245407	49.7613
74	0.0100395	0.0305018	0.117917	0.00149925	0.0102596	0.216097	41.4075
75	0.0100395	0.0306459	0.116392	0.00149925	0.0100969	0.188105	37.3108
76	0.0100395	0.0305154	0.113494	0	0.0102596	0.158894	32.6425
77	0.0100395	0.0302518	0.110325	0	0.0100969	0.147457	30.6935
78	0.0100395	0.0296383	0.105907	0	0.0100969	0.134243	27.5011
79	0.0100395	0.0301697	0.109647	0.00149925	0.0100969	0.132993	27.5011
80	0.0100395	0.0301934	0.110672	0.00149925	0.0100969	0.127784	25.7061
81	0.0100395	0.0298712	0.109647	0	0.0100969	0.118481	23.2991
82	0.0100395	0.0302394	0.110672	0	0.0101104	0.106804	22.9265
83	0.0100395	0.0308023	0.11851	0.00149925	0.0101104	0.103614	22.9265
84	0.0100395	0.0308568	0.120226	0.00149925	0.0100969	0.0966457	21.53
85	0.0100395	0.0306419	0.120226	0.00149925	0.0100969	0.090363	20.9645
86	0.0100395	0.0304126	0.120226	0	0.0100969	0.079465	12.5242
87	0.0100395	0.0303525	0.117546	0	0.0100969	0.0719948	8.3801
88	0.0100395	0.0304473	0.112025	0	0.0100595	0.0691238	7.17761
89	0.0100395	0.0302753	0.110672	0	0.0100595	0.0577378	5.31378
90	0.0100395	0.0303281	0.110672	0	0.0100595	0.0511396	2.52877
91	0.0100395	0.0302449	0.110672	0	0.0100595	0.0442708	1.27138
92	0.0100395	0.0302993	0.109913	0	0.0100595	0.0391204	0.443183
93	0.0100395	0.0308545	0.112025	0.0029985	0.0100595	0.0381675	0.381791
94	0.0100395	0.0304431	0.110953	0	0.0100595	0.0369158	0.30773
95	0.0100395	0.0306671	0.113528	0	0.0100595	0.0359251	0.294154
96	0.0100395	0.0300134	0.110953	0	0.0100595	0.0344368	0.192158
97	0.0100398	0.0299064	0.110325	0	0.0101649	0.0333187	0.176564
98	0.0100919	0.0302115	0.112025	0	0.0100969	0.0324535	0.166236
99	0.0101356	0.0303578	0.114394	0	0.0101649	0.0321113	0.166236
100	0.0100919	0.0306403	0.113528	0	0.0101649	0.0321198	0.166236
101	0.0100919	0.030767	0.113528	0	0.0100595	0.0318194	0.158835
102	0.0100919	0.0310339	0.117917	0.00149925	0.0100969	0.0316943	0.158835
103	0.0100919	0.0314264	0.119654	0.0029985	0.0100595	0.0313909	0.155585
104	0.0100919	0.0314584	0.13291	0	0.0100969	0.031029	0.153317
105	0.0100919	0.032016	0.141416	0.00149925	0.0100595	0.0309624	0.153317
106	0.0100919	0.0326834	0.145641	0.00149925	0.0100595	0.031235	0.155585
107	0.0100919	0.0335051	0.161734	0.00149925	0.0100595	0.0320411	0.160388
108	0.0100919	0.0337871	0.167062	0.00149925	0.0102026	0.0321859	0.162963
109	0.0100919	0.0338674	0.167062	0	0.0102026	0.033162	0.173811
110	0.0100919	0.0340279	0.167062	0	0.0102108	0.0355049	0.199609
111	0.0101503	0.0343229	0.161734	0	0.0100969	0.03334	0.173811
112	0.0101503	0.0350825	0.171962	0	0.0102026	0.0332262	0.173811
113	0.0101503	0.0356462	0.183695	0	0.0100969	0.0332444	0.166229
114	0.0101503	0.0356678	0.173832	0	0.0102026	0.0344215	0.176762
115	0.0101503	0.0365612	0.187556	0	0.0100969	0.0343183	0.173811
116	0.0101503	0.0363858	0.184593	0	0.0102026	0.0340742	0.163434
117	0.0100445	0.036592	0.190963	0	0.0102026	0.0333287	0.161527
118	0.0100445	0.0368488	0.194152	0	0.0102026	0.0330548	0.161935
119	0.0100445	0.0380321	0.209547	0	0.0102026	0.0327333	0.160388
120	0.0101503	0.0390009	0.230053	0	0.0102026	0.0329936	0.161935
121	0.0101613	0.0399248	0.246225	0	0.0102026	0.0330472	0.158835
122	0.0100445	0.0412413	0.253502	0.00149925	0.0102026	0.0336037	0.161935
123	0.0100445	0.0418809	0.256957	0.00149925	0.0102026	0.0341619	0.161935
124	0.0100445	0.0422292	0.277703	0.0029985	0.0102026	0.033656	0.160388
125	0.0100445	0.0434642	0.288843	0.0029985	0.0102026	0.0341475	0.160388
126	0.0100445	0.0449586	0.325948	0.00449775	0.0101543	0.0342342	0.158835
127	0.0100922	0.0473224	0.339409	0.00749625	0.0101543	0.0347282	0.160388
128	0.0101579	0.050104	0.357323	0.0104948	0.0101543	0.0345632	0.160388
129	0.0100922	0.0539025	0.372849	0.0134933	0.0101543	0.0352167	0.166229
130	0.0100922	0.0626144	0.476521	0.0314843	0.0102026	0.0348684	0.171708
131	0.0100922	0.0565465	0.416686	0.0164918	0.0100338	0.0355853	0.183539
132	0.0100922	0.0549388	0.404246	0.0134933	0.0100338	0.0360882	0.189964
133	0.0100922	0.0541042	0.404246	0.011994	0.0100338	0.0364872	0.200667
134	0.0100689	0.0498748	0.357323	0.0029985	0.0100338	0.0369617	0.202865
135	0.0100689	0.0486815	0.348491	0.0029985	0.0101543	0.0367256	0.204153
136	0.0100689	0.0468491	0.339409	0	0.0100338	0.0377638	0.202865
137	0.0100689	0.0447252	0.327999	0.00149925	0.0100338	0.0380708	0.202865
138	0.0100689	0.0425087	0.295118	0.0029985	0.0100338	0.0385695	0.204153
139	0.0100689	0.041261	0.295118	0.00449775	0.0100338	0.0395362	0.208785
140	0.0100689	0.0406755	0.282473	0.00149925	0.0100338	0.0404266	0.209428
141	0.0100405	0.0397668	0.27521	0.00149925	0.010213	0.0416498	0.23869
142	0.0100405	0.0394132	0.262204	0.0029985	0.0100338	0.0440866	0.246478
143	0.0100405	0.0386032	0.257078	0.00449775	0.0101748	0.0456052	0.274452
144	0.0100405	0.0375844	0.239067	0.00149925	0.0101748	0.0501251	0.301479
145	0.0100405	0.0364034	0.228961	0	0.0101748	0.0556144	0.31788
146	0.0100405	0.0342735	0.197145	0	0.0103095	0.0647037	0.372621
147	0.0100405	0.0336245	0.19527	0.00149925	0.0101748	0.0748251	0.409915
148	0.0100405	0.0334184	0.186966	0.0029985	0.0117944	0.0831459	0.495609
149	0.0100405	0.0329081	0.186966	0.005997	0.0118156	0.0965156	0.568896
150	0.0100405	0.0319346	0.176646	0.00449775	0.0118109	0.0945856	0.503364
151	0.0100405	0.0313713	0.173872	0.00449775	0.0153096	0.0945031	0.624019
152	0.0100405	0.030852	0.169637	0.00449775	0.0151675	0.0949877	0.575079
153	0.0100405	0.030493	0.169637	0.0029985	0.0136774	0.0957699	0.568896
154	0.0100405	0.0311192	0.176646	0.011994	0.0149967	0.0998315	0.580439
155	0.0100405	0.0299658	0.151531	0.005997	0.0151675	0.107144	0.624019
156	0.0100405	0.0286985	0.141833	0.00449775	0.0149967	0.11268	0.589666
157	0.0100405	0.028023	0.139849	0.00449775	0.0171171	0.123799	0.628786
158	0.0100405	0.0271207	0.132122	0.00149925	0.0211093	0.135293	0.739309
159	0.0100405	0.0271523	0.132122	0.00149925	0.0251902	0.1458	0.676632
160	0.0100405	0.0263605	0.123323	0	0.0265978	0.151704	0.828615
161	0.0100405	0.0261623	0.118548	0	0.0307435	0.162656	0.828615
162	0.0100405	0.0264288	0.117543	0	0.030227	0.170337	0.828615
163	0.0100405	0.0263502	0.117543	0	0.0298367	0.171713	0.833453
164	0.0100405	0.0263812	0.118861	0	0.0289594	0.172077	0.833453
165	0.0100405	0.0261693	0.105883	0	0.0289594	0.178282	0.833453
166	0.0100405	0.0266999	0.126354	0.00449775	0.0294567	0.176405	0.833453
167	0.0100405	0.0266867	0.13291	0.00449775	0.0271102	0.175219	0.833453
168	0.0100405	0.0265201	0.13291	0.00449775	0.0239567	0.168481	0.869798
169	0.0100405	0.0261954	0.125957	0.005997	0.0151028	0.162682	0.674828
170	0.0100405	0.0263141	0.13291	0.005997	0.0157074	0.161083	0.688432
171	0.0100512	0.02617	0.126354	0.005997	0.0151028	0.1578	0.693735
172	0.0100405	0.0256268	0.123221	0.00149925	0.014506	0.158972	0.693735
173	0.0100405	0.0257603	0.133773	0.00149925	0.014506	0.162737	0.693735
174	0.0100405	0.0257078	0.126354	0	0.014258	0.166906	0.693735
175	0.0100405	0.0253577	0.121431	0	0.013852	0.170944	0.707032
176	0.0100405	0.0254796	0.121431	0	0.0120894	0.186349	0.787228
177	0.0100405	0.0252165	0.125957	0	0.0147634	0.20154	1.05742
178	0.0100405	0.0250504	0.1244	0	0.0130942	0.242115	1.17345
179	0.0100405	0.0243826	0.108868	0	0.0210768	0.294417	2.23232
180	0.0100405	0.0244087	0.108868	0	0.0340222	0.369012	3.5359
181	0.0100405	0.0244564	0.108868	0	0.0351067	0.432134	4.15647
182	0.0100405	0.0242247	0.105883	0	0.0406279	0.490046	3.5359
183	0.0100405	0.0242882	0.108868	0	0.0805861	0.526734	4.16486
184	0.0100405	0.0241728	0.105883	0.00149925	0.0831359	0.54649	4.16486
185	0.0100405	0.0239598	0.108868	0.00149925	0.104792	0.535321	4.16486
186	0.0100689	0.0238259	0.111935	0.0029985	0.0713297	0.554567	4.16486
187	0.0100405	0.0247377	0.12326	0.0089955	0.0699448	0.606019	6.24542
188	0.0100405	0.0247773	0.116864	0.0089955	0.116097	0.671418	13.8637
189	0.0100405	0.0236298	0.103194	0	0.123355	0.71073	18.3208
190	0.0100689	0.0233213	0.103168	0	0.123355	0.789944	22.6115
191	0.0100405	0.0235058	0.0966286	0.00149925	0.123355	0.781366	26.7478
192	0.0100689	0.023732	0.103194	0.0029985	0.123355	0.813651	26.7478
193	0.0100405	0.0228299	0.0842405	0	0.101527	0.85056	26.7478
194	0.0100405	0.0231509	0.0861629	0	0.0685226	0.857307	24.2625
195	0.0100405	0.0234	0.0884984	0	0.0831359	0.805419	39.6564
196	0.0100405	0.0235982	0.0990665	0.00149925	0.0530627	0.771452	34.3654
197	0.0100405	0.0232373	0.0884984	0.00149925	0.0483459	0.749132	33.8667
198	0.0100405	0.022873	0.0843332	0	0.0507787	0.741287	33.8667
199	0.0100689	0.0229326	0.0884984	0	0.044288	0.711149	34.3654
200	0.0100405	0.0228059	0.0861629	0	0.044288	0.711439	34.3654
201	0.0100405	0.0227575	0.0861629	0	0.0448401	0.709907	36.759
202	0.0100405	0.0228457	0.0884984	0	0.0189141	0.672679	18.3208
203	0.0100749	0.0228836	0.0884984	0	0.0197433	0.677133	21.2613
204	0.0100405	0.0231009	0.0892838	0.00149925	0.0391246	0.728996	53.9941
205	0.0100405	0.0233857	0.0897258	0.0029985	0.0332499	0.751696	52.1087
206	0.0100405	0.0231753	0.0884984	0.00149925	0.0332499	0.790412	53.8246
207	0.0100749	0.0230351	0.0884984	0	0.064004	1.13123	92.5405
208	0.0100749	0.0228097	0.0884984	0	0.0755387	1.3086	92.5405
209	0.0100405	0.0227288	0.085731	0	0.0873453	1.4594	93.3835
210	0.0100405	0.0222622	0.0839504	0	0.115227	1.64749	96.6458
211	0.0100405	0.022328	0.0843332	0	0.100924	1.70679	96.6458
212	0.0100405	0.0220687	0.0839504	0	0.100924	1.82804	96.6458
213	0.0100749	0.022184	0.0843332	0.00149925	0.100924	1.96853	96.6458
214	0.0100405	0.022086	0.0839504	0.00149925	0.126384	2.41992	96.6458
215	0.0100566	0.021754	0.0748755	0.00149925	0.126384	2.65765	96.6458
216	0.0100566	0.0216381	0.0690184	0.00149925	0.125091	2.79088	96.6458
217	0.0100566	0.02192	0.0748755	0.00149925	0.115324	2.80075	96.6458
218	0.0100566	0.02217	0.0748755	0.00149925	0.111953	2.79399	96.6458
219	0.0100566	0.022328	0.0839504	0.00149925	0.111815	2.70042	99.7171
220	0.0100566	0.0224133	0.0839504	0.00149925	0.111815	2.66051	99.7171
221	0.0100566	0.0223269	0.0830624	0.00149925	0.111953	2.61099	99.7171
222	0.0100566	0.0224409	0.0839504	0.00149925	0.104591	2.54163	99.7171
223	0.0100566	0.0223498	0.0830624	0.00149925	0.0956616	2.49884	99.7171
224	0.0100566	0.0226276	0.0839504	0.00149925	0.084928	2.33301	99.7171
225	0.0100566	0.0223438	0.0830624	0.00149925	0.0392149	1.74592	99.7171
226	0.0100566	0.0223349	0.0827871	0.00149925	0.0357583	1.35403	96.6458
227	0.0100566	0.0226944	0.0839504	0.0029985	0.0215407	0.88454	96.6458
228	0.0100566	0.0222866	0.0748755	0	0.0193679	0.699599	96.6458
229	0.0100566	0.0221577	0.0746211	0.00149925	0.0180163	0.561504	96.6458
230	0.0100566	0.0221842	0.0746211	0	0.0110498	0.496295	66.748
231	0.0100566	0.0222906	0.0746211	0	0.0102711	0.430749	59.051
232	0.0100566	0.0223082	0.0752658	0	0.0110498	0.372139	59.051
233	0.0100566	0.0226723	0.0830624	0	0.0108847	0.338678	59.051
234	0.0100566	0.022889	0.0843332	0	0.0111773	0.31929	59.051
235	0.010074	0.0227436	0.0843332	0	0.0111773	0.23864	59.051
236	0.010074	0.0226191	0.0843332	0	0.0108847	0.194384	48.2156
237	0.010074	0.022637	0.0843332	0	0.0108847	0.169519	45.0037
238	0.0100566	0.0230096	0.0882366	0.00149925	0.0102711	0.161278	38.4889
239	0.0100566	0.0231495	0.0882366	0.0029985	0.0101909	0.175014	48.0106
240	0.010074	0.0227094	0.0843332	0.00149925	0.0101909	0.174603	56.5953
241	0.0100566	0.0224705	0.0794058	0.00149925	0.0103877	0.191003	64.6015
242	0.0100566	0.022333	0.0748755	0.00149925	0.0102711	0.197558	64.6015
243	0.0100566	0.0219708	0.0737969	0	0.0102711	0.16281	64.6015
244	0.0100566	0.0220438	0.0737969	0.00149925	0.0102711	0.11945	34.0668
245	0.0100566	0.0220369	0.0746422	0	0.0100668	0.0900902	6.29147
246	0.0100566	0.0220317	0.0737969	0	0.0103477	0.0828508	1.42548
247	0.0100566	0.0222341	0.0777077	0	0.0103877	0.0743745	0.800537
248	0.0100566	0.0224088	0.0777077	0	0.0100668	0.0694425	0.602978
249	0.0100566	0.0226078	0.0777077	0	0.0102018	0.064167	0.559512
250	0.0100566	0.0224907	0.0737969	0	0.0102018	0.064155	0.559512
251	0.0100566	0.022366	0.0724835	0	0.0102018	0.063804	0.559512
252	0.0100566	0.0225719	0.0737969	0	0.0102018	0.0634144	0.559512
253	0.0100566	0.0225275	0.0737969	0	0.0100668	0.0629124	0.559512
254	0.0100566	0.0224438	0.0690184	0	0.0100668	0.0621076	0.602978
255	0.0100566	0.0225384	0.0679307	0	0.0102018	0.0615683	0.564194
256	0.0100566	0.0227136	0.0724835	0	0.0100668	0.0583221	0.508933
257	0.0100566	0.0229908	0.0746422	0	0.0102018	0.0592396	0.521177
258	0.0100566	0.022745	0.0742564	0	0.0102018	0.0612548	0.555484
259	0.0100566	0.0226062	0.0742564	0	0.0100668	0.0650312	0.738679
260	0.0100566	0.0226033	0.0742564	0	0.0102018	0.0704259	1.05912
261	0.0100566	0.0226909	0.0737969	0	0.0102018	0.0798417	1.57015
262	0.0100566	0.0227453	0.0737969	0	0.0102018	0.0876172	2.91504
263	0.0100566	0.0228826	0.0742564	0	0.0102018	0.0933943	2.97548
264	0.0100566	0.0231536	0.0781344	0	0.0102531	0.0961686	3.05163
265	0.0100566	0.0228179	0.0742564	0	0.0102018	0.0946384	2.47747
266	0.0100566	0.0225369	0.0669732	0	0.0102018	0.0966432	2.27265
267	0.0100566	0.0228635	0.0742564	0	0.0102018	0.0993285	2.91504
268	0.0100566	0.0225545	0.0669732	0	0.0102531	0.106964	3.47693
269	0.0100566	0.0224339	0.0669732	0	0.0102018	0.112859	3.86225
270	0.0100566	0.0223088	0.0666494	0	0.0102018	0.119327	3.98272
271	0.0100566	0.0225504	0.0686053	0	0.0102038	0.125501	4.51768
272	0.0100566	0.0225992	0.0686053	0.00149925	0.0102038	0.125003	4.51768
273	0.0100566	0.0228286	0.0781344	0.00149925	0.0102038	0.124792	3.98272
274	0.0100566	0.0228249	0.0772985	0.00149925	0.0102038	0.123117	3.70165
275	0.0100566	0.0229875	0.0790366	0.00149925	0.0102038	0.124044	2.97548
276	0.0100566	0.0231322	0.0794058	0.00149925	0.0102038	0.126408	2.63905
277	0.0100566	0.0231961	0.0803237	0.00149925	0.0102038	0.12382	2.27265
278	0.0100566	0.0230933	0.0790366	0	0.0102038	0.124517	2.17511
279	0.0100566	0.0238309	0.0843332	0	0.0105318	0.120901	2.15921
280	0.0100566	0.02388	0.0805911	0	0.0102038	0.128405	2.14392
281	0.0100566	0.0239852	0.0811277	0	0.0102038	0.129545	2.14392
282	0.0100566	0.0242044	0.0814809	0	0.0103253	0.130016	2.50785
283	0.0100566	0.0242229	0.0886146	0	0.010137	0.130646	2.50785
284	0.0100566	0.0242643	0.0886146	0	0.010137	0.123465	2.98523
285	0.0100566	0.0243361	0.0905225	0	0.010137	0.114026	2.87018
286	0.0100566	0.0245413	0.0886146	0	0.010137	0.104518	2.12472
287	0.0100566	0.0248496	0.0957126	0	0.010137	0.0938886	1.79369
288	0.0100566	0.0246777	0.0905225	0	0.010137	0.0871666	1.62044
289	0.0100566	0.0248023	0.0957126	0	0.0100528	0.0825474	1.26471
290	0.0100566	0.025261	0.102107	0	0.0100528	0.0789092	1.01013
291	0.0100566	0.0253886	0.1045	0	0.0102038	0.0800073	1.19257
292	0.0100566	0.0258274	0.110458	0	0.0100528	0.0800031	1.19257
293	0.0100566	0.026346	0.125763	0.00149925	0.0100528	0.0831473	1.58661
294	0.0100239	0.0265073	0.128292	0.00149925	0.010137	0.0748265	1.19257
295	0.0100239	0.0263797	0.128292	0.00149925	0.0102038	0.0682224	0.966369
296	0.0100239	0.0264132	0.127345	0.00149925	0.0100528	0.064563	0.735606
297	0.0100239	0.0264751	0.127345	0	0.010137	0.062928	0.780985
298	0.0100239	0.0265204	0.125763	0	0.010137	0.0588744	0.600124
299	0.0100239	0.0267004	0.120758	0	0.0100528	0.0561256	0.559512
300	0.010074	0.026727	0.119802	0	0.0100528	0.0547931	0.547197
301	0.010074	0.0266798	0.113894	0	0.0102038	0.0542112	0.527368
302	0.010074	0.0270014	0.119802	0	0.0100528	0.0561893	0.60308
303	0.0100239	0.0273267	0.119802	0	0.0100528	0.0531419	0.521177
304	0.0100239	0.0271576	0.109065	0	0.0100528	0.052517	0.487482
305	0.010074	0.0273389	0.113894	0	0.0100528	0.0504365	0.424883
306	0.0100239	0.0278183	0.115216	0	0.0100528	0.0523749	0.426215
307	0.0100239	0.0284278	0.120758	0	0.0100528	0.0510297	0.388039
308	0.0100239	0.0286269	0.120758	0	0.0100528	0.0520081	0.426215
309	0.0100934	0.0294212	0.135825	0	0.0100528	0.0499757	0.356907
310	0.0100239	0.0289464	0.12253	0	0.0101933	0.0496433	0.314331
311	0.0100239	0.0292281	0.131556	0	0.0100528	0.0486117	0.272181
312	0.0100239	0.0286492	0.113894	0	0.0100528	0.0493222	0.304905
313	0.0100239	0.0286344	0.113894	0	0.0100528	0.0499663	0.374114
314	0.0100239	0.0286223	0.114346	0	0.0100528	0.0494647	0.374114
315	0.0100239	0.0287304	0.114346	0	0.0100528	0.0504224	0.369486
316	0.0100239	0.0291805	0.115216	0	0.0101933	0.0507972	0.369486
317	0.0100934	0.0292048	0.114346	0	0.0100528	0.0503117	0.315989
318	0.0100239	0.0296999	0.122625	0	0.0102437	0.0514245	0.369486
319	0.0100239	0.0299133	0.119802	0	0.0102437	0.0519501	0.369486
320	0.0100239	0.0300544	0.122625	0	0.0100528	0.0512135	0.327637
321	0.0100239	0.0302194	0.131556	0	0.0100528	0.0505959	0.315989
322	0.0100934	0.0300618	0.131556	0	0.0100528	0.0510476	0.327637
323	0.0100934	0.0303995	0.131556	0	0.0100528	0.0513574	0.327637
324	0.0100934	0.0308652	0.135828	0.00149925	0.0100528	0.0516997	0.315989
325	0.0101213	0.0312988	0.135828	0.00149925	0.0100528	0.050725	0.300806
326	0.0101897	0.032084	0.1396	0.00149925	0.0100528	0.0508752	0.300806
327	0.0101213	0.0321733	0.139847	0.00149925	0.010123	0.0533473	0.327637
328	0.0101213	0.0321408	0.139847	0.00149925	0.0100528	0.054691	0.334176
329	0.0101213	0.0324542	0.150503	0.00149925	0.010123	0.0571459	0.4103
330	0.0101213	0.0329251	0.153526	0.00149925	0.0101881	0.0622957	0.642953
331	0.0101897	0.0331718	0.167564	0.00149925	0.0100528	0.0673935	0.69539
332	0.0101213	0.0338445	0.171169	0.00149925	0.0100528	0.0733768	0.995518
333	0.0101897	0.0341056	0.172802	0.0029985	0.010123	0.0835099	1.92733
334	0.0101213	0.0341755	0.172802	0.00149925	0.0100528	0.088743	2.09527
335	0.0101213	0.0343614	0.186884	0.0029985	0.0100528	0.098002	6.29423
336	0.0101213	0.0355818	0.2036	0.00449775	0.0100528	0.100576	7.19861
337	0.0101897	0.0378014	0.28235	0.00749625	0.0100528	0.10471	7.19997
338	0.0101213	0.0393116	0.310507	0.0134933
