		omega		Posterior		rho				Synonymous theta			kappa			phi	
Site	Lower	Point	Higher	prob of +ve	Lower	Point	Higher		Lower	Point	Higher	Lower	Point	Higher	Lower	Point	Higher
	95% HPD	estimate	95% HPD	selection	95% HPD	estimate	95% HPD		95% HPD	estimate	95% HPD	95% HPD	estimate	95% HPD	95% HPD	estimate	95% HPD
0	0.0126115	0.17127	1.48619	0.0869565	0.0103466	0.146419	36.9932		0.0170599	0.0320426	0.0503034	1.05131	2.4552	5.6095	0	0	0
1	0.0126115	0.165226	1.29881	0.077961	0.0103466	0.138294	36.9932
2	0.0126115	0.166813	1.29881	0.077961	0.0103466	0.133872	37.6483
3	0.0175051	0.165906	1.67818	0.0734633	0.0105537	0.133121	42.0638
4	0.0188999	0.17567	1.67818	0.071964	0.0103466	0.136141	42.9485
5	0.0188999	0.182565	1.67818	0.0794603	0.0103466	0.137948	46.8583
6	0.0183251	0.158386	1.31227	0.0509745	0.0103466	0.136142	45.0388
7	0.0158156	0.146768	1.05314	0.0374813	0.0103404	0.135426	48.0904
8	0.0164416	0.140217	1.07497	0.0389805	0.0102128	0.129602	42.9485
9	0.0158156	0.134573	0.918958	0.0269865	0.0103466	0.128784	42.9485
10	0.012411	0.129418	0.591877	0.0164918	0.0103466	0.123618	42.9485
11	0.0135717	0.129492	0.6263	0.0149925	0.0100442	0.121213	42.9485
12	0.0142739	0.125243	0.618313	0.011994	0.0100442	0.12032	46.8583
13	0.0142739	0.123311	0.591877	0.0104948	0.0100442	0.120142	46.8583
14	0.0147824	0.117707	0.591877	0.00749625	0.0100442	0.0999085	38.6724
15	0.0158156	0.115315	0.6263	0.005997	0.0101979	0.0843606	28.4778
16	0.0142739	0.113057	0.566052	0.00749625	0.0100442	0.0750509	16.4333
17	0.0142739	0.111605	0.566052	0.00749625	0.0100442	0.0711496	8.83024
18	0.0142739	0.11173	0.580475	0.0089955	0.0100442	0.0683596	7.80642
19	0.0142739	0.112827	0.591877	0.011994	0.0100442	0.0632263	3.94494
20	0.0143257	0.112402	0.591877	0.0104948	0.0100442	0.0621785	3.3416
21	0.0145473	0.112613	0.589791	0.005997	0.0101979	0.056474	1.48463
22	0.0145473	0.112056	0.589791	0.005997	0.0100442	0.0549034	0.952818
23	0.0143257	0.114266	0.591877	0.0089955	0.0100442	0.0540169	0.793018
24	0.0137765	0.116069	0.591877	0.0089955	0.0101979	0.0507012	0.609245
25	0.0135717	0.117535	0.591877	0.0089955	0.0100442	0.0496101	0.55871
26	0.0132539	0.120686	0.591877	0.0134933	0.0100442	0.0476104	0.530917
27	0.0135717	0.122864	0.702652	0.0164918	0.0100442	0.044788	0.343667
28	0.016668	0.133748	0.943489	0.0314843	0.0100442	0.0436853	0.342519
29	0.016668	0.155096	1.47472	0.0614693	0.0100442	0.0443633	0.343667
30	0.0147515	0.127516	0.926825	0.029985	0.0100442	0.0443889	0.343667
31	0.0107329	0.113551	0.589791	0.017991	0.0100442	0.0464173	0.426896
32	0.0107329	0.108837	0.589791	0.0164918	0.0100442	0.0463822	0.426896
33	0.0107322	0.101975	0.564124	0.00749625	0.0100442	0.0477162	0.486002
34	0.012238	0.0969691	0.589791	0.00749625	0.0100442	0.0466705	0.426896
35	0.0121549	0.0917214	0.58476	0.0089955	0.0100442	0.0458307	0.34487
36	0.0103906	0.0899028	0.503725	0.0149925	0.0100442	0.0469617	0.426896
37	0.0103906	0.0829816	0.47629	0.0089955	0.0100442	0.0489411	0.639386
38	0.0106603	0.0799798	0.47629	0.00449775	0.0100442	0.0496543	0.71611
39	0.0103368	0.0732094	0.437798	0.00449775	0.0100442	0.0493901	0.672301
40	0.0103906	0.0722692	0.4269	0.005997	0.0100591	0.0515711	0.781222
41	0.0103368	0.0701159	0.413239	0.0029985	0.0100591	0.0516838	0.663941
42	0.0100425	0.0671398	0.373137	0.0029985	0.0100591	0.053409	0.859606
43	0.0100425	0.0642585	0.351711	0.0029985	0.0100591	0.053917	1.02025
44	0.0101407	0.0631587	0.323363	0.0029985	0.0100591	0.0555173	1.02025
45	0.0100206	0.0618274	0.321778	0.005997	0.0100591	0.0550826	0.963944
46	0.0100206	0.0596684	0.287504	0.0029985	0.0100591	0.0558908	0.963944
47	0.0100425	0.0582314	0.287504	0.0029985	0.0100591	0.0564087	0.781222
48	0.0100206	0.057172	0.287504	0.00449775	0.0100591	0.0558576	0.781222
49	0.0100425	0.056049	0.287504	0.00449775	0.0100591	0.0558417	0.76048
50	0.0102325	0.0548855	0.27557	0.0029985	0.0100591	0.0562745	0.68038
51	0.0102325	0.0541555	0.27557	0.00449775	0.0100591	0.0565936	0.76048
52	0.0102325	0.0538078	0.27557	0.00149925	0.0100591	0.0587028	0.985086
53	0.0103368	0.0527521	0.27557	0.00149925	0.0100591	0.0596699	0.985086
54	0.0100206	0.0528766	0.272157	0.0029985	0.0100591	0.0588219	0.798659
55	0.0100206	0.0522315	0.261273	0.00449775	0.0100591	0.0583571	0.948155
56	0.0100206	0.0517764	0.259756	0.00449775	0.0100591	0.0577937	0.591769
57	0.0101407	0.0510516	0.261273	0.00449775	0.0100591	0.0559974	0.493425
58	0.0103368	0.0503424	0.259756	0.00149925	0.0100591	0.0558924	0.493425
59	0.0100206	0.0509268	0.259756	0.0029985	0.0100307	0.0590214	0.493938
60	0.0100206	0.051211	0.268861	0.00449775	0.0100307	0.0601865	0.513969
61	0.0100206	0.0503377	0.254123	0.0029985	0.0100307	0.0629821	0.587648
62	0.0101407	0.0498138	0.25363	0.0029985	0.0100307	0.0631082	0.587648
63	0.0101407	0.0496481	0.253438	0.00449775	0.0100307	0.0642603	0.591769
64	0.0100623	0.0513596	0.254123	0.00749625	0.0100307	0.0637785	0.587648
65	0.0100623	0.0513664	0.254123	0.005997	0.0100955	0.064661	0.718004
66	0.0100623	0.05071	0.254123	0.00449775	0.0100307	0.0672659	1.16094
67	0.0100623	0.0503417	0.254123	0.00449775	0.0100307	0.0718009	1.57056
68	0.0103368	0.0504663	0.261757	0.00449775	0.0100307	0.0748635	2.18309
69	0.0103368	0.0505603	0.261757	0.00449775	0.0100955	0.076513	2.51307
70	0.0103368	0.050793	0.259756	0.00449775	0.0100307	0.0790164	2.81512
71	0.0100206	0.0514104	0.256802	0.00449775	0.0100307	0.0807563	2.81512
72	0.0100206	0.0520496	0.261273	0.00449775	0.0100307	0.0827287	2.81512
73	0.0100206	0.0525005	0.261273	0.005997	0.0100307	0.0843398	2.51307
74	0.0103368	0.0517902	0.26256	0.0029985	0.0100955	0.0874251	2.60759
75	0.0100623	0.0526253	0.270936	0.0029985	0.010227	0.0903839	2.60759
76	0.0100623	0.0532917	0.288141	0.0029985	0.0100955	0.0890719	2.51307
77	0.0100623	0.0541926	0.294316	0.00449775	0.0100307	0.0921875	2.44025
78	0.0100281	0.0554161	0.316456	0.0029985	0.0100307	0.0994699	2.96822
79	0.0100623	0.056677	0.32992	0.00149925	0.0100307	0.0972237	2.43474
80	0.0100281	0.0576044	0.32992	0.00149925	0.0100307	0.100461	2.59153
81	0.0100623	0.057372	0.341752	0	0.0100307	0.0961026	1.59452
82	0.0100623	0.0565522	0.32992	0.00149925	0.0100307	0.0928131	1.32372
83	0.0100623	0.0570278	0.32992	0.00149925	0.0100307	0.0852485	0.865566
84	0.0100281	0.0586732	0.343486	0.00149925	0.010227	0.0846237	0.849248
85	0.0100281	0.0590331	0.367101	0.00149925	0.0100699	0.0869767	0.77679
86	0.0100281	0.0613361	0.409416	0.00149925	0.0100699	0.085073	0.65184
87	0.0100281	0.0659488	0.464163	0.00749625	0.0100699	0.0834782	0.591769
88	0.0100623	0.0684111	0.486013	0.011994	0.010227	0.0819228	0.591769
89	0.0100281	0.0716119	0.488759	0.0134933	0.0100699	0.0843381	0.591769
90	0.0100281	0.0739443	0.497772	0.0134933	0.0102846	0.0846229	0.591769
91	0.0103368	0.0785218	0.547941	0.0134933	0.0103278	0.085647	0.591769
92	0.0101416	0.0821681	0.553616	0.0164918	0.0103278	0.0860631	0.591769
93	0.0100281	0.0877048	0.66245	0.0209895	0.0100699	0.0893731	0.537605
94	0.0100281	0.0962695	0.738103	0.023988	0.0100699	0.0922041	0.555256
95	0.0106299	0.103445	0.839067	0.029985	0.0100699	0.0994016	0.591769
96	0.0100281	0.115556	0.839067	0.0344828	0.0100699	0.103934	0.715734
97	0.011266	0.132117	0.996455	0.0374813	0.0103278	0.106687	0.77679
98	0.0146417	0.164902	1.41298	0.053973	0.0100699	0.110444	0.77679
99	0.0108115	0.212741	1.41629	0.0854573	0.0100699	0.117415	0.887405
100	0.0287316	0.404409	7.65487	0.185907	0.0103278	0.124522	0.936092
101	0.0202626	0.288201	2.42519	0.10045	0.010227	0.128893	0.977182
102	0.0165628	0.25912	1.77279	0.0764618	0.010227	0.131011	0.977182
103	0.0164429	0.238042	1.21011	0.0509745	0.010227	0.132083	0.927766
104	0.0155612	0.233913	1.07249	0.0434783	0.0109144	0.13331	0.927766
105	0.0151403	0.239928	1.07249	0.047976	0.0107467	0.127716	0.837533
106	0.0164429	0.240778	1.14673	0.041979	0.0104003	0.127051	0.77679
107	0.0164429	0.240905	1.18738	0.0449775	0.0107467	0.125488	0.87856
108	0.0164429	0.243133	1.17094	0.0449775	0.0107467	0.127637	0.927766
109	0.0192291	0.249319	1.21011	0.041979	0.0107467	0.13042	0.927766
110	0.0243241	0.260052	1.39603	0.0434783	0.0107467	0.129349	0.927766
111	0.032951	0.280907	1.65327	0.0554723	0.010878	0.126092	0.927766
112	0.0350028	0.296915	1.67907	0.0644678	0.0104003	0.122148	0.927766
113	0.0552313	0.32666	2.04737	0.077961	0.0104003	0.121023	0.927766
114	0.064882	0.365861	1.68237	0.0929535	0.0104003	0.116273	0.729676
115	0.0727266	0.354794	1.74317	0.0854573	0.0102484	0.115228	0.772602
116	0.0596084	0.343104	1.67907	0.083958	0.0105639	0.12051	1.03714
117	0.064882	0.340953	1.67907	0.083958	0.0102484	0.12457	1.59452
118	0.0567037	0.345292	1.55672	0.0869565	0.0105639	0.122377	1.25362
119	0.0700813	0.354988	1.67907	0.089955	0.0105639	0.122659	1.25362
120	0.0700813	0.360779	1.67907	0.095952	0.0105639	0.124392	1.21278
121	0.0727266	0.376531	1.65327	0.103448	0.0115522	0.117796	1.03714
122	0.0575947	0.344254	2.04737	0.10045	0.0105639	0.112307	0.706033
123	0.0457888	0.319217	2.03391	0.0929535	0.0101142	0.112408	0.661998
124	0.0421996	0.310578	2.03391	0.0854573	0.0105639	0.108195	0.601589
125	0.03147	0.297914	1.74229	0.0794603	0.0124799	0.105508	0.641438
126	0.0316632	0.288292	1.76803	0.0764618	0.0105639	0.106416	0.471727
127	0.0310425	0.287088	1.65327	0.071964	0.0103951	0.10255	0.438753
128	0.0316632	0.290225	1.78281	0.071964	0.0124799	0.0976054	0.457891
129	0.0289128	0.2842	1.78281	0.071964	0.0138251	0.0917252	0.471727
130	0.0237261	0.280569	1.65327	0.0764618	0.0150724	0.0890186	0.463426
131	0.022442	0.287105	1.74229	0.0809595	0.0150724	0.0883735	0.44824
132	0.0189572	0.286273	1.55672	0.0824588	0.013532	0.0871868	0.420218
133	0.022442	0.295712	1.93306	0.095952	0.011907	0.0846142	0.354808
134	0.0189572	0.330535	2.03391	0.124438	0.011907	0.083852	0.354808
135	0.0243241	0.380752	3.19093	0.161919	0.011907	0.083991	0.354808
136	0.0733539	0.479673	7.12076	0.229385	0.0120627	0.0844003	0.367684
137	0.118123	0.764965	5.32834	0.364318	0.0120627	0.0857561	0.382628
138	0.118123	0.793894	5.32834	0.383808	0.012884	0.0875628	0.412548
139	0.148678	0.909376	7.50549	0.41979	0.012884	0.0905687	0.420218
140	0.148559	0.86582	9.8424	0.404798	0.012884	0.0940542	0.485302
141	0.0173586	0.425233	4.50312	0.233883	0.0149334	0.0943192	0.582521
142	0.0165397	0.286574	2.46289	0.148426	0.0129699	0.0984654	0.540367
143	0.0168979	0.253065	2.46289	0.125937	0.0105055	0.107089	0.540367
144	0.0104244	0.20221	1.48388	0.0929535	0.011907	0.109641	0.584845
145	0.0101348	0.168474	1.13293	0.05997	0.0105055	0.121656	0.772748
146	0.0104244	0.150736	1.00234	0.047976	0.0105055	0.130675	0.918189
147	0.0109496	0.135475	0.998111	0.0389805	0.010311	0.133721	0.989191
148	0.0109496	0.122349	0.915865	0.0254873	0.010305	0.140206	1.21715
149	0.0112553	0.112263	0.915865	0.017991	0.010305	0.148468	1.4996
150	0.0102704	0.105361	0.789747	0.0164918	0.010305	0.156282	2.48667
151	0.0103776	0.0978658	0.694243	0.0104948	0.0101338	0.160146	2.94585
152	0.0103776	0.0957112	0.694243	0.0104948	0.0101338	0.204006	11.1643
153	0.0101348	0.0935139	0.638589	0.0104948	0.010305	0.257626	18.3512
154	0.0101348	0.0924473	0.615608	0.011994	0.010305	0.27624	26.6799
155	0.0101348	0.0919109	0.596754	0.0104948	0.0124545	0.290303	42.7727
156	0.0101348	0.092065	0.603129	0.0134933	0.0124545	0.296509	42.7916
157	0.0102201	0.0929216	0.621479	0.0149925	0.0124545	0.320091	45.7094
158	0.0102201	0.0909183	0.654417	0.017991	0.0124545	0.346965	45.7094
159	0.0102201	0.0919604	0.706874	0.023988	0.0124545	0.354049	45.7094
160	0.0102201	0.0890159	0.706874	0.023988	0.0115754	0.371461	46.1454
161	0.0102201	0.089572	0.758799	0.0269865
