		omega		Posterior		rho				Synonymous theta			kappa			phi	
Site	Lower	Point	Higher	prob of +ve	Lower	Point	Higher		Lower	Point	Higher	Lower	Point	Higher	Lower	Point	Higher
	95% HPD	estimate	95% HPD	selection	95% HPD	estimate	95% HPD		95% HPD	estimate	95% HPD	95% HPD	estimate	95% HPD	95% HPD	estimate	95% HPD
0	0.0100522	0.0507701	0.64773	0.0284858	0.0102551	0.544259	49.3262		0.0211928	0.0355684	0.0535853	2.5176	6.83407	24.4031	7.48642e+08	4.00432e+32	2.58325e+52
1	0.0100522	0.0494266	0.56544	0.0224888	0.0102853	0.536841	45.9902
2	0.0100522	0.0459804	0.475789	0.0149925	0.010712	0.539402	44.9762
3	0.0100522	0.0442215	0.391693	0.0149925	0.010712	0.597508	45.1293
4	0.0101134	0.0436664	0.386221	0.0149925	0.0107149	0.565214	36.7334
5	0.0100522	0.0432867	0.347171	0.0149925	0.0102853	0.551127	29.2957
6	0.0100522	0.0419571	0.296753	0.0149925	0.0102455	0.547235	26.0497
7	0.0100522	0.0410571	0.269983	0.0134933	0.0108597	0.536671	26.625
8	0.0100522	0.0396996	0.262459	0.0104948	0.010712	0.549449	26.625
9	0.0100522	0.0383949	0.225045	0.0089955	0.0102853	0.546351	24.4013
10	0.0100522	0.0383465	0.213751	0.0104948	0.0102853	0.581954	24.4013
11	0.0100522	0.0381648	0.213751	0.0089955	0.0102455	0.596704	24.885
12	0.0100522	0.0381765	0.213751	0.005997	0.0102455	0.625466	26.3352
13	0.0100522	0.0372592	0.201387	0.005997	0.0102455	0.67341	30.3664
14	0.0100772	0.0371855	0.201459	0.005997	0.0100148	0.720381	30.3664
15	0.0100522	0.036088	0.193263	0.00149925	0.0100148	0.823844	33.2093
16	0.0101076	0.0369247	0.201459	0.00749625	0.0102455	0.934888	36.0192
17	0.0100522	0.0362411	0.193263	0.005997	0.0188843	1.04558	78.1766
18	0.0100522	0.0358943	0.187061	0.0029985	0.0105803	0.987643	43.9588
19	0.0100522	0.0361561	0.200041	0.0029985	0.0106061	1.02499	43.6115
20	0.0100772	0.0362928	0.201459	0.0029985	0.0215113	1.13826	82.9829
21	0.0100522	0.036086	0.200041	0.00149925	0.0279084	1.18572	96.669
22	0.0100772	0.0361391	0.194283	0.0029985	0.0102455	1.08226	37.2661
23	0.0100522	0.0358368	0.182123	0	0.0208457	1.04887	68.8262
24	0.0100522	0.0354918	0.174731	0	0.0445415	1.05053	89.9924
25	0.0100522	0.0360915	0.182123	0.0029985	0.0399722	0.954098	68.8262
26	0.0100522	0.0357674	0.18081	0.00149925	0.0546319	0.941477	69.6191
27	0.0100522	0.0357549	0.18081	0.00149925	0.029638	0.85302	30.1791
28	0.0100522	0.0360212	0.181312	0.00149925	0.030589	0.770455	22.2794
29	0.0100522	0.035924	0.18081	0.0029985	0.0405168	0.720272	22.2794
30	0.0100522	0.0359094	0.181312	0.0029985	0.0310703	0.666531	14.1389
31	0.0100522	0.0355758	0.182123	0.0029985	0.0362683	0.622587	12.9507
32	0.0100522	0.0357136	0.182123	0.0029985	0.034814	0.601899	11.9506
33	0.0100522	0.0357082	0.190931	0.0029985	0.032325	0.578204	11.9506
34	0.0100522	0.0360666	0.205499	0.00449775	0.032325	0.596236	12.9507
35	0.0100522	0.0363489	0.21035	0.0029985	0.032325	0.506596	5.42057
36	0.0100522	0.0364955	0.21035	0.0029985	0.032325	0.495725	6.59626
37	0.0100772	0.0373909	0.226659	0.0029985	0.0312984	0.493933	8.02191
38	0.0100772	0.037324	0.223895	0.0029985	0.0101719	0.488927	3.82658
39	0.0100772	0.0369462	0.21035	0	0.0101719	0.492889	4.8494
40	0.0100772	0.0370091	0.215793	0.00149925	0.0101719	0.477823	4.83591
41	0.0100772	0.037152	0.215793	0	0.0101719	0.458027	4.8494
42	0.0100772	0.0371762	0.205499	0	0.0101719	0.42129	4.8494
43	0.0100772	0.0374956	0.219272	0	0.0101719	0.411625	5.05276
44	0.0100772	0.0379327	0.215793	0.00149925	0.0101719	0.42281	7.11052
45	0.0100772	0.0379548	0.194362	0	0.0104509	0.423595	8.38084
46	0.0100772	0.0384947	0.194362	0	0.0108371	0.399515	8.52506
47	0.0100772	0.0390016	0.184739	0	0.0108371	0.388395	8.52506
48	0.0100772	0.039648	0.194362	0	0.0104509	0.379089	9.90979
49	0.0100772	0.0397109	0.194362	0.00149925	0.0110699	0.371382	12.3121
50	0.0100772	0.0404819	0.199756	0.0029985	0.0103282	0.341031	8.52506
51	0.0100772	0.0407721	0.205499	0.00149925	0.0103282	0.321927	9.90979
52	0.0101518	0.0413314	0.227041	0.00149925	0.0103282	0.32218	12.3121
53	0.0100772	0.0413304	0.227041	0.0029985	0.0103282	0.318306	15.4439
54	0.0100772	0.041813	0.230796	0.00449775	0.0103282	0.309994	14.889
55	0.0100772	0.042583	0.240838	0.00149925	0.0100886	0.282686	14.889
56	0.0101518	0.0444561	0.264766	0.005997	0.0100886	0.281933	20.9319
57	0.0102709	0.0453734	0.264766	0.00749625	0.0100886	0.277099	20.9319
58	0.0102709	0.0446775	0.258881	0.0029985	0.0100886	0.272944	20.9319
59	0.0101518	0.0455901	0.253656	0.00449775	0.0100886	0.270017	20.0959
60	0.0101518	0.0464773	0.253656	0.0029985	0.0100533	0.261777	20.9319
61	0.0102709	0.0471795	0.262086	0.0029985	0.0100533	0.265956	24.1733
62	0.0102709	0.0480334	0.264766	0.00149925	0.0100533	0.272837	27.8601
63	0.0101518	0.0488592	0.266918	0.00149925	0.0100533	0.268589	25.0887
64	0.0102961	0.0499176	0.278402	0.0029985	0.0100886	0.284475	24.4709
65	0.0101518	0.0505663	0.297417	0.00449775	0.0100886	0.303123	30.9713
66	0.0101518	0.0512575	0.311895	0.00749625	0.0100886	0.311107	32.1822
67	0.0102961	0.0525481	0.353595	0.00749625	0.0102844	0.300411	28.2982
68	0.0104038	0.0538483	0.357427	0.00449775	0.0102844	0.27404	21.0375
69	0.0104038	0.0548057	0.357427	0.00449775	0.0102844	0.268913	20.0959
70	0.0102961	0.0558425	0.350473	0.0029985	0.0102844	0.262463	17.7099
71	0.0103591	0.0582754	0.372374	0.005997	0.0102844	0.251804	17.1843
72	0.0104038	0.0603961	0.375225	0.00749625	0.0102844	0.243493	15.2097
73	0.0101518	0.0604082	0.357006	0.00449775	0.0102844	0.229195	13.941
74	0.0101518	0.0629606	0.397144	0.011994	0.0102844	0.223452	14.7669
75	0.0101518	0.066983	0.426702	0.0164918	0.0102844	0.217354	17.0364
76	0.0101518	0.0700864	0.468667	0.0194903	0.0102844	0.222124	21.0375
77	0.0101518	0.0723315	0.508445	0.017991	0.0101605	0.219175	24.3904
78	0.0101518	0.0746347	0.547575	0.0209895	0.0101605	0.216249	25.5561
79	0.0102961	0.0809705	0.625478	0.029985	0.0102526	0.210438	24.3904
80	0.0102961	0.0898863	0.864299	0.0449775	0.0101605	0.206912	24.3904
81	0.0102961	0.100573	1.06437	0.0569715	0.0101605	0.204096	24.3904
82	0.0102961	0.12065	1.41104	0.0794603	0.0101605	0.189794	23.5703
83	0.0115476	0.166837	2.98009	0.137931	0.0101605	0.169307	20.3538
84	0.0104649	0.115056	1.13718	0.071964	0.0101605	0.127748	4.25352
85	0.0103245	0.10053	0.86215	0.0449775	0.0103267	0.109672	1.74015
86	0.0103245	0.091229	0.70924	0.0374813	0.0103267	0.0902597	1.15947
87	0.0103245	0.0884568	0.651078	0.035982	0.0103267	0.0866074	1.126
88	0.0105519	0.0856872	0.646568	0.0284858	0.0101605	0.0862164	1.126
89	0.0106003	0.0834229	0.625478	0.0254873	0.0103267	0.0854143	1.126
90	0.0102744	0.080084	0.510312	0.0134933	0.0101605	0.0806458	0.998616
91	0.0102744	0.0745944	0.443117	0.0104948	0.0101605	0.0784676	0.968225
92	0.0102744	0.0745255	0.44565	0.011994	0.0101605	0.0784513	0.968225
93	0.0102744	0.0748023	0.443117	0.0149925	0.0101605	0.0781955	0.968225
94	0.0102744	0.073809	0.417007	0.0104948	0.0101605	0.0756992	0.941227
95	0.0102744	0.0717402	0.417007	0.00749625	0.0101605	0.0767074	0.998616
96	0.0107303	0.0717966	0.417007	0.00749625	0.0101605	0.0780626	1.34493
97	0.010675	0.0705791	0.421711	0.00749625	0.0102875	0.0785228	1.38296
98	0.0100128	0.0696955	0.376704	0.005997	0.0102875	0.0789759	1.38296
99	0.0100128	0.0682483	0.376704	0.00449775	0.0102875	0.0787425	1.38296
100	0.0100128	0.0684035	0.385437	0.00449775	0.0102875	0.076637	1.58396
101	0.0100128	0.0664701	0.374309	0.0029985	0.0102875	0.075921	1.58396
102	0.0100128	0.0667196	0.376704	0.0029985	0.0101605	0.076913	1.16216
103	0.0100128	0.0665052	0.385437	0.0029985	0.0101605	0.07841	1.34493
104	0.0100128	0.0664152	0.385437	0.00149925	0.0101605	0.0790595	1.22962
105	0.0100128	0.0670591	0.385437	0.0029985	0.0102875	0.0777046	1.11066
106	0.0100236	0.067187	0.374309	0.0029985	0.0103915	0.0772433	1.22962
107	0.0100236	0.0670057	0.347034	0.0029985	0.0101431	0.0744077	1.126
108	0.0100236	0.0677184	0.374309	0.0029985	0.0101431	0.0745472	1.16216
109	0.0100236	0.0700176	0.400586	0.005997	0.0101431	0.0744664	1.16216
110	0.0124858	0.0724506	0.517216	0.0089955	0.0101431	0.0754767	1.16216
111	0.0100236	0.0745578	0.436431	0.0089955	0.0101431	0.0756857	1.16216
112	0.0101057	0.0764556	0.461689	0.011994	0.0102875	0.0744063	1.126
113	0.0127012	0.0794707	0.628646	0.0164918	0.0101431	0.0732094	0.941227
114	0.0124858	0.0809074	0.593649	0.0134933	0.0102875	0.0768668	1.126
115	0.0127492	0.0840283	0.612932	0.0149925	0.0102875	0.0774491	1.126
116	0.0127012	0.0857276	0.612932	0.0149925	0.0101431	0.0798165	1.09245
117	0.0124858	0.088606	0.628646	0.0194903	0.0104552	0.078972	0.941227
118	0.0124858	0.0927418	0.682033	0.023988	0.0104552	0.0801303	0.991648
119	0.0127492	0.102704	0.923148	0.0344828	0.0104552	0.0853568	1.12294
120	0.0127492	0.1129	1.07027	0.0509745	0.0101431	0.105959	1.81386
121	0.0127492	0.123237	1.42318	0.0704648	0.0101431	0.141253	7.33361
122	0.0127492	0.135424	1.97953	0.089955	0.0102875	0.197246	23.9375
123	0.0124804	0.109019	1.25981	0.0569715	0.0102875	0.243128	32.4305
124	0.012337	0.0986617	1.18333	0.0494753	0.0103531	0.270706	28.1221
125	0.0101213	0.0886452	0.666498	0.0389805	0.0102875	0.310732	25.3618
126	0.0101013	0.0788457	0.552416	0.0269865	0.0109067	0.3444	29.7326
127	0.0101013	0.0724646	0.502172	0.0224888	0.0130544	0.393254	41.4342
128	0.0101213	0.0690571	0.492085	0.017991	0.0109067	0.464641	40.304
129	0.0101013	0.0643822	0.425464	0.0164918	0.0130544	0.523366	61.0827
130	0.0101013	0.0618342	0.374309	0.0104948	0.011852	0.509758	61.0827
131	0.0101013	0.0590201	0.337104	0.0089955	0.0181882	0.537816	97.3979
132	0.0101013	0.0566211	0.318881	0.00749625	0.0180088	0.549718	98.8575
133	0.0101013	0.0554951	0.310257	0.00749625	0.0191593	0.60564	97.3979
134	0.0101213	0.0535102	0.303406	0.00449775	0.0191593	0.650956	97.3979
135	0.0101213	0.0535069	0.310257	0.0029985	0.0180088	0.777059	91.104
136	0.0101071	0.0525588	0.303406	0.00149925	0.0191593	0.79436	97.3979
137	0.0101071	0.0523433	0.310257	0.0029985	0.0188873	0.802306	95.1698
138	0.0101071	0.0510243	0.282051	0.0029985	0.0198847	0.773495	97.3979
139	0.0101071	0.0482183	0.246312	0.00149925	0.0191136	0.807698	97.3979
140	0.0101054	0.048007	0.246104	0.00449775	0.019066	0.858329	96.703
141	0.0101054	0.0478904	0.246104	0.00449775	0.0177682	0.924638	95.1698
142	0.0101054	0.046408	0.237729	0.00149925	0.016632	0.939894	95.1698
143	0.0101054	0.0439537	0.218824	0	0.0154872	0.908073	92.2826
144	0.0101054	0.0424311	0.199951	0	0.0154872	0.907359	93.7245
145	0.0101054	0.0413588	0.187468	0	0.0108066	0.886787	63.1482
146	0.0101054	0.041118	0.183057	0	0.0108066	0.860736	63.1482
147	0.0101054	0.0400048	0.172438	0	0.0108066	0.795334	61.5362
148	0.0101054	0.0405787	0.196609	0.00149925	0.0108066	0.815729	57.8717
149	0.0101071	0.0407349	0.196609	0.00149925	0.0105275	0.862243	57.8717
150	0.0101071	0.0410764	0.199951	0.00149925	0.0108066	0.91948	63.5479
151	0.0101071	0.0414142	0.209824	0	0.0108066	0.89657	65.7208
152	0.0101071	0.0417527	0.209824	0	0.0109067	0.90229	65.7208
153	0.0101071	0.0412446	0.201737	0	0.010946	0.882406	65.7208
154	0.0100033	0.0413353	0.209824	0	0.0112898	0.830558	65.7208
155	0.0100033	0.0412567	0.201737	0	0.0105275	0.708412	53.7615
156	0.0100033	0.0408915	0.209824	0	0.0105275	0.688395	52.3608
157	0.0100033	0.0417788	0.220329	0	0.0104225	0.662194	58.1153
158	0.0100033	0.0419622	0.226222	0.0029985	0.0106713	0.67899	58.1153
159	0.0100033	0.04188	0.237729	0.0029985	0.0104225	0.654038	52.6813
160	0.0100033	0.0416279	0.220329	0.00149925	0.0105275	0.569868	52.6813
161	0.0100033	0.0416876	0.220329	0.0029985	0.0104225	0.521698	50.257
162	0.0100033	0.0412082	0.214916	0.0029985	0.0105275	0.498752	52.6813
163	0.0101071	0.0418366	0.226383	0.0029985	0.0103946	0.472893	51.9428
164	0.0101071	0.0423978	0.226383	0.00449775	0.0100014	0.481011	52.6813
165	0.0101071	0.0427379	0.230553	0.005997	0.0108066	0.497499	58.1153
166	0.0101071	0.0418141	0.226222	0	0.0103946	0.585175	64.5924
167	0.0100033	0.0416261	0.220329	0	0.0101229	0.618449	64.5924
168	0.0100033	0.0413016	0.213264	0	0.0101229	0.557059	58.1153
169	0.0101071	0.0414352	0.226383	0.00149925	0.0101229	0.53518	58.1153
170	0.0101071	0.0427064	0.230553	0.00149925	0.0100014	0.489169	50.257
171	0.0100033	0.0440212	0.237729	0.0029985	0.0101229	0.459784	50.1569
172	0.0100033	0.0444052	0.254013	0.0029985	0.0101229	0.491842	50.257
173	0.0100033	0.0461612	0.297817	0.00749625	0.0109067	0.522479	58.7333
174	0.0100033	0.0457291	0.314311	0.005997	0.0104225	0.535991	63.7621
175	0.0100033	0.0472945	0.357893	0.0089955	0.0104225	0.562096	74.2211
176	0.0100033	0.0499435	0.437655	0.0149925	0.0109067	0.666018	79.533
177	0.0100033	0.0513112	0.484664	0.0224888
