		omega		Posterior		rho				Synonymous theta			kappa			phi	
Site	Lower	Point	Higher	prob of +ve	Lower	Point	Higher		Lower	Point	Higher	Lower	Point	Higher	Lower	Point	Higher
	95% HPD	estimate	95% HPD	selection	95% HPD	estimate	95% HPD		95% HPD	estimate	95% HPD	95% HPD	estimate	95% HPD	95% HPD	estimate	95% HPD
0	0.0100026	0.0489277	0.364774	0.0254873	0.0254426	2.79798	99.3459		0.039663	0.0548868	0.0752193	1.75471	3.36543	6.64949	7.19722	34.7833	119.277
1	0.0102793	0.0433349	0.301845	0.0134933	0.0254426	2.62054	99.3459
2	0.0100098	0.0410894	0.274011	0.005997	0.0254426	2.55197	98.9455
3	0.0100026	0.0398036	0.255938	0.00149925	0.0234174	2.40267	89.2161
4	0.0100026	0.0402136	0.229479	0.00449775	0.0234174	2.29655	89.2161
5	0.0100026	0.0393288	0.2165	0.00149925	0.0279664	2.36564	98.9455
6	0.0100026	0.0393623	0.2165	0	0.0320034	2.28709	88.7404
7	0.0100026	0.0393739	0.2165	0	0.0397628	2.39273	92.7825
8	0.0101233	0.0394734	0.2165	0	0.0460678	2.31927	92.7825
9	0.0100026	0.0392787	0.21162	0	0.0509496	2.36359	91.9488
10	0.0100026	0.0386352	0.20442	0.00149925	0.0530294	2.32927	92.7825
11	0.0100026	0.0385298	0.20442	0.0029985	0.0509496	2.40697	91.9488
12	0.0100026	0.0378991	0.201538	0	0.0595166	2.42118	99.3459
13	0.0100026	0.0390703	0.206105	0.0029985	0.0572341	2.35663	92.7825
14	0.0100026	0.0385536	0.206105	0.00149925	0.0572341	2.36249	99.3459
15	0.0100026	0.0382666	0.20442	0	0.0391471	2.16804	92.7825
16	0.0100026	0.0382414	0.20442	0	0.025758	1.93692	92.7825
17	0.0100098	0.0377736	0.203114	0	0.0228618	1.6796	89.6768
18	0.0100026	0.037562	0.203114	0.00149925	0.0228618	1.44485	92.7825
19	0.0100026	0.0369901	0.189265	0.0029985	0.0187463	1.35097	81.0312
20	0.0100026	0.0370992	0.20442	0.0029985	0.0120695	1.08974	52.3586
21	0.0100026	0.0369375	0.18783	0.0029985	0.0138396	1.09139	58.7005
22	0.0100026	0.0360406	0.170963	0.00449775	0.0138396	1.0323	53.4576
23	0.0100026	0.0355919	0.166436	0.00449775	0.012185	0.946682	44.2173
24	0.0100026	0.0359325	0.166436	0.00449775	0.0120543	1.02663	46.8557
25	0.0100026	0.0352511	0.164239	0.0029985	0.0120543	0.932872	52.3586
26	0.0100098	0.0353212	0.167956	0.00449775	0.0226083	0.950495	95.7826
27	0.0100026	0.0342773	0.161414	0	0.0196322	1.03873	76.4145
28	0.0100026	0.0341874	0.161043	0	0.0196322	1.04945	77.4936
29	0.0100026	0.0345144	0.161043	0	0.0178236	1.06604	76.4145
30	0.0100026	0.0346103	0.164239	0	0.0159033	1.07791	72.9399
31	0.0100026	0.0346332	0.161414	0	0.0159033	1.27781	76.4145
32	0.0100026	0.0349969	0.164239	0	0.0160195	1.43406	76.4145
33	0.0100026	0.0351149	0.168462	0	0.0196322	1.63714	96.3592
34	0.0100026	0.0344248	0.161043	0	0.0196322	1.69413	96.3592
35	0.0100875	0.034479	0.157786	0	0.0196322	1.75906	95.7826
36	0.0100875	0.0346739	0.157786	0	0.0189132	1.88019	95.7826
37	0.0100875	0.0349374	0.157786	0	0.0189132	1.95134	95.7826
38	0.0100026	0.0358835	0.166436	0.00149925	0.0192402	1.94191	95.7826
39	0.0100026	0.0362393	0.164239	0.00149925	0.0187463	1.8641	99.7148
40	0.0100026	0.0362986	0.163758	0.00149925	0.0163063	1.60921	95.8024
41	0.0100026	0.0367735	0.162579	0.00149925	0.0160278	1.23165	95.914
42	0.0100026	0.0374193	0.164239	0.00149925	0.0153101	1.25991	95.914
43	0.0100026	0.0377882	0.176121	0.00149925	0.014837	1.31962	94.3172
44	0.0100213	0.0391913	0.201241	0.0029985	0.014837	1.22337	94.3172
45	0.0100213	0.0391111	0.194561	0.00149925	0.0122892	1.13817	79.6653
46	0.0100213	0.0400442	0.207828	0.00149925	0.0122892	1.07144	72.9427
47	0.0100213	0.0414582	0.241452	0.00449775	0.0124352	1.20406	72.9427
48	0.0100213	0.0411051	0.215736	0.005997	0.0139893	1.46156	78.6386
49	0.0100213	0.0429591	0.260992	0.0089955	0.0155661	1.56655	88.9584
50	0.0100213	0.0464982	0.399793	0.0149925	0.0155661	1.70001	88.9584
51	0.0100213	0.0489277	0.477308	0.0224888	0.0159033	1.59716	88.9584
52	0.0100213	0.0563273	0.922081	0.0449775	0.0169867	1.65375	91.4177
53	0.0100213	0.0500174	0.531881	0.0254873	0.0179042	1.78047	92.2513
54	0.0100213	0.0468879	0.43708	0.017991	0.0163063	1.82712	88.9584
55	0.0100434	0.0428311	0.294478	0.005997	0.0179042	1.77235	99.5162
56	0.0100213	0.0413162	0.259996	0.00149925	0.0122892	1.55811	74.4474
57	0.0100213	0.0410526	0.241452	0.0029985	0.0122892	1.34131	72.9399
58	0.0100213	0.0400347	0.226662	0.00149925	0.0109622	1.21235	63.4804
59	0.0100213	0.0398103	0.241452	0.00149925	0.0116633	1.05402	62.3934
60	0.0100213	0.0375645	0.207355	0	0.0110515	1.08895	62.3934
61	0.0100434	0.0364446	0.201262	0	0.0155661	1.11888	82.2078
62	0.0100213	0.0361438	0.199317	0.00449775	0.0179042	1.17065	85.9177
63	0.0100213	0.0354425	0.176468	0.00149925	0.0185158	1.12863	92.2513
64	0.0100213	0.0341567	0.158285	0.00149925	0.0185158	1.16161	92.2513
65	0.0100213	0.0332455	0.150005	0	0.0155661	1.18429	79.4453
66	0.0100213	0.0322863	0.146446	0	0.0156752	1.12518	84.1989
67	0.0100213	0.0316191	0.135866	0	0.0155661	1.15339	90.0107
68	0.0100213	0.0315822	0.135866	0	0.015357	1.14131	90.0107
69	0.0100213	0.0308099	0.130221	0	0.0156752	1.14706	92.6113
70	0.0100213	0.0303632	0.127334	0	0.0155661	1.17545	92.6113
71	0.0100213	0.0297346	0.121664	0	0.0155661	1.20359	93.4221
72	0.0100213	0.0287791	0.109322	0	0.0124352	1.07593	78.6386
73	0.0101291	0.0286516	0.109769	0	0.0151995	1.08102	93.4221
74	0.0100213	0.0287862	0.107059	0	0.0110778	1.07647	66.6987
75	0.0100213	0.0284617	0.109322	0	0.0156752	1.15676	92.6113
76	0.0100213	0.0281131	0.109769	0	0.0160559	1.23359	93.4221
77	0.0100213	0.0286981	0.116041	0.00149925	0.0156752	1.36602	83.9364
78	0.0100213	0.0284069	0.116041	0	0.0110778	1.2217	62.9769
79	0.0100213	0.0285936	0.116041	0	0.01561	1.01539	83.9364
80	0.0100213	0.028196	0.113577	0	0.0151995	0.930225	83.9364
81	0.0100213	0.0276072	0.108227	0	0.0110778	0.932509	64.4426
82	0.0100213	0.0275471	0.108751	0	0.0151995	0.929991	82.2078
83	0.0100213	0.0277772	0.108751	0	0.0127918	0.951977	63.1473
84	0.0100213	0.0283174	0.115416	0	0.0217155	1.13147	98.6599
85	0.0100213	0.0279884	0.109322	0	0.0176177	1.20911	74.2787
86	0.0100213	0.0274215	0.105398	0	0.0176008	1.28649	75.8801
87	0.0100434	0.0272444	0.105398	0	0.0174221	1.32829	74.8627
88	0.0100213	0.0265722	0.102899	0	0.0174221	1.24619	75.8801
89	0.0100213	0.0262447	0.101656	0	0.017086	1.27914	71.285
90	0.0100213	0.0260591	0.0997352	0	0.0176008	1.32133	72.977
91	0.0100434	0.0261087	0.101656	0	0.0174221	1.45686	71.285
92	0.0100213	0.0260769	0.0997352	0	0.0176177	1.54522	71.285
93	0.0100213	0.026198	0.101656	0.0029985	0.0237594	1.64334	95.272
94	0.0100213	0.0268171	0.105398	0.005997	0.0237594	1.78606	95.272
95	0.0100213	0.0263676	0.101656	0.00449775	0.0176008	1.87809	72.4723
96	0.0100213	0.0260821	0.0976934	0.00449775	0.0176008	1.93665	74.8627
97	0.0100213	0.0260143	0.0976934	0.00449775	0.0176008	2.08684	75.009
98	0.0100213	0.0257006	0.0910961	0.0029985	0.0176008	2.13385	75.009
99	0.0100213	0.0255027	0.0868152	0.0029985	0.0227519	2.37989	95.961
100	0.0100213	0.0251653	0.0868152	0	0.0253258	2.75602	95.961
101	0.0100213	0.0249185	0.0793946	0	0.0338064	3.19972	99.8006
102	0.0100213	0.0249246	0.0790831	0.00149925	0.0394723	3.61197	96.1245
103	0.0100213	0.025346	0.0928891	0.00149925	0.0426474	3.76302	95.9681
104	0.0100213	0.0255822	0.0910961	0.00149925	0.0405056	3.89429	95.9681
105	0.0100213	0.0255016	0.0889293	0.00149925	0.0394723	3.60516	96.1245
106	0.0100213	0.0257674	0.0924041	0.00149925	0.0225411	3.41081	95.6826
107	0.0100213	0.0258412	0.0924041	0.00149925	0.02193	3.13683	95.961
108	0.0100213	0.0260524	0.0956733	0.00149925	0.0263423	3.20212	95.961
109	0.0100213	0.0258982	0.0978236	0.00149925	0.0298752	3.01538	95.961
110	0.0100434	0.0257363	0.0978236	0	0.0363973	2.93067	95.961
111	0.0100434	0.0255827	0.0978236	0	0.0414275	3.37485	97.9273
112	0.0100213	0.0250264	0.0924041	0	0.0426474	3.60299	96.1245
113	0.0100213	0.0253282	0.0951661	0	0.0486433	3.95698	97.9273
114	0.0100213	0.0250689	0.0868152	0	0.0566341	3.87065	97.9273
115	0.0100213	0.0248704	0.0853065	0	0.0566341	3.76881	97.9273
116	0.0100213	0.024892	0.0853065	0	0.0576465	3.64711	97.0953
117	0.0100213	0.0249586	0.0886961	0	0.0541533	3.46471	98.5617
118	0.0100213	0.0249786	0.0886961	0	0.0363973	3.02751	98.5617
119	0.0101099	0.0250684	0.0930581	0	0.032049	2.7708	98.5617
120	0.0100213	0.0248763	0.0907214	0	0.0360198	2.57069	98.5617
121	0.0100213	0.0249274	0.0907214	0	0.0327161	2.50998	98.5617
122	0.0100213	0.0249587	0.0886961	0	0.0321355	2.66741	98.5617
123	0.0100213	0.0248822	0.0874844	0	0.0327161	2.75924	98.5617
124	0.0100213	0.0250241	0.0886961	0	0.027196	2.58639	98.5617
125	0.010036	0.0264412	0.101699	0.005997	0.027196	2.65127	98.5617
126	0.0100213	0.0264674	0.0978236	0.0089955	0.027196	2.52636	98.5617
127	0.0100213	0.0256693	0.0951661	0.00149925	0.027196	2.56248	98.5617
128	0.010036	0.0248447	0.0874844	0	0.0261053	2.41523	98.5617
129	0.0100213	0.0250394	0.0886961	0	0.0206225	2.27693	98.5617
130	0.0100213	0.025136	0.0886961	0.0029985	0.0203449	2.32137	98.5617
131	0.0100213	0.0254774	0.0907214	0.0029985	0.0205363	2.45046	98.5617
132	0.010036	0.0252936	0.0886961	0	0.0205363	2.39556	98.5617
133	0.010012	0.0252226	0.0880351	0	0.0206225	2.4738	98.5617
134	0.010012	0.0253961	0.0907214	0	0.0261053	2.47029	98.5617
135	0.010012	0.025432	0.0880351	0	0.0261053	2.51098	98.5617
136	0.010036	0.0252024	0.0874844	0	0.0281287	2.57805	98.5617
137	0.010012	0.025056	0.0856766	0	0.0268841	2.52324	98.5617
138	0.010036	0.0250544	0.0856766	0	0.0281287	2.72781	98.5617
139	0.010036	0.0250428	0.0853065	0	0.0290076	2.8203	98.5617
140	0.010036	0.0259052	0.0926488	0	0.026672	2.70258	98.5617
141	0.010036	0.0259753	0.0962495	0	0.0273335	2.52332	98.5617
142	0.010036	0.0262225	0.0966014	0	0.0261053	2.17519	94.6962
143	0.0100068	0.0262397	0.0928891	0	0.0261053	1.99562	93.9688
144	0.0100068	0.0263151	0.0962495	0	0.0266332	1.90163	93.9688
145	0.0100068	0.0265448	0.0962495	0	0.0266332	1.98411	94.6962
146	0.0100068	0.0265708	0.0933543	0	0.0186381	1.51207	94.6962
147	0.0100068	0.0268077	0.0962495	0	0.0166042	0.789911	90.8654
148	0.0100068	0.0270623	0.0966014	0	0.0110194	0.477661	63.7827
149	0.010036	0.0272161	0.0957243	0	0.0103225	0.269854	44.899
150	0.010036	0.0275021	0.0987579	0	0.0100806	0.168812	28.8831
151	0.010036	0.0276471	0.101437	0	0.0100806	0.0834965	0.795131
152	0.010036	0.0274089	0.0978236	0	0.0102404	0.0815113	0.795131
153	0.010036	0.0280534	0.101437	0.00149925	0.0100806	0.0802615	0.7748
154	0.0100867	0.0282112	0.101656	0	0.0100806	0.0811349	0.767645
155	0.010036	0.0288705	0.109531	0	0.0102404	0.095689	1.55163
156	0.010036	0.0293756	0.113057	0	0.0100806	0.103673	2.18988
157	0.0100036	0.0299198	0.126291	0	0.0100806	0.099281	2.18988
158	0.0100036	0.0303141	0.126291	0	0.0100806	0.106551	3.12574
159	0.0100036	0.0312303	0.12825	0.00149925	0.0100806	0.103254	3.12574
160	0.0100036	0.0319289	0.127617	0.00149925	0.0100806	0.109739	4.63035
161	0.0100036	0.0323602	0.128282	0.00149925	0.0100806	0.132508	13.9358
162	0.0100036	0.0325374	0.134749	0.00149925	0.0100806	0.134592	17.9773
163	0.0100036	0.0327354	0.131664	0.00149925	0.0101099	0.15503	21.3904
164	0.0100036	0.0330299	0.142655	0	0.0100806	0.190007	35.3364
165	0.0100036	0.0327518	0.131664	0	0.0100486	0.243369	46.5737
166	0.0100036	0.0327526	0.134749	0	0.0100486	0.29214	55.3861
167	0.0100036	0.0329229	0.134749	0	0.0100486	0.288779	58.6611
168	0.0100036	0.0338327	0.147844	0	0.0100486	0.264779	62.554
169	0.0100036	0.0344297	0.151093	0	0.0100638	0.253858	58.6611
170	0.010001	0.0353643	0.162661	0.0029985	0.0100806	0.247086	55.3861
171	0.010001	0.0356352	0.169726	0.00149925	0.0100806	0.225124	54.2915
172	0.010001	0.0358411	0.169967	0.00149925	0.0100806	0.221887	58.6611
173	0.010001	0.0361103	0.171135	0.00149925	0.0100806	0.202844	54.2915
174	0.010001	0.0365364	0.175185	0.00149925	0.0100806	0.19828	54.2915
175	0.010001	0.037239	0.18343	0.00149925	0.0100806	0.194813	54.2915
176	0.010001	0.0385387	0.206198	0.00149925	0.0100806	0.180191	52.9521
177	0.010001	0.0406244	0.212392	0.00149925	0.0100475	0.151511	51.7075
178	0.010001	0.0418853	0.236825	0.00149925	0.0100475	0.148698	69.6579
179	0.0100036	0.0440221	0.251491	0.00449775	0.0100475	0.138097	52.9521
180	0.0100036	0.0456795	0.267996	0	0.0100475	0.130675	52.7505
181	0.0100036	0.0469633	0.273269	0	0.0100475	0.117532	49.6815
182	0.0100036	0.0482503	0.273177	0	0.0100475	0.105913	48.404
183	0.0100036	0.0499068	0.294873	0	0.0100475	0.101443	48.404
184	0.0100036	0.0520775	0.299805	0	0.0100475	0.0974095	44.0117
185	0.0105299	0.0546942	0.321058	0.0029985	0.0100806	0.0834753	34.2754
186	0.0100036	0.0602267	0.355985	0.011994	0.0100475	0.0665293	14.7182
187	0.0100139	0.0727962	0.757896	0.0374813	0.0100475	0.0484999	2.09205
188	0.0100139	0.0867136	1.37803	0.0569715	0.0100475	0.0365947	0.251578
189	0.0100139	0.0704536	0.478857	0.0209895	0.0100475	0.0353645	0.236307
190	0.0102682	0.0653081	0.355985	0.0104948	0.0100475	0.0336702	0.205332
191	0.0102682	0.0621139	0.321058	0.0104948	0.0100475	0.033611	0.205332
192	0.0104443	0.0626565	0.349037	0.011994	0.0100475	0.0332723	0.190508
193	0.0104443	0.0608269	0.310975	0.0029985	0.0100475	0.0325857	0.174276
194	0.0107406	0.0599036	0.310975	0.00149925	0.0100806	0.0311555	0.160105
195	0.0100139	0.0586098	0.277119	0.00149925	0.0100475	0.0305243	0.155012
196	0.0100139	0.0582652	0.274489	0.00149925	0.0100475	0.0302153	0.136284
197	0.0100139	0.0590882	0.274489	0.00149925	0.0100475	0.0299201	0.124698
198	0.0105299	0.0583348	0.274489	0	0.0100289	0.0295703	0.136284
199	0.0102682	0.0590054	0.274489	0	0.0100289	0.0296517	0.123557
200	0.0100139	0.058286	0.27364	0	0.0100289	0.0292172	0.114807
201	0.0113361	0.0586181	0.321058	0	0.0100289	0.0291926	0.115825
202	0.0108976	0.0599351	0.311062	0	0.0100289	0.0292856	0.110977
203	0.0113361	0.0596196	0.311062	0	0.0100289	0.0290035	0.109966
204	0.0112838	0.0612268	0.311062	0	0.0100289	0.0284525	0.107143
205	0.0112502	0.0622948	0.311062	0	0.0100289	0.0286231	0.106429
206	0.0107406	0.0623122	0.305646	0	0.0101019	0.0277004	0.106217
207	0.0107085	0.0634927	0.305646	0.00149925	0.0100289	0.0270461	0.0982873
208	0.0112838	0.0634921	0.311433	0.00149925	0.0100289	0.0266696	0.0929366
209	0.0110223	0.0649134	0.311433	0.00149925	0.0100289	0.0265621	0.0872438
210	0.0112838	0.0650276	0.311433	0.0029985	0.0100289	0.0266929	0.0899215
211	0.0113139	0.0647711	0.311433	0.00149925	0.0100282	0.0268032	0.094052
212	0.0112838	0.0660155	0.311433	0.00149925	0.0100282	0.0267216	0.0987415
213	0.0112502	0.0668719	0.311433	0.00149925	0.0100282	0.0263913	0.0977676
214	0.0112502	0.0682758	0.321888	0.00149925	0.0100282	0.025951	0.094052
215	0.0116267	0.069879	0.3425	0.00149925	0.0100282	0.0261563	0.097057
216	0.0112502	0.0740089	0.353633	0.0029985	0.0100282	0.026148	0.0977676
217	0.0116796	0.0770171	0.384982	0.00449775	0.0100282	0.0265435	0.102017
218	0.0129251	0.0870014	0.564026	0.0104948	0.0100289	0.0266522	0.105605
219	0.0129251	0.0942305	0.657297	0.0134933	0.0100282	0.0265065	0.105359
220	0.0129251	0.106693	0.842806	0.0224888	0.0100282	0.0268757	0.106217
221	0.0129251	0.136518	1.34201	0.0554723	0.0100282	0.0268999	0.106217
222	0.0235909	0.194736	2.86764	0.10045	0.0100282	0.0269783	0.106429
223	0.0181908	0.185018	1.90639	0.083958	0.0100282	0.0266385	0.106217
224	0.0181908	0.191215	1.90639	0.089955	0.0100282	0.0267177	0.105605
225	0.0130331	0.130439	1.07284	0.0404798	0.0100282	0.0269653	0.106217
226	0.0102493	0.104816	0.762039	0.0194903	0.0101089	0.0265307	0.106429
227	0.0102493	0.0818858	0.589964	0.00749625	0.0100282	0.025798	0.0977676
228	0.0102271	0.0677253	0.456309	0.00149925	0.0100282	0.025829	0.0939626
229	0.0102271	0.0610875	0.369337	0	0.0100282	0.0257762	0.0909391
230	0.0102271	0.0558987	0.351353	0	0.0100282	0.0258293	0.0987415
231	0.0102271	0.0516227	0.323648	0	0.0100282	0.0262	0.105359
232	0.0102271	0.0485199	0.290035	0	0.0101374	0.0261905	0.106429
233	0.0102271	0.0459273	0.25126	0.00149925	0.0100282	0.0260548	0.102017
234	0.0102271	0.0445634	0.24076	0.00149925	0.0100282	0.0267012	0.105605
235	0.0102271	0.0420501	0.227078	0	0.0100282	0.0260892	0.0987415
236	0.0102271	0.0400702	0.21419	0	0.0100282	0.0270395	0.107814
237	0.0102271	0.0393414	0.212392	0	0.0100282	0.0270562	0.107814
238	0.0102271	0.0386854	0.202904	0	0.0100289	0.0267757	0.105605
239	0.0102271	0.0384858	0.201226	0	0.0100282	0.0266019	0.105605
240	0.0102493	0.038307	0.201226	0	0.0100261	0.0264226	0.102361
241	0.0102271	0.0388153	0.201226	0.00149925	0.0100261	0.0261912	0.102017
242	0.0102271	0.0386953	0.190589	0	0.0100261	0.0261164	0.101039
243	0.0102493	0.0383235	0.190589	0	0.0100261	0.0262433	0.102361
244	0.0101367	0.0379432	0.187154	0	0.0100261	0.0262672	0.102361
245	0.0102271	0.036686	0.182488	0	0.0101374	0.0264565	0.105605
246	0.0101367	0.0365345	0.177529	0	0.0100261	0.0267714	0.107814
247	0.0102493	0.0357649	0.172274	0	0.0100261	0.0265442	0.107814
248	0.0102493	0.0355967	0.172274	0	0.0100261	0.0263877	0.105137
249	0.0102512	0.03573	0.172274	0	0.0100282	0.0263452	0.105137
250	0.0101674	0.0360037	0.170819	0	0.0100261	0.0268864	0.107814
251	0.0102512	0.0364399	0.170819	0	0.0100261	0.0263444	0.105137
252	0.010276	0.0365996	0.170819	0	0.0100282	0.0264233	0.105137
253	0.0100555	0.0362372	0.15954	0	0.0100261	0.026593	0.1056
254	0.0102512	0.0357233	0.15235	0	0.0100261	0.0265993	0.1056
255	0.0102512	0.0356497	0.143934	0	0.0100047	0.0263641	0.105137
256	0.0102512	0.0347311	0.123453	0	0.0100047	0.0262406	0.105137
257	0.0102512	0.0343548	0.118719	0	0.0100261	0.0262204	0.10665
258	0.0102512	0.0342847	0.118719	0	0.0100047	0.0262162	0.10665
259	0.0104454	0.0346287	0.122329	0	0.0100047	0.0261722	0.10665
260	0.0104454	0.0347153	0.123129	0	0.0100047	0.0262126	0.10665
261	0.0104454	0.0346273	0.123453	0	0.0100047	0.0261623	0.1056
262	0.0102512	0.0344977	0.121049	0	0.0100047	0.0261586	0.105137
263	0.0104454	0.0342552	0.12155	0	0.0100047	0.0260821	0.1056
264	0.0104454	0.0341208	0.12155	0	0.0100047	0.0263362	0.1056
265	0.0104454	0.0341429	0.12155	0	0.0100047	0.0269122	0.10665
266	0.0104454	0.0340743	0.12155	0	0.0100047	0.0275626	0.109048
267	0.0104454	0.0340948	0.12155	0	0.0100656	0.0278025	0.110087
268	0.0104454	0.0340562	0.12155	0	0.0100261	0.0278377	0.110087
269	0.0104454	0.0340665	0.12155	0	0.0100047	0.0279392	0.110087
270	0.0104454	0.0339777	0.121049	0	0.0100047	0.0281601	0.112756
271	0.0104454	0.0338977	0.121049	0	0.0100261	0.0278958	0.110033
272	0.0104454	0.0338483	0.121049	0	0.0100261	0.0278447	0.110033
273	0.0104454	0.0338444	0.121049	0	0.0100261	0.0282977	0.110087
274	0.0104454	0.0337818	0.121049	0	0.0100656	0.0279947	0.110033
275	0.0104454	0.0336766	0.121049	0	0.0100656	0.0279522	0.110033
276	0.0104454	0.0336649	0.12028	0	0.0100656	0.0278461	0.110087
277	0.0104454	0.0336213	0.12028	0	0.0100656	0.0278293	0.110087
278	0.0104454	0.0337039	0.12028	0	0.0100047	0.0279081	0.110087
279	0.0104454	0.0336754	0.12028	0	0.0100656	0.027856	0.110033
280	0.0104454	0.0336224	0.12028	0	0.0100656	0.0279866	0.110087
281	0.0104454	0.0335133	0.12028	0	0.0100047	0.0285289	0.113519
282	0.0104454	0.0335781	0.12028	0	0.0100047	0.0283229	0.110087
283	0.0104454	0.0336139	0.12028	0	0.0100047	0.0284155	0.111842
284	0.0104454	0.0335713	0.12028	0	0.0100047	0.0288591	0.119861
285	0.0104454	0.0336071	0.119984	0	0.0100047	0.0307592	0.142542
286	0.0104454	0.0335292	0.119924	0	0.0100047	0.0329709	0.202935
287	0.0104454	0.0337858	0.119924	0	0.0100047	0.0342054	0.232348
288	0.0105786	0.0337902	0.121049	0	0.0100047	0.0359432	0.332165
289	0.0105786	0.0337178	0.121049	0	0.0100047	0.0373794	0.394772
290	0.0104454	0.0336046	0.118719	0	0.0100047	0.0378931	0.417186
291	0.0104454	0.0338022	0.118719	0	0.0100656	0.0402115	0.505492
292	0.0104454	0.034096	0.12028	0	0.0100047	0.0425166	0.572814
293	0.0102512	0.0337576	0.117312	0
