		omega		Posterior		rho				Synonymous theta			kappa			phi	
Site	Lower	Point	Higher	prob of +ve	Lower	Point	Higher		Lower	Point	Higher	Lower	Point	Higher	Lower	Point	Higher
	95% HPD	estimate	95% HPD	selection	95% HPD	estimate	95% HPD		95% HPD	estimate	95% HPD	95% HPD	estimate	95% HPD	95% HPD	estimate	95% HPD
0	0.0127446	0.160639	1.49649	0.0869565	0.0100213	0.487721	64.9602		0.0319716	0.0415075	0.0531712	1.38191	2.20264	3.60155	0	0	0
1	0.0136159	0.157225	1.49649	0.0809595	0.0100213	0.479141	64.9602
2	0.0137664	0.157961	1.49649	0.0749625	0.0100213	0.461489	64.9602
3	0.0136159	0.161735	1.52189	0.077961	0.0116093	0.437599	72.6525
4	0.013231	0.173394	1.68511	0.0884558	0.0100213	0.386396	64.7634
5	0.0102119	0.128179	1.18107	0.0629685	0.0115692	0.373061	72.6525
6	0.0102906	0.100371	0.753027	0.0314843	0.0100018	0.335094	64.7634
7	0.0101577	0.081092	0.650239	0.011994	0.0100018	0.278514	63.8467
8	0.0101577	0.0716358	0.460841	0.0029985	0.0100213	0.267557	62.1724
9	0.0101577	0.065165	0.439625	0.00149925	0.0100213	0.266894	60.4455
10	0.0101577	0.061859	0.373441	0	0.0114357	0.28422	65.1154
11	0.0101577	0.0598043	0.359165	0	0.0100018	0.297629	57.64
12	0.0101577	0.0568718	0.341241	0	0.0100018	0.270209	56.6466
13	0.0101577	0.0551951	0.326384	0	0.0100213	0.284052	57.64
14	0.0101577	0.0545421	0.301067	0	0.0100018	0.28769	57.64
15	0.0101577	0.0536932	0.300089	0	0.0100213	0.253017	47.9297
16	0.0101577	0.0519652	0.263309	0.00149925	0.0100018	0.238104	40.4747
17	0.0101577	0.0492981	0.234442	0.00149925	0.0100018	0.219739	37.4749
18	0.0101432	0.0473287	0.223304	0.00149925	0.0100213	0.192405	34.6417
19	0.0101432	0.0451979	0.215595	0	0.0100018	0.153771	24.1607
20	0.0101432	0.0454379	0.208008	0.0029985	0.0100213	0.125708	15.2985
21	0.0101432	0.0454912	0.215503	0.00749625	0.0100018	0.099703	5.67378
22	0.0101432	0.042741	0.19839	0	0.0100018	0.0927558	4.55156
23	0.0102906	0.0428992	0.204793	0	0.0100213	0.094872	3.99881
24	0.0101432	0.0436644	0.203503	0.005997	0.0100018	0.0925389	3.68087
25	0.0101432	0.0418196	0.188553	0	0.0100018	0.0919567	3.73175
26	0.0101432	0.0416317	0.187005	0	0.0100018	0.0918995	3.73175
27	0.0101432	0.0414329	0.1819	0	0.0100213	0.100307	4.5819
28	0.0101432	0.0416643	0.188553	0	0.0100213	0.0946885	3.90777
29	0.0101432	0.0411799	0.19839	0	0.0100213	0.0846671	2.35492
30	0.0102394	0.0413904	0.204067	0	0.0100018	0.0797877	2.3129
31	0.0101432	0.0425452	0.202916	0	0.0100018	0.0777209	2.3129
32	0.0101432	0.041819	0.19839	0	0.0100018	0.0754262	2.14047
33	0.0102394	0.0424289	0.204067	0.00149925	0.0100213	0.0693032	2.14047
34	0.0102394	0.0427515	0.204067	0.00149925	0.0100213	0.0692658	2.33345
35	0.0102302	0.0425656	0.204067	0	0.0100213	0.0676912	2.50807
36	0.0102302	0.0425915	0.204067	0	0.0100018	0.067687	2.33875
37	0.0102906	0.0422275	0.204067	0	0.0100018	0.0609532	2.24588
38	0.0102302	0.0433436	0.204067	0	0.0100018	0.0572896	1.96544
39	0.0102302	0.0433792	0.204067	0	0.0100135	0.0556663	2.13739
40	0.0102302	0.0431487	0.204067	0	0.0100018	0.0514622	1.60852
41	0.0101432	0.0429171	0.194878	0	0.0100018	0.050016	1.73884
42	0.0102302	0.0427602	0.204067	0	0.0100135	0.045315	1.11615
43	0.0101432	0.0433729	0.208885	0.00149925	0.0100135	0.0442743	1.11615
44	0.0101432	0.0435732	0.208885	0.00149925	0.0100018	0.041254	1.11615
45	0.0101432	0.0426777	0.204067	0	0.0100018	0.0409866	1.21129
46	0.0101706	0.0435764	0.210231	0	0.0100018	0.0400936	1.11615
47	0.0101706	0.0441073	0.221665	0	0.0100018	0.0408091	3.10922
48	0.0101706	0.0475469	0.285628	0.0089955	0.0100135	0.0422394	3.45519
49	0.0101706	0.0466281	0.261753	0.00449775	0.0100135	0.0417928	3.71013
50	0.0101706	0.0452972	0.250498	0.0029985	0.0100135	0.0401672	3.45519
51	0.0101706	0.0452745	0.261753	0	0.0100018	0.0329877	0.381704
52	0.0102906	0.0463925	0.285585	0	0.0100018	0.0261785	0.168263
53	0.0101706	0.047959	0.285585	0	0.0100135	0.0241387	0.10978
54	0.0102906	0.0485649	0.338238	0	0.0100018	0.0234611	0.104605
55	0.0102906	0.049787	0.366472	0	0.0100135	0.0228147	0.102889
56	0.0102906	0.0520557	0.426091	0.0029985	0.0100018	0.0222868	0.0964013
57	0.0102906	0.059061	0.526048	0.0104948	0.0100135	0.0221412	0.0927984
58	0.0106227	0.0623232	0.563715	0.0089955	0.0100018	0.0226912	0.104433
59	0.0102906	0.0681889	0.563715	0.0134933	0.0100135	0.0221222	0.0927984
60	0.0102906	0.0711073	0.660045	0.017991	0.0100018	0.0217795	0.0840355
61	0.0103325	0.0804762	0.757621	0.0254873	0.0100135	0.0218035	0.0798499
62	0.0102906	0.086445	0.898225	0.0329835	0.0100135	0.0217875	0.0798499
63	0.0103325	0.0915904	0.967787	0.0434783	0.0100176	0.0217276	0.0798499
64	0.0106227	0.0994127	1.05296	0.0554723	0.0100018	0.0212993	0.0709976
65	0.0107279	0.110526	1.13962	0.071964	0.0100018	0.0211129	0.0700944
66	0.0104628	0.131414	1.24879	0.0914543	0.0100018	0.0211554	0.0703271
67	0.0104628	0.168849	1.74485	0.145427	0.0100018	0.0206979	0.0676448
68	0.0107279	0.323146	2.93185	0.283358	0.0100018	0.0207109	0.0645376
69	0.14673	0.984282	5.85532	0.527736	0.0100018	0.0204562	0.0645376
70	0.175106	1.0062	5.85532	0.530735	0.0100018	0.0201281	0.0615868
71	0.190996	1.06746	5.85532	0.55922	0.0100018	0.0201347	0.0628944
72	0.187618	1.00678	5.85532	0.533733	0.0100018	0.0201345	0.0628944
73	0.0464693	0.513651	4.95873	0.350825	0.0100018	0.020168	0.0628944
74	0.0234799	0.343004	2.92231	0.233883	0.0100018	0.0201201	0.0628944
75	0.0230775	0.272649	2.7758	0.167916	0.0100018	0.0198883	0.0604856
76	0.0183831	0.215442	2.1127	0.113943	0.0100018	0.0198671	0.0604856
77	0.0147747	0.19941	1.67344	0.0974513	0.0100018	0.0198749	0.06136
78	0.0141349	0.18615	1.11839	0.077961	0.0100018	0.0196044	0.0604856
79	0.0150111	0.185803	1.11839	0.071964	0.0100176	0.0193624	0.0596303
80	0.0157947	0.183955	1.11839	0.0674663	0.0100018	0.0192319	0.0593396
81	0.0187898	0.187178	1.11839	0.0554723	0.0100018	0.0192765	0.0583788
82	0.0193153	0.181722	1.11839	0.0509745	0.0100176	0.0191019	0.0562185
83	0.0193153	0.175823	1.11839	0.0464768	0.0100018	0.0190045	0.0549942
84	0.0193153	0.176193	1.1046	0.0389805	0.0100018	0.0188274	0.0545514
85	0.0193153	0.173393	1.1046	0.0374813	0.0100018	0.0189044	0.0533947
86	0.0178176	0.1862	1.1665	0.0584708	0.0100018	0.0188813	0.0545514
87	0.0183588	0.145918	1.12576	0.0329835	0.0100018	0.0187447	0.0507444
88	0.0141349	0.121749	0.739644	0.0209895	0.0100176	0.0185996	0.0503936
89	0.0128631	0.106725	0.610362	0.0164918	0.0100018	0.0186416	0.0503936
90	0.0136624	0.100082	0.596145	0.011994	0.0100018	0.0184516	0.048429
91	0.0142338	0.0907788	0.53377	0.00449775	0.0100018	0.0183271	0.0467585
92	0.0117952	0.0830241	0.376482	0.00149925	0.0100176	0.0183163	0.0467585
93	0.0136624	0.079787	0.378099	0	0.0100018	0.0184059	0.0467585
94	0.0136624	0.0790945	0.388581	0	0.0100018	0.0184046	0.0501584
95	0.0141349	0.0776717	0.372675	0	0.0100018	0.0184078	0.0468969
96	0.0141349	0.0770076	0.372675	0	0.0100018	0.0185317	0.048429
97	0.0141349	0.0756515	0.34771	0.00149925	0.0100018	0.018445	0.0467585
98	0.0141349	0.0746684	0.388581	0.00149925	0.0100018	0.0184285	0.0468969
99	0.0123902	0.0741019	0.353562	0.0029985	0.0100018	0.0184405	0.0468969
100	0.0109224	0.0769943	0.340958	0.0104948	0.0100018	0.0184465	0.0468969
101	0.0117952	0.0748524	0.34771	0.0029985	0.0100018	0.018693	0.0503936
102	0.0119082	0.0727785	0.340958	0	0.0100018	0.0187029	0.0485129
103	0.0123902	0.070979	0.340958	0	0.0100018	0.0186652	0.0467437
104	0.0125727	0.070558	0.340958	0	0.0100018	0.0186692	0.0467437
105	0.0125727	0.0704828	0.340958	0	0.0100018	0.0186943	0.0468969
106	0.0123902	0.0689629	0.329646	0	0.0100018	0.0187905	0.0485129
107	0.0123902	0.0704757	0.329646	0	0.0100018	0.0187676	0.0485129
108	0.0141018	0.0702902	0.367565	0	0.0100213	0.0189037	0.0503936
109	0.0136676	0.0707502	0.34771	0	0.0100018	0.018999	0.0503936
110	0.0141018	0.0722419	0.367565	0.0029985	0.0100018	0.0191295	0.0549658
111	0.0136676	0.0740337	0.373281	0.005997	0.0100018	0.0194187	0.0562185
112	0.0142338	0.0763601	0.367565	0.00449775	0.0100018	0.0195714	0.0603812
113	0.0125652	0.0801661	0.367565	0.00149925	0.0100018	0.0196934	0.0634295
114	0.011861	0.0826919	0.367565	0	0.0100018	0.019855	0.0678802
115	0.011861	0.0862518	0.373281	0	0.0100213	0.0201494	0.0862932
116	0.0142338	0.0876287	0.441138	0.00149925	0.0100018	0.0201968	0.0862932
117	0.0142338	0.091227	0.441138	0.00149925	0.0100018	0.0201812	0.0862932
118	0.0166743	0.0951618	0.471972	0.00149925	0.0100213	0.0199733	0.0833344
119	0.0164771	0.0959304	0.484242	0.00149925	0.0100018	0.0199009	0.0794924
120	0.0150111	0.0985731	0.493327	0.00149925	0.0100018	0.019666	0.0637084
121	0.0136676	0.103104	0.471972	0.00449775	0.0100018	0.0197707	0.0759783
122	0.0136676	0.105893	0.493327	0.00449775	0.0100018	0.0198152	0.0778575
123	0.0169446	0.111211	0.669729	0.0104948	0.0100213	0.0197856	0.0796326
124	0.0142338	0.131999	1.07168	0.047976	0.0100018	0.019871	0.0796769
125	0.0142338	0.117811	0.700227	0.0284858	0.0100213	0.0199166	0.0796326
126	0.0169446	0.108622	0.680793	0.0149925	0.0100213	0.0200749	0.0796326
127	0.0166743	0.104418	0.622142	0.00749625	0.0100213	0.0202003	0.0796769
128	0.0142338	0.101485	0.514237	0.00449775	0.0100018	0.0207185	0.0880958
129	0.014399	0.0997009	0.511506	0.00449775	0.0100213	0.0210632	0.095712
130	0.0142338	0.098664	0.484242	0.00149925	0.0100018	0.0213933	0.095712
131	0.0155662	0.101011	0.514237	0	0.0100018	0.0218891	0.103377
132	0.0155662	0.101921	0.514237	0.00149925	0.0100213	0.0219259	0.109571
133	0.0142338	0.100554	0.493327	0.00149925	0.0100213	0.0221827	0.109571
134	0.0150111	0.101365	0.509389	0.00149925	0.0100213	0.0223352	0.109571
135	0.0150111	0.0997216	0.475482	0.00149925	0.0100213	0.0224386	0.109571
136	0.0148099	0.100329	0.471689	0.00149925	0.0100213	0.0226444	0.109571
137	0.0148099	0.101841	0.471689	0.00449775	0.0100018	0.0227977	0.109571
138	0.0148099	0.104697	0.471689	0.005997	0.0100213	0.0228823	0.110029
139	0.0165855	0.111065	0.644758	0.0104948	0.0100213	0.0229241	0.110029
140	0.0172006	0.114229	0.688054	0.0149925	0.0100213	0.0230394	0.110029
141	0.0150922	0.119629	0.688054	0.0269865	0.0100018	0.0231013	0.109571
142	0.0118742	0.104338	0.471689	0.0089955	0.0100018	0.0237372	0.135273
143	0.0118742	0.0938987	0.471689	0.0089955	0.0100018	0.0240843	0.138879
144	0.0110104	0.0882114	0.430678	0.00749625	0.0100018	0.024939	0.161469
145	0.0110104	0.0836189	0.391674	0.005997	0.0100018	0.0264511	0.171354
146	0.0118007	0.0787116	0.364881	0.005997	0.0100018	0.0339621	0.451555
147	0.012647	0.073311	0.369601	0.00449775	0.0100018	0.0462936	4.6764
148	0.012647	0.0718027	0.369601	0.00449775	0.0100018	0.0579804	9.63088
149	0.0118007	0.0689993	0.347256	0.00449775	0.0100213	0.0820526	16.2471
150	0.0118007	0.065976	0.331683	0.00449775	0.0100018	0.0946739	16.9968
151	0.0118007	0.0648456	0.33061	0.0029985	0.0100018	0.102473	19.7199
152	0.0118007	0.0631761	0.331683	0.0029985	0.0100213	0.121071	21.6777
153	0.0118007	0.0599147	0.331683	0	0.0100213	0.124394	21.6777
154	0.0102141	0.0578756	0.281328	0	0.0100213	0.140618	21.9735
155	0.0106174	0.055384	0.281328	0	0.0100213	0.147073	21.9735
156	0.0102141	0.0543166	0.265623	0.0029985	0.0100213	0.160041	21.6777
157	0.0102141	0.0525235	0.243679	0.0029985	0.0100213	0.156705	19.7199
158	0.0102141	0.0506435	0.205283	0.0029985	0.0100213	0.158137	19.7199
159	0.0106174	0.0494872	0.203654	0.00149925	0.0100213	0.155709	21.9735
160	0.0106174	0.0488253	0.19924	0	0.0100213	0.154584	21.0355
161	0.0106174	0.0485411	0.203654	0	0.0100213	0.157933	21.0355
162	0.0106174	0.0475005	0.190996	0	0.0100213	0.16552	21.9735
163	0.0106174	0.0468569	0.190996	0	0.0100213	0.197652	32.9905
164	0.0106174	0.0460412	0.184617	0	0.0100213	0.189745	33.4902
165	0.0106174	0.0447809	0.177862	0	0.0100213	0.178977	33.4902
166	0.0106174	0.0437839	0.171723	0.0029985	0.0100213	0.186927	34.507
167	0.0106957	0.0430897	0.17266	0	0.0100213	0.171819	32.9905
168	0.0106174	0.0421512	0.168596	0	0.0100213	0.176524	31.979
169	0.0102141	0.0406999	0.160925	0	0.0100213	0.182653	32.8304
170	0.0106174	0.0404178	0.160925	0	0.0100213	0.188794	36.8218
171	0.0102141	0.0402944	0.160925	0	0.0100213	0.207422	34.4013
172	0.0102141	0.0399949	0.160642	0	0.0102605	0.292967	46.0601
173	0.0101765	0.039673	0.159389	0	0.0102605	0.332892	51.1641
174	0.0100293	0.0404362	0.159389	0.00149925	0.0102605	0.272794	38.1144
175	0.0100293	0.0396063	0.159389	0	0.0102748	0.208406	16.8918
176	0.0101765	0.0394207	0.159389	0	0.0103414	0.18212	13.5618
177	0.0100293	0.0393269	0.152205	0	0.0104461	0.180837	13.5618
178	0.0100293	0.0383499	0.142969	0	0.0102748	0.194203	12.9574
179	0.0100293	0.0378735	0.14017	0	0.0102748	0.227934	12.9574
180	0.0100293	0.0377582	0.142969	0	0.0102748	0.262926	14.278
181	0.0100293	0.0376032	0.142969	0	0.0102748	0.370288	17.754
182	0.0100293	0.0369804	0.14017	0	0.0102748	0.562053	27.6016
183	0.0101765	0.0372832	0.143322	0.00149925	0.0103414	0.577141	31.1008
184	0.0101727	0.0376296	0.158948	0.0029985	0.0102748	0.491846	27.6016
185	0.0101727	0.0373319	0.158948	0.0029985	0.0119767	0.35191	25.3569
186	0.0101727	0.0370002	0.158948	0.00149925	0.0102748	0.343941	21.9735
187	0.0100774	0.0366699	0.155096	0	0.0102748	0.341466	21.9735
188	0.0101727	0.0368122	0.158948	0	0.0120732	0.364969	27.7138
189	0.0100774	0.0365901	0.152205	0.00149925	0.0113126	0.329266	27.8493
190	0.0100774	0.0362917	0.152205	0.00149925	0.0106498	0.250052	27.8493
191	0.0101727	0.0353803	0.145977	0	0.0104146	0.216407	25.3073
192	0.0101727	0.0358413	0.141356	0	0.0100264	0.166694	20.6802
193	0.0100774	0.0363871	0.148548	0.0029985	0.0100264	0.0784397	6.01279
194	0.0101727	0.035834	0.141356	0.00149925	0.0100264	0.057831	0.843615
195	0.0101727	0.0360187	0.146877	0	0.0100264	0.0522142	0.682828
196	0.0100774	0.0373586	0.152205	0.0029985	0.0102069	0.0444574	0.306976
197	0.0100774	0.0371935	0.155096	0	0.0103043	0.0406821	0.225365
198	0.0100774	0.0375041	0.166786	0	0.0102069	0.0392087	0.213575
199	0.0101727	0.0379026	0.172248	0	0.0102916	0.0371151	0.184106
200	0.0100774	0.0389153	0.172248	0.00149925	0.0100202	0.0365799	0.184106
201	0.0101727	0.0385868	0.19131	0	0.0103043	0.0356707	0.184106
202	0.0100774	0.0386496	0.19131	0	0.0100202	0.0342021	0.155474
203	0.0100774	0.0389273	0.201975	0	0.0100202	0.0334223	0.136302
204	0.0101727	0.0394436	0.207101	0	0.0100202	0.0325508	0.131554
205	0.0100774	0.040185	0.207101	0.00149925	0.0101479	0.0319766	0.131717
206	0.0100774	0.0406958	0.211775	0.0029985	0.0100202	0.0318226	0.131554
207	0.0101727	0.0414737	0.216132	0.00449775	0.0101479	0.0316159	0.131554
208	0.0101727	0.0426025	0.218883	0.00749625	0.0100202	0.0313997	0.131554
209	0.0101727	0.0431198	0.234115	0.005997	0.0100202	0.0313537	0.131554
210	0.0100774	0.0426435	0.218883	0.005997	0.0100202	0.0313459	0.131554
211	0.0101078	0.0414167	0.214564	0.0029985	0.0100202	0.0314515	0.131554
212	0.0100774	0.0411484	0.211775	0	0.0100732	0.0319736	0.131717
213	0.0100774	0.0414423	0.211775	0.00149925	0.010219	0.0316776	0.131717
214	0.0100774	0.0415198	0.214564	0.0029985	0.010219	0.0319299	0.131717
215	0.0100774	0.0416229	0.217839	0	0.010219	0.0317399	0.131717
216	0.0100774	0.0422998	0.218883	0	0.010219	0.031933	0.133215
217	0.0100774	0.0439243	0.238085	0	0.0100202	0.0321567	0.133215
218	0.0100774	0.0452352	0.261371	0	0.0100202	0.0318958	0.131717
219	0.0100774	0.0460078	0.261371	0	0.0100202	0.0320569	0.131717
220	0.0100774	0.0480887	0.266108	0.00449775	0.0100202	0.0316588	0.131554
221	0.0101727	0.0486906	0.268585	0.00449775	0.0100202	0.0320384	0.136757
222	0.0100774	0.0528412	0.315309	0.0104948	0.0100202	0.0318607	0.134183
223	0.0100774	0.0541147	0.318228	0.00749625	0.0100202	0.0325369	0.138148
224	0.0100774	0.0542974	0.318228	0.0089955	0.0100202	0.0329954	0.149906
225	0.0100774	0.056007	0.340837	0.00749625	0.0100203	0.0332998	0.152314
226	0.0100774	0.0594406	0.369731	0.0089955	0.0100203	0.0340894	0.155034
227	0.0100774	0.0606633	0.369731	0.0089955	0.0100203	0.0347348	0.16063
228	0.0100774	0.0611168	0.355672	0.0089955	0.0106691	0.0351868	0.176072
229	0.0100774	0.0628137	0.369731	0.005997	0.010734	0.0354838	0.178494
230	0.0114452	0.0675103	0.457991	0.00749625	0.0102992	0.0368697	0.178494
231	0.0106985	0.0711657	0.457991	0.00749625	0.0100203	0.0386675	0.197084
232	0.0101727	0.0760315	0.447987	0.0089955	0.0100203	0.0390307	0.197084
233	0.0108972	0.0807335	0.587505	0.0134933	0.0100264	0.0398102	0.225391
234	0.0118323	0.0851777	0.652644	0.017991	0.0100203	0.0417205	0.241379
235	0.0101727	0.0924036	0.652644	0.0254873	0.0100203	0.046262	0.269496
236	0.0118833	0.0986531	0.780813	0.029985	0.0100203	0.0470751	0.25895
237	0.0114014	0.0969054	0.780813	0.029985	0.0100203	0.0499142	0.269496
238	0.0101727	0.0941214	0.652644	0.023988	0.0100203	0.0515607	0.279011
239	0.0101727	0.0893292	0.576368	0.017991	0.0100203	0.0518258	0.27964
240	0.0100936	0.0829403	0.468898	0.00749625	0.0100203	0.0535269	0.289052
241	0.0103405	0.0774395	0.449337	0.00149925	0.0100203	0.0545512	0.279011
242	0.0101727	0.0803451	0.444531	0.00449775	0.0100203	0.0567135	0.342241
243	0.0100936	0.0761171	0.407522	0.00149925	0.0103368	0.0589528	0.370186
244	0.0100936	0.0759682	0.407522	0	0.0102992	0.0605139	0.368385
245	0.0101727	0.0742078	0.373439	0	0.0102992	0.0626886	0.370186
246	0.0100936	0.0775856	0.442422	0.0089955	0.0100203	0.0650036	0.368385
247	0.0100936	0.080056	0.447999	0.0089955	0.0100203	0.0665472	0.393925
248	0.0101727	0.0795614	0.407522	0.00149925	0.0100732	0.0674034	0.393925
249	0.0100936	0.0798666	0.441267	0	0.0100203	0.0678272	0.393925
250	0.0100936	0.0813596	0.457991	0.0029985	0.0108723	0.0709052	0.442669
251	0.0101727	0.084701	0.483887	0.00449775	0.0103368	0.0726988	0.42665
252	0.0101727	0.0896274	0.513275	0.00449775	0.0103368	0.0760689	0.474582
253	0.0100936	0.0911897	0.513275	0.00449775	0.010985	0.0782125	0.506361
254	0.0100936	0.0957255	0.558864	0.005997	0.0103368	0.0844802	0.520622
255	0.0100936	0.102255	0.603418	0.00749625	0.0103368	0.0886492	0.61033
256	0.0103405	0.106302	0.64697	0.00749625	0.0103368	0.0908174	0.61043
257	0.0110927	0.110308	0.676293	0.0089955	0.0103368	0.0925589	0.58374
258	0.0101727	0.115882	0.64697	0.0089955	0.0103368	0.102014	0.69075
259	0.0101727	0.119517	0.672777	0.0104948	0.0103049	0.108963	0.771487
260	0.0126263	0.123961	0.793178	0.0104948	0.0103049	0.115679	0.90495
261	0.0126263	0.132303	0.793178	0.0104948	0.0103049	0.124726	0.956314
262	0.0110927	0.145211	0.749327	0.0134933	0.0103049	0.146797	2.0226
263	0.01021	0.156004	0.793178	0.023988	0.010375	0.182927	3.58171
264	0.0101727	0.176538	0.967457	0.041979	0.0103049	0.229581	6.33959
265	0.0101727	0.196444	1.14195	0.065967	0.0129848	0.278764	8.04818
266	0.0218356	0.242823	2.43675	0.106447	0.027308	0.368206	13.4856
267	0.0401406	0.32524	2.43675	0.149925	0.0266138	0.358776	14.0733
268	0.0541957	0.328335	3.31794	0.154423	0.0142922	0.307206	8.86932
269	0.03365	0.335666	3.48882	0.163418	0.0144153	0.293978	10.5703
270	0.0100493	0.1795	1.33919	0.0914543	0.0204736	0.282196	13.4856
271	0.0100493	0.115466	0.991236	0.0494753	0.0142922	0.270208	8.86932
272	0.0100697	0.0873014	0.792278	0.0344828	0.0142922	0.257438	8.86932
273	0.0100493	0.0662255	0.680031	0.011994	0.0142922	0.253111	8.86932
274	0.0100493	0.0574151	0.521598	0.005997	0.017374	0.239395	13.4856
275	0.0100666	0.0526234	0.495301	0.00449775	0.0107184	0.21386	8.54584
276	0.0100666	0.0488003	0.468289	0.00149925	0.0118708	0.205222	8.54584
277	0.0100493	0.0463351	0.393424	0	0.0155819	0.205375	12.2835
278	0.0100493	0.045188	0.393424	0.00149925	0.0153477	0.21243	13.8792
279	0.0100493	0.043893	0.357013	0.00149925	0.0131171	0.201646	12.1279
280	0.0100493	0.042323	0.344295	0.00149925	0.0123163	0.193023	10.7156
281	0.0100493	0.0395296	0.296061	0.00149925	0.0118708	0.169698	10.7156
282	0.0100098	0.0370726	0.253089	0	0.0120495	0.154862	9.53872
283	0.0100098	0.0360332	0.253089	0	0.0118708	0.130362	5.96515
284	0.0100493	0.0345356	0.223171	0	0.0104832	0.115205	3.42951
285	0.0100666	0.034028	0.222038	0.00149925	0.0104832	0.0974582	2.25123
286	0.0100666	0.0332713	0.222038	0.00149925	0.0101108	0.0885985	0.742543
287	0.0102347	0.0320368	0.200409	0	0.0101026	0.0823827	0.484638
288	0.0100666	0.0312874	0.191214	0	0.0104832	0.0738421	0.397706
289	0.0102347	0.0309828	0.181236	0	0.0103588	0.0682107	0.31469
290	0.0102347	0.0306816	0.164702	0	0.0100066	0.0653285	0.300923
291	0.0100666	0.0306064	0.152217	0	0.0100066	0.0622212	0.279003
292	0.0102347	0.0312468	0.162849	0	0.0100066	0.0620594	0.276991
293	0.0100666	0.0315014	0.168329	0.00149925	0.0100066	0.0617024	0.276991
294	0.0100666	0.0315548	0.168329	0.00149925	0.0100066	0.0625664	0.276991
295	0.0100666	0.0308822	0.152217	0.0029985	0.0100066	0.0637636	0.276648
296	0.0100666	0.0308559	0.155096	0.0029985	0.0100066	0.0644943	0.276648
297	0.0100666	0.0309219	0.155096	0.0029985	0.0100066	0.0676593	0.31469
298	0.0100666	0.0305254	0.155096	0.005997	0.0100066	0.069341	0.322334
299	0.010336	0.0298531	0.152217	0.00449775	0.0100066	0.0718942	0.351463
300	0.0102347	0.0295287	0.134657	0.00449775	0.0100066	0.0792163	0.435521
301	0.0100666	0.0291422	0.125936	0.0029985	0.0100066	0.0910961	0.556385
302	0.0100666	0.0288703	0.121625	0.0029985	0.0100066	0.10387	0.879719
303	0.0100666	0.028611	0.118945	0.0029985	0.0100066	0.11856	1.10893
304	0.0102347	0.0282706	0.118945	0.0029985	0.0100066	0.123906	1.13328
305	0.0102347	0.0284931	0.119981	0.0029985	0.0100066	0.128412	1.2352
306	0.0102347	0.0283014	0.118945	0.00149925	0.0100066	0.139319	1.10893
307	0.0100897	0.0278609	0.118945	0.00149925	0.0100066	0.146946	1.08848
308	0.0100666	0.0276997	0.118945	0.00149925	0.0100066	0.156909	1.10893
309	0.0100897	0.0273827	0.118945	0.00149925	0.0100066	0.157493	0.958609
310	0.0102347	0.0274129	0.118945	0.00149925	0.0100066	0.169809	1.04877
311	0.0100897	0.0274117	0.110315	0.00149925	0.0100066	0.166504	0.879719
312	0.0102347	0.027635	0.110315	0.00149925	0.0100066	0.166929	0.795839
313	0.0100666	0.0278697	0.110315	0.00149925	0.0100026	0.164881	0.771659
314	0.0100666	0.0277458	0.1121	0.00149925	0.0100026	0.17347	0.81962
315	0.0100666	0.0279289	0.117119	0.00149925	0.0100026	0.17627	0.78322
316	0.0100897	0.0290147	0.126719	0.00449775	0.0100026	0.181506	0.81962
317	0.0100433	0.0281039	0.117119	0	0.0122475	0.194171	1.12309
318	0.0100433	0.0286851	0.125828	0	0.0129478	0.192526	1.12309
319	0.0100433	0.0290241	0.133205	0	0.0134491	0.205012	1.12309
320	0.0100433	0.029563	0.138664	0	0.0134491	0.207768	1.40985
321	0.0100433	0.0299202	0.152094	0	0.0141886	0.180301	1.08399
322	0.0100433	0.0296759	0.148731	0	0.0141495	0.172773	0.923011
323	0.0100433	0.0307709	0.163172	0.0029985	0.0141495	0.162539	0.813239
324	0.0100433	0.0311634	0.148731	0.0029985	0.0141886	0.152641	0.722545
325	0.0100433	0.0307197	0.13475	0.00149925	0.0141495	0.142898	0.673918
326	0.0100433	0.0306292	0.14611	0	0.0134491	0.13684	0.594459
327	0.0100433	0.0308342	0.157944	0.00149925	0.0141495	0.135808	0.594459
328	0.0100433	0.0305495	0.142643	0.00149925	0.0141656	0.135663	0.585346
329	0.0100433	0.0297347	0.125828	0.00149925	0.0141656	0.131458	0.594459
330	0.0100433	0.0297245	0.123713	0	0.0141495	0.128781	0.569262
331	0.0100433	0.0296612	0.118945	0	0.0151182	0.126114	0.555018
332	0.0101236	0.0296836	0.124025	0	0.0175549	0.125044	0.594459
333	0.0101236	0.0296062	0.124025	0	0.0179713	0.123345	0.594459
334	0.0101236	0.0291951	0.124025	0	0.0175549	0.125526	0.595945
335	0.0100433	0.0292562	0.124025	0.00149925	0.0141495	0.124701	0.541932
336	0.0100433	0.0295315	0.124025	0.00149925	0.0151182	0.123486	0.576596
337	0.0100433	0.0299877	0.127247	0.00149925	0.0141495	0.119339	0.576596
338	0.0100433	0.0302261	0.138212	0.00149925	0.0191652	0.114337	0.739944
339	0.0100433	0.0295654	0.130251	0.00149925	0.0129478	0.104712	0.43422
340	0.0100433	0.0292187	0.130251	0.00149925	0.0125772	0.102044	0.43422
341	0.0100433	0.0293119	0.132429	0.00149925	0.0127432	0.0875415	0.43422
342	0.0100433	0.0292263	0.135239	0.00149925	0.0101037	0.0793032	0.346489
343	0.0100433	0.0289611	0.124025	0.00149925	0.0101037	0.0716427	0.338631
344	0.0101236	0.0286782	0.124025	0	0.0100026	0.0700745	0.328019
345	0.0100433	0.0291621	0.124025	0.00149925	0.0100026	0.0663584	0.321089
346	0.0100433	0.0295471	0.127032	0.00149925	0.0100026	0.0638532	0.309157
347	0.0100433	0.029303	0.125828	0	0.0101037	0.0602979	0.290526
348	0.0100433	0.0293213	0.127247	0	0.0101037	0.057776	0.283131
349	0.0100433	0.028998	0.127247	0	0.0101037	0.0556564	0.282366
350	0.0100433	0.0292787	0.133173	0	0.0101037	0.0547925	0.282366
351	0.0100433	0.0289251	0.127032	0	0.0100026	0.0537667	0.263855
352	0.0100433	0.0286797	0.127032	0.0029985	0.0100026	0.0536324	0.263855
353	0.0100433	0.0283821	0.132429	0	0.0101037	0.0543186	0.258895
354	0.0100433	0.0285944	0.135239	0	0.0100026	0.0543827	0.276384
355	0.0100433	0.0277005	0.12654	0	0.0100026	0.0536639	0.276384
356	0.0100433	0.0281298	0.133173	0	0.0100026	0.0526711	0.258895
357	0.0100433	0.028606	0.138264	0	0.0100026	0.0511578	0.251264
358	0.0100433	0.0289375	0.139756	0	0.0101037	0.0503756	0.22376
359	0.0100433	0.0290183	0.14128	0	0.0101037	0.0498439	0.22376
360	0.0100433	0.0287032	0.138264	0	0.0100026	0.0508243	0.244787
361	0.0100433	0.0290469	0.139756	0	0.0100026	0.0498465	0.236869
362	0.0100433	0.0294013	0.148412	0	0.0101037	0.0498312	0.236869
363	0.0100433	0.0288152	0.138212	0	0.0100026	0.048582	0.217279
364	0.0101236	0.0290711	0.138264	0	0.0100026	0.0486594	0.22376
365	0.0100433	0.0293442	0.138264	0	0.0100026	0.0477313	0.207393
366	0.0100433	0.0295257	0.14128	0	0.0100026	0.0472497	0.207393
367	0.0100433	0.0293242	0.138212	0	0.0100026	0.0461022	0.199928
368	0.0100433	0.0294853	0.138264	0	0.0100026	0.0453164	0.191773
369	0.0100433	0.0291066	0.138264	0	0.0100026	0.0462943	0.202191
370	0.0100433	0.0290363	0.149385	0.00149925	0.0100026	0.0465829	0.20422
371	0.0100433	0.0287779	0.142643	0	0.0100026	0.0467213	0.21192
372	0.0100433	0.0289847	0.14799	0	0.0100026	0.0467247	0.207393
373	0.0100433	0.0291603	0.14799	0	0.0100026	0.0478983	0.229072
374	0.0100433	0.0290751	0.145436	0	0.0100026	0.0466542	0.199928
375	0.0100433	0.0287582	0.139384	0	0.0100026	0.0467946	0.203823
376	0.0100433	0.0296667	0.149385	0.00449775	0.0100026	0.0482292	0.213581
377	0.0100433	0.0289255	0.142643	0	0.0101037	0.0477509	0.20422
378	0.0100433	0.0290456	0.145436	0	0.0100747	0.0469948	0.191773
379	0.0100433	0.0293135	0.138264	0	0.0101037	0.0463461	0.186577
380	0.0100433	0.0294691	0.138264	0	0.0100747	0.0460257	0.181451
381	0.0100433	0.0303402	0.14799	0	0.0100747	0.0462268	0.183736
382	0.0100433	0.0311092	0.152662	0	0.0100747	0.0469851	0.187047
383	0.0100433	0.0315276	0.152662	0	0.0101747	0.0480901	0.199928
384	0.0100433	0.031887	0.165004	0	0.0101747	0.0490739	0.20422
385	0.0100433	0.0321447	0.166019	0	0.0101747	0.0499354	0.217279
386	0.0100433	0.0331889	0.181445	0.00449775	0.0101747	0.0511663	0.237062
387	0.0100433	0.0346777	0.18463	0.0089955	0.0101747	0.0564206	0.276384
388	0.0104662	0.0334149	0.18463	0.00449775	0.0101747	0.0606536	0.325458
389	0.0100433	0.0337603	0.168266	0	0.0100421	0.0630057	0.354663
390	0.0104591	0.0342014	0.184345	0	0.0100421	0.0693079	0.447675
391	0.0101236	0.0351653	0.1822	0.0029985	0.0100421	0.0718528	0.553826
392	0.0104662	0.034927	0.18463	0	0.0100421	0.0725212	1.06399
393	0.0100433	0.0354652	0.184345	0	0.0100421	0.0663539	0.431639
394	0.0100433	0.0362123	0.18463	0	0.0100421	0.0674945	0.427439
395	0.0100433	0.0374187	0.198961	0	0.0100421	0.0628235	0.329009
396	0.0100433	0.0375314	0.19072	0	0.0118161	0.0706011	0.427439
397	0.0100433	0.0374286	0.190033	0	0.0122729	0.0716432	0.46065
398	0.0100433	0.0380005	0.196335	0	0.0118796	0.0713523	0.46065
399	0.0100433	0.0380108	0.196335	0	0.0118161	0.0728845	0.47867
400	0.0100433	0.0380812	0.200884	0	0.0106431	0.0733602	0.427439
401	0.0100433	0.0380855	0.208594	0	0.0118161	0.0701098	0.427439
402	0.0100433	0.0402778	0.236516	0.00149925	0.0122475	0.0700108	0.427439
403	0.0100433	0.0400488	0.221428	0	0.0124658	0.0692839	0.420939
404	0.0100433	0.0410459	0.221007	0	0.0122475	0.068693	0.397254
405	0.0100433	0.0417816	0.238988	0	0.0118161	0.0664514	0.326095
406	0.0100433	0.0427999	0.245342	0	0.0137734	0.0650895	0.354663
407	0.0101294	0.0448444	0.282239	0.00449775	0.01378	0.0649127	0.354663
408	0.0104465	0.0454689	0.29507	0.00449775	0.0114149	0.0650904	0.280369
409	0.0104465	0.0461924	0.29507	0.0029985	0.0141495	0.0654348	0.328668
410	0.0104465	0.0466217	0.295255	0.0029985	0.0122475	0.0647751	0.275249
411	0.0104465	0.0485081	0.349832	0.00449775	0.0146936	0.0656058	0.328668
412	0.0101294	0.0520439	0.383482	0.0134933	0.0122475	0.0659227	0.275249
413	0.0101294	0.055799	0.467707	0.0149925	0.0141495	0.0677968	0.304389
414	0.0101294	0.0546667	0.415687	0.0149925	0.01378	0.0702544	0.318376
415	0.0101294	0.0525758	0.379137	0.011994	0.01378	0.069431	0.307857
416	0.0104465	0.0486013	0.348323	0.0089955	0.01378	0.0682267	0.296129
417	0.0104465	0.0474255	0.320939	0.005997	0.013477	0.0682003	0.296129
418	0.0101294	0.0448652	0.282239	0.005997	0.0141495	0.0672278	0.328668
419	0.0101294	0.046565	0.338627	0.0134933	0.012127	0.0652366	0.280369
420	0.0103481	0.0460329	0.320939	0.00749625	0.0141495	0.063723	0.318376
421	0.0101294	0.0452084	0.288021	0.00449775	0.0141495	0.0618295	0.307857
422	0.0101294	0.0440782	0.263251	0.00149925	0.0141495	0.060923	0.307857
423	0.0101911	0.0431866	0.260505	0.00149925	0.0106431	0.0585766	0.240994
424	0.0101911	0.042175	0.245342	0	0.0114573	0.0570258	0.245144
425	0.0101911	0.0409151	0.219861	0	0.0101028	0.055316	0.210613
426	0.0101294	0.039983	0.213826	0	0.0102669	0.0543835	0.197967
427	0.0103481	0.0392677	0.219861	0	0.0102889	0.0521641	0.191677
428	0.0101294	0.0381699	0.205579	0	0.0102669	0.0514054	0.191677
429	0.0101294	0.0379285	0.209636	0	0.0102669	0.0499079	0.175547
430	0.0102649	0.0373419	0.205361	0	0.0102669	0.0486034	0.16773
431	0.0100914	0.0376953	0.205361	0	0.0102669	0.0483747	0.183602
432	0.0101911	0.0371278	0.205361	0	0.0104983	0.0483695	0.191677
433	0.0101911	0.036791	0.205361	0	0.0102669	0.0480184	0.184883
434	0.0102649	0.0363084	0.205361	0.00149925	0.0104983	0.0486615	0.191677
435	0.0100914	0.035831	0.184143	0	0.0104983	0.0482601	0.191677
436	0.0100914	0.0357099	0.179033	0	0.0104983	0.0476366	0.191677
437	0.0100914	0.0355437	0.179033	0	0.0102669	0.0483161	0.206766
438	0.0100914	0.0355862	0.179033	0	0.010181	0.050747	0.254223
439	0.0100914	0.0347039	0.184143	0	0.0102669	0.0548602	0.415517
440	0.0100914	0.034406	0.174709	0	0.010181	0.0584732	0.468171
441	0.0101932	0.0345503	0.203275	0	0.010181	0.0685908	2.39381
442	0.0101932	0.0345759	0.203275	0	0.0104983	0.0727428	7.70752
443	0.010109	0.0342061	0.203275	0	0.0102669	0.0747251	7.70752
444	0.0101294	0.033886	0.203275	0	0.0101388	0.0826809	8.38761
445	0.0100914	0.0339545	0.193063	0	0.0101388	0.090489	10.7893
446	0.0100914	0.0336371	0.174709	0	0.0101388	0.0863036	10.1701
447	0.0100914	0.0332798	0.162007	0.00149925	0.010181	0.0847678	8.38761
448	0.0101294	0.0331788	0.162007	0.0029985	0.0102669	0.0800511	7.70752
449	0.0101294	0.0327215	0.162007	0	0.0102669	0.0708318	2.39381
450	0.0100914	0.031842	0.154743	0	0.0102669	0.069318	2.39381
451	0.0100914	0.0307037	0.140505	0	0.0101388	0.0676374	2.11891
452	0.0100914	0.0307098	0.149192	0	0.0102669	0.0626543	1.12466
453	0.010027	0.0303872	0.141668	0.0029985	0.0101388	0.0623814	1.05921
454	0.010109	0.0309468	0.162007	0.0089955	0.0102889	0.0542277	0.529549
455	0.010027	0.0315168	0.173742	0.0104948	0.0101388	0.0540947	0.465825
456	0.010027	0.0299765	0.149192	0	0.0101388	0.0494839	0.306504
457	0.010027	0.0298859	0.141668	0.0029985	0.0101388	0.0463939	0.245144
458	0.0100914	0.0294124	0.140505	0	0.010181	0.0453303	0.227013
459	0.010015	0.0299988	0.155954	0	0.010181	0.0447845	0.227013
460	0.010015	0.0302618	0.154743	0	0.0101388	0.0437843	0.201187
461	0.010015	0.029974	0.15268	0	0.0104565	0.0467502	0.2619
462	0.010015	0.0296508	0.149192	0	0.010181	0.0585758	0.602273
463	0.010015	0.0292413	0.144905	0	0.0100624	0.0640528	17.906
464	0.010109	0.0285071	0.144905	0	0.010181	0.0674713	19.5533
465	0.010109	0.0287174	0.144905	0	0.010181	0.0692267	25.4257
466	0.010015	0.0297308	0.144905	0.00449775	0.0100624	0.0650449	14.9233
467	0.010109	0.0301507	0.155954	0.0089955	0.0100624	0.0649442	3.10891
468	0.010109	0.0305328	0.162007	0.0089955	0.0100624	0.062518	1.21028
469	0.010109	0.0298053	0.163166	0.005997	0.0100624	0.0599313	0.831856
470	0.010015	0.0291374	0.157417	0.00149925	0.010181	0.060174	0.955754
471	0.010109	0.0289781	0.157417	0.00149925	0.010181	0.0600052	0.955754
472	0.010109	0.0285072	0.154538	0	0.0100624	0.0613153	0.888117
473	0.010109	0.0286723	0.155954	0	0.010181	0.0614932	0.956593
474	0.010015	0.028417	0.15268	0	0.0102669	0.0601549	0.956593
475	0.010015	0.0284653	0.15268	0.00149925	0.0100624	0.0594687	0.869897
476	0.010109	0.0280299	0.144905	0	0.0100624	0.0603571	0.869897
477	0.010015	0.0277485	0.136073	0	0.0100624	0.061704	0.956593
478	0.010109	0.0275499	0.136634	0	0.010181	0.063597	1.0067
479	0.010015	0.0273796	0.128113	0	0.0100624	0.0645824	1.02739
480	0.010015	0.0268547	0.111667	0	0.0100624	0.0635752	1.02739
481	0.010015	0.0270509	0.10994	0	0.010181	0.0658563	1.04944
482	0.010015	0.0267374	0.10994	0	0.0100624	0.0665733	1.59483
483	0.010015	0.0269679	0.117222	0	0.0100624	0.0682898	1.59483
484	0.010015	0.0267961	0.111667	0	0.0102244	0.0686721	1.64752
485	0.010015	0.0266956	0.10994	0	0.0102244	0.0691118	1.64752
486	0.010015	0.026434	0.104954	0	0.0100624	0.0666939	1.64752
487	0.010015	0.026064	0.104677	0	0.0100624	0.0653745	1.59483
488	0.010015	0.0262101	0.104954	0.00149925	0.0100624	0.0647675	1.069
489	0.010015	0.0264552	0.104954	0	0.0100624	0.0650661	1.07494
490	0.010015	0.026674	0.10721	0	0.0100624	0.0664961	1.04944
491	0.010015	0.0265664	0.10152	0	0.0100624	0.0690743	1.07494
492	0.0100877	0.0264172	0.0945088	0	0.0100624	0.0691158	1.00395
493	0.010015	0.0272985	0.0954693	0	0.0102244	0.0697146	1.04057
494	0.010015	0.0275409	0.0954693	0.00149925	0.0100624	0.0690737	1.00395
495	0.010015	0.0284464	0.111667	0.011994	0.0102244	0.0689232	1.04057
496	0.010015	0.0276359	0.104954	0.0089955	0.0104983	0.0734286	1.07663
497	0.010015	0.027047	0.104954	0.00449775	0.0104983	0.0755344	1.11276
498	0.010015	0.0270198	0.111667	0.00449775	0.0104983	0.0774949	1.43597
499	0.010015	0.0268637	0.111667	0	0.0104983	0.0867042	2.45866
500	0.010015	0.026872	0.111667	0	0.0104983	0.0970842	4.66279
501	0.010015	0.0270775	0.111667	0	0.0100624	0.127196	8.89226
502	0.010015	0.0268806	0.104677	0	0.0106581	0.150227	13.3412
503	0.010015	0.0276258	0.104954	0	0.0104983	0.156354	13.2227
504	0.010015	0.0274703	0.102265	0	0.0104983	0.165061	14.3101
505	0.010015	0.0273222	0.0990083	0	0.0100624	0.167807	13.3412
506	0.010015	0.027124	0.0976007	0	0.0100624	0.175064	13.3412
507	0.010015	0.027108	0.0943131	0	0.0100624	0.177113	13.3412
508	0.010015	0.0278146	0.10145	0.00149925	0.0100624	0.188822	15.2642
509	0.010015	0.0285901	0.111667	0.0029985	0.0108438	0.202651	19.883
510	0.010015	0.0281746	0.107118	0.0029985	0.0104983	0.212901	19.883
511	0.010015	0.028613	0.115516	0.00449775	0.0102479	0.223326	21.0104
512	0.010015	0.0286717	0.119293	0.00449775	0.0100624	0.2275	19.883
513	0.010015	0.0284411	0.115516	0.0029985	0.0100624	0.242822	21.7577
514	0.010015	0.0286617	0.126223	0	0.0102479	0.262654	25.4105
515	0.010015	0.0284547	0.128113	0	0.0100624	0.27512	27.148
516	0.010015	0.0283425	0.123309	0	0.0100624	0.283339	30.8289
517	0.010015	0.0278665	0.103805	0	0.0100624	0.297328	31.3706
518	0.010015	0.0279796	0.104677	0	0.0102479	0.300059	30.3819
519	0.0100877	0.0287056	0.131425	0	0.0102479	0.30409	30.3819
520	0.0100877	0.0287275	0.131425	0	0.0100624	0.309384	32.9565
521	0.0100877	0.0286586	0.131425	0	0.0102479	0.317858	30.8289
522	0.010015	0.0289377	0.135124	0	0.0100624	0.326346	32.9565
523	0.010015	0.0290983	0.137148	0	0.0100624	0.339745	37.0448
524	0.0100877	0.02919	0.135124	0	0.0100624	0.335917	32.0624
525	0.0100877	0.0292578	0.135124	0	0.0102479	0.313979	33.0852
526	0.0100877	0.0283374	0.126223	0	0.0102313	0.254518	33.0852
527	0.010015	0.0283477	0.119146	0	0.0102313	0.249975	33.0852
528	0.010015	0.0280965	0.105462	0	0.0100436	0.252803	35.1852
529	0.010015	0.0281092	0.106453	0	0.0100436	0.243615	37.0448
530	0.010015	0.0285867	0.120613	0	0.0102313	0.232987	38.787
531	0.010015	0.028364	0.120613	0	0.0102313	0.273644	41.3887
532	0.010015	0.0282802	0.119146	0	0.0102313	0.273213	40.7033
533	0.010015	0.028464	0.117095	0.00449775	0.0102313	0.295399	40.7033
534	0.010015	0.0290411	0.126608	0.00449775	0.0100436	0.301826	38.787
535	0.010015	0.0295116	0.131425	0.005997	0.0102313	0.346046	39.7692
536	0.0100877	0.0298496	0.135124	0.005997	0.0102313	0.372975	38.787
537	0.010015	0.0300594	0.135124	0.005997	0.0100436	0.385322	33.0852
538	0.010015	0.030171	0.139253	0.00749625	0.0100436	0.398831	33.0852
539	0.010015	0.0308044	0.153756	0.005997	0.0102313	0.416215	36.6782
540	0.010015	0.031222	0.166603	0.00449775	0.0100436	0.43679	37.2901
541	0.010015	0.0314805	0.176428	0.0029985	0.0105217	0.463987	39.7692
542	0.010015	0.03195	0.177909	0.0029985	0.0102313	0.509151	44.4014
543	0.010015	0.0321394	0.182116	0.00449775	0.0100436	0.522747	44.4663
544	0.010015	0.0333393	0.209156	0.00449775	0.0102313	0.519449	44.4663
545	0.010015	0.035005	0.221003	0.005997	0.0100436	0.489841	41.0777
546	0.010015	0.0367964	0.226162	0.005997	0.0100436	0.501355	40.0106
547	0.010015	0.0378836	0.249872	0.005997	0.0105217	0.491396	41.0777
548	0.010015	0.0385633	0.249872	0.005997	0.0102313	0.506435	39.7692
549	0.010015	0.0387758	0.249872	0.005997	0.0105217	0.550694	40.8381
550	0.010015	0.0403026	0.290448	0.0089955	0.0106039	0.557846	41.0777
551	0.0100207	0.0414758	0.323948	0.0104948
