		omega		Posterior		rho				Synonymous theta			kappa			phi	
Site	Lower	Point	Higher	prob of +ve	Lower	Point	Higher		Lower	Point	Higher	Lower	Point	Higher	Lower	Point	Higher
	95% HPD	estimate	95% HPD	selection	95% HPD	estimate	95% HPD		95% HPD	estimate	95% HPD	95% HPD	estimate	95% HPD	95% HPD	estimate	95% HPD
0	0.0182102	0.110687	0.409228	0.00149925	0.0101126	0.0936712	2.37319		0.248256	0.28979	0.333234	1.87307	2.5386	3.12683	556.391	1.67342e+10	2.06358e+18
1	0.0181773	0.111639	0.409228	0	0.0101126	0.0881816	1.56732
2	0.0181773	0.114555	0.402881	0	0.0100517	0.0828647	0.948435
3	0.0188355	0.128744	0.43156	0.005997	0.0100517	0.0794192	0.788497
4	0.0182102	0.141681	0.448657	0.0089955	0.0100517	0.0775645	0.708899
5	0.0182102	0.149536	0.479883	0.0149925	0.0100517	0.0765593	0.633404
6	0.0343119	0.161994	0.612044	0.017991	0.0100517	0.0769256	0.59752
7	0.0377795	0.160172	0.545392	0.0089955	0.0100517	0.0786618	0.621371
8	0.0377122	0.154656	0.481795	0.00749625	0.0100517	0.085959	0.74506
9	0.0324557	0.146005	0.43582	0.00449775	0.0100517	0.104787	1.50786
10	0.0377122	0.138081	0.448846	0	0.0100517	0.111993	2.33607
11	0.0334815	0.135244	0.448846	0	0.0100517	0.114324	1.4243
12	0.0373626	0.132142	0.431849	0	0.0100517	0.112012	1.17532
13	0.0377122	0.131825	0.431849	0	0.0101126	0.105648	1.07528
14	0.0373626	0.13199	0.431849	0	0.0101126	0.107144	1.13985
15	0.0377122	0.129207	0.431849	0	0.0101126	0.111087	1.38167
16	0.0373626	0.128146	0.477292	0	0.0101126	0.10201	0.852095
17	0.0294613	0.129457	0.448846	0.0029985	0.0101126	0.0961061	0.689909
18	0.0217792	0.150669	0.916371	0.0344828	0.0101126	0.0957517	0.688368
19	0.0115449	0.0896482	0.365669	0	0.0101126	0.0991276	0.690156
20	0.010157	0.0666012	0.28624	0	0.0101126	0.0979616	0.690156
21	0.0102585	0.055686	0.249622	0.00149925	0.0101126	0.0982384	0.690156
22	0.0102585	0.0471043	0.216267	0	0.0101126	0.0947288	0.682336
23	0.0102412	0.0412701	0.204271	0	0.0100317	0.0953651	0.716382
24	0.0102551	0.0369424	0.162359	0	0.0101126	0.0951904	0.689909
25	0.0101228	0.0333761	0.135378	0	0.0100317	0.0962446	0.716382
26	0.0102412	0.0318362	0.114921	0	0.0100317	0.102516	0.829114
27	0.0100723	0.0310336	0.102435	0	0.0101126	0.108472	0.862158
28	0.0102412	0.030677	0.102153	0	0.0100317	0.112752	0.997708
29	0.0100723	0.0299012	0.09062	0	0.0101126	0.123149	1.31294
30	0.0101228	0.0294837	0.0824161	0	0.010063	0.118643	1.15368
31	0.0100723	0.0290945	0.0766885	0	0.0100317	0.116776	0.997708
32	0.0100662	0.0290513	0.0758099	0	0.0100317	0.110674	0.862158
33	0.0100662	0.0290674	0.0761851	0	0.0100317	0.10454	0.845081
34	0.0100662	0.0290751	0.0761851	0	0.0100317	0.102694	0.829114
35	0.0100662	0.0293941	0.0761851	0	0.0100317	0.0998427	0.78075
36	0.0100662	0.0297531	0.0761851	0	0.0100317	0.0946673	0.653676
37	0.0100662	0.0298491	0.0761851	0	0.0100317	0.0871407	0.550478
38	0.0100662	0.030048	0.0758099	0	0.0100317	0.0870787	0.58732
39	0.0100662	0.0301676	0.0758099	0	0.0100317	0.0887513	0.688368
40	0.0100662	0.0301604	0.0758099	0	0.0100317	0.0877391	0.598724
41	0.0100662	0.0304804	0.0758099	0	0.0100317	0.0859578	0.612236
42	0.0102551	0.0312417	0.0830373	0	0.0100317	0.084199	0.569718
43	0.0100662	0.0322575	0.0849465	0	0.0100317	0.0833786	0.556539
44	0.0100662	0.0318168	0.0830373	0	0.0100317	0.0835005	0.556539
45	0.0100662	0.0315275	0.082065	0	0.0104668	0.083396	0.550478
46	0.0100662	0.0316805	0.0830373	0	0.0105153	0.0837123	0.550478
47	0.0102551	0.0316906	0.0854087	0	0.0105153	0.0837931	0.550478
48	0.0100662	0.0316474	0.0830373	0	0.0100317	0.0850192	0.51838
49	0.0100662	0.0318635	0.0845909	0	0.0104668	0.0869884	0.569718
50	0.0100662	0.0318889	0.0830373	0	0.0104668	0.0846617	0.51838
51	0.0100662	0.0321183	0.0847555	0	0.0104668	0.0858024	0.514598
52	0.0102551	0.0326721	0.0869196	0	0.0104668	0.0863322	0.525942
53	0.0100662	0.0330645	0.0872795	0	0.0107125	0.0879844	0.550478
54	0.0100662	0.0334688	0.0900663	0	0.0106661	0.0906528	0.557398
55	0.0100662	0.0334132	0.0888016	0	0.0106661	0.0913686	0.550478
56	0.0100662	0.0341703	0.09062	0	0.0104668	0.09485	0.550478
57	0.0102551	0.0348245	0.0977869	0	0.0100317	0.0996563	0.569718
58	0.0102551	0.0353028	0.0980857	0	0.0104668	0.109216	0.701222
59	0.0102551	0.0364052	0.106028	0	0.0107125	0.117769	0.810942
60	0.0102551	0.0377021	0.112484	0	0.0106661	0.124979	0.810942
61	0.0102551	0.0399181	0.117356	0	0.0100317	0.154077	1.56895
62	0.0102551	0.0432294	0.136769	0	0.010063	0.174045	2.36293
63	0.0102551	0.049075	0.155995	0	0.0101501	0.197954	2.80409
64	0.0102551	0.0563675	0.213697	0	0.010063	0.276184	12.8302
65	0.0113409	0.0582597	0.237992	0	0.0107336	0.375974	16.4231
66	0.014913	0.0599285	0.300006	0	0.0107234	0.51065	17.628
67	0.0178118	0.065355	0.301628	0.00149925	0.0115367	0.537162	18.0438
68	0.0179531	0.0654083	0.300006	0.0029985	0.0305068	0.556195	45.9819
69	0.0178118	0.0653956	0.254434	0.00149925	0.0305068	0.584713	42.5879
70	0.0178007	0.0657871	0.253803	0	0.0305068	0.658603	40.7228
71	0.0178007	0.0660503	0.245332	0	0.0336285	0.687671	42.5879
72	0.0178007	0.0706693	0.254434	0	0.0231168	0.565918	18.9276
73	0.0212726	0.0734411	0.316472	0	0.0318502	0.432587	10.1622
74	0.0220527	0.0750173	0.310387	0	0.0276263	0.42236	13.1418
75	0.0216742	0.0753297	0.310387	0	0.011217	0.392756	5.53491
76	0.0195557	0.0723753	0.312106	0	0.0111282	0.390811	5.53491
77	0.0195557	0.0721962	0.312106	0	0.0104914	0.394109	8.0956
78	0.0147884	0.0579779	0.250362	0	0.011217	0.387312	7.16608
79	0.0148771	0.0536137	0.229707	0	0.0104914	0.36867	7.11842
80	0.0117179	0.0494152	0.165483	0	0.0104914	0.36109	8.0956
81	0.0108275	0.0459719	0.14429	0	0.0102948	0.340258	8.0956
82	0.0103237	0.0448416	0.120779	0.00149925	0.0102948	0.334717	10.1392
83	0.0109227	0.0428112	0.109677	0	0.0102948	0.313313	5.2208
84	0.0109227	0.0428658	0.109677	0	0.0130048	0.272843	2.87402
85	0.0109227	0.0431062	0.109677	0	0.0105716	0.243631	1.46246
86	0.0121419	0.0420824	0.109677	0	0.0102948	0.239876	1.42807
87	0.0137372	0.0420626	0.120779	0	0.0102948	0.244547	1.55888
88	0.0137372	0.0419414	0.115654	0	0.0105716	0.25958	2.09969
89	0.0137372	0.0417069	0.109677	0	0.0102948	0.258112	2.09969
90	0.0138102	0.0420603	0.109677	0	0.0102948	0.26505	2.38029
91	0.0137372	0.0416095	0.111815	0	0.0105716	0.268775	2.97258
92	0.0137372	0.0419919	0.120779	0	0.0102948	0.255375	2.20356
93	0.011917	0.0420367	0.108336	0	0.0118746	0.244949	1.96597
94	0.0117516	0.0421101	0.10613	0	0.0118746	0.233466	1.70093
95	0.0137372	0.0407407	0.118762	0	0.0118746	0.22197	1.57168
96	0.0137372	0.0394415	0.108804	0	0.0118746	0.230775	2.01264
97	0.0124763	0.0391404	0.10613	0	0.0105716	0.23474	2.01264
98	0.012609	0.0391407	0.10613	0	0.0118746	0.239626	2.49707
99	0.0126035	0.0384142	0.105258	0	0.0102948	0.243314	2.61419
100	0.0137372	0.0381076	0.109755	0	0.0118746	0.253863	3.35273
101	0.0120539	0.0380778	0.0994768	0	0.0118746	0.256293	3.39474
102	0.0137372	0.0381186	0.108804	0	0.010544	0.235655	2.01264
103	0.0120539	0.0383518	0.0994768	0	0.0118746	0.24163	2.01264
104	0.0137372	0.0379834	0.108804	0	0.0118746	0.246407	2.01264
105	0.0137372	0.0377624	0.105258	0	0.0118746	0.236795	1.87612
106	0.0137372	0.0378545	0.104594	0	0.0118746	0.235467	1.59255
107	0.0125703	0.0380405	0.0984055	0	0.0118746	0.236422	1.59255
108	0.0137372	0.0385873	0.108336	0	0.0118746	0.236181	1.57168
109	0.0137372	0.0383796	0.108336	0	0.0120333	0.24769	2.01264
110	0.0137372	0.0377163	0.108336	0	0.0118746	0.235132	1.55325
111	0.0121026	0.0372872	0.0984055	0	0.0185546	0.234482	2.33699
112	0.0121026	0.0371075	0.0989187	0	0.0185546	0.239798	2.06698
113	0.012338	0.0369574	0.0994768	0	0.0146516	0.238916	1.58325
114	0.0118904	0.036599	0.0984055	0	0.0146516	0.236901	1.57168
115	0.0102531	0.0358584	0.0866602	0	0.0126693	0.233457	1.18035
116	0.0102531	0.0359533	0.0865112	0	0.0144924	0.227492	1.22092
117	0.0102531	0.0360148	0.0864835	0	0.0144924	0.225062	1.19649
118	0.0101685	0.0361506	0.0866602	0	0.0144924	0.222236	1.18035
119	0.0102531	0.0361042	0.0875271	0	0.0126693	0.220335	0.996479
120	0.0102531	0.0363929	0.0875271	0	0.0130179	0.217329	0.996479
121	0.0101241	0.0367829	0.0866602	0	0.0144924	0.221061	1.19649
122	0.0101241	0.0369795	0.0866602	0	0.0130179	0.230038	1.27822
123	0.0101241	0.0380107	0.0902424	0	0.0134065	0.227687	1.27822
124	0.0101241	0.0386295	0.0908787	0	0.0186973	0.23626	1.58325
125	0.0101241	0.0394426	0.09299	0	0.0193536	0.243219	2.26852
126	0.0102531	0.040898	0.0984055	0	0.0186973	0.263881	2.26852
127	0.0101241	0.0426723	0.10613	0	0.0159836	0.27966	2.6201
128	0.0101241	0.0436776	0.121737	0	0.0114841	0.293523	2.25628
129	0.0101241	0.0456355	0.142008	0	0.0122321	0.30224	2.48666
130	0.0101241	0.050182	0.231383	0.00149925	0.0129693	0.332638	3.0552
131	0.0102531	0.0577465	0.377741	0.00749625	0.0111457	0.380507	4.78501
132	0.0102531	0.0718635	0.571957	0.0269865	0.0474229	0.591854	55.9536
133	0.0101241	0.07366	0.57791	0.0314843	0.0855851	0.750241	91.7247
134	0.0128272	0.0561764	0.456833	0.00149925	0.0897917	0.846404	91.7247
135	0.0102531	0.0510316	0.285945	0	0.0945509	0.899284	96.9349
136	0.0101241	0.0459477	0.168903	0	0.127626	0.965219	99.6813
137	0.0101241	0.0426246	0.120337	0	0.143576	1.05834	99.6813
138	0.0101161	0.0405944	0.110387	0	0.0422829	0.835782	96.9349
139	0.0102531	0.0396224	0.104248	0	0.0252622	0.730928	67.8358
140	0.0102531	0.0394957	0.104248	0	0.0120443	0.517498	28.6461
141	0.0102531	0.0393974	0.104416	0	0.0144655	0.397871	23.8257
142	0.0102385	0.0391935	0.104416	0	0.0113403	0.324525	3.27901
143	0.0102385	0.0388686	0.104416	0	0.0118233	0.317867	2.91678
144	0.0101161	0.0375611	0.0994768	0	0.0118233	0.311288	2.91678
145	0.0101161	0.0364219	0.095638	0	0.0118233	0.296185	2.03085
146	0.0101161	0.0357392	0.0951305	0	0.0127837	0.307279	2.31763
147	0.0101161	0.0342956	0.0935673	0	0.0110336	0.295054	1.88531
148	0.0102318	0.0323341	0.0907343	0	0.0103205	0.291815	1.68576
149	0.0101241	0.0313488	0.087814	0	0.0111456	0.279701	1.35804
150	0.0101241	0.0309802	0.0881824	0	0.0143749	0.274015	1.41817
151	0.0101241	0.0309393	0.087814	0	0.0111456	0.294638	1.3182
152	0.0100616	0.0301662	0.0807369	0	0.0111456	0.297174	1.3182
153	0.0100616	0.0301143	0.0857578	0	0.0143749	0.291354	1.41817
154	0.0100616	0.029701	0.0807369	0	0.0159858	0.323189	1.41817
155	0.0100616	0.0298754	0.0862214	0	0.0177755	0.359426	1.88531
156	0.0100616	0.0293668	0.0862214	0	0.028728	0.385955	2.90116
157	0.0100616	0.0298268	0.087814	0	0.0141015	0.405249	3.71624
158	0.0100616	0.0299696	0.087814	0	0.0141015	0.412207	3.42983
159	0.0100616	0.029822	0.087814	0	0.018786	0.405774	4.62132
160	0.0100616	0.0297425	0.08912	0	0.0311037	0.380867	4.62132
161	0.0100616	0.030161	0.0923208	0	0.0309285	0.315643	2.31763
162	0.0100616	0.0307405	0.0995164	0	0.0309285	0.285696	2.15286
163	0.0100616	0.0319218	0.118318	0	0.0258229	0.269455	2.15286
164	0.0100616	0.0336218	0.146898	0	0.0133329	0.250888	1.20075
165	0.0100616	0.035951	0.159072	0	0.0133252	0.244582	1.06869
166	0.0100616	0.040268	0.204609	0	0.0205834	0.240208	1.41452
167	0.0101241	0.0452908	0.23906	0	0.0228734	0.230951	1.19239
168	0.0100616	0.0585471	0.32723	0	0.0249225	0.224435	1.12507
169	0.0101954	0.081309	0.479431	0.00149925	0.0249225	0.219661	1.12507
170	0.0166584	0.141589	0.822866	0.0104948	0.0249225	0.209735	1.13226
171	0.0209418	0.14874	0.780054	0.00749625	0.0249225	0.210724	1.06072
172	0.0379855	0.211681	0.68221	0.017991	0.023849	0.210912	1.17662
173	0.038623	0.208299	0.68221	0.017991	0.0249225	0.206331	1.13226
174	0.038623	0.207436	0.68221	0.017991	0.0249225	0.201933	1.06072
175	0.0407867	0.211483	0.810273	0.023988	0.023849	0.205068	1.12507
176	0.0396232	0.210122	0.810273	0.023988	0.0214386	0.207957	1.03177
177	0.0209923	0.165076	0.705978	0.0194903	0.0214386	0.203768	1.09531
178	0.0188076	0.149074	0.692868	0.0194903	0.0214386	0.204439	1.10798
179	0.011002	0.0808581	0.494905	0.00449775	0.0214386	0.210006	1.42728
180	0.0101191	0.060956	0.27094	0	0.0214386	0.210821	1.22476
181	0.0101191	0.0546612	0.202225	0	0.0214386	0.218431	1.42728
182	0.0101191	0.052639	0.184714	0	0.0133329	0.234665	1.22476
183	0.0101505	0.0515684	0.171032	0	0.0133329	0.240192	1.43895
184	0.0105364	0.0493409	0.165523	0	0.0133329	0.236993	1.92348
185	0.0105364	0.0479277	0.161185	0	0.0133329	0.226932	1.43895
186	0.0101191	0.0462113	0.15249	0	0.0135975	0.19846	0.900147
187	0.0106162	0.0439303	0.14878	0	0.0149918	0.184633	0.768698
188	0.0105364	0.0434493	0.143129	0	0.01425	0.173743	0.61764
189	0.0105364	0.0443585	0.145834	0	0.0149918	0.164698	0.61764
190	0.0105364	0.044736	0.143129	0	0.0149918	0.162689	0.606925
191	0.0105364	0.0442709	0.140554	0	0.0174169	0.160742	0.661031
192	0.0105364	0.0447194	0.14072	0	0.0174169	0.161546	0.620786
193	0.0105364	0.0449822	0.140554	0	0.0174169	0.163674	0.661031
194	0.0101191	0.0465257	0.147733	0	0.0152616	0.164821	0.606925
195	0.011002	0.0483545	0.165523	0	0.0151252	0.167367	0.620786
196	0.0101191	0.0510584	0.162494	0	0.01425	0.169754	0.606925
197	0.0110172	0.0554922	0.195401	0	0.01425	0.177694	0.689872
198	0.0106431	0.0554153	0.182126	0	0.01425	0.187942	0.740098
199	0.0110172	0.0561306	0.198335	0	0.01425	0.187444	0.718918
200	0.0106431	0.0570451	0.206799	0	0.01425	0.176338	0.728499
201	0.0107119	0.059438	0.24617	0.00149925	0.01425	0.179225	0.604282
202	0.0106431	0.0712119	0.497744	0.0149925	0.0154825	0.178144	0.598224
203	0.0172757	0.14409	2.51416	0.112444	0.0154825	0.178143	0.598224
204	0.0102226	0.0609762	0.302964	0	0.0167512	0.180182	0.615154
205	0.0107132	0.0536157	0.196642	0	0.0167512	0.184431	0.615154
206	0.0100614	0.0526475	0.170577	0	0.0176654	0.185933	0.740098
207	0.0107132	0.0509247	0.172511	0	0.0174169	0.181047	0.76003
208	0.0102226	0.0506752	0.172511	0	0.0167512	0.180215	0.76003
209	0.0107132	0.0519379	0.196642	0.005997	0.0176654	0.18236	0.828547
210	0.0102053	0.0438971	0.151304	0	0.0176654	0.176682	0.814296
211	0.0102053	0.0396249	0.130679	0	0.0174169	0.187239	0.866241
212	0.0102053	0.0372384	0.125598	0	0.0167512	0.198374	0.957825
213	0.0102053	0.0355997	0.116168	0	0.0167512	0.197076	0.957825
214	0.0102053	0.0339747	0.111387	0	0.0211131	0.187212	0.957825
215	0.0102053	0.0328907	0.111387	0	0.0256372	0.192336	0.957825
216	0.0102053	0.0315693	0.108437	0	0.0256372	0.195942	0.957825
217	0.0102053	0.0310772	0.103781	0	0.0256372	0.203707	0.964674
218	0.0102053	0.0301394	0.0932017	0	0.0267373	0.212151	0.964674
219	0.0102053	0.0293152	0.0897965	0	0.0267373	0.212723	0.964674
220	0.0102053	0.0285702	0.0847995	0	0.0243086	0.216407	0.964674
221	0.0102053	0.0283312	0.0803674	0	0.0243086	0.223156	1.42882
222	0.0102053	0.0280048	0.0794474	0	0.0226166	0.234053	1.75557
223	0.0102053	0.0275159	0.0751282	0	0.0267373	0.252576	2.57466
224	0.0102053	0.0271428	0.0742846	0	0.0272845	0.251796	2.59228
225	0.0102053	0.026815	0.0726974	0	0.0291838	0.241773	2.59228
226	0.0102053	0.0263476	0.0725793	0	0.0267373	0.246987	3.11365
227	0.0102053	0.0264865	0.0725793	0	0.0159926	0.238362	2.03079
228	0.0102053	0.0264949	0.0726974	0	0.0110089	0.221774	1.2991
229	0.0102053	0.0265657	0.0726974	0	0.01187	0.219108	1.5264
230	0.0102053	0.0268917	0.0735184	0	0.01187	0.217731	1.49542
231	0.0102053	0.0270492	0.0738194	0	0.011994	0.212847	1.52296
232	0.0102053	0.0270995	0.0751282	0	0.011994	0.185315	1.10977
233	0.0102053	0.0270693	0.0751282	0	0.0108644	0.167755	0.964674
234	0.0102053	0.026985	0.0751282	0	0.0108644	0.165729	0.964674
235	0.0102053	0.0269189	0.0735184	0	0.0101594	0.158245	0.796176
236	0.0102053	0.0271274	0.0751282	0	0.0104439	0.155859	0.796176
237	0.0102053	0.0272849	0.0754861	0	0.0108644	0.156969	0.940244
238	0.0102053	0.0275688	0.0760844	0	0.0104439	0.148802	0.795099
239	0.0102053	0.0280299	0.0777667	0	0.013707	0.142317	0.964674
240	0.0102053	0.0275534	0.0754861	0	0.013707	0.143219	0.889574
241	0.0102037	0.0271041	0.0751282	0	0.0138174	0.144686	0.940244
242	0.0102037	0.0268557	0.0738194	0	0.013707	0.142576	0.795099
243	0.0102037	0.0266505	0.0751282	0	0.013707	0.143698	0.857568
244	0.0102037	0.0267726	0.0751282	0	0.013707	0.14186	0.77792
245	0.0102037	0.0267099	0.0751282	0	0.0138174	0.13588	0.77792
246	0.0102037	0.0268601	0.0735184	0	0.0146502	0.132071	0.795099
247	0.0102037	0.0270184	0.0738194	0	0.0146502	0.129189	0.795099
248	0.0102037	0.0274601	0.0777667	0	0.0134867	0.128982	0.702137
249	0.0102037	0.0272567	0.0771655	0	0.0127685	0.127458	0.702137
250	0.0102053	0.0271464	0.0754861	0	0.0134867	0.124848	0.727582
251	0.0102037	0.0270386	0.0729972	0	0.0134867	0.124764	0.702137
252	0.0102037	0.0272888	0.0760844	0	0.013707	0.125466	0.742164
253	0.0102037	0.0275099	0.0760844	0	0.013707	0.131972	0.76003
254	0.0102037	0.0278705	0.0777667	0	0.013707	0.133695	0.770961
255	0.0102037	0.0286957	0.0941247	0	0.0134867	0.136095	0.795099
256	0.0102053	0.0310601	0.12569	0	0.0134867	0.13598	0.832343
257	0.0102037	0.0345767	0.217854	0	0.0134867	0.137915	0.832343
258	0.0102037	0.0400155	0.31623	0	0.0141655	0.147593	1.02781
259	0.0121763	0.0496289	0.450801	0	0.0138174	0.159122	1.17616
260	0.0116111	0.0720178	0.485585	0	0.0135187	0.169099	1.25826
261	0.0122401	0.0748802	0.485203	0	0.0135187	0.171658	1.25826
262	0.0125761	0.0804497	0.485585	0	0.0139491	0.173504	1.06071
263	0.0122401	0.0907208	0.500801	0	0.0151756	0.172205	1.06071
264	0.0135325	0.125734	0.589152	0.00449775	0.0152936	0.17077	1.06071
265	0.0685339	0.375653	1.94145	0.065967	0.0151756	0.176873	1.02781
266	0.0703104	0.307035	0.80738	0.0089955	0.0151756	0.177536	1.06071
267	0.0731104	0.30259	0.801981	0.00149925	0.0135187	0.174259	1.02763
268	0.08771	0.308651	0.801981	0	0.0138545	0.157643	0.762324
269	0.109596	0.330032	0.801981	0	0.0152785	0.153602	0.795099
270	0.109596	0.332377	0.80738	0	0.0152785	0.147337	0.702137
271	0.109596	0.337365	0.80738	0	0.0152785	0.147163	0.708891
272	0.151374	0.364184	0.855073	0.00149925	0.0152785	0.141028	0.702137
273	0.160099	0.370434	0.855073	0.00149925	0.0152785	0.137721	0.708891
274	0.171495	0.372726	0.855073	0	0.0114738	0.132456	0.574943
275	0.217797	0.398346	0.849153	0	0.0108644	0.124946	0.561472
276	0.209373	0.403378	0.801981	0.00149925	0.0114738	0.116545	0.574943
277	0.209373	0.403043	0.801981	0.00149925	0.010118	0.112575	0.488073
278	0.209373	0.403354	0.801981	0.00149925	0.010118	0.112719	0.501968
279	0.217854	0.409515	0.855073	0.005997	0.010118	0.122248	0.53575
280	0.217854	0.411129	0.942222	0.00749625	0.010118	0.125567	0.557921
281	0.217854	0.433314	0.938982	0.0194903	0.010118	0.124158	0.542645
282	0.244339	0.468961	0.946545	0.023988	0.010118	0.122902	0.557921
283	0.244339	0.478527	0.98342	0.0329835	0.010118	0.117655	0.522161
284	0.244339	0.489147	1.01464	0.0434783	0.010118	0.116097	0.522161
285	0.240511	0.48915	1.01464	0.0434783	0.010118	0.113041	0.509864
286	0.267378	0.488539	1.15785	0.0449775	0.0101379	0.114121	0.509864
287	0.255852	0.500491	1.15542	0.0524738	0.0101379	0.114693	0.53575
288	0.214215	0.464038	1.53028	0.0569715	0.0101379	0.111613	0.525942
289	0.174117	0.471908	2.87575	0.0764618	0.0101379	0.104561	0.46731
290	0.0104053	0.101611	0.682102	0.0029985	0.0102071	0.103304	0.469138
291	0.0102632	0.0558355	0.502053	0	0.0105258	0.101798	0.471897
292	0.0104053	0.0420072	0.391453	0	0.0101379	0.0982811	0.430293
293	0.0102536	0.0364605	0.174117	0	0.0101379	0.0972229	0.431315
294	0.0102536	0.0339392	0.103579	0	0.0101379	0.0935058	0.430293
295	0.0104053	0.0333884	0.101595	0	0.0101379	0.0913962	0.452364
296	0.0102632	0.0334185	0.0997479	0	0.0101379	0.0901412	0.452364
297	0.0104053	0.0341198	0.101595	0	0.0101379	0.0873258	0.442898
298	0.0104053	0.0349492	0.107801	0	0.0104991	0.0839085	0.417796
299	0.0104053	0.0371511	0.127374	0	0.0101379	0.0833375	0.407061
300	0.0104053	0.0397137	0.14093	0	0.0100858	0.0814398	0.415624
301	0.0104053	0.0451337	0.174528	0	0.0100858	0.0816083	0.458736
302	0.0108108	0.0547639	0.239843	0	0.0100417	0.0776263	0.442898
303	0.01111	0.0547561	0.227903	0	0.0100417	0.0742323	0.413168
304	0.0126647	0.0550282	0.239237	0	0.0100417	0.0735094	0.407061
305	0.0126647	0.05619	0.239237	0	0.0100417	0.0723424	0.400552
306	0.0126647	0.0575799	0.239237	0	0.0100417	0.0726676	0.400552
307	0.0153372	0.0641288	0.294716	0	0.0100417	0.0718438	0.406897
308	0.0171412	0.0655541	0.304966	0	0.0100417	0.0723346	0.422726
309	0.0171412	0.0662266	0.301011	0	0.0100417	0.071766	0.455626
310	0.0155902	0.0663494	0.294716	0	0.0100417	0.0720834	0.469138
311	0.0153372	0.0681662	0.310578	0	0.0100417	0.0733233	0.488073
312	0.0101486	0.0502287	0.188673	0	0.0100858	0.0813145	0.648645
313	0.0105079	0.043257	0.167316	0	0.0101379	0.0771093	0.63673
314	0.0101248	0.0390321	0.124349	0	0.0101379	0.077295	0.648645
315	0.0105079	0.0379366	0.124769	0	0.0100417	0.0787868	0.806257
316	0.0101486	0.0365705	0.109188	0	0.0100417	0.0767583	0.730424
317	0.0101486	0.0353262	0.103208	0	0.0100417	0.0792899	0.806257
318	0.0100322	0.0342083	0.0976972	0	0.0101379	0.0784149	0.827466
319	0.0101443	0.0328515	0.0921141	0	0.0100417	0.0760123	0.702138
320	0.0101486	0.0322463	0.089274	0	0.0100417	0.0765038	0.730424
321	0.0101443	0.031638	0.0876663	0	0.0100417	0.0775106	0.761617
322	0.0100322	0.0316144	0.0876663	0	0.0101379	0.0788075	0.827466
323	0.01001	0.0310202	0.0856977	0	0.0100417	0.08168	1.1186
324	0.01001	0.0307208	0.0827716	0	0.0100417	0.0806292	0.894313
325	0.01001	0.0305343	0.0841432	0	0.0100417	0.0815747	0.894313
326	0.01001	0.0307158	0.0827716	0	0.0100417	0.0883791	1.64419
327	0.01001	0.0307423	0.0867069	0	0.0100417	0.0847856	1.1186
328	0.01001	0.0306886	0.0827716	0	0.0100417	0.0861367	1.46506
329	0.01001	0.0310849	0.0876663	0	0.0100417	0.0801922	0.915293
330	0.01001	0.0305652	0.0823898	0	0.0100417	0.0797834	0.925863
331	0.01001	0.030659	0.0819602	0	0.0101379	0.080514	1.04002
332	0.01001	0.030456	0.0807878	0	0.0100417	0.0813733	1.04002
333	0.01001	0.0306402	0.0820451	0	0.0100417	0.0781237	0.925863
334	0.01001	0.0305054	0.0823898	0	0.0101379	0.0786946	1.08259
335	0.01001	0.0299177	0.0823898	0	0.0100417	0.0807971	1.33476
336	0.01001	0.0302401	0.0876663	0	0.0101379	0.077106	1.25544
337	0.01001	0.0308609	0.0897878	0	0.0101379	0.0733958	1.08259
338	0.01001	0.0314999	0.0908136	0	0.0101379	0.0759917	1.25544
339	0.01001	0.031796	0.0937588	0	0.0100417	0.0743496	1.06858
340	0.0100674	0.0320979	0.0951791	0	0.0100417	0.0716986	0.786262
341	0.0100674	0.0328067	0.0968083	0	0.0101379	0.0718656	0.915293
342	0.0101443	0.0333069	0.101211	0	0.0101379	0.0704	0.915293
343	0.0100792	0.0341045	0.10213	0	0.0100417	0.0709549	0.925863
344	0.0101443	0.0347249	0.105795	0	0.0101379	0.0698215	0.925863
345	0.0100674	0.0356901	0.105795	0	0.0101379	0.0750167	1.33476
346	0.0100674	0.0368477	0.110043	0	0.0101379	0.0815739	1.60765
347	0.0105821	0.0392085	0.131335	0	0.0101379	0.0893914	3.21738
348	0.0101443	0.0416211	0.133836	0	0.0101379	0.111616	8.80319
349	0.0101443	0.0423484	0.133836	0	0.0101379	0.127572	29.526
350	0.0100792	0.0437031	0.143781	0	0.0101379	0.15598	40.6644
351	0.0105821	0.0429387	0.144947	0	0.0101379	0.156921	29.526
352	0.0105821	0.0425085	0.144947	0	0.0101379	0.14916	17.1417
353	0.0101763	0.0422885	0.133836	0	0.0101379	0.146778	13.3955
354	0.0102323	0.0414237	0.133836	0	0.0101379	0.139358	9.85228
355	0.0102323	0.0405988	0.133178	0	0.0101379	0.134965	8.80319
356	0.0102323	0.0401815	0.133178	0	0.0101379	0.148916	9.85228
357	0.0105821	0.0408034	0.145914	0	0.0102198	0.176989	16.359
358	0.0101763	0.0406437	0.133836	0
