		omega		Posterior		rho				Synonymous theta			kappa			phi	
Site	Lower	Point	Higher	prob of +ve	Lower	Point	Higher		Lower	Point	Higher	Lower	Point	Higher	Lower	Point	Higher
	95% HPD	estimate	95% HPD	selection	95% HPD	estimate	95% HPD		95% HPD	estimate	95% HPD	95% HPD	estimate	95% HPD	95% HPD	estimate	95% HPD
0	0.0100927	0.0496108	0.378827	0.0104948	0.0109643	0.362842	24.317		0.0501132	0.0644837	0.0817106	2.60198	4.25297	7.1573	0	0	0
1	0.0104056	0.0475604	0.378827	0.005997	0.0109643	0.300136	24.317
2	0.010009	0.0457628	0.260198	0.00449775	0.0108952	0.258189	21.7665
3	0.0100147	0.0451577	0.236526	0.0029985	0.0103095	0.219514	19.57
4	0.0100147	0.0451255	0.215211	0.0029985	0.0103095	0.202498	12.9328
5	0.0103559	0.0446193	0.215211	0.00449775	0.0103095	0.183105	9.6649
6	0.0103559	0.0443355	0.21017	0.00149925	0.0103095	0.174596	8.02633
7	0.0103559	0.0446482	0.211379	0.00149925	0.0109643	0.153749	4.77213
8	0.0102561	0.0451822	0.211379	0	0.010426	0.143752	2.61017
9	0.0100927	0.0455032	0.203799	0	0.0109643	0.13234	1.47053
10	0.0100147	0.0452653	0.19764	0	0.0109643	0.129128	1.4358
11	0.0103559	0.0460829	0.21017	0	0.010426	0.11887	1.06577
12	0.010007	0.0464463	0.203799	0	0.010426	0.111883	0.951892
13	0.010007	0.0462064	0.203799	0	0.0102478	0.114181	1.03726
14	0.0102561	0.0466282	0.211379	0	0.010426	0.112863	0.951892
15	0.0103853	0.0470185	0.215592	0	0.0102478	0.10907	0.913139
16	0.0100927	0.0483287	0.215592	0	0.0105569	0.107621	0.959565
17	0.0100927	0.0493692	0.216971	0.00149925	0.0105569	0.103814	0.951892
18	0.010007	0.0504166	0.215592	0	0.0102478	0.103481	0.894638
19	0.0100927	0.0510305	0.216971	0	0.0102478	0.104161	0.951892
20	0.0103559	0.0528445	0.241212	0	0.0102478	0.101285	1.03726
21	0.0103559	0.0558062	0.257066	0.00149925	0.0105569	0.101481	1.24844
22	0.0103853	0.0574251	0.260198	0.00149925	0.010263	0.103553	1.39527
23	0.010007	0.0603731	0.260198	0.0029985	0.0102478	0.109814	1.54891
24	0.010007	0.0607792	0.260198	0.0029985	0.010263	0.105412	1.7181
25	0.0103048	0.0621693	0.314788	0.00149925	0.0102478	0.104263	1.47053
26	0.010007	0.0644556	0.328576	0.0029985	0.0102478	0.102527	1.58083
27	0.010007	0.0663832	0.340454	0.00149925	0.0102478	0.0992203	1.39366
28	0.010007	0.0687933	0.350777	0.00149925	0.0102478	0.0928971	1.24844
29	0.0103048	0.074968	0.406178	0.00749625	0.0102478	0.090271	0.959565
30	0.0103048	0.0797434	0.40503	0.005997	0.0102478	0.0913892	1.1526
31	0.0100401	0.0854258	0.410589	0.00749625	0.0102478	0.0958167	1.39366
32	0.0100401	0.0953544	0.479098	0.0104948	0.010263	0.102426	3.25199
33	0.0136896	0.10513	0.687778	0.0089955	0.0103406	0.109883	5.26787
34	0.0141661	0.113922	0.750167	0.0089955	0.0102478	0.120684	8.03919
35	0.0145655	0.120057	0.774223	0.0104948	0.0102478	0.125686	7.39273
36	0.0240705	0.136156	1.01947	0.0134933	0.0103406	0.141788	14.4528
37	0.0277434	0.136324	1.01947	0.011994	0.0102478	0.149169	14.4528
38	0.0257214	0.137626	1.01738	0.011994	0.0103406	0.160822	22.4096
39	0.0277434	0.13892	1.01738	0.0134933	0.0105737	0.185454	27.8069
40	0.0277434	0.141013	1.1204	0.0194903	0.0103406	0.207962	33.5373
41	0.0198812	0.154534	1.1204	0.041979	0.0103406	0.211217	33.5373
42	0.027786	0.16813	1.68932	0.0644678	0.0129957	0.22092	54.9659
43	0.0205572	0.141791	0.989222	0.0329835	0.0129957	0.227854	57.144
44	0.0155461	0.118591	0.766869	0.0224888	0.0106294	0.232928	47.1851
45	0.0155461	0.108743	0.667911	0.0134933	0.010292	0.218826	33.5373
46	0.0155461	0.103417	0.611792	0.011994	0.0106294	0.229264	33.5373
47	0.0141647	0.0970002	0.530627	0.00749625	0.010292	0.190806	22.4096
48	0.0116553	0.0922887	0.427543	0.00449775	0.010292	0.171222	14.951
49	0.0135736	0.088496	0.427543	0.0029985	0.0104292	0.153957	13.0444
50	0.0116751	0.0857054	0.400656	0.0029985	0.0105011	0.151943	13.0444
51	0.0110374	0.0815473	0.339196	0.0029985	0.010292	0.149224	11.4352
52	0.0106625	0.078972	0.321524	0.0029985	0.010292	0.149504	10.1388
53	0.0116553	0.0765657	0.331414	0.00149925	0.0101816	0.151497	9.31644
54	0.0116553	0.0751027	0.316151	0.00149925	0.010292	0.148962	9.31644
55	0.0106625	0.0745405	0.268663	0	0.0101816	0.143882	6.21681
56	0.0106625	0.0719159	0.262643	0	0.0101816	0.143147	4.60395
57	0.0106625	0.0695853	0.262643	0	0.0101816	0.134618	3.81834
58	0.0116751	0.071685	0.331414	0	0.0101816	0.114607	1.09878
59	0.0106625	0.0747455	0.316323	0.0029985	0.0102793	0.111792	1.07079
60	0.0106625	0.0734728	0.309276	0	0.0101816	0.101912	0.842126
61	0.0116751	0.0725788	0.334417	0.00149925	0.010292	0.101027	0.912611
62	0.0141174	0.0730013	0.410651	0.00149925	0.0101816	0.100588	0.842126
63	0.0106625	0.0742095	0.317231	0.00149925	0.0101816	0.101109	0.860103
64	0.0140824	0.0745408	0.407635	0.00149925	0.0101816	0.101216	0.831902
65	0.0106625	0.0761531	0.334417	0.00749625	0.0101816	0.104041	0.831902
66	0.0140824	0.0756838	0.407396	0.005997	0.0105456	0.101784	0.831902
67	0.0140824	0.075709	0.407396	0.00449775	0.0117748	0.111001	1.109
68	0.0130668	0.0753917	0.392766	0.0029985	0.0113643	0.117631	1.18966
69	0.0104568	0.0723391	0.310155	0.0029985	0.0109833	0.117229	1.15127
70	0.0119517	0.0705873	0.331414	0.0029985	0.0109833	0.121234	1.18966
71	0.0140824	0.0682931	0.334417	0.0029985	0.0105456	0.13462	1.7321
72	0.0140824	0.0658242	0.334417	0	0.0105456	0.139733	1.7321
73	0.0104568	0.0640928	0.25695	0	0.0105456	0.141917	1.7321
74	0.0100018	0.0626469	0.231475	0	0.0105456	0.139318	1.72169
75	0.0104568	0.0622216	0.231475	0	0.0113643	0.130887	1.41951
76	0.0124828	0.0612021	0.268663	0	0.0113643	0.129014	1.3765
77	0.0104568	0.0607554	0.231475	0	0.0113643	0.130304	1.3765
78	0.0104568	0.0602514	0.231475	0	0.0105456	0.132098	1.3765
79	0.0100546	0.0624071	0.231475	0.005997	0.0104698	0.127823	1.35098
80	0.0104568	0.0601093	0.230038	0	0.0104698	0.12566	1.35098
81	0.0105177	0.0598394	0.234179	0	0.0104698	0.128618	1.35098
82	0.0104568	0.0596757	0.231475	0	0.0101976	0.133574	1.7321
83	0.0104568	0.0598423	0.231475	0	0.0101976	0.13594	1.95053
84	0.0106625	0.0597009	0.234179	0	0.0101976	0.137068	2.25971
85	0.0104568	0.0599002	0.231475	0	0.0101976	0.13296	2.14891
86	0.0105562	0.0598672	0.234179	0	0.0101976	0.131201	1.86391
87	0.0104568	0.0602749	0.234179	0	0.0104418	0.130885	1.73667
88	0.0106625	0.0600461	0.230038	0	0.0101976	0.124729	1.51072
89	0.0100546	0.0598962	0.215211	0	0.0101976	0.123262	1.41951
90	0.0100546	0.0603619	0.224148	0	0.0104418	0.119169	1.3765
91	0.0100546	0.0604755	0.224148	0	0.0104418	0.121754	1.41951
92	0.0100546	0.0618173	0.225866	0	0.0104418	0.128279	1.7321
93	0.0100546	0.06259	0.232844	0	0.0105456	0.127447	2.34722
94	0.0100546	0.0636984	0.232888	0	0.0104418	0.128869	2.71299
95	0.0100546	0.0637659	0.231917	0	0.0105456	0.133116	3.23556
96	0.0102679	0.0638866	0.234179	0	0.0109958	0.144496	13.8273
97	0.0102679	0.0647947	0.234179	0	0.0105456	0.165813	22.876
98	0.0106625	0.0662271	0.251593	0	0.0105456	0.183284	31.7947
99	0.0105184	0.0686342	0.261301	0	0.0105456	0.199116	33.1027
100	0.0102679	0.0715036	0.268644	0.00149925	0.0105268	0.205603	31.7947
101	0.0115768	0.07517	0.328022	0.0029985	0.0105268	0.238006	39.3648
102	0.0118256	0.0724366	0.328022	0.00149925	0.0105268	0.253019	55.8058
103	0.010188	0.0690253	0.268644	0	0.0107319	0.228114	43.4689
104	0.0100918	0.0674627	0.260202	0.00149925	0.0105268	0.243977	43.4689
105	0.0119556	0.065858	0.275	0.00149925	0.0106173	0.250366	62.5549
106	0.0119556	0.0649311	0.275	0	0.0104645	0.24145	54.0303
107	0.0119556	0.0648033	0.275	0.00149925	0.010392	0.248506	43.4689
108	0.0122737	0.063124	0.275	0	0.0104645	0.245779	55.8058
109	0.0115768	0.0631472	0.251926	0	0.0104645	0.255646	54.0549
110	0.0100062	0.0616122	0.221899	0	0.010392	0.202926	27.9329
111	0.0100918	0.0623477	0.234179	0.00149925	0.010392	0.196325	16.6818
112	0.0110592	0.0630175	0.268644	0.0029985	0.0104645	0.187498	14.2497
113	0.0102679	0.062923	0.257686	0.0029985	0.0104645	0.185342	7.3934
114	0.0100918	0.0631719	0.257686	0.0029985	0.0104645	0.192002	10.3011
115	0.0100062	0.0642956	0.27303	0.00149925	0.0104645	0.202616	10.8085
116	0.0102679	0.0648861	0.302061	0	0.0104645	0.212895	10.3011
117	0.0100062	0.0648772	0.272637	0	0.0103759	0.221611	11.0265
118	0.0100062	0.0646309	0.264318	0	0.0103759	0.241383	13.4725
119	0.0100062	0.0669188	0.292057	0	0.0101458	0.237106	11.0265
120	0.0100062	0.0677382	0.309157	0.00149925	0.0104645	0.237538	10.0866
121	0.0100918	0.068961	0.341498	0.00749625	0.0104645	0.227751	9.09143
122	0.010188	0.062838	0.292812	0.0029985	0.0103759	0.220859	7.29687
123	0.010188	0.0609554	0.264318	0.0029985	0.0103759	0.222707	9.09143
124	0.0100918	0.0581537	0.264318	0.0029985	0.0103759	0.212289	10.0123
125	0.0100918	0.0548568	0.264318	0.0029985	0.0101458	0.192686	9.09143
126	0.0100062	0.0534136	0.243014	0.00149925	0.0101458	0.178938	6.74143
127	0.0100062	0.0515637	0.239827	0	0.0101458	0.1717	6.74143
128	0.0100062	0.0494116	0.212813	0	0.0101458	0.176677	6.27636
129	0.0100062	0.0485815	0.219866	0	0.0101458	0.161175	5.7703
130	0.0100062	0.0475071	0.204003	0	0.0101458	0.177392	6.1242
131	0.0100062	0.0459459	0.204003	0.0029985	0.0101458	0.191806	7.43103
132	0.0100062	0.0436339	0.191343	0	0.0101458	0.191379	7.79437
133	0.0103064	0.0429846	0.195996	0	0.0101458	0.16075	7.62903
134	0.0100541	0.0424096	0.185132	0	0.0101458	0.143335	8.80217
135	0.0100062	0.0417429	0.180112	0	0.0102693	0.114807	6.71898
136	0.0103064	0.0397861	0.158001	0.00449775	0.0102693	0.10805	6.71898
137	0.0100062	0.0384681	0.14496	0.00149925	0.0102693	0.0896857	5.39887
138	0.0103064	0.0374571	0.144357	0	0.0101407	0.0775419	3.7131
139	0.0104853	0.0368672	0.14496	0	0.0101407	0.0736477	3.29993
140	0.0104853	0.0367329	0.14496	0	0.0101407	0.0642506	2.71318
141	0.0104853	0.0362925	0.14496	0	0.0101407	0.0522095	1.70374
142	0.0101336	0.0358699	0.139329	0	0.0101407	0.0445046	1.1164
143	0.0100062	0.0356805	0.138175	0	0.0101407	0.0398108	0.556352
144	0.0100062	0.0357586	0.139329	0	0.0100052	0.036513	0.409112
145	0.0100062	0.0354795	0.134645	0	0.0100052	0.0323058	0.249895
146	0.0100062	0.0351249	0.137636	0	0.0101407	0.0305551	0.216438
147	0.0100062	0.0346601	0.138175	0	0.0101407	0.0295835	0.191267
148	0.0100062	0.0349513	0.14496	0	0.0100052	0.029366	0.187899
149	0.0100062	0.0344857	0.138175	0	0.0101458	0.0282056	0.175006
150	0.0100062	0.0341078	0.137636	0	0.0102693	0.0278387	0.176173
151	0.0100062	0.0342744	0.144562	0	0.0102693	0.0271091	0.16563
152	0.0100374	0.0343185	0.144562	0.00149925	0.0102693	0.0266132	0.162829
153	0.0100062	0.0341474	0.156554	0.00149925	0.0102693	0.0260157	0.159202
154	0.0100062	0.0345857	0.156554	0.00149925	0.0100072	0.0253143	0.146329
155	0.0100062	0.0342802	0.141913	0	0.0100072	0.0251573	0.149755
156	0.0100062	0.0337939	0.134323	0	0.0100072	0.0249386	0.146329
157	0.0100062	0.0341676	0.141039	0.00149925	0.0101407	0.0246324	0.146329
158	0.0100062	0.0339781	0.135124	0	0.0101407	0.0243995	0.145569
159	0.0100062	0.0340086	0.137636	0	0.0101458	0.0243254	0.145569
160	0.0100005	0.0327521	0.126995	0	0.0102693	0.024145	0.146329
161	0.0100005	0.0325206	0.122523	0	0.0101458	0.024175	0.145569
162	0.0100005	0.0328039	0.130113	0	0.0102693	0.0240201	0.146329
163	0.0100005	0.0329586	0.131664	0	0.0101407	0.023856	0.146329
164	0.0100005	0.0329893	0.138175	0.00149925	0.0101407	0.0230123	0.132583
165	0.0100005	0.0326631	0.137636	0.00149925	0.0100072	0.0228395	0.122857
166	0.0100005	0.0319182	0.126995	0.00149925	0.0100072	0.0224507	0.113406
167	0.0100005	0.0323327	0.129857	0.00449775	0.0100072	0.0224348	0.113406
168	0.0100005	0.0318211	0.122523	0.0029985	0.0101407	0.0224684	0.120212
169	0.0100005	0.0322024	0.131664	0.0029985	0.0100072	0.0222221	0.110802
170	0.0100005	0.0319584	0.130113	0.0029985	0.0100072	0.0222697	0.106549
171	0.0100005	0.0314985	0.122523	0.0029985	0.0101407	0.0221068	0.106549
172	0.0100005	0.0317744	0.129857	0.0029985	0.0101407	0.0218547	0.105602
173	0.0100005	0.0321209	0.131525	0.0029985	0.0101407	0.0219112	0.106237
174	0.0100005	0.0318477	0.131525	0.0029985	0.0101407	0.0218743	0.105602
175	0.0100005	0.0312594	0.128562	0.0029985	0.0101407	0.0220988	0.106237
176	0.0100005	0.0311543	0.128562	0.00449775	0.0100072	0.0224534	0.116915
177	0.0100005	0.0304391	0.122203	0.00449775	0.0101407	0.0223166	0.111556
178	0.0100005	0.0300347	0.121055	0.00449775	0.0100072	0.0224981	0.116915
179	0.0100005	0.0301828	0.121055	0.00449775	0.0100072	0.0228755	0.120212
180	0.0100005	0.0298494	0.114081	0.00149925	0.0101407	0.0229159	0.120483
181	0.0100005	0.0305665	0.118965	0.00449775	0.0101924	0.0226787	0.120483
182	0.0100005	0.0294282	0.109525	0.00149925	0.0101407	0.0226911	0.120483
183	0.0100005	0.0293621	0.110694	0.00149925	0.0101924	0.0224853	0.120483
184	0.0100005	0.0293925	0.110694	0.00149925	0.0101407	0.0224528	0.129962
185	0.0100005	0.0291845	0.114055	0	0.0100072	0.0223044	0.120483
186	0.0100005	0.0296127	0.114081	0	0.0100072	0.0223334	0.120483
187	0.0100005	0.0298409	0.11587	0	0.0101924	0.0226534	0.133021
188	0.0100005	0.0295593	0.114055	0	0.0100072	0.0227557	0.133021
189	0.0100005	0.0294574	0.110694	0	0.0100072	0.0235028	0.145569
190	0.0100005	0.0293117	0.107997	0	0.0101924	0.0237887	0.145569
191	0.0100005	0.029332	0.107997	0	0.0100072	0.0240775	0.145569
192	0.0100005	0.0293098	0.107997	0	0.0101407	0.0242194	0.145569
193	0.0100005	0.0295901	0.111028	0	0.0101407	0.0242121	0.145569
194	0.0100005	0.0294156	0.110694	0	0.0100072	0.02372	0.140473
195	0.010012	0.0298294	0.11587	0	0.0101924	0.0237706	0.129962
196	0.010012	0.0301472	0.120647	0.00149925	0.0101949	0.0235114	0.121029
197	0.010012	0.0302985	0.120647	0	0.0101365	0.0234579	0.120483
198	0.010012	0.0299926	0.120647	0	0.0101365	0.0230971	0.120212
199	0.010012	0.0305341	0.122295	0	0.0102693	0.023876	0.129962
200	0.010012	0.0309495	0.126995	0	0.0101407	0.0244307	0.129962
201	0.010012	0.0315081	0.130625	0	0.0102693	0.0244003	0.129962
202	0.010012	0.0316611	0.132388	0	0.0102693	0.0241821	0.129962
203	0.010012	0.0320908	0.135126	0	0.0102693	0.024122	0.129962
204	0.010012	0.0322841	0.134896	0	0.0102693	0.0240366	0.129962
205	0.010012	0.0322081	0.136872	0	0.0101407	0.0241621	0.129962
206	0.010012	0.0321604	0.136872	0	0.0102693	0.0244459	0.144633
207	0.010012	0.0326655	0.135126	0	0.0101407	0.0241504	0.129223
208	0.010012	0.0330385	0.1394	0	0.0102693	0.0234895	0.119713
209	0.010012	0.0331343	0.1394	0	0.0102693	0.0235001	0.119329
210	0.010012	0.0330376	0.136872	0	0.0100166	0.0230322	0.106549
211	0.010012	0.0334266	0.142272	0	0.0101407	0.0232522	0.111939
212	0.010012	0.0335637	0.142503	0	0.0100166	0.0234644	0.106549
213	0.010012	0.0338805	0.143464	0	0.0100166	0.0235541	0.106549
214	0.0102069	0.0342053	0.148628	0	0.0100166	0.0235922	0.106549
215	0.010012	0.0344807	0.142778	0	0.0100166	0.0235487	0.106549
216	0.010012	0.0346718	0.142503	0	0.0100166	0.0235179	0.103429
217	0.010012	0.0350202	0.147339	0	0.0100166	0.0237175	0.103429
218	0.010012	0.0361147	0.148391	0	0.0100166	0.0240078	0.106549
219	0.0102069	0.0374195	0.154579	0	0.0100166	0.0243149	0.111773
220	0.010012	0.0382598	0.152564	0.00149925	0.0100947	0.0245464	0.111939
221	0.0102069	0.0393175	0.155813	0.00149925	0.0103006	0.0247732	0.120483
222	0.010012	0.0397432	0.155813	0	0.0103006	0.0248014	0.120483
223	0.010012	0.0403516	0.160869	0	0.0102386	0.0249087	0.120483
224	0.010012	0.0411731	0.16249	0	0.0101407	0.0255159	0.120483
225	0.010012	0.0416669	0.164358	0	0.0101407	0.0256379	0.120483
226	0.010012	0.0425054	0.168712	0	0.0101717	0.0253812	0.120483
227	0.010012	0.0437304	0.170673	0	0.0102386	0.02532	0.120365
228	0.010012	0.0448982	0.181115	0	0.0101407	0.0250481	0.119825
229	0.010012	0.0477966	0.205681	0	0.0100947	0.0251705	0.120365
230	0.010012	0.0484577	0.211777	0	0.0100947	0.0251501	0.120365
231	0.010012	0.0498163	0.211333	0	0.0100251	0.0256754	0.120365
232	0.010012	0.0509306	0.22217	0	0.0100947	0.0260182	0.124235
233	0.010012	0.0530143	0.238043	0	0.0100251	0.0261949	0.124235
234	0.010012	0.0543197	0.240963	0	0.0100251	0.0264256	0.124235
235	0.010012	0.0593769	0.282709	0	0.0100947	0.0264116	0.124235
236	0.010012	0.0626876	0.297879	0	0.0100947	0.0265475	0.126807
237	0.010012	0.0675547	0.339783	0.00149925	0.0101717	0.0269143	0.126807
238	0.0101593	0.0782965	0.3726	0.0089955	0.0101717	0.0272644	0.134372
239	0.0108577	0.0859182	0.526068	0.011994	0.0100251	0.0280365	0.155349
240	0.0106982	0.0963326	0.640229	0.0134933	0.0102266	0.0284584	0.164109
241	0.0101535	0.0935055	0.584709	0.0134933	0.0101717	0.0291578	0.181145
242	0.011084	0.0879972	0.526068	0.0089955	0.0100251	0.0461087	4.98526
243	0.0101535	0.0846012	0.44203	0.0029985	0.0102386	0.0778418	46.4796
244	0.0101535	0.080657	0.3726	0.00149925	0.0100251	0.128143	51.8184
245	0.0106758	0.0793869	0.3726	0	0.0100251	0.202733	62.5386
246	0.0106758	0.0792919	0.3726	0	0.0102694	0.249549	66.883
247	0.0106758	0.0801113	0.3726	0	0.0101633	0.301797	65.5527
248	0.0103203	0.0800115	0.3726	0	0.0107159	0.366706	67.5234
249	0.0103203	0.0807283	0.375128	0	0.0107534	0.416024	67.5234
250	0.0101535	0.0848559	0.387307	0.00149925	0.0111377	0.583718	67.6219
251	0.0101535	0.0872675	0.37305	0.00149925	0.0111377	0.541279	67.5234
252	0.0101535	0.089332	0.397763	0.00149925	0.0123088	0.459813	67.6219
253	0.0101535	0.090159	0.409594	0.00149925	0.010765	0.400071	57.9508
254	0.0103203	0.0932537	0.388918	0.00149925	0.010765	0.309384	56.5901
255	0.0124596	0.097773	0.496062	0.0029985	0.0101802	0.255957	29.257
256	0.0125333	0.102446	0.496062	0.0029985	0.0101802	0.251158	13.7931
257	0.0140211	0.105564	0.526068	0.00149925	0.0101802	0.256996	9.06606
258	0.0136737	0.112136	0.526068	0.0029985	0.0101802	0.241497	5.24391
259	0.0200923	0.119523	0.776931	0.00449775	0.0101802	0.252215	5.24391
260	0.0174478	0.12574	0.646127	0.00449775	0.0101802	0.245708	4.31758
261	0.0244432	0.136187	0.776931	0.00749625	0.0125513	0.209157	3.80901
262	0.0287254	0.147799	0.776931	0.00749625	0.0111377	0.196499	2.54628
263	0.0310601	0.161354	0.771	0.0134933	0.0109297	0.178252	2.25046
264	0.0348081	0.182959	0.862364	0.0224888	0.0111377	0.175111	2.18535
265	0.03541	0.185315	0.862364	0.023988	0.0111377	0.176732	2.18535
266	0.0425973	0.194738	0.851626	0.023988	0.0111377	0.199804	3.42715
267	0.0468837	0.189654	0.862364	0.0209895	0.0124429	0.190781	3.76125
268	0.0517885	0.182562	0.862364	0.0134933	0.0109297	0.181376	2.67315
269	0.0419543	0.173884	0.716611	0.0089955	0.0106794	0.181327	2.65294
270	0.0428948	0.171823	0.716611	0.00449775	0.0106794	0.230265	4.28542
271	0.0517885	0.171772	0.851626	0.00449775	0.0100452	0.245133	10.1535
272	0.0425973	0.17188	0.677754	0.005997	0.0106794	0.2715	18.5999
273	0.0428948	0.168969	0.716611	0.00749625	0.0100452	0.281263	23.0395
274	0.0437695	0.171027	0.716611	0.00749625	0.0100452	0.275865	28.5239
275	0.0425973	0.173967	0.788206	0.011994	0.0106794	0.294535	33.8837
276	0.0419543	0.178259	0.788206	0.0164918	0.0100452	0.347605	35.0702
277	0.0419543	0.181998	0.818938	0.0194903	0.0100452	0.460984	46.8443
278	0.0425973	0.189799	0.788206	0.0269865	0.0129432	0.552777	72.4474
279	0.0412906	0.191724	0.792796	0.029985	0.0124604	0.673507	72.4474
280	0.0525135	0.19992	1.10006	0.0389805	0.0137667	0.934543	77.927
281	0.0525092	0.19827	1.0099	0.035982	0.0119807	1.23041	72.4474
282	0.05054	0.197486	1.0099	0.0374813	0.0121802	1.39124	78.3913
283	0.05054	0.195736	1.0099	0.0374813	0.0100339	1.44618	65.1744
284	0.043859	0.193007	1.0099	0.0404798	0.0100339	1.50345	68.3837
285	0.0339147	0.166908	1.24228	0.0329835	0.0100339	1.51366	68.9969
286	0.0141557	0.136825	0.779028	0.023988	0.0100339	1.60408	68.3837
287	0.0130258	0.123529	0.668779	0.0164918	0.0100339	1.54607	68.9969
288	0.0132275	0.10667	0.515677	0.00149925	0.0100339	1.5103	68.3837
289	0.0132275	0.102609	0.503001	0.00149925	0.0100339	1.39836	67.1172
290	0.0122435	0.0966262	0.44542	0.00149925	0.0100339	1.41925	66.4661
291	0.0114945	0.0954441	0.404962	0.0029985	0.0100339	1.40301	66.4661
292	0.0104718	0.0905164	0.343613	0.00149925	0.0100339	1.31957	65.1744
293	0.0101012	0.0856666	0.316169	0.00149925	0.0100339	1.28964	65.1744
294	0.0104718	0.0796729	0.289723	0.00149925	0.0100339	1.2264	65.1744
295	0.0112861	0.074837	0.267835	0.00149925	0.0100339	1.20079	67.9345
296	0.0112861	0.0742106	0.267835	0.00149925	0.0100339	0.96315	65.6169
297	0.0104718	0.0730136	0.255895	0.00149925	0.0100339	0.738952	49.8653
298	0.011247	0.0711445	0.261192	0.00149925	0.0100339	0.624363	47.575
299	0.0112861	0.0712157	0.267835	0.0029985	0.0100339	0.553497	47.575
300	0.011247	0.0690331	0.253968	0	0.0100339	0.573826	38.9191
301	0.011247	0.0673457	0.245978	0	0.0125552	0.742647	44.729
302	0.011247	0.0667635	0.248774	0	0.0124873	0.755867	40.1809
303	0.011247	0.0647589	0.244891	0	0.0158639	0.661264	55.7217
304	0.011247	0.0650864	0.247892	0	0.0158639	0.558659	57.5626
305	0.011247	0.0646135	0.255895	0.00149925	0.0158639	0.522609	61.4994
306	0.0107507	0.0654547	0.248774	0	0.0125814	0.494018	51.963
307	0.011247	0.066218	0.247892	0	0.0125552	0.429458	51.963
308	0.0105288	0.066498	0.248774	0	0.0158639	0.398552	61.8721
309	0.011247	0.0688824	0.290433	0	0.0114081	0.373199	34.7606
310	0.011247	0.0712223	0.340175	0.005997	0.0114081	0.346113	28.648
311	0.0103041	0.076292	0.398416	0.0209895	0.0124873	0.319389	28.648
312	0.0113913	0.085327	0.792213	0.0374813	0.0125552	0.279599	26.5474
313	0.0111726	0.0800015	0.639996	0.0314843	0.0124873	0.262691	25.1707
314	0.0111692	0.0704623	0.352445	0.017991	0.0124873	0.247282	25.1707
315	0.0111692	0.0650898	0.255895	0.00449775	0.0108268	0.237362	22.2105
316	0.0111692	0.061354	0.247892	0.00149925	0.0120956	0.233967	22.0326
317	0.0111692	0.0581127	0.233339	0.00149925	0.0108268	0.223597	18.2407
318	0.011103	0.0559665	0.231307	0	0.0124873	0.223908	18.0563
319	0.011103	0.0558325	0.231307	0	0.0113115	0.220864	11.3093
320	0.011103	0.0558867	0.231307	0.0029985	0.0105736	0.218694	8.4312
321	0.01015	0.054833	0.216434	0.00149925	0.0105736	0.222495	8.4312
322	0.0105288	0.0543784	0.219974	0.0029985	0.0113115	0.236663	11.6807
323	0.011103	0.0535268	0.22469	0.00149925	0.0105736	0.238796	11.6807
324	0.01015	0.0521827	0.196622	0	0.0105736	0.239898	17.5714
325	0.01015	0.0520778	0.188754	0	0.0105736	0.239561	18.7914
326	0.01015	0.0520754	0.183879	0.00449775	0.0105736	0.226334	14.038
327	0.01015	0.051407	0.180085	0.00149925	0.010292	0.221935	8.79641
328	0.01015	0.0504438	0.176049	0	0.010292	0.204215	3.11149
329	0.01015	0.0502106	0.175532	0.0029985	0.0106917	0.198521	2.52453
330	0.01015	0.0488575	0.16928	0.00149925	0.0131814	0.16582	1.28663
331	0.0102907	0.0481072	0.16928	0	0.017544	0.159806	1.28663
332	0.0102907	0.0481431	0.16928	0	0.015099	0.157552	1.28663
333	0.01015	0.047439	0.167253	0	0.010892	0.160411	0.994457
334	0.01015	0.047441	0.168481	0	0.0117723	0.167739	1.22125
335	0.01015	0.0476902	0.16928	0	0.0103133	0.175789	1.58013
336	0.01015	0.0466891	0.167253	0	0.0106917	0.1834	2.77655
337	0.01015	0.0473248	0.168481	0	0.0106917	0.194586	3.46096
338	0.01015	0.0474767	0.167253	0	0.0106917	0.241788	9.6095
339	0.01015	0.0478063	0.167253	0.00149925	0.0106917	0.276589	13.1216
340	0.01015	0.0482301	0.16928	0	0.0103498	0.28257	13.1216
341	0.01015	0.0484643	0.16928	0	0.0106917	0.317016	15.6284
342	0.0105288	0.0492329	0.175532	0	0.0103498	0.345918	13.1216
343	0.0102907	0.0497845	0.175532	0	0.0106917	0.366483	15.6284
344	0.01015	0.0507224	0.174945	0	0.010892	0.388785	15.6284
345	0.01015	0.0508057	0.175339	0	0.0117723	0.404077	20.4976
346	0.0101794	0.0518038	0.180756	0.0029985	0.0117723	0.47331	26.0341
347	0.01015	0.0519803	0.180656	0.00149925	0.0117723	0.500827	27.0496
348	0.01015	0.0531456	0.190679	0.00149925	0.0163794	0.595145	36.9176
349	0.01015	0.0528866	0.190679	0.00149925	0.0192134	0.666598	44.6168
350	0.01015	0.0536664	0.190679	0	0.0170991	0.869852	43.861
351	0.01015	0.0543041	0.194146	0	0.0130241	0.941744	39.6272
352	0.01015	0.0561577	0.195952	0	0.0130241	0.871745	44.6168
353	0.01015	0.0578271	0.207184	0	0.0119861	0.796136	44.6483
354	0.011103	0.0595079	0.224618	0	0.011207	0.750112	44.6483
355	0.0105288	0.0605708	0.223314	0	0.011207	0.710888	44.6483
356	0.0105288	0.0633014	0.23333	0.0029985	0.010944	0.695628	44.6168
357	0.0101577	0.0638924	0.239897	0.00449775	0.0104287	0.657654	39.6272
358	0.0101577	0.0671069	0.272952	0.0104948	0.0122013	0.637167	44.4579
359	0.0104877	0.0718191	0.305734	0.0104948	0.0126729	0.600556	44.6483
360	0.011103	0.0758585	0.357213	0.011994	0.0126447	0.607732	44.6483
361	0.0112614	0.0811537	0.389621	0.0149925	0.0128899	0.629209	44.6483
362	0.0111901	0.092216	0.504324	0.0284858	0.0122013	0.682987	44.4579
363	0.0112614	0.0831277	0.367316	0.00749625	0.0122013	0.691242	44.4579
364	0.0120142	0.0816079	0.365703	0.00149925	0.0122013	0.692052	44.4579
365	0.0111901	0.0809433	0.328489	0	0.0128899	0.65551	43.861
366	0.0111901	0.0801528	0.328489	0	0.0131454	0.650933	44.0863
367	0.0111901	0.0777063	0.267923	0	0.0132155	0.680907	44.0863
368	0.0111901	0.0763085	0.261604	0	0.0131454	0.700713	44.0863
369	0.01155	0.0771004	0.267923	0	0.0128899	0.735214	44.0863
370	0.0111901	0.0784167	0.266404	0	0.0128899	0.818931	44.0863
371	0.0111901	0.0779586	0.266404	0	0.0132155	0.862527	43.861
372	0.01155	0.0768058	0.267923	0	0.0107379	0.797866	26.6776
373	0.0116921	0.0766718	0.267923	0	0.0107379	0.761266	25.1801
374	0.01155	0.0776519	0.267923	0	0.0104287	0.721939	21.4232
375	0.0111901	0.0811275	0.305734	0.00449775	0.0107379	0.762447	21.4232
376	0.0111901	0.0810113	0.305734	0.00449775	0.0107379	0.777097	22.0963
377	0.0111901	0.0838943	0.328489	0.0089955	0.0145926	0.942745	26.5639
378	0.0111901	0.0842557	0.367316	0.0104948	0.0118221	0.908658	17.6608
379	0.0111901	0.0764934	0.31748	0.0029985	0.0123132	0.858198	14.5995
380	0.0103267	0.0740432	0.267923	0.00149925	0.0118221	0.810569	12.6683
381	0.0103267	0.0718027	0.261987	0.0029985	0.0123132	0.778526	12.6683
382	0.0103267	0.0708397	0.261987	0.0029985	0.01236	0.732446	12.2696
383	0.0111901	0.0710235	0.31748	0.00449775	0.0123132	0.714469	12.2696
384	0.0103267	0.0699265	0.261987	0.00149925	0.0123132	0.632325	12.6683
385	0.0103267	0.0688478	0.261987	0.00149925	0.0111588	0.552953	10.9493
386	0.0106002	0.0669884	0.261987	0.00149925	0.010666	0.522782	10.9493
387	0.0111901	0.065787	0.261987	0	0.0111588	0.519956	12.2696
388	0.0103267	0.0645893	0.234954	0	0.0111588	0.52083	12.2696
389	0.0106363	0.0634873	0.234954	0	0.0105445	0.502153	13.1453
390	0.0106889	0.0629857	0.234954	0	0.0118221	0.468003	15.9844
391	0.0103267	0.065637	0.261604	0.00449775	0.0106054	0.441943	17.5286
392	0.0103267	0.0644812	0.261604	0	0.011748	0.449206	24.6961
393	0.0103267	0.0629965	0.275127	0.0029985	0.011748	0.436786	31.7267
394	0.0111901	0.0619701	0.31748	0.00149925	0.0118221	0.479552	53.7018
395	0.0111901	0.0619475	0.327949	0.00149925	0.0111588	0.490709	50.959
396	0.0111901	0.0626975	0.340427	0.00149925	0.0100364	0.476834	46.5031
397	0.0111901	0.0627096	0.328489	0	0.0104663	0.482801	53.7018
398	0.0111901	0.0651187	0.3735	0.00149925	0.0100364	0.432565	56.7907
399	0.0103267	0.066575	0.383224	0.005997
