		omega		Posterior		rho				Synonymous theta			kappa			phi	
Site	Lower	Point	Higher	prob of +ve	Lower	Point	Higher		Lower	Point	Higher	Lower	Point	Higher	Lower	Point	Higher
	95% HPD	estimate	95% HPD	selection	95% HPD	estimate	95% HPD		95% HPD	estimate	95% HPD	95% HPD	estimate	95% HPD	95% HPD	estimate	95% HPD
0	0.0106335	0.0511399	0.434816	0.0134933	0.0180112	0.786878	88.2982		0.0279763	0.0369541	0.0496203	1.85425	2.95069	4.87928	0	0	0
1	0.0103326	0.0505151	0.337583	0.0104948	0.0180112	0.818684	88.2982
2	0.0105718	0.0484777	0.302744	0.00449775	0.0180112	0.894695	88.2982
3	0.0105473	0.0488374	0.302744	0.005997	0.0177523	0.970307	84.8145
4	0.0105718	0.0488303	0.302744	0.005997	0.0196061	1.01589	89.2123
5	0.0105233	0.0473344	0.282995	0.0029985	0.0209814	1.12764	89.2123
6	0.0101557	0.0472104	0.251103	0.0029985	0.0209814	1.0165	89.2123
7	0.0101557	0.0471561	0.267192	0.00149925	0.0205899	0.884989	89.2123
8	0.0101557	0.0464564	0.251103	0.00149925	0.0219867	0.804103	89.2123
9	0.0101557	0.0459617	0.251103	0.0029985	0.0205899	0.736189	94.2179
10	0.0101661	0.0459233	0.253639	0.00449775	0.0126474	0.62315	42.5273
11	0.0103326	0.046059	0.253639	0.00449775	0.0124438	0.564753	42.5273
12	0.0103326	0.0462927	0.253639	0.00449775	0.0104392	0.54366	42.5273
13	0.0105233	0.0468556	0.271772	0.00449775	0.0117562	0.467427	53.4276
14	0.0105233	0.0482341	0.277413	0.005997	0.0104392	0.310831	34.7825
15	0.0105233	0.0479094	0.271772	0.00449775	0.0104392	0.241929	23.2105
16	0.0105233	0.0467607	0.253639	0.00149925	0.0104392	0.194924	14.2523
17	0.0103326	0.0463564	0.239056	0	0.0108412	0.184823	13.6383
18	0.0101812	0.0461048	0.239645	0	0.011152	0.173673	13.6383
19	0.0101812	0.0463621	0.258811	0	0.0101533	0.155392	10.2767
20	0.0105103	0.0464791	0.271772	0	0.0101533	0.136624	5.34496
21	0.0105103	0.0477543	0.27919	0.00149925	0.0100493	0.119884	3.11358
22	0.0105103	0.0490412	0.27917	0.0029985	0.010031	0.101774	2.586
23	0.0103326	0.0503106	0.282995	0.0029985	0.010031	0.0958771	2.00081
24	0.0103326	0.0512728	0.287949	0.00449775	0.0100171	0.0853771	1.42739
25	0.0101812	0.0519633	0.287949	0.0029985	0.010031	0.0775148	1.00409
26	0.0105103	0.0533355	0.314124	0.005997	0.0100171	0.0732693	0.857477
27	0.0105103	0.0536149	0.310814	0.00749625	0.0100171	0.0684229	0.65064
28	0.0101812	0.0539679	0.287949	0.005997	0.0100171	0.0678667	0.671238
29	0.0103326	0.054118	0.287949	0.005997	0.0100171	0.070293	0.819086
30	0.0101812	0.0544489	0.287949	0.005997	0.0100171	0.0713261	0.921435
31	0.0105103	0.0566499	0.32779	0.005997	0.0100171	0.0689704	0.88208
32	0.0105103	0.0581544	0.441755	0.005997	0.0100171	0.0678296	0.858766
33	0.0105103	0.0599165	0.471009	0.0029985	0.010031	0.0687784	0.88208
34	0.0112741	0.0615569	0.549084	0.0029985	0.0100171	0.0684291	0.865182
35	0.0107474	0.0618458	0.54314	0.00449775	0.010031	0.0696833	0.88208
36	0.0105103	0.0656404	0.544832	0.0029985	0.010031	0.073117	1.02286
37	0.0105103	0.0675809	0.55713	0.0029985	0.010031	0.0753075	1.18804
38	0.0105103	0.0696311	0.613365	0.005997	0.010009	0.0765756	1.18804
39	0.0105103	0.0750056	0.738199	0.0104948	0.010009	0.0794115	1.25138
40	0.0107474	0.0982561	1.15472	0.0524738	0.010009	0.0802314	1.62575
41	0.0112839	0.157148	6.03056	0.13943	0.010009	0.0797178	1.62575
42	0.0108267	0.0822858	0.853114	0.023988	0.010009	0.0798071	1.7573
43	0.0101548	0.0723417	0.668092	0.011994	0.010009	0.0833501	1.9165
44	0.0101548	0.067706	0.550895	0.0104948	0.010009	0.07196	1.18804
45	0.0100332	0.0611664	0.411397	0.0029985	0.010009	0.0716495	1.18804
46	0.0100332	0.0567841	0.335817	0.00149925	0.010009	0.0732883	1.24128
47	0.0103326	0.0542051	0.330558	0.00149925	0.010009	0.07577	1.68736
48	0.0101548	0.0521119	0.294838	0	0.010009	0.0743025	1.7882
49	0.0103326	0.0505265	0.292918	0	0.010009	0.0739504	2.00513
50	0.0100332	0.0486661	0.27917	0	0.010009	0.0731272	2.00513
51	0.0101548	0.0473162	0.287949	0	0.010009	0.0743334	2.00513
52	0.0101548	0.0461192	0.275423	0.00149925	0.0100942	0.0751675	2.05989
53	0.0103326	0.0452241	0.275423	0	0.0102917	0.0754825	2.07358
54	0.0100332	0.044287	0.261201	0	0.0100942	0.0768849	3.01255
55	0.0100332	0.0426952	0.232739	0	0.0100942	0.0772584	3.01255
56	0.0100332	0.0419554	0.211596	0	0.0100942	0.0779163	3.09189
57	0.0101548	0.0411402	0.211596	0.00149925	0.0100365	0.0904081	5.85433
58	0.0101548	0.0408134	0.199514	0.00149925	0.0100365	0.0926659	5.85433
59	0.0101455	0.0407505	0.208601	0.00149925	0.0103896	0.102274	8.0228
60	0.0101455	0.0398653	0.211017	0.00149925	0.0102917	0.104924	5.54026
61	0.0101455	0.0398231	0.197085	0.00149925	0.0102917	0.104964	5.5969
62	0.010104	0.0392052	0.175848	0	0.0102917	0.105983	5.5969
63	0.0101455	0.0394982	0.197085	0.00149925	0.0102917	0.105707	5.54026
64	0.010104	0.0388817	0.18527	0	0.0107698	0.106713	5.5969
65	0.0101455	0.0391192	0.197085	0	0.0107698	0.11256	6.08361
66	0.010104	0.0417778	0.221454	0.0134933	0.0103896	0.114677	6.08361
67	0.010104	0.0392738	0.192572	0.00149925	0.0102917	0.113572	6.08361
68	0.0101455	0.0389473	0.197085	0	0.0100963	0.117632	8.0228
69	0.010104	0.0384053	0.189208	0	0.0102917	0.11779	8.27251
70	0.010104	0.0378292	0.188283	0	0.0100963	0.118449	8.27251
71	0.010104	0.0377599	0.189208	0	0.0102917	0.124206	9.48374
72	0.010104	0.0375505	0.175848	0	0.0102917	0.125357	9.48374
73	0.010104	0.0375604	0.189208	0	0.0102917	0.130321	8.27251
74	0.010104	0.0377981	0.199514	0	0.0102638	0.136576	8.0228
75	0.010552	0.0377441	0.211596	0	0.0102638	0.142671	9.38089
76	0.0103028	0.0380902	0.211596	0.0029985	0.0102638	0.138468	8.54023
77	0.010552	0.039432	0.242909	0.00449775	0.0102638	0.143215	8.54023
78	0.0103028	0.0398607	0.242358	0.0104948	0.0102917	0.141561	8.0228
79	0.0102676	0.0403572	0.242358	0.0089955	0.0103228	0.143257	8.0228
80	0.010104	0.0397233	0.228924	0.00749625	0.0102638	0.145676	9.10822
81	0.0102186	0.0375288	0.191825	0.00149925	0.0102917	0.161484	12.7917
82	0.0102186	0.0369724	0.190353	0	0.0102638	0.158861	10.7521
83	0.010104	0.0367833	0.18275	0	0.0102638	0.144776	7.38759
84	0.0102186	0.0359728	0.133624	0	0.0102917	0.143641	4.52258
85	0.0102186	0.0358612	0.132227	0	0.0102638	0.150117	4.76218
86	0.0102676	0.0360909	0.133624	0	0.0102638	0.159253	5.66212
87	0.010104	0.0366706	0.142448	0	0.0102638	0.170134	7.07007
88	0.010104	0.0367399	0.139695	0	0.0102917	0.171002	8.0228
89	0.0101781	0.0363469	0.132227	0	0.0102638	0.175399	8.38763
90	0.0102186	0.0363863	0.133624	0	0.0103228	0.167792	8.0228
91	0.010552	0.0359053	0.133624	0	0.0102917	0.172583	8.12319
92	0.0101492	0.0354438	0.131674	0	0.011084	0.180478	9.38089
93	0.0101492	0.0349134	0.12771	0	0.0102917	0.178995	8.26035
94	0.010104	0.0348684	0.12771	0	0.0102917	0.175997	7.86998
95	0.010552	0.035167	0.134351	0	0.0102917	0.181378	6.97123
96	0.010085	0.0358819	0.131674	0	0.0102917	0.178521	6.97123
97	0.010085	0.0360237	0.131342	0	0.0100808	0.181908	7.38759
98	0.0101492	0.0359956	0.12771	0	0.0102917	0.22335	9.38089
99	0.0102676	0.0356487	0.12771	0.00149925	0.0103074	0.232242	9.38089
100	0.010104	0.0363113	0.12771	0.0029985	0.0102917	0.277857	10.3439
101	0.010104	0.0368594	0.133624	0.0029985	0.011084	0.301712	12.6408
102	0.010085	0.0376455	0.142448	0.00749625	0.0102183	0.23795	11.3075
103	0.010085	0.0387297	0.163467	0.011994	0.0102917	0.210573	9.38089
104	0.010085	0.0398235	0.190251	0.0149925	0.0102917	0.202331	9.38089
105	0.010085	0.0407624	0.206673	0.0149925	0.0102183	0.194093	9.38089
106	0.010085	0.0402228	0.206673	0.011994	0.0102183	0.188166	10.1287
107	0.010104	0.038539	0.163467	0.0029985	0.0102183	0.18018	10.4709
108	0.010104	0.0384029	0.163467	0.00449775	0.0102183	0.195043	12.643
109	0.010104	0.0383872	0.159453	0.0029985	0.0102183	0.207348	13.1636
110	0.010104	0.0384428	0.159453	0.0029985	0.0102183	0.212063	13.6334
111	0.010104	0.0381538	0.157275	0.00149925	0.0107143	0.227233	16.2588
112	0.010104	0.0385398	0.159453	0.00149925	0.0106151	0.229874	19.774
113	0.0101492	0.0401521	0.190251	0.00149925	0.0106151	0.233321	30.2553
114	0.010104	0.0410313	0.195838	0.0029985	0.0107143	0.229501	31.3689
115	0.010104	0.0409994	0.184652	0.0029985	0.0101033	0.223041	27.7087
116	0.010104	0.0427839	0.195838	0.00749625	0.0101033	0.221027	22.8041
117	0.010104	0.0430596	0.190251	0	0.0101033	0.227095	29.4352
118	0.010104	0.0434679	0.195838	0	0.0101033	0.225292	29.4352
119	0.0101492	0.0434062	0.195838	0	0.0106672	0.197273	13.8943
120	0.0101492	0.0434217	0.202511	0	0.0101033	0.196215	9.34526
121	0.0101492	0.0439999	0.211215	0	0.0101033	0.203033	9.34526
122	0.0101492	0.0444685	0.213839	0	0.0103228	0.196558	7.3881
123	0.0101492	0.0444282	0.214884	0	0.0101033	0.193147	7.27964
124	0.0101492	0.0458227	0.220875	0	0.0103228	0.183601	6.71882
125	0.0105903	0.047489	0.234188	0	0.011084	0.172766	4.81328
126	0.0101492	0.051901	0.253113	0.005997	0.0108173	0.160048	3.12089
127	0.0101492	0.0547832	0.26758	0.00449775	0.0124049	0.150514	2.92357
128	0.0101281	0.0559507	0.26758	0.00449775	0.0124049	0.151727	3.1692
129	0.0101492	0.0579874	0.290823	0.0029985	0.0108173	0.160235	3.12089
130	0.0101281	0.0586733	0.290823	0.0029985	0.0101033	0.180491	4.59529
131	0.0101281	0.0595949	0.3136	0.0029985	0.0101033	0.208101	11.3983
132	0.0101281	0.0656566	0.386118	0.0029985	0.0100734	0.210744	15.7676
133	0.0118592	0.0708233	0.476433	0.0029985	0.0100734	0.199452	9.94719
134	0.0118592	0.079077	0.519891	0.0029985	0.0100734	0.213689	12.0691
135	0.0101281	0.0870654	0.487059	0.0089955	0.0101033	0.206778	9.94719
136	0.0101281	0.0918851	0.514402	0.011994	0.0100734	0.208522	9.94719
137	0.0115019	0.0992361	0.660494	0.0194903	0.0100734	0.237625	11.7708
138	0.012213	0.10828	0.770091	0.0314843	0.0120608	0.283131	17.3785
139	0.0102236	0.120276	0.790955	0.0434783	0.0111078	0.316748	18.7064
140	0.0120987	0.122443	1.01544	0.0449775	0.0120608	0.270963	18.7064
141	0.0128362	0.115749	0.795134	0.0314843	0.0111078	0.263802	14.4952
142	0.0120987	0.109408	0.651088	0.0224888	0.0113927	0.255982	9.92065
143	0.0120987	0.111055	0.752825	0.029985	0.0119048	0.243143	9.06904
144	0.0116075	0.110739	0.654648	0.023988	0.0119048	0.212659	7.04832
145	0.0112391	0.107013	0.52081	0.011994	0.0119048	0.198873	7.04832
146	0.0115019	0.108778	0.549001	0.0134933	0.0117811	0.220763	12.9748
147	0.0164361	0.108231	0.826948	0.0149925	0.0114752	0.18807	12.2923
148	0.0170689	0.110563	0.790955	0.0104948	0.0106346	0.173418	12.9748
149	0.0170689	0.115216	0.790955	0.011994	0.0106346	0.180936	15.6161
150	0.0170689	0.115861	0.818245	0.0104948	0.0111555	0.178961	15.6161
151	0.0170689	0.117782	0.826948	0.0089955	0.0112117	0.158187	12.3532
152	0.0170689	0.119807	0.948042	0.00749625	0.0100734	0.156341	9.53878
153	0.0170689	0.125705	0.964783	0.0164918	0.0100734	0.157518	9.53878
154	0.0170689	0.12948	1.06963	0.023988	0.0105465	0.156628	8.61177
155	0.0170689	0.14043	1.14566	0.0404798	0.0105465	0.154649	5.28183
156	0.0170689	0.159513	1.14566	0.05997	0.0107043	0.153154	5.28183
157	0.0170689	0.187287	1.43082	0.107946	0.0105465	0.158929	8.61177
158	0.0161256	0.244905	2.01347	0.187406	0.0105465	0.164586	12.2923
159	0.0225809	0.388348	2.85569	0.305847	0.0106346	0.173236	15.6161
160	0.0723528	0.655084	4.28756	0.44078	0.0122815	0.202108	40.8602
161	0.0878727	0.667486	4.48146	0.446777	0.0105465	0.203867	37.1803
162	0.0865476	0.669053	4.89898	0.452774	0.0178187	0.235937	58.9885
163	0.0723528	0.674013	4.28756	0.46027	0.0193958	0.26979	58.9885
164	0.0723528	0.679145	4.48146	0.470765	0.0223223	0.313362	58.9885
165	0.0808711	0.735761	4.48146	0.491754	0.0223223	0.318158	63.5401
166	0.156176	0.998704	6.97486	0.575712	0.0234228	0.346896	58.9885
167	0.156176	1.00827	6.75503	0.583208	0.0231174	0.332033	59.9208
168	0.200249	1.2436	7.54835	0.643178	0.0222411	0.312263	59.9208
169	0.158772	1.19562	8.09986	0.625187	0.0202476	0.306862	58.9885
170	0.0126256	0.34742	2.87875	0.386807	0.0193958	0.283152	58.9885
171	0.0100999	0.191632	1.9239	0.269865	0.0187324	0.272742	62.5116
172	0.0100209	0.123996	1.58885	0.181409	0.0165358	0.267421	59.9208
173	0.0100999	0.0973105	1.4278	0.130435	0.0114734	0.265597	47.2741
174	0.0106557	0.0828502	1.48343	0.104948	0.014005	0.279797	59.9208
175	0.0100025	0.0715639	1.12863	0.0674663	0.0114734	0.28487	47.2741
176	0.0100025	0.0644975	0.89355	0.0449775	0.0114734	0.284603	46.2207
177	0.0100025	0.0607231	0.773595	0.035982	0.0165358	0.295272	63.2783
178	0.0100209	0.0569248	0.68607	0.0209895	0.0117197	0.290063	47.6671
179	0.0100999	0.0528184	0.629511	0.0104948	0.0117197	0.263484	40.8602
180	0.0100025	0.0526512	0.510754	0.0089955	0.0117197	0.238581	32.25
181	0.0100999	0.0517513	0.481815	0.0089955	0.0121078	0.220425	30.2503
182	0.0100209	0.0491156	0.468982	0.0089955	0.0128884	0.211738	30.2503
183	0.0100999	0.0484222	0.481815	0.0104948	0.012098	0.224718	30.2503
184	0.0100999	0.0463764	0.462929	0.0104948	0.0117197	0.222648	32.097
185	0.0100999	0.0465559	0.462929	0.011994	0.0128884	0.214551	32.097
186	0.0100209	0.0460189	0.449008	0.0104948	0.0128884	0.215265	32.097
187	0.0100999	0.0452873	0.437726	0.00749625	0.0117197	0.215926	32.097
188	0.0100209	0.0438396	0.361046	0.00749625	0.0117197	0.232419	32.097
189	0.0100209	0.0424102	0.339656	0.00749625	0.0117197	0.236088	32.097
190	0.0100209	0.0405239	0.26205	0.00449775	0.0117197	0.235656	32.097
191	0.0100209	0.0395406	0.251391	0.00449775	0.0128884	0.241939	32.6639
192	0.0100209	0.0393336	0.251391	0.005997	0.0117197	0.245947	32.097
193	0.0100209	0.0391568	0.251391	0.0029985	0.0120142	0.260012	30.2503
194	0.0100209	0.0386736	0.238251	0.00449775	0.0120142	0.244582	30.2503
195	0.0100601	0.0390086	0.251391	0.0029985	0.0128884	0.268302	30.2503
196	0.0100999	0.038164	0.230712	0	0.0122118	0.269874	30.2503
197	0.0100601	0.0384655	0.217381	0	0.0120142	0.280269	30.2503
198	0.0100601	0.0385895	0.20835	0	0.0100264	0.270303	32.6639
199	0.0100601	0.0394788	0.217381	0	0.0122118	0.310212	42.9764
200	0.0100601	0.0391083	0.21903	0	0.0122118	0.30546	45.1882
201	0.0100999	0.0394871	0.230712	0	0.0122118	0.292325	45.8936
202	0.0100601	0.0393584	0.222823	0	0.0122118	0.25297	45.8936
203	0.0100999	0.0395643	0.230712	0.00149925	0.0102977	0.229169	43.4024
204	0.010093	0.0389465	0.230712	0.00149925	0.0100264	0.207996	43.6845
205	0.0100601	0.0384205	0.222823	0.00149925	0.0100264	0.189545	43.4024
206	0.0100601	0.0377904	0.217669	0	0.0100264	0.180728	43.4024
207	0.0100601	0.0383972	0.217669	0	0.0103452	0.176285	45.8936
208	0.0100601	0.0390578	0.217669	0	0.0103452	0.172892	45.8936
209	0.010093	0.0391434	0.217669	0	0.0103452	0.173813	45.8936
210	0.0100601	0.0388009	0.20835	0	0.0100264	0.171863	45.8936
211	0.010093	0.0385417	0.217669	0.00149925	0.0100824	0.163446	45.8936
212	0.0100601	0.0397111	0.236211	0.00449775	0.0102977	0.161156	43.4024
213	0.0100601	0.0396148	0.234041	0.00449775	0.0102977	0.159731	43.4024
214	0.010093	0.0397415	0.234041	0.00449775	0.0100824	0.151315	40.4835
215	0.010093	0.0414634	0.282226	0.0104948	0.0103452	0.159707	43.4024
216	0.0100999	0.0425813	0.293957	0.017991	0.0100824	0.145541	35.9078
217	0.010093	0.039066	0.232245	0.00449775	0.0103452	0.140584	30.8195
218	0.010093	0.0389754	0.221555	0.0029985	0.0100824	0.130445	24.0492
219	0.010093	0.0395427	0.221555	0.00149925	0.0103452	0.121928	21.2462
220	0.010093	0.0401636	0.21903	0.00149925	0.0100824	0.114665	18.1566
221	0.010093	0.04105	0.232245	0.00149925	0.0100824	0.100216	7.28478
222	0.010093	0.0416718	0.221555	0.00149925	0.0103452	0.0784615	0.532902
223	0.0100999	0.0423678	0.246614	0.00149925	0.0105643	0.0721798	0.428472
224	0.0100999	0.0437303	0.269377	0.00449775	0.0105643	0.0683196	0.288731
225	0.0100999	0.0451583	0.293903	0.00449775	0.0105412	0.0682991	0.279261
226	0.0101181	0.0456542	0.271548	0	0.0106244	0.0679661	0.279261
227	0.0101181	0.047134	0.271548	0	0.0105643	0.068785	0.279261
228	0.0100318	0.0485254	0.282226	0	0.0110982	0.0686381	0.29068
229	0.0100318	0.0501481	0.311878	0	0.0114282	0.0683729	0.29068
230	0.0100318	0.0512361	0.311878	0.00149925	0.0105412	0.0719496	0.29068
231	0.0100318	0.0538806	0.323379	0.0029985	0.0105643	0.0730271	0.288731
232	0.0100318	0.0533981	0.321698	0	0.0105412	0.0725076	0.279261
233	0.0100318	0.0561703	0.383293	0	0.0105412	0.0734065	0.272352
234	0.0104061	0.0594098	0.425046	0.00149925	0.0105643	0.0762311	0.279261
235	0.0103865	0.0626629	0.448124	0.0029985	0.0105412	0.0804005	0.288731
236	0.0100903	0.0671583	0.463993	0.011994	0.0144483	0.0833979	0.400077
237	0.0103865	0.0684369	0.448124	0	0.0145717	0.0868591	0.443657
238	0.0103865	0.0728449	0.463993	0	0.0144483	0.0873828	0.436098
239	0.0103865	0.0762242	0.463993	0	0.0145717	0.0851899	0.443657
240	0.0103865	0.0761372	0.448124	0.00149925	0.0186263	0.0861179	0.534794
241	0.0100903	0.0790494	0.457186	0.00149925	0.0166176	0.0881496	0.456244
242	0.0100903	0.0862371	0.544218	0.00749625	0.0196861	0.0933081	0.460215
243	0.0103865	0.0912426	0.648228	0.0104948	0.0206207	0.0980447	0.460215
244	0.0107467	0.0944956	0.684631	0.011994	0.0215417	0.0988549	0.460215
245	0.0123263	0.0998897	0.787659	0.011994	0.0215417	0.100195	0.484746
246	0.0123263	0.108166	0.806884	0.0149925	0.0215417	0.10047	0.484746
247	0.0107537	0.126699	0.855028	0.0329835	0.0218117	0.102379	0.484746
248	0.0123263	0.119192	0.822292	0.0194903	0.0215417	0.101642	0.484746
249	0.0140911	0.117628	0.855028	0.0134933	0.0188416	0.100793	0.484746
250	0.0129699	0.116981	0.855028	0.017991	0.0188416	0.0995015	0.484746
251	0.0123263	0.115294	0.822292	0.0194903	0.0193358	0.0965821	0.484746
252	0.0123263	0.11457	0.773191	0.0164918	0.0187428	0.0944059	0.56666
253	0.0123263	0.12059	0.813885	0.023988	0.014749	0.0895934	0.484723
254	0.0107467	0.123077	0.787659	0.0284858	0.0145404	0.0872338	0.484723
255	0.0107467	0.129721	0.980363	0.0494753	0.0129373	0.0883667	0.498833
256	0.0107467	0.142071	1.57067	0.0764618	0.0101694	0.0744924	0.344871
257	0.0129699	0.207108	5.01624	0.16042	0.0101694	0.0704517	0.347183
258	0.0529264	1.95599	52.6834	0.601199	0.0101694	0.0673671	0.335609
259	0.0102385	0.122608	2.88836	0.127436	0.0101694	0.0620895	0.318423
260	0.0102385	0.0813384	1.28797	0.0644678	0.0100988	0.0592792	0.275411
261	0.0102385	0.0737186	0.980363	0.0494753	0.0100988	0.0545257	0.247983
262	0.0103789	0.0666633	0.827818	0.0344828	0.0100988	0.0526104	0.200299
263	0.0107717	0.0594846	0.736357	0.017991	0.0100988	0.0520171	0.194361
264	0.0102385	0.05418	0.544218	0.0149925	0.0100988	0.051042	0.187788
265	0.0102385	0.0509016	0.40397	0.0134933	0.0100988	0.04985	0.182919
266	0.0102385	0.0495594	0.388089	0.0089955	0.0100937	0.0492587	0.183294
267	0.0100633	0.0476475	0.388089	0.0089955	0.0100937	0.0476098	0.181978
268	0.0101533	0.0455238	0.360582	0.00449775	0.0100937	0.0469772	0.177687
269	0.0100633	0.0444399	0.312342	0	0.0100937	0.0464309	0.173849
270	0.0100633	0.0437325	0.290564	0	0.0100937	0.0469693	0.178998
271	0.0100633	0.0430869	0.283438	0	0.0100937	0.046277	0.177687
272	0.0101533	0.0423809	0.284789	0	0.0100937	0.044962	0.168845
273	0.0101533	0.0416618	0.284789	0	0.0100937	0.0447704	0.164874
274	0.0101533	0.0414959	0.284789	0	0.0100937	0.0434701	0.163386
275	0.0100633	0.0405159	0.253958	0	0.0100937	0.0426772	0.164874
276	0.0100633	0.0413109	0.253958	0	0.0100937	0.0422561	0.173409
277	0.0104462	0.0415107	0.26767	0	0.0100937	0.0427517	0.17825
278	0.0102385	0.0416783	0.266675	0	0.0100937	0.0431744	0.18226
279	0.0102385	0.0415971	0.266675	0	0.0100937	0.0446678	0.191638
280	0.0100633	0.0418891	0.266675	0	0.0100937	0.0452266	0.191638
281	0.0100633	0.0413481	0.266675	0	0.0100937	0.0458464	0.196554
282	0.0101276	0.0414405	0.266675	0	0.0100937	0.0467506	0.228588
283	0.0101276	0.0419693	0.266675	0.00149925	0.0100937	0.0490541	0.260654
284	0.0100633	0.0420612	0.26767	0.0029985	0.0100988	0.0518965	0.312214
285	0.0100633	0.0412732	0.266675	0.00149925	0.0100937	0.0527397	0.312214
286	0.0101276	0.0413766	0.26767	0	0.0100937	0.0549231	0.326401
287	0.0100633	0.0411122	0.245969	0	0.0100937	0.0557136	0.328647
288	0.0101276	0.042244	0.255735	0.0029985	0.0100937	0.0601841	0.462226
289	0.0100981	0.0414386	0.241623	0.0029985	0.0102228	0.0663344	0.755961
290	0.0100633	0.0411131	0.239127	0.00149925	0.0110189	0.0801979	1.13736
291	0.0100981	0.0414402	0.241623	0.00149925	0.0102228	0.0978882	1.86568
292	0.0100633	0.0406917	0.236654	0.00149925	0.0118601	0.117741	2.78118
293	0.0100633	0.0409426	0.236654	0.00149925	0.0109349	0.118509	2.78118
294	0.0100633	0.0412021	0.239127	0.0029985	0.0102228	0.127282	3.52391
295	0.0100633	0.0413911	0.224287	0.00149925	0.0102228	0.130174	4.25897
296	0.0100633	0.0414603	0.224287	0.00149925	0.0109349	0.135011	5.3557
297	0.0100633	0.0420169	0.230039	0.00149925	0.0102228	0.137186	4.58898
298	0.0100633	0.0423338	0.224287	0.00149925	0.0104267	0.134025	4.6346
299	0.0100981	0.043828	0.236654	0.00149925	0.0104267	0.135158	4.6346
300	0.0100981	0.044616	0.245999	0.0029985	0.0100835	0.134534	4.17759
301	0.0100981	0.0452385	0.255521	0.0029985	0.0100835	0.143815	5.37087
302	0.0100981	0.0454651	0.255521	0.00149925	0.0102228	0.166567	8.42101
303	0.0100981	0.0455461	0.255521	0.00149925	0.0100835	0.165565	9.73817
304	0.0100981	0.0456501	0.252655	0	0.0100835	0.173655	9.73817
305	0.0100981	0.0462291	0.252655	0	0.0100835	0.182004	9.73817
306	0.0100981	0.0460489	0.252249	0	0.0104267	0.192371	9.73817
307	0.0100981	0.0470191	0.255521	0	0.0104267	0.205001	8.42101
308	0.0100981	0.0478763	0.257161	0.00149925	0.0112619	0.318476	19.6176
309	0.0100981	0.0490313	0.25951	0.0029985	0.0112024	0.476598	31.7561
310	0.0100981	0.0491894	0.25951	0.005997	0.0100796	0.509147	36.5474
311	0.0100981	0.0529648	0.30073	0.0134933	0.0131974	0.602909	70.2491
312	0.0100981	0.0502102	0.276839	0.0029985	0.0126696	0.645118	69.7749
313	0.0100981	0.0521361	0.30073	0.00449775	0.0126696	0.634722	67.2485
314	0.0100981	0.05218	0.30073	0.005997	0.0140302	0.733831	77.1491
315	0.0100981	0.0516582	0.279909	0.00149925	0.0126696	0.686101	69.7749
316	0.0100981	0.0519341	0.276613	0	0.0156597	0.777507	78.6483
317	0.0100981	0.0517954	0.275387	0	0.0156335	0.715535	78.6483
318	0.0101973	0.0514347	0.276613	0	0.0156335	0.705626	78.6483
319	0.0100981	0.0520622	0.275441	0.00149925	0.0156335	0.688398	80.3227
320	0.0100981	0.0531385	0.275441	0.0029985	0.0156335	0.691207	76.8966
321	0.0100981	0.0547561	0.281078	0.00449775	0.0159473	0.699196	76.8966
322	0.0100981	0.0561448	0.280056	0.00449775	0.0159473	0.606009	78.2593
323	0.0100981	0.0576763	0.30476	0.0089955	0.0156597	0.593856	76.8966
324	0.0100981	0.0568733	0.30073	0.0029985	0.019172	0.626486	83.4926
325	0.0100981	0.0586217	0.30073	0	0.0181112	0.556496	83.4926
326	0.0101276	0.0591119	0.30073	0	0.0175707	0.522989	83.4926
327	0.0100981	0.0615864	0.303218	0	0.0149857	0.485925	77.5637
328	0.0100981	0.0627685	0.30613	0	0.0156335	0.458846	84.0201
329	0.0104511	0.0682258	0.351946	0	0.0156335	0.4415	84.0201
330	0.0100981	0.0715305	0.351946	0	0.0156335	0.451955	84.0201
331	0.0101276	0.0711586	0.351946	0	0.0152802	0.459649	84.0201
332	0.0103356	0.0715758	0.351946	0.00149925	0.0151152	0.455621	77.5637
333	0.0104511	0.0738768	0.351946	0	0.0123064	0.408995	66.5906
334	0.0100981	0.0759005	0.342441	0.0029985	0.0118564	0.363304	64.9471
335	0.0100981	0.0762247	0.342441	0	0.0100713	0.309565	48.8785
336	0.0100981	0.0792774	0.351946	0.00149925	0.0100713	0.315055	49.5712
337	0.0100981	0.0837589	0.370075	0.00449775	0.0112154	0.300684	59.2704
338	0.0100981	0.0887552	0.405834	0.00449775	0.0100713	0.286096	49.5712
339	0.011899	0.092394	0.514484	0.00449775	0.0100713	0.270206	46.4698
340	0.0117358	0.0973029	0.534565	0.005997	0.0100713	0.246622	43.2318
341	0.0115913	0.105544	0.558392	0.0089955	0.0100713	0.225333	38.397
342	0.0115913	0.112728	0.558392	0.0089955	0.0100713	0.181696	17.2503
343	0.0106089	0.116172	0.543114	0.0089955	0.0100713	0.155545	9.18421
344	0.0182101	0.129753	0.873424	0.017991	0.0100713	0.13937	7.37088
345	0.0200288	0.147106	0.873424	0.0224888	0.0100713	0.135205	6.37603
346	0.0237143	0.14308	0.94446	0.0149925	0.0100713	0.128655	5.67698
347	0.0237143	0.14143	0.94446	0.0134933	0.0100713	0.123596	5.43972
348	0.0237143	0.138734	0.873424	0.0089955	0.0100713	0.123869	5.67698
349	0.0190915	0.136704	0.713136	0.00749625	0.0100713	0.123047	5.45928
350	0.0184122	0.136646	0.694648	0.0089955	0.0101946	0.126237	6.1858
351	0.0184122	0.133567	0.694648	0.005997	0.0101946	0.122959	5.43972
352	0.0182101	0.128997	0.70193	0.0029985	0.0101946	0.114118	4.50497
353	0.0184122	0.1269	0.756682	0.0029985	0.0101946	0.11104	2.14401
354	0.0184122	0.126579	0.694648	0.0029985	0.0101946	0.109604	1.91705
355	0.019877	0.126885	0.713136	0.0029985	0.0101946	0.106336	1.68431
356	0.0184122	0.129213	0.713136	0.0029985	0.010281	0.107109	1.68431
357	0.0187654	0.132936	0.756682	0.00449775	0.010281	0.107747	1.08687
358	0.019877	0.136897	0.713136	0.0029985	0.010281	0.109127	1.08687
359	0.0187654	0.143112	0.756682	0.0104948	0.010281	0.108055	1.03179
360	0.019877	0.149829	0.713136	0.0089955	0.010281	0.105358	0.964538
361	0.027957	0.155919	0.942763	0.0104948	0.0106883	0.100289	0.660154
362	0.0299608	0.158635	0.909871	0.0104948	0.0106883	0.0861483	0.402521
363	0.0320165	0.179931	1.11702	0.0314843	0.0106883	0.0778734	0.337545
364	0.0299608	0.162338	0.909871	0.0104948	0.0112154	0.0750512	0.340645
365	0.0167768	0.153379	0.678005	0.005997	0.0106883	0.0756495	0.320493
366	0.0169485	0.148884	0.678005	0.00149925	0.0106141	0.0742243	0.30319
367	0.0173057	0.151347	0.67751	0.0029985	0.0106883	0.0736748	0.298033
368	0.0173057	0.153524	0.67751	0.00449775	0.0106141	0.0745844	0.293141
369	0.0173057	0.153551	0.678005	0.00449775	0.0106883	0.07628	0.298061
370	0.0173057	0.15378	0.678005	0.005997	0.0106883	0.0786458	0.30319
371	0.0173057	0.154106	0.678005	0.005997	0.0106699	0.0789212	0.320493
372	0.0173057	0.156041	0.694648	0.0089955	0.0106883	0.0801025	0.331405
373	0.0173057	0.154224	0.666033	0.005997	0.0106883	0.080151	0.3386
374	0.022677	0.154429	0.827114	0.005997	0.0106883	0.0842509	0.365246
375	0.0227759	0.157462	0.827114	0.0089955	0.0106883	0.0877341	0.435686
376	0.0173057	0.161547	0.678005	0.0164918	0.0106883	0.0926791	0.499277
377	0.0246004	0.172139	0.874105	0.0269865	0.0106883	0.0930635	0.513989
378	0.0363427	0.180787	1.03064	0.029985	0.0106883	0.0966555	0.582252
379	0.027554	0.177199	0.824729	0.0284858	0.0105681	0.0983614	0.6227
380	0.0246004	0.169505	0.874105	0.0254873	0.0105681	0.105319	0.656347
381	0.0246004	0.164147	0.890594	0.0209895	0.010686	0.105888	0.652483
382	0.0177795	0.148248	0.723143	0.0089955	0.0105681	0.110449	0.648019
383	0.0128015	0.1288	0.660828	0.005997	0.010686	0.122943	0.827828
384	0.0137616	0.125898	0.67696	0.005997	0.0105681	0.146805	2.59803
385	0.0116215	0.121632	0.578718	0.00449775	0.0104397	0.193695	11.5415
386	0.0109726	0.118279	0.564458	0.00749625	0.0104397	0.21877	14.6969
387	0.010535	0.118245	0.553205	0.005997	0.0112488	0.239863	17.783
388	0.010535	0.117489	0.560458	0.005997	0.0115009	0.280777	21.5213
389	0.0108174	0.116931	0.564458	0.00449775	0.0122593	0.249853	27.0879
390	0.0144243	0.113365	0.751389	0.005997	0.0112488	0.237759	27.0879
391	0.0144243	0.113716	0.751389	0.00749625	0.0112488	0.22375	27.7542
392	0.0144243	0.109677	0.701497	0.0029985	0.0104639	0.20915	29.0246
393	0.0143789	0.109596	0.721061	0.00749625	0.0104639	0.191215	27.0879
394	0.013719	0.106649	0.740938	0.0089955	0.0104639	0.180953	27.0879
395	0.0133056	0.107681	0.751389	0.0164918	0.0104639	0.184196	27.7542
396	0.012684	0.108826	0.729491	0.0134933	0.0104639	0.177996	27.7542
397	0.0118852	0.11285	0.740938	0.023988	0.0104639	0.175201	27.0879
398	0.0108262	0.119602	0.740938	0.0344828	0.0104639	0.162161	27.0879
399	0.0109726	0.126368	0.938173	0.0464768	0.0104639	0.161099	27.0879
400	0.0143789	0.130346	1.27492	0.0569715	0.0104639	0.165192	27.7542
401	0.0147969	0.13954	1.32167	0.0644678	0.0100629	0.146666	24.5354
402	0.0143789	0.146284	1.34076	0.0764618	0.0100629	0.129307	8.80081
403	0.0123408	0.169445	1.41975	0.10045	0.0100629	0.112513	1.31254
404	0.0114044	0.213515	1.93287	0.154423	0.0101929	0.116174	1.19199
405	0.0164016	0.411314	6.17954	0.34033	0.0101929	0.116296	1.14601
406	0.268391	1.75923	10.2255	0.70015	0.0101929	0.116634	1.10783
407	0.31842	1.88188	10.2255	0.728636	0.0104639	0.114503	1.14601
408	0.250705	1.88506	10.4703	0.736132	0.0104639	0.112593	1.10783
409	0.0238222	0.751782	5.82818	0.49925	0.0101929	0.109798	0.997287
410	0.0262704	0.614343	5.82818	0.43928	0.0104639	0.109463	1.14601
411	0.026409	0.593451	5.82818	0.428786	0.0104639	0.109791	1.14601
412	0.0160636	0.331028	3.87896	0.326837	0.0104639	0.111386	1.1429
413	0.0140966	0.216852	3.20543	0.230885	0.0103039	0.113599	1.25472
414	0.0100032	0.154599	1.7866	0.163418	0.0102742	0.111948	1.25472
415	0.0113147	0.131334	1.7866	0.125937	0.0102742	0.109278	1.30387
416	0.010097	0.110086	1.39007	0.0809595	0.0102742	0.114662	1.32895
417	0.0102036	0.101231	1.26591	0.0704648	0.0102742	0.116189	1.5307
418	0.0100032	0.0887763	1.02811	0.0554723	0.0102742	0.1097	1.32895
419	0.010097	0.0812133	0.695239	0.0284858	0.0102742	0.101098	1.0667
420	0.0107087	0.0727415	0.624384	0.0134933	0.0102742	0.0987436	0.86612
421	0.0100032	0.0688391	0.536601	0.00749625	0.0102742	0.0919547	0.719469
422	0.0107005	0.0650368	0.554467	0.005997	0.0102742	0.0948457	0.719469
423	0.0103218	0.0645236	0.486741	0.0029985	0.0102742	0.0981751	0.82432
424	0.0107087	0.0650707	0.479227	0	0.0102742	0.0948399	0.956253
425	0.0109513	0.0656376	0.486741	0	0.0102742	0.105879	1.08879
426	0.010236	0.0648429	0.445968	0	0.0102742	0.102654	1.08879
427	0.0107005	0.0631302	0.445968	0	0.0102742	0.105377	1.16121
428	0.0107005	0.0601587	0.410612	0	0.0102742	0.111031	1.70202
429	0.0109513	0.0584495	0.410612	0	0.0102742	0.120499	1.7225
430	0.0110527	0.0590221	0.412596	0.0029985	0.0102742	0.121164	1.73533
431	0.010236	0.056634	0.333031	0.00149925	0.0102742	0.12761	2.33578
432	0.0109663	0.0569602	0.40936	0.005997	0.0103299	0.151113	7.85079
433	0.0109663	0.0567782	0.40936	0.00749625	0.0103299	0.21119	18.526
434	0.0109513	0.0576356	0.40936	0.005997	0.0103299	0.258142	25.1985
435	0.0111535	0.0573978	0.412596	0.00449775	0.0103299	0.276258	30.1605
436	0.0111535	0.0569479	0.412596	0.00449775	0.0113587	0.327453	46.6408
437	0.0109513	0.0594021	0.410612	0.011994	0.0139299	0.473494	80.8838
438	0.0107087	0.0600732	0.410612	0.011994	0.0139001	0.681725	80.8838
439	0.0107087	0.0599101	0.410612	0.011994	0.0141003	0.946112	80.8838
440	0.0107087	0.059695	0.410612	0.0089955	0.0150163	1.17546	81.1829
441	0.0107005	0.0609739	0.43454	0.011994	0.0155721	1.37699	81.1829
442	0.0109663	0.0644637	0.463803	0.011994	0.0155721	1.41098	81.1829
443	0.0107005	0.0651326	0.463803	0.011994	0.0166814	1.44448	88.1742
444	0.0106493	0.0647359	0.475278	0.0104948	0.0156798	1.51312	85.2476
445	0.0103218	0.0656532	0.475278	0.0134933	0.0156798	1.66038	85.2476
446	0.0106493	0.0657707	0.500927	0.0134933
