		omega		Posterior		rho				Synonymous theta			kappa			phi	
Site	Lower	Point	Higher	prob of +ve	Lower	Point	Higher		Lower	Point	Higher	Lower	Point	Higher	Lower	Point	Higher
	95% HPD	estimate	95% HPD	selection	95% HPD	estimate	95% HPD		95% HPD	estimate	95% HPD	95% HPD	estimate	95% HPD	95% HPD	estimate	95% HPD
0	0.0104046	0.0995116	0.793162	0.0329835	0.0100437	0.183912	34.9506		0.0175014	0.0337745	0.0668745	2.68403	10.1314	39.0297	0	0	0
1	0.011307	0.0967957	0.829042	0.0314843	0.0100953	0.161641	31.0289
2	0.0110738	0.0949387	0.793162	0.0284858	0.0100953	0.158863	31.0289
3	0.0110581	0.0951763	0.808515	0.0284858	0.0100437	0.137439	25.2564
4	0.0110581	0.0966904	0.793162	0.029985	0.0100437	0.117361	19.1092
5	0.0110581	0.0980065	0.793162	0.0314843	0.0100437	0.0976756	14.2319
6	0.0110581	0.0969925	0.808515	0.0314843	0.0100437	0.0876723	10.7032
7	0.0113277	0.0969062	0.787793	0.029985	0.0100437	0.0764522	2.60249
8	0.011307	0.0940411	0.752965	0.0284858	0.0100437	0.0683348	1.38234
9	0.011307	0.094582	0.771864	0.0284858	0.0100953	0.0638733	1.20143
10	0.0113277	0.0960413	0.787793	0.029985	0.0100437	0.0581474	0.826025
11	0.0113277	0.097711	0.787793	0.0284858	0.0100437	0.0577806	0.909674
12	0.011307	0.103474	0.771864	0.029985	0.0100437	0.058871	1.00165
13	0.011307	0.106979	0.770075	0.0329835	0.0100437	0.0553842	0.785139
14	0.010287	0.115155	0.748528	0.0374813	0.0100437	0.0515936	0.586576
15	0.010287	0.119902	0.837225	0.0389805	0.0100953	0.0508007	0.586576
16	0.010287	0.125359	0.902342	0.0449775	0.0100437	0.0506303	0.515976
17	0.010287	0.133288	1.04675	0.053973	0.0100437	0.04931	0.424419
18	0.011307	0.143467	1.29707	0.0629685	0.0100953	0.0473658	0.398028
19	0.010287	0.15571	1.30094	0.0764618	0.0100437	0.0458773	0.337495
20	0.011307	0.173684	1.58808	0.0914543	0.0100838	0.0441837	0.311084
21	0.012218	0.19271	1.89911	0.107946	0.0100437	0.0391793	0.225149
22	0.0173396	0.243751	3.0105	0.149925	0.0100002	0.0376766	0.195247
23	0.0173396	0.323673	3.81863	0.205397	0.0100838	0.0373598	0.180539
24	0.0677836	0.609905	8.47934	0.338831	0.010244	0.0365771	0.169778
25	0.0677836	0.624218	8.47934	0.343328	0.0100838	0.0355996	0.164692
26	0.0722825	0.675427	8.47934	0.358321	0.0100002	0.0347433	0.149093
27	0.018697	0.359676	5.19712	0.221889	0.0100002	0.0343025	0.147473
28	0.0174773	0.288393	3.4132	0.161919	0.0100002	0.0341493	0.141533
29	0.0176712	0.243187	2.44365	0.124438	0.0100002	0.0340256	0.13896
30	0.0174773	0.217482	1.88452	0.0914543	0.0100838	0.0340853	0.13896
31	0.0131703	0.204219	1.49014	0.083958	0.0100002	0.0338455	0.134914
32	0.0166875	0.19398	1.57471	0.065967	0.0100002	0.0341682	0.136239
33	0.0176712	0.191464	1.57471	0.0584708	0.0100002	0.0342978	0.136239
34	0.0174773	0.19276	1.57471	0.0614693	0.0100002	0.0339264	0.136239
35	0.0166875	0.195032	1.37918	0.0584708	0.0100002	0.034152	0.13896
36	0.0166875	0.193234	1.33565	0.053973	0.0100002	0.0338352	0.13896
37	0.0174773	0.195442	1.37918	0.0524738	0.0100002	0.0338762	0.136239
38	0.0174773	0.195424	1.28544	0.0509745	0.0100002	0.0340118	0.133852
39	0.0174773	0.199416	1.33565	0.0524738	0.0100002	0.0343497	0.136239
40	0.0174773	0.20805	1.29004	0.0554723	0.0100002	0.0347996	0.13896
41	0.0193635	0.213177	1.33565	0.0554723	0.0100002	0.0352573	0.140697
42	0.0201155	0.216914	1.29004	0.0569715	0.0100987	0.0359471	0.145589
43	0.0201155	0.223214	1.29004	0.0554723	0.0100002	0.0365615	0.145589
44	0.0300013	0.2393	1.57471	0.0644678	0.0101117	0.0376523	0.154852
45	0.0300013	0.248048	1.57471	0.0689655	0.0102746	0.038617	0.162398
46	0.0300013	0.265912	1.57471	0.0794603	0.0100002	0.0404022	0.171331
47	0.0329081	0.285521	1.57471	0.0929535	0.0102746	0.0414674	0.182417
48	0.0387743	0.254792	1.56656	0.0689655	0.0102746	0.0435945	0.203004
49	0.0329081	0.240787	1.49014	0.0629685	0.0101117	0.0475933	0.237347
50	0.0325372	0.231897	1.53545	0.05997	0.0100002	0.0510984	0.276938
51	0.0325372	0.22379	1.56656	0.053973	0.0102746	0.0556343	0.35441
52	0.0223852	0.227341	1.25765	0.0554723	0.0100002	0.0589778	0.370786
53	0.0223852	0.225787	1.25765	0.0554723	0.0102746	0.0609977	0.468916
54	0.0215407	0.228969	1.31689	0.05997	0.0104495	0.062823	0.465947
55	0.022177	0.229164	1.39551	0.0614693	0.0101117	0.0657156	0.478876
56	0.0239079	0.245535	1.69661	0.077961	0.0101117	0.0662258	0.478876
57	0.0189012	0.278298	3.02878	0.107946	0.0100002	0.0663638	0.478876
58	0.0215407	0.216247	1.56656	0.05997	0.0104495	0.0645369	0.478876
59	0.0189012	0.193134	1.25765	0.0434783	0.0100002	0.0639562	0.448726
60	0.0153584	0.177316	0.937334	0.0329835	0.0101117	0.0646331	0.448726
61	0.0169644	0.167633	0.978285	0.0269865	0.0100002	0.0641745	0.448726
62	0.0162448	0.162002	0.978285	0.0254873	0.0100002	0.0639154	0.424253
63	0.01541	0.153359	0.937334	0.023988	0.0100002	0.0649346	0.448726
64	0.0134357	0.143766	0.768189	0.0164918	0.0101117	0.0647957	0.448726
65	0.0152057	0.138539	0.812551	0.011994	0.0101117	0.0644951	0.416615
66	0.0151043	0.130254	0.774441	0.00749625	0.0100002	0.0655656	0.424253
67	0.0151043	0.126311	0.757301	0.0029985	0.0100002	0.0646025	0.39884
68	0.0134357	0.125237	0.659996	0.0029985	0.0100002	0.0638892	0.39884
69	0.0134357	0.121437	0.659996	0.0029985	0.0103032	0.064767	0.416615
70	0.0130433	0.11781	0.659996	0.0029985	0.010276	0.0661301	0.424253
71	0.0151043	0.120283	0.72006	0.0029985	0.0100002	0.0683071	0.459023
72	0.0135061	0.12004	0.650331	0.00449775	0.010276	0.0688651	0.478876
73	0.0135061	0.120735	0.656027	0.005997	0.0103289	0.0713696	0.51955
74	0.0130433	0.119788	0.657524	0.00449775	0.0100002	0.0711923	0.483099
75	0.0130433	0.118041	0.656027	0.005997	0.010276	0.0720148	0.483099
76	0.0130374	0.117015	0.659996	0.00749625	0.0100002	0.0741439	0.517658
77	0.0114188	0.11821	0.596646	0.00749625	0.0100002	0.0746824	0.517658
78	0.0145213	0.117659	0.757301	0.005997	0.0100002	0.0769375	0.611105
79	0.0147505	0.119172	0.76212	0.00749625	0.0100002	0.0828925	0.697216
80	0.0151043	0.123883	0.734107	0.0089955	0.0104495	0.0880793	0.750307
81	0.0151043	0.126009	0.776742	0.011994	0.0104495	0.0931226	0.762161
82	0.0147505	0.13164	0.792742	0.017991	0.0100002	0.101701	0.956102
83	0.0170554	0.13714	0.95415	0.0164918	0.0104495	0.104734	1.02561
84	0.0183445	0.142413	1.00775	0.0194903	0.0100002	0.110638	1.21513
85	0.0183445	0.147122	0.95415	0.0194903	0.0100002	0.11236	1.21513
86	0.0183445	0.150355	1.00775	0.0224888	0.0100002	0.117853	1.11362
87	0.0183445	0.155765	0.95415	0.023988	0.0101852	0.128679	1.35727
88	0.0183445	0.162239	1.00775	0.0284858	0.0101852	0.140476	1.43855
89	0.0147505	0.183565	1.11507	0.0464768	0.0101852	0.158114	1.65601
90	0.0111095	0.234483	4.463	0.089955	0.010193	0.170307	1.82309
91	0.0187226	0.184081	1.1754	0.0434783	0.0101852	0.184156	2.19738
92	0.0183445	0.173815	1.0417	0.0389805	0.0101852	0.191636	2.36197
93	0.0183445	0.162376	1.11507	0.0329835	0.0101852	0.191937	2.42949
94	0.016347	0.159481	1.0417	0.0314843	0.0102055	0.201639	2.54068
95	0.0168932	0.155766	1.04719	0.029985	0.0102055	0.206944	3.51517
96	0.0168932	0.157723	1.04719	0.0314843	0.0102055	0.215971	3.51517
97	0.0168932	0.158529	1.0417	0.0314843	0.0102055	0.218927	3.78568
98	0.0157006	0.155171	1.0417	0.0284858	0.0105284	0.215836	3.24892
99	0.0126596	0.155171	0.841451	0.0314843	0.0104495	0.229664	4.28358
100	0.0126596	0.152449	0.774839	0.0224888	0.0102055	0.242609	7.14976
101	0.0127322	0.152493	0.76212	0.0209895	0.0102055	0.265848	12.038
102	0.0126596	0.150411	0.76212	0.0194903	0.0102055	0.282531	13.7165
103	0.0126596	0.152638	0.786584	0.0224888	0.0104495	0.30272	15.2233
104	0.0127322	0.157199	0.828353	0.023988	0.0102055	0.322386	16.4762
105	0.0136672	0.160296	0.875718	0.023988	0.0104815	0.35255	19.2943
106	0.0127322	0.167562	0.875718	0.0329835	0.0104815	0.378232	24.9066
107	0.0110058	0.203594	1.58215	0.0704648	0.0130132	0.497035	50.0705
108	0.0114924	0.162533	0.858172	0.035982	0.0111399	0.560319	43.1534
109	0.0110058	0.143846	0.734107	0.023988	0.0125394	0.584533	43.8012
110	0.0115439	0.13626	0.708342	0.0194903	0.0114641	0.58085	43.8012
111	0.0127322	0.125201	0.720509	0.0149925	0.0101226	0.603076	40.9852
112	0.0130742	0.119974	0.708342	0.0134933	0.0101226	0.593944	40.9852
113	0.0116886	0.115126	0.547879	0.0089955	0.0101226	0.607533	40.9852
114	0.0114924	0.114594	0.544219	0.0104948	0.010388	0.610366	40.3025
115	0.0109661	0.109603	0.539681	0.0104948	0.0110041	0.579268	40.9852
116	0.0109661	0.103341	0.539681	0.0089955	0.011265	0.59475	43.8012
117	0.0114924	0.0999452	0.541453	0.005997	0.0111749	0.606737	50.0705
118	0.0109661	0.0987504	0.504596	0.005997	0.020543	0.618276	98.4523
119	0.01047	0.0978718	0.51488	0.0089955	0.020543	0.651667	94.1283
120	0.0109661	0.0953408	0.541453	0.0104948	0.0192186	0.680986	94.1283
121	0.0114924	0.0910003	0.541453	0.00749625	0.0100852	0.670603	57.0605
122	0.010983	0.0922888	0.541453	0.0134933	0.0109542	0.664431	63.5289
123	0.0101333	0.0911118	0.504596	0.0089955	0.016221	0.684135	94.1283
124	0.0101333	0.0880331	0.482335	0.0089955	0.0109542	0.676593	64.133
125	0.0101333	0.0874338	0.512697	0.011994	0.0167304	0.739968	96.3819
126	0.0102149	0.0874338	0.541453	0.0149925	0.0175922	0.766779	96.3819
127	0.0102149	0.0873212	0.582491	0.0194903	0.0180449	0.833883	96.3819
128	0.0101333	0.0866923	0.595683	0.0209895	0.0191327	0.905954	96.3819
129	0.0102149	0.0874837	0.660876	0.023988	0.0191246	0.974628	94.1283
130	0.0101333	0.0866297	0.628208	0.023988	0.0191246	1.05151	96.3031
131	0.0101333	0.0895297	0.720509	0.0344828	0.0191246	1.06093	94.1283
132	0.0101333	0.0940158	0.928185	0.0494753
