		omega		Posterior		rho				Synonymous theta			kappa			phi	
Site	Lower	Point	Higher	prob of +ve	Lower	Point	Higher		Lower	Point	Higher	Lower	Point	Higher	Lower	Point	Higher
	95% HPD	estimate	95% HPD	selection	95% HPD	estimate	95% HPD		95% HPD	estimate	95% HPD	95% HPD	estimate	95% HPD	95% HPD	estimate	95% HPD
0	0.0100911	0.0355825	0.167162	0.00149925	0.0317643	2.12632	99.5691		0.0880704	0.108007	0.132907	2.18634	3.16246	4.88797	0	0	0
1	0.0101302	0.0345741	0.156803	0	0.0288751	1.92697	94.2882
2	0.0101302	0.0346296	0.156803	0.00149925	0.028053	1.85868	94.2882
3	0.0100911	0.034202	0.14054	0.00149925	0.028053	1.69594	94.2882
4	0.0101302	0.0334723	0.135555	0.00149925	0.0276965	1.55997	94.2882
5	0.0100911	0.032828	0.131299	0.00149925	0.0175706	1.46243	71.7966
6	0.0100911	0.0328096	0.129047	0	0.0188583	1.32907	87.8053
7	0.0100911	0.0331399	0.129047	0.00449775	0.0188915	1.2618	86.9181
8	0.0100911	0.0332437	0.123898	0.00449775	0.016536	1.18804	71.7966
9	0.0101993	0.0333283	0.123898	0.0029985	0.0188583	1.07463	76.4948
10	0.0100911	0.0331342	0.119729	0	0.0188583	1.07896	79.5899
11	0.0100911	0.0326479	0.109639	0	0.0188583	0.977639	87.8053
12	0.0100911	0.032955	0.109639	0	0.0189405	0.960734	87.8053
13	0.0100911	0.0331481	0.111696	0	0.0189405	0.948007	87.8053
14	0.0100911	0.0332948	0.109639	0	0.0188583	0.881931	85.3862
15	0.0101302	0.0334673	0.109639	0	0.0156158	0.747584	68.3947
16	0.0101302	0.0337385	0.109639	0.00149925	0.016536	0.706405	68.3947
17	0.0101302	0.033561	0.109639	0	0.016536	0.667009	68.3947
18	0.0100911	0.0342997	0.117386	0.00149925	0.0155112	0.604106	68.3947
19	0.0102491	0.0345568	0.123898	0.00149925	0.0130457	0.538176	57.5951
20	0.0101302	0.034324	0.113314	0	0.0141409	0.413944	57.5951
21	0.0100911	0.0342704	0.109447	0	0.0101587	0.314045	34.8532
22	0.0101302	0.0350394	0.113743	0	0.0101587	0.249311	32.5884
23	0.0100911	0.0353577	0.115779	0.00149925	0.0100523	0.184982	21.4458
24	0.0110671	0.0357834	0.125435	0.00149925	0.0100523	0.14715	6.22813
25	0.0110568	0.0358278	0.125805	0	0.0100523	0.120481	3.17044
26	0.0108517	0.0362906	0.125435	0	0.0101166	0.097477	1.2429
27	0.0101616	0.0371429	0.12424	0	0.0106128	0.0910479	0.838566
28	0.0102491	0.0379089	0.125805	0	0.0100523	0.0869822	0.691494
29	0.0101616	0.0393568	0.129047	0	0.0100523	0.0848295	0.581939
30	0.0101616	0.0395861	0.129532	0	0.0105488	0.0838001	0.567163
31	0.0102491	0.040609	0.148324	0	0.0101166	0.0837929	0.609434
32	0.0101616	0.0431193	0.159204	0.00149925	0.0101721	0.0872196	0.747812
33	0.0106849	0.0428495	0.162375	0.00149925	0.0101166	0.0947683	0.822707
34	0.011343	0.0421718	0.158875	0.00149925	0.0106128	0.0946144	0.838566
35	0.0112281	0.0421245	0.153755	0.00149925	0.0101166	0.09287	0.747812
36	0.0101616	0.0418691	0.129532	0	0.0105488	0.0958137	0.822707
37	0.0113079	0.0406738	0.12424	0	0.0101166	0.102376	0.838566
38	0.0111621	0.0397763	0.125435	0	0.0101166	0.121613	5.43103
39	0.0110568	0.0402762	0.129532	0	0.0101721	0.137797	17.3431
40	0.0105315	0.0406753	0.125805	0	0.0101166	0.145192	19.3759
41	0.0101616	0.0408369	0.12424	0	0.0101721	0.161915	24.9352
42	0.0105315	0.040455	0.123898	0	0.0101721	0.164747	23.5229
43	0.010638	0.0401771	0.12424	0	0.0101166	0.17572	23.5229
44	0.0105315	0.0396366	0.122277	0	0.0105228	0.181018	24.9352
45	0.0105315	0.0395952	0.123898	0	0.0101721	0.176984	22.9445
46	0.0105315	0.0397762	0.123898	0	0.0101166	0.167727	19.3759
47	0.0105315	0.0400338	0.125805	0	0.0101274	0.178259	19.967
48	0.0101616	0.0401843	0.123898	0	0.0101721	0.212152	22.2404
49	0.0101616	0.0404381	0.129903	0	0.0101721	0.225736	23.65
50	0.0100086	0.0412896	0.135085	0	0.0107644	0.249293	25.9517
51	0.0100086	0.0420447	0.135085	0	0.0107644	0.264062	25.9517
52	0.0105315	0.0433715	0.164184	0	0.0107644	0.267271	25.9517
53	0.0105315	0.0446894	0.171151	0	0.0101721	0.262338	23.65
54	0.0111621	0.0475645	0.200255	0	0.0101721	0.270195	23.65
55	0.0105315	0.0484731	0.182735	0.00149925	0.0101721	0.259678	22.2404
56	0.0107689	0.0493107	0.183571	0	0.0101721	0.264776	24.9059
57	0.0108808	0.0502074	0.191471	0	0.0101721	0.26011	25.9517
58	0.0108808	0.0519638	0.200255	0	0.0101721	0.286293	27.5092
59	0.0108808	0.0543813	0.22537	0.00149925	0.0101721	0.288037	32.0385
60	0.0108808	0.0580344	0.262781	0	0.0101721	0.301975	32.0385
61	0.0127656	0.0623078	0.330031	0	0.0101721	0.308365	38.5158
62	0.0126349	0.0667092	0.330031	0	0.0101721	0.33028	48.4327
63	0.0108808	0.0741516	0.330031	0.00749625	0.0101721	0.322159	48.4327
64	0.0123706	0.0728638	0.339465	0.00749625	0.0101721	0.309544	43.0412
65	0.0108808	0.0753255	0.330031	0.011994	0.0101721	0.28667	40.2849
66	0.0108808	0.0769912	0.376963	0.0149925	0.0101721	0.266083	38.4017
67	0.0108808	0.0797193	0.516605	0.0254873	0.0104071	0.263091	40.2849
68	0.0150582	0.0918232	1.18868	0.047976	0.0101721	0.296986	46.2101
69	0.0108808	0.0739175	0.345745	0.0164918	0.0101721	0.299296	43.0412
70	0.012187	0.0681208	0.289295	0.0029985	0.0107644	0.338087	55.7024
71	0.0108808	0.0648801	0.23285	0.00149925	0.0101721	0.321067	46.2101
72	0.012187	0.0623421	0.23285	0	0.0101721	0.292549	46.7361
73	0.012187	0.061085	0.23285	0.0029985	0.0101721	0.247762	41.063
74	0.012187	0.0599223	0.23285	0.0029985	0.0101721	0.21311	43.0412
75	0.01297	0.059182	0.246307	0.00149925	0.0101721	0.184672	34.6282
76	0.0123715	0.0582027	0.246307	0	0.0101721	0.130456	3.38827
77	0.0121492	0.0575122	0.239404	0	0.0101721	0.0983642	0.880401
78	0.012187	0.0576752	0.246307	0	0.0104793	0.0961664	0.920473
79	0.0121492	0.0566184	0.244964	0	0.0101721	0.0973639	0.976369
80	0.0121492	0.0560496	0.244964	0	0.0101721	0.0982665	1.07132
81	0.0137881	0.0588878	0.292695	0	0.0108314	0.0887299	0.731204
82	0.0137881	0.0598055	0.292695	0	0.0104459	0.0863799	0.703247
83	0.0110166	0.0546298	0.243454	0	0.0101721	0.085452	0.649279
84	0.0121492	0.0503131	0.23285	0	0.0101721	0.0839208	0.649279
85	0.0101273	0.0473898	0.193067	0	0.010315	0.0767978	0.458156
86	0.0101273	0.0472966	0.197507	0	0.01119	0.073385	0.458156
87	0.0101273	0.04521	0.192112	0.00449775	0.01119	0.073183	0.458156
88	0.0101273	0.0418209	0.171181	0	0.01119	0.0715269	0.458156
89	0.0101273	0.0400335	0.168548	0	0.0108373	0.0668834	0.357418
90	0.0101273	0.0395142	0.166917	0	0.010315	0.0651394	0.33237
91	0.0101273	0.0383305	0.166917	0	0.01119	0.0622408	0.316437
92	0.0101273	0.0370796	0.151007	0	0.0109157	0.0611202	0.303129
93	0.0101273	0.0364582	0.151007	0.00149925	0.01119	0.0622944	0.305555
94	0.0101273	0.0344039	0.136831	0.00149925	0.0121819	0.0609467	0.313912
95	0.0101273	0.0332994	0.131715	0	0.0116442	0.0613944	0.305555
96	0.0101273	0.0326319	0.127483	0	0.0121819	0.0611403	0.313912
97	0.0101273	0.0323756	0.125722	0	0.0122072	0.0601179	0.303129
98	0.0101273	0.0315701	0.125593	0	0.0118882	0.0587762	0.287729
99	0.0101273	0.0315175	0.125593	0	0.0118882	0.0580401	0.278717
100	0.01005	0.0313979	0.122432	0	0.0122072	0.057334	0.284753
101	0.01005	0.031069	0.119448	0	0.0118882	0.0569282	0.278717
102	0.01005	0.0309524	0.119448	0	0.0118882	0.057258	0.284306
103	0.01005	0.0305181	0.113709	0	0.0109695	0.0567523	0.256144
104	0.01005	0.0302676	0.11126	0	0.0107505	0.0566698	0.256144
105	0.01005	0.0301161	0.10925	0	0.0118882	0.055925	0.261486
106	0.01005	0.0297591	0.103257	0	0.0118882	0.0567519	0.256144
107	0.01005	0.0296	0.108301	0	0.0116015	0.0564725	0.25301
108	0.01005	0.030293	0.113709	0	0.0116015	0.056262	0.25301
109	0.01005	0.0309057	0.119448	0	0.0116015	0.0574648	0.25301
110	0.01005	0.030476	0.118113	0	0.0116015	0.0577113	0.270651
111	0.01005	0.0301635	0.118227	0	0.0116015	0.0596785	0.284753
112	0.01005	0.0304062	0.119448	0	0.0116015	0.0600747	0.287729
113	0.01005	0.0304172	0.122432	0	0.011701	0.0603853	0.289282
114	0.01005	0.0303274	0.125282	0	0.0116015	0.0613074	0.292284
115	0.01005	0.0308558	0.135803	0	0.0118882	0.0638848	0.303129
116	0.01005	0.0309308	0.137921	0	0.0121257	0.0682834	0.319582
117	0.01005	0.0311479	0.148206	0	0.0121485	0.0732286	0.335266
118	0.01005	0.031335	0.151007	0	0.0121774	0.0771519	0.348031
119	0.01005	0.0314404	0.151007	0	0.0121485	0.079289	0.356872
120	0.01005	0.0317093	0.156186	0	0.0121485	0.0880972	0.423136
121	0.01005	0.0318046	0.156186	0	0.0121485	0.0954893	0.469475
122	0.01005	0.0323038	0.174012	0	0.0126613	0.100069	0.529126
123	0.01005	0.0334543	0.179355	0	0.0122072	0.109053	0.529126
124	0.01005	0.0338094	0.183561	0	0.0149202	0.111179	0.558132
125	0.0100454	0.0341653	0.192398	0	0.0122072	0.111626	0.529126
126	0.0101357	0.0349581	0.199975	0	0.0170424	0.118886	0.775677
127	0.0101357	0.0364823	0.240204	0	0.0171395	0.124155	0.775677
128	0.0101344	0.038094	0.26995	0.00149925	0.0179098	0.127693	0.775677
129	0.0101357	0.0426177	0.359116	0.005997	0.0170424	0.125032	0.775677
130	0.0102577	0.0536264	0.501021	0.017991	0.0143955	0.125279	0.591144
131	0.0100018	0.0698535	0.633026	0.0284858	0.0151648	0.12375	0.573223
132	0.0101357	0.0912198	0.880524	0.0329835	0.0144981	0.122049	0.525007
133	0.010695	0.136467	1.0441	0.0494753	0.014565	0.122531	0.525007
134	0.0175204	0.261836	1.39599	0.110945	0.0170424	0.12229	0.573223
135	0.0277604	0.28266	1.84931	0.113943	0.0151648	0.120619	0.529126
136	0.0408027	0.335738	1.82024	0.131934	0.0143955	0.120006	0.474891
137	0.0613767	0.39252	1.83272	0.155922	0.0189184	0.115722	0.548233
138	0.0634176	0.394921	1.84931	0.157421	0.0189184	0.113423	0.471448
139	0.0538076	0.408745	1.81298	0.172414	0.0189972	0.109698	0.434734
140	0.0344117	0.470461	2.53292	0.212894	0.0189184	0.105217	0.431038
141	0.0109973	0.18116	1.21911	0.077961	0.0189972	0.10343	0.423136
142	0.0106878	0.108504	0.991524	0.035982	0.0189972	0.100541	0.433593
143	0.0100134	0.0782001	0.693612	0.0164918	0.0189972	0.0991153	0.431038
144	0.0101534	0.0644166	0.403901	0.00149925	0.0170171	0.101219	0.436034
145	0.0109286	0.0602064	0.403901	0.00149925	0.0143955	0.101386	0.388714
146	0.0109286	0.0589331	0.392638	0.00149925	0.014565	0.106894	0.434734
147	0.0109286	0.0564798	0.385968	0	0.0143955	0.106536	0.404023
148	0.0109286	0.0545157	0.37911	0	0.0144938	0.105862	0.402025
149	0.0109286	0.0522816	0.37911	0	0.0144938	0.106597	0.404023
150	0.0100225	0.0518384	0.335112	0	0.0151648	0.111031	0.445381
151	0.0109286	0.052602	0.37911	0	0.0143955	0.114851	0.46455
152	0.0109286	0.052681	0.37911	0	0.0111727	0.119505	0.46455
153	0.0103417	0.0522374	0.359673	0	0.0111727	0.122157	0.490079
154	0.0101925	0.0527357	0.355998	0	0.0111727	0.125295	0.517466
155	0.0104902	0.0532157	0.368321	0	0.0165731	0.129708	0.742522
156	0.0104902	0.05301	0.362119	0	0.0191783	0.143382	0.96443
157	0.0104902	0.0531814	0.362119	0	0.0190973	0.157977	0.96443
158	0.0104902	0.0532467	0.359673	0	0.0259766	0.168233	1.23655
159	0.0105317	0.0545031	0.362119	0	0.0259766	0.179717	1.21328
160	0.0104902	0.0576468	0.365057	0	0.0191783	0.203943	1.24962
161	0.0109286	0.0598293	0.37911	0	0.0422077	0.279147	4.69826
162	0.0109286	0.0620317	0.392638	0	0.0332759	0.274619	2.85676
163	0.0109286	0.066028	0.429391	0	0.0416529	0.295457	2.64233
164	0.0109286	0.0751381	0.480586	0.00149925	0.0415293	0.303705	2.64233
165	0.0109286	0.0888099	0.601001	0.00449775	0.0422077	0.278549	2.07866
166	0.0109286	0.0994891	0.693296	0.00449775	0.0354712	0.285491	2.07866
167	0.0109286	0.126574	0.906683	0.0344828	0.0415293	0.297586	2.78554
168	0.010456	0.220592	1.39181	0.107946	0.0450902	0.289307	2.58958
169	0.102527	0.56324	2.21343	0.272864	0.0450902	0.268584	2.63762
170	0.102527	0.559987	2.09534	0.269865	0.0138477	0.210214	1.4514
171	0.102527	0.556934	2.09534	0.269865	0.0124146	0.172825	1.34842
172	0.10295	0.545114	2.0066	0.262369	0.0108508	0.133826	0.834634
173	0.102527	0.540764	2.0066	0.262369	0.0108508	0.113053	0.761422
174	0.0929402	0.506643	2.21343	0.251874	0.0108159	0.0911461	0.523755
175	0.0821109	0.482617	2.0066	0.241379	0.0101131	0.0804914	0.351608
176	0.0104166	0.149271	1.20599	0.0809595	0.0116677	0.07539	0.351608
177	0.0101372	0.0832645	0.725935	0.0329835	0.0112549	0.0714723	0.313878
178	0.0101372	0.0601752	0.627423	0.0209895	0.0116677	0.0671945	0.308655
179	0.0103965	0.0495461	0.547892	0.0164918	0.0126486	0.0657493	0.327006
180	0.0100076	0.0457079	0.383929	0.0029985	0.0116128	0.0652164	0.30508
181	0.0100076	0.0422554	0.30324	0	0.0116128	0.0632281	0.301615
182	0.0101372	0.0399885	0.272035	0	0.0116128	0.0624825	0.309532
183	0.0100076	0.0393201	0.261113	0.0029985	0.0107498	0.0623498	0.276276
184	0.0100076	0.0383212	0.243599	0.00149925	0.0106311	0.0620694	0.276276
185	0.0100076	0.0368234	0.224071	0	0.0106311	0.0601117	0.269456
186	0.0100076	0.0361352	0.20012	0	0.0108316	0.0603962	0.276276
187	0.0101372	0.0346757	0.192974	0	0.0106311	0.0582626	0.264504
188	0.0104166	0.0344425	0.192974	0.00149925	0.0107498	0.057846	0.276276
189	0.0100076	0.0339766	0.173529	0	0.0101131	0.0572117	0.257495
190	0.0100076	0.0336958	0.169843	0	0.0107498	0.0561117	0.264013
191	0.0100076	0.0340983	0.173742	0	0.0107498	0.0553754	0.257495
192	0.0100076	0.0340921	0.173529	0	0.0107498	0.05522	0.261579
193	0.0100076	0.0341985	0.173529	0	0.0107498	0.0540346	0.261579
194	0.0104166	0.0340229	0.173742	0	0.0107498	0.0544358	0.261579
195	0.0103965	0.0339641	0.173742	0	0.0107498	0.054508	0.261579
196	0.0104166	0.0348043	0.190826	0	0.0107498	0.055064	0.261579
197	0.0101286	0.0340382	0.173742	0	0.0101131	0.05163	0.231378
198	0.0100076	0.0345509	0.173742	0	0.0101584	0.0513228	0.231378
199	0.0104166	0.0351517	0.19063	0	0.0101584	0.0515979	0.219673
200	0.0100076	0.0351613	0.173742	0	0.0101584	0.0515223	0.21759
201	0.0104166	0.0350168	0.192974	0	0.0101584	0.0525769	0.239567
202	0.0103107	0.0365719	0.197181	0	0.0102302	0.0532461	0.248531
203	0.0100076	0.0368439	0.194405	0	0.0101584	0.0538107	0.256792
204	0.0100076	0.0385287	0.205435	0	0.0108433	0.0519426	0.273492
205	0.0100076	0.0407118	0.243256	0	0.0101584	0.0512824	0.254428
206	0.0103107	0.0440602	0.305268	0.00449775	0.0106911	0.0515226	0.276276
207	0.0100076	0.0493477	0.391894	0.00749625	0.0107897	0.0551802	0.321323
208	0.0100076	0.0554924	0.547022	0.0134933	0.0107897	0.0561638	0.321323
209	0.0103107	0.0804133	1.02892	0.053973	0.0108433	0.0583817	0.346622
210	0.0433623	0.711808	7.65109	0.430285	0.0108433	0.058603	0.346622
211	0.033526	0.267798	2.51108	0.152924	0.0107897	0.0580765	0.346622
212	0.0343942	0.249569	2.51104	0.134933	0.0107897	0.0581535	0.346622
213	0.018739	0.158457	1.38085	0.053973	0.0107695	0.058818	0.346622
214	0.0172117	0.12398	0.97542	0.0134933	0.0107695	0.0598688	0.387768
215	0.0165911	0.109653	0.858042	0.00449775	0.0107695	0.0622261	0.394572
216	0.0156255	0.102111	0.776614	0.0029985	0.0107695	0.0631362	0.400825
217	0.0122476	0.098178	0.582511	0.00149925	0.0100851	0.064646	0.419507
218	0.011381	0.0941636	0.467158	0	0.0108428	0.0696173	0.758141
219	0.0122476	0.0925645	0.493345	0.00149925	0.0100851	0.0749249	0.892692
220	0.0125089	0.093095	0.493345	0	0.0100851	0.0826695	1.19562
221	0.0122476	0.0931412	0.493345	0.00149925	0.0108433	0.0962306	1.58384
222	0.0115237	0.104383	0.823869	0.0344828	0.0100851	0.10739	1.49355
223	0.0122476	0.0851709	0.467158	0.00149925	0.0108433	0.122736	2.10171
224	0.0142002	0.0809344	0.493345	0	0.0100851	0.142619	2.23886
225	0.0103468	0.0728335	0.31234	0	0.0100851	0.185365	3.04912
226	0.0102028	0.0693396	0.288347	0	0.0122998	0.223893	5.02529
227	0.0102028	0.0676426	0.288347	0	0.0122998	0.243116	5.77116
228	0.0102028	0.0664097	0.293353	0	0.0100851	0.281782	6.10511
229	0.0128218	0.0643691	0.348758	0	0.0100851	0.32988	10.1208
230	0.0121114	0.0631079	0.31234	0	0.0100851	0.409428	17.7681
231	0.0121114	0.0618112	0.31234	0	0.0100851	0.51425	27.059
232	0.0101624	0.0605118	0.2639	0	0.0100851	0.735954	38.5037
233	0.0115307	0.0605135	0.294014	0	0.0100851	0.880184	39.0241
234	0.0115307	0.0592463	0.294014	0	0.0196194	1.82905	87.4166
235	0.0113115	0.059324	0.294014	0	0.686495	6.38757	85.81
236	0.0101548	0.0596916	0.268471	0	0.071051	3.20131	77.518
237	0.0101548	0.0544603	0.255628	0	0.0145374	1.22553	76.959
238	0.0101548	0.0518232	0.227039	0	0.0106789	0.739474	57.4967
239	0.0100142	0.0469997	0.183061	0	0.0108142	0.479396	40.6397
240	0.0101085	0.0455132	0.183061	0	0.010881	0.274067	9.53729
241	0.0100142	0.042864	0.167688	0	0.010881	0.235602	6.48375
242	0.0101085	0.0401825	0.153389	0	0.0102687	0.215134	6.48375
243	0.0102028	0.0384104	0.153389	0	0.0102687	0.191922	5.67202
244	0.0102028	0.0359074	0.141023	0	0.0102687	0.147148	3.40144
245	0.0102028	0.0349114	0.139456	0	0.0102687	0.138595	2.82511
246	0.0101495	0.0346158	0.138934	0	0.0102687	0.130642	2.8971
247	0.0101495	0.0343669	0.138934	0	0.0102687	0.12625	2.8971
248	0.0101085	0.03329	0.132121	0	0.0102687	0.121737	2.82511
249	0.0101085	0.0325562	0.121088	0	0.0102687	0.116346	2.82511
250	0.0101068	0.031755	0.119701	0	0.0102687	0.111039	2.74732
251	0.0101068	0.0311287	0.114732	0	0.0102687	0.106648	3.84391
252	0.0101068	0.0304869	0.112015	0	0.0102687	0.170858	20.0894
253	0.0101068	0.0300475	0.110658	0	0.0102687	0.366012	70.8779
254	0.0101068	0.0290195	0.109525	0	0.0114511	0.76441	83.6018
255	0.0101068	0.02882	0.109739	0	0.0160704	1.41652	99.506
256	0.0101068	0.0282911	0.109098	0	0.0150857	1.35641	99.506
257	0.0101068	0.0284295	0.110658	0	0.0145767	0.997606	97.2424
258	0.0101442	0.0280246	0.109098	0	0.014325	0.812179	97.2424
259	0.0101068	0.0273851	0.102242	0	0.0144823	0.698731	97.2424
260	0.0101442	0.026714	0.097689	0	0.0104873	0.572351	51.5225
261	0.0101442	0.0264023	0.094074	0	0.010889	0.524881	51.5225
262	0.0101442	0.0261527	0.0928575	0	0.0117835	0.436501	51.1435
263	0.010178	0.0260609	0.0895823	0	0.0104873	0.389954	38.8791
264	0.0101442	0.0263946	0.0895823	0	0.0107859	0.328719	38.8791
265	0.0101495	0.0265617	0.094074	0	0.0100389	0.253685	28.4597
266	0.0101495	0.0265242	0.0948896	0	0.0100389	0.218487	13.3851
267	0.010178	0.0261872	0.0934341	0.00149925	0.0100389	0.201516	8.15833
268	0.0101495	0.0260085	0.0895581	0.00149925	0.0100389	0.178969	4.74077
269	0.0101495	0.0256786	0.0854676	0	0.0100389	0.170183	4.07244
270	0.0101495	0.025554	0.0813689	0	0.0100389	0.165938	3.52164
271	0.0101495	0.0255334	0.0796377	0.0029985	0.0100389	0.166425	3.52164
272	0.0101495	0.0250191	0.0789625	0	0.0100389	0.166209	4.19399
273	0.0101495	0.0252171	0.0797396	0	0.010967	0.165261	4.74077
274	0.0101495	0.02565	0.0854676	0	0.0100389	0.156815	2.85856
275	0.0101495	0.0254032	0.0810715	0	0.0100389	0.164828	3.08896
276	0.0101495	0.0256895	0.0854676	0	0.0100389	0.194578	8.07886
277	0.0101495	0.0259213	0.0882631	0	0.0114511	0.246293	34.4111
278	0.0101495	0.0260569	0.0895581	0	0.0140291	0.297752	60.7418
279	0.0101495	0.0261437	0.0903972	0	0.0139809	0.378398	60.8857
280	0.0101495	0.0267266	0.0948896	0	0.018523	0.446584	73.8281
281	0.0101495	0.0271703	0.101441	0.00149925	0.0203394	0.513997	87.6307
282	0.0101477	0.0273702	0.105453	0.00149925	0.0196312	0.540328	87.6307
283	0.0101477	0.0281992	0.106049	0.0029985	0.0194385	0.612129	88.3858
284	0.0101477	0.0279816	0.104061	0.00149925	0.0203394	0.634117	89.7887
285	0.0101477	0.0280999	0.105453	0.00149925	0.0241472	0.634277	94.5239
286	0.0101477	0.0286243	0.108036	0	0.0189135	0.627875	75.8306
287	0.0101477	0.0298901	0.113782	0	0.0191686	0.600314	72.5341
288	0.0101477	0.0298996	0.112794	0	0.0218246	0.564055	67.4795
289	0.0101477	0.0299026	0.108036	0	0.0228707	0.56016	58.4322
290	0.010178	0.0300151	0.109739	0	0.0234186	0.53181	58.4322
291	0.010178	0.0301177	0.110661	0	0.0155904	0.490285	35.1994
292	0.010178	0.0303006	0.109739	0	0.0176472	0.459131	36.0531
293	0.010178	0.0302834	0.106959	0	0.0143371	0.365707	24.2046
294	0.010178	0.0306991	0.108036	0	0.0143371	0.344328	20.4833
295	0.010178	0.0308101	0.112271	0	0.0123443	0.294164	16.7273
296	0.010178	0.0316056	0.11503	0	0.0123489	0.25747	9.25756
297	0.010178	0.0317648	0.11677	0.00149925	0.0123443	0.244255	7.54411
298	0.010178	0.0319532	0.11677	0	0.0113323	0.20275	4.27985
299	0.010178	0.0323822	0.118393	0	0.0129475	0.194983	3.27965
300	0.010178	0.03315	0.119098	0	0.014261	0.206921	3.15574
301	0.0101461	0.0338423	0.125213	0	0.014261	0.214131	3.15574
302	0.010178	0.0343116	0.125723	0	0.0143371	0.212006	3.15574
303	0.0101461	0.0346584	0.125723	0	0.0113455	0.213046	2.26973
304	0.010181	0.0360957	0.134064	0	0.014261	0.221444	2.26973
305	0.010178	0.0368862	0.134196	0	0.014261	0.225033	2.26973
306	0.010178	0.0379839	0.142049	0	0.0130897	0.227094	2.6668
307	0.0101461	0.0387187	0.14351	0	0.0130897	0.200641	1.01453
308	0.010178	0.0395449	0.145992	0	0.0234186	0.184571	1.21513
309	0.0101461	0.040619	0.152293	0.00149925	0.0234254	0.176933	0.992056
310	0.0101461	0.0409439	0.152293	0	0.0237606	0.175437	0.992056
311	0.0111258	0.0420972	0.172477	0	0.0321535	0.178646	1.37194
312	0.0115662	0.0435037	0.188708	0	0.0210664	0.170441	0.992056
313	0.0109426	0.0449727	0.188708	0	0.0160633	0.161706	0.859782
314	0.0101461	0.047193	0.199526	0.005997	0.0165727	0.15948	0.859782
315	0.0102449	0.0498703	0.260857	0.017991	0.014261	0.155666	0.696974
316	0.010178	0.0490446	0.215906	0.011994	0.014261	0.156344	0.696974
317	0.0101461	0.0488763	0.20398	0.011994	0.014261	0.158727	0.682612
318	0.0106181	0.0482422	0.188708	0.00149925	0.0141708	0.154947	0.657956
319	0.0106181	0.0484793	0.188708	0.00149925	0.0177277	0.156281	0.696974
320	0.0104923	0.0496937	0.188708	0	0.0191805	0.153826	0.781345
321	0.0115667	0.0512253	0.213392	0	0.0141708	0.152367	0.611161
322	0.0115667	0.0506103	0.213392	0	0.0141708	0.154218	0.615143
323	0.0111759	0.0504305	0.20398	0	0.0212533	0.155835	0.887967
324	0.0104923	0.0514994	0.20398	0	0.0144475	0.152638	0.6362
325	0.0125636	0.0540868	0.262744	0	0.014261	0.154504	0.6362
326	0.0125636	0.0550175	0.262744	0	0.014261	0.161023	0.6362
327	0.0122756	0.057455	0.261188	0	0.0184886	0.163658	0.859782
328	0.0115667	0.0609593	0.262744	0	0.0184886	0.160939	0.859782
329	0.0115667	0.0606482	0.284881	0.00149925	0.0132785	0.156729	0.652385
330	0.0120783	0.0599608	0.290224	0	0.0130942	0.155397	0.657956
331	0.0115429	0.0600596	0.267959	0.00149925	0.0155443	0.156653	0.871035
332	0.0115429	0.0593329	0.261188	0	0.0130942	0.151933	0.652385
333	0.0120783	0.0592338	0.267959	0	0.0130942	0.149161	0.692316
334	0.0115667	0.0605613	0.261188	0	0.0130942	0.161158	0.781345
335	0.0120783	0.0609951	0.283585	0	0.0125283	0.171137	0.887967
336	0.0120783	0.062071	0.290224	0	0.0138395	0.184383	1.09998
337	0.0120844	0.0629578	0.290224	0	0.0133412	0.217451	1.36563
338	0.0120844	0.0643863	0.311863	0	0.0133412	0.304949	4.68802
339	0.0115429	0.0684898	0.325378	0	0.0133412	0.420195	5.58112
340	0.010178	0.0706366	0.31194	0.00149925	0.0795698	0.596499	22.2184
341	0.0115667	0.0741971	0.40198	0.00149925	0.0831184	0.671857	22.2184
342	0.0108326	0.0853049	0.455514	0.0104948	0.0831184	0.706458	22.2184
343	0.010178	0.0965925	0.588514	0.0194903	0.0853783	0.724537	25.149
344	0.0108326	0.114943	0.795776	0.029985	0.0886898	0.706056	31.6308
345	0.0190116	0.180685	1.98965	0.0884558	0.083911	0.710013	28.8434
346	0.0526817	0.375474	2.24403	0.196402	0.0853783	0.718097	28.8434
347	0.0614906	0.379594	2.22697	0.196402	0.0886898	0.727085	25.5877
348	0.0588204	0.38324	2.22697	0.194903	0.0853783	0.650001	31.6308
349	0.0614906	0.376739	2.32163	0.181409	0.0563888	0.600068	13.0697
350	0.071302	0.381438	2.51741	0.181409	0.0564017	0.568065	6.2072
351	0.0614906	0.364828	2.32163	0.173913	0.0536805	0.553437	5.74693
352	0.0110249	0.194763	1.46872	0.0989505	0.0536805	0.529443	6.2072
353	0.0101504	0.133107	0.990168	0.0464768	0.0849759	0.530912	7.3543
354	0.0101504	0.106652	0.483294	0.011994	0.0849759	0.513732	4.39292
355	0.0104582	0.0989018	0.454705	0.0089955	0.0850805	0.544551	6.2072
356	0.0104582	0.0946095	0.433282	0.00749625	0.0849759	0.576315	6.79131
357	0.0104582	0.0936201	0.423457	0.00749625	0.057682	0.620621	12.6116
358	0.0107043	0.0928254	0.423457	0.00749625	0.0850805	0.66164	26.0582
359	0.0101504	0.0875266	0.386721	0.00149925	0.0850805	0.737935	26.0582
360	0.0101504	0.0867521	0.386721	0	0.104689	0.74149	35.7679
361	0.0123921	0.0875099	0.472315	0	0.106622	0.748415	25.1567
362	0.0123921	0.087035	0.461611	0	0.106622	0.752673	25.1567
363	0.0123921	0.0872519	0.450663	0	0.129756	0.74963	22.505
364	0.0123921	0.089523	0.483294	0	0.101261	0.686835	28.8202
365	0.0121096	0.0931044	0.483294	0	0.109505	0.659923	35.7679
366	0.010577	0.0978746	0.454705	0	0.017395	0.390942	3.41773
367	0.0101504	0.101297	0.450663	0.00149925	0.0115024	0.33737	1.78933
368	0.0103352	0.122008	0.642314	0.0194903	0.0115024	0.300654	1.75711
369	0.0492941	0.569778	23.2239	0.287856	0.0115024	0.295313	1.78933
370	0.0123128	0.14915	0.966071	0.0374813	0.0115024	0.283222	1.78933
371	0.0123128	0.127123	0.669451	0.011994	0.0115024	0.314527	2.94687
372	0.0114706	0.118784	0.589911	0.0089955	0.0115024	0.318532	3.70225
373	0.0114706	0.112926	0.544792	0.005997	0.0115024	0.305416	3.70225
374	0.0121612	0.109591	0.544792	0.0029985	0.0115024	0.325991	5.38011
375	0.0104612	0.107787	0.475367	0.0029985	0.0115024	0.346584	9.24646
376	0.0122818	0.10884	0.632107	0.00749625	0.0115024	0.373442	13.8012
377	0.0114706	0.110925	0.653486	0.0224888
