		omega		Posterior		rho				Synonymous theta			kappa			phi	
Site	Lower	Point	Higher	prob of +ve	Lower	Point	Higher		Lower	Point	Higher	Lower	Point	Higher	Lower	Point	Higher
	95% HPD	estimate	95% HPD	selection	95% HPD	estimate	95% HPD		95% HPD	estimate	95% HPD	95% HPD	estimate	95% HPD	95% HPD	estimate	95% HPD
0	0.0142126	0.564899	66.9896	0.322339	0.0111393	0.243074	9.03825		0.0361771	0.0597696	0.10591	2.66644	6.94734	16.7466	7.59631e+07	2.97101e+18	4.72915e+27
1	0.0141171	0.522746	67.8569	0.298351	0.0111393	0.242188	9.03825
2	0.0141171	0.499456	69.1781	0.287856	0.0111393	0.233122	6.4411
3	0.0141171	0.48987	67.8569	0.277361	0.0111393	0.240169	6.23179
4	0.0149432	0.506103	67.8569	0.278861	0.010972	0.238133	5.02285
5	0.0173155	0.509765	73.4801	0.262369	0.010972	0.237428	5.24503
6	0.0142412	0.479142	59.6576	0.244378	0.010972	0.253871	6.4411
7	0.0149432	0.475006	57.235	0.233883	0.0102057	0.266548	7.47403
8	0.0149432	0.409073	52.1388	0.208396	0.0102057	0.269981	9.03825
9	0.0102102	0.366292	28.4516	0.17991	0.0103321	0.281442	9.03825
10	0.0101216	0.312659	12.7077	0.145427	0.0111712	0.269163	6.4411
11	0.0101216	0.269953	2.29296	0.110945	0.0111712	0.2705	6.4411
12	0.0139598	0.228483	1.3537	0.0749625	0.0111712	0.274778	6.23047
13	0.0191533	0.24568	1.74965	0.077961	0.0141859	0.27304	6.45151
14	0.0173155	0.257632	1.45899	0.0764618	0.0141859	0.278897	6.24146
15	0.0222621	0.284331	1.45899	0.077961	0.0141859	0.27802	4.59649
16	0.0443474	0.324214	2.29296	0.101949	0.0103286	0.281018	4.26388
17	0.0394813	0.306359	1.74965	0.089955	0.0141859	0.262985	3.28651
18	0.0365921	0.303393	1.81773	0.0944528	0.0138255	0.256171	3.5789
19	0.0277574	0.305905	1.48006	0.0944528	0.0115627	0.251238	3.13502
20	0.0394813	0.308985	2.21458	0.103448	0.0102879	0.254614	4.26388
21	0.0319161	0.403594	5.57685	0.164918	0.0115627	0.255177	3.5789
22	0.0160412	0.241782	1.45039	0.0824588	0.0138255	0.184979	1.69473
23	0.0154529	0.196464	1.3281	0.0614693	0.0141859	0.158466	1.00186
24	0.0139916	0.177569	1.14854	0.0524738	0.0149756	0.138287	0.835194
25	0.0141866	0.164344	1.14854	0.0509745	0.0138255	0.129869	0.649402
26	0.0139916	0.152252	1.21264	0.0509745	0.0138255	0.127295	0.567729
27	0.0123733	0.147618	1.03914	0.047976	0.0149756	0.124497	0.567729
28	0.0116107	0.144373	1.03914	0.0509745	0.0149756	0.118212	0.506389
29	0.0116906	0.143639	1.03672	0.0509745	0.0156149	0.116801	0.506389
30	0.0116906	0.14598	1.03914	0.0554723	0.0149756	0.119196	0.518716
31	0.0114038	0.148611	1.03914	0.05997	0.0156149	0.11633	0.499801
32	0.0114038	0.155666	1.09765	0.065967	0.0156149	0.11543	0.471333
33	0.0137591	0.168286	1.50995	0.0869565	0.0156149	0.111656	0.450829
34	0.0151586	0.191154	1.79837	0.116942	0.0132675	0.10513	0.369229
35	0.0148295	0.24297	2.28017	0.163418	0.0156149	0.102429	0.380833
36	0.0181186	0.40509	4.08834	0.277361	0.0156149	0.1019	0.351848
37	0.288979	1.19629	6.14191	0.554723	0.0157333	0.100175	0.352991
38	0.334395	1.22569	6.14191	0.562219	0.0156149	0.0995817	0.352991
39	0.332921	1.20551	6.00237	0.556222	0.0156149	0.0975595	0.351651
40	0.313741	1.12312	5.64865	0.524738	0.0145395	0.0968031	0.351651
41	0.137106	0.761537	5.90251	0.395802	0.0156149	0.0959993	0.350529
42	0.0735047	0.6592	3.09285	0.335832	0.0156149	0.0976298	0.341012
43	0.0701421	0.627708	2.73909	0.310345	0.0156149	0.0971562	0.336715
44	0.0724136	0.613828	2.73909	0.298351	0.0158385	0.0974674	0.351651
45	0.0680048	0.621459	2.3398	0.298351	0.0169827	0.0989012	0.366655
46	0.0860361	0.634069	2.70154	0.298351	0.0169827	0.0991325	0.366655
47	0.110707	0.641963	3.09285	0.296852	0.016421	0.0993886	0.362131
48	0.0479826	0.539327	2.04286	0.263868	0.016421	0.0998629	0.362131
49	0.0479826	0.495459	2.3398	0.244378	0.0157333	0.10386	0.35891
50	0.0479826	0.487205	2.3398	0.238381	0.0156234	0.106197	0.366482
51	0.0317278	0.478952	1.78495	0.232384	0.0156234	0.107546	0.383193
52	0.0479826	0.496136	2.35625	0.235382	0.0156234	0.10821	0.383193
53	0.0315289	0.503342	1.84542	0.238381	0.0140038	0.108848	0.366482
54	0.0383222	0.519947	2.62684	0.250375	0.0140038	0.108526	0.366482
55	0.0383222	0.548435	2.76553	0.262369	0.0132675	0.108974	0.383193
56	0.0587822	0.662653	2.88846	0.304348	0.0139099	0.112726	0.436351
57	0.252487	0.858153	2.88846	0.362819	0.0139099	0.115193	0.436351
58	0.238707	0.804319	2.35625	0.341829	0.0132675	0.116579	0.42964
59	0.265189	0.780995	2.35625	0.332834	0.0149194	0.112317	0.436351
60	0.27554	0.788631	2.31593	0.335832	0.0154277	0.110219	0.41754
61	0.279592	0.79471	2.31593	0.341829	0.0158963	0.109858	0.41754
62	0.279592	0.79508	2.35625	0.341829	0.0149194	0.11015	0.41754
63	0.288979	0.806945	2.31593	0.346327	0.0139099	0.1089	0.41754
64	0.259799	0.795514	2.35625	0.341829	0.0149194	0.106749	0.42964
65	0.194258	0.712898	2.31593	0.311844	0.0139099	0.107835	0.42964
66	0.186998	0.662776	2.48824	0.286357	0.0139099	0.1056	0.429088
67	0.170543	0.636259	2.86627	0.271364	0.0128532	0.105484	0.412471
68	0.123799	0.605868	3.38224	0.25937	0.0128532	0.104697	0.429088
69	0.0809949	0.573352	2.3125	0.245877	0.0123891	0.103845	0.41754
70	0.0942165	0.569155	2.35625	0.248876	0.0123891	0.103597	0.41754
71	0.0908139	0.588598	2.06068	0.254873	0.0123891	0.101086	0.436351
72	0.186998	0.670421	2.49251	0.28036	0.0123736	0.104258	0.505838
73	0.186998	0.655371	2.73909	0.275862	0.0123891	0.108196	0.488721
74	0.150932	0.634395	2.73909	0.268366	0.0128532	0.106787	0.538358
75	0.111649	0.606745	2.58257	0.257871	0.0121818	0.105643	0.535887
76	0.111649	0.603613	2.73909	0.263868	0.010647	0.107578	0.538358
77	0.0941546	0.623356	2.58257	0.275862	0.0114331	0.112676	0.91339
78	0.170543	1.13634	28.2871	0.421289	0.0104338	0.124967	1.55915
79	0.0183523	0.312191	2.39268	0.190405	0.0103823	0.132735	2.1772
80	0.0119949	0.2169	1.55927	0.14093	0.0103823	0.145473	3.46259
81	0.0108913	0.152007	1.27757	0.10045	0.0103823	0.168396	8.85172
82	0.0101341	0.119915	1.13998	0.0764618	0.0103823	0.186694	17.2906
83	0.0101341	0.0955061	1.0455	0.0554723	0.0103823	0.187887	17.2906
84	0.0101144	0.0787545	0.83133	0.035982	0.0103823	0.197735	23.1286
85	0.0101144	0.0700662	0.769474	0.0269865	0.0103823	0.198677	23.1286
86	0.0101144	0.0644054	0.713459	0.0209895	0.0104222	0.226907	30.2109
87	0.0101144	0.0581843	0.556056	0.0104948	0.0104222	0.245395	30.2109
88	0.0101144	0.0568617	0.550254	0.0089955	0.0104222	0.269144	31.6702
89	0.0101144	0.0519736	0.480459	0.0029985	0.0104222	0.291627	35.6005
90	0.0101144	0.0512982	0.472575	0.0029985	0.0104338	0.305495	36.2992
91	0.0101095	0.0515599	0.459639	0.0029985	0.0124993	0.338704	46.9071
92	0.0101095	0.0511509	0.422869	0.0029985	0.0104338	0.304679	38.1017
93	0.0101095	0.0505739	0.405418	0.00149925	0.0128946	0.31149	46.9071
94	0.0101095	0.0509398	0.434996	0.00449775	0.0100291	0.307109	30.1711
95	0.0101095	0.051161	0.43704	0.00449775	0.0104338	0.32071	27.815
96	0.0101095	0.0510614	0.441439	0.005997	0.0114608	0.322878	37.3313
97	0.0101095	0.0517787	0.478684	0.0104948
