		omega		Posterior		rho				Synonymous theta			kappa			phi	
Site	Lower	Point	Higher	prob of +ve	Lower	Point	Higher		Lower	Point	Higher	Lower	Point	Higher	Lower	Point	Higher
	95% HPD	estimate	95% HPD	selection	95% HPD	estimate	95% HPD		95% HPD	estimate	95% HPD	95% HPD	estimate	95% HPD	95% HPD	estimate	95% HPD
0	0.0101121	0.0337745	0.190987	0.0089955	0.0102995	0.523467	51.9406		0.0445333	0.0628852	0.082769	1.93293	3.72495	6.65284	0	0	0
1	0.0100398	0.0330478	0.174491	0.005997	0.0102995	0.539099	51.9406
2	0.0101492	0.0325014	0.172224	0.005997	0.0102995	0.524576	51.9406
3	0.0100398	0.0314679	0.160486	0.00449775	0.0107222	0.519769	57.847
4	0.0100398	0.0305849	0.137892	0.00149925	0.0107222	0.478906	51.9406
5	0.0100398	0.0304988	0.137892	0.00149925	0.010776	0.409149	49.8655
6	0.0100398	0.0303909	0.144065	0.00149925	0.010776	0.315013	46.9393
7	0.0100398	0.0302592	0.137892	0.00149925	0.010776	0.251426	36.5859
8	0.0101492	0.0299638	0.135639	0.00149925	0.0112259	0.192944	26.6552
9	0.0100398	0.0296676	0.129663	0	0.010776	0.141687	6.37316
10	0.0100398	0.0294473	0.126351	0	0.0110764	0.0966796	0.814318
11	0.0100398	0.0291048	0.123783	0	0.010512	0.0960497	0.774003
12	0.0101492	0.02856	0.115372	0	0.010776	0.0944789	0.741898
13	0.0100398	0.0287767	0.115372	0	0.010512	0.0920801	0.639475
14	0.0101492	0.0281572	0.113331	0	0.010776	0.0890216	0.600268
15	0.0100398	0.0283106	0.113331	0	0.0110764	0.0871512	0.600268
16	0.0100898	0.0280051	0.113331	0	0.010512	0.0834622	0.531992
17	0.0100398	0.0280473	0.113331	0	0.0111998	0.0781011	0.51107
18	0.0100898	0.0276775	0.113331	0	0.010512	0.0710672	0.342988
19	0.0101492	0.0277178	0.113331	0	0.0111998	0.066606	0.318644
20	0.0100898	0.0275994	0.113331	0	0.010512	0.0633656	0.276103
21	0.0101492	0.0277803	0.113331	0.0029985	0.0110764	0.0622795	0.276103
22	0.0100898	0.0272872	0.110362	0.00149925	0.0111998	0.0611771	0.272015
23	0.0101492	0.0276617	0.113331	0.0029985	0.0114349	0.0599071	0.272015
24	0.0100398	0.0269196	0.108373	0.00149925	0.0109625	0.0595215	0.252756
25	0.0100398	0.0258297	0.093741	0	0.0111998	0.0572075	0.23817
26	0.0100398	0.0256618	0.0893769	0	0.0111998	0.0553995	0.234754
27	0.0100398	0.0258567	0.0902968	0	0.0110764	0.0560179	0.23817
28	0.0100898	0.0258925	0.0893769	0	0.0110764	0.0559319	0.23817
29	0.0101492	0.0257288	0.0893769	0	0.0110764	0.0563893	0.23817
30	0.0100398	0.025436	0.0825766	0	0.0109625	0.0573383	0.23817
31	0.0100398	0.0249615	0.0810236	0	0.0109625	0.0578367	0.23817
32	0.0100398	0.0248994	0.0794768	0	0.0110764	0.0596046	0.252756
33	0.0100398	0.0250853	0.0825766	0	0.0112197	0.0617926	0.276103
34	0.0100398	0.0246887	0.0810236	0	0.010512	0.0632739	0.276103
35	0.0100898	0.0246661	0.0819788	0	0.0111998	0.0633655	0.29089
36	0.0100398	0.0245488	0.0794768	0	0.0111998	0.0631662	0.276103
37	0.0100898	0.0243734	0.0772749	0	0.0109625	0.0638777	0.276103
38	0.0100898	0.0244228	0.0772749	0	0.0109625	0.0625633	0.252756
39	0.0100898	0.0243808	0.0766414	0	0.010621	0.0629488	0.252756
40	0.0100398	0.0242014	0.0739871	0	0.0111998	0.0628995	0.245936
41	0.0101492	0.0242472	0.0767304	0	0.0111998	0.0625365	0.23817
42	0.0101492	0.0241701	0.0767304	0	0.0109625	0.0607011	0.221946
43	0.0101492	0.0243345	0.0767304	0	0.0109625	0.059312	0.221946
44	0.0101492	0.0243227	0.0767304	0	0.0109625	0.0586631	0.221946
45	0.0100398	0.024166	0.0734724	0	0.0109625	0.058228	0.217151
46	0.0100398	0.024425	0.0739871	0	0.0112197	0.0568588	0.217646
47	0.0101492	0.0244858	0.0767304	0	0.010621	0.0569416	0.19996
48	0.0100398	0.0242346	0.0751239	0	0.0109625	0.0556908	0.197864
49	0.0100398	0.0243923	0.0751239	0	0.0109625	0.0561456	0.198681
50	0.0100898	0.0249607	0.0795393	0	0.0109625	0.0554601	0.198681
51	0.0100898	0.0248027	0.0767304	0	0.0109625	0.0566384	0.198681
52	0.0100898	0.0253796	0.0795393	0	0.0112197	0.0558747	0.198681
53	0.0100898	0.02531	0.0795393	0	0.0112259	0.0561248	0.19996
54	0.0100398	0.025283	0.0795393	0	0.0116179	0.0584148	0.224416
55	0.0100398	0.0257028	0.0867346	0	0.0122567	0.0597968	0.224416
56	0.0100398	0.0259851	0.0876315	0	0.0121535	0.0607001	0.224416
57	0.0100398	0.0258097	0.0867346	0	0.0121535	0.060269	0.224416
58	0.0100398	0.0257835	0.0834672	0	0.0112259	0.0625553	0.22345
59	0.0100398	0.0262787	0.0918672	0	0.0114742	0.0623122	0.224416
60	0.0100398	0.0263342	0.0918672	0	0.0114178	0.0631496	0.246715
61	0.0100398	0.0263766	0.0918672	0	0.0112259	0.0639674	0.245936
62	0.0100398	0.0266694	0.0951269	0	0.0110184	0.0655321	0.245936
63	0.0100889	0.0269511	0.0996287	0	0.0110184	0.065747	0.252571
64	0.0100889	0.0266766	0.0948309	0	0.0110184	0.0658833	0.276945
65	0.0101492	0.0264873	0.0951269	0	0.0137	0.0661296	0.329984
66	0.0100398	0.0261293	0.0918672	0	0.0132867	0.0656779	0.329984
67	0.0100398	0.0262373	0.095961	0	0.0114178	0.0678222	0.30848
68	0.0100898	0.0265897	0.0996953	0	0.0110184	0.0681849	0.295294
69	0.0100398	0.0266	0.0996953	0	0.0110184	0.0676606	0.277455
70	0.0101492	0.0263015	0.0996287	0	0.0110184	0.0675707	0.293538
71	0.0100398	0.0264208	0.0996287	0	0.0110353	0.0683356	0.30848
72	0.0100898	0.0263635	0.0996287	0.00149925	0.0112259	0.0676729	0.30848
73	0.0101629	0.0274135	0.111066	0.00749625	0.0110353	0.0677292	0.30848
74	0.0100398	0.0269908	0.101479	0.005997	0.0112259	0.0684615	0.30848
75	0.0100898	0.0265994	0.101479	0.00149925	0.0110184	0.0705946	0.32607
76	0.0100398	0.0262444	0.0988714	0	0.0108822	0.0710871	0.322772
77	0.0100898	0.0267815	0.0996287	0.00149925	0.0109097	0.070605	0.30848
78	0.0100398	0.0263049	0.0946581	0	0.0108822	0.0710706	0.325543
79	0.0100398	0.0263171	0.0936088	0	0.0109097	0.0700596	0.325543
80	0.0100898	0.0268383	0.0996287	0.00149925	0.0109097	0.0670467	0.325543
81	0.0100898	0.0270819	0.0996287	0.00149925	0.0103988	0.0651878	0.304795
82	0.0101629	0.0276076	0.101479	0.0029985	0.0103988	0.0617251	0.270381
83	0.0101629	0.027703	0.101479	0.005997	0.0108822	0.0612099	0.308318
84	0.0100398	0.0274637	0.0996287	0.00149925	0.0108822	0.0602985	0.304795
85	0.0101629	0.027384	0.0996287	0.00149925	0.0102297	0.0592787	0.270381
86	0.0100398	0.0281723	0.100991	0.00149925	0.0109097	0.0583392	0.263493
87	0.0101629	0.0281093	0.106003	0	0.0108822	0.0585869	0.252185
88	0.0100898	0.0281718	0.104928	0	0.0109632	0.0565453	0.235523
89	0.0101629	0.0286527	0.110541	0	0.0109632	0.0562046	0.235523
90	0.0101667	0.0295983	0.117794	0	0.0108822	0.055208	0.223974
91	0.0101667	0.0295273	0.117794	0	0.0106906	0.0548062	0.223974
92	0.0101667	0.0298457	0.117794	0	0.0102297	0.0538367	0.210135
93	0.0100898	0.0300859	0.119581	0	0.010456	0.0544076	0.216879
94	0.0100898	0.0310018	0.132644	0.00149925	0.010456	0.0541395	0.207533
95	0.0100314	0.0316296	0.151534	0.00149925	0.010456	0.0553677	0.216879
96	0.0100314	0.032464	0.1559	0.00149925	0.010456	0.0539486	0.206758
97	0.0100898	0.0332015	0.162168	0.00149925	0.010456	0.0542482	0.214834
98	0.0101667	0.0328448	0.159288	0	0.010456	0.0544953	0.213711
99	0.0100898	0.0334177	0.162168	0	0.010456	0.0542759	0.214834
100	0.0100314	0.0353895	0.198002	0.00149925	0.010456	0.055421	0.216879
101	0.0100314	0.0365599	0.199458	0.00149925	0.010456	0.0547051	0.214834
102	0.0101667	0.0384896	0.214011	0.0029985	0.010456	0.0550018	0.216879
103	0.0100314	0.0383473	0.204008	0.0029985	0.0109632	0.0556108	0.223974
104	0.0101667	0.0384694	0.199458	0.00149925	0.0108822	0.0565383	0.223974
105	0.0100314	0.0388973	0.185335	0.00149925	0.0109632	0.0565944	0.233379
106	0.0100314	0.0400187	0.198002	0.0029985	0.0109632	0.0570254	0.235523
107	0.0101872	0.0410749	0.214011	0.00449775	0.0109632	0.0570786	0.235523
108	0.0100314	0.0413648	0.198002	0.00449775	0.010456	0.0578279	0.235523
109	0.0101667	0.0417285	0.206691	0.005997	0.0101091	0.0587987	0.235523
110	0.0101667	0.0429841	0.21478	0.005997	0.0100537	0.0593497	0.235523
111	0.0101667	0.0440214	0.228195	0.00449775	0.0101091	0.0595113	0.235523
112	0.0101667	0.0460253	0.249671	0.00449775	0.0100537	0.0602423	0.250652
113	0.0100314	0.0470271	0.254083	0.00449775	0.0101091	0.0608051	0.254383
114	0.0101667	0.0480564	0.249671	0.0029985	0.0100537	0.0609376	0.254383
115	0.0100314	0.0495867	0.269967	0.0029985	0.0100537	0.0620091	0.271353
116	0.0101667	0.0506308	0.285689	0	0.0100537	0.0615052	0.263572
117	0.0101667	0.0513654	0.285689	0	0.0100537	0.0609413	0.254383
118	0.0101667	0.0497872	0.244679	0	0.0100537	0.0598964	0.239906
119	0.0101667	0.0499275	0.252546	0.00149925	0.0100537	0.0607829	0.257916
120	0.0100314	0.0493023	0.238927	0.00449775	0.0100537	0.0626031	0.271353
121	0.0101667	0.0468513	0.216299	0	0.010152	0.0643285	0.287054
122	0.0108709	0.0461405	0.218454	0	0.0100537	0.0668042	0.313404
123	0.0101667	0.0459204	0.202393	0	0.010456	0.0684941	0.340489
124	0.0101667	0.0447613	0.180747	0	0.0103623	0.0712526	0.34782
125	0.0101667	0.0438094	0.173319	0	0.010456	0.0717349	0.34782
126	0.0101667	0.0435289	0.159288	0	0.0100537	0.0768904	0.34782
127	0.0103913	0.0431897	0.162168	0	0.0100537	0.0790379	0.346462
128	0.0101667	0.0427431	0.158418	0	0.0103623	0.0831283	0.433838
129	0.0101667	0.0424951	0.155586	0	0.010456	0.0881918	0.462455
130	0.0101667	0.0424313	0.155196	0	0.010456	0.0907042	0.472367
131	0.0101667	0.0423849	0.155586	0	0.0100537	0.0954066	0.493087
132	0.0101667	0.0424378	0.158418	0	0.010456	0.0971028	0.534995
133	0.0101667	0.042885	0.159288	0.00149925	0.0108206	0.105336	0.65927
134	0.0101667	0.042934	0.159002	0.00149925	0.0100537	0.107272	0.579378
135	0.0101667	0.0428166	0.159002	0.00149925	0.010461	0.1108	0.643238
136	0.0101667	0.0427365	0.158514	0	0.0123983	0.116392	0.755304
137	0.0101667	0.0427684	0.161745	0	0.0169688	0.118947	0.853811
138	0.0101667	0.0427326	0.162168	0	0.0200826	0.116394	0.917981
139	0.0101667	0.0424011	0.162168	0	0.0164199	0.114966	0.853811
140	0.0101667	0.0416788	0.171901	0	0.0123983	0.110373	0.578292
141	0.0101667	0.0421141	0.173319	0	0.0134108	0.103904	0.611888
142	0.0101667	0.0424718	0.174478	0	0.01432	0.099399	0.578292
143	0.0101667	0.0426573	0.176214	0	0.0135447	0.0998209	0.578292
144	0.0101667	0.0427588	0.174478	0	0.0155346	0.0986068	0.578292
145	0.0101667	0.0442383	0.182538	0.00449775	0.0169688	0.0965093	0.630015
146	0.0101471	0.0441279	0.182538	0.0029985	0.0169688	0.0951894	0.611888
147	0.0101667	0.0443068	0.183684	0.0029985	0.0124072	0.0879047	0.425384
148	0.0101667	0.0442164	0.183684	0.0029985	0.0110353	0.0847291	0.37537
149	0.0101471	0.0447976	0.183684	0.0029985	0.0116518	0.0844253	0.381555
150	0.0101471	0.0453323	0.183684	0.00449775	0.0111185	0.0830453	0.37537
151	0.0101471	0.0445941	0.179659	0.00149925	0.0122467	0.0793955	0.389309
152	0.0101471	0.0451193	0.180747	0.0029985	0.0122467	0.0746441	0.3815
153	0.0101471	0.0460221	0.180747	0.00149925	0.0104481	0.0722819	0.316306
154	0.0101471	0.0469057	0.183684	0.00149925	0.010687	0.0705285	0.302235
155	0.0101471	0.0486191	0.189332	0.00149925	0.0110353	0.0691787	0.306759
156	0.0101471	0.0495423	0.200495	0	0.0111185	0.0672596	0.297537
157	0.0101471	0.0502193	0.203093	0	0.0116518	0.0661783	0.302235
158	0.0101471	0.0500076	0.200495	0	0.0116808	0.0663508	0.306759
159	0.0101471	0.0509646	0.203093	0	0.0116808	0.0643159	0.306759
160	0.0101471	0.0527794	0.207338	0	0.0110353	0.0630762	0.286748
161	0.0101471	0.0550125	0.214762	0.00149925	0.0116518	0.0617916	0.295346
162	0.0101471	0.0567482	0.223828	0.0029985	0.0111904	0.0609585	0.275663
163	0.0101471	0.0589176	0.226064	0.0029985	0.0116518	0.0610918	0.295346
164	0.0101471	0.0616085	0.234964	0.00149925	0.0111185	0.0600265	0.270787
165	0.0101667	0.0654594	0.270419	0.005997	0.0111185	0.0585065	0.270787
166	0.0101667	0.0681312	0.296688	0.00749625	0.0102934	0.0559839	0.235777
167	0.0101667	0.0736987	0.361003	0.011994	0.0107907	0.0547112	0.24516
168	0.0103915	0.0807103	0.467026	0.0164918	0.0105637	0.0536392	0.235777
169	0.0103118	0.0885829	0.620412	0.029985	0.0106806	0.0537759	0.235777
170	0.0107509	0.0829331	0.467026	0.011994	0.0102934	0.0533337	0.232323
171	0.0101667	0.0800291	0.360092	0.00449775	0.0106806	0.0547528	0.251636
172	0.0101667	0.0786371	0.346844	0.005997	0.0107907	0.0527606	0.232323
173	0.0122456	0.0763415	0.376787	0.005997	0.0106806	0.0515392	0.22244
174	0.0122456	0.0743186	0.334137	0.00149925	0.0102934	0.0506524	0.221547
175	0.0107509	0.0720107	0.288453	0.0029985	0.0106806	0.0504182	0.22244
176	0.0108854	0.0717955	0.288453	0.0029985	0.0102934	0.0504403	0.221547
177	0.0107509	0.07294	0.288453	0.0029985	0.0106806	0.0504517	0.22244
178	0.0107509	0.0733883	0.288453	0.0029985	0.0102934	0.0511225	0.221547
179	0.0108983	0.0734011	0.298316	0.00449775	0.0106806	0.0501391	0.219783
180	0.0108983	0.0731913	0.298316	0.00149925	0.0102934	0.0490842	0.198716
181	0.0101667	0.0747466	0.288453	0.00149925	0.0100913	0.0484007	0.192369
182	0.0101667	0.0740372	0.288453	0.00149925	0.0106806	0.0475858	0.188342
183	0.0102348	0.0749801	0.288453	0.0029985	0.0106806	0.0479107	0.185101
184	0.0101922	0.0778247	0.288453	0.005997	0.0106806	0.0478816	0.185101
185	0.0101922	0.081272	0.308661	0.00449775	0.0106806	0.0463148	0.178667
186	0.0101922	0.0821766	0.308661	0.00149925	0.0106806	0.04545	0.17893
187	0.0107509	0.0864142	0.346647	0.00149925	0.0106806	0.0442055	0.174923
188	0.0108983	0.0878082	0.346647	0.00149925	0.0106806	0.043324	0.165815
189	0.0108983	0.0898714	0.346647	0.00149925	0.0104539	0.0430313	0.160539
190	0.0107509	0.094425	0.360092	0.00449775	0.0106806	0.0423905	0.156464
191	0.0107509	0.099891	0.387361	0.005997	0.0106806	0.0419045	0.148189
192	0.0118924	0.111237	0.487774	0.0104948	0.0106918	0.0413762	0.15077
193	0.0239713	0.129827	0.902305	0.0194903	0.0103304	0.0408106	0.140694
194	0.0230443	0.123705	0.800094	0.0104948	0.0104539	0.0406813	0.140551
195	0.0239713	0.12175	0.800269	0.0089955	0.0103304	0.0411498	0.148189
196	0.0239713	0.120673	0.800269	0.0089955	0.0106145	0.0411119	0.148189
197	0.0243511	0.118739	0.800269	0.005997	0.0106145	0.040655	0.148189
198	0.0241656	0.119981	0.800269	0.005997	0.0104539	0.0416996	0.153717
199	0.0217155	0.119921	0.6785	0.005997	0.0106145	0.0419508	0.158618
200	0.0217155	0.124478	0.6785	0.0089955	0.0106145	0.0420265	0.170935
201	0.0217155	0.126079	0.6785	0.0089955	0.0108835	0.0430853	0.1806
202	0.0209628	0.12551	0.710364	0.005997	0.0104539	0.0449758	0.187513
203	0.0304167	0.132157	1.00686	0.005997	0.0109271	0.0448584	0.210037
204	0.0285002	0.138707	0.859072	0.00749625	0.0106145	0.0455087	0.210037
205	0.0345875	0.142293	1.00686	0.0089955	0.0106145	0.0466064	0.218967
206	0.0345875	0.149391	1.00686	0.0164918	0.0106145	0.0468869	0.224717
207	0.0245329	0.139537	0.859072	0.0134933	0.0109271	0.0464057	0.211459
208	0.0216651	0.135048	0.800269	0.0104948	0.0109271	0.0464285	0.211459
209	0.0216651	0.131787	0.800269	0.005997	0.0106806	0.0470785	0.211459
210	0.0216651	0.132819	0.800269	0.005997	0.0106806	0.0473596	0.224717
211	0.0216651	0.13479	0.800269	0.00749625	0.0101598	0.049089	0.23765
212	0.0131512	0.119359	0.569196	0.0029985	0.0106806	0.0493024	0.233703
213	0.0129785	0.106242	0.532002	0.00149925	0.0109271	0.0479644	0.211459
214	0.0111607	0.0966082	0.450748	0	0.0106806	0.0473349	0.196799
215	0.011679	0.0915455	0.468005	0	0.0109271	0.0477538	0.210037
216	0.0109538	0.0851189	0.412509	0	0.0106806	0.0465936	0.197272
217	0.0100163	0.080946	0.316454	0	0.0106806	0.0465179	0.196799
218	0.0100163	0.0783278	0.299275	0	0.0106806	0.0469784	0.196799
219	0.0100163	0.0761737	0.288453	0	0.0106806	0.0477095	0.192419
220	0.0100163	0.0742253	0.285765	0	0.0109271	0.0485705	0.210037
221	0.0100618	0.0705963	0.270446	0	0.0109271	0.0481992	0.210037
222	0.0100618	0.0699944	0.270446	0.00149925	0.0109271	0.0483157	0.210988
223	0.0100163	0.068952	0.266118	0	0.0106806	0.0476359	0.19621
224	0.0100163	0.0679761	0.265431	0.00149925	0.010623	0.04832	0.197943
225	0.0100163	0.0656704	0.265431	0.00149925	0.0106806	0.0488913	0.210037
226	0.0100163	0.0643852	0.263465	0	0.0106806	0.04848	0.210037
227	0.0100163	0.0638792	0.260759	0	0.010623	0.0492472	0.218967
228	0.0100163	0.0637769	0.262942	0	0.0106806	0.0496055	0.232043
229	0.0100163	0.0642722	0.272392	0	0.010623	0.049689	0.227197
230	0.0100163	0.0640991	0.281706	0	0.010623	0.0498377	0.233703
231	0.0100163	0.0650824	0.298406	0	0.0105222	0.0492322	0.233703
232	0.0100163	0.06634	0.301313	0	0.0105222	0.0491018	0.233703
233	0.0100163	0.0669068	0.307797	0.0029985	0.0102275	0.0490933	0.233703
234	0.0100163	0.0659914	0.292086	0	0.0100682	0.049658	0.233703
235	0.0100163	0.0668188	0.307797	0.00149925	0.0100682	0.051669	0.262512
236	0.0100163	0.0692726	0.349257	0.0029985	0.0100682	0.052587	0.268111
237	0.0100163	0.0704725	0.360305	0.0029985	0.0100704	0.0535401	0.274881
238	0.0100618	0.0716719	0.376921	0.00449775	0.0100682	0.0540053	0.274881
239	0.0100163	0.072556	0.380632	0.00449775	0.0100682	0.0547809	0.282169
240	0.0100163	0.0776983	0.435931	0.0089955	0.0100682	0.0565931	0.324489
241	0.0100163	0.0829725	0.501788	0.0104948	0.0100682	0.0578022	0.326796
242	0.0100618	0.0889541	0.564548	0.0164918	0.0100682	0.0608921	0.333625
243	0.0100618	0.0932314	0.616208	0.0164918	0.0100682	0.0629089	0.342883
244	0.0100618	0.105642	0.727979	0.0224888	0.0100682	0.0648432	0.357431
245	0.0111762	0.148841	1.60378	0.0869565	0.0100682	0.0727575	0.446127
246	0.0333616	0.403403	7.4144	0.293853	0.0100682	0.0778996	0.463016
247	0.0333616	0.306881	5.44853	0.236882	0.0100682	0.0812032	0.477146
248	0.0367958	0.30446	5.44853	0.230885	0.0100682	0.0836496	0.518935
249	0.0148569	0.358178	6.56858	0.274363	0.0101795	0.0837655	0.518935
250	0.0102256	0.146662	1.75483	0.110945	0.0101066	0.0839049	0.518935
251	0.0100934	0.102192	1.03725	0.053973	0.0101066	0.0814858	0.495838
252	0.0100934	0.0816773	0.748478	0.0269865	0.0101066	0.0832208	0.523363
253	0.0100934	0.0688562	0.568615	0.0149925	0.0101066	0.0820574	0.518935
254	0.0100934	0.0596605	0.444322	0.0029985	0.0101066	0.0892068	0.612288
255	0.0102256	0.0531089	0.331653	0	0.0101356	0.087929	0.681126
256	0.0100934	0.0496936	0.31239	0	0.0101066	0.0878131	0.626704
257	0.0102256	0.0477884	0.31239	0	0.0101066	0.0878721	0.612288
258	0.0100934	0.0457125	0.263465	0	0.0101066	0.0873884	0.681126
259	0.0100221	0.0447423	0.249227	0.00149925	0.0101795	0.0878831	0.726772
260	0.0102256	0.0431198	0.248011	0.00149925	0.0101795	0.0891701	0.728528
261	0.0100221	0.0412182	0.229745	0.00149925	0.0101066	0.0878985	0.681126
262	0.0100221	0.0406318	0.227425	0.00149925	0.0101066	0.086882	0.651545
263	0.0100934	0.0393518	0.227425	0.0029985	0.0101066	0.0834314	0.630761
264	0.0100934	0.0396198	0.218809	0.005997	0.0101066	0.0811349	0.630761
265	0.0100934	0.0377732	0.197992	0.00149925	0.0101066	0.0791034	0.651545
266	0.0100934	0.0367811	0.181951	0	0.0101795	0.0769383	0.726772
267	0.0100934	0.0364338	0.178432	0	0.0101571	0.0788331	0.728135
268	0.0100038	0.035972	0.168909	0	0.0100474	0.0813452	0.808733
269	0.0100038	0.0357128	0.168909	0	0.0100474	0.0834505	0.8556
270	0.0100038	0.0349052	0.16175	0	0.0101066	0.0846256	0.867572
271	0.0100934	0.0347319	0.164331	0	0.0101066	0.082117	0.867572
272	0.0100934	0.0350858	0.168909	0	0.0100474	0.08065	0.8556
273	0.0100934	0.0349806	0.168909	0	0.0100217	0.0799664	0.728135
274	0.0100038	0.0353977	0.173472	0	0.0100217	0.0818929	0.665818
275	0.0100934	0.0352388	0.178432	0	0.0100217	0.0821229	0.680996
276	0.0100038	0.0355465	0.181951	0	0.0100217	0.083514	0.728135
277	0.0100934	0.0364677	0.202612	0	0.0100217	0.0815948	0.629342
278	0.0101287	0.0361892	0.202501	0	0.0100217	0.0810819	0.665818
279	0.0100934	0.0366237	0.202612	0	0.0100474	0.0827631	0.728135
280	0.0100934	0.0370343	0.202612	0	0.0100217	0.0849503	0.728135
281	0.0100038	0.0375929	0.203613	0.0029985	0.0100474	0.089588	0.933685
282	0.0100038	0.039261	0.246316	0.0029985
