		omega		Posterior		rho				Synonymous theta			kappa			phi	
Site	Lower	Point	Higher	prob of +ve	Lower	Point	Higher		Lower	Point	Higher	Lower	Point	Higher	Lower	Point	Higher
	95% HPD	estimate	95% HPD	selection	95% HPD	estimate	95% HPD		95% HPD	estimate	95% HPD	95% HPD	estimate	95% HPD	95% HPD	estimate	95% HPD
0	0.010036	0.0589473	0.298252	0.0104948	0.0168738	1.26489	96.5626		0.0763192	0.094267	0.114309	2.94273	4.39295	6.89679	0	0	0
1	0.010036	0.0565519	0.239397	0.0029985	0.0169322	1.48731	92.5596
2	0.010036	0.0571869	0.239397	0.00149925	0.0186792	1.53331	99.9102
3	0.010036	0.0566524	0.223147	0	0.019619	1.57584	99.9102
4	0.010036	0.0560923	0.212123	0	0.0225202	1.58268	99.9102
5	0.010036	0.0566045	0.206333	0	0.0262432	1.57236	99.9102
6	0.0102349	0.0576559	0.206333	0	0.0230573	1.42295	99.9102
7	0.0108294	0.0576063	0.206333	0	0.019619	1.18383	99.9102
8	0.0108294	0.0581417	0.206333	0	0.0225202	1.19621	99.9102
9	0.0105974	0.0584614	0.205252	0	0.0246202	1.16783	99.9102
10	0.0105974	0.0605145	0.209685	0.00149925	0.0279468	1.15286	99.9102
11	0.0105974	0.0601033	0.206333	0.00149925	0.0279468	1.01169	96.6597
12	0.0114416	0.0609456	0.221209	0.00149925	0.028423	0.914815	92.5596
13	0.0108294	0.0622813	0.214166	0.0029985	0.0311275	0.772334	99.9102
14	0.0114416	0.0654248	0.24563	0.005997	0.028423	0.726027	93.8302
15	0.0101908	0.0699156	0.256787	0.00449775	0.0279231	0.661802	88.6668
16	0.0114416	0.0757444	0.323248	0.0029985	0.0279231	0.543191	91.625
17	0.0122122	0.0798431	0.323248	0	0.0279468	0.502722	88.6668
18	0.0122122	0.0833747	0.321899	0	0.0116234	0.395094	32.5972
19	0.0114416	0.0907559	0.323248	0.00149925	0.0116234	0.199006	1.95672
20	0.0114416	0.0999728	0.360548	0.005997	0.0116234	0.17487	1.5881
21	0.0197397	0.122612	1.01921	0.0194903	0.0116234	0.168517	1.53882
22	0.020102	0.121154	0.919881	0.011994	0.0121196	0.163984	1.4191
23	0.0202101	0.123115	0.919881	0.011994	0.0121196	0.161895	1.40455
24	0.0233408	0.130465	0.919881	0.0134933	0.0119671	0.154519	1.26654
25	0.0268531	0.136792	0.919881	0.0164918	0.0119671	0.149111	1.08209
26	0.0248418	0.132305	0.659908	0.0089955	0.0119671	0.148931	0.955536
27	0.0245921	0.126931	0.640865	0.0029985	0.0121196	0.140565	0.77871
28	0.0273385	0.126353	0.686163	0.0029985	0.0121196	0.136714	0.782371
29	0.0248418	0.123927	0.657111	0.0029985	0.0121196	0.129582	0.617788
30	0.0245921	0.123334	0.625554	0.0029985	0.0121196	0.129171	0.596466
31	0.0245921	0.120959	0.605706	0	0.0121196	0.12951	0.596466
32	0.0245921	0.120782	0.605706	0	0.0110675	0.12714	0.51621
33	0.0245921	0.121886	0.605706	0	0.0140802	0.125854	0.633534
34	0.0248418	0.120712	0.657111	0.00149925	0.0121196	0.128935	0.596466
35	0.0233408	0.122611	0.686163	0.0029985	0.0113251	0.12408	0.503862
36	0.0233408	0.126474	0.657111	0.00449775	0.0142912	0.12143	0.506502
37	0.0245921	0.130455	0.686163	0.00749625	0.0142912	0.119763	0.503862
38	0.0233408	0.126961	0.657111	0.00749625	0.0142912	0.118453	0.499344
39	0.0208059	0.128926	0.657111	0.00749625	0.015844	0.11852	0.506502
40	0.0156495	0.129862	0.657111	0.0194903	0.0154035	0.119503	0.503862
41	0.0133042	0.148225	1.56918	0.0629685	0.0160549	0.120025	0.506502
42	0.272147	6.55314	65.7394	0.922039	0.0193218	0.119926	0.506502
43	0.0104648	0.0808986	0.89509	0.0464768	0.0193218	0.119441	0.504807
44	0.0104648	0.0688772	0.352575	0.005997	0.0190673	0.120527	0.506502
45	0.0107068	0.0692211	0.352575	0.00149925	0.0193218	0.119575	0.504807
46	0.0107068	0.0707053	0.352575	0.00149925	0.0193218	0.119331	0.504807
47	0.0107068	0.0685821	0.34128	0.00149925	0.0193218	0.119876	0.501251
48	0.0107068	0.0684436	0.34128	0.00149925	0.0193218	0.122023	0.504807
49	0.0102983	0.0684593	0.335284	0.00149925	0.0193218	0.124752	0.506502
50	0.0107068	0.0700824	0.352575	0.00149925	0.0190673	0.128096	0.506502
51	0.0107068	0.0705921	0.353072	0.0029985	0.0190673	0.130282	0.47216
52	0.0101956	0.0723754	0.34128	0.00149925	0.0190673	0.134345	0.47216
53	0.0102983	0.0748337	0.352575	0.0029985	0.0245639	0.137507	0.577326
54	0.01222	0.0784594	0.430749	0.00749625	0.0297698	0.143323	0.644995
55	0.01222	0.081138	0.460846	0.0104948	0.0308304	0.152389	0.665067
56	0.0101956	0.086511	0.469557	0.0134933	0.033563	0.165627	0.665067
57	0.0129095	0.0906606	0.58695	0.0164918	0.0390982	0.173568	0.714454
58	0.0129095	0.0906338	0.617551	0.017991	0.0353549	0.169353	0.665067
59	0.0129095	0.0900453	0.649463	0.017991	0.033563	0.165102	0.649197
60	0.0161191	0.0906933	0.836233	0.0194903	0.028939	0.162006	0.649197
61	0.0167837	0.0911595	0.896421	0.023988	0.0265015	0.161147	0.714454
62	0.0127509	0.0773079	0.522111	0.0104948	0.0208916	0.156331	0.649197
63	0.0129095	0.0698879	0.498993	0.00749625	0.0162776	0.147057	0.559692
64	0.0102174	0.0626507	0.314839	0.00149925	0.0162776	0.146935	0.577326
65	0.0102174	0.0585262	0.313204	0.00149925	0.0162776	0.145819	0.59873
66	0.0101392	0.053353	0.247667	0	0.0162776	0.142447	0.638768
67	0.0102174	0.0515724	0.235855	0	0.0162776	0.134822	0.697857
68	0.0102174	0.0488323	0.224102	0	0.0117364	0.13001	0.520853
69	0.0102174	0.0469877	0.224102	0	0.0115913	0.126485	0.520853
70	0.0100261	0.0460349	0.21517	0	0.0117364	0.121618	0.520853
71	0.0101392	0.0452748	0.21517	0	0.0112317	0.115491	0.47216
72	0.0100261	0.0439058	0.205841	0	0.0107351	0.108877	0.426027
73	0.0100261	0.0421368	0.202136	0	0.0107351	0.100251	0.396476
74	0.0100261	0.0412902	0.198754	0	0.0107351	0.0971423	0.396476
75	0.0100261	0.0405982	0.198307	0	0.0102343	0.0905431	0.350837
76	0.0100261	0.0395316	0.169475	0	0.0102343	0.0844551	0.350837
77	0.0100261	0.0381661	0.155532	0	0.0102343	0.0810515	0.315173
78	0.0100545	0.0376828	0.147506	0	0.0102343	0.0772286	0.290833
79	0.0102174	0.0374229	0.147506	0	0.0102343	0.0739042	0.279616
80	0.0101392	0.0363047	0.141419	0	0.0102343	0.0718565	0.27777
81	0.0100545	0.0360249	0.141419	0	0.0102343	0.0705136	0.274617
82	0.0100545	0.0355912	0.126865	0	0.0102343	0.0687808	0.274617
83	0.0100545	0.035422	0.117438	0	0.0102343	0.0656515	0.269195
84	0.0100545	0.0351579	0.112043	0	0.0102343	0.0640133	0.265955
85	0.0102174	0.0345249	0.112043	0	0.0102343	0.06337	0.263807
86	0.0100545	0.0335733	0.107014	0	0.0107311	0.0639011	0.27777
87	0.0100545	0.0331641	0.105338	0	0.0102672	0.0633789	0.251355
88	0.0100545	0.0331212	0.105338	0	0.0107311	0.06273	0.253425
89	0.0100545	0.0332667	0.105338	0	0.0107311	0.062403	0.253425
90	0.0100545	0.0326821	0.101999	0	0.0102692	0.0635249	0.246383
91	0.0100545	0.0327486	0.101999	0	0.0102692	0.0641275	0.25346
92	0.0100545	0.032638	0.100378	0	0.0102692	0.062719	0.25346
93	0.0100545	0.0325621	0.100378	0	0.0102672	0.0617639	0.244259
94	0.0100545	0.0326735	0.101999	0	0.0103383	0.060144	0.236086
95	0.0100545	0.03284	0.101999	0	0.0103383	0.0604047	0.236197
96	0.0100545	0.0325943	0.100378	0	0.0103276	0.0602089	0.25346
97	0.0100545	0.0325947	0.102148	0	0.0102672	0.0607765	0.254325
98	0.0101089	0.0328725	0.105338	0	0.0103276	0.0601532	0.25346
99	0.0101089	0.0333587	0.105776	0	0.0103276	0.0597313	0.254325
100	0.0100545	0.0336607	0.107014	0	0.0103276	0.0596326	0.254325
101	0.0100545	0.0350871	0.112043	0	0.0102672	0.0614116	0.265955
102	0.0100545	0.0351103	0.121673	0	0.0102672	0.0629531	0.265955
103	0.0100545	0.0350204	0.121673	0	0.0102672	0.0645477	0.267032
104	0.0100545	0.0350593	0.122476	0	0.0112835	0.0669063	0.312313
105	0.0100545	0.0354637	0.121673	0	0.0103276	0.0679831	0.300957
106	0.0101089	0.0368946	0.133532	0	0.0109782	0.0695921	0.330093
107	0.0101562	0.0373776	0.14341	0	0.0103276	0.0717687	0.329152
108	0.0100545	0.0386594	0.155915	0	0.0115299	0.0740921	0.441845
109	0.0100545	0.0388165	0.154146	0	0.0112835	0.076685	0.475081
110	0.0100545	0.0404332	0.1687	0.00149925	0.0103276	0.0792268	0.468241
111	0.0102194	0.0422744	0.212194	0.00149925	0.0103276	0.081106	0.468972
112	0.0102194	0.0421274	0.212194	0.00149925	0.0103276	0.0826376	0.499554
113	0.0102194	0.0422258	0.212194	0	0.0115299	0.0872684	0.56126
114	0.0102194	0.0435011	0.237069	0	0.0103968	0.0917292	0.531793
115	0.0101089	0.0443072	0.237069	0	0.0119212	0.0979039	0.676282
116	0.0101089	0.0417526	0.212194	0	0.0103276	0.108229	0.845285
117	0.0100545	0.0411863	0.206762	0	0.0147472	0.112709	1.29669
118	0.0100545	0.0389327	0.1687	0	0.0100206	0.104215	0.714884
119	0.0100545	0.0382785	0.149613	0	0.0100206	0.098288	0.65486
120	0.0100545	0.0375627	0.149613	0	0.0101211	0.0921762	0.531793
121	0.0102194	0.0358846	0.133594	0	0.0110783	0.0839311	0.531793
122	0.0100545	0.034585	0.124299	0	0.0100206	0.079132	0.468972
123	0.0100545	0.0342805	0.114266	0	0.0101211	0.0741642	0.468972
124	0.0101089	0.0339656	0.112659	0	0.0100206	0.069815	0.422272
125	0.0102194	0.0337965	0.112659	0	0.0101211	0.0640045	0.307995
126	0.0102194	0.0333923	0.112659	0	0.0100206	0.0633274	0.294798
127	0.0101089	0.0328113	0.10842	0	0.0101211	0.059984	0.26732
128	0.0102194	0.0333111	0.111512	0	0.0100206	0.0562259	0.2275
129	0.0100545	0.0328259	0.10842	0	0.0101211	0.0546343	0.214245
130	0.0101089	0.0329852	0.111512	0	0.0100206	0.0542241	0.211163
131	0.0101089	0.0332289	0.112043	0	0.0101211	0.052978	0.203473
132	0.0101089	0.0324896	0.10842	0	0.0100206	0.0525814	0.182722
133	0.0100545	0.0323849	0.105776	0	0.0101211	0.0521083	0.179213
134	0.0101401	0.0323655	0.10842	0	0.0100206	0.0515198	0.182722
135	0.0101089	0.0322924	0.10842	0	0.0100206	0.0511222	0.182722
136	0.0101089	0.0321844	0.10842	0	0.0100206	0.0506486	0.179213
137	0.0101401	0.0318649	0.106221	0	0.0100206	0.0506641	0.182722
138	0.0101401	0.031981	0.106221	0	0.0100206	0.0505172	0.184604
139	0.0101401	0.0318285	0.106221	0	0.0101211	0.0495526	0.178636
140	0.0100545	0.0313782	0.100077	0	0.0100206	0.0498949	0.179213
141	0.0100545	0.0315243	0.103819	0	0.0100206	0.0496786	0.179213
142	0.0101401	0.0315807	0.106221	0	0.0101211	0.0492064	0.178636
143	0.0100545	0.0317117	0.106221	0	0.0100881	0.048269	0.176222
144	0.0101089	0.0312184	0.106221	0	0.0100046	0.0476941	0.171677
145	0.0100562	0.0312117	0.106221	0.00149925	0.0100046	0.048508	0.176222
146	0.0100562	0.0309223	0.106221	0	0.0100046	0.0489168	0.182722
147	0.0100562	0.0311376	0.106221	0	0.0100046	0.0492304	0.18999
148	0.0100545	0.0315778	0.108328	0	0.0100046	0.0500707	0.193201
149	0.0100545	0.0315249	0.107629	0	0.0100046	0.0504123	0.193201
150	0.0100545	0.0313208	0.108328	0	0.0100046	0.0511632	0.201774
151	0.0100545	0.0311887	0.103819	0	0.0100046	0.0508614	0.193201
152	0.0100545	0.0314024	0.106908	0.00149925	0.0100046	0.0513035	0.20488
153	0.0100545	0.0318593	0.112043	0	0.0100046	0.0515394	0.20488
154	0.0100545	0.0320618	0.118389	0	0.0100046	0.0515092	0.205705
155	0.0100545	0.032742	0.125292	0	0.0100046	0.0512601	0.201774
156	0.0101089	0.0332078	0.127689	0	0.0100046	0.0524868	0.20488
157	0.0101089	0.0331831	0.126909	0	0.0100046	0.0535035	0.208052
158	0.0101089	0.033425	0.126909	0	0.0100046	0.0552033	0.210299
159	0.0103648	0.0337762	0.133822	0	0.0100046	0.0579665	0.257075
160	0.0101089	0.0346965	0.134864	0	0.0100046	0.0625707	0.317734
161	0.0105032	0.0352575	0.143663	0	0.0100046	0.0627678	0.333838
162	0.0101401	0.0368311	0.150083	0	0.0100046	0.0616941	0.317734
163	0.0101401	0.0372822	0.160927	0	0.0100046	0.0597684	0.283406
164	0.0101401	0.0384607	0.178908	0	0.0103808	0.0586399	0.291098
165	0.0101401	0.0383855	0.178908	0	0.0100046	0.0574363	0.2483
166	0.0101401	0.0383994	0.178908	0	0.0100046	0.0562677	0.215817
167	0.0101998	0.0377746	0.178908	0	0.0100046	0.0562264	0.215817
168	0.0103648	0.0375406	0.178908	0.00149925	0.0100046	0.0573951	0.242277
169	0.0103648	0.0371515	0.178908	0.00149925	0.0100046	0.0570821	0.238182
170	0.0100536	0.036328	0.163453	0.00149925	0.0100046	0.0577758	0.246241
171	0.0100536	0.0354421	0.143663	0.00149925	0.0100046	0.0584429	0.226937
172	0.0103648	0.0342772	0.143046	0	0.0100046	0.0576747	0.213049
173	0.0103648	0.0335769	0.13947	0	0.0100046	0.056503	0.20488
174	0.0103648	0.0328525	0.13621	0	0.0100046	0.0564486	0.20651
175	0.0103648	0.0322465	0.131378	0	0.0100046	0.0553771	0.199112
176	0.0101345	0.0317091	0.127689	0	0.0100046	0.0548776	0.203473
177	0.0100536	0.0314489	0.125292	0	0.0100046	0.0543988	0.199112
178	0.0101345	0.0308718	0.119098	0	0.0106486	0.0544061	0.216358
179	0.0103648	0.0310828	0.11917	0	0.0101211	0.0563076	0.21009
180	0.0101401	0.030966	0.11917	0	0.0100046	0.057689	0.21009
181	0.0101345	0.0302165	0.116318	0	0.0101211	0.0584774	0.214159
182	0.0101401	0.0305802	0.11917	0	0.0101211	0.0601465	0.216358
183	0.0101345	0.0305209	0.11917	0	0.0100046	0.0626655	0.226937
184	0.0101345	0.0302956	0.11917	0	0.0100046	0.0623694	0.2242
185	0.0101345	0.0296076	0.114289	0	0.0100046	0.0644573	0.229706
186	0.0101345	0.0295294	0.111512	0	0.0100046	0.0646163	0.229706
187	0.0101345	0.029296	0.107629	0	0.0101738	0.0662971	0.241232
188	0.0101345	0.0296342	0.113043	0	0.0101738	0.0691717	0.243256
189	0.0101345	0.0290745	0.101487	0	0.0100046	0.0738589	0.265326
190	0.0102777	0.0287818	0.100201	0	0.0100046	0.0779165	0.280567
191	0.0102777	0.0290542	0.101487	0	0.0100046	0.0817045	0.316443
192	0.0101345	0.0291185	0.101487	0	0.0100046	0.0838963	0.342628
193	0.0101345	0.0294402	0.113043	0	0.0115541	0.0946942	0.495296
194	0.0102943	0.0295311	0.11917	0	0.0102159	0.104439	0.495296
195	0.0102943	0.0297741	0.119302	0	0.0102159	0.111132	0.580196
196	0.0102777	0.0302347	0.119302	0	0.0101065	0.114226	0.637949
197	0.0101345	0.0302626	0.11917	0	0.0101065	0.131926	1.3104
198	0.0101401	0.0307219	0.123736	0	0.0101065	0.131886	0.843621
199	0.0101401	0.0310964	0.136356	0	0.0101065	0.138146	0.843621
200	0.0101401	0.0311831	0.13947	0	0.0127135	0.129087	0.807977
201	0.0102777	0.0317542	0.144595	0	0.0101065	0.130653	0.641174
202	0.0102777	0.0324428	0.153556	0	0.0101065	0.132033	0.561022
203	0.0102777	0.0332758	0.171907	0	0.0127135	0.134986	0.785153
204	0.0101401	0.0326924	0.157917	0	0.0100896	0.134907	0.495296
205	0.010258	0.0335636	0.171907	0	0.0100896	0.137753	0.534089
206	0.010258	0.0346356	0.181806	0	0.0106173	0.131833	0.510331
207	0.0101401	0.0350634	0.181806	0	0.0111966	0.132456	0.503904
208	0.0101401	0.0362571	0.194456	0	0.0127271	0.1278	0.495296
209	0.0101401	0.0370943	0.202663	0	0.0136338	0.130713	0.495296
210	0.0100547	0.0401842	0.297463	0.00149925	0.0178697	0.13101	0.580196
211	0.0101401	0.0431315	0.393677	0.00449775	0.0178697	0.129735	0.580196
212	0.0101401	0.0474017	0.448707	0.005997	0.0178697	0.126848	0.503904
213	0.0101401	0.0542518	0.59224	0.011994	0.0181169	0.129115	0.509532
214	0.0101513	0.070809	0.805328	0.0209895	0.0168599	0.131539	0.509532
215	0.0101513	0.0974027	0.946708	0.041979	0.0178697	0.131345	0.561022
216	0.0101513	0.163199	1.31581	0.0929535	0.0210661	0.132378	0.561022
217	0.0396921	0.355968	2.60568	0.181409	0.0209342	0.13246	0.561022
218	0.021148	0.277844	2.24447	0.143928	0.0308702	0.135892	0.758086
219	0.0177286	0.238713	2.24447	0.112444	0.032254	0.140015	0.859496
220	0.0136474	0.210813	1.81824	0.0989505	0.0395244	0.147838	0.859496
221	0.0103348	0.195947	1.40644	0.095952	0.0395244	0.15229	0.758086
222	0.0101513	0.195237	1.44964	0.106447	0.0362023	0.153409	0.755423
223	0.0110427	0.121571	1.15589	0.053973	0.0380271	0.150693	0.859496
224	0.0103348	0.0907047	0.901854	0.0374813	0.0266987	0.144256	0.583936
225	0.0103348	0.0732862	0.713743	0.0224888	0.0299934	0.143324	0.580401
226	0.0101439	0.0579556	0.509783	0.011994	0.0266987	0.136823	0.580401
227	0.0102613	0.0502286	0.393677	0.005997	0.0259288	0.131823	0.509532
228	0.0101513	0.0453491	0.363476	0.00449775	0.0223217	0.128756	0.556055
229	0.0100374	0.0418607	0.262683	0.00149925	0.0193258	0.123675	0.55903
230	0.0100374	0.0393079	0.228463	0.00149925	0.0147978	0.116589	0.412709
231	0.0100374	0.0368921	0.200337	0	0.0107355	0.109329	0.317291
232	0.0100374	0.0352214	0.17324	0.0029985	0.0107355	0.108483	0.322875
233	0.0100374	0.0329186	0.143448	0	0.0107355	0.106972	0.315844
234	0.0100374	0.0318023	0.135647	0	0.016178	0.104541	0.412709
235	0.0100374	0.0312635	0.133674	0	0.0164128	0.10341	0.404291
236	0.0101439	0.0304179	0.127881	0	0.0154168	0.102245	0.359341
237	0.0101058	0.0292573	0.119916	0	0.016178	0.0984982	0.399638
238	0.0100374	0.0289259	0.115089	0	0.0154168	0.0996708	0.399638
239	0.0100374	0.0285647	0.115089	0	0.0147978	0.097876	0.399638
240	0.0100374	0.0283213	0.107944	0	0.016178	0.0976122	0.391969
241	0.0100374	0.0288421	0.113205	0	0.0146307	0.0955519	0.341151
242	0.0100374	0.0283142	0.108777	0	0.0146307	0.0940948	0.359341
243	0.0100374	0.0280539	0.107944	0	0.0104095	0.0944672	0.274389
244	0.0100374	0.0281924	0.113205	0	0.0103179	0.0960493	0.286316
245	0.0101058	0.0280061	0.107944	0	0.0103822	0.0962061	0.280947
246	0.0100374	0.0276763	0.106781	0	0.0103822	0.0975213	0.290396
247	0.0101058	0.0277974	0.107944	0	0.0103822	0.0999329	0.290396
248	0.0100374	0.0271254	0.106781	0	0.0112482	0.103473	0.311247
249	0.0101058	0.0263825	0.0984574	0	0.0103822	0.106088	0.297758
250	0.0100374	0.0255823	0.0886593	0	0.0103179	0.108994	0.308706
251	0.0100374	0.0255001	0.0865702	0	0.0103822	0.114025	0.381789
252	0.0100172	0.0251046	0.0831939	0	0.019976	0.125347	0.603666
253	0.0100172	0.0247673	0.0831939	0	0.0197669	0.131791	0.550567
254	0.0100374	0.0245077	0.0831939	0	0.021701	0.135066	0.550567
255	0.0100374	0.0242912	0.0831939	0	0.023034	0.143255	0.586631
256	0.0100172	0.0238422	0.0794408	0	0.0245676	0.1449	0.546387
257	0.0100374	0.0245112	0.0865702	0.00149925	0.0245676	0.141656	0.568863
258	0.0101058	0.0244105	0.0865702	0	0.0254931	0.143254	0.722403
259	0.0100374	0.0243801	0.0831939	0	0.0197669	0.139166	0.722403
260	0.0101058	0.0246383	0.0864923	0	0.0148688	0.140878	0.633771
261	0.0101058	0.0246349	0.0859919	0	0.0155373	0.142323	0.722403
262	0.0101439	0.0244496	0.0831939	0	0.0194516	0.14433	0.862551
263	0.0100374	0.0240914	0.0814303	0	0.0194516	0.147042	0.940714
264	0.0100856	0.024018	0.0826757	0	0.0194516	0.163182	1.17956
265	0.0100374	0.0240514	0.0814303	0	0.0383185	0.240819	10.3735
266	0.0100374	0.0241519	0.0826757	0	0.0136371	0.140762	0.940714
267	0.0100109	0.0241293	0.0823802	0	0.0183165	0.120642	1.03358
268	0.0100109	0.0239174	0.0788347	0	0.0114958	0.105506	0.527881
269	0.0100109	0.0241247	0.0814303	0	0.0114635	0.0959246	0.465521
270	0.0100109	0.0241561	0.0814303	0	0.0114635	0.0837309	0.359137
271	0.0100109	0.0242569	0.0808282	0	0.0102223	0.0801668	0.297088
272	0.0100109	0.0244554	0.0823802	0	0.0113622	0.0764047	0.297088
273	0.0100109	0.024591	0.0831939	0	0.0114635	0.0729914	0.277966
274	0.0100109	0.0246643	0.085768	0	0.0103736	0.0720211	0.246117
275	0.0100109	0.0247807	0.0919952	0	0.0103736	0.0710308	0.238437
276	0.0100109	0.0249172	0.0981832	0	0.0104041	0.0702771	0.225785
277	0.0100109	0.0246515	0.0971926	0	0.0104041	0.0704506	0.225785
278	0.0100109	0.0249323	0.0981832	0.00149925	0.0113622	0.0689498	0.225785
279	0.010019	0.0259233	0.117727	0.00149925	0.0113622	0.0675709	0.225785
280	0.010019	0.0255459	0.106802	0	0.0112713	0.0665787	0.222223
281	0.010019	0.0259001	0.106802	0	0.0113622	0.0672717	0.225212
282	0.0100109	0.0259922	0.109842	0	0.0113622	0.0689357	0.223097
283	0.0100109	0.0261266	0.114679	0	0.0112713	0.0703524	0.225212
284	0.0100109	0.0262518	0.115369	0	0.0113622	0.0696624	0.225212
285	0.0100109	0.0265479	0.117727	0	0.0101342	0.070628	0.213028
286	0.0100109	0.0273137	0.126181	0	0.0103736	0.0721499	0.224241
287	0.010019	0.0275939	0.126181	0	0.0103736	0.0724176	0.225212
288	0.010019	0.0279845	0.12996	0	0.0103736	0.0725688	0.224241
289	0.010019	0.0283928	0.138845	0	0.0102223	0.0738177	0.225212
290	0.0101058	0.0295472	0.154877	0.0029985	0.0102839	0.0738358	0.225212
291	0.0100374	0.0299462	0.154877	0.00149925	0.0102223	0.0739807	0.225212
292	0.0100374	0.0308088	0.172281	0	0.0101152	0.0745423	0.224241
293	0.0100374	0.0314441	0.188756	0	0.0102223	0.0755513	0.225212
294	0.0100374	0.0319992	0.196919	0	0.0102223	0.0755324	0.225212
295	0.0100374	0.0328662	0.200005	0	0.0102223	0.0769763	0.246165
296	0.0100374	0.0334752	0.204201	0	0.0102839	0.0777988	0.246165
297	0.0100374	0.03471	0.214422	0	0.0101152	0.0787764	0.246165
298	0.0100374	0.0360454	0.221581	0	0.0101152	0.0787255	0.238645
299	0.0100706	0.0361664	0.214422	0	0.0102839	0.0787495	0.246165
300	0.0100374	0.0380561	0.223848	0	0.0101152	0.08144	0.257584
301	0.0100706	0.0397974	0.230856	0	0.0101152	0.0835227	0.266357
302	0.0100374	0.0406677	0.230856	0	0.0101152	0.0847413	0.27102
303	0.0104415	0.0418524	0.257988	0	0.0101152	0.0833933	0.246165
304	0.0102994	0.0440789	0.256388	0	0.0131943	0.0796593	0.287114
305	0.0102994	0.0463714	0.257988	0	0.0131943	0.0789935	0.276794
306	0.0100374	0.0516405	0.291932	0	0.0131943	0.0774239	0.257584
307	0.0100374	0.0551661	0.320749	0.00149925	0.0131943	0.0769362	0.260399
308	0.0102328	0.0608264	0.347944	0.00449775	0.0131943	0.0762697	0.25698
309	0.0102328	0.069059	0.384079	0.0029985	0.0131943	0.0760483	0.260399
310	0.0102328	0.0798795	0.433599	0.0029985	0.0127172	0.0767467	0.246165
311	0.0103253	0.0887409	0.469779	0.0029985	0.0127172	0.0766571	0.246165
312	0.0121159	0.106226	0.649123	0.00449775	0.0131943	0.0768011	0.257584
313	0.0119661	0.126279	0.653524	0.0089955	0.0131943	0.0774261	0.246165
314	0.0239712	0.165137	0.839984	0.0104948	0.0143946	0.0779632	0.276794
315	0.023995	0.166272	0.799732	0.00749625	0.0141305	0.0779754	0.276794
316	0.025509	0.170511	0.799732	0.00749625	0.0131943	0.0792994	0.268464
317	0.025509	0.178636	0.799732	0.0089955	0.0141305	0.0791091	0.27102
318	0.0246831	0.184166	0.839984	0.0104948	0.014483	0.0798129	0.268464
319	0.0391335	0.201926	1.00601	0.011994	0.0147586	0.0799729	0.27102
320	0.0568526	0.234781	0.979991	0.017991	0.0154396	0.0793216	0.27102
321	0.0648789	0.23623	1.06169	0.017991	0.0141305	0.0796822	0.268464
322	0.0737069	0.231267	1.2468	0.0164918	0.0174918	0.08031	0.300632
323	0.0737069	0.228329	1.2468	0.0164918	0.0154396	0.0814183	0.268464
324	0.0568526	0.224546	0.979991	0.0134933	0.0157995	0.0823518	0.27102
325	0.0648789	0.228048	1.00601	0.0134933	0.0182004	0.0885921	0.293977
326	0.0692956	0.236827	1.00601	0.0194903	0.0199782	0.0915008	0.300632
327	0.0674131	0.230678	0.979991	0.0164918	0.0211056	0.0959732	0.334432
328	0.0591252	0.226051	0.979991	0.0194903	0.0279377	0.105231	0.495563
329	0.0568345	0.192327	0.972792	0.00449775	0.0296964	0.110462	0.496289
330	0.0271498	0.171226	0.755494	0.00449775	0.0291323	0.112188	0.496289
331	0.0212682	0.156437	0.734925	0.0029985	0.0290053	0.112383	0.517311
332	0.017278	0.144197	0.641723	0.0029985	0.027569	0.109993	0.568404
333	0.0159779	0.133151	0.582625	0.00149925	0.0291323	0.110977	0.61862
334	0.0159779	0.125331	0.584914	0	0.0291323	0.110415	0.632703
335	0.0154357	0.1197	0.519589	0	0.0216052	0.110739	0.547676
336	0.0159779	0.11784	0.518389	0	0.0180114	0.108029	0.547676
337	0.0164431	0.115334	0.519589	0	0.0196285	0.10387	0.632703
338	0.0159779	0.112134	0.476019	0	0.0195651	0.102784	0.632703
339	0.0174995	0.11394	0.519589	0	0.0180114	0.102432	0.663822
340	0.0159779	0.114556	0.477952	0	0.0106347	0.0996176	0.389987
341	0.0159779	0.114886	0.477952	0	0.0120135	0.103899	0.496289
342	0.0174995	0.11483	0.519589	0	0.0119561	0.106922	0.517311
343	0.0207162	0.118541	0.538006	0	0.0112049	0.10827	0.549658
344	0.0223318	0.120606	0.522239	0	0.0139488	0.111035	0.793052
345	0.0250797	0.127494	0.522239	0.00149925	0.0118413	0.113006	0.694774
346	0.0265664	0.129713	0.519589	0	0.0118413	0.114034	0.714169
347	0.0290446	0.1414	0.521199	0.0029985	0.0119561	0.115831	0.75139
348	0.0379572	0.153979	0.64998	0.011994	0.0119086	0.119633	0.793052
349	0.0379572	0.153538	0.64998	0.011994	0.0102967	0.124093	0.793052
350	0.0312377	0.151261	0.555312	0.0104948	0.0112049	0.128834	1.26106
351	0.0312377	0.150628	0.555312	0.0089955	0.0112049	0.136658	1.49487
352	0.0312377	0.149548	0.523904	0.00749625	0.0119086	0.141708	1.89725
353	0.0312377	0.148713	0.555312	0.00449775	0.0102967	0.149855	1.93556
354	0.0353772	0.152895	0.653344	0.00749625	0.0115084	0.158174	2.60917
355	0.0309901	0.146003	0.653344	0.005997	0.0119086	0.160928	2.72149
356	0.0256226	0.138798	0.653344	0.00149925	0.0115084	0.176979	4.54268
357	0.0223318	0.131375	0.709355	0	0.0102664	0.184297	6.31869
358	0.0161124	0.125315	0.545216	0	0.0102664	0.222675	15.7867
359	0.0162622	0.121187	0.631837	0.0029985	0.0102664	0.264537	31.2565
360	0.0162622	0.119673	0.64998	0.00749625	0.0102664	0.309039	37.7468
361	0.0113237	0.119741	0.477952	0.005997
