		omega		Posterior		rho				Synonymous theta			kappa			phi	
Site	Lower	Point	Higher	prob of +ve	Lower	Point	Higher		Lower	Point	Higher	Lower	Point	Higher	Lower	Point	Higher
	95% HPD	estimate	95% HPD	selection	95% HPD	estimate	95% HPD		95% HPD	estimate	95% HPD	95% HPD	estimate	95% HPD	95% HPD	estimate	95% HPD
0	0.0101471	0.0460474	0.471919	0.0164918	0.0239521	2.38924	99.8818		0.018847	0.0307259	0.0477826	1.57771	4.48831	12.396	0	0	0
1	0.0101471	0.043932	0.415745	0.0089955	0.0239521	2.45014	99.8818
2	0.010016	0.0437401	0.406749	0.005997	0.0226509	2.52887	99.8818
3	0.0101471	0.0431218	0.404658	0.005997	0.0197433	2.48078	97.4449
4	0.010016	0.0427158	0.393929	0.005997	0.0187595	2.5158	99.8818
5	0.010016	0.0415858	0.364563	0.005997	0.0176342	2.52402	99.1621
6	0.010016	0.0416288	0.37417	0.00749625	0.0176342	2.46605	99.1621
7	0.0101471	0.040825	0.362253	0.005997	0.0176342	2.24044	99.8818
8	0.0101471	0.0400887	0.355086	0.005997	0.0169523	2.06823	99.1621
9	0.0101471	0.039562	0.342117	0.005997	0.0169523	2.01876	99.1621
10	0.0101597	0.0398681	0.342178	0.00749625	0.0169523	1.82042	97.4449
11	0.010016	0.0377971	0.298212	0.00149925	0.0164884	1.76097	93.8021
12	0.010016	0.0371779	0.288663	0	0.0178016	1.71546	97.4449
13	0.010016	0.0377436	0.305298	0.00449775	0.0197433	1.73719	97.4449
14	0.010016	0.0367277	0.271314	0.00149925	0.0206875	1.77228	94.2898
15	0.010016	0.0366355	0.30266	0.00149925	0.0224245	1.74056	97.4449
16	0.010016	0.0355782	0.288663	0.00149925	0.0209192	1.72636	97.4449
17	0.010016	0.0353803	0.283846	0.00149925	0.0209192	1.66557	97.4449
18	0.010016	0.0350942	0.271314	0.00149925	0.0206875	1.69254	97.4449
19	0.010016	0.0352076	0.271314	0.00149925	0.0188875	1.6647	99.8278
20	0.010016	0.0344761	0.237105	0	0.0188875	1.65335	99.8278
21	0.010016	0.0338612	0.200374	0	0.017205	1.50671	99.8278
22	0.010016	0.0340196	0.237105	0	0.0165005	1.46565	93.8021
23	0.010016	0.0335001	0.202147	0	0.0176908	1.44671	97.4449
24	0.010016	0.0332473	0.202147	0	0.017205	1.4189	97.4449
25	0.010016	0.0335787	0.220855	0	0.0201204	1.37367	97.4449
26	0.010016	0.0329362	0.202147	0	0.0188875	1.26814	89.7113
27	0.010016	0.0329854	0.205913	0.00149925	0.0188875	1.13716	89.7113
28	0.010016	0.0327313	0.200374	0.0029985	0.0118512	0.924261	57.1059
29	0.010016	0.0328715	0.200374	0.00449775	0.0122873	0.793698	57.1059
30	0.010016	0.0329933	0.174959	0.00449775	0.011241	0.699885	51.4275
31	0.010016	0.03273	0.174959	0.0029985	0.0122873	0.566904	50.2395
32	0.010016	0.0322031	0.164346	0.00149925	0.0107918	0.433439	33.7973
33	0.010016	0.0317636	0.150125	0.00149925	0.0122873	0.368564	33.7973
34	0.010016	0.031883	0.150125	0.0029985	0.0107918	0.327305	27.6235
35	0.010016	0.0311746	0.132871	0.0029985	0.0108849	0.316637	27.6235
36	0.010016	0.0309067	0.132408	0.0029985	0.0117148	0.302915	27.6235
37	0.0101166	0.0306223	0.132871	0.00149925	0.0113077	0.279538	25.1354
38	0.010016	0.0308603	0.141195	0.00149925	0.0117148	0.271779	24.4054
39	0.0101166	0.03149	0.146701	0.00449775	0.0108849	0.260935	20.0214
40	0.010016	0.032526	0.161536	0.00749625	0.0117148	0.250677	20.0214
41	0.010016	0.0327424	0.161536	0.005997	0.0117178	0.252548	20.0214
42	0.010016	0.0324179	0.151843	0.00449775	0.0122873	0.27381	25.1354
43	0.010016	0.032424	0.146701	0.00449775	0.0119872	0.271658	24.447
44	0.010016	0.0325595	0.146285	0.005997	0.0122873	0.263164	20.0214
45	0.010016	0.0325504	0.146701	0.00449775	0.012629	0.249358	19.4735
46	0.010016	0.0331627	0.151843	0.005997	0.0103423	0.247101	14.8142
47	0.010016	0.0335856	0.163677	0.005997	0.0102917	0.232943	14.4124
48	0.010016	0.0335028	0.180134	0.00449775	0.0122873	0.2327	20.0089
49	0.010016	0.0334358	0.180134	0.00449775	0.0102917	0.253575	19.6283
50	0.010016	0.0332827	0.180134	0.0029985	0.0102917	0.251402	24.2591
51	0.010016	0.0333032	0.180134	0.0029985	0.0102917	0.273673	30.1642
52	0.010016	0.0337591	0.200059	0.0029985	0.0101724	0.279151	35.1998
53	0.010016	0.0341115	0.202147	0.00449775	0.0103423	0.252628	30.1642
54	0.010016	0.0341928	0.202147	0.00449775	0.0102917	0.245402	25.8067
55	0.010016	0.0337911	0.200059	0.00449775	0.0102917	0.213962	19.4735
56	0.010016	0.0330505	0.180134	0.0029985	0.0103483	0.199911	19.4735
57	0.010016	0.0331991	0.180134	0.00149925	0.0100222	0.203396	24.7753
58	0.010016	0.0332561	0.188821	0.00149925	0.0100222	0.188894	24.7753
59	0.010016	0.0346038	0.204808	0.0104948	0.0102917	0.152027	13.0371
60	0.010016	0.0343248	0.204808	0.00449775	0.0100222	0.125293	4.50144
61	0.010016	0.0340962	0.202147	0.0029985	0.0100222	0.108702	3.00011
62	0.010016	0.0342138	0.204808	0.00149925	0.0100222	0.103716	2.37691
63	0.010016	0.0337878	0.199436	0	0.0100222	0.0920965	1.48768
64	0.010016	0.0346946	0.214096	0.0029985	0.0103423	0.0871682	1.26151
65	0.010016	0.0345151	0.204808	0.0029985	0.0100222	0.0772355	0.94571
66	0.010016	0.0350625	0.214096	0.0029985	0.0100222	0.0718749	0.741704
67	0.010016	0.036172	0.243187	0.00749625	0.0100222	0.0702898	0.699804
68	0.010016	0.0362772	0.247336	0.00749625	0.0102917	0.0673965	0.713114
69	0.010016	0.0359907	0.221968	0.00749625	0.0100222	0.0636662	0.528202
70	0.010016	0.0358725	0.221968	0.00449775	0.0102917	0.0621579	0.528202
71	0.010016	0.0352276	0.215853	0.00449775	0.0100826	0.0615311	0.489094
72	0.010016	0.0351416	0.204808	0.00449775	0.0102917	0.0607103	0.4869
73	0.010016	0.0353204	0.204808	0.0029985	0.0102917	0.0597506	0.489094
74	0.010016	0.0357093	0.214096	0	0.0100222	0.0562412	0.388352
75	0.010016	0.0358597	0.203147	0.00149925	0.0100222	0.0546804	0.361618
76	0.010016	0.0353105	0.190282	0.0029985	0.0100222	0.0535076	0.337705
77	0.010016	0.0354355	0.192436	0.0029985	0.0100222	0.0523394	0.308027
78	0.010016	0.0347708	0.189884	0.00149925	0.0100222	0.052291	0.308027
79	0.010016	0.0344929	0.189884	0.00149925	0.0100222	0.0522618	0.321101
80	0.010016	0.0351746	0.196251	0.00149925	0.0100222	0.05313	0.348563
81	0.010016	0.0358176	0.204808	0.00149925	0.0100222	0.0534258	0.333694
82	0.010016	0.0361488	0.203147	0.00149925	0.0100222	0.0546767	0.368837
83	0.010016	0.0361891	0.204808	0.0029985	0.0102074	0.0594992	0.489094
84	0.010016	0.036402	0.203147	0.0029985	0.0100222	0.0619862	0.567257
85	0.010016	0.036176	0.201247	0.00149925	0.0100222	0.067352	0.73221
86	0.010016	0.035791	0.192819	0.00149925	0.0102074	0.0737353	1.97247
87	0.010016	0.0360819	0.192819	0.00149925	0.0102074	0.0917659	7.47667
88	0.010016	0.036815	0.21568	0.0029985	0.0102074	0.122914	22.1798
89	0.010016	0.0367035	0.218254	0.0029985	0.0100222	0.144428	23.6608
90	0.010016	0.0367241	0.219433	0.0029985	0.0118269	0.177455	38.4228
91	0.010016	0.0361785	0.215853	0.00149925	0.0100222	0.181497	24.3783
92	0.010016	0.0360949	0.21568	0.00149925	0.0102074	0.18624	22.1798
93	0.010016	0.0361692	0.215853	0.00149925	0.0100826	0.173384	20.2893
94	0.010016	0.0364056	0.227141	0.00149925	0.0102076	0.177575	22.1798
95	0.010016	0.0366462	0.227141	0.00149925	0.0100826	0.189874	24.3433
96	0.010016	0.03647	0.218254	0.00149925	0.0100826	0.20161	25.7198
97	0.010016	0.036205	0.218254	0.0029985	0.0100826	0.213657	24.3433
98	0.010016	0.0365061	0.218254	0.00149925	0.0106624	0.223128	24.3433
99	0.010016	0.0370878	0.219027	0.0029985	0.0106624	0.232787	24.1096
100	0.010016	0.0371677	0.215853	0.0029985	0.0106624	0.244017	24.3433
101	0.010016	0.0373516	0.215853	0.0029985	0.0102927	0.256789	24.3433
102	0.010016	0.0377683	0.215853	0.0029985	0.0104454	0.248313	24.3433
103	0.010016	0.0374886	0.219027	0.0029985	0.0104454	0.260417	24.8424
104	0.010016	0.0379375	0.225973	0.00149925	0.0102927	0.296168	32.1031
105	0.010016	0.0380563	0.219027	0.0029985	0.0102927	0.312925	33.2286
106	0.010016	0.0387828	0.227141	0.00449775	0.0104001	0.314954	34.1685
107	0.010016	0.0388487	0.228721	0.00149925	0.0104001	0.31317	34.1685
108	0.010016	0.0394899	0.229201	0.00149925	0.0102664	0.315592	36.0688
109	0.010016	0.0401739	0.231941	0.00149925	0.0102664	0.32728	39.2987
110	0.010016	0.0400416	0.231941	0.00149925	0.0102664	0.304098	38.8201
111	0.010016	0.0410413	0.24085	0.00449775	0.0102664	0.27079	37.26
112	0.010016	0.0402476	0.230496	0	0.0102664	0.245537	37.26
113	0.010016	0.0415391	0.232079	0	0.0102664	0.261217	37.26
114	0.010016	0.0412309	0.231941	0	0.0102664	0.245571	34.1685
115	0.010016	0.0407665	0.230496	0	0.0102927	0.224416	34.934
116	0.010016	0.0421365	0.243187	0.0029985	0.0102664	0.203837	33.2286
117	0.010016	0.0427327	0.252465	0.0029985	0.0102664	0.195836	37.26
118	0.0101241	0.0430287	0.260387	0.0029985	0.0101878	0.182579	33.2286
119	0.0100772	0.0437642	0.260387	0.0029985	0.0101878	0.161916	16.3415
120	0.0101241	0.0440926	0.260387	0.00149925	0.0101878	0.150057	9.68555
121	0.010016	0.0458843	0.272217	0.00449775	0.0102664	0.142302	9.59288
122	0.010016	0.0468627	0.281498	0.00449775	0.0100786	0.132913	8.92511
123	0.010016	0.048323	0.2888	0.00449775	0.0100786	0.124918	7.84357
124	0.010016	0.0489269	0.290725	0.00449775	0.0100786	0.118492	8.92511
125	0.0101292	0.0496205	0.310506	0.0029985	0.0100786	0.114368	8.61458
126	0.010016	0.0511242	0.325761	0.0029985	0.0100786	0.108018	5.43553
127	0.010016	0.0533911	0.353475	0.0029985	0.0100786	0.102108	4.81171
128	0.010016	0.0543196	0.353475	0.00149925	0.0100786	0.0916619	2.3818
129	0.010016	0.0569776	0.382079	0.005997	0.0101878	0.0873705	1.88892
130	0.010016	0.0588721	0.389841	0.00449775	0.0100786	0.0835149	1.79317
131	0.0101784	0.060361	0.412133	0.00449775	0.0100786	0.0812856	1.67657
132	0.010016	0.0649055	0.422049	0.0029985	0.0100786	0.0783031	1.4365
133	0.0101784	0.0695703	0.467253	0.005997	0.0100786	0.0765502	1.41855
134	0.010016	0.075987	0.497501	0.0104948	0.0100279	0.0730264	1.08029
135	0.010016	0.0822337	0.5793	0.017991	0.0100279	0.0746331	1.23826
136	0.0100772	0.0870993	0.620275	0.0209895	0.0100279	0.0730532	1.61209
137	0.0101784	0.0928166	0.678568	0.023988	0.0100279	0.0714284	1.21905
138	0.0101784	0.104636	0.821385	0.0374813	0.0100279	0.0642551	0.870827
139	0.0100772	0.113878	0.951622	0.0494753	0.0100279	0.0643731	0.835746
140	0.0105542	0.133191	1.17992	0.0734633	0.0101878	0.0627333	0.811435
141	0.0120897	0.171675	2.04856	0.118441	0.0103645	0.0564854	0.688115
142	0.0106222	0.136172	1.17992	0.0764618	0.0101878	0.0552621	0.648038
143	0.0120897	0.125858	1.17992	0.0569715	0.0100279	0.0536375	0.584497
144	0.0105763	0.120324	0.964891	0.0449775	0.0101878	0.0516425	0.553365
145	0.0105763	0.114661	0.813892	0.0329835	0.0102927	0.0512908	0.553365
146	0.0100097	0.11007	0.72252	0.0269865	0.0101878	0.0494467	0.508865
147	0.0100077	0.102484	0.635416	0.0194903	0.0100279	0.0493796	0.476474
148	0.0100077	0.0987434	0.613273	0.0134933	0.0101878	0.0496672	0.508865
149	0.0100077	0.0949019	0.606365	0.0134933	0.0102927	0.051231	0.549619
150	0.0100077	0.0921646	0.541872	0.0104948	0.0103383	0.0522388	0.554567
151	0.0100077	0.0902416	0.524796	0.0104948	0.0102927	0.0537432	0.558809
152	0.0100077	0.0881862	0.506034	0.00749625	0.010394	0.0539315	0.558809
153	0.0100077	0.0878535	0.491385	0.00749625	0.0100279	0.0534286	0.554567
154	0.0100077	0.0864339	0.476698	0.005997	0.0100279	0.0536843	0.574087
155	0.0104102	0.0863315	0.494487	0.005997	0.0100279	0.0540787	0.574087
156	0.0100077	0.0855537	0.465927	0.005997	0.0100012	0.0553123	0.687592
157	0.0100097	0.0857232	0.469101	0.00449775	0.0100012	0.0553227	0.666153
158	0.0100097	0.0896007	0.476698	0.00449775	0.0100012	0.0545896	0.629997
159	0.0100097	0.0901653	0.488127	0.0089955	0.0100012	0.0572736	0.746225
160	0.0104102	0.093467	0.508936	0.0104948	0.0100012	0.0569307	0.746225
161	0.0100097	0.0962925	0.491385	0.011994	0.010394	0.0596315	0.81776
162	0.0101784	0.0984178	0.508936	0.011994	0.0102966	0.0613452	0.837284
163	0.0101784	0.0997448	0.508936	0.0104948	0.0100012	0.0621781	0.81776
164	0.0100211	0.104642	0.537303	0.011994	0.010394	0.0659878	1.19482
165	0.0113065	0.107497	0.634627	0.0149925	0.0100893	0.0684544	1.20918
166	0.0112707	0.111673	0.703773	0.023988	0.0100012	0.0729161	1.35489
167	0.0126483	0.122133	1.04173	0.0374813	0.0100012	0.0761262	1.4695
168	0.0100211	0.141884	1.69764	0.0629685	0.0100893	0.0839882	2.39677
169	0.0126483	0.183475	3.58938	0.107946	0.0100012	0.0910456	4.49192
170	0.0100211	0.144649	1.54638	0.0644678	0.0100012	0.104848	7.59162
171	0.0100466	0.126333	0.911381	0.0434783	0.0100012	0.114283	8.27931
172	0.0100211	0.110797	0.644307	0.0314843	0.0100893	0.135221	12.0762
173	0.0100211	0.102648	0.574758	0.0194903	0.0100012	0.152437	15.2615
174	0.0100211	0.0987079	0.574758	0.0164918	0.0100012	0.181228	25.332
175	0.0101447	0.0962611	0.522427	0.0149925	0.0102966	0.223369	40.0421
176	0.0100466	0.0931263	0.488127	0.011994	0.0100893	0.252503	40.0421
177	0.0101447	0.0899207	0.488127	0.0089955	0.0100012	0.274871	45.8017
178	0.0104047	0.0879202	0.479615	0.00449775	0.0102966	0.2806	47.9809
179	0.0104047	0.0869333	0.469101	0.005997	0.0100893	0.266416	39.8723
180	0.0101447	0.0849999	0.465927	0.005997	0.0100893	0.247487	39.8723
181	0.0104047	0.0848045	0.469101	0.005997	0.0100012	0.241656	39.8723
182	0.0113524	0.0820083	0.522427	0.0029985	0.0100893	0.248439	39.8723
183	0.0100211	0.0813746	0.451546	0.0029985	0.0100893	0.258323	39.8723
184	0.0100211	0.0801952	0.458446	0.005997	0.0100012	0.28532	44.5329
185	0.0100211	0.081271	0.469101	0.0089955	0.0102782	0.300495	39.8723
186	0.0100466	0.080917	0.482262	0.0104948	0.0103523	0.343083	47.9809
187	0.0100211	0.0797339	0.482262	0.011994	0.0103523	0.379465	48.2848
188	0.0100211	0.0809802	0.488127	0.011994	0.0103523	0.374535	47.9809
189	0.0100211	0.0825966	0.509371	0.011994	0.0100012	0.377721	55.4483
190	0.0100211	0.0814558	0.509371	0.0089955	0.0103523	0.414534	57.9858
191	0.0100795	0.0800701	0.522427	0.0134933	0.0103523	0.456327	57.9858
192	0.0100211	0.0817166	0.548498	0.023988
