		omega		Posterior		rho				Synonymous theta			kappa			phi	
Site	Lower	Point	Higher	prob of +ve	Lower	Point	Higher		Lower	Point	Higher	Lower	Point	Higher	Lower	Point	Higher
	95% HPD	estimate	95% HPD	selection	95% HPD	estimate	95% HPD		95% HPD	estimate	95% HPD	95% HPD	estimate	95% HPD	95% HPD	estimate	95% HPD
0	0.0100156	0.0441721	0.287925	0.00149925	0.0107427	0.346915	40.9734		0.0391567	0.064459	0.111913	1.44738	3.88282	10.3729	0	0	0
1	0.0100156	0.0436103	0.256461	0.00149925	0.010605	0.324991	40.9734
2	0.0100156	0.0420678	0.241648	0.00149925	0.0108992	0.318785	43.536
3	0.0100156	0.0418395	0.226814	0	0.0108992	0.310571	44.4904
4	0.0100156	0.0415388	0.22929	0	0.0100701	0.270484	37.2189
5	0.0100156	0.0411978	0.225851	0	0.0107427	0.231263	36.3345
6	0.0100156	0.0405337	0.221723	0	0.010605	0.212577	32.4631
7	0.0100156	0.0403595	0.208757	0	0.0106599	0.203708	27.9069
8	0.0100156	0.0402298	0.203772	0	0.0106599	0.198854	27.6316
9	0.0100156	0.0406569	0.199746	0	0.0106599	0.202146	28.1344
10	0.0100156	0.0415892	0.201124	0	0.0106599	0.208655	27.9069
11	0.0100156	0.0414163	0.199746	0	0.0106599	0.212244	27.6316
12	0.0100156	0.0419969	0.203772	0	0.0100701	0.207698	21.6653
13	0.0100156	0.0423255	0.207662	0.00149925	0.0106599	0.214603	25.8219
14	0.0100156	0.0434147	0.207662	0.00149925	0.0107564	0.223399	23.2545
15	0.0100156	0.0439431	0.201124	0.00149925	0.0100701	0.20916	23.2545
16	0.0100156	0.0438008	0.199746	0.00149925	0.0100701	0.187669	21.6653
17	0.0100156	0.0433628	0.188584	0	0.0100701	0.172145	17.7523
18	0.0100156	0.0430678	0.184908	0	0.0103172	0.160021	13.6552
19	0.0100156	0.0446837	0.192944	0	0.0100701	0.143902	10.7958
20	0.0100156	0.0457353	0.199746	0	0.0100701	0.139576	12.4032
21	0.0100156	0.0463573	0.201124	0	0.0100567	0.133677	9.30453
22	0.0100156	0.0470039	0.209743	0	0.0100567	0.122317	6.17747
23	0.0101269	0.0483868	0.225851	0	0.0100567	0.105104	2.32597
24	0.0100156	0.0507724	0.231853	0	0.0100567	0.103162	1.90744
25	0.0100156	0.0526982	0.246124	0	0.0100567	0.0956131	0.989295
26	0.0100156	0.0559401	0.277533	0	0.0100567	0.0954116	0.989295
27	0.0100311	0.0588931	0.31047	0.00149925	0.0100567	0.0963965	0.963211
28	0.0100156	0.0620441	0.316871	0	0.0100567	0.098805	0.911903
29	0.0101269	0.0660569	0.349221	0.00149925	0.0100567	0.0975406	0.860372
30	0.0109642	0.0713757	0.386368	0.00149925	0.0101521	0.0953772	0.739599
31	0.0100156	0.0750834	0.368525	0.00149925	0.0111598	0.0907368	0.74123
32	0.0100156	0.080683	0.394209	0.00449775	0.0100456	0.0924308	0.647589
33	0.0120402	0.0900693	0.502807	0.00449775	0.0109554	0.098754	0.74123
34	0.0118103	0.100652	0.533771	0.0104948	0.0109554	0.10245	0.74123
35	0.0114675	0.115898	0.654672	0.0209895	0.0107564	0.11018	0.74123
36	0.0126506	0.15405	1.04509	0.0509745	0.0111598	0.118926	0.748342
37	0.0172142	0.135184	1.04509	0.0269865	0.010205	0.130961	0.762848
38	0.0126506	0.130449	0.694868	0.017991	0.0103708	0.143125	0.85955
39	0.0152227	0.130842	0.759452	0.0134933	0.0115888	0.160702	1.03005
40	0.0152227	0.130566	0.71345	0.0089955	0.0125677	0.179383	1.19438
41	0.0170665	0.13301	0.750515	0.00749625	0.0126926	0.190075	1.19438
42	0.017789	0.137751	0.759452	0.0089955	0.0107564	0.195977	1.19438
43	0.0181085	0.145863	0.7402	0.0149925	0.0122241	0.206923	1.46618
44	0.0224823	0.156232	1.16975	0.029985	0.0122241	0.213812	1.42464
45	0.0181085	0.138587	0.7402	0.011994	0.0139502	0.231368	1.73812
46	0.017789	0.130686	0.694868	0.00749625	0.0129366	0.237117	1.50854
47	0.0164225	0.126313	0.654672	0.00449775	0.0105786	0.255852	1.70086
48	0.0147115	0.119015	0.64214	0.00449775	0.0105786	0.26991	2.14206
49	0.0149597	0.115611	0.64214	0.00449775	0.0105786	0.2837	2.63266
50	0.0149597	0.115923	0.64214	0.00449775	0.0100456	0.303972	3.71717
51	0.0149597	0.114029	0.64214	0.0029985	0.0100456	0.314906	4.5114
52	0.0120583	0.113494	0.507943	0.0029985	0.0105786	0.341317	6.31549
53	0.0125656	0.11493	0.526859	0.0029985	0.0124964	0.346226	7.36237
54	0.0125338	0.115498	0.530468	0.00449775	0.0107721	0.380213	6.31549
55	0.0125338	0.116364	0.539686	0.00449775	0.0115888	0.407333	5.8398
56	0.0141874	0.117621	0.64214	0.005997	0.0260266	0.446721	13.5577
57	0.014233	0.120405	0.64214	0.005997	0.0290101	0.480108	13.5577
58	0.014164	0.128609	0.654672	0.005997	0.0349181	0.508307	14.8284
59	0.0126877	0.136799	0.64214	0.005997	0.0473512	0.563219	22.516
60	0.014164	0.147861	0.717591	0.0104948	0.0448418	0.562848	22.516
61	0.0138251	0.160584	0.76638	0.017991	0.0355386	0.600802	22.516
62	0.015419	0.180324	1.01315	0.023988	0.0182265	0.566016	15.8052
63	0.015419	0.220196	1.0399	0.0404798	0.0119789	0.509625	11.0598
64	0.0320044	0.279802	1.90723	0.071964	0.0119789	0.509753	12.8606
65	0.0810823	0.38713	2.21604	0.11994	0.0106105	0.472896	9.39871
66	0.100931	0.402102	2.23586	0.127436	0.0106105	0.48419	13.3669
67	0.106472	0.423637	2.23586	0.136432	0.0106105	0.456961	13.6704
68	0.0835066	0.407261	2.11425	0.130435	0.0106105	0.448867	13.3669
69	0.0835066	0.413784	2.14596	0.137931	0.0101084	0.46774	15.9028
70	0.0973501	0.420979	2.86706	0.14093	0.0106105	0.507942	14.3325
71	0.044303	0.513391	4.60059	0.190405	0.0355386	0.918705	83.4635
72	0.0341213	0.321435	1.99295	0.089955	0.0355386	1.03717	86.8781
73	0.031359	0.278651	1.94889	0.0674663	0.0406971	1.1064	86.8781
74	0.0223191	0.254077	1.5969	0.0569715	0.0524038	1.22407	91.6785
75	0.0173052	0.234084	1.30177	0.041979	0.0487309	1.25151	96.2347
76	0.0157825	0.219624	1.03739	0.0344828	0.0537998	1.4352	97.9609
77	0.0157825	0.216264	1.03739	0.0329835	0.0495296	1.62716	97.9609
78	0.015654	0.213921	1.00901	0.0329835	0.0458081	1.63831	96.2347
79	0.021484	0.216344	1.30177	0.0329835	0.050373	1.78543	96.2347
80	0.0226041	0.217463	1.30177	0.035982	0.0405553	1.92915	96.2347
81	0.0223823	0.222925	1.19473	0.035982	0.0405553	2.12155	99.9868
82	0.0224379	0.228882	1.23282	0.0389805	0.0369154	2.16352	99.9868
83	0.0224379	0.237872	1.15188	0.0434783	0.0291344	1.99689	99.9868
84	0.0224379	0.222304	1.18744	0.041979	0.0243511	1.84304	97.468
85	0.0222515	0.214597	1.30177	0.0434783	0.0198531	1.62619	93.1395
86	0.021484	0.202359	1.53659	0.041979	0.0183774	1.53078	93.1395
87	0.0153932	0.200594	1.18907	0.0449775
