		omega		Posterior		rho				Synonymous theta			kappa			phi	
Site	Lower	Point	Higher	prob of +ve	Lower	Point	Higher		Lower	Point	Higher	Lower	Point	Higher	Lower	Point	Higher
	95% HPD	estimate	95% HPD	selection	95% HPD	estimate	95% HPD		95% HPD	estimate	95% HPD	95% HPD	estimate	95% HPD	95% HPD	estimate	95% HPD
0	0.0100179	0.0393954	0.502357	0.0269865	0.0103443	0.537959	42.8316		0.0496853	0.0648734	0.0860872	4.28204	7.79339	13.7794	0	0	0
1	0.0100179	0.0381097	0.393404	0.0224888	0.011058	0.529843	43.1946
2	0.0100179	0.0358909	0.315902	0.0164918	0.0101447	0.491288	26.7306
3	0.0100179	0.0345641	0.276519	0.011994	0.0103443	0.434016	20.2418
4	0.0100179	0.0338289	0.246654	0.0104948	0.0103277	0.410809	19.7018
5	0.0100179	0.0323246	0.195695	0.00149925	0.0116563	0.415853	20.1312
6	0.0100179	0.0316345	0.169189	0	0.0101447	0.3943	19.7018
7	0.0100179	0.0310536	0.162488	0	0.0103277	0.397384	21.6427
8	0.0100179	0.0303142	0.151005	0	0.0101447	0.377121	21.6427
9	0.0100179	0.030149	0.146232	0	0.0115146	0.382287	27.4652
10	0.0100179	0.0301164	0.146634	0	0.0102431	0.342334	25.1914
11	0.0100179	0.0299728	0.145233	0	0.0101447	0.321896	23.055
12	0.0100179	0.029761	0.146634	0	0.0102431	0.273775	21.6427
13	0.0100179	0.0297449	0.146232	0	0.0101447	0.237079	17.1865
14	0.0100179	0.0294528	0.141119	0	0.0103028	0.202774	9.59287
15	0.0100179	0.0295661	0.141119	0	0.0103028	0.181069	9.59287
16	0.0100179	0.0295545	0.141119	0	0.0101447	0.145049	6.01387
17	0.0100179	0.0293983	0.136358	0	0.0102431	0.124011	4.88608
18	0.0100179	0.0295257	0.140873	0	0.0101447	0.109023	4.16747
19	0.0101703	0.0298702	0.144477	0	0.0103028	0.0732574	0.751283
20	0.0100179	0.0303335	0.143985	0	0.0100042	0.0686682	0.631536
21	0.0100179	0.0306121	0.144477	0	0.0101908	0.0660024	0.561333
22	0.0100179	0.031075	0.144477	0.0029985	0.0100042	0.0651536	0.53508
23	0.0100179	0.0305527	0.136358	0	0.0101447	0.063196	0.519297
24	0.0100179	0.030552	0.13496	0	0.0101908	0.0625747	0.440902
25	0.0101703	0.0299779	0.136075	0	0.0101908	0.0642272	0.440902
26	0.0100179	0.0297256	0.131714	0	0.0101447	0.0624376	0.41358
27	0.0100179	0.0301602	0.138363	0	0.0101447	0.0605378	0.391505
28	0.0100179	0.0300913	0.136075	0	0.0101447	0.0599732	0.380568
29	0.0100179	0.0304325	0.13496	0	0.0101447	0.0603694	0.379325
30	0.0100179	0.0303121	0.136358	0	0.0101447	0.0584305	0.354687
31	0.0100179	0.0301762	0.138363	0	0.0101908	0.0586277	0.348799
32	0.0100628	0.0300699	0.136358	0	0.0101908	0.0582453	0.338436
33	0.0100179	0.030022	0.13496	0	0.0101908	0.0594386	0.320284
34	0.0100179	0.0302022	0.136075	0	0.0100042	0.0602153	0.320284
35	0.0100179	0.0300676	0.136075	0	0.0101908	0.0611254	0.345013
36	0.0101703	0.0297267	0.136075	0	0.0101908	0.0631079	0.354687
37	0.0100628	0.0303282	0.136075	0	0.0101908	0.0647417	0.366211
38	0.0101703	0.0303465	0.136075	0	0.0101908	0.0674397	0.354687
39	0.0101703	0.0306988	0.136075	0	0.0101908	0.0691236	0.370064
40	0.0101703	0.0307621	0.13496	0	0.0101908	0.0709662	0.391505
41	0.0101703	0.0309643	0.136075	0	0.0101908	0.0725828	0.401423
42	0.0101703	0.0312115	0.138983	0	0.0101908	0.0733564	0.514557
43	0.0101703	0.0316289	0.140315	0	0.0101908	0.0791506	0.631536
44	0.0101703	0.0317589	0.140315	0	0.0101908	0.0830735	0.802096
45	0.0101703	0.0323564	0.141119	0	0.0101908	0.0773864	0.603088
46	0.0100628	0.0327396	0.141119	0	0.0101908	0.0710661	0.528358
47	0.0101703	0.0325185	0.140315	0	0.0101908	0.0657145	0.444653
48	0.0100477	0.0328102	0.141119	0	0.0101908	0.064004	0.441706
49	0.0100477	0.0334997	0.146232	0	0.0101908	0.0601654	0.394434
50	0.0100477	0.0337854	0.15031	0	0.0101908	0.0579703	0.366211
51	0.0100628	0.0347051	0.15645	0	0.0101908	0.0548849	0.353617
52	0.0101703	0.0352162	0.1598	0	0.010069	0.0518299	0.309077
53	0.0101703	0.035799	0.1598	0	0.010069	0.049574	0.25171
54	0.0101637	0.0368637	0.168522	0	0.010069	0.0471133	0.236589
55	0.0100477	0.0376925	0.168522	0	0.0101908	0.0454127	0.222509
56	0.0101637	0.0380644	0.172208	0	0.0101908	0.0451334	0.222509
57	0.0100477	0.0384905	0.172208	0	0.0101908	0.0450718	0.222722
58	0.0101637	0.0394939	0.185823	0	0.0101748	0.0437567	0.219468
59	0.0100477	0.0405575	0.185823	0	0.010069	0.0428194	0.211335
60	0.0101674	0.0411409	0.188938	0	0.010069	0.0420283	0.205921
61	0.0101674	0.0424837	0.198383	0	0.010069	0.0406198	0.18877
62	0.0101674	0.0439679	0.201691	0	0.0101748	0.0405436	0.192953
63	0.0101674	0.0456611	0.20314	0	0.0100419	0.0394714	0.18877
64	0.0101703	0.0478099	0.216777	0	0.0100419	0.03897	0.18877
65	0.0101674	0.0492733	0.223742	0	0.0100419	0.0382062	0.184025
66	0.0101674	0.0509594	0.243716	0.00149925	0.0100419	0.0374883	0.184025
67	0.0101674	0.0520422	0.243872	0	0.0100419	0.0370116	0.176901
68	0.0101674	0.0554645	0.27685	0.00149925	0.0100419	0.0364931	0.174369
69	0.0101674	0.0598702	0.317427	0.00149925	0.0100419	0.035451	0.168056
70	0.0101674	0.0625795	0.317427	0	0.0100419	0.0349637	0.162007
71	0.0101674	0.0652473	0.326017	0	0.0100419	0.0338997	0.157522
72	0.0101703	0.071667	0.353182	0.00149925	0.0100419	0.0340991	0.162007
73	0.0101703	0.0798257	0.432531	0.00449775	0.0100419	0.033627	0.158239
74	0.0117383	0.0914899	0.60679	0.0164918	0.0100304	0.0332194	0.160982
75	0.0120388	0.107738	0.658846	0.0224888	0.0100304	0.0338858	0.169013
76	0.0164497	0.125072	0.971946	0.0314843	0.0100304	0.0339831	0.174369
77	0.012136	0.124115	0.716158	0.029985	0.0100304	0.0335271	0.168056
78	0.012136	0.126434	0.757183	0.029985	0.0100304	0.0341482	0.176901
79	0.016794	0.133543	1.0646	0.0374813	0.0100304	0.0343488	0.197927
80	0.019301	0.144433	1.48812	0.05997	0.0100044	0.0347957	0.200022
81	0.0146982	0.168166	2.00406	0.0974513	0.0100304	0.0382703	0.243359
82	0.019301	0.251407	4.8609	0.193403	0.0100044	0.0384298	0.243359
83	0.0102048	0.162942	2.00406	0.107946	0.0100044	0.038397	0.243359
84	0.0103088	0.111399	0.60679	0.0374813	0.0100044	0.0395948	0.393707
85	0.0102048	0.0989866	0.480119	0.0149925	0.0100044	0.0391824	0.360794
86	0.0107126	0.0919138	0.453162	0.00449775	0.0100044	0.0389713	0.360794
87	0.0116367	0.0847728	0.435337	0.00149925	0.0100304	0.0393996	0.401104
88	0.0107126	0.0835181	0.383486	0	0.0100304	0.0393268	0.401104
89	0.0124667	0.0844668	0.434625	0	0.0100044	0.039356	0.478211
90	0.0128965	0.0828341	0.435337	0	0.0100044	0.0390149	0.478211
91	0.012026	0.0820713	0.387855	0.00149925	0.0100044	0.0397294	0.494849
92	0.013117	0.0784174	0.381364	0.00149925	0.0100044	0.0392679	0.494849
93	0.0142176	0.0744971	0.383486	0.00149925	0.0100044	0.0400504	0.55613
94	0.0143516	0.0729297	0.383486	0.00149925	0.0100044	0.0418057	0.69282
95	0.0115955	0.0714304	0.32655	0.00149925	0.0100044	0.0420211	0.69282
96	0.0143516	0.0709315	0.383486	0.00149925	0.0100044	0.0415682	0.69282
97	0.0143516	0.0709665	0.381364	0.00149925	0.0100044	0.0408661	0.69282
98	0.0115955	0.0709215	0.308327	0	0.0100044	0.0407035	0.681712
99	0.0115955	0.07096	0.306854	0	0.0100044	0.0400132	0.65371
100	0.0115955	0.0715216	0.306854	0	0.0100044	0.0406008	0.634269
101	0.0115955	0.0733148	0.308327	0	0.0100044	0.0405393	0.569793
102	0.0142176	0.0726283	0.358542	0	0.0100044	0.0419272	0.681712
103	0.0142176	0.0712793	0.358542	0	0.0100044	0.0391759	0.537518
104	0.0142176	0.0719674	0.358542	0	0.0100304	0.0366841	0.401104
105	0.0140146	0.0735775	0.331932	0	0.0100304	0.0359712	0.401104
106	0.0140146	0.0734908	0.317794	0	0.0100044	0.0376021	0.401104
107	0.0140146	0.0737562	0.331932	0	0.0100618	0.0378567	0.401104
108	0.0140146	0.0748254	0.320348	0	0.0100044	0.0378852	0.401104
109	0.0140146	0.0766389	0.317794	0	0.0100044	0.0382922	0.455881
110	0.0130574	0.0777217	0.320348	0	0.0100552	0.0395244	0.557985
111	0.0127557	0.0780478	0.320348	0	0.0100044	0.0422445	0.634269
112	0.0140146	0.0803953	0.355281	0	0.0100044	0.0439997	0.716005
113	0.0140146	0.0849996	0.381364	0	0.0100044	0.0455203	0.782582
114	0.0120913	0.0912293	0.358542	0	0.0100044	0.0474252	0.840623
115	0.0127557	0.0968561	0.434496	0	0.0100044	0.0496152	1.0295
116	0.0160834	0.103878	0.618153	0	0.0100044	0.050811	1.0295
117	0.0166187	0.117864	0.57628	0.0029985	0.0100044	0.0509975	1.11655
118	0.0166187	0.122705	0.618153	0.005997	0.0100138	0.0551276	1.58645
119	0.0140146	0.137075	0.636476	0.0164918	0.0100044	0.0599937	1.94828
120	0.0140164	0.192132	2.84801	0.0794603	0.0100044	0.0634607	2.4601
121	0.0140164	0.155806	0.929034	0.029985	0.0100044	0.0727157	3.77097
122	0.0169609	0.140905	0.929034	0.011994	0.0100044	0.0781743	4.89448
123	0.0180617	0.136448	0.929034	0.00749625	0.0100044	0.0856652	4.06194
124	0.0203598	0.136613	0.929034	0.00449775	0.0100044	0.0926581	4.53613
125	0.0125476	0.132868	0.654909	0.00449775	0.0100044	0.140619	11.0156
126	0.0166187	0.131066	0.822793	0.00449775	0.0100044	0.238936	19.6299
127	0.0201169	0.132883	0.91399	0.005997	0.0100044	0.373277	25.6939
128	0.0166187	0.133978	0.779251	0.00749625	0.0103627	0.579903	35.8747
129	0.0164821	0.137216	0.779251	0.00749625	0.0109603	0.776829	41.835
130	0.0163814	0.139	0.750424	0.0089955	0.0103627	1.00507	41.4906
131	0.0163814	0.144105	0.723868	0.0104948	0.0156762	1.17599	65.3272
132	0.0210862	0.158979	0.779251	0.0149925	0.0157648	1.54235	68.0883
133	0.0244781	0.164453	0.779251	0.0104948	0.0215769	2.1081	85.8852
134	0.0260956	0.166487	0.772062	0.0089955	0.026822	2.8759	98.8285
135	0.0267059	0.176017	0.845928	0.0164918	0.0950869	4.40496	98.8285
136	0.038401	0.188312	1.1622	0.023988	0.0600196	4.17341	98.7195
137	0.0323581	0.185125	0.959254	0.017991	0.0501433	4.07793	98.8285
138	0.0318935	0.183095	0.91399	0.0134933	0.067424	4.73506	98.8285
139	0.0323581	0.187353	0.933134	0.0134933	0.0678148	4.67754	98.8285
140	0.0328549	0.187787	0.960168	0.0149925	0.0733302	5.06363	98.8285
141	0.0344062	0.190116	0.960168	0.011994	0.083638	5.70648	98.8285
142	0.0344062	0.196019	0.960168	0.0149925	0.0981997	6.23081	98.8285
143	0.0391049	0.199812	1.0024	0.0134933	0.138007	6.68547	98.8285
144	0.0520787	0.211592	1.1622	0.0164918	0.0871644	6.696	98.8285
145	0.0549858	0.236109	1.02441	0.0254873	0.141519	7.00981	98.8285
146	0.0652787	0.268009	1.51221	0.0524738	0.197452	7.10556	98.8285
147	0.0728961	0.259288	1.3806	0.041979	0.128323	6.79957	98.7614
148	0.0549858	0.271568	1.13025	0.0524738	0.103023	6.05721	98.7614
149	0.0390298	0.231822	1.3806	0.0374813	0.103023	5.69502	98.7614
150	0.0273586	0.212611	1.13025	0.0269865	0.108635	5.58159	98.8285
151	0.0303661	0.213854	1.13025	0.023988	0.0468817	5.30288	98.8285
152	0.0390298	0.20934	1.65318	0.029985	0.0539388	5.365	98.8285
153	0.0173856	0.231645	1.82849	0.065967	0.112643	6.76247	98.8285
154	0.0121394	0.149511	0.920856	0.023988	0.411941	8.40492	98.8285
155	0.0102334	0.127585	0.660686	0.0209895	0.277026	7.38773	99.6521
156	0.0105702	0.116203	0.641164	0.0194903	0.021208	1.85177	98.7614
157	0.0105702	0.101254	0.512286	0.0104948	0.0143339	0.491016	98.8285
158	0.010027	0.0922956	0.468717	0.00449775	0.010162	0.104109	1.92645
159	0.010027	0.0853779	0.415859	0.00149925	0.0100509	0.0937738	1.36342
160	0.0102334	0.0816611	0.379121	0	0.010162	0.073158	0.598111
161	0.0102334	0.0801181	0.357989	0	0.010162	0.0629603	0.390236
162	0.0102334	0.0750546	0.330217	0	0.010162	0.0603634	0.346013
163	0.0102334	0.0735936	0.330217	0	0.0102152	0.0605835	0.346013
164	0.0104698	0.0717059	0.33307	0	0.0111875	0.064135	0.428659
165	0.0104698	0.0690825	0.330217	0	0.0101589	0.0612046	0.346013
166	0.0100333	0.0661873	0.301764	0	0.0111875	0.0587209	0.329463
167	0.0102334	0.0638377	0.300981	0	0.0100356	0.0579564	0.272744
168	0.0104698	0.0624565	0.297098	0	0.0101589	0.0572584	0.272208
169	0.0104698	0.0613736	0.300981	0	0.0101589	0.0561787	0.272744
170	0.0104698	0.0602933	0.297098	0	0.0111875	0.057197	0.327536
171	0.0100285	0.0610359	0.288269	0	0.0111875	0.0636721	0.379866
172	0.0104698	0.061847	0.294898	0	0.0100356	0.0804428	2.97544
173	0.0104698	0.0626886	0.293467	0	0.0111875	0.0987594	19.7818
174	0.0109628	0.0636995	0.301764	0	0.0111875	0.108389	21.1462
175	0.0109628	0.0644032	0.301764	0	0.0100356	0.122168	21.5308
176	0.0100333	0.0649123	0.266188	0	0.0111875	0.133663	27.134
177	0.0100333	0.0654931	0.266284	0	0.0111875	0.146868	31.4382
178	0.0109789	0.0663554	0.301764	0.00149925	0.0111875	0.167616	34.9346
179	0.0114582	0.0672737	0.321588	0.00149925	0.0108602	0.192172	35.7456
180	0.0108702	0.0676379	0.301764	0.00149925	0.0108602	0.247349	47.8357
181	0.0116069	0.0705988	0.327683	0.00149925	0.0108602	0.401912	58.8891
182	0.0105702	0.0725515	0.301764	0	0.0111875	0.75125	68.9279
183	0.0112142	0.0748193	0.327683	0	0.0157832	1.30406	96.5746
184	0.0114233	0.0743723	0.327683	0	0.0205133	2.10353	95.6342
185	0.0111256	0.0769571	0.328623	0.00149925	0.0227106	2.53791	98.695
186	0.0102334	0.0780381	0.297098	0.00149925	0.0294803	3.87256	99.0623
187	0.0105702	0.0780281	0.300981	0.00149925	0.0441735	5.25801	98.695
188	0.0112142	0.0815851	0.327683	0.0029985	0.0850004	7.82023	98.695
189	0.0111256	0.0873534	0.341189	0.0029985	0.27407	11.4877	98.695
190	0.0159483	0.0924137	0.519234	0.00449775	0.712916	13.4319	98.695
191	0.0167207	0.0979134	0.519234	0.00449775	1.15708	14.536	97.3219
192	0.0187949	0.103462	0.63248	0.00749625	1.30727	15.1684	98.695
193	0.023582	0.112616	0.737656	0.0104948	1.49706	15.5803	98.695
194	0.0239245	0.105499	0.743221	0.005997	1.27136	15.1304	97.3308
195	0.023582	0.0997968	0.63248	0.00449775	0.0339972	3.70716	98.695
196	0.0187949	0.0997578	0.542396	0.005997	0.0308328	2.66577	98.695
197	0.0187949	0.098962	0.542396	0.005997	0.0223388	1.84959	97.3308
198	0.0172443	0.0986242	0.518303	0.00749625	0.0223388	1.47106	97.3308
199	0.0167207	0.0943172	0.448244	0.0029985	0.0223388	1.0671	97.3219
200	0.0167207	0.0934289	0.436209	0.0029985	0.0163146	0.694415	55.9299
201	0.0167207	0.0922369	0.436209	0.0029985	0.0138828	0.466449	24.6302
202	0.0149598	0.0946008	0.436209	0.00749625	0.0131295	0.292638	3.71862
203	0.0134834	0.0942668	0.445153	0.0089955	0.0175104	0.312336	6.27177
204	0.0156394	0.0939733	0.424004	0.00449775	0.0131295	0.311222	4.79058
205	0.0149598	0.0976075	0.441921	0.0089955	0.0113356	0.284568	4.12724
206	0.0203047	0.101746	0.687418	0.0134933	0.0113356	0.24305	2.93022
207	0.0203047	0.112543	0.700209	0.0254873	0.0107154	0.180625	1.6652
208	0.0172234	0.0980882	0.433729	0.00749625	0.0107154	0.172501	1.2758
209	0.0167207	0.0924339	0.387915	0.0029985	0.0107154	0.16987	1.09698
210	0.0157618	0.0893421	0.389187	0.0029985	0.0137534	0.172635	1.35976
211	0.0156394	0.086476	0.389187	0	0.0132973	0.172602	1.35976
212	0.0157618	0.0853847	0.367812	0.00149925	0.0105616	0.167667	1.09698
213	0.0157618	0.0835629	0.327683	0.00149925	0.0105616	0.158964	1.00193
214	0.0156394	0.0820076	0.327683	0.00149925	0.0108169	0.153856	0.989195
215	0.0158059	0.0808331	0.327683	0.00149925	0.0109854	0.154207	1.00193
216	0.0156394	0.0805993	0.315805	0.00149925	0.0108169	0.153846	1.00193
217	0.0154461	0.0776073	0.318006	0.00149925	0.0105616	0.179835	2.10968
218	0.0154461	0.0777549	0.311912	0.00149925	0.0108169	0.212867	9.00992
219	0.0157335	0.0766864	0.311912	0.00149925	0.0108169	0.250846	18.6252
220	0.0154461	0.0758095	0.315805	0.00149925	0.0108169	0.33451	37.7548
221	0.0154461	0.0754227	0.311912	0	0.0132973	0.408824	52.4935
222	0.0147637	0.0756893	0.300981	0	0.022102	0.527502	97.5309
223	0.0114343	0.0745869	0.256453	0	0.0107193	0.522656	52.4935
224	0.0131261	0.0757917	0.290923	0	0.0223221	0.705383	92.3137
225	0.0150002	0.0752861	0.327683	0	0.0228645	0.86078	92.3137
226	0.0139292	0.0762752	0.327683	0	0.0229429	0.950866	97.7626
227	0.0147637	0.0766321	0.327683	0	0.0238647	1.02241	97.7626
228	0.0131261	0.0773253	0.349998	0	0.0222684	1.07255	97.7626
229	0.0116887	0.0785622	0.327683	0.00449775	0.0151009	1.00788	74.4078
230	0.0131261	0.0825891	0.446388	0.0104948	0.0149236	0.992288	74.4078
231	0.0131261	0.0829847	0.459594	0.011994	0.0222684	0.9456	99.0238
232	0.0150002	0.0790537	0.459594	0.00449775	0.0145194	0.85833	74.4372
233	0.0131261	0.0748327	0.332658	0.00449775	0.0167566	0.886875	97.5309
234	0.0131261	0.0692376	0.327683	0.00149925	0.0162287	0.819601	97.5309
235	0.0131261	0.0671897	0.327683	0.00149925	0.0167566	0.873582	97.5309
236	0.0114409	0.0653029	0.297815	0.00149925	0.0167566	0.880757	97.5309
237	0.0114409	0.0642851	0.297815	0.0029985	0.0167566	0.844809	99.0238
238	0.0106816	0.0605755	0.256453	0	0.0150882	0.782298	97.5309
239	0.0114409	0.0582101	0.256453	0	0.0108285	0.721855	74.4078
240	0.0108092	0.0563192	0.244689	0.00149925	0.010858	0.687411	74.4078
241	0.0116922	0.054567	0.256453	0.00149925	0.010929	0.666645	74.4372
242	0.0116922	0.0538413	0.256453	0.00149925	0.0110386	0.692718	74.4372
243	0.0118672	0.0513568	0.244689	0.00149925	0.0106819	0.69491	71.9117
244	0.0101311	0.04852	0.197814	0	0.0108043	0.68011	71.9117
245	0.0101311	0.0465966	0.183024	0	0.0106819	0.52533	67.2088
246	0.0108092	0.0447268	0.183024	0	0.0106819	0.448402	61.228
247	0.0108092	0.0439548	0.181484	0	0.0106819	0.470997	60.1301
248	0.0108092	0.0434143	0.180518	0	0.0106819	0.453916	60.1301
249	0.0101311	0.0427247	0.163687	0	0.0106752	0.447323	61.0612
250	0.0101311	0.0422466	0.153486	0	0.0106752	0.434194	57.2122
251	0.0104003	0.0415957	0.154427	0	0.0106752	0.40461	55.5483
252	0.0102192	0.0420441	0.153486	0.00149925	0.0106752	0.369007	52.6872
253	0.0106816	0.0418599	0.154427	0	0.0106819	0.30919	49.6485
254	0.0105722	0.0415491	0.154427	0	0.0102351	0.295296	49.6485
255	0.010398	0.0416123	0.153486	0	0.0102351	0.266484	44.1471
256	0.010398	0.0409116	0.153486	0	0.0102351	0.237573	39.0608
257	0.010398	0.0406549	0.153486	0	0.0100721	0.201897	31.4372
258	0.0105722	0.0400585	0.154427	0	0.0100721	0.185625	33.6127
259	0.010642	0.0399752	0.154427	0	0.0100433	0.200833	41.3042
260	0.010642	0.039994	0.154427	0.00149925	0.0100433	0.191025	47.1409
261	0.0106816	0.039504	0.153486	0	0.0100433	0.15247	38.5023
262	0.0106816	0.0389934	0.153486	0	0.0100433	0.102552	16.9032
263	0.010398	0.0385034	0.142852	0	0.0100433	0.0827993	9.08615
264	0.0105722	0.0384599	0.151909	0	0.0100433	0.0649608	4.94458
265	0.0104555	0.0384491	0.149817	0	0.0100433	0.0538332	3.08942
266	0.0106816	0.0381436	0.149817	0	0.0100225	0.047496	2.43662
267	0.0105722	0.0387284	0.149817	0	0.0100225	0.0321265	0.550754
268	0.010642	0.0383415	0.149817	0	0.0100225	0.0297975	0.312097
269	0.0109532	0.0379922	0.149817	0	0.0100225	0.0272551	0.224732
270	0.010398	0.0379683	0.144971	0	0.0100225	0.0256217	0.193448
271	0.010398	0.0380426	0.144971	0	0.0100225	0.0246619	0.146074
272	0.0104555	0.038769	0.149817	0	0.0100225	0.0239367	0.144492
273	0.010398	0.0384261	0.149602	0	0.0100225	0.0243825	0.144492
274	0.0102191	0.0385278	0.145823	0	0.0100225	0.0237226	0.131522
275	0.0102757	0.0394184	0.15324	0	0.0100225	0.02312	0.12655
276	0.010398	0.0392184	0.150763	0	0.0100225	0.0230064	0.12655
277	0.0102191	0.0395892	0.150763	0	0.0100225	0.0222019	0.100242
278	0.0102191	0.0397847	0.150763	0	0.0100022	0.0214967	0.0864772
279	0.0102191	0.0406246	0.161551	0.00149925	0.0100022	0.0213155	0.0844945
280	0.010398	0.0417998	0.182231	0.00149925	0.0100022	0.0209383	0.0790576
281	0.010398	0.0423546	0.182231	0.00149925	0.0100022	0.0208108	0.0790576
282	0.010398	0.0432715	0.182693	0.00149925	0.0100022	0.0207316	0.0759151
283	0.0102191	0.0444854	0.19166	0.00149925	0.0100225	0.0208521	0.0757862
284	0.0102757	0.0457493	0.207468	0.00149925	0.0100225	0.0207363	0.0720376
285	0.0102191	0.0464933	0.21873	0.0029985	0.0100225	0.0204158	0.0687971
286	0.0102191	0.0463276	0.21873	0	0.0100225	0.0203301	0.0691791
287	0.010272	0.0475372	0.240222	0	0.0100225	0.0202835	0.0691791
288	0.010272	0.0480842	0.252058	0	0.0100225	0.0200985	0.0711458
289	0.010642	0.0499232	0.276739	0	0.0100225	0.0198984	0.0680974
290	0.010398	0.0530891	0.288691	0	0.0100225	0.0199104	0.0672873
291	0.0102191	0.056962	0.301177	0.00149925	0.0100225	0.0198935	0.0687971
292	0.0113531	0.0599439	0.376247	0.0029985	0.0100225	0.0199601	0.0687971
293	0.0113531	0.0630773	0.375729	0.0029985	0.0100225	0.0199517	0.0711458
294	0.0113531	0.0656338	0.398156	0.005997	0.0100225	0.0198588	0.0711458
295	0.011075	0.0708683	0.418455	0.0134933	0.0100225	0.019825	0.0674382
296	0.0113132	0.0803855	0.562078	0.0209895	0.0100225	0.0200401	0.0680974
297	0.0124231	0.0958726	0.66192	0.0209895	0.0100225	0.0197911	0.0646031
298	0.0116922	0.0915101	0.562078	0.0149925	0.0100137	0.0198455	0.0646031
299	0.012294	0.0862363	0.484847	0.00749625	0.0100137	0.0199295	0.0646031
300	0.012294	0.0829212	0.44784	0.005997	0.0100225	0.0199455	0.065913
301	0.012294	0.0836233	0.44784	0.005997	0.0100137	0.0199145	0.065913
302	0.0120183	0.0830439	0.44784	0.00749625	0.0100225	0.0198854	0.065913
303	0.0141088	0.0820652	0.49023	0.00449775	0.0100137	0.0198918	0.065913
304	0.0141088	0.0835267	0.49023	0.0029985	0.0100137	0.01997	0.0680974
305	0.0125173	0.0891445	0.49023	0.005997	0.0100225	0.0200182	0.0723549
306	0.0120183	0.0977087	0.603228	0.0149925	0.0100137	0.0199759	0.0680974
307	0.0120183	0.0867385	0.50131	0.005997	0.0100225	0.0204768	0.0723549
308	0.012294	0.0813386	0.49023	0.005997	0.0100225	0.0210723	0.0781586
309	0.0100663	0.076299	0.377619	0.0029985	0.0100225	0.0212803	0.0781586
310	0.0101239	0.0722907	0.368162	0.00149925	0.0100225	0.0216038	0.0849928
311	0.0100663	0.0679306	0.359352	0.00149925	0.0100225	0.0215582	0.0835987
312	0.0100663	0.0664288	0.331901	0.00149925	0.0100225	0.0219018	0.0851811
313	0.0101788	0.0654186	0.319515	0.00149925	0.0100225	0.0218733	0.0851811
314	0.0100663	0.0645075	0.296484	0.00149925	0.0100225	0.0218896	0.0849928
315	0.0100663	0.0637315	0.296484	0.00149925	0.0100225	0.0219102	0.0851811
316	0.0101788	0.0630414	0.314101	0.00149925	0.0100225	0.0221887	0.0948116
317	0.0100663	0.0630427	0.306748	0.0029985	0.0100225	0.0221393	0.0948116
318	0.0101788	0.0626494	0.319515	0.005997	0.0100225	0.0224942	0.134881
319	0.0100663	0.0625134	0.311112	0.0089955	0.0100225	0.0229734	0.165822
320	0.0100663	0.0626145	0.319515	0.0104948	0.0100225	0.0229614	0.169565
321	0.0100663	0.0617796	0.331901	0.00449775	0.0100225	0.0237161	0.175787
322	0.0100663	0.0629395	0.369383	0.00749625	0.0100225	0.0230177	0.17181
323	0.0100663	0.0631453	0.369383	0.00749625	0.0100225	0.0236648	0.197815
324	0.0100663	0.0629429	0.395206	0.00749625	0.0100225	0.0236679	0.18701
325	0.0100663	0.0636495	0.404929	0.0089955	0.0100225	0.0242439	0.212861
326	0.0101832	0.0633898	0.435503	0.0089955	0.0100225	0.0244239	0.187842
327	0.0100663	0.0637985	0.468829	0.0104948	0.0100225	0.0248889	0.197815
328	0.0100663	0.0667373	0.507951	0.0134933	0.0100225	0.0250542	0.187842
329	0.0101832	0.0784275	0.910768	0.0404798	0.0100225	0.0269337	0.218827
330	0.0100663	0.086205	1.29197	0.0614693	0.0100225	0.0285738	0.252293
331	0.0106078	0.114279	2.30711	0.133433	0.0102699	0.0298123	0.281478
332	0.0101832	0.246236	4.60667	0.322339	0.0101744	0.0313933	0.34212
333	0.295839	2.89041	33.6616	0.833583
