		omega		Posterior		rho				Synonymous theta			kappa			phi	
Site	Lower	Point	Higher	prob of +ve	Lower	Point	Higher		Lower	Point	Higher	Lower	Point	Higher	Lower	Point	Higher
	95% HPD	estimate	95% HPD	selection	95% HPD	estimate	95% HPD		95% HPD	estimate	95% HPD	95% HPD	estimate	95% HPD	95% HPD	estimate	95% HPD
0	0.0113578	0.15146	1.20043	0.0629685	0.0101496	0.279345	32.0973		0.0375016	0.0525657	0.0690523	1.85455	3.32232	6.44918	0	0	0
1	0.0134904	0.155897	1.41993	0.0629685	0.0101496	0.296667	32.7783
2	0.0107069	0.131712	0.909293	0.0404798	0.0101496	0.296663	34.4854
3	0.0113578	0.1175	0.831651	0.0314843	0.0101496	0.309869	34.4854
4	0.0101436	0.10215	0.625878	0.017991	0.0101496	0.336622	32.2883
5	0.0108534	0.091127	0.53813	0.0104948	0.0101952	0.390933	36.4213
6	0.0108534	0.089195	0.53813	0.011994	0.0101952	0.464817	43.1152
7	0.010614	0.0825804	0.46639	0.00449775	0.0105551	0.535001	48.4122
8	0.0101436	0.0783094	0.398132	0.0029985	0.0107988	0.57509	53.8724
9	0.010614	0.0764609	0.38788	0.0029985	0.0144181	0.659102	73.164
10	0.0106776	0.0735007	0.373878	0.0029985	0.0144181	0.744978	78.6868
11	0.010614	0.0722688	0.356268	0.00449775	0.0144181	0.746752	78.6868
12	0.010614	0.0702715	0.34629	0.0029985	0.0145802	0.590939	78.6868
13	0.010614	0.068403	0.339525	0.00149925	0.0101496	0.603452	50.5961
14	0.0104365	0.0673002	0.30924	0.00149925	0.0144181	0.710734	78.6868
15	0.0107022	0.0665728	0.334719	0.00149925	0.0144181	0.813125	75.1941
16	0.0117311	0.0662847	0.372944	0.0029985	0.0145802	0.945882	75.1941
17	0.0107022	0.0665192	0.34232	0.00449775	0.019046	0.986161	96.1939
18	0.010614	0.0667641	0.34232	0.005997	0.019046	1.09664	96.1088
19	0.010431	0.0663085	0.322173	0.00149925	0.019046	1.19064	95.4179
20	0.010614	0.0669493	0.334719	0.0029985	0.0193818	1.38056	96.1939
21	0.0103031	0.0663489	0.322173	0.0029985	0.0212105	1.39597	99.4428
22	0.0103031	0.0664779	0.314535	0	0.0233853	1.59878	96.1939
23	0.0103031	0.0662616	0.307563	0	0.0236053	1.79018	99.4428
24	0.0103031	0.0666811	0.314535	0	0.0269498	1.97688	97.9306
25	0.0103031	0.0662953	0.307563	0	0.0269498	2.02411	96.1939
26	0.0103031	0.0660373	0.307563	0	0.0322929	2.49563	97.9306
27	0.0114663	0.0661585	0.34232	0	0.0424046	3.05052	99.4428
28	0.0114663	0.0664403	0.34232	0	0.0407125	3.02083	99.4428
29	0.0108774	0.0676921	0.34232	0.0029985	0.0407125	2.96505	97.9306
30	0.01027	0.0713925	0.372212	0.0089955	0.0407125	3.02437	97.9306
31	0.01027	0.0783368	0.533529	0.0254873	0.0424046	3.25741	99.4428
32	0.01027	0.0924776	1.37474	0.0584708	0.0409705	3.25569	99.4428
33	0.01027	0.0732264	0.535125	0.0254873	0.0389642	3.01596	97.9306
34	0.01027	0.0666649	0.509106	0.0164918	0.0389642	2.86776	97.9306
35	0.0100429	0.0598985	0.451872	0.0089955	0.0366087	2.65641	97.9306
36	0.01027	0.0556123	0.394487	0.00749625	0.0322929	2.43857	97.4824
37	0.0102318	0.0529446	0.377496	0.0089955	0.0291481	2.35205	94.7871
38	0.01027	0.0506706	0.377496	0.005997	0.034647	2.46655	97.9306
39	0.0102894	0.0463086	0.296548	0.0029985	0.0366087	2.34737	97.4824
40	0.0102894	0.0451867	0.296548	0.0029985	0.0366087	2.24228	94.7871
41	0.0102894	0.042227	0.28846	0.00149925	0.0375321	2.12999	93.1731
42	0.0102318	0.0404643	0.271551	0.00149925	0.0375321	2.00371	88.7014
43	0.0102237	0.0384339	0.235764	0	0.0366087	1.85789	93.1731
44	0.01027	0.0371197	0.228833	0	0.0298696	1.69118	93.1731
45	0.0102237	0.0362303	0.206433	0	0.0279236	1.61983	98.1919
46	0.01027	0.0353921	0.202397	0	0.027677	1.40259	98.1919
47	0.0102237	0.0354193	0.206433	0	0.0220718	1.34929	87.2055
48	0.0102237	0.0347782	0.197065	0	0.0198286	1.27162	78.2353
49	0.0102237	0.0340415	0.190281	0.00149925	0.0207227	1.35193	72.9008
50	0.0102237	0.032406	0.161359	0.00149925	0.0207227	1.36108	70.4561
51	0.0102237	0.0316187	0.151345	0.00149925	0.0236305	1.21013	75.3753
52	0.0102237	0.0314343	0.149359	0.00149925	0.0113873	1.08685	33.1188
53	0.0102237	0.0313307	0.150368	0.00149925	0.0227493	1.15425	48.3104
54	0.0102237	0.030595	0.144997	0.00149925	0.0227493	1.15525	44.0299
55	0.0102237	0.0300384	0.140931	0.00149925	0.0236305	1.25794	56.4259
56	0.0102237	0.0303577	0.142738	0.00149925	0.0234983	1.32415	56.4259
57	0.0102237	0.0295866	0.135896	0	0.0304458	1.45552	76.061
58	0.0102237	0.0294714	0.140931	0	0.0304458	1.57769	76.061
59	0.0102237	0.0294462	0.139536	0	0.029894	1.76881	76.061
60	0.0102237	0.0291509	0.135783	0.00149925	0.031669	1.91673	76.061
61	0.0102237	0.0286133	0.130377	0	0.0322929	1.93246	76.061
62	0.0102719	0.0285489	0.130377	0	0.0321232	1.75788	76.061
63	0.0102237	0.0278486	0.123695	0	0.0306916	1.6833	76.061
64	0.0101725	0.0278181	0.12134	0	0.0304193	1.58402	76.061
65	0.0102237	0.0278729	0.123695	0	0.0304458	1.46216	76.061
66	0.0101618	0.0280247	0.12134	0	0.0233119	1.60006	54.4044
67	0.0102237	0.0286103	0.130377	0	0.0295808	1.41272	71.6337
68	0.0100208	0.0289733	0.13688	0	0.0307253	1.42241	69.0955
69	0.0101618	0.0292152	0.144064	0	0.0306916	1.43193	69.0955
70	0.0101618	0.0289682	0.146697	0	0.0242721	1.59772	59.8028
71	0.0100208	0.0292687	0.150368	0	0.0362984	1.7711	88.3683
72	0.0100208	0.0293074	0.159858	0	0.0421233	1.9682	92.6583
73	0.0101618	0.0291623	0.160458	0	0.0421233	2.1052	88.3683
74	0.0100208	0.0296898	0.160458	0.00149925	0.0421233	2.15992	88.3683
75	0.0100208	0.0299703	0.167428	0.005997	0.0421233	2.10151	92.4058
76	0.0100208	0.028518	0.136254	0.00149925	0.0362984	2.2012	93.2876
77	0.0100208	0.0281745	0.135059	0	0.0362984	2.09581	93.2876
78	0.0100208	0.0281205	0.135224	0	0.0353158	2.02114	92.4058
79	0.0100208	0.0275094	0.130377	0	0.033418	1.94634	88.3683
80	0.0100208	0.0282417	0.136254	0.0029985	0.033418	1.96822	88.3683
81	0.0100208	0.0276951	0.135059	0	0.035418	2.15537	86.6808
82	0.0100208	0.0274346	0.128365	0	0.0401437	2.32959	95.7894
83	0.0100255	0.0275017	0.123874	0	0.0362984	2.40626	89.7792
84	0.0100255	0.0273362	0.123874	0	0.0349304	2.38371	92.4058
85	0.0100255	0.0276468	0.132659	0	0.0322929	2.2869	92.4058
86	0.0100208	0.0274736	0.132659	0.00149925	0.0322929	2.24423	92.0683
87	0.0100208	0.0267651	0.111008	0.00449775	0.0304286	2.10139	93.9405
88	0.0100208	0.0264302	0.101133	0.00449775	0.0213926	1.92818	76.6925
89	0.0100208	0.0264252	0.100208	0.00449775	0.0241105	1.91913	92.0683
90	0.0100208	0.0265535	0.101133	0.00449775	0.0267004	1.88684	93.5449
91	0.0100208	0.0266118	0.104598	0.00449775	0.0267004	1.93055	93.5449
92	0.0100208	0.0266343	0.104598	0.00449775	0.0267004	2.0931	95.4225
93	0.0100208	0.0260002	0.100208	0.00149925	0.0302632	2.11387	95.4225
94	0.0100208	0.025478	0.0939594	0	0.0237495	2.08452	95.4225
95	0.0100208	0.025248	0.0939594	0	0.0162012	2.15614	63.0255
96	0.0100208	0.0253725	0.0901436	0	0.0267004	2.25474	93.5449
97	0.0100208	0.0249652	0.088755	0	0.0295393	2.35807	93.5449
98	0.0100208	0.0249395	0.088933	0	0.0338968	2.6286	93.5449
99	0.0100208	0.0247432	0.0896731	0	0.0320998	2.72071	91.8045
100	0.0100111	0.0244261	0.0896731	0	0.0320998	2.72379	93.5449
101	0.0100111	0.0243023	0.088755	0	0.0388032	2.99509	93.5449
102	0.0100111	0.02424	0.088933	0.00149925	0.0388032	3.15918	95.8237
103	0.0100111	0.0242947	0.088755	0.0029985	0.0702578	3.41954	97.4797
104	0.0100111	0.0242955	0.0871675	0.0029985	0.0944627	3.92768	93.5449
105	0.0100111	0.0242355	0.0871675	0.0029985	0.0987902	3.92673	93.5449
106	0.0100111	0.0244098	0.0896731	0.00449775	0.0987902	4.08339	93.5449
107	0.0100111	0.0241663	0.088933	0.0029985	0.0902182	4.26741	93.5449
108	0.0100111	0.0241323	0.088933	0.0029985	0.0944627	4.27309	93.5449
109	0.0100111	0.0241818	0.0847261	0.00149925	0.0786649	3.97548	91.9085
110	0.0100111	0.024169	0.0834189	0	0.0717578	3.92065	91.9085
111	0.0100722	0.0249711	0.0953458	0.00149925	0.0712036	3.42556	91.9085
112	0.0100208	0.0251574	0.0953458	0.00149925	0.065971	3.08249	93.5449
113	0.0100111	0.024804	0.0896731	0	0.0646253	2.87088	93.5449
114	0.0100111	0.0242157	0.0834189	0	0.0599035	2.7906	98.042
115	0.0100111	0.0241798	0.0834189	0	0.034378	2.35697	98.042
116	0.0100111	0.0241441	0.0834189	0	0.0280045	2.19609	94.5727
117	0.0100111	0.0240884	0.0834189	0	0.0287677	2.23347	98.1405
118	0.0100111	0.0239462	0.0834189	0	0.0180444	2.0931	98.1405
119	0.0100111	0.0239696	0.0882661	0	0.0178969	2.27616	98.1405
120	0.0100208	0.0241755	0.0953458	0.00149925	0.0287677	2.3623	99.8983
121	0.0100722	0.0240311	0.0953475	0.00149925	0.0287677	2.37759	99.8983
122	0.0100722	0.0240382	0.0953475	0	0.0261155	2.50107	99.8983
123	0.0100111	0.024445	0.103038	0	0.0105425	1.15136	70.0196
124	0.0100663	0.0241309	0.0953475	0	0.0107782	0.912544	70.0196
125	0.0100208	0.02418	0.0953475	0	0.0103506	0.699871	67.0105
126	0.0100663	0.0240081	0.0953475	0	0.010305	0.517187	66.8524
127	0.0100663	0.0238659	0.0953475	0	0.010305	0.36564	62.4007
128	0.0100111	0.0237516	0.0901436	0	0.0100265	0.240909	49.5011
129	0.0100111	0.0236089	0.0882661	0	0.0100265	0.162531	34.9782
130	0.0100111	0.0233511	0.08242	0	0.0100265	0.158683	38.623
131	0.0100111	0.0234044	0.0882661	0	0.010305	0.151352	38.623
132	0.0100722	0.023936	0.0953475	0.0029985	0.010305	0.139877	34.9782
133	0.0100722	0.0238644	0.0953458	0.0029985	0.010305	0.135646	33.794
134	0.0100111	0.0241822	0.0968586	0.0029985	0.0101409	0.123667	22.7544
135	0.0100111	0.0242366	0.0953475	0.00149925	0.0100265	0.1122	8.69623
136	0.0100722	0.0238409	0.0953458	0.00149925	0.0100265	0.0964599	0.954438
137	0.0100722	0.0238815	0.0953458	0.00149925	0.0100265	0.0924174	0.82738
138	0.0100111	0.0238951	0.094518	0.00149925	0.0100265	0.0922623	0.848121
139	0.0100111	0.0237742	0.0908981	0	0.0100265	0.0953903	0.86965
140	0.0100111	0.0237236	0.0896731	0	0.0100265	0.0965385	0.864189
141	0.0100111	0.0236911	0.0883944	0	0.0101409	0.0969276	0.740707
142	0.0100111	0.0235682	0.0853083	0	0.0100265	0.10174	0.759738
143	0.0100111	0.0236612	0.0853083	0	0.0101409	0.100647	0.589039
144	0.0100111	0.024199	0.0908981	0	0.0101409	0.0974648	0.515455
145	0.0100111	0.0239481	0.0901436	0	0.0110819	0.102888	0.589039
146	0.0100111	0.0240156	0.0882661	0	0.010305	0.118597	0.607554
147	0.0100111	0.024113	0.0896731	0	0.0143082	0.128671	0.846435
148	0.0100111	0.024201	0.0896731	0	0.0135359	0.142697	0.847844
149	0.0100111	0.0243308	0.0896731	0	0.0101409	0.164817	0.749389
150	0.0100111	0.0244432	0.094518	0	0.0157785	0.183786	1.21263
151	0.0100111	0.0244108	0.0896731	0	0.0275172	0.225801	1.86863
152	0.0100111	0.0248509	0.0982277	0.00149925	0.0223317	0.225256	1.37527
153	0.0100111	0.0248928	0.0982277	0.0029985	0.0293107	0.21236	1.37527
154	0.0100111	0.0248932	0.0993678	0	0.0201129	0.21477	1.21263
155	0.0100111	0.0245064	0.095342	0	0.01918	0.209204	1.17978
156	0.0100111	0.0241619	0.0896731	0	0.0168317	0.212593	1.83222
157	0.0100111	0.0239096	0.0853083	0	0.0141945	0.201677	1.70089
158	0.0100111	0.0238205	0.0853083	0	0.0149676	0.179274	1.3556
159	0.0100111	0.0240711	0.0857635	0.00449775	0.0149676	0.151074	0.749389
160	0.0100208	0.0238017	0.0846985	0.00149925	0.0149676	0.145954	0.749389
161	0.0100111	0.0242914	0.0882661	0.00149925	0.0162116	0.135812	0.720578
162	0.0100111	0.0243322	0.0896731	0.00149925	0.0141945	0.127726	0.624213
163	0.0100111	0.0243813	0.0896731	0.00149925	0.0159903	0.125539	0.624213
164	0.0100111	0.0243935	0.0896731	0.00149925	0.0159903	0.12153	0.609357
165	0.0100208	0.0243326	0.095342	0.00149925	0.0159903	0.121344	0.624213
166	0.0100111	0.0238943	0.0882661	0	0.0159903	0.118957	0.609357
167	0.0100111	0.0234979	0.0822456	0	0.0159903	0.122517	0.647324
168	0.0100111	0.0234687	0.0822456	0	0.0159903	0.123416	0.609357
169	0.0100111	0.0233963	0.0817927	0	0.0159903	0.131654	0.749389
170	0.0100111	0.0234065	0.0817927	0.00149925	0.0109185	0.136336	0.624213
171	0.0100111	0.0234375	0.0822456	0.00149925	0.0141945	0.125341	0.624213
172	0.0100111	0.0233393	0.0819041	0.00149925	0.0141945	0.125251	0.624213
173	0.0100111	0.0234927	0.0858918	0.0029985	0.0159903	0.125912	0.749389
174	0.0100111	0.0231086	0.0819041	0	0.0109185	0.126937	0.570836
175	0.0100111	0.0236422	0.0880792	0.00149925	0.0157779	0.117883	0.647324
176	0.0100611	0.0235385	0.0882661	0.00149925	0.0159903	0.117937	0.647324
177	0.0100111	0.0237436	0.0880792	0.00149925	0.0159903	0.118446	0.718386
178	0.0100111	0.023689	0.0880792	0	0.01171	0.12378	0.61114
179	0.0100111	0.0239431	0.0896731	0.00149925	0.0159903	0.11787	0.749389
180	0.0100111	0.0240938	0.0939911	0.00149925	0.0162116	0.114206	0.749389
181	0.0100611	0.0236615	0.0882661	0	0.0159775	0.109625	0.749389
182	0.0100611	0.0235066	0.0881175	0	0.0109185	0.1057	0.509115
183	0.0100111	0.0237569	0.0896731	0	0.0109185	0.0991845	0.428993
184	0.0100111	0.0236793	0.0882661	0	0.0109185	0.0924089	0.373014
185	0.0100111	0.0238343	0.0882661	0	0.0112281	0.0876943	0.365991
186	0.0100111	0.0242237	0.0982277	0	0.0109185	0.0836963	0.346877
187	0.0100111	0.0240198	0.0939911	0	0.0109185	0.0824588	0.326709
188	0.0100111	0.0240374	0.0955616	0	0.0112281	0.0796087	0.302184
189	0.0100208	0.02438	0.0999705	0	0.0112281	0.0791499	0.302184
190	0.0100111	0.0243118	0.0939911	0	0.0110301	0.0800199	0.320704
191	0.0100111	0.0241744	0.0939911	0	0.0112281	0.0806328	0.305278
192	0.0100208	0.0243481	0.0999705	0	0.0112281	0.0796428	0.299917
193	0.0100111	0.0244737	0.0999705	0	0.0110301	0.0779675	0.28235
194	0.0102007	0.0247023	0.103866	0	0.0112281	0.0765081	0.28235
195	0.0100111	0.0244005	0.0999602	0	0.0112281	0.0768681	0.286958
196	0.0100111	0.023803	0.0882661	0	0.0110301	0.0779294	0.28235
197	0.0100111	0.0240068	0.0882661	0	0.0102044	0.0798853	0.349984
198	0.0100111	0.0241801	0.0939911	0	0.0100435	0.110578	5.49326
199	0.0100111	0.0243098	0.0921249	0	0.0100435	0.127557	15.075
200	0.0100208	0.0240706	0.0881175	0	0.0102044	0.154275	32.781
201	0.0100111	0.0240065	0.0876852	0	0.0102044	0.164812	37.6819
202	0.0100111	0.0242823	0.0881175	0	0.0102044	0.157328	32.781
203	0.0100111	0.0245712	0.0939911	0	0.0102044	0.15341	32.781
204	0.0100111	0.0246081	0.0939911	0	0.0102044	0.150653	35.0444
205	0.0100208	0.0247995	0.103866	0	0.0102044	0.144765	34.2193
206	0.0100111	0.0247848	0.102612	0	0.0102044	0.144403	34.2193
207	0.0100111	0.0247904	0.102612	0	0.0102044	0.141394	34.2193
208	0.0101618	0.0248997	0.103866	0	0.0102044	0.146884	35.4369
209	0.0100111	0.0249658	0.0956317	0.00149925	0.0100431	0.15284	37.6819
210	0.0100111	0.0247704	0.0939911	0.00149925	0.0100404	0.147625	35.4369
211	0.0100111	0.0247914	0.0956317	0.0029985	0.0100431	0.153458	37.6819
212	0.0100111	0.0246164	0.0939911	0.00149925	0.0100431	0.158146	37.6819
213	0.0100111	0.0246823	0.0956317	0.00149925	0.0100431	0.166746	37.6819
214	0.0100111	0.0249055	0.0996674	0.00149925	0.0101695	0.182693	43.7479
215	0.0100111	0.0251505	0.102612	0.00149925	0.0100404	0.193543	43.7479
216	0.0100111	0.0255164	0.103866	0.00149925	0.0100431	0.191354	43.7479
217	0.0100208	0.0256709	0.107481	0.00149925	0.0100404	0.151844	20.2879
218	0.0100111	0.025516	0.104727	0	0.0100404	0.158792	22.5699
219	0.0100111	0.0257966	0.107481	0	0.0100404	0.16964	22.5699
220	0.0100111	0.0260155	0.109268	0	0.0100404	0.174334	24.6181
221	0.0100208	0.0259616	0.109268	0	0.0100404	0.165682	16.1363
222	0.0100111	0.026256	0.110776	0	0.0100404	0.155714	9.1551
223	0.0100111	0.0264044	0.11136	0	0.0100404	0.14349	4.30237
224	0.0100111	0.0266892	0.113229	0	0.0100404	0.136889	4.12906
225	0.0100111	0.0265963	0.113229	0	0.0100404	0.127857	3.09401
226	0.0100111	0.0268472	0.119971	0	0.0100598	0.115513	2.12964
227	0.0100111	0.0269923	0.119971	0	0.0100598	0.100796	1.24333
228	0.0100111	0.026807	0.115456	0	0.0100598	0.100334	1.0907
229	0.0100111	0.026886	0.119971	0	0.0100598	0.109781	1.85674
230	0.0100111	0.0267944	0.122156	0	0.0100598	0.10278	1.05531
231	0.0100111	0.026751	0.119971	0	0.0100598	0.109694	1.15363
232	0.0100111	0.0265649	0.113229	0	0.0100603	0.112301	1.15363
233	0.0100111	0.0263546	0.112747	0	0.0100603	0.114153	1.37068
234	0.0100111	0.0261889	0.112747	0	0.0100603	0.113231	1.32274
235	0.0100111	0.0262069	0.112747	0	0.0101695	0.1067	1.09245
236	0.0100111	0.0260662	0.11136	0	0.0107997	0.0981587	0.952243
237	0.0100111	0.0261216	0.111114	0.00149925	0.0101695	0.0872929	0.646658
238	0.0100111	0.0258866	0.110894	0.0029985	0.0100603	0.0824739	0.519362
239	0.0100111	0.0256697	0.108711	0.0029985	0.0107997	0.0724465	0.405803
240	0.0100208	0.0256234	0.108943	0.00149925	0.0111803	0.0690366	0.394809
241	0.0100208	0.0255891	0.108943	0.0029985	0.0113688	0.0691203	0.394809
242	0.0100526	0.0255644	0.108943	0.0029985	0.0113688	0.0697668	0.394795
243	0.0100208	0.0253906	0.106951	0.00149925	0.0113802	0.0708472	0.394809
244	0.0100208	0.0253014	0.106951	0.00149925	0.0113802	0.0723195	0.394809
245	0.0100208	0.0255566	0.106951	0.00149925	0.011158	0.0730647	0.394809
246	0.0100208	0.0254615	0.104359	0.00149925	0.0107997	0.0729875	0.394809
247	0.0100208	0.0250859	0.103717	0.00149925	0.0107997	0.0722711	0.394809
248	0.0100208	0.0250724	0.103717	0	0.0107997	0.0714597	0.394809
249	0.0100208	0.0250838	0.0996674	0	0.0104659	0.0693828	0.394809
250	0.0100208	0.0252963	0.103717	0	0.0104659	0.068879	0.394809
251	0.0100208	0.0250772	0.0970494	0	0.0100603	0.0665482	0.365623
252	0.0100208	0.0252458	0.0996674	0	0.0100603	0.0685604	0.394809
253	0.0100208	0.0248634	0.0939911	0	0.0100603	0.0654403	0.363776
254	0.0100208	0.0253158	0.0970494	0	0.0100603	0.0664152	0.381937
255	0.0100208	0.0255004	0.0989933	0	0.0100603	0.066228	0.365623
256	0.0100208	0.0254184	0.0965202	0	0.0100931	0.0666748	0.394809
257	0.0100208	0.0257146	0.106951	0	0.0100797	0.0761943	0.617075
258	0.0100208	0.025766	0.108711	0	0.0100931	0.0834267	1.04007
259	0.0100397	0.0262398	0.108711	0.00149925	0.0100797	0.0903044	1.30892
260	0.0100397	0.0259762	0.108711	0.00149925	0.0100931	0.110268	17.6965
261	0.0100208	0.0260083	0.104727	0.00149925	0.0100931	0.120759	30.3866
262	0.0100208	0.0260883	0.104727	0.00149925	0.0101695	0.125793	25.6872
263	0.0100208	0.0262705	0.102805	0.0029985	0.0101695	0.133928	28.7668
264	0.0100397	0.0263431	0.108711	0	0.0107997	0.150006	34.3922
265	0.0100208	0.0263572	0.109487	0.00149925	0.0107997	0.164325	33.618
266	0.0100208	0.0262913	0.109487	0.00149925	0.0109049	0.16411	34.3922
267	0.0100208	0.0260686	0.109487	0.00149925	0.0107997	0.188339	34.3922
268	0.0100208	0.0264763	0.119971	0.00149925	0.0101695	0.193751	32.0019
269	0.0100208	0.0264345	0.119971	0.00149925	0.0101695	0.210133	32.7465
270	0.0100208	0.0267386	0.120241	0	0.0109049	0.26563	35.9526
271	0.0100208	0.0270192	0.120241	0	0.0107997	0.285544	35.9526
272	0.0100208	0.0269722	0.120241	0	0.0106079	0.316709	35.9526
273	0.0100208	0.0271953	0.121333	0	0.0100392	0.370276	34.3922
274	0.0100208	0.0272804	0.121333	0	0.0122173	0.463492	41.5325
275	0.0100556	0.0276928	0.123242	0.00149925	0.0120834	0.461139	38.7524
276	0.0101109	0.0279892	0.123242	0.00149925	0.0120834	0.502415	42.6096
277	0.0100208	0.0278807	0.120241	0.00149925	0.0122173	0.444325	45.8396
278	0.0101387	0.0279705	0.123242	0.00149925	0.010227	0.416866	39.7992
279	0.0101256	0.0281662	0.123242	0.0029985	0.0122173	0.417825	52.0586
280	0.0101256	0.0281724	0.123242	0.0029985	0.0107044	0.45145	52.0586
281	0.0100208	0.0289853	0.123242	0.0029985	0.0122173	0.431954	59.1255
282	0.0101114	0.028921	0.123242	0.00149925	0.0122173	0.445376	55.9232
283	0.0101256	0.0288268	0.123242	0.00149925	0.0114611	0.416621	52.0586
284	0.0100208	0.0294748	0.125264	0.00149925	0.010554	0.407754	47.6495
285	0.0100208	0.0296974	0.125264	0.00149925	0.010554	0.399317	47.6495
286	0.0100208	0.0304067	0.13991	0	0.010554	0.381513	43.8501
287	0.0100208	0.0319183	0.160683	0	0.010554	0.388671	43.8501
288	0.0100208	0.0326285	0.176679	0	0.010554	0.405705	47.6495
289	0.0100208	0.0338837	0.201436	0	0.0104874	0.402514	43.8501
290	0.0101114	0.0350167	0.245243	0	0.0104874	0.419987	41.1618
291	0.0101656	0.0347038	0.245243	0.00149925	0.0126252	0.445994	51.0398
292	0.0100208	0.0359728	0.278433	0.00449775	0.0126252	0.467683	49.092
293	0.0101114	0.0372486	0.353499	0.0104948	0.0126252	0.50822	50.9257
294	0.0101114	0.0403233	0.567752	0.0194903	0.0215016	0.611427	89.5684
295	0.0101618	0.0440236	0.820403	0.0344828
