		omega		Posterior		rho				Synonymous theta			kappa			phi	
Site	Lower	Point	Higher	prob of +ve	Lower	Point	Higher		Lower	Point	Higher	Lower	Point	Higher	Lower	Point	Higher
	95% HPD	estimate	95% HPD	selection	95% HPD	estimate	95% HPD		95% HPD	estimate	95% HPD	95% HPD	estimate	95% HPD	95% HPD	estimate	95% HPD
0	0.0100692	0.0398345	0.267009	0.005997	0.0104	0.187671	6.5547		0.0526004	0.0772229	0.11716	1.4306	3.18907	7.82169	0	0	0
1	0.0100692	0.0376923	0.19282	0.00149925	0.0104	0.187013	6.56259
2	0.0100692	0.0368364	0.170164	0.00149925	0.0102317	0.178404	6.2096
3	0.0100692	0.0363505	0.166787	0.00149925	0.0102317	0.18412	6.56259
4	0.0100692	0.0354774	0.151779	0.00149925	0.0104	0.180563	6.98697
5	0.0100692	0.0352171	0.152092	0.00149925	0.0102317	0.183013	7.86092
6	0.0100692	0.0347464	0.146622	0	0.0102317	0.176096	7.05052
7	0.0100692	0.0350188	0.152092	0	0.010328	0.173394	7.05052
8	0.0100692	0.0349904	0.152092	0	0.0102317	0.177343	7.31722
9	0.0100692	0.0347085	0.151779	0	0.0102317	0.172358	6.96631
10	0.0100692	0.0351414	0.152092	0	0.0102317	0.157957	4.34661
11	0.0100692	0.0349974	0.144712	0	0.010225	0.15642	4.65282
12	0.0100692	0.0348093	0.144712	0	0.010225	0.158041	4.65282
13	0.0100507	0.0344676	0.137303	0	0.010225	0.154373	4.65282
14	0.0100507	0.0346164	0.136027	0	0.010225	0.1438	3.41194
15	0.0100507	0.0345326	0.137303	0	0.0100096	0.140597	3.44942
16	0.0100345	0.035195	0.141863	0	0.010225	0.155595	5.49654
17	0.0100345	0.0355085	0.144712	0	0.010225	0.173053	8.12331
18	0.0100692	0.0361042	0.155625	0.00149925	0.010225	0.194893	16.9551
19	0.0100692	0.036548	0.155625	0.00149925	0.010225	0.221574	22.2867
20	0.0100345	0.0359916	0.15477	0	0.010225	0.241947	30.3869
21	0.0100345	0.0366111	0.155625	0	0.010225	0.291891	41.5437
22	0.0100345	0.0371246	0.168682	0	0.010225	0.352026	45.89
23	0.0100345	0.0378263	0.170164	0	0.010225	0.38508	48.1045
24	0.0100345	0.037745	0.170164	0	0.010225	0.401932	49.3455
25	0.0100345	0.0377168	0.179529	0	0.010225	0.402042	48.1045
26	0.0100791	0.0389914	0.193588	0	0.010225	0.441882	51.5716
27	0.0100791	0.0396601	0.198676	0	0.0102159	0.469209	48.1045
28	0.0100345	0.0400774	0.198676	0.00149925	0.010225	0.51706	55.0192
29	0.0100345	0.0416438	0.241475	0	0.010225	0.528441	51.1427
30	0.0102876	0.0445707	0.309406	0.00449775	0.0104089	0.566107	47.6346
31	0.0100345	0.0433652	0.267932	0.00449775	0.0114684	0.621622	61.769
32	0.0100345	0.0413783	0.250839	0.0029985	0.0114684	0.65269	61.4721
33	0.0100345	0.0403367	0.230335	0	0.0114684	0.745053	62.1282
34	0.0100245	0.0381728	0.201599	0	0.0117509	0.845296	64.3295
35	0.0100345	0.0375221	0.198665	0	0.0114684	0.900767	64.789
36	0.0100245	0.0368624	0.19282	0	0.0172326	0.843031	98.5744
37	0.0100245	0.0357211	0.160956	0	0.0114684	0.860931	64.789
38	0.0100245	0.0352139	0.143737	0	0.0170619	0.850985	99.7168
39	0.0100245	0.0354621	0.147929	0	0.0170619	0.807209	99.7168
40	0.0100245	0.0346686	0.138149	0	0.0174941	0.8884	99.7168
41	0.0100245	0.0342756	0.138149	0	0.0174941	0.974168	98.5744
42	0.0100245	0.0336422	0.124846	0	0.0174941	1.02103	99.7168
43	0.0100245	0.0331698	0.117554	0	0.0191259	1.06699	99.7168
44	0.0100245	0.032474	0.108804	0	0.0212326	1.09634	99.7168
45	0.0100245	0.0320635	0.107186	0	0.0237472	1.14385	99.7168
46	0.0100245	0.0324206	0.107186	0.00149925	0.0228124	1.15135	98.5744
47	0.0100345	0.0323152	0.108804	0.00149925	0.0228124	1.18193	99.7168
48	0.0100245	0.0318935	0.107996	0	0.0215994	1.1171	99.7168
49	0.0100791	0.0313976	0.107186	0	0.0212326	1.03986	98.5744
50	0.0100791	0.0317167	0.107996	0	0.0209518	1.02396	98.5744
51	0.0100791	0.0313302	0.107186	0	0.0198144	0.983073	99.9068
52	0.0100345	0.0317151	0.107996	0	0.0187157	0.962236	98.5744
53	0.0100791	0.031709	0.108804	0	0.0187157	1.01492	98.5744
54	0.0100345	0.0318066	0.111285	0	0.0190836	1.00824	99.9068
55	0.0100345	0.0317128	0.113105	0	0.0198144	0.996968	99.9068
56	0.0100791	0.0314543	0.108804	0	0.0209518	0.985323	99.9068
57	0.0100791	0.0314273	0.108804	0	0.0209518	0.980293	98.5744
58	0.0100345	0.0317143	0.109823	0	0.0209518	1.00437	98.5744
59	0.0100345	0.0317061	0.111285	0	0.0229647	1.05798	99.9068
60	0.0100345	0.031514	0.109823	0	0.0198144	1.00259	99.9068
61	0.0100345	0.0313852	0.108804	0	0.0186883	0.970252	99.9068
62	0.0100334	0.0312392	0.108804	0	0.0198144	0.906446	99.9068
63	0.0100334	0.0312388	0.116461	0	0.0212051	0.944061	98.5744
64	0.0100334	0.0313458	0.117506	0	0.0212051	0.911192	98.5744
65	0.0100334	0.0317377	0.117554	0	0.0211781	0.882362	98.5744
66	0.0100334	0.0316826	0.117554	0	0.0201767	0.840431	99.9068
67	0.0100334	0.0320312	0.122861	0	0.0186883	0.77792	98.5744
68	0.0100334	0.0323383	0.132261	0	0.0186883	0.764567	98.5744
69	0.0100334	0.0323071	0.12783	0	0.0174614	0.701441	89.6855
70	0.0100334	0.0323158	0.122861	0	0.0174614	0.688102	89.6855
71	0.0100334	0.032444	0.125369	0	0.0168741	0.607136	91.8644
72	0.0100334	0.0328747	0.12783	0	0.0168741	0.546114	93.795
73	0.0100334	0.0339225	0.143979	0	0.0101125	0.457332	48.3111
74	0.0100334	0.0344129	0.144985	0	0.0101125	0.378311	41.9232
75	0.0100791	0.0346374	0.146739	0	0.0108191	0.337741	39.8524
76	0.0100791	0.0351105	0.150032	0	0.0106532	0.320518	38.2028
77	0.0100334	0.0358835	0.153236	0	0.0108191	0.298438	38.2028
78	0.0100791	0.036473	0.162366	0	0.0109331	0.271682	35.7716
79	0.0100791	0.0373485	0.173226	0	0.0107258	0.284371	33.7467
80	0.0100334	0.0385494	0.188688	0.00149925	0.0107258	0.304079	32.1595
81	0.0100334	0.0404915	0.211715	0.00149925	0.0108191	0.304328	31.321
82	0.0100334	0.0421568	0.251392	0.0029985	0.0108191	0.32084	31.321
83	0.0100334	0.0478489	0.417688	0.0134933	0.0107258	0.346272	32.8269
84	0.0100334	0.0428081	0.258738	0.0029985	0.0107258	0.355383	32.8269
85	0.0100334	0.0412586	0.245798	0.00149925	0.0128521	0.412622	41.9232
86	0.0100791	0.0401917	0.242571	0.00149925	0.0110711	0.430031	37.2086
87	0.0100791	0.0383041	0.200264	0.00149925	0.0136338	0.47525	44.2912
88	0.0100791	0.0362054	0.18893	0.00149925	0.0137716	0.489386	44.2912
89	0.0100334	0.0356032	0.186292	0.0029985	0.0153189	0.508265	44.2912
90	0.0100334	0.0330431	0.158082	0.00149925	0.0176071	0.538436	51.332
91	0.0100334	0.0319224	0.146255	0.00149925	0.0163229	0.558753	48.3111
92	0.0100334	0.0314973	0.14496	0.00149925	0.017055	0.598204	48.3111
93	0.0100791	0.0314047	0.144237	0.00149925	0.0188531	0.639321	51.332
94	0.0100334	0.0306419	0.133398	0.00149925	0.0285519	0.653941	74.1334
95	0.0100334	0.0300043	0.129036	0.00149925	0.0227667	0.635474	67.0574
96	0.0100334	0.0295504	0.126123	0.00149925	0.0211956	0.572567	67.0574
97	0.0100334	0.0289254	0.125369	0	0.0223021	0.562985	74.1334
98	0.0100618	0.0286577	0.125369	0	0.0162986	0.49035	53.2127
99	0.0100743	0.0284192	0.125369	0	0.0188531	0.445349	55.7521
100	0.0100743	0.0283838	0.125369	0	0.0191506	0.408421	53.2127
101	0.0100334	0.028125	0.122861	0	0.0162452	0.379392	41.9232
102	0.0100743	0.0280889	0.116441	0	0.0100497	0.347966	21.9155
103	0.0100334	0.0275195	0.107727	0	0.0101093	0.32277	19.7715
104	0.0100743	0.0276588	0.116441	0	0.0101093	0.287523	13.1149
105	0.0100334	0.0273575	0.109409	0	0.0101093	0.254084	9.35268
106	0.0100334	0.0270296	0.110341	0	0.0101093	0.220713	3.64797
107	0.0100334	0.026681	0.109409	0	0.0103822	0.205195	2.871
108	0.0100334	0.0263042	0.107727	0	0.0103822	0.180377	1.43633
109	0.0100334	0.0260033	0.110341	0	0.0121275	0.148605	0.82377
110	0.0100334	0.0260506	0.110341	0	0.0129031	0.145082	0.850553
111	0.0100334	0.025773	0.107727	0	0.0119647	0.145019	0.803129
112	0.0100334	0.0255326	0.107727	0.00149925	0.0121275	0.145976	0.82377
113	0.0100334	0.0256007	0.109409	0.00149925	0.0119647	0.146279	0.836602
114	0.0100743	0.0253886	0.107727	0.00149925	0.0121275	0.142865	0.803129
115	0.0100743	0.0253702	0.107727	0.00149925	0.0119647	0.145774	0.836602
116	0.0100743	0.0256243	0.109409	0.0029985	0.0119647	0.150959	0.966613
117	0.0100743	0.0255676	0.109409	0	0.0121794	0.146586	0.907751
118	0.0100435	0.025576	0.107186	0	0.0121794	0.139844	0.907751
119	0.0100435	0.0255644	0.107186	0	0.0121275	0.138314	0.951709
120	0.0100743	0.025809	0.110341	0	0.0112409	0.128416	0.951709
121	0.0100743	0.0259648	0.110341	0	0.0121275	0.113991	0.738397
122	0.0100435	0.025891	0.109409	0	0.0112409	0.108476	0.605579
123	0.0100743	0.0259901	0.110341	0.0029985	0.0112409	0.10422	0.585058
124	0.0100435	0.0257359	0.110341	0	0.0124202	0.0953614	0.541899
125	0.0100435	0.0260023	0.11418	0	0.0124202	0.0847626	0.532242
126	0.0100743	0.0260768	0.11418	0	0.0101428	0.0766251	0.39172
127	0.0100743	0.0261552	0.11418	0	0.0101428	0.0735637	0.366457
128	0.0100435	0.0258834	0.110341	0	0.010578	0.0692872	0.363638
129	0.0100435	0.026004	0.110341	0	0.0101428	0.0650601	0.32028
130	0.0100435	0.0264136	0.11418	0.00149925	0.0101428	0.0634779	0.307151
131	0.0100435	0.0263116	0.112502	0	0.010271	0.0621868	0.294933
132	0.0100435	0.0261302	0.105784	0	0.0103678	0.0604846	0.294933
133	0.0100435	0.0258355	0.0971604	0	0.010271	0.0603811	0.294933
134	0.0100435	0.025768	0.0971604	0	0.0114261	0.0596185	0.314828
135	0.0100435	0.0262894	0.105784	0.0029985	0.0116464	0.0592255	0.314828
136	0.0100435	0.0263451	0.106423	0.00149925	0.0100086	0.0573093	0.266886
137	0.0100435	0.0261066	0.107	0	0.0100086	0.0569095	0.266886
138	0.0100435	0.0261217	0.107	0	0.0100086	0.0547171	0.249769
139	0.0100435	0.0264281	0.107	0.00149925	0.0100086	0.053446	0.249769
140	0.0100435	0.0263661	0.105784	0	0.0100086	0.0540454	0.251066
141	0.0100028	0.026634	0.107	0	0.0105386	0.0542971	0.271425
142	0.0100028	0.0267006	0.11389	0	0.0103054	0.0546349	0.267067
143	0.0100028	0.0264929	0.118144	0	0.0102619	0.0555489	0.273633
144	0.0100028	0.0265951	0.119505	0	0.0102619	0.0554383	0.267067
145	0.0100028	0.0267106	0.12012	0	0.0102704	0.0553396	0.267067
146	0.0100028	0.0270454	0.125132	0	0.0102619	0.0584887	0.283804
147	0.0100028	0.0276114	0.132804	0	0.0102619	0.0602687	0.294532
148	0.0100435	0.0274447	0.129653	0	0.0100086	0.0655934	0.356605
149	0.0100028	0.0278635	0.141919	0	0.0102619	0.0738995	0.616799
150	0.0100028	0.0279921	0.141919	0	0.0100086	0.0861181	1.28711
151	0.0100028	0.0281688	0.142862	0	0.0102619	0.103459	6.386
152	0.0100743	0.0294025	0.164827	0.0029985	0.010003	0.119772	8.03278
153	0.0100435	0.0295258	0.164827	0.00149925	0.0102619	0.154727	22.4634
154	0.0100028	0.0302918	0.170118	0.0029985
