		omega		Posterior		rho				Synonymous theta			kappa			phi	
Site	Lower	Point	Higher	prob of +ve	Lower	Point	Higher		Lower	Point	Higher	Lower	Point	Higher	Lower	Point	Higher
	95% HPD	estimate	95% HPD	selection	95% HPD	estimate	95% HPD		95% HPD	estimate	95% HPD	95% HPD	estimate	95% HPD	95% HPD	estimate	95% HPD
0	0.0100623	0.0947832	0.855795	0.0404798	0.0102173	0.492087	48.7128		0.0119697	0.0218784	0.0369473	4.37085	18.449	88.9727	0	0	0
1	0.0101671	0.0907145	0.817987	0.0329835	0.0102173	0.44949	46.6172
2	0.0101671	0.0863029	0.674355	0.017991	0.0102173	0.409382	46.6172
3	0.0104256	0.0870024	0.674355	0.0164918	0.0103749	0.351573	46.6172
4	0.0102538	0.0893339	0.674355	0.0194903	0.0103759	0.304379	46.6172
5	0.0102538	0.0920702	0.674355	0.017991	0.0101274	0.244389	45.4741
6	0.0102538	0.0931707	0.674355	0.0149925	0.0100123	0.202584	43.8908
7	0.0104256	0.0948626	0.674355	0.011994	0.0100123	0.163686	39.1598
8	0.0100623	0.0951124	0.641759	0.011994	0.0100123	0.126443	24.8024
9	0.0109706	0.0951587	0.687061	0.0104948	0.0100123	0.108382	24.8024
10	0.0109706	0.097403	0.687061	0.0104948	0.0100123	0.0990362	20.0626
11	0.0110273	0.0982401	0.687061	0.011994	0.0100123	0.0786529	3.69273
12	0.0110273	0.100311	0.684061	0.011994	0.0100097	0.0674551	1.20706
13	0.0110273	0.102138	0.684061	0.011994	0.0100097	0.050535	0.53439
14	0.0108735	0.105972	0.690869	0.0164918	0.0101274	0.0481715	0.476482
15	0.0105145	0.109183	0.690869	0.0209895	0.0100097	0.046951	0.436877
16	0.0105145	0.109978	0.697119	0.0209895	0.0100097	0.0466455	0.436877
17	0.0105145	0.109826	0.697119	0.0224888	0.0100097	0.0455545	0.426184
18	0.0105145	0.112949	0.724466	0.0269865	0.0101311	0.0447768	0.394689
19	0.0105145	0.121031	0.793381	0.0344828	0.0100097	0.0452464	0.374059
20	0.0101795	0.133945	1.05905	0.0524738	0.0100097	0.0465457	0.426184
21	0.0105145	0.145043	1.20249	0.0614693	0.0100097	0.0471345	0.428048
22	0.0119634	0.160348	1.43854	0.0764618	0.0101311	0.0472613	0.428048
23	0.0119634	0.170557	1.54722	0.0854573	0.0100097	0.0475191	0.428048
24	0.011455	0.185045	1.58793	0.0989505	0.0100097	0.0481775	0.436877
25	0.0157091	0.222262	2.1845	0.124438	0.0100463	0.0479708	0.436877
26	0.0172292	0.193808	2.15468	0.0974513	0.0100097	0.0478963	0.436877
27	0.0168435	0.176337	2.1845	0.083958	0.0100097	0.0483057	0.436877
28	0.0101512	0.161785	1.20249	0.0704648	0.0100373	0.0480915	0.436877
29	0.0106121	0.149195	1.12497	0.0569715	0.0100097	0.0481696	0.436877
30	0.0101512	0.142417	0.989827	0.0494753	0.0100097	0.0489485	0.47318
31	0.011004	0.135677	0.979313	0.0404798	0.0100097	0.0507582	0.588966
32	0.0113231	0.12927	0.939416	0.0344828	0.0100097	0.0509116	0.605831
33	0.0122005	0.126722	0.979313	0.0314843	0.0100097	0.0519965	0.588966
34	0.0108087	0.118683	0.757222	0.023988	0.0100097	0.0546818	0.639173
35	0.0108087	0.114757	0.752923	0.0209895	0.0101311	0.0551176	0.66692
36	0.0101346	0.110375	0.676116	0.0194903	0.0100097	0.0573591	0.752478
37	0.0101512	0.109046	0.658082	0.0194903	0.0100097	0.0570164	0.69424
38	0.0101346	0.105779	0.630667	0.0194903	0.0100097	0.0569646	0.752478
39	0.0101346	0.105772	0.587602	0.0194903	0.0100097	0.0564496	0.778276
40	0.0101346	0.109926	0.676116	0.0254873	0.0101502	0.0569354	0.821858
41	0.0101346	0.113045	0.724466	0.0329835	0.0100097	0.0554847	0.752478
42	0.0101346	0.112488	0.720602	0.029985	0.0100097	0.0547337	0.778276
43	0.0101346	0.113162	0.724466	0.0314843	0.0100097	0.0551037	0.828765
44	0.0101346	0.114337	0.775235	0.0344828	0.0100097	0.056197	0.860762
45	0.0101346	0.117389	0.791441	0.0329835	0.0100097	0.0601893	1.04842
46	0.0101346	0.117341	0.809448	0.035982	0.0100097	0.0601739	1.53757
47	0.0101346	0.118162	0.829678	0.0374813	0.0100097	0.0601679	1.20706
48	0.0101346	0.120659	0.846067	0.0389805	0.0101502	0.0635948	3.38431
49	0.0101346	0.127604	0.933554	0.0434783	0.0100097	0.0629881	2.65518
50	0.0101512	0.134801	0.940458	0.0464768	0.0100097	0.0637064	2.65518
51	0.0101512	0.139924	0.961075	0.0494753	0.0100097	0.0619871	2.45971
52	0.0124355	0.142021	1.29809	0.0524738	0.0100097	0.0629837	2.45971
53	0.0111183	0.150941	1.29809	0.05997	0.0100097	0.0652101	3.10225
54	0.0111183	0.157011	1.29809	0.0644678	0.0100097	0.0654343	3.38431
55	0.0101512	0.167683	1.29809	0.0749625	0.0100097	0.0648175	3.10225
56	0.0112954	0.18105	1.57934	0.0854573	0.0100097	0.0626179	1.77039
57	0.0223713	0.23886	7.70984	0.142429	0.0102173	0.0618586	1.77039
58	0.0119471	0.173585	2.15507	0.089955	0.0100097	0.062133	2.03585
59	0.0112954	0.147885	1.28243	0.0674663	0.0100097	0.0613339	1.53385
60	0.0112954	0.132019	0.942913	0.0464768	0.0100097	0.0632057	1.37062
61	0.011822	0.126203	0.853632	0.0374813	0.0101502	0.0625814	2.11409
62	0.0112954	0.121139	0.770059	0.0329835	0.0100097	0.0634073	2.21635
63	0.0119471	0.115879	0.770059	0.0284858	0.0100097	0.0645779	2.45971
64	0.0111861	0.111418	0.726602	0.0284858	0.0100097	0.0645788	2.79684
65	0.0111284	0.105318	0.726602	0.0269865	0.0100097	0.0643362	3.10225
66	0.0105712	0.100244	0.676116	0.0224888	0.0100097	0.0671227	3.10225
67	0.0105712	0.0937424	0.588771	0.0164918	0.0100097	0.0661536	3.35888
68	0.0105712	0.0926671	0.602709	0.017991	0.0100097	0.0668605	4.34769
69	0.0105712	0.0886575	0.588771	0.0164918	0.0100097	0.0663674	3.35888
70	0.0105712	0.0849215	0.557678	0.0134933	0.0100097	0.0632311	3.10225
71	0.0105712	0.0836991	0.557678	0.0164918	0.0100097	0.0611944	2.45971
72	0.0105712	0.0802164	0.557678	0.0149925	0.0100097	0.0613793	2.45971
73	0.0102345	0.0788843	0.557678	0.0134933	0.0100097	0.0613462	2.683
74	0.0108893	0.0759138	0.561082	0.0089955	0.0100097	0.05967	2.21635
75	0.0100959	0.0740611	0.469683	0.0029985	0.0100097	0.0582576	2.11409
76	0.0100959	0.0723601	0.447317	0	0.0100097	0.0588248	2.21635
77	0.0100959	0.0721096	0.460268	0.00449775	0.0100097	0.0569375	1.69556
78	0.0100959	0.0712714	0.447317	0.005997	0.0100097	0.0575508	1.88762
79	0.0100959	0.0737567	0.469683	0.011994	0.0100097	0.0561774	1.88762
80	0.0105237	0.0709992	0.438806	0.00749625	0.0101502	0.0552507	1.88762
81	0.0100959	0.07008	0.430406	0.0089955	0.0100097	0.0593696	2.21635
82	0.0100959	0.0694729	0.430406	0.00749625	0.0100097	0.0596177	2.21635
83	0.0100959	0.0690989	0.411939	0.0104948	0.0101422	0.0544961	1.33178
84	0.0100959	0.0675023	0.393821	0.00749625	0.0100097	0.0534142	1.16875
85	0.0103697	0.0678164	0.413602	0.00749625	0.0101422	0.0521837	0.969164
86	0.0100959	0.0655402	0.386635	0.00449775	0.0100097	0.0515857	0.881798
87	0.0100959	0.0642159	0.386635	0.00449775	0.0100097	0.0488759	0.769621
88	0.0100959	0.0636466	0.360039	0.00149925	0.0101366	0.0456788	0.452137
89	0.0103697	0.0637799	0.365482	0.00149925	0.0100097	0.0421569	0.353987
90	0.0105237	0.064239	0.365482	0.00449775	0.0101422	0.0407005	0.302365
91	0.0105237	0.0656982	0.39196	0.00749625	0.0100097	0.0417444	0.368668
92	0.0100959	0.0670595	0.386635	0.0104948	0.0100097	0.0426108	0.418971
93	0.0100959	0.0700321	0.49261	0.0164918	0.0101422	0.042274	0.418971
94	0.0105237	0.0714985	0.517024	0.0164918	0.0100097	0.0413757	0.368668
95	0.0100786	0.0704735	0.49261	0.0134933	0.0100097	0.0416033	0.368668
96	0.0100786	0.0703773	0.471058	0.0104948	0.0100097	0.0407367	0.359667
97	0.0100786	0.0690829	0.454954	0.00749625	0.0101502	0.0423572	0.422762
98	0.0100786	0.0701059	0.471058	0.00749625	0.0101422	0.042318	0.368668
99	0.0100786	0.0705547	0.451761	0.00449775	0.0101422	0.0424121	0.358388
100	0.0100786	0.0728874	0.471058	0.0089955	0.0101422	0.0413477	0.320936
101	0.0100786	0.0746791	0.497239	0.0089955	0.0101422	0.0411561	0.320936
102	0.0100786	0.0762029	0.517024	0.0089955	0.0101422	0.0408043	0.306486
103	0.0100786	0.0801538	0.583948	0.0194903	0.0101422	0.0401806	0.291544
104	0.0100786	0.0837493	0.634286	0.0194903	0.0101422	0.0403894	0.306486
105	0.0100786	0.0865861	0.64189	0.017991	0.0101422	0.0407992	0.31612
106	0.0100786	0.087349	0.634286	0.017991	0.0101422	0.0403481	0.334255
107	0.0100786	0.0878438	0.634286	0.017991	0.0101422	0.0414656	0.368668
108	0.0100786	0.0913083	0.66206	0.0224888	0.0103715	0.0415601	0.359667
109	0.0100786	0.0984535	0.780859	0.0284858	0.0103715	0.0427838	0.406012
110	0.0100786	0.105612	0.851904	0.035982	0.0101502	0.0426811	0.386137
111	0.0100786	0.108262	0.816894	0.0314843	0.0103739	0.0425744	0.362545
112	0.0100786	0.113919	0.864024	0.035982	0.0101423	0.0434055	0.386137
113	0.0100786	0.12034	0.969084	0.0464768	0.0101423	0.043883	0.390944
114	0.0100786	0.131128	1.04607	0.0509745	0.0101423	0.0434067	0.368668
115	0.0100786	0.136489	1.06459	0.053973	0.0101423	0.0438359	0.368668
116	0.0127658	0.14097	1.53148	0.0584708	0.0101035	0.0442866	0.368668
117	0.0163797	0.152601	2.12858	0.0689655	0.0101035	0.0441518	0.362545
118	0.0138774	0.176457	2.18973	0.0929535	0.0101035	0.0445038	0.368668
119	0.0112954	0.274343	5.08572	0.169415	0.0101035	0.0488637	0.502102
120	0.0112954	0.195538	2.18973	0.107946	0.0101035	0.0560347	0.783967
121	0.0112954	0.158047	1.40394	0.0674663	0.0100327	0.0550213	0.619583
122	0.0107157	0.14352	1.01032	0.047976	0.0100327	0.0533347	0.453414
123	0.0107157	0.135792	0.959034	0.041979	0.0101035	0.058029	0.516755
124	0.0107006	0.12371	0.880826	0.0314843	0.0101035	0.060625	0.570901
125	0.0107006	0.122458	0.826406	0.0284858	0.0101035	0.0639069	0.728396
126	0.0107006	0.122022	0.803	0.0284858	0.0101035	0.067819	0.841137
127	0.0107006	0.121014	0.816894	0.029985	0.0101035	0.0800123	1.5588
128	0.0107006	0.115916	0.78944	0.023988	0.0101035	0.0916421	2.66984
129	0.0107006	0.111144	0.734203	0.017991	0.010239	0.113986	5.95859
130	0.0107006	0.108525	0.723081	0.0134933	0.0101035	0.128889	9.67067
131	0.0107006	0.105263	0.723081	0.0134933	0.010239	0.135499	10.5384
132	0.0107006	0.10358	0.687126	0.0089955	0.0100477	0.141083	11.7431
133	0.0107006	0.104316	0.687126	0.00749625	0.010239	0.150606	15.5507
134	0.0103757	0.103857	0.667841	0.005997	0.0100477	0.156397	16.2725
135	0.0103757	0.102409	0.665612	0.00449775	0.0100477	0.165251	23.2477
136	0.0103757	0.101471	0.665612	0.005997	0.0101035	0.169328	23.5289
137	0.0103757	0.102344	0.667841	0.0089955	0.0101035	0.16677	23.5289
138	0.0107006	0.102601	0.724934	0.011994	0.0101035	0.157246	23.5289
139	0.0107006	0.104002	0.734203	0.0164918	0.0101035	0.160569	24.0014
140	0.010704	0.103724	0.734203	0.0164918	0.0101035	0.159553	25.0452
141	0.010704	0.102801	0.734203	0.017991	0.0101035	0.159262	24.0014
142	0.0103757	0.104267	0.734064	0.0224888	0.0101035	0.163763	24.0014
143	0.0107006	0.104747	0.734064	0.0224888	0.0101035	0.169846	23.5289
144	0.0107006	0.105539	0.723081	0.0194903	0.0101035	0.168868	21.7984
145	0.0107006	0.107088	0.738657	0.0209895	0.0101035	0.157717	11.3033
146	0.0103757	0.111721	0.823185	0.0329835	0.0101919	0.147508	10.0759
147	0.0107006	0.115386	0.930731	0.0404798	0.0101035	0.152508	9.85755
148	0.0107006	0.115448	0.928641	0.0389805	0.0101035	0.145031	7.98879
149	0.0107006	0.118021	0.93507	0.0404798	0.0101035	0.13669	7.12239
150	0.0103757	0.124729	0.959034	0.0464768	0.0101919	0.135605	7.61219
151	0.0107006	0.128771	1.04626	0.0509745	0.0101035	0.140572	9.19709
152	0.0107006	0.133427	1.05761	0.0554723	0.0101035	0.140195	11.3033
153	0.0107006	0.146801	1.15519	0.0674663	0.0101882	0.140925	20.5862
154	0.0103757	0.157668	1.19937	0.0764618	0.0101035	0.14161	12.3336
155	0.0137099	0.181581	2.05196	0.101949	0.0101035	0.136437	9.99106
156	0.0130094	0.196174	2.02115	0.110945	0.0101035	0.129388	6.62884
157	0.0107312	0.225539	2.28764	0.149925	0.0101035	0.124619	5.66383
158	0.0162823	0.276807	4.24568	0.196402	0.0101035	0.11288	4.12904
159	0.0269332	0.395819	6.94029	0.268366	0.0101035	0.112335	3.81326
160	0.0397016	0.585337	7.36181	0.349325	0.0101035	0.105515	3.40671
161	0.0387832	0.509389	6.94029	0.317841	0.0101035	0.106309	3.7433
162	0.0258501	0.491071	4.95471	0.310345	0.0101882	0.112776	5.54504
163	0.0269332	0.48944	5.6111	0.308846	0.0101035	0.127039	6.10054
164	0.0398393	0.54909	5.6111	0.328336	0.0101035	0.160346	11.4841
165	0.0205242	0.363263	5.6111	0.251874	0.0101035	0.186847	13.9084
166	0.0109629	0.254462	2.6444	0.17991	0.0101035	0.203814	16.9007
167	0.0107312	0.193754	1.90265	0.134933	0.0101035	0.226516	18.6865
168	0.0117264	0.168336	1.77028	0.113943	0.0101035	0.240908	24.4758
169	0.0117264	0.15528	1.7053	0.101949	0.0101035	0.288419	31.0587
170	0.0109628	0.139757	1.47856	0.083958	0.0101035	0.330388	36.6777
171	0.0101353	0.127104	1.24019	0.0704648	0.0101035	0.382937	34.4941
172	0.010401	0.109534	1.06245	0.0524738	0.0101035	0.448106	41.7827
173	0.0101353	0.10265	0.981142	0.0494753	0.0101882	0.482178	41.7827
174	0.010401	0.0953323	0.898161	0.0374813	0.0101882	0.489035	41.7827
175	0.0101353	0.0904727	0.847073	0.0344828	0.0101035	0.540196	47.2697
176	0.010401	0.0891419	0.847073	0.0329835	0.0101882	0.555271	50.0649
177	0.0101353	0.0852219	0.719402	0.0284858	0.0101035	0.563332	53.1732
178	0.010401	0.0814622	0.707709	0.023988	0.0104322	0.587051	56.9699
179	0.0104401	0.0797798	0.675179	0.0209895	0.0119192	0.644207	74.2667
180	0.010401	0.0778778	0.651686	0.0164918	0.0115784	0.691963	73.2
181	0.0107825	0.074396	0.651686	0.0104948	0.018865	0.771208	99.2076
182	0.0101353	0.0720928	0.598903	0.005997	0.018865	0.879862	95.3213
183	0.0101353	0.0709442	0.541271	0.005997	0.0186575	1.02088	95.3213
184	0.0101353	0.0702492	0.541271	0.005997	0.0184549	1.07805	99.2247
185	0.0101353	0.0687995	0.526888	0.00449775	0.0174179	1.0642	95.3213
186	0.0101353	0.0710881	0.526888	0.00749625	0.0116843	1.01083	74.4526
187	0.0101353	0.070214	0.522598	0.00749625	0.0116638	0.874569	74.4526
188	0.0101353	0.0695253	0.522598	0.00749625	0.0115784	0.779312	73.3879
189	0.010401	0.067557	0.504918	0.00449775	0.0116638	0.753425	78.5702
190	0.0104939	0.0663352	0.504918	0.0029985	0.0108844	0.70903	71.203
191	0.010401	0.0652863	0.504918	0.0089955	0.0102201	0.675431	57.0631
192	0.0106617	0.065056	0.527143	0.011994	0.0102201	0.649354	57.0631
193	0.010401	0.0639169	0.482473	0.0104948	0.0102232	0.554579	56.6924
194	0.010401	0.0636207	0.494099	0.017991	0.010616	0.498247	56.6924
195	0.0101353	0.0636092	0.503165	0.017991	0.0102201	0.449412	45.3997
196	0.010456	0.0640318	0.527143	0.0194903	0.0102201	0.418057	43.1026
197	0.0101353	0.0630883	0.503165	0.017991	0.0102201	0.424194	39.3103
198	0.010401	0.0618464	0.494099	0.0149925	0.0102675	0.392463	36.3295
199	0.0104452	0.0622056	0.504902	0.0149925	0.0100006	0.351204	32.3598
200	0.0104452	0.0619677	0.494099	0.0164918	0.0100006	0.357835	33.5381
201	0.0100251	0.0624669	0.494099	0.0149925	0.0102201	0.350832	34.3818
202	0.0100251	0.0625713	0.482473	0.0104948	0.0102201	0.361138	36.3295
203	0.0101353	0.064398	0.504902	0.0134933	0.0104862	0.423975	39.7726
204	0.0102508	0.0677997	0.545051	0.017991	0.0104862	0.469853	41.6242
205	0.0100251	0.0690597	0.545051	0.017991	0.0104862	0.513407	41.6242
206	0.0101353	0.0693738	0.559759	0.0209895	0.0104862	0.525342	41.6242
207	0.0101353	0.0689908	0.543537	0.0209895	0.0104862	0.535412	41.6242
208	0.0101353	0.0693535	0.61187	0.023988	0.0104862	0.530924	40.7681
209	0.0102508	0.0708638	0.648046	0.0284858	0.0104862	0.515183	40.7681
210	0.0101353	0.0721246	0.676135	0.0329835	0.0106117	0.492703	40.7681
211	0.0100317	0.074798	0.703978	0.0374813
