		omega		Posterior		rho				Synonymous theta			kappa			phi	
Site	Lower	Point	Higher	prob of +ve	Lower	Point	Higher		Lower	Point	Higher	Lower	Point	Higher	Lower	Point	Higher
	95% HPD	estimate	95% HPD	selection	95% HPD	estimate	95% HPD		95% HPD	estimate	95% HPD	95% HPD	estimate	95% HPD	95% HPD	estimate	95% HPD
0	0.0116795	0.0583761	0.39623	0.0089955	0.0133242	0.648617	74.4118		0.037643	0.0526321	0.0688496	1.89089	3.21622	5.59289	0	0	0
1	0.0100066	0.0569577	0.298786	0.0029985	0.0130747	0.562446	74.2377
2	0.0110273	0.0558511	0.311807	0.00149925	0.0131638	0.507087	76.0142
3	0.0109177	0.0541056	0.298786	0.00149925	0.0128569	0.359507	75.7817
4	0.0112244	0.0528116	0.292558	0	0.0130747	0.300343	79.8838
5	0.0110273	0.0540232	0.292558	0	0.0115111	0.2078	66.0303
6	0.0100066	0.0538194	0.247974	0.00149925	0.0108717	0.153535	52.5794
7	0.0100758	0.0537391	0.246511	0	0.0106312	0.110309	45.8297
8	0.0100066	0.0546995	0.247974	0	0.0108545	0.0797575	3.05975
9	0.0100758	0.05447	0.246462	0	0.0103001	0.0622003	0.650893
10	0.0100758	0.0550356	0.247974	0	0.0103001	0.0563242	0.421078
11	0.0100758	0.0554306	0.246462	0	0.0106312	0.0556667	0.408754
12	0.0100066	0.0549806	0.238883	0	0.0101591	0.0571008	0.372758
13	0.0100758	0.0562994	0.246462	0.00149925	0.0101591	0.0525925	0.335199
14	0.0109177	0.0580941	0.273707	0.00149925	0.0106312	0.0526579	0.347871
15	0.0112244	0.0591826	0.288315	0.00149925	0.0101591	0.0513891	0.321885
16	0.0100758	0.0599345	0.25488	0.00149925	0.0106312	0.0515665	0.336071
17	0.0110273	0.0615988	0.288312	0.00449775	0.0106312	0.0532606	0.336071
18	0.0110273	0.0629393	0.305138	0.005997	0.0106312	0.0537395	0.336071
19	0.0100847	0.0641517	0.298087	0.0089955	0.0101591	0.0545412	0.328424
20	0.0100847	0.0660485	0.311189	0.00749625	0.0106312	0.0531756	0.335199
21	0.0100847	0.0675779	0.308867	0.005997	0.0101591	0.0536735	0.328424
22	0.0114171	0.070538	0.35348	0.0089955	0.0101591	0.0550577	0.345069
23	0.010377	0.0716606	0.316784	0.00449775	0.0101591	0.0548379	0.342847
24	0.0100847	0.0728063	0.316239	0.0029985	0.0101591	0.0538777	0.325398
25	0.0109177	0.0754825	0.354516	0.00749625	0.0101591	0.0527101	0.321885
26	0.0107378	0.0797438	0.402845	0.011994	0.0101591	0.0534224	0.321885
27	0.0100847	0.0840536	0.418519	0.0164918	0.0101591	0.0539946	0.325398
28	0.0100847	0.0909566	0.498911	0.023988	0.0101591	0.054949	0.342847
29	0.0108327	0.161368	8.64347	0.127436	0.0101987	0.0534203	0.321885
30	0.010377	0.0955461	0.752341	0.0329835	0.0101591	0.0520375	0.309076
31	0.0107378	0.0848249	0.518106	0.0104948	0.0101591	0.0518674	0.309076
32	0.0100059	0.0809367	0.440593	0.0104948	0.0101591	0.0505562	0.301119
33	0.0107378	0.0785098	0.395478	0.005997	0.0101591	0.050904	0.307644
34	0.010377	0.0768325	0.350943	0.00449775	0.0101987	0.0511315	0.309076
35	0.0104059	0.0761318	0.343832	0.00449775	0.0101987	0.050894	0.309076
36	0.0109177	0.0750065	0.353717	0.00449775	0.0101987	0.0522493	0.356614
37	0.0109177	0.0732674	0.343832	0.00149925	0.0103001	0.0521423	0.36614
38	0.0104059	0.0725222	0.316239	0.00149925	0.0101987	0.0523212	0.36668
39	0.0105805	0.0729027	0.343832	0.00149925	0.0103001	0.0527777	0.371134
40	0.010377	0.0742705	0.343832	0.00149925	0.0103221	0.0547056	0.439678
41	0.0105805	0.0756746	0.353717	0.00149925	0.0103221	0.0546729	0.439678
42	0.0110832	0.0773285	0.394063	0.00149925	0.0103001	0.056076	0.439678
43	0.0109177	0.0784477	0.386393	0.00149925	0.0103001	0.0553976	0.439678
44	0.0110832	0.0808567	0.395478	0.0029985	0.0100621	0.0565219	0.439678
45	0.0110832	0.0813776	0.395478	0.00449775	0.0102823	0.0602147	0.494797
46	0.0110273	0.0850402	0.404543	0.0089955	0.0102823	0.062747	0.621862
47	0.0120945	0.0799147	0.410054	0.00449775	0.0104462	0.0701105	0.811483
48	0.010377	0.0773211	0.353717	0.00449775	0.0104462	0.0717316	0.811483
49	0.0110273	0.072913	0.353717	0.00449775	0.0102823	0.0789014	0.809112
50	0.0108158	0.0700976	0.316239	0.0029985	0.0104462	0.0807192	0.811483
51	0.0110273	0.0666116	0.305129	0	0.0102823	0.0828713	0.809112
52	0.0110273	0.0656064	0.305129	0	0.0102823	0.0848309	0.809112
53	0.0110273	0.0607794	0.299611	0	0.0102823	0.0856666	0.811483
54	0.0109937	0.0585598	0.295798	0.0029985	0.0102823	0.0886264	0.865853
55	0.0110273	0.0574649	0.295798	0.0029985	0.0102823	0.0923982	1.08073
56	0.0109937	0.0552105	0.291375	0.00149925	0.0100621	0.0977867	1.48093
57	0.0103406	0.0533801	0.224758	0.00149925	0.0104757	0.103393	1.9071
58	0.0103406	0.0511234	0.211467	0.00149925	0.0100621	0.111085	2.29797
59	0.0107182	0.050577	0.226305	0.00149925	0.0102823	0.125162	5.54275
60	0.0101539	0.0500855	0.211467	0	0.0100621	0.139726	6.76129
61	0.0100922	0.049719	0.200866	0	0.0102823	0.149874	13.1151
62	0.0100922	0.0488394	0.195582	0	0.0102823	0.160476	14.6659
63	0.0100922	0.0486524	0.195582	0.00149925	0.0102823	0.160292	14.6659
64	0.0100823	0.0471469	0.194656	0.00149925	0.0102823	0.160093	16.0247
65	0.0100823	0.0469184	0.193092	0	0.0102823	0.155657	16.6058
66	0.0100823	0.04733	0.195582	0	0.0102823	0.169138	19.513
67	0.0100823	0.0476647	0.201296	0	0.0102823	0.167407	21.0283
68	0.010065	0.04715	0.195582	0	0.0102823	0.150902	18.1531
69	0.010065	0.0479316	0.195582	0	0.0102823	0.149321	21.0283
70	0.0100088	0.047679	0.190878	0	0.0112948	0.158535	29.3864
71	0.0100088	0.0476776	0.18768	0.0029985	0.0102823	0.159663	26.2804
72	0.0100088	0.0489213	0.189159	0.0029985	0.0100232	0.1653	26.4142
73	0.0100088	0.0488905	0.190878	0.0029985	0.0102823	0.178516	32.3691
74	0.0100088	0.050781	0.202208	0.00449775	0.011247	0.188898	40.0352
75	0.0100088	0.0511121	0.206302	0.00449775	0.0114647	0.24103	46.5483
76	0.0100088	0.0518973	0.214398	0.00449775	0.0114647	0.324237	57.6042
77	0.0100088	0.0527733	0.21531	0.0029985	0.011247	0.359714	57.6042
78	0.0101101	0.0530441	0.21531	0.0029985	0.0114647	0.362484	59.5055
79	0.0101101	0.0548873	0.219668	0.0029985	0.011247	0.355089	59.5055
80	0.0105205	0.0567944	0.25365	0.00149925	0.011247	0.334681	59.5055
81	0.0100088	0.0573174	0.233502	0	0.0112948	0.28864	62.5414
82	0.0100088	0.0579891	0.226384	0	0.0104757	0.275087	59.5055
83	0.0103406	0.0599228	0.25365	0.00149925	0.0108285	0.253716	59.2616
84	0.0100088	0.0622635	0.25365	0.00149925	0.0108285	0.234447	59.2616
85	0.0100088	0.0655597	0.286162	0.00449775	0.0108285	0.214454	59.5055
86	0.0100571	0.0694682	0.331577	0.00149925	0.0104757	0.216867	59.0202
87	0.0106106	0.072498	0.385697	0.00149925	0.0100921	0.187988	46.0843
88	0.0100088	0.0699224	0.331577	0.00149925	0.0100232	0.189933	44.0073
89	0.0100088	0.0652996	0.288194	0	0.0100232	0.193146	44.0073
90	0.0109937	0.063775	0.293844	0	0.0100232	0.193081	41.4971
91	0.0100088	0.062349	0.247721	0	0.0100232	0.192736	41.4971
92	0.0100571	0.0608008	0.233531	0.00149925	0.0100921	0.190801	41.2256
93	0.0100088	0.0594723	0.221982	0.00449775	0.0100232	0.190105	35.8851
94	0.0100571	0.0582019	0.219668	0.00149925	0.0100232	0.188196	35.8851
95	0.0100088	0.0567286	0.21531	0.00149925	0.0100232	0.19765	41.2256
96	0.0100088	0.0554406	0.210164	0	0.0101867	0.19799	41.2256
97	0.0100088	0.0542672	0.210164	0	0.0101867	0.207995	43.796
98	0.0100571	0.0550484	0.21531	0	0.0101867	0.207435	43.796
99	0.0100571	0.0544588	0.210164	0	0.0100921	0.21523	44.0073
100	0.0102735	0.0550639	0.216305	0	0.0100232	0.209391	41.2256
101	0.0109802	0.0547125	0.219668	0	0.0101867	0.208705	43.796
102	0.0109802	0.0543411	0.219668	0	0.0100232	0.21329	47.0668
103	0.0104093	0.0552937	0.219474	0	0.0100921	0.21579	50.486
104	0.0100662	0.0554635	0.216817	0	0.01001	0.214765	50.486
105	0.0100662	0.0566477	0.233862	0	0.01001	0.214644	50.486
106	0.0100662	0.0592258	0.262468	0.00149925	0.0100232	0.200453	44.0073
107	0.0100662	0.059552	0.25365	0.00149925	0.0100921	0.199725	44.0073
108	0.0100662	0.0587283	0.252026	0.0029985	0.0101867	0.207149	44.0073
109	0.0100247	0.0576669	0.240709	0.0029985	0.0101867	0.216848	44.0073
110	0.0100247	0.058449	0.23994	0.0029985	0.0101867	0.236072	44.537
111	0.0100247	0.0585737	0.235422	0.00149925	0.0100232	0.268836	44.537
112	0.0100247	0.0606458	0.235422	0.00149925	0.0101867	0.285473	49.9718
113	0.0100247	0.0614758	0.235422	0.00149925	0.0100232	0.301515	50.486
114	0.0100247	0.0625298	0.250127	0.00149925	0.0104009	0.312346	56.6214
115	0.0100247	0.0636695	0.25365	0.00149925	0.0103045	0.340318	56.6214
116	0.0100247	0.0644393	0.250127	0.00149925	0.0101678	0.341698	56.0128
117	0.0100247	0.0651923	0.25365	0	0.0101867	0.329289	56.6214
118	0.0109802	0.0668288	0.30225	0.00149925	0.0101678	0.322966	56.0128
119	0.0100247	0.0674115	0.285212	0.00149925	0.0100232	0.317275	56.6214
120	0.0109992	0.0691374	0.323026	0.00149925	0.0100232	0.3085	56.6214
121	0.0111986	0.0718857	0.323026	0.00149925	0.0101678	0.310374	56.6214
122	0.0111986	0.0748912	0.340233	0.00149925	0.0101867	0.298126	56.6214
123	0.0126565	0.0777642	0.383386	0.00149925	0.0101678	0.266733	56.0128
124	0.0111002	0.0806526	0.341811	0.00149925	0.0101678	0.253162	56.0128
125	0.0111986	0.0873616	0.382726	0.0029985	0.0100232	0.226197	53.1239
126	0.0126565	0.0939977	0.481829	0.005997	0.0100942	0.218555	54.6384
127	0.0141068	0.0997519	0.568254	0.00749625	0.0100232	0.183631	50.486
128	0.0161872	0.111146	0.711696	0.011994	0.0100232	0.164653	44.0073
129	0.0222725	0.124439	0.963908	0.0224888	0.0100942	0.158772	41.1622
130	0.0241485	0.123397	0.83048	0.0194903	0.0100942	0.138773	36.9775
131	0.0241485	0.123189	0.777067	0.0164918	0.0100942	0.130308	35.6086
132	0.0241485	0.116553	0.83048	0.011994	0.0100232	0.117012	24.5281
133	0.0204881	0.116378	0.777067	0.011994	0.0100232	0.0989893	21.9398
134	0.0241485	0.113807	0.963908	0.0104948	0.0100942	0.0722454	2.68633
135	0.0204881	0.111305	0.765361	0.00749625	0.0101678	0.0623429	1.35073
136	0.0204881	0.111002	0.793032	0.0089955	0.0100942	0.0531805	0.68603
137	0.0241485	0.116651	0.793032	0.0089955	0.0100232	0.0451295	0.343825
138	0.0241485	0.117109	0.793032	0.0089955	0.0101431	0.0453933	0.343825
139	0.020879	0.134994	0.98595	0.0344828	0.0101431	0.0448245	0.341168
140	0.0200682	0.112387	0.711696	0.0089955	0.0100232	0.0443001	0.341168
141	0.0141633	0.10199	0.481829	0.005997	0.0100232	0.0433342	0.341168
142	0.0141633	0.0940723	0.481829	0.0029985	0.0101678	0.0432017	0.354057
143	0.0141633	0.0885316	0.481829	0.00149925	0.0101431	0.043858	0.379539
144	0.0140119	0.0865455	0.417181	0.00149925	0.0100232	0.0455057	0.385726
145	0.0142598	0.0819237	0.392494	0.00149925	0.0100232	0.0454011	0.385726
146	0.0133137	0.0792089	0.392494	0.00149925	0.0101678	0.0473032	0.459416
147	0.0138476	0.0769753	0.387429	0.00149925	0.0101678	0.0475648	0.459416
148	0.0136848	0.0743638	0.387429	0	0.0100232	0.0486333	0.459416
149	0.0137928	0.0737352	0.387429	0	0.0101431	0.0502358	0.512274
150	0.0137928	0.07273	0.392494	0	0.0101678	0.055372	0.77019
151	0.0138476	0.0746345	0.387429	0	0.0101678	0.0551433	0.784206
152	0.014242	0.0744026	0.392494	0	0.0100626	0.0553345	0.807325
153	0.0138476	0.0740624	0.387429	0.00149925	0.0100626	0.0600701	1.60793
154	0.0137099	0.0720596	0.392494	0	0.0100626	0.0683319	3.65822
155	0.0137099	0.0729827	0.392494	0	0.0100626	0.0671582	2.51695
156	0.0122312	0.0741735	0.38686	0.00449775	0.0100626	0.0611479	1.66152
157	0.0137099	0.0733121	0.399119	0	0.0100626	0.0590613	0.922262
158	0.0137099	0.0737376	0.435406	0.00149925	0.0100626	0.0542267	0.599928
159	0.0137099	0.0762592	0.458283	0.00149925	0.0100933	0.0467701	0.459009
160	0.0133137	0.0810212	0.493518	0.0089955	0.0100626	0.0501819	0.511927
161	0.0137099	0.0836115	0.493063	0.005997	0.0100626	0.0536096	0.718585
162	0.0137099	0.0886254	0.514099	0.0089955	0.0100626	0.0590543	4.30662
163	0.0137099	0.0919861	0.537101	0.011994	0.0100933	0.0718424	11.6802
164	0.0137099	0.0948044	0.537101	0.0089955	0.0100626	0.0659232	10.0165
165	0.0137099	0.102292	0.617906	0.0134933	0.0100626	0.0696272	8.18628
166	0.0137099	0.107195	0.661101	0.0149925	0.0100006	0.0767801	8.9875
167	0.0137099	0.127109	0.811916	0.0224888	0.0100006	0.0958578	19.4004
168	0.0137099	0.149266	0.899545	0.0314843	0.0100933	0.119334	16.0833
169	0.0152991	0.18653	1.15167	0.0494753	0.0102776	0.157927	21.5493
170	0.024831	0.229533	1.5352	0.0629685	0.0104757	0.169141	27.9785
171	0.0256029	0.334718	2.27849	0.125937	0.0103396	0.179352	31.5147
172	0.0299264	0.32844	1.96577	0.118441	0.0103396	0.140237	21.5493
173	0.0437797	0.334149	1.96577	0.112444	0.0102776	0.125794	17.5574
174	0.0437797	0.339563	1.93462	0.11994	0.0102776	0.104638	5.44335
175	0.044428	0.349354	1.87781	0.121439	0.0102776	0.098386	2.47787
176	0.0506487	0.380375	1.87781	0.136432	0.0103396	0.0902306	1.03521
177	0.0777749	0.413817	2.41316	0.158921	0.0105225	0.0820218	0.872785
178	0.100257	0.495956	2.43105	0.1994	0.0102776	0.0747335	0.668201
179	0.0986337	0.499543	2.34617	0.202399	0.0102776	0.0723138	0.643869
180	0.100257	0.472897	2.7547	0.188906	0.0103396	0.0717973	0.643869
181	0.0773793	0.466946	2.7547	0.196402	0.0102776	0.0710017	0.606458
182	0.0276896	0.309792	2.30584	0.128936	0.0102776	0.0704701	0.586887
183	0.011958	0.228563	1.29344	0.0884558	0.0102776	0.0708539	0.579875
184	0.0118881	0.167209	1.20959	0.0614693	0.0102776	0.0726101	0.668201
185	0.010877	0.128644	1.06989	0.0509745	0.0102776	0.0738623	0.711799
186	0.0100646	0.110525	0.892177	0.041979	0.0102776	0.0820198	0.879858
187	0.0101642	0.0940769	0.737689	0.0254873	0.0105225	0.0917047	1.05198
188	0.0100646	0.0850726	0.656202	0.0194903	0.0102776	0.101815	1.88852
189	0.0100646	0.0753401	0.498521	0.0104948	0.0102776	0.113126	2.98514
190	0.0100646	0.0703016	0.435406	0.0089955	0.0102776	0.130769	5.30661
191	0.0102215	0.0656553	0.431781	0.00449775	0.0103679	0.153088	8.6419
192	0.0100646	0.0620179	0.409853	0.0029985	0.0105225	0.256542	26.9795
193	0.0102215	0.0578696	0.374601	0.00149925	0.0102776	0.316042	29.0445
194	0.0101642	0.0563641	0.360194	0	0.0106062	0.387196	31.1488
195	0.0101642	0.055202	0.360194	0	0.0106062	0.432212	31.1488
196	0.0101075	0.0535624	0.350701	0	0.0102776	0.526609	41.7521
197	0.0100629	0.0517257	0.33341	0	0.0192346	0.651589	92.0547
198	0.0100629	0.0512637	0.294007	0	0.0219076	0.745885	83.7979
199	0.0100542	0.0504352	0.282072	0.00149925	0.0291386	0.965273	90.7181
200	0.0100542	0.0497371	0.280916	0.00149925	0.0282001	1.20732	83.867
201	0.0100542	0.0489356	0.252122	0.00149925	0.0291386	1.26669	91.3512
202	0.0100542	0.0495412	0.252122	0.00449775	0.0293344	1.42981	83.867
203	0.0100542	0.0482143	0.231577	0.00149925	0.0285729	1.36623	84.5563
204	0.0100542	0.0482349	0.230905	0	0.026821	1.13896	92.0547
205	0.0100542	0.0480447	0.230438	0	0.0257001	1.10333	93.471
206	0.0100542	0.0480235	0.227019	0	0.0220397	1.12245	84.5563
207	0.0100542	0.0491015	0.228078	0	0.0218875	1.12772	87.0256
208	0.0104221	0.0484452	0.231577	0	0.0105736	1.0362	52.0387
209	0.0100629	0.0495349	0.227019	0.00149925	0.0105736	0.936064	48.3139
210	0.0104463	0.0490685	0.231577	0	0.0105736	0.897551	48.3139
211	0.0105038	0.0486846	0.231577	0	0.0107974	0.735314	48.0631
212	0.0104463	0.0490518	0.231577	0	0.0105736	0.674188	40.2702
213	0.0104463	0.0492074	0.231577	0	0.0105736	0.656064	40.9762
214	0.0100629	0.0503355	0.231577	0	0.0113926	0.718023	54.3269
215	0.0104463	0.0507459	0.246943	0	0.0105736	0.799551	52.0387
216	0.0100629	0.0500022	0.231577	0	0.0107974	0.836321	53.9826
217	0.0100226	0.0507027	0.231577	0	0.0105736	0.815488	53.9826
218	0.0100629	0.0513838	0.231577	0	0.0146948	0.806091	88.8861
219	0.0100226	0.0524572	0.240379	0	0.0128735	0.793152	84.5745
220	0.0101075	0.0544867	0.246943	0	0.0105736	0.711029	55.1408
221	0.0100226	0.056261	0.247037	0	0.0105736	0.645586	52.0387
222	0.01028	0.0573495	0.267031	0	0.0105736	0.622866	47.1662
223	0.01028	0.0558936	0.257765	0	0.0105736	0.566243	47.1662
224	0.0100629	0.0561221	0.247037	0	0.0107974	0.590569	48.4303
225	0.0100226	0.0583204	0.264017	0	0.0107974	0.625213	48.4303
226	0.0100629	0.0603839	0.28557	0	0.0107974	0.617704	48.4303
227	0.0101578	0.064582	0.309423	0.00149925	0.0103458	0.534998	40.1931
228	0.0104463	0.0667432	0.314211	0	0.0103458	0.526085	40.1758
229	0.01028	0.0694805	0.316347	0.00149925	0.0103458	0.51257	40.1758
230	0.01028	0.0754652	0.344225	0.00149925	0.0107974	0.519427	40.1931
231	0.0104463	0.0780308	0.357937	0.00149925	0.0107974	0.54303	40.2621
232	0.01028	0.0860094	0.404866	0.00449775	0.0107974	0.569815	41.4278
233	0.0135377	0.0962498	0.521274	0.00449775	0.0107974	0.552296	40.2621
234	0.0154095	0.106545	0.586121	0.00449775	0.0103458	0.54278	39.9028
235	0.0154949	0.115836	0.606887	0.0089955	0.0103458	0.503406	39.0436
236	0.0193642	0.132791	0.804574	0.0194903	0.0101676	0.556026	44.1931
237	0.0177453	0.130084	0.73587	0.0164918	0.0125572	0.602547	56.5144
238	0.0193642	0.127625	0.73587	0.011994	0.0159961	0.552112	61.4958
239	0.0195439	0.123873	0.730471	0.0089955	0.0127159	0.393489	33.5592
240	0.0196863	0.12312	0.73587	0.00749625	0.0101218	0.354176	22.0614
241	0.0196863	0.120259	0.73587	0.0029985	0.0101218	0.315026	19.7285
242	0.0190203	0.121594	0.647367	0.00149925	0.0101676	0.305051	19.7285
243	0.0170875	0.123402	0.604291	0.00149925	0.0101676	0.223176	10.6856
244	0.0170875	0.125892	0.604291	0.0029985	0.0101676	0.183903	3.27347
245	0.0177453	0.129627	0.604291	0.00149925	0.0115751	0.181842	3.56535
246	0.0213491	0.134262	0.631475	0	0.0103458	0.189488	3.54242
247	0.022127	0.141018	0.656455	0.0029985	0.0101676	0.189772	3.20545
248	0.0259259	0.154384	0.73587	0.005997	0.0103458	0.191449	3.20545
249	0.0279893	0.170706	0.866947	0.0164918	0.0103458	0.196924	3.20545
250	0.0247981	0.188686	0.866947	0.0314843	0.0103458	0.214915	3.90869
251	0.0247981	0.184634	0.866947	0.0284858	0.0103458	0.243648	5.92684
252	0.0296286	0.175776	1.05155	0.0209895	0.0103458	0.284868	32.3845
253	0.0280516	0.175703	1.07975	0.0284858	0.0180042	0.303674	40.6152
254	0.0235327	0.180044	1.06968	0.035982	0.0118676	0.295513	14.5797
255	0.0183961	0.156179	0.919565	0.029985	0.0161904	0.286818	5.79986
256	0.0102723	0.134504	0.664902	0.023988	0.0161904	0.271955	3.93622
257	0.0102118	0.120211	0.635923	0.0194903	0.0168613	0.259997	3.2505
258	0.013296	0.102477	0.649492	0.005997	0.0168613	0.279132	3.2505
259	0.0113386	0.0973816	0.555083	0.0104948	0.0168613	0.282386	3.91705
260	0.0102723	0.0876292	0.486905	0.00749625	0.0139145	0.267466	3.7478
261	0.0102118	0.0830195	0.442093	0.011994	0.0119529	0.22589	3.04743
262	0.0101067	0.0772532	0.374683	0.0089955	0.0159153	0.196831	3.04743
263	0.0102723	0.073074	0.353935	0.00749625	0.0107664	0.17027	1.34883
264	0.0100332	0.0720105	0.341124	0.00749625	0.0109204	0.159747	1.05519
265	0.0106314	0.0669749	0.341124	0.005997	0.0109404	0.155223	1.05519
266	0.0115964	0.0640194	0.348522	0.0029985	0.0109404	0.15131	1.05519
267	0.0115964	0.0636594	0.339134	0.00149925	0.0109404	0.150746	1.05519
268	0.0115964	0.0632191	0.32904	0.00149925	0.0106623	0.15121	1.05519
269	0.0115964	0.0634014	0.327001	0.00149925	0.0104791	0.1487	1.05519
270	0.0115964	0.0633421	0.32904	0.00149925	0.0106623	0.14838	1.05519
271	0.0100332	0.062433	0.290366	0.00149925	0.0103102	0.14798	1.07809
272	0.0102723	0.0618793	0.273348	0.0029985	0.0103102	0.151686	1.12415
273	0.0102118	0.0598338	0.253253	0	0.0103868	0.158218	1.4287
274	0.0102118	0.0592413	0.253253	0	0.0103102	0.159379	1.4287
275	0.0102118	0.0590844	0.254928	0	0.0103102	0.167165	1.4287
276	0.0106043	0.0590823	0.262477	0	0.012612	0.180053	2.20068
277	0.0102118	0.0597793	0.254928	0	0.0121866	0.197792	2.71633
278	0.0106043	0.0613297	0.273348	0	0.0121866	0.224436	4.53237
279	0.0116806	0.0622786	0.293005	0.0029985	0.0109204	0.251632	5.64827
280	0.0115964	0.0627055	0.310878	0.0029985	0.0110287	0.283593	5.64827
281	0.0116806	0.0628065	0.309213	0.0029985	0.0134471	0.35191	13.3382
282	0.0115964	0.0632793	0.293005	0.00149925	0.0130175	0.413005	16.0833
283	0.0110202	0.0646954	0.293005	0.00149925	0.0110287	0.432868	16.0833
284	0.011064	0.0649678	0.293005	0	0.0330522	0.461918	48.8176
285	0.010821	0.0676735	0.293005	0.00149925	0.0237777	0.499682	48.8176
286	0.0101526	0.0699593	0.307789	0.0029985	0.0218343	0.507426	48.8176
287	0.0101526	0.0740697	0.343799	0.00149925	0.0291791	0.486133	85.8487
288	0.0100332	0.075865	0.363816	0.00149925	0.0115154	0.447758	17.4693
289	0.0101526	0.0804287	0.419486	0.005997	0.0115154	0.42781	13.5031
290	0.0100332	0.0823367	0.442217	0.00749625	0.0115154	0.43184	15.1886
291	0.0110202	0.0865676	0.576307	0.011994	0.0121044	0.467939	23.464
292	0.011064	0.0842651	0.566027	0.0104948	0.0114177	0.469482	25.0233
293	0.0101526	0.0798752	0.442217	0.00749625	0.0114177	0.435744	23.464
294	0.010821	0.0766672	0.388938	0.005997	0.010315	0.411035	23.464
295	0.0101749	0.07155	0.343799	0.00449775	0.0102166	0.386217	17.3971
296	0.0100332	0.0694758	0.332985	0.0029985	0.0101484	0.387136	23.6349
297	0.0101749	0.0671088	0.332985	0.0029985	0.0101484	0.402717	24.3158
298	0.0101526	0.0651158	0.323655	0.00149925	0.0101484	0.354208	13.5031
299	0.0101526	0.0648808	0.324917	0.00149925	0.0101138	0.278689	6.80382
300	0.0101526	0.0639834	0.319022	0.00149925	0.0101138	0.263436	6.7402
301	0.0110202	0.06346	0.343799	0.00149925	0.0101138	0.252784	6.72992
302	0.0101749	0.0639571	0.32904	0	0.0101138	0.272572	13.6405
303	0.0100332	0.0634531	0.332985	0.00149925	0.0101138	0.280987	21.0772
304	0.0101749	0.0641976	0.343608	0.005997	0.0102166	0.285087	21.0772
305	0.0106314	0.0671303	0.389912	0.00749625	0.0101138	0.29548	21.0772
306	0.0101749	0.0690436	0.389912	0.0089955
