		omega		Posterior		rho				Synonymous theta			kappa			phi	
Site	Lower	Point	Higher	prob of +ve	Lower	Point	Higher		Lower	Point	Higher	Lower	Point	Higher	Lower	Point	Higher
	95% HPD	estimate	95% HPD	selection	95% HPD	estimate	95% HPD		95% HPD	estimate	95% HPD	95% HPD	estimate	95% HPD	95% HPD	estimate	95% HPD
0	0.0100069	0.221383	24.0189	0.232384	0.0102798	0.310758	32.775		0.00698708	0.0142336	0.027032	0.829375	2.8221	7.66574	2.46506e+10	3.63621e+16	2.87601e+23
1	0.0100069	0.213074	18.3987	0.226387	0.0100306	0.26319	17.6772
2	0.0100069	0.177693	16.4237	0.196402	0.0100306	0.255988	15.9999
3	0.0100069	0.142511	10.3768	0.163418	0.0100306	0.261554	17.6772
4	0.0100069	0.102728	4.0027	0.115442	0.0100306	0.308345	29.8975
5	0.0100069	0.0777704	1.61116	0.0764618	0.0104525	0.351486	31.1819
6	0.0100069	0.0672746	1.05698	0.0524738	0.0104525	0.34941	31.1819
7	0.0100069	0.0605579	0.806622	0.0329835	0.0102798	0.347457	31.1819
8	0.0100069	0.0582873	0.690647	0.0284858	0.0102798	0.316064	27.1759
9	0.0100069	0.0570752	0.63557	0.0224888	0.0102798	0.313636	27.2166
10	0.0100513	0.057267	0.64535	0.0254873	0.0102798	0.356103	38.5878
11	0.0100513	0.0539913	0.574309	0.017991	0.0102798	0.375588	41.5327
12	0.0100513	0.055269	0.574309	0.0164918	0.0122462	0.458509	58.4259
13	0.0100069	0.051029	0.439428	0.005997	0.0147582	0.546386	77.0089
14	0.0100069	0.0513248	0.437333	0.0089955	0.0144053	0.638406	77.118
15	0.0100069	0.0512503	0.439428	0.005997	0.0138459	0.703534	78.0411
16	0.0100069	0.05236	0.484362	0.0104948	0.0174238	0.903615	95.3143
17	0.0100069	0.0529668	0.513146	0.011994	0.0177891	1.03371	97.7483
18	0.0100069	0.0541445	0.519672	0.0164918	0.0182858	1.1394	99.5723
19	0.0100513	0.0546879	0.551743	0.0194903	0.0196246	1.09144	99.5723
20	0.0100513	0.0535666	0.520866	0.017991	0.0176131	1.10987	95.62
21	0.0100069	0.0537209	0.484362	0.017991	0.0196246	1.16954	97.7483
22	0.0100513	0.0516184	0.453149	0.011994	0.0201024	1.19766	97.7483
23	0.0100069	0.0539483	0.470993	0.0194903	0.0201024	1.23635	97.7483
24	0.0100069	0.0558743	0.516343	0.023988	0.0198435	1.34103	97.7483
25	0.0100069	0.0548006	0.454772	0.017991	0.0198435	1.47387	97.7483
26	0.0100513	0.0529332	0.437333	0.0104948	0.0198435	1.54576	97.7483
27	0.0100513	0.0531204	0.439428	0.0104948	0.0198435	1.64279	97.7483
28	0.0100513	0.0541608	0.439428	0.0104948	0.0208659	1.84492	97.7483
29	0.0100513	0.0554699	0.451518	0.0134933	0.0247288	1.86048	97.7483
30	0.0100513	0.0564	0.453149	0.0089955	0.0256232	1.83105	97.7483
31	0.0100513	0.0591967	0.492175	0.0104948	0.0256848	1.76907	97.7483
32	0.0100513	0.0599545	0.492175	0.0104948	0.0256848	1.53227	97.7483
33	0.0100513	0.0607477	0.501869	0.011994	0.0203868	1.29948	97.7483
34	0.0100513	0.0620374	0.520866	0.011994	0.0142598	1.10329	79.5627
35	0.0100513	0.0634433	0.531339	0.0134933	0.0100105	0.975949	59.2719
36	0.0100513	0.0635978	0.520866	0.0134933	0.010467	0.952108	57.2088
37	0.0100513	0.0645816	0.523874	0.0149925	0.0103209	0.849731	52.9708
38	0.0100513	0.0653366	0.529916	0.0149925	0.0103209	0.799453	51.9228
39	0.0100513	0.0669076	0.531339	0.017991	0.0112918	0.762273	51.9228
40	0.0100739	0.0685844	0.544709	0.017991	0.0103209	0.750636	39.0898
41	0.0100513	0.069345	0.544709	0.017991	0.0112918	0.749298	48.0563
42	0.0100739	0.0698464	0.544709	0.0149925	0.010429	0.785003	39.0018
43	0.0100513	0.0727003	0.556936	0.0149925	0.0112918	0.792968	40.0837
44	0.0104796	0.0781368	0.748982	0.0269865	0.0103209	0.853138	39.0018
45	0.0100513	0.0838381	0.807601	0.035982	0.0103209	0.870232	38.6344
46	0.0100739	0.091546	0.87709	0.0389805	0.0112918	0.792572	37.5117
47	0.0104796	0.0934987	0.977736	0.0434783	0.0112918	0.791563	37.5117
48	0.0100739	0.0989602	0.95741	0.0464768	0.0112918	0.764244	37.9606
49	0.010257	0.101484	1.06775	0.0509745	0.0102321	0.894692	40.0837
50	0.0103395	0.11261	1.15301	0.0644678	0.0161149	1.03745	63.0977
51	0.0100739	0.124929	1.2548	0.0749625	0.0242471	1.11038	95.2109
52	0.0100739	0.131175	1.24917	0.0764618	0.0242471	1.12768	84.7471
53	0.0101094	0.138927	1.40458	0.083958	0.0242471	1.25537	95.2109
54	0.0111814	0.152886	1.86432	0.095952	0.0242471	1.43905	95.2109
55	0.0114371	0.158124	1.86432	0.0944528	0.0232323	1.39893	95.2109
56	0.0111814	0.164816	1.86432	0.0974513	0.0174739	1.22763	84.7471
57	0.0108972	0.178516	1.86432	0.110945	0.0161149	1.0392	85.5795
58	0.0109442	0.188855	1.86432	0.11994	0.0100509	0.820607	59.6996
59	0.0108972	0.21959	2.56682	0.145427	0.0100743	0.691376	53.2481
60	0.01673	0.256773	5.07115	0.172414	0.0100509	0.629769	52.853
61	0.0265946	0.34674	8.83631	0.226387	0.0100509	0.545649	48.0946
62	0.0106397	0.237825	2.8251	0.157421	0.0100509	0.467343	36.9933
63	0.0106397	0.199873	2.44532	0.128936	0.0100509	0.455203	44.0502
64	0.0102825	0.170398	1.48366	0.095952	0.0100509	0.450228	46.9804
65	0.0102319	0.152379	1.38373	0.0869565	0.0100509	0.424798	46.9804
66	0.011015	0.143341	1.2548	0.0749625	0.0100509	0.376803	45.98
67	0.0110949	0.13644	1.21506	0.065967	0.0100509	0.357101	46.3549
68	0.0110949	0.129411	1.15475	0.0584708	0.0101293	0.347122	45.98
69	0.0102319	0.125742	0.962834	0.0494753	0.0100509	0.357554	43.7817
70	0.0106397	0.118108	0.86044	0.0389805	0.0100743	0.374476	45.98
71	0.0110949	0.113502	0.877815	0.035982	0.0100743	0.375039	45.98
72	0.0111506	0.113557	0.86044	0.0344828	0.0100743	0.396443	45.98
73	0.0110949	0.108589	0.86044	0.0344828	0.0100509	0.404177	45.8481
74	0.0106098	0.105318	0.82726	0.0329835	0.0100509	0.401092	43.7817
75	0.0106098	0.104821	0.82726	0.0329835	0.0100509	0.381017	44.1771
76	0.0106098	0.104324	0.82726	0.0329835	0.0100509	0.376416	50.3541
77	0.0106098	0.102855	0.82726	0.0329835	0.0100509	0.349558	50.3541
78	0.0105341	0.102195	0.832177	0.0344828	0.0100509	0.33744	45.8481
79	0.0105341	0.103136	0.800226	0.0314843	0.0100509	0.334029	49.3135
80	0.0105341	0.102486	0.786976	0.029985	0.0100743	0.33698	45.8481
81	0.0105341	0.102893	0.766725	0.0314843	0.0100509	0.332498	44.1771
82	0.0105341	0.100052	0.696724	0.0269865	0.0100509	0.304507	41.0502
83	0.0105341	0.0977698	0.687113	0.023988	0.0100509	0.28049	37.2175
84	0.0105341	0.101821	0.688646	0.0269865	0.0100743	0.256027	33.8046
85	0.0105512	0.102234	0.68904	0.0269865	0.0100509	0.234953	28.6446
86	0.0109625	0.100379	0.705811	0.0254873	0.0100509	0.232582	28.3583
87	0.011341	0.102188	0.705811	0.0254873	0.0100509	0.244639	28.4895
88	0.011341	0.100712	0.705811	0.0269865	0.0100509	0.23971	24.5897
89	0.0119488	0.100745	0.68904	0.0209895	0.0100655	0.209332	20.9228
90	0.0116705	0.100292	0.68904	0.0224888	0.010075	0.179521	16.9563
91	0.0116705	0.0986768	0.68904	0.0194903	0.0100655	0.163183	11.0349
92	0.0114371	0.0980043	0.68904	0.0194903	0.0100655	0.155225	8.18401
93	0.0105512	0.0985977	0.678794	0.0209895	0.0100743	0.151365	7.63685
94	0.0109625	0.097154	0.68904	0.017991	0.0100655	0.142427	5.58041
95	0.0114371	0.0956535	0.68904	0.017991	0.0100655	0.138563	3.63041
96	0.0101378	0.0944034	0.63837	0.0224888	0.0100655	0.129006	2.6257
97	0.0109625	0.0966545	0.688646	0.0254873	0.0100743	0.12622	2.31845
98	0.0109625	0.0961022	0.688646	0.0254873	0.0100655	0.121892	2.31845
99	0.0106098	0.0994177	0.678794	0.0254873	0.0100655	0.116292	2.18596
100	0.0106728	0.09809	0.643348	0.0224888	0.0100655	0.10854	1.67518
101	0.0106728	0.100129	0.643348	0.023988	0.0100655	0.100934	1.30574
102	0.0106098	0.101863	0.643348	0.0254873	0.0100655	0.102144	1.6621
103	0.0116705	0.108241	0.832177	0.0329835	0.0100655	0.0949465	0.997268
104	0.0121554	0.11251	0.910911	0.0344828	0.0102015	0.0923929	0.997268
105	0.0116705	0.114561	0.89546	0.0374813	0.0100655	0.0876881	0.88081
106	0.0114371	0.118291	0.910911	0.041979	0.0100655	0.0833043	0.741956
107	0.0106098	0.122511	0.89546	0.0464768	0.0100655	0.0778215	0.630772
108	0.0114371	0.127566	1.11553	0.0524738	0.0100655	0.0740415	0.60277
109	0.0114371	0.134946	1.23701	0.0629685	0.0100655	0.0700995	0.594851
110	0.0122923	0.146363	1.53354	0.0809595	0.0100655	0.0617906	0.526365
111	0.0117961	0.1522	1.56253	0.089955	0.0100655	0.0580938	0.469278
112	0.0115742	0.171944	1.98402	0.106447	0.0100655	0.0555165	0.340848
113	0.0106098	0.199671	2.04602	0.131934	0.0100655	0.0542312	0.340286
114	0.0118546	0.236384	2.68511	0.157421	0.0100655	0.0517069	0.312977
115	0.0115742	0.304166	5.9883	0.208396	0.0100655	0.0546628	0.358643
116	0.0114371	0.233849	2.68511	0.161919	0.0100655	0.0572043	0.549105
117	0.0100347	0.190502	1.85502	0.130435	0.0100655	0.0613539	0.805751
118	0.0101855	0.173604	1.58004	0.116942	0.0100655	0.0654151	1.6621
119	0.0117313	0.156588	1.61917	0.10045	0.0100655	0.0662013	3.16616
120	0.0114371	0.139811	1.49866	0.0854573	0.0100655	0.0708351	9.17578
121	0.0135206	0.12956	1.61917	0.0764618	0.0100655	0.0629305	2.23034
122	0.0117313	0.121322	1.38535	0.0704648	0.0100655	0.0552347	0.768956
123	0.0100661	0.115053	1.0959	0.0569715	0.0100655	0.0508578	0.543614
124	0.0100062	0.108026	0.946421	0.0464768	0.0100655	0.0480857	0.495561
125	0.0100062	0.103368	0.81544	0.035982	0.0100655	0.047511	0.495561
126	0.0100062	0.0992686	0.791593	0.0329835	0.0100655	0.0478934	0.493039
127	0.0107338	0.097314	0.82949	0.0314843	0.0100655	0.0457695	0.450837
128	0.0107968	0.0934142	0.81544	0.0284858	0.0100655	0.0434842	0.432402
129	0.0100347	0.09149	0.688646	0.023988	0.0100655	0.0442961	0.432402
130	0.0100062	0.0876071	0.680204	0.0224888	0.0100115	0.0428028	0.366544
131	0.0100062	0.0863733	0.680204	0.0254873	0.0100115	0.0426522	0.371161
132	0.0100062	0.0824016	0.627448	0.0194903	0.0100115	0.0417037	0.29733
133	0.0107338	0.0782621	0.635594	0.0134933	0.0100115	0.0430556	0.395258
134	0.0107338	0.077362	0.635594	0.0134933	0.0100115	0.0422689	0.371161
135	0.0100062	0.0751386	0.550922	0.011994	0.0100115	0.0424863	0.384487
136	0.0100062	0.0739591	0.550922	0.0104948	0.0100115	0.041961	0.357774
137	0.0100062	0.0706696	0.507254	0.005997	0.0100115	0.0413289	0.29733
138	0.0100062	0.0690865	0.542113	0.005997	0.0100115	0.0408259	0.295761
139	0.0100062	0.0691882	0.508699	0.005997	0.0100115	0.0420646	0.357774
140	0.0100062	0.0678679	0.495424	0.005997	0.0100743	0.0428209	0.396295
141	0.0100062	0.0677147	0.490641	0.00749625	0.0100115	0.043271	0.400724
142	0.0100062	0.065529	0.449178	0.005997	0.0100115	0.0428796	0.396277
143	0.0100062	0.0643829	0.439532	0.005997	0.0100115	0.0426374	0.366544
144	0.0100062	0.0627991	0.404367	0.00749625	0.0100115	0.0433515	0.400724
145	0.0100062	0.0600458	0.375992	0.00449775	0.0100115	0.0425645	0.409745
146	0.0100062	0.0603255	0.403114	0.00449775	0.0100115	0.0418222	0.400724
147	0.0100062	0.0599867	0.404367	0.005997	0.0100075	0.0404502	0.389365
148	0.0100062	0.0620252	0.436193	0.0164918	0.0100075	0.0387847	0.289935
149	0.0100186	0.0617011	0.426344	0.011994	0.0100075	0.039177	0.289935
150	0.0100186	0.0607942	0.408544	0.00749625	0.0100075	0.0393651	0.289935
151	0.0100186	0.0597837	0.379667	0.005997	0.0100075	0.0407759	0.338204
152	0.0100186	0.0585401	0.374293	0.00449775	0.0100075	0.0425788	0.409745
153	0.0100186	0.0586657	0.363014	0.0029985	0.0100075	0.0430074	0.430381
154	0.0100186	0.0578399	0.363014	0.0029985	0.0100075	0.043209	0.430381
155	0.0100186	0.0585818	0.375992	0.005997	0.0100075	0.0423282	0.389365
156	0.0100186	0.0597692	0.400136	0.00749625	0.0100075	0.0442334	0.436471
157	0.0100186	0.0603049	0.408544	0.00749625	0.0100075	0.0528839	1.71697
158	0.0100186	0.0600338	0.402512	0.005997	0.0100075	0.0585404	3.22049
159	0.0100186	0.059862	0.412651	0.005997	0.0100075	0.0644042	4.28642
160	0.0100186	0.0610031	0.422564	0.011994	0.0100115	0.0725999	4.28642
161	0.0100186	0.0591735	0.408544	0.00749625	0.0100115	0.0741028	3.38341
162	0.0100186	0.0584353	0.408544	0.00449775	0.0100115	0.0769388	3.38341
163	0.0100186	0.0578049	0.400136	0.00449775	0.0100115	0.0856245	3.55843
164	0.0100186	0.0602514	0.475681	0.0134933	0.0100115	0.095171	4.3751
165	0.0100186	0.0607117	0.538677	0.0164918	0.0100115	0.143892	15.0013
166	0.0100186	0.0613827	0.578496	0.0194903	0.0103006	0.164382	21.2264
167	0.0100186	0.0605917	0.591259	0.0224888	0.0100115	0.184755	21.2264
168	0.0100186	0.0592811	0.578496	0.0224888	0.0102784	0.222282	33.4654
169	0.0100186	0.058989	0.591259	0.0224888	0.0107025	0.213061	21.2264
170	0.0100186	0.05987	0.601963	0.023988	0.0100347	0.212659	16.2671
171	0.0100186	0.0603129	0.641361	0.0254873	0.0107025	0.223957	17.9685
172	0.0100186	0.059246	0.562948	0.0224888	0.0107094	0.245636	17.9685
173	0.0100186	0.0596718	0.562948	0.0209895	0.0100347	0.270101	20.9042
174	0.0100186	0.0614626	0.562948	0.017991	0.0100347	0.249482	15.0013
175	0.0100186	0.0619617	0.562948	0.0209895	0.0111946	0.263353	17.9685
176	0.0100186	0.062274	0.56565	0.0224888	0.0107094	0.269912	17.9685
177	0.0100186	0.0610401	0.530727	0.0194903	0.0113829	0.270088	22.8668
178	0.0100186	0.0603039	0.521112	0.0164918	0.0100347	0.294776	20.6765
179	0.0100186	0.0611162	0.527115	0.0194903	0.0109721	0.310919	22.8668
180	0.0100186	0.0601057	0.527115	0.0149925	0.0100347	0.326557	21.9729
181	0.0100186	0.0604647	0.538677	0.0149925	0.0100347	0.370785	22.2244
182	0.0100186	0.0589604	0.538677	0.0134933	0.0109276	0.425075	28.9486
183	0.0100186	0.0569643	0.521112	0.0134933	0.0109276	0.463637	27.7506
184	0.0100186	0.0573043	0.538677	0.011994	0.0100347	0.539562	28.8001
185	0.0100186	0.0572007	0.538677	0.011994	0.0109276	0.636722	33.3352
186	0.0100186	0.0569904	0.530727	0.0134933	0.0146457	0.715777	42.8107
187	0.0100186	0.0577529	0.551419	0.0149925	0.0182207	0.864245	54.2809
188	0.0100195	0.0566893	0.530727	0.0164918	0.0190475	1.07712	54.2809
189	0.0100195	0.0560744	0.518665	0.0149925	0.0212122	1.4099	59.4299
190	0.0100195	0.0550133	0.494548	0.011994	0.0229205	1.55673	64.4668
191	0.0100195	0.0555936	0.518665	0.0134933	0.0295726	1.9181	75.7177
192	0.0100195	0.0556676	0.530727	0.0149925	0.0243274	2.06874	71.7606
193	0.0100195	0.0571009	0.614094	0.0209895	0.0279707	2.15592	85.0619
194	0.0101045	0.0581636	0.65428	0.023988	0.0238071	2.06085	75.8705
195	0.0101045	0.0584637	0.653567	0.023988	0.0279707	2.42867	81.897
196	0.0101045	0.0590251	0.653567	0.0254873	0.0231845	2.31493	81.897
197	0.0101045	0.0579508	0.623547	0.0269865	0.0243274	2.30318	90.4813
198	0.0101045	0.0584297	0.653567	0.0284858	0.0243274	2.3092	90.4813
199	0.0101045	0.0586129	0.694597	0.0329835	0.0243274	2.37025	97.9353
200	0.0101045	0.0594382	0.740488	0.0374813	0.0229205	2.26498	90.6142
201	0.0101045	0.0598558	0.714463	0.0344828	0.0212486	1.9162	97.5575
202	0.0101045	0.0586431	0.671961	0.0344828	0.022476	1.82853	97.9353
203	0.0101045	0.057797	0.59464	0.0284858	0.0221163	2.07627	81.897
204	0.0101045	0.056841	0.530727	0.023988	0.0229205	1.91529	80.4656
205	0.0101045	0.0555761	0.428981	0.017991	0.0237806	1.89305	80.7727
206	0.0101045	0.0544886	0.396703	0.0134933	0.0228956	1.83593	85.0389
207	0.0101045	0.0546216	0.453223	0.0149925	0.0228956	1.83455	97.5575
208	0.0101045	0.0539944	0.439659	0.0134933	0.0228956	2.13739	86.3299
209	0.0101045	0.0541546	0.439659	0.0164918	0.0229205	2.32358	85.0389
210	0.0101155	0.052443	0.396703	0.0149925	0.0228956	2.32203	85.0389
211	0.0101155	0.053108	0.453223	0.0194903	0.0208836	2.2766	81.8164
212	0.0101155	0.0525413	0.398888	0.017991	0.0208836	2.35685	85.0389
213	0.0102242	0.0516992	0.398888	0.0134933	0.0212961	2.40344	89.3999
214	0.0101155	0.0534535	0.482508	0.0194903	0.0239951	2.48875	97.5575
215	0.0101155	0.0521018	0.446781	0.0164918	0.0237883	2.43426	97.5575
216	0.0101155	0.0523852	0.446781	0.0164918	0.0258544	2.46389	99.3229
217	0.0101155	0.0542959	0.470027	0.0134933	0.0319234	2.53356	99.3229
218	0.0101155	0.0533137	0.435826	0.0104948	0.0258544	2.30639	99.3229
219	0.0101155	0.0524154	0.396398	0.005997	0.0245852	2.08369	99.3229
220	0.0101155	0.0522732	0.396398	0.0089955	0.0237883	1.93823	99.3229
221	0.0101155	0.0535976	0.398888	0.011994	0.0212973	1.77237	90.3622
222	0.0101155	0.0545384	0.423172	0.0134933	0.0204375	1.65492	97.5575
223	0.0101155	0.0542096	0.469105	0.0134933	0.0154036	1.41546	76.3414
224	0.0101243	0.0550187	0.482508	0.0164918	0.0201885	1.33367	90.3622
225	0.0101155	0.0558441	0.495695	0.0209895	0.0151562	1.24517	71.7606
226	0.0101155	0.0574455	0.538833	0.0209895	0.0166775	1.25863	77.7767
227	0.0101118	0.0598146	0.59174	0.0284858	0.0174207	1.23448	76.4121
228	0.0101118	0.0628627	0.714362	0.0329835	0.018031	1.12111	85.5765
229	0.0101118	0.0648746	0.736413	0.035982	0.0176901	1.03977	85.5765
230	0.0101118	0.0667958	0.802173	0.0434783	0.0176901	0.938808	85.5765
231	0.0100856	0.0679592	1.01339	0.0509745	0.0174412	0.903648	86.1188
232	0.0100856	0.0689474	1.14076	0.0569715	0.0174207	0.972871	86.1188
233	0.0100585	0.072235	1.26591	0.0674663	0.0170348	1.04279	86.1188
234	0.0100856	0.077948	1.71891	0.083958	0.0174207	1.12841	86.1188
235	0.0100585	0.0852831	2.14242	0.095952
