		omega		Posterior		rho				Synonymous theta			kappa			phi	
Site	Lower	Point	Higher	prob of +ve	Lower	Point	Higher		Lower	Point	Higher	Lower	Point	Higher	Lower	Point	Higher
	95% HPD	estimate	95% HPD	selection	95% HPD	estimate	95% HPD		95% HPD	estimate	95% HPD	95% HPD	estimate	95% HPD	95% HPD	estimate	95% HPD
0	0.0102821	0.171948	5.97127	0.197901	0.0147379	1.05199	97.3057		0.000414814	0.00307581	0.014243	2.14881	88441.5	1.34625e+12	0	0	0
1	0.0103755	0.157577	5.64611	0.181409	0.0155491	1.13595	98.935
2	0.0102385	0.143714	4.92323	0.163418	0.016423	1.25656	98.935
3	0.0100812	0.137927	4.36061	0.149925	0.016423	1.34501	97.3057
4	0.0101691	0.14123	4.92323	0.155922	0.0179128	1.3655	97.3057
5	0.0100812	0.135526	4.75836	0.152924	0.0180944	1.37535	98.935
6	0.0100812	0.143152	5.35996	0.164918	0.0180944	1.31752	98.935
7	0.0100812	0.14063	4.75836	0.164918	0.0180776	1.39877	97.3057
8	0.0100812	0.138548	4.38293	0.166417	0.0182985	1.49749	98.935
9	0.0100812	0.138951	4.71485	0.164918	0.0183779	1.57377	98.935
10	0.0100812	0.137579	4.75836	0.163418	0.0183779	1.54149	98.8613
11	0.0101691	0.136992	4.38293	0.16042	0.0185725	1.48897	98.8344
12	0.0101144	0.135294	4.38293	0.16042	0.0191244	1.66225	98.8344
13	0.0101691	0.129902	4.38293	0.152924	0.01945	1.83331	97.3057
14	0.0100812	0.12847	4.29592	0.152924	0.01945	2.03651	97.3057
15	0.0102385	0.131424	4.38293	0.157421	0.0205588	2.16463	98.3192
16	0.0101144	0.129657	4.29592	0.149925	0.022771	2.413	98.3192
17	0.0100812	0.127963	4.05534	0.152924	0.0214807	2.59753	98.3192
18	0.0101144	0.125309	4.05534	0.145427	0.022771	2.78105	98.3192
19	0.0101144	0.127039	4.05343	0.14093	0.0214807	2.59736	98.3192
20	0.010003	0.119337	3.24287	0.127436	0.022049	2.64718	98.3192
21	0.010003	0.119824	3.01667	0.125937	0.0213543	2.74348	98.3192
22	0.0101144	0.115452	2.53524	0.118441	0.0234363	2.73282	99.1946
23	0.0101144	0.112929	2.47376	0.115442	0.0198871	2.70904	99.1946
24	0.0101144	0.115271	2.4913	0.122939	0.0198871	2.90996	99.1946
25	0.010003	0.116772	2.4913	0.127436	0.016423	2.76541	97.8219
26	0.010003	0.116837	2.78356	0.127436	0.0183779	3.0557	99.1946
27	0.010003	0.107014	2.4913	0.116942	0.0185725	2.95389	99.1946
28	0.010003	0.103714	2.04528	0.112444	0.016423	3.13263	91.4075
29	0.010003	0.101113	1.92544	0.113943	0.018751	3.20361	99.1946
30	0.010003	0.107438	2.25418	0.124438	0.018751	3.21892	99.7205
31	0.010003	0.108832	2.30379	0.125937	0.0180696	3.20473	99.7205
32	0.0101691	0.107899	2.27973	0.121439	0.0197236	3.18599	99.7205
33	0.0102411	0.105452	2.27973	0.115442	0.022049	3.04624	99.7205
34	0.0102411	0.107098	2.27973	0.112444	0.020989	3.03957	99.0912
35	0.0101691	0.10577	2.20558	0.112444	0.0197236	3.06083	99.1946
36	0.010003	0.107474	2.20558	0.115442	0.0217753	3.21036	99.1946
37	0.010003	0.108206	2.20558	0.115442	0.0217753	3.07773	99.1946
38	0.010003	0.103278	1.926	0.107946	0.0255947	3.26493	99.1946
39	0.010003	0.105992	2.04528	0.110945	0.0217753	2.73584	99.1946
40	0.0102411	0.105923	1.926	0.106447	0.0222013	2.64534	99.2036
41	0.0102411	0.103434	1.926	0.0989505	0.020989	2.62873	99.2036
42	0.0101691	0.101663	1.92544	0.0974513	0.0217753	2.55382	99.2036
43	0.010003	0.0973094	1.71369	0.0929535	0.0231933	2.51049	99.2036
44	0.0101646	0.0947598	1.64679	0.0914543	0.0231933	2.49294	99.8673
45	0.0101646	0.0960837	1.50904	0.0854573	0.0222013	2.4744	99.8673
46	0.010003	0.093743	1.46245	0.077961	0.0217753	2.23889	99.8673
47	0.0101017	0.0924872	1.4992	0.0809595	0.0173503	1.91905	99.8673
48	0.0101017	0.0966554	1.88656	0.0944528	0.0164704	1.60317	99.8673
49	0.0101646	0.0933669	1.65592	0.0884558	0.0154204	1.48689	99.8673
50	0.0101017	0.0938909	1.6764	0.0884558	0.0157937	1.42088	99.8673
51	0.0101017	0.0955878	1.71018	0.0914543	0.0157937	1.30774	99.8673
52	0.0101017	0.0956135	1.72857	0.0929535	0.0102081	1.17738	66.9854
53	0.0101554	0.0992973	1.89984	0.10045	0.0102081	1.09062	66.9854
54	0.0101017	0.101469	2.04118	0.106447	0.0130292	1.06889	82.8019
55	0.0102622	0.10559	2.77093	0.11994	0.0148026	1.09575	93.3177
56	0.0102821	0.109328	3.00159	0.128936	0.0149189	1.08491	93.3177
57	0.0101017	0.111788	3.19615	0.131934	0.0149152	1.09614	93.3177
58	0.0101691	0.109445	3.00847	0.125937	0.0149152	1.05006	93.3177
59	0.010301	0.10631	3.00847	0.11994	0.0149152	1.05763	92.78
60	0.0101691	0.100686	2.58954	0.112444	0.0148258	1.06254	93.3177
61	0.0101691	0.0982947	2.58954	0.109445	0.0145935	1.12685	93.3177
62	0.0101691	0.0963517	2.19142	0.10045	0.0148258	1.21881	93.3177
63	0.0101691	0.097225	2.24817	0.104948	0.0170875	1.38884	96.6554
64	0.0101691	0.100807	2.58954	0.107946	0.0170875	1.40232	96.6554
65	0.0101691	0.102182	2.82067	0.109445	0.0166589	1.32047	99.1946
66	0.0101691	0.101172	2.58954	0.106447	0.0169052	1.38947	95.8476
67	0.0102273	0.101868	2.58954	0.107946	0.0166589	1.36991	96.5241
68	0.0101691	0.102786	2.58954	0.109445	0.0166589	1.39113	96.5241
69	0.0100353	0.105278	2.77093	0.115442	0.0166589	1.28938	99.1946
70	0.0100353	0.105852	2.77093	0.116942	0.0169052	1.24719	95.8476
71	0.0100353	0.105818	2.77093	0.115442	0.0169052	1.23628	95.8476
72	0.0100353	0.104225	2.58954	0.112444	0.0172187	1.33916	96.5241
73	0.0101691	0.100832	2.35299	0.109445	0.0198749	1.53717	99.1946
74	0.0102273	0.0996856	2.35299	0.103448	0.0212305	1.60803	99.1946
75	0.0100353	0.100248	2.20293	0.104948	0.0212305	1.5825	99.1946
76	0.0101691	0.105559	2.35299	0.115442	0.0196541	1.28615	98.6057
77	0.0100346	0.105833	2.30693	0.11994	0.0198095	1.18685	98.6057
78	0.0101449	0.10999	2.35299	0.125937	0.0171819	1.11244	95.5342
79	0.0100346	0.111662	2.58954	0.125937	0.0172935	1.10169	98.8441
80	0.0100346	0.118765	2.88464	0.131934	0.0175634	1.10116	98.8441
81	0.0101115	0.122569	3.34364	0.136432	0.0179826	1.1918	99.487
82	0.0100346	0.124216	3.00401	0.14093	0.0198478	1.23261	98.8441
83	0.0101115	0.125171	3.00401	0.14093	0.0200718	1.23202	99.487
84	0.0101115	0.128786	3.33368	0.146927	0.0198478	1.2183	99.487
85	0.0101115	0.129037	3.57768	0.148426	0.01945	1.21945	98.627
86	0.0101115	0.128964	3.5497	0.146927	0.0168744	1.25819	95.5342
87	0.0101115	0.130261	3.34509	0.148426	0.0169733	1.33586	98.6057
88	0.0101115	0.127361	2.99291	0.13943	0.0168744	1.52889	98.6057
89	0.0101115	0.126787	3.21353	0.136432
