		omega		Posterior		rho				Synonymous theta			kappa			phi	
Site	Lower	Point	Higher	prob of +ve	Lower	Point	Higher		Lower	Point	Higher	Lower	Point	Higher	Lower	Point	Higher
	95% HPD	estimate	95% HPD	selection	95% HPD	estimate	95% HPD		95% HPD	estimate	95% HPD	95% HPD	estimate	95% HPD	95% HPD	estimate	95% HPD
0	0.0100473	0.0397737	0.272745	0.0029985	0.0453387	2.19642	97.0145		0.0653621	0.0814529	0.0994433	3.41826	5.19232	8.71839	0	0	0
1	0.0100473	0.03641	0.179249	0	0.0554462	2.40962	94.9219
2	0.0100473	0.0345464	0.152984	0	0.0644834	2.66679	96.4839
3	0.0100473	0.0338445	0.150907	0	0.070106	2.74077	97.0145
4	0.0100473	0.0337548	0.149448	0	0.0683546	2.79898	99.8943
5	0.0100473	0.0335029	0.137379	0	0.0598257	2.66163	96.4839
6	0.0100473	0.0336892	0.149448	0	0.0598257	2.5433	94.9219
7	0.0100473	0.0336343	0.142755	0	0.0683546	2.67952	99.8943
8	0.0100473	0.0333304	0.123296	0	0.0600752	2.50408	99.8943
9	0.0100473	0.0330869	0.122131	0	0.0393141	2.18405	97.0145
10	0.0100473	0.0326266	0.114796	0	0.0384853	2.15622	99.8943
11	0.0100473	0.0330963	0.114796	0	0.0453387	2.32463	99.8943
12	0.0100473	0.0357468	0.137379	0.0149925	0.0636883	2.4479	97.0145
13	0.0100473	0.0334847	0.121398	0	0.0553369	2.36605	99.8943
14	0.0100473	0.0334402	0.115508	0	0.0446243	2.0631	99.8943
15	0.0100473	0.0331775	0.115508	0	0.0332448	1.90283	98.0805
16	0.0100473	0.0333447	0.121398	0	0.0384853	2.07311	98.5988
17	0.0100473	0.0339782	0.128483	0	0.0209073	2.04754	98.5988
18	0.0100473	0.0350556	0.137534	0.00749625	0.0312664	2.16075	98.5988
19	0.0100473	0.0341649	0.1324	0	0.0200241	2.23232	98.5988
20	0.0100473	0.034448	0.128483	0	0.0373112	2.45744	98.0805
21	0.0100473	0.0349327	0.1324	0	0.0385462	2.73846	98.0805
22	0.0100473	0.0349864	0.122303	0	0.0553369	2.85618	98.0805
23	0.0100473	0.0352591	0.128483	0	0.0699825	2.60512	98.0805
24	0.0100473	0.0358319	0.1324	0	0.0331076	1.95208	74.3527
25	0.0100473	0.0350051	0.122131	0	0.0373112	1.84393	75.9213
26	0.0100473	0.0352849	0.123296	0	0.0373112	1.78192	75.9213
27	0.0100473	0.036634	0.13739	0.00149925	0.0353946	1.46782	87.9071
28	0.0100473	0.0379402	0.1409	0.00149925	0.0295834	1.19073	87.9071
29	0.0100473	0.0376809	0.140764	0	0.0340978	1.10846	87.9071
30	0.0100473	0.0379122	0.140764	0	0.0345955	1.21609	74.3527
31	0.0100473	0.038445	0.1409	0	0.0304805	1.1132	61.9133
32	0.0100473	0.0393161	0.143046	0	0.0236467	0.908162	55.1463
33	0.0100473	0.0401415	0.156838	0	0.01368	0.713579	31.9458
34	0.0100473	0.041946	0.162501	0.00449775	0.01368	0.648597	34.7541
35	0.0100473	0.0415778	0.162501	0	0.01368	0.570612	39.495
36	0.0100473	0.042066	0.164667	0	0.0107396	0.455953	34.7541
37	0.0100473	0.0431893	0.167922	0	0.0104346	0.434789	32.7541
38	0.0100473	0.0437945	0.167922	0	0.0107396	0.340511	31.9458
39	0.0100473	0.0466215	0.176641	0	0.0100607	0.277444	26.9647
40	0.0100473	0.0479419	0.181332	0	0.0104346	0.227634	25.9356
41	0.0122417	0.0500575	0.225033	0	0.0107396	0.197843	25.9356
42	0.010924	0.0519969	0.215059	0	0.0104346	0.163137	23.6019
43	0.010924	0.0522387	0.225033	0	0.0100607	0.134787	21.5019
44	0.0122417	0.0541492	0.297976	0	0.0100607	0.112219	9.08337
45	0.012654	0.0575222	0.31581	0.00149925	0.0100891	0.0758258	0.58716
46	0.0122417	0.0596026	0.316917	0.00449775	0.0100891	0.0662132	0.443837
47	0.0118579	0.0632479	0.455236	0.00749625	0.0100607	0.0650968	0.393192
48	0.0117783	0.0614796	0.360925	0.00749625	0.0100607	0.0656231	0.398529
49	0.0108894	0.0590125	0.304893	0.005997	0.0100891	0.0668083	0.402819
50	0.0117783	0.0587929	0.304893	0.005997	0.0100607	0.0675912	0.36586
51	0.0108894	0.0576133	0.237365	0.00449775	0.0100607	0.0690706	0.358405
52	0.0117783	0.0584705	0.297976	0.00749625	0.010365	0.0695623	0.402819
53	0.0103358	0.0587914	0.238788	0.00449775	0.0105168	0.0688299	0.358405
54	0.0118579	0.0568411	0.237365	0.0029985	0.010365	0.067518	0.336061
55	0.0118579	0.0562861	0.228385	0.00449775	0.0105168	0.0673774	0.336061
56	0.0124001	0.0555691	0.228385	0.00149925	0.0100891	0.0664702	0.290123
57	0.0122417	0.0559159	0.215181	0	0.0105168	0.0667148	0.290123
58	0.0122417	0.0561436	0.215059	0	0.0105943	0.0671836	0.290123
59	0.0122417	0.0571303	0.215059	0	0.0107396	0.0672258	0.290123
60	0.0122417	0.056512	0.215059	0.00149925	0.0107396	0.0676884	0.292328
61	0.012676	0.0555102	0.206532	0	0.0107396	0.0710959	0.292328
62	0.0129786	0.0555326	0.211794	0	0.0107396	0.0725186	0.29389
63	0.014316	0.0558994	0.230095	0	0.0105168	0.0740085	0.290123
64	0.0131351	0.0567865	0.215181	0	0.0105168	0.0767754	0.290123
65	0.014316	0.0574331	0.230095	0	0.0107396	0.0805217	0.29389
66	0.0131833	0.0590174	0.228385	0	0.0107396	0.080444	0.290123
67	0.012676	0.0597673	0.230095	0	0.0107396	0.0801976	0.284119
68	0.012244	0.0615635	0.230095	0.00149925	0.0105943	0.0808275	0.272706
69	0.0131833	0.0623999	0.238788	0	0.0122144	0.0820918	0.292328
70	0.0115766	0.0664892	0.255768	0.00749625	0.0125343	0.0851774	0.292328
71	0.0115766	0.0721484	0.398341	0.0209895	0.0125343	0.0852286	0.292328
72	0.0115766	0.0774671	0.639635	0.0314843	0.011325	0.0849243	0.288683
73	0.0114365	0.0689412	0.292215	0.0164918	0.0125111	0.0854632	0.296762
74	0.0114365	0.0634119	0.238788	0.00749625	0.0125111	0.0855927	0.290123
75	0.0115766	0.0596684	0.228755	0	0.0134729	0.0854839	0.284119
76	0.0114317	0.0572507	0.226531	0	0.0137102	0.0888063	0.279489
77	0.0110996	0.0556806	0.215181	0	0.0134729	0.0906958	0.290123
78	0.0115766	0.0538442	0.211794	0	0.0125111	0.0945275	0.284119
79	0.0114317	0.0528298	0.204235	0	0.0137102	0.106604	0.36586
80	0.0115766	0.0533541	0.212685	0	0.0176059	0.117344	0.495512
81	0.0117524	0.0528412	0.212685	0	0.0188108	0.12841	0.511092
82	0.0115766	0.0518618	0.203824	0	0.0198953	0.136817	0.522627
83	0.0113092	0.0503349	0.187597	0	0.0176059	0.141681	0.495512
84	0.0113092	0.0505084	0.187597	0	0.0281486	0.152484	0.850409
85	0.0113092	0.0504715	0.194284	0	0.0259915	0.151351	0.693792
86	0.0113092	0.0500259	0.193611	0	0.0259915	0.153045	0.626575
87	0.0113092	0.0505308	0.197007	0	0.0316389	0.157112	0.635831
88	0.0113092	0.0500948	0.187597	0	0.030993	0.161375	0.693792
89	0.0113357	0.0501645	0.187597	0	0.0258687	0.166721	0.635831
90	0.0113743	0.0501794	0.187597	0	0.0259915	0.171191	0.635831
91	0.0113357	0.0504634	0.187597	0	0.0258687	0.170631	0.635831
92	0.0113092	0.0512449	0.187597	0	0.0259915	0.165809	0.620173
93	0.0113092	0.0518421	0.192884	0	0.0259915	0.162498	0.620173
94	0.0113092	0.0519902	0.194284	0	0.0281486	0.161291	0.620173
95	0.0113092	0.0535658	0.193611	0	0.0281486	0.163397	0.620173
96	0.0118881	0.0557163	0.210311	0.00149925	0.0258687	0.166101	0.635831
97	0.0113357	0.0559284	0.20391	0	0.022037	0.170694	0.620173
98	0.0113092	0.0568088	0.211794	0	0.022037	0.167867	0.635831
99	0.0113092	0.0574425	0.230095	0	0.022172	0.169949	0.620173
100	0.0103961	0.0585516	0.220889	0	0.021701	0.166593	0.645213
101	0.0106587	0.0600028	0.230095	0	0.021701	0.169346	0.645213
102	0.0111071	0.0621398	0.244153	0	0.021701	0.168637	0.693792
103	0.0106587	0.0639119	0.244153	0	0.0195108	0.172999	0.693792
104	0.0127434	0.0668598	0.311421	0	0.0168575	0.176012	0.642083
105	0.0123912	0.070069	0.290669	0	0.0168575	0.180111	0.691818
106	0.0123912	0.0755394	0.311421	0.00149925	0.0168575	0.179164	0.642083
107	0.0151038	0.0871035	0.495483	0.00449775	0.0168575	0.180594	0.620173
108	0.012546	0.0970567	0.478783	0.0089955	0.0168575	0.18252	0.642083
109	0.0113092	0.104649	0.495483	0.0089955	0.0197687	0.184941	0.693792
110	0.0113092	0.110833	0.495483	0.0089955	0.020375	0.187174	0.698829
111	0.0108324	0.11777	0.506308	0.0089955	0.020375	0.195252	0.75262
112	0.0118881	0.117269	0.488797	0.00749625	0.021701	0.2187	1.71138
113	0.0141049	0.116332	0.488797	0.0029985	0.0484645	0.244206	5.82527
114	0.015529	0.115437	0.488797	0.00149925	0.0400128	0.284581	5.49929
115	0.015529	0.115522	0.452602	0	0.0580006	0.313195	7.47816
116	0.015529	0.11561	0.452602	0	0.0554618	0.318229	9.13843
117	0.0179026	0.116236	0.512127	0	0.020375	0.311304	4.80633
118	0.0179026	0.120018	0.555568	0.00149925	0.020375	0.304175	5.44725
119	0.0166433	0.120656	0.512127	0.00149925	0.0242901	0.29057	4.25589
120	0.0170663	0.122459	0.555568	0.00149925	0.020375	0.265561	2.8728
121	0.0197717	0.129629	0.668604	0.0029985	0.0216628	0.254438	4.27317
122	0.0197717	0.135257	0.672924	0.0029985	0.020375	0.250767	4.13103
123	0.024539	0.145313	0.842007	0.0029985	0.0213073	0.2443	4.27317
124	0.0278337	0.156157	0.933847	0.0089955	0.0101195	0.216032	2.16413
125	0.0351243	0.187699	0.911755	0.0284858	0.0101195	0.177325	1.55481
126	0.0401049	0.184277	0.933847	0.023988	0.0101195	0.15248	0.965189
127	0.0386664	0.175749	0.827716	0.017991	0.0104844	0.121533	0.751374
128	0.0377088	0.166379	0.785906	0.011994	0.0102057	0.11284	0.66895
129	0.0377088	0.162371	0.674874	0.00449775	0.0107063	0.111742	0.751374
130	0.03528	0.16274	0.674874	0.00449775	0.0104844	0.108134	0.749378
131	0.0337969	0.16264	0.674874	0.00449775	0.0102057	0.105189	0.746416
132	0.0337969	0.161967	0.674874	0.005997	0.0102057	0.107602	0.916489
133	0.0337969	0.160019	0.674019	0.005997	0.0102057	0.110658	1.00765
134	0.0262436	0.157928	0.569796	0.0089955	0.0104844	0.186648	17.3028
135	0.0279437	0.144962	0.786134	0.0089955	0.0104844	0.231614	23.7806
136	0.0280336	0.141055	0.699824	0.005997	0.0101416	0.322234	43.6245
137	0.0292044	0.136161	0.699824	0	0.0104844	0.411564	51.3971
138	0.0254618	0.133446	0.569796	0	0.0101416	0.562357	58.2513
139	0.0267408	0.130427	0.699824	0.00149925	0.0164968	0.756766	90.0527
140	0.0267022	0.128167	0.699824	0.0029985	0.0164968	1.16932	96.8321
141	0.0254618	0.126315	0.699824	0.0029985	0.0171322	1.79952	99.7386
142	0.0242112	0.126791	0.699824	0.0029985	0.0216607	2.39862	99.1548
143	0.0230152	0.125322	0.699824	0.0029985	0.027855	3.0809	99.7386
144	0.019321	0.129887	0.708313	0.0089955	0.0348581	3.48505	99.1548
145	0.019321	0.165934	1.71863	0.0554723	0.0348301	3.41416	99.7386
146	0.0187768	0.117519	0.822355	0.0104948	0.0313828	3.27922	99.7386
147	0.0121202	0.101953	0.555568	0.00449775	0.027855	3.3364	99.7386
148	0.0102652	0.0812155	0.373972	0	0.024782	3.46292	99.7386
149	0.0108956	0.0722137	0.348068	0	0.0242901	3.45296	99.1548
150	0.0107449	0.0673791	0.348068	0	0.0242901	3.43461	99.7386
151	0.0107449	0.0622195	0.31021	0.00149925	0.0216607	3.42886	99.1548
152	0.0108956	0.0588636	0.299344	0	0.0242901	3.59239	99.7386
153	0.0107449	0.0547364	0.261449	0	0.0242901	3.64442	99.7386
154	0.0101945	0.0516578	0.239933	0	0.0234429	3.58816	99.7386
155	0.0107449	0.0503602	0.225033	0	0.0242901	3.52044	99.1548
156	0.0107449	0.0490948	0.204909	0	0.0254422	3.75745	99.1548
157	0.0107449	0.0476574	0.200275	0	0.0254422	3.59347	99.1548
158	0.0107449	0.045844	0.187844	0	0.024782	3.64746	99.1548
159	0.0107449	0.0452083	0.184504	0	0.0243252	4.04306	99.1548
160	0.0107449	0.0449051	0.187844	0	0.0242901	4.29442	99.1548
161	0.0107449	0.0445287	0.187844	0	0.0242901	4.35027	99.1548
162	0.0106611	0.0435245	0.181041	0	0.0216628	4.2376	99.1548
163	0.0106611	0.042723	0.181041	0	0.0216607	4.24722	99.1548
164	0.0106611	0.0420339	0.174375	0	0.0193159	4.13601	99.1548
165	0.0108864	0.0412077	0.174375	0	0.0162245	2.69081	99.1548
166	0.0108864	0.0398079	0.173596	0	0.0159804	2.19077	99.1548
167	0.0107449	0.0393671	0.168894	0	0.0159804	1.61003	99.1464
168	0.0105448	0.0389852	0.162071	0	0.0167526	1.22054	99.1464
169	0.0106611	0.0381391	0.162071	0	0.0165386	0.94917	99.1464
170	0.0102652	0.038101	0.155202	0	0.0135749	0.715415	84.921
171	0.0107449	0.0378491	0.160491	0	0.013402	0.560886	85.8274
172	0.0106611	0.037358	0.158265	0	0.0105861	0.458777	58.5146
173	0.0106611	0.0371235	0.158265	0	0.0110001	0.398037	58.5146
174	0.0108864	0.0359514	0.155202	0	0.0104844	0.351699	52.3634
175	0.0107449	0.0357225	0.151528	0	0.0110997	0.327949	52.3634
176	0.0107449	0.0360887	0.151528	0	0.0110997	0.291021	52.3634
177	0.0108864	0.0358661	0.151528	0	0.0111577	0.271119	52.3634
178	0.0101277	0.035722	0.138951	0	0.0108905	0.272797	52.3634
179	0.0107449	0.0355631	0.150174	0	0.0111577	0.234073	52.3634
180	0.0101277	0.0353016	0.138951	0	0.0101957	0.188153	35.122
181	0.0101945	0.0350009	0.1372	0	0.0103967	0.13484	18.1951
182	0.0101277	0.0354843	0.138951	0	0.0102588	0.131801	17.6698
183	0.0101277	0.0354678	0.142564	0	0.0102588	0.129157	17.6698
184	0.0107449	0.0358377	0.154534	0	0.0103967	0.0971181	8.59752
185	0.0107449	0.0361761	0.154534	0	0.0101417	0.0831528	1.70307
186	0.0108864	0.0362698	0.154534	0	0.0101417	0.0676319	0.35134
187	0.0101277	0.0362338	0.138951	0	0.011016	0.0607531	0.308717
188	0.0107449	0.0368981	0.154534	0	0.011016	0.0610964	0.308717
189	0.0107449	0.0367938	0.154534	0	0.0110001	0.0601086	0.297649
190	0.0107449	0.0372518	0.159655	0	0.0101417	0.0594808	0.280769
191	0.0107449	0.0379508	0.160491	0	0.0101417	0.0660653	0.312159
192	0.0107449	0.039297	0.167572	0	0.0101417	0.0703647	0.422688
193	0.0102494	0.0396806	0.16362	0	0.0101589	0.0693433	0.379325
194	0.0101277	0.0405299	0.167572	0	0.0101589	0.0730288	0.465434
195	0.0101277	0.0416151	0.180886	0	0.0101589	0.0770751	0.567042
196	0.0101277	0.04508	0.270362	0.00449775	0.0101589	0.079636	0.684283
197	0.0103058	0.0501686	0.384269	0.017991	0.0101589	0.0811891	0.947794
198	0.0103058	0.0558577	0.592366	0.0254873	0.0101589	0.0843451	1.17764
199	0.0105603	0.0456246	0.270362	0	0.0101589	0.0819597	1.072
200	0.0100401	0.0434652	0.257336	0	0.0101589	0.0776506	0.684283
201	0.0100401	0.0422508	0.251501	0	0.0101589	0.0738759	0.465434
202	0.0100401	0.0411408	0.251501	0	0.0101589	0.0736626	0.465434
203	0.0103058	0.0402614	0.257336	0.00149925	0.0101589	0.0720159	0.430642
204	0.0100401	0.0396044	0.234966	0.00449775	0.0101589	0.0712173	0.430642
205	0.0100401	0.0379294	0.186735	0.0029985	0.0101589	0.0717177	0.422365
206	0.0100401	0.0376316	0.177124	0.0029985	0.0101589	0.072154	0.383261
207	0.0100401	0.0367411	0.150174	0.0029985	0.0101589	0.0678811	0.336787
208	0.0100401	0.0351709	0.13712	0.00149925	0.0101589	0.0676167	0.336787
209	0.0103047	0.0340239	0.129217	0	0.0102461	0.0669249	0.331241
210	0.0100401	0.0339837	0.128562	0.00149925	0.0101589	0.067801	0.336787
211	0.0103047	0.0334911	0.128562	0	0.0101589	0.0679536	0.336787
212	0.0100401	0.0333092	0.124567	0	0.0101589	0.0708981	0.409741
213	0.0100401	0.0331242	0.115369	0	0.0102461	0.0719917	0.405712
214	0.010234	0.0329169	0.116715	0	0.0102461	0.0735779	0.409741
215	0.0100401	0.0326978	0.110613	0	0.0138237	0.0776402	0.59694
216	0.0103084	0.0327987	0.115369	0	0.0138237	0.0802353	0.581454
217	0.0100401	0.0325459	0.111687	0	0.0156402	0.0801842	0.581454
218	0.0100401	0.032807	0.111687	0	0.013804	0.0859193	0.567042
219	0.0100401	0.0328199	0.111687	0	0.0156407	0.0899256	0.581454
220	0.0100401	0.0327262	0.110613	0	0.013321	0.0985277	0.59694
221	0.0100401	0.0324024	0.110373	0	0.0165075	0.12139	1.14586
222	0.0100401	0.032783	0.111687	0.00149925	0.0192353	0.142118	1.66454
223	0.0100401	0.0327061	0.111687	0.00149925	0.0196963	0.141375	1.82115
224	0.0100401	0.0330195	0.11256	0.00149925	0.0196406	0.133805	1.998
225	0.0100401	0.0332543	0.115369	0.00149925	0.0118957	0.120454	1.25562
226	0.0100401	0.0342069	0.122219	0.00449775	0.0111795	0.122702	1.24208
227	0.010234	0.0349655	0.130612	0.00449775	0.0112176	0.108779	1.18732
228	0.0100401	0.0358164	0.130612	0.00449775	0.010659	0.106836	1.18732
229	0.010234	0.0358282	0.132598	0.00149925	0.0103068	0.118212	2.32463
230	0.0100401	0.0362961	0.132492	0.00149925	0.0103068	0.120437	2.66928
231	0.0103084	0.0364261	0.137874	0.00149925	0.0109995	0.118487	2.60369
232	0.0100401	0.0388853	0.146272	0.005997	0.010659	0.114982	2.66928
233	0.0100401	0.038792	0.144719	0	0.010947	0.114338	3.40129
234	0.010234	0.0394256	0.150174	0.00149925	0.0109995	0.116632	3.47254
235	0.0100401	0.0397015	0.15154	0.00149925	0.0109995	0.132684	9.23144
236	0.0100401	0.0397471	0.153794	0	0.0109995	0.121512	3.61816
237	0.0100401	0.0399172	0.153794	0	0.0109995	0.115071	3.61816
238	0.0100401	0.0406352	0.159043	0	0.0109995	0.103093	3.40129
239	0.0100401	0.0410815	0.160491	0	0.0100435	0.0924302	3.26767
240	0.0100401	0.0420432	0.165716	0	0.0100435	0.0883944	3.26767
241	0.0100401	0.0432225	0.167658	0	0.0100435	0.0872306	3.26767
242	0.010234	0.0443693	0.180452	0	0.0100435	0.0855565	2.86839
243	0.010234	0.046214	0.180452	0	0.0101591	0.0847913	2.60369
244	0.010234	0.0487873	0.197075	0.0029985	0.0101591	0.0852204	2.60369
245	0.0100968	0.0505406	0.207365	0.00149925	0.0100435	0.0806735	1.08048
246	0.0107566	0.0538028	0.245918	0.0029985	0.0101591	0.0794036	1.01727
247	0.0100701	0.0588738	0.269373	0.005997	0.0100435	0.076129	0.821341
248	0.0107566	0.0614128	0.281872	0.005997	0.0101591	0.0707376	0.425483
249	0.0100701	0.0726463	0.38969	0.0254873	0.0100435	0.0678211	0.331616
250	0.012411	0.0628962	0.281872	0.00449775	0.0109995	0.0645881	0.34089
251	0.012779	0.0614642	0.281872	0.0029985	0.0128895	0.0623875	0.329645
252	0.0125207	0.0618653	0.281872	0.0029985	0.0128895	0.0667617	0.364868
253	0.012779	0.0613738	0.281228	0	0.0124546	0.069324	0.339912
254	0.0108942	0.0609563	0.253334	0	0.0119134	0.0705604	0.339912
255	0.0120757	0.060671	0.281228	0	0.0131909	0.0702753	0.324234
256	0.0125207	0.0606893	0.281228	0	0.012803	0.0677485	0.315946
257	0.0125207	0.0611496	0.281228	0	0.0124546	0.0710834	0.333402
258	0.0120757	0.0618035	0.281228	0	0.012803	0.0712102	0.333402
259	0.0107341	0.0617266	0.253334	0	0.012803	0.0736625	0.324234
260	0.0107341	0.0611832	0.252102	0	0.0128339	0.0753722	0.319428
261	0.0107341	0.0616836	0.245918	0	0.0128339	0.0771087	0.333402
262	0.0112755	0.0621676	0.257043	0	0.0127042	0.0771915	0.326807
263	0.0112755	0.0632407	0.258799	0	0.0127042	0.0789617	0.355169
264	0.01003	0.0646134	0.245918	0.00149925	0.0123551	0.0777838	0.355169
265	0.012411	0.0646478	0.281228	0.00149925	0.0128339	0.0775971	0.369973
266	0.0136758	0.0668279	0.359101	0.005997	0.0127042	0.0784842	0.379212
267	0.014409	0.0710593	0.359101	0.005997	0.0124216	0.0789401	0.377328
268	0.014409	0.0719535	0.344599	0.005997	0.0128339	0.0840871	0.414592
269	0.014409	0.0725273	0.351848	0.005997	0.0124216	0.102825	0.633616
270	0.0136633	0.0689888	0.304963	0.00149925	0.0128339	0.122261	1.58649
271	0.014409	0.0663663	0.304963	0	0.0124216	0.151334	6.41014
272	0.0108908	0.0636833	0.245471	0	0.0103911	0.200243	17.1822
273	0.0108908	0.060524	0.231712	0	0.0133008	0.272523	29.9897
274	0.0106329	0.0594836	0.214772	0	0.0123551	0.322532	29.9897
275	0.0108908	0.0591883	0.207316	0	0.0132579	0.395459	32.9488
276	0.0132432	0.0592422	0.245918	0	0.0305207	0.514057	91.8117
277	0.0132895	0.059926	0.245918	0	0.0360047	0.674462	91.8117
278	0.0108908	0.0600198	0.207316	0	0.0394586	0.679769	97.7524
279	0.0108908	0.0594431	0.207365	0	0.0360047	0.685015	95.151
280	0.0108094	0.0592386	0.207365	0	0.0358877	0.754024	95.151
281	0.0106329	0.0592034	0.214772	0	0.0425288	0.922791	97.7524
282	0.0108908	0.0593207	0.207316	0	0.0405223	0.92318	97.7524
283	0.0106329	0.0596912	0.207316	0	0.038342	0.879952	97.7524
284	0.0108908	0.0601729	0.227208	0	0.0395671	0.880265	97.7524
285	0.0106329	0.0596618	0.207316	0	0.0401407	0.93501	97.7524
286	0.0106329	0.0596182	0.214772	0	0.0395671	0.954827	97.7524
287	0.0108094	0.0598129	0.228357	0.00149925	0.0481364	1.09019	95.151
288	0.0106329	0.0611955	0.231712	0.0029985	0.0481364	1.16167	90.6546
289	0.01058	0.0610805	0.231712	0.00149925	0.0481364	1.09523	97.7524
290	0.0103791	0.0621892	0.238495	0.0029985	0.0481364	1.1652	95.151
291	0.0103791	0.0644782	0.275089	0.0104948	0.0514952	1.25666	95.151
292	0.0108908	0.0669178	0.347436	0.0164918	0.0481364	1.2246	91.8117
293	0.0107212	0.0598805	0.231712	0.00149925	0.0481364	1.17551	91.8117
294	0.0107212	0.0586407	0.22944	0	0.0514952	1.1269	95.151
295	0.0108908	0.0576516	0.231712	0	0.0501955	1.06099	92.0359
296	0.01058	0.0564336	0.207316	0	0.0459341	1.02494	64.2762
297	0.0102984	0.0550052	0.193362	0.00149925	0.0481364	0.889839	55.3957
298	0.01058	0.0535329	0.185936	0.00149925	0.0481364	0.839585	50.8953
299	0.0107212	0.0523092	0.185936	0	0.0583262	0.81116	54.4566
300	0.0107212	0.0513161	0.185936	0	0.0630194	0.775801	56.4828
301	0.0102984	0.0501947	0.172639	0	0.0630194	0.744297	55.2104
302	0.01058	0.0484739	0.168354	0	0.0595385	0.697525	55.2104
303	0.0106329	0.0484281	0.168354	0	0.0630194	0.63477	55.2412
304	0.01058	0.0481786	0.168354	0	0.0630194	0.562149	55.2412
305	0.01058	0.0474983	0.168354	0	0.0722401	0.537496	55.2412
306	0.01058	0.046337	0.168354	0	0.0700895	0.509031	53.093
307	0.0104966	0.0468324	0.172639	0	0.0328321	0.475499	30.9854
308	0.0103193	0.0462093	0.167658	0	0.0297777	0.454353	30.9854
309	0.01058	0.045078	0.167658	0	0.0117202	0.303598	2.92111
310	0.0103193	0.0446589	0.158186	0	0.0169457	0.246032	2.05936
311	0.0104966	0.044777	0.164958	0	0.0169457	0.22768	1.99906
312	0.0104966	0.045139	0.167658	0	0.0234025	0.1711	0.780735
313	0.0103193	0.045747	0.179905	0.00149925	0.0244619	0.166588	0.796392
314	0.01058	0.0457829	0.18968	0	0.0244619	0.164029	0.796392
315	0.0103193	0.0463451	0.195092	0	0.0232823	0.16102	0.8375
316	0.0101507	0.0473542	0.206582	0	0.0222385	0.155958	0.74059
317	0.0104966	0.0479843	0.22665	0	0.02209	0.153737	0.729518
318	0.0107212	0.0496004	0.252524	0.00149925	0.0222385	0.152654	0.729518
319	0.0101507	0.0537779	0.267271	0.0149925	0.0215202	0.15188	0.74059
320	0.0101507	0.067811	1.74535	0.0629685	0.0209501	0.153947	0.792331
321	0.0111975	0.160712	6.25005	0.248876	0.0209501	0.157815	0.792331
322	0.426197	4.14	28.5777	0.922039	0.0190779	0.155689	0.703117
323	1.50566	5.54041	18.7808	0.982009	0.0193213	0.16066	0.72503
324	0.0100681	0.0819577	3.29378	0.11994	0.0226801	0.172028	0.830606
325	0.0100681	0.0545971	0.722152	0.0374813	0.0244619	0.174748	0.85231
326	0.0100681	0.0483335	0.317127	0.0149925	0.0232823	0.178966	0.85231
327	0.0100681	0.0437462	0.210801	0.00749625	0.0244619	0.176325	0.85231
328	0.0100825	0.041964	0.181353	0.0029985	0.0209501	0.166988	0.830606
329	0.0101307	0.0415692	0.181353	0.00149925	0.0186431	0.171656	0.830606
330	0.0101307	0.0413699	0.181353	0.00149925	0.0170392	0.169505	0.833199
331	0.0104313	0.0411636	0.183874	0.00149925	0.0186431	0.162115	0.833199
332	0.0101307	0.0417299	0.181353	0.00149925	0.0173397	0.149597	0.726416
333	0.0101307	0.0423795	0.181353	0.00149925	0.0171423	0.150248	0.726416
334	0.0104313	0.0422698	0.183874	0.0029985	0.0171423	0.139148	0.648353
335	0.0103806	0.0423429	0.183874	0.0029985	0.0171423	0.131333	0.648353
336	0.0100681	0.0416727	0.169998	0.00149925	0.0181984	0.124559	0.624517
337	0.0100681	0.0412667	0.166906	0.00149925	0.0158662	0.11979	0.624517
338	0.0100681	0.0404531	0.162331	0	0.0131364	0.115352	0.543813
339	0.0100681	0.0407935	0.164621	0	0.0109342	0.111276	0.428824
340	0.0100546	0.040254	0.156139	0	0.0105322	0.101289	0.428824
341	0.0100546	0.0401286	0.156139	0	0.0101162	0.092183	0.372821
342	0.0100546	0.040213	0.161225	0	0.0105322	0.0804675	0.338584
343	0.0100546	0.0406592	0.164621	0	0.0101162	0.0724723	0.308669
344	0.0100546	0.0407064	0.162875	0	0.0101162	0.0696475	0.307415
345	0.0100546	0.0406237	0.162875	0	0.0101162	0.067749	0.307415
346	0.0100546	0.0403726	0.161225	0	0.0100869	0.0673127	0.294202
347	0.0100546	0.0404519	0.161225	0	0.0100869	0.0654303	0.280036
348	0.0100546	0.0410539	0.164621	0.00149925	0.0101162	0.0627286	0.267993
349	0.0100546	0.0404617	0.161225	0.00149925	0.0100869	0.0614059	0.267993
350	0.0100546	0.0408739	0.166688	0.00149925	0.0100869	0.0614916	0.272355
351	0.0100546	0.0409448	0.164851	0	0.0100869	0.0598736	0.280036
352	0.0100546	0.0424738	0.178704	0	0.0101162	0.0588585	0.267993
353	0.0101307	0.0433774	0.186432	0	0.0108482	0.0540999	0.257952
354	0.0100546	0.0436192	0.186004	0	0.0108887	0.0537589	0.257167
355	0.0101307	0.04375	0.186432	0	0.0100869	0.0531997	0.233658
356	0.0100546	0.0446328	0.190575	0.00149925	0.0100869	0.0526925	0.22929
357	0.0100546	0.045718	0.200557	0.00149925	0.0100869	0.0518387	0.22929
358	0.0100546	0.0465348	0.208133	0.00149925	0.0100869	0.0506894	0.221062
359	0.0100546	0.0480975	0.221719	0.00149925	0.0103675	0.0522401	0.222181
360	0.0100546	0.048714	0.221719	0	0.0100869	0.0531542	0.222181
361	0.0100546	0.049946	0.224782	0.0029985	0.0101956	0.0532753	0.228619
362	0.0106136	0.053242	0.253838	0	0.0101956	0.0523722	0.222181
363	0.014303	0.057039	0.371608	0	0.0109342	0.0516528	0.222181
364	0.0126761	0.0609236	0.371608	0.00449775	0.0104597	0.0517524	0.222181
365	0.0130504	0.063232	0.377856	0.00449775	0.0103675	0.0523982	0.228619
366	0.0126761	0.0679566	0.395933	0.00449775	0.0103675	0.0528422	0.228619
367	0.0126761	0.0715061	0.409724	0.00449775	0.0104597	0.0552511	0.25695
368	0.0130806	0.0687335	0.393557	0.00149925	0.0109342	0.0542559	0.25695
369	0.0126817	0.0694055	0.395933	0.005997	0.0100869	0.0536465	0.225023
370	0.0108785	0.0688009	0.368402	0.0089955	0.0109342	0.0538281	0.25695
371	0.0125539	0.0678799	0.398932	0.00749625	0.0106745	0.0541111	0.25695
372	0.0126817	0.0639492	0.371608	0.0029985	0.0106745	0.0547767	0.25695
373	0.0126817	0.062949	0.393557	0.00149925	0.0108482	0.0583737	0.302785
374	0.0120124	0.0626669	0.371608	0	0.0108482	0.0609503	0.336665
375	0.0120683	0.0631367	0.371608	0	0.0108482	0.0628549	0.34698
376	0.0119558	0.0635485	0.371608	0.00149925	0.0109342	0.0654871	0.363474
377	0.0109246	0.0644892	0.347857	0.00149925	0.0107131	0.067038	0.368916
378	0.0108785	0.0643591	0.347857	0	0.0108482	0.0673742	0.388662
379	0.0109246	0.0671568	0.393557	0	0.0105322	0.0686418	0.388662
380	0.0102537	0.0725866	0.399027	0.00149925	0.0100869	0.0724012	0.388662
381	0.0119246	0.0784097	0.513343	0.00149925	0.0101956	0.0738525	0.405323
382	0.0108282	0.0914342	0.612108	0.0089955	0.0108482	0.0752582	0.456784
383	0.0108282	0.103015	0.732945	0.0149925	0.0111198	0.0770469	0.474473
384	0.0120683	0.112836	0.848878	0.0209895	0.0111198	0.0785132	0.474473
385	0.0119246	0.132326	0.933733	0.0374813	0.0109552	0.0831012	0.487637
386	0.0145945	0.170757	1.46262	0.0749625	0.0109552	0.0850309	0.491905
387	0.0111097	0.272065	2.22049	0.155922	0.0109552	0.0840961	0.46938
388	0.0124165	0.198105	1.41444	0.101949	0.0109552	0.0841799	0.46938
389	0.0124165	0.194352	1.3551	0.089955	0.0111198	0.0851084	0.470644
390	0.0133614	0.199781	1.46262	0.0929535	0.0111198	0.0864769	0.474473
391	0.0124165	0.225618	1.53934	0.118441	0.0111198	0.0868004	0.474473
392	0.0124165	0.315406	3.74739	0.221889	0.0109552	0.0896396	0.470644
393	0.0902033	1.25709	18.7011	0.515742	0.0109552	0.0900747	0.474473
394	0.050661	0.456982	5.62721	0.286357	0.0111198	0.0882138	0.470644
395	0.03696	0.366043	4.21765	0.238381	0.0108482	0.0921343	0.474473
396	0.0362777	0.366719	4.34508	0.242879	0.0106315	0.0928597	0.470644
397	0.0104693	0.161691	1.48251	0.101949	0.0109552	0.0968494	0.4993
398	0.0104693	0.116193	1.1436	0.0569715	0.0103675	0.100623	0.4993
399	0.0102733	0.0917793	0.709888	0.0254873	0.0106315	0.10473	0.4993
400	0.0103226	0.0793314	0.613013	0.0089955	0.0106315	0.107977	0.4993
401	0.010034	0.0724352	0.550903	0.00149925	0.0106315	0.112821	0.518902
402	0.010034	0.0643158	0.460047	0	0.0106315	0.120042	0.549231
403	0.0102733	0.0602337	0.392811	0	0.0134577	0.133519	0.674467
404	0.0103226	0.0562979	0.344155	0	0.0144034	0.152265	0.718452
405	0.0102733	0.0548282	0.321288	0	0.0160059	0.176465	0.842935
406	0.0100749	0.0538216	0.286706	0	0.016281	0.190004	1.01476
407	0.0100749	0.0532093	0.275281	0	0.0196145	0.215622	1.44644
408	0.0103226	0.0521467	0.269932	0	0.032573	0.228174	2.02884
409	0.0100749	0.0527921	0.25437	0	0.0343601	0.246078	2.05443
410	0.0100749	0.0526169	0.234731	0	0.0336086	0.257483	2.02884
411	0.0100749	0.054153	0.249816	0	0.027863	0.27571	2.02884
412	0.0105999	0.0559477	0.270688	0	0.0188439	0.408092	6.12165
413	0.0109196	0.0576147	0.271851	0	0.0386642	0.522218	23.7736
414	0.0109196	0.0579873	0.271851	0.00149925	0.0597761	0.697471	46.5877
415	0.0102221	0.0622948	0.301365	0.0089955	0.0801268	0.953248	61.19
416	0.0102221	0.0645968	0.31163	0.0089955	0.0596062	1.10447	60.0678
417	0.0102221	0.0671335	0.324114	0.0089955	0.0597761	1.16003	61.2818
418	0.0101881	0.0608263	0.292785	0.00449775	0.0596062	1.18647	65.5441
419	0.0101881	0.0575842	0.270688	0.00149925	0.0596062	1.22768	99.7314
420	0.0101881	0.0549709	0.258951	0.00149925	0.0521498	1.30255	72.5402
421	0.0101881	0.0533138	0.22818	0.00149925	0.0253459	1.27017	61.2818
422	0.0101881	0.0510297	0.219223	0	0.0354826	1.32829	99.7314
423	0.0101881	0.0491758	0.203238	0	0.0354826	1.28494	99.7314
424	0.0101881	0.0480172	0.198871	0	0.033416	1.29544	99.7314
425	0.0101881	0.0457429	0.179084	0	0.0354826	1.29243	99.7314
426	0.0101881	0.0445013	0.175078	0	0.0283394	1.19361	99.7314
427	0.0101881	0.0427693	0.161953	0	0.0253459	1.18942	99.7314
428	0.0101881	0.0421508	0.160157	0	0.0261507	1.07884	99.7314
429	0.0101057	0.041389	0.155682	0	0.0227235	1.03948	99.7314
430	0.0101057	0.0412573	0.155682	0	0.0232189	1.07962	99.7314
431	0.0101881	0.0399638	0.153709	0	0.0239776	1.16237	99.7314
432	0.010071	0.0396808	0.152901	0	0.0268415	1.18637	99.7314
433	0.010071	0.0393279	0.152012	0	0.0242673	1.17708	99.7314
434	0.0101057	0.0402421	0.154511	0	0.0242673	1.23076	99.7314
435	0.0101057	0.0403329	0.154511	0	0.0206834	0.992417	99.7314
436	0.0101057	0.041145	0.170354	0	0.0197462	0.962492	99.7314
437	0.0101057	0.0424849	0.195548	0	0.0190727	0.959692	99.7314
438	0.0101057	0.0442293	0.20717	0	0.0190727	0.94305	99.7314
439	0.0101057	0.0467808	0.25559	0.00749625	0.0206834	0.94585	99.7314
440	0.0101057	0.0478743	0.269932	0.0104948
