		omega		Posterior		rho				Synonymous theta			kappa			phi	
Site	Lower	Point	Higher	prob of +ve	Lower	Point	Higher		Lower	Point	Higher	Lower	Point	Higher	Lower	Point	Higher
	95% HPD	estimate	95% HPD	selection	95% HPD	estimate	95% HPD		95% HPD	estimate	95% HPD	95% HPD	estimate	95% HPD	95% HPD	estimate	95% HPD
0	0.0101056	0.0453523	0.316174	0.0149925	0.0108443	0.575971	53.9315		0.0255112	0.0432078	0.076824	1.30596	4.10748	12.733	0	0	0
1	0.0101056	0.0444846	0.305831	0.0134933	0.0112222	0.580622	58.3677
2	0.0101056	0.0435354	0.272497	0.011994	0.0108443	0.558734	54.3679
3	0.0101056	0.0421252	0.262692	0.0089955	0.010274	0.533907	49.946
4	0.0101056	0.0410218	0.256716	0.005997	0.0107262	0.534604	49.946
5	0.0101056	0.0410257	0.248543	0.005997	0.0107262	0.496821	49.946
6	0.0101056	0.0409683	0.234476	0.00449775	0.0112222	0.503308	54.9257
7	0.0100741	0.0402443	0.226856	0.00449775	0.0107262	0.581832	54.9257
8	0.0101056	0.0394068	0.226856	0	0.0107262	0.701633	60.6013
9	0.0100741	0.0387946	0.217727	0	0.0148549	0.739506	84.239
10	0.0101056	0.0387091	0.226856	0	0.0113894	0.688506	60.9219
11	0.0100741	0.0382887	0.218895	0	0.0107262	0.740475	60.6013
12	0.0100741	0.0383027	0.217727	0	0.0108478	0.706654	60.9219
13	0.0101056	0.0382746	0.212807	0	0.0107262	0.700057	58.3677
14	0.0100741	0.0384624	0.209939	0.00149925	0.0107732	0.663721	57.5101
15	0.0100741	0.0379435	0.208281	0.00149925	0.0107262	0.677664	58.3677
16	0.0100741	0.0378372	0.211164	0.00149925	0.0107262	0.691579	58.3677
17	0.0100741	0.0376366	0.209939	0.00149925	0.0107262	0.684347	53.9315
18	0.0101056	0.0381164	0.212807	0.00149925	0.0103539	0.708582	52.6912
19	0.0101056	0.037712	0.212807	0.0029985	0.0107262	0.761063	53.9315
20	0.0100741	0.0373467	0.208281	0	0.0100858	0.804171	52.6912
21	0.0100741	0.0373816	0.211164	0.00449775	0.0107262	0.823346	52.6912
22	0.0100741	0.0374076	0.211164	0.00449775	0.0111762	0.794607	52.6912
23	0.0100741	0.0370142	0.208281	0.00449775	0.0107262	0.786573	52.3576
24	0.0100741	0.0365985	0.195242	0.00449775	0.0100858	0.77432	52.6912
25	0.0100741	0.036304	0.181605	0.0029985	0.0135343	0.795102	77.2473
26	0.0100741	0.0361725	0.166776	0.00149925	0.0100858	0.759713	53.9315
27	0.0100741	0.0359978	0.177587	0.00149925	0.013715	0.784318	75.5271
28	0.0100741	0.0358046	0.177587	0.00149925	0.013715	0.786859	73.0116
29	0.0101056	0.0362151	0.178703	0.0029985	0.0137344	0.776506	70.1915
30	0.0100741	0.0374427	0.195242	0.005997	0.0135492	0.788966	66.8999
31	0.0100741	0.0376641	0.203068	0.005997	0.0186222	0.791992	92.3098
32	0.0100741	0.0373362	0.178703	0.00149925	0.010642	0.710309	51.8455
33	0.0100741	0.0369862	0.178703	0.00149925	0.0186222	0.687506	96.3281
34	0.0100741	0.0381788	0.212245	0.0029985	0.0103745	0.6312	55.7367
35	0.0101759	0.0376883	0.212245	0.00149925	0.0103745	0.551796	47.4249
36	0.0101477	0.0376236	0.199347	0.00149925	0.0104804	0.495628	45.0813
37	0.0101759	0.0378362	0.212245	0.00149925	0.0103745	0.449809	38.9855
38	0.0101477	0.0383683	0.222183	0.0029985	0.0103745	0.38739	34.3668
39	0.01003	0.0387758	0.226856	0.00149925	0.0101714	0.339687	28.9199
40	0.01003	0.0386789	0.219769	0.00149925	0.010642	0.301404	24.7888
41	0.01003	0.0389582	0.226856	0.00149925	0.010642	0.286588	24.7888
42	0.01003	0.0391071	0.240638	0.0029985	0.0107262	0.277096	24.7888
43	0.01003	0.0393012	0.251489	0.00149925	0.0107262	0.266333	24.7888
44	0.0101759	0.0399584	0.256789	0.00149925	0.0101714	0.270535	24.7888
45	0.0101759	0.0402541	0.256789	0.00149925	0.0103745	0.265502	31.0245
46	0.01003	0.0401762	0.263846	0.00149925	0.0101714	0.288226	33.1863
47	0.0102673	0.0409772	0.272497	0.00149925	0.0100778	0.295432	34.3668
48	0.0101759	0.0415646	0.272497	0.00149925	0.0100778	0.299235	36.9372
49	0.01003	0.0424082	0.292382	0.00149925	0.0100778	0.305592	36.9372
50	0.01003	0.0427135	0.292382	0	0.0100778	0.279295	24.6382
51	0.01003	0.044687	0.325915	0.0029985	0.0103745	0.276766	24.6382
52	0.01003	0.0459955	0.362355	0.00449775	0.0100778	0.278714	29.338
53	0.0101759	0.0467671	0.420058	0.005997	0.0101714	0.277881	29.338
54	0.01003	0.0488417	0.441874	0.0089955	0.0103745	0.267664	24.4526
55	0.01003	0.0492974	0.450907	0.005997	0.0103745	0.266041	19.8882
56	0.0101759	0.0511856	0.485918	0.00449775	0.0104925	0.263731	16.8628
57	0.01003	0.053751	0.502377	0.00449775	0.0104925	0.251901	15.4667
58	0.0101759	0.055887	0.554176	0.0104948	0.0104925	0.257321	15.4667
59	0.0101759	0.0565391	0.559249	0.005997	0.0104925	0.254676	17.0128
60	0.0102642	0.0607024	0.579973	0.005997	0.0104925	0.267822	17.0128
61	0.0101759	0.0641025	0.579973	0.00749625	0.0104925	0.263305	17.0128
62	0.01003	0.0672484	0.590261	0.00749625	0.0104925	0.263843	17.1071
63	0.0103174	0.0732975	0.654859	0.0089955	0.0112961	0.271955	17.2226
64	0.0101759	0.0815953	0.690186	0.0134933	0.0112961	0.279795	17.2226
65	0.0102642	0.0946865	0.734767	0.0194903	0.0104925	0.280514	17.0128
66	0.01003	0.105942	0.734767	0.017991	0.0103113	0.313604	23.0261
67	0.0101759	0.122188	0.785636	0.023988	0.0103113	0.33215	34.5119
68	0.010169	0.140022	0.869104	0.0374813	0.0102416	0.314508	29.2432
69	0.010169	0.167152	0.933174	0.0449775	0.0100917	0.309504	30.955
70	0.0137009	0.226245	1.50943	0.0704648	0.0100917	0.297392	28.3613
71	0.0254653	0.327266	2.26838	0.110945	0.0102416	0.244196	12.0546
72	0.0289064	0.315859	1.77262	0.0944528	0.0100917	0.245286	10.4609
73	0.0351439	0.312875	1.73947	0.0854573	0.0100917	0.260449	12.7999
74	0.0351439	0.326216	1.72115	0.089955	0.0129997	0.299709	46.9838
75	0.0337076	0.339338	1.51867	0.0929535	0.0129997	0.312839	46.9838
76	0.0536271	0.368072	2.08107	0.101949	0.0116398	0.32469	39.2959
77	0.0676729	0.402886	2.39503	0.118441	0.0116398	0.346058	40.9029
78	0.0937244	0.45275	2.01118	0.137931	0.0130871	0.451137	46.1911
79	0.0937244	0.438009	1.92896	0.128936	0.0214396	0.587072	67.9823
80	0.0965828	0.444604	1.87923	0.125937	0.0377666	0.680539	99.381
81	0.0937244	0.478617	1.92896	0.137931	0.0210775	0.653884	60.8084
82	0.0965828	0.409302	1.87923	0.103448	0.0210775	0.602224	66.1693
83	0.0937244	0.403161	1.89031	0.10045	0.0210775	0.571775	66.8459
84	0.0904942	0.396615	1.92896	0.095952	0.020515	0.532848	65.7278
85	0.088476	0.394749	1.92896	0.0929535	0.0207368	0.530354	69.678
86	0.0965828	0.410806	1.89031	0.095952	0.0193785	0.548099	78.0359
87	0.0937244	0.414651	1.72115	0.0989505	0.0210775	0.677201	98.222
88	0.0967629	0.423081	1.72115	0.10045	0.0198938	0.869887	98.6382
89	0.0937244	0.442802	1.72115	0.110945	0.0215466	1.14532	98.6382
90	0.102711	0.471834	1.89596	0.124438	0.0213448	1.11854	98.6382
91	0.1013	0.45673	1.87923	0.115442	0.0207368	1.11708	98.6382
92	0.100664	0.447359	1.89596	0.106447	0.0198938	1.14163	98.6382
93	0.0645881	0.372151	2.4367	0.083958	0.0207368	1.1349	98.6382
94	0.0291284	0.318686	1.89031	0.0614693	0.0137516	0.968042	73.3277
95	0.0136159	0.275131	1.1925	0.0494753	0.0135091	0.8747	74.3887
96	0.012576	0.241687	1.04964	0.041979	0.0126963	0.845416	73.4274
97	0.012576	0.212903	1.01596	0.0329835	0.0126963	0.803628	73.4274
98	0.0126543	0.202136	0.993872	0.029985	0.0127767	0.764132	73.4993
99	0.012576	0.195922	0.975325	0.0269865	0.0127767	0.742207	73.4993
100	0.0126543	0.186214	0.975325	0.0254873	0.0126963	0.668835	73.3277
101	0.0111754	0.182687	0.90515	0.0314843	0.0126963	0.619209	73.4274
102	0.0111754	0.174311	0.924043	0.0329835
