		omega		Posterior		rho				Synonymous theta			kappa			phi	
Site	Lower	Point	Higher	prob of +ve	Lower	Point	Higher		Lower	Point	Higher	Lower	Point	Higher	Lower	Point	Higher
	95% HPD	estimate	95% HPD	selection	95% HPD	estimate	95% HPD		95% HPD	estimate	95% HPD	95% HPD	estimate	95% HPD	95% HPD	estimate	95% HPD
0	0.0100134	0.0898588	0.742922	0.0374813	0.0107552	0.1535	18.5435		0.0939155	0.118624	0.141623	2.50087	3.92221	6.04672	0	0	0
1	0.010435	0.0915873	0.811288	0.0389805	0.0106927	0.121176	10.1191
2	0.0100134	0.11469	1.858	0.0854573	0.0100864	0.0850048	1.21436
3	0.0100134	0.0756025	0.492064	0.0209895	0.0107984	0.0708926	0.654637
4	0.0100134	0.0659915	0.411709	0.0089955	0.0100864	0.0603482	0.395949
5	0.0100134	0.0598314	0.307758	0.0029985	0.0100864	0.0541535	0.322539
6	0.0100134	0.0567082	0.281728	0.00149925	0.0104683	0.0515506	0.272553
7	0.0100065	0.0541108	0.267858	0	0.0104683	0.0484455	0.234044
8	0.0100065	0.0512435	0.230758	0	0.0104683	0.0464969	0.21367
9	0.0100065	0.0503947	0.198307	0	0.0100864	0.0464028	0.203815
10	0.0100065	0.0486765	0.187514	0	0.0104683	0.0460591	0.200755
11	0.0100065	0.0485998	0.182924	0	0.0104683	0.0453685	0.18466
12	0.0100134	0.0481023	0.182924	0	0.0104683	0.043405	0.170267
13	0.0100134	0.0474461	0.177699	0	0.0104683	0.0430985	0.16967
14	0.0100134	0.0469511	0.175179	0.00149925	0.0104683	0.0428912	0.167675
15	0.0100134	0.0483168	0.184836	0.00149925	0.0104683	0.0425129	0.164702
16	0.0100134	0.0476954	0.185171	0	0.0104683	0.0420492	0.167675
17	0.0100154	0.0482443	0.196864	0	0.0104683	0.0423465	0.167918
18	0.0100154	0.0507903	0.25267	0.00749625	0.0106122	0.0428743	0.16967
19	0.0100154	0.0543418	0.310187	0.0194903	0.0104683	0.0437439	0.175437
20	0.0100154	0.0447582	0.175179	0.00149925	0.0104683	0.0433326	0.17183
21	0.0100141	0.0417233	0.159839	0.00149925	0.0104683	0.0434833	0.175217
22	0.0100141	0.0398765	0.152182	0	0.0104683	0.0437185	0.175437
23	0.0100154	0.0390362	0.145948	0	0.0100182	0.0448048	0.181007
24	0.0100141	0.0382639	0.143841	0	0.0100182	0.0450605	0.181007
25	0.0100141	0.0374981	0.139135	0	0.0100182	0.0467927	0.205438
26	0.0100141	0.0371903	0.133335	0	0.0106122	0.0485715	0.226208
27	0.0100141	0.037039	0.133257	0	0.0100182	0.0505798	0.234044
28	0.0100141	0.0373129	0.135052	0	0.0100182	0.0512772	0.253993
29	0.0100141	0.0368407	0.133257	0	0.0106122	0.0512267	0.269037
30	0.0100141	0.0367979	0.133257	0	0.0106122	0.0540417	0.281155
31	0.0100154	0.0368621	0.133257	0	0.0106122	0.0548525	0.290116
32	0.0100141	0.0375437	0.139135	0.00149925	0.0100182	0.0554117	0.290116
33	0.0100141	0.0379851	0.140671	0.00149925	0.0104307	0.0568059	0.313164
34	0.0100154	0.0383988	0.143624	0.00449775	0.0104307	0.0577464	0.313164
35	0.0100141	0.0375473	0.141898	0	0.0102554	0.0603006	0.32853
36	0.0100154	0.0391219	0.167222	0.00449775	0.0104307	0.0606386	0.343582
37	0.0100154	0.0403386	0.175179	0.005997	0.0104307	0.0628674	0.385654
38	0.0100154	0.0422859	0.211667	0.00749625	0.0104307	0.0666934	0.405955
39	0.0100154	0.0475055	0.39551	0.029985	0.0105596	0.0696152	0.467912
40	0.0100154	0.0389895	0.196864	0.005997	0.0104307	0.0741081	0.515232
41	0.0100154	0.0356273	0.16786	0	0.0105596	0.0829891	0.693136
42	0.0100154	0.0341155	0.156213	0	0.0105596	0.0926408	0.931659
43	0.0100154	0.0329627	0.143624	0	0.0105596	0.101177	1.04906
44	0.0100154	0.0324451	0.141605	0.00149925	0.0107165	0.115648	1.31665
45	0.0100154	0.0313096	0.139135	0.00449775	0.0105602	0.13285	1.98573
46	0.0100154	0.0292775	0.12214	0	0.0105602	0.138909	2.26852
47	0.0100154	0.0287118	0.121945	0	0.0105602	0.134088	1.82716
48	0.0100154	0.0279787	0.119312	0	0.0105602	0.1356	2.57496
49	0.0100154	0.0269604	0.114332	0	0.0100108	0.128747	2.67022
50	0.0100154	0.0265592	0.112577	0	0.0105602	0.118054	1.71741
51	0.0100154	0.0260024	0.0970861	0	0.0100108	0.121798	1.71741
52	0.0100154	0.025619	0.0953364	0	0.0100108	0.118233	1.46563
53	0.0100154	0.0247935	0.089415	0	0.0105602	0.11747	1.46563
54	0.0100154	0.0243722	0.089177	0	0.0105602	0.117204	1.49905
55	0.0100154	0.0237986	0.0815948	0	0.0105602	0.11468	1.76864
56	0.0100154	0.0232968	0.0773965	0	0.0100108	0.112342	1.55467
57	0.0100135	0.0229305	0.0754067	0	0.0100108	0.113237	1.55467
58	0.0100135	0.0228389	0.0751696	0	0.0105602	0.12108	3.78673
59	0.0100135	0.0225625	0.074833	0	0.0105602	0.111511	3.60953
60	0.0100135	0.022475	0.0748817	0	0.0103252	0.104935	1.62776
61	0.0100135	0.0223441	0.0748817	0.00149925	0.0105602	0.102291	2.10313
62	0.0100135	0.0216436	0.0688836	0	0.0101516	0.0938118	1.04402
63	0.0100135	0.0214613	0.0688836	0	0.0101516	0.0917243	0.995076
64	0.0100135	0.0214018	0.0708338	0	0.0101516	0.0889821	0.867799
65	0.0100135	0.0216751	0.072818	0	0.0100914	0.0828072	0.556201
66	0.0100135	0.0216897	0.072818	0	0.0100914	0.0814025	0.546721
67	0.0101103	0.0218201	0.0751696	0	0.0100914	0.073209	0.430989
68	0.0101103	0.0218103	0.0751696	0.00149925	0.0100914	0.0688943	0.376226
69	0.0100135	0.0216123	0.072818	0.00149925	0.0101516	0.0683918	0.376226
70	0.0100021	0.0216887	0.072818	0.00149925	0.0100914	0.0664088	0.376226
71	0.0100021	0.0212958	0.0708338	0.00149925	0.0100398	0.0672501	0.375989
72	0.0100021	0.0209649	0.0673874	0.00149925	0.0100398	0.0674551	0.418088
73	0.0100674	0.0204619	0.0650192	0	0.0100398	0.0672171	0.405955
74	0.0100021	0.020332	0.0669327	0	0.0100398	0.0672169	0.403605
75	0.0100021	0.0202382	0.0669327	0	0.0100398	0.0664285	0.403605
76	0.0100674	0.020105	0.0650192	0	0.0100398	0.066382	0.405955
77	0.0100021	0.0202308	0.065348	0	0.0100398	0.0669911	0.4261
78	0.0100674	0.0201526	0.065348	0	0.0100398	0.0675883	0.418088
79	0.0100021	0.020399	0.0669327	0	0.0100398	0.0685215	0.4261
80	0.0100674	0.0202577	0.065348	0	0.0100398	0.068764	0.418088
81	0.0100674	0.0201873	0.0649835	0	0.0100398	0.066525	0.401673
82	0.0100021	0.0200287	0.0620416	0	0.0100398	0.0650976	0.37202
83	0.0100674	0.0197981	0.0590161	0	0.0100398	0.0658889	0.37202
84	0.0100021	0.0200474	0.060484	0	0.0100398	0.0678049	0.484088
85	0.0100674	0.0198032	0.0576458	0	0.0100398	0.0684892	0.495281
86	0.0100674	0.0197739	0.0576458	0	0.0100914	0.0696249	0.491762
87	0.0100021	0.0199023	0.0582057	0	0.0100914	0.0698335	0.486777
88	0.0100021	0.0201696	0.0612801	0	0.0100234	0.0679923	0.403188
89	0.0100674	0.0197697	0.0590161	0	0.0100234	0.0641136	0.341107
90	0.0100021	0.0197193	0.0582057	0	0.0100234	0.0610358	0.312644
91	0.0100021	0.0194141	0.0575797	0	0.0100234	0.064646	0.357792
92	0.0100021	0.0192803	0.0534579	0	0.0100914	0.0647381	0.37202
93	0.0100021	0.0190879	0.051347	0	0.0100234	0.0628496	0.312644
94	0.0100021	0.018901	0.0501853	0	0.0100234	0.0630057	0.320637
95	0.0100021	0.0188681	0.0510926	0	0.0100234	0.0623697	0.307863
96	0.0100021	0.0189027	0.051347	0	0.0110629	0.060558	0.312644
97	0.0100021	0.0190978	0.0516056	0	0.0110629	0.0609287	0.322382
98	0.0100021	0.0191525	0.051347	0	0.0101051	0.0627714	0.312644
99	0.0100021	0.0192142	0.0516056	0	0.0101051	0.0626993	0.322382
100	0.0100021	0.0190227	0.0510926	0	0.0100234	0.0628778	0.322382
101	0.0100021	0.0188668	0.0510926	0	0.0100234	0.0634916	0.332891
102	0.0100021	0.0186409	0.048548	0	0.0100234	0.062778	0.322382
103	0.0100021	0.0185022	0.0463745	0	0.0100234	0.0610028	0.307863
104	0.0100021	0.018362	0.0463745	0	0.0101051	0.0584484	0.301852
105	0.0100021	0.0183014	0.0463745	0	0.0100234	0.0587911	0.30314
106	0.0100021	0.0180717	0.0451214	0	0.0101051	0.0588356	0.301852
107	0.0100021	0.0179792	0.0442838	0	0.0101051	0.0588404	0.30314
108	0.0100021	0.0178775	0.0442838	0	0.0101051	0.0581508	0.30314
109	0.0100021	0.0178165	0.0442838	0	0.0100234	0.0549854	0.267043
110	0.0100021	0.017716	0.0436845	0	0.0100234	0.0518502	0.225786
111	0.0100021	0.0176196	0.0427266	0	0.0100234	0.0499747	0.225228
112	0.0100021	0.0177941	0.0442838	0	0.0100234	0.0477396	0.217854
113	0.0100021	0.0176436	0.0427266	0	0.0100234	0.047109	0.217854
114	0.0100021	0.0176646	0.0430719	0	0.0100234	0.0448891	0.194063
115	0.0100021	0.0175978	0.0427266	0	0.0100234	0.0446625	0.194063
116	0.0100021	0.0176674	0.0430719	0	0.0100234	0.043574	0.180516
117	0.0100021	0.0176062	0.0427266	0	0.0101051	0.0430471	0.180516
118	0.0100021	0.0176961	0.0430719	0	0.0100234	0.041572	0.171542
119	0.0100021	0.0175825	0.0412667	0	0.0100234	0.0405515	0.16647
120	0.0100021	0.0175908	0.0412667	0	0.0100234	0.0396778	0.159103
121	0.0100021	0.017596	0.0418942	0	0.0101051	0.0392609	0.156274
122	0.0100021	0.0177526	0.0427266	0	0.0100234	0.0395451	0.156604
123	0.0100021	0.0177673	0.0427266	0	0.0101051	0.0391585	0.155539
124	0.0100021	0.0177655	0.0427266	0	0.0101051	0.0396375	0.156604
125	0.0100021	0.0179143	0.0439941	0	0.0100234	0.0397609	0.156604
126	0.0100021	0.017864	0.0427266	0	0.0100234	0.0379139	0.146494
127	0.0100021	0.0179446	0.0427266	0	0.0101051	0.0375028	0.13906
128	0.0100021	0.0179395	0.0427266	0	0.0100234	0.0362139	0.127255
129	0.0100021	0.0180503	0.0433423	0	0.0101051	0.0352286	0.124591
130	0.0100021	0.0180891	0.0427266	0	0.0104219	0.0347727	0.127255
131	0.0100021	0.0181726	0.0442838	0	0.0100153	0.0340846	0.118968
132	0.0100021	0.0180734	0.0442838	0	0.0100153	0.0342536	0.118534
133	0.0100021	0.0179498	0.0450575	0	0.0100153	0.0340843	0.10942
134	0.0100021	0.0179607	0.0450575	0	0.0101318	0.0336977	0.107667
135	0.0100021	0.0177186	0.0433423	0	0.0100153	0.0334801	0.103115
136	0.0100021	0.0177288	0.0427266	0	0.0101318	0.033429	0.107667
137	0.0100021	0.0177482	0.0427266	0	0.0101318	0.0335178	0.106906
138	0.0100021	0.0178026	0.0433423	0	0.0101318	0.0330114	0.106906
139	0.0100021	0.0178452	0.0442838	0	0.0100153	0.032888	0.103115
140	0.0100021	0.0177866	0.0442838	0	0.0100153	0.0326906	0.103115
141	0.0100021	0.0179838	0.0459182	0	0.0101318	0.0326146	0.106906
142	0.0100021	0.0181339	0.0480339	0	0.0100153	0.0325834	0.108005
143	0.010067	0.018433	0.051347	0	0.0100819	0.0326179	0.110585
144	0.0100021	0.0182546	0.0483783	0	0.0101318	0.0323156	0.10735
145	0.0100021	0.0182761	0.0483783	0.00149925	0.0100819	0.0324024	0.106448
146	0.0100021	0.0183263	0.0510926	0	0.0100153	0.0329783	0.110585
147	0.0100021	0.0187804	0.0574869	0.00149925	0.0100153	0.0328873	0.103028
148	0.0100021	0.0184194	0.0525241	0	0.0100153	0.0326863	0.100513
149	0.0100021	0.0184288	0.0572297	0	0.0100153	0.0325183	0.100513
150	0.0100021	0.0184086	0.0574869	0	0.0100819	0.0326913	0.100513
151	0.0100021	0.0187885	0.064835	0	0.0101318	0.0332373	0.103028
152	0.0100021	0.0186781	0.063647	0	0.0100153	0.0333387	0.102528
153	0.0100021	0.0187283	0.063647	0	0.0100153	0.0338048	0.10443
154	0.0100021	0.0188142	0.064835	0	0.0101318	0.0350132	0.110585
155	0.0100021	0.0187644	0.063647	0	0.0101318	0.0350361	0.110099
156	0.0100021	0.0186461	0.0596499	0	0.010089	0.0363379	0.117919
157	0.0100021	0.0187382	0.0596499	0	0.0100153	0.0375152	0.124225
158	0.0100021	0.0190292	0.064835	0	0.010089	0.039503	0.141254
159	0.0100021	0.0192562	0.0672197	0	0.0100153	0.040101	0.137814
160	0.0100021	0.0192447	0.0672197	0	0.0100153	0.0407255	0.141254
161	0.0100021	0.0195371	0.0726026	0	0.010089	0.0414569	0.152345
162	0.0100021	0.0195958	0.0715613	0	0.010089	0.0415109	0.153017
163	0.010067	0.0197083	0.0726026	0	0.010089	0.0420548	0.152345
164	0.0100512	0.0195266	0.0710575	0	0.010089	0.0423598	0.152345
165	0.0100132	0.0195553	0.0712754	0	0.010089	0.042811	0.153017
166	0.0100512	0.0196205	0.0712754	0	0.010089	0.0430619	0.152345
167	0.0100512	0.0199351	0.0715613	0	0.010089	0.0439593	0.15483
168	0.0100512	0.0200587	0.0723855	0	0.010089	0.0439486	0.153017
169	0.0100512	0.0199907	0.0723855	0	0.010089	0.0446104	0.15483
170	0.0100512	0.0200822	0.0737502	0	0.0109582	0.0447088	0.162501
171	0.0100512	0.0205371	0.0778253	0	0.0109582	0.0450006	0.159046
172	0.0100512	0.0206684	0.0785618	0	0.0109582	0.0451978	0.159046
173	0.0100512	0.0214283	0.0879241	0	0.0109582	0.0455442	0.162501
174	0.0100641	0.0215487	0.0937367	0	0.010089	0.0465101	0.153017
175	0.0100512	0.0216201	0.0953571	0	0.0109582	0.0464487	0.156563
176	0.0100512	0.0220721	0.101992	0	0.0109582	0.0473001	0.162501
177	0.0100512	0.0230839	0.119285	0	0.0109582	0.0488009	0.161888
178	0.0100512	0.0239097	0.140144	0	0.0107303	0.0506901	0.162501
179	0.0100641	0.0250131	0.17445	0.0029985	0.0109582	0.0510728	0.161888
180	0.0100512	0.0263142	0.244333	0.005997	0.0107303	0.0524534	0.162501
181	0.0100424	0.024751	0.171136	0.0029985	0.0119511	0.0542794	0.173756
182	0.0100424	0.0234809	0.119285	0.0029985	0.0110629	0.0568886	0.169969
183	0.0100424	0.0226656	0.102353	0.00149925	0.0107303	0.0580646	0.169969
184	0.0100512	0.0219467	0.0988384	0	0.0119511	0.0595869	0.207064
185	0.0100424	0.0215828	0.0906502	0	0.012215	0.0620595	0.211741
186	0.0100424	0.0213782	0.0878372	0	0.0133415	0.0632602	0.221747
187	0.0100424	0.0207257	0.0790094	0	0.0152887	0.0630157	0.259256
188	0.0100424	0.0206095	0.0737502	0	0.0120748	0.0661472	0.230234
189	0.0100424	0.0206671	0.0783493	0	0.0122621	0.0683901	0.259256
190	0.0100424	0.0204718	0.0737502	0	0.012215	0.0682434	0.259256
191	0.0100424	0.0204115	0.0768566	0	0.0126869	0.0682956	0.270461
192	0.0100424	0.0202695	0.0712754	0	0.0134438	0.0737677	0.345225
193	0.0100424	0.0200521	0.0696382	0	0.0134438	0.0852186	0.896027
194	0.0100424	0.0200523	0.0696382	0	0.0120748	0.0930103	1.23033
195	0.0100187	0.0198829	0.0684408	0	0.0130785	0.0986194	1.46323
196	0.0100187	0.019828	0.0649664	0	0.0104571	0.0781995	0.523808
197	0.0100424	0.0199275	0.0696382	0	0.0100671	0.0719686	0.345225
198	0.0100187	0.0197495	0.062518	0	0.0100895	0.0656914	0.255954
199	0.0100187	0.0193614	0.0592925	0	0.0100671	0.0654207	0.235834
200	0.0100187	0.0191252	0.0552079	0	0.0100671	0.067886	0.235834
201	0.0100424	0.0188621	0.0512314	0	0.0100671	0.0677485	0.235834
202	0.0100424	0.0188331	0.0512314	0.00149925	0.0100671	0.0612775	0.197026
203	0.0100424	0.0187018	0.0511378	0.00149925	0.0100671	0.0608459	0.19884
204	0.0100424	0.0185693	0.0511378	0	0.0100671	0.0617448	0.214959
205	0.0100424	0.018584	0.0511378	0	0.0104468	0.0624035	0.224175
206	0.0100424	0.0185332	0.0508542	0	0.0104468	0.0627546	0.224175
207	0.0100424	0.0185447	0.0508542	0	0.0104468	0.0627085	0.230234
208	0.0100424	0.0185972	0.0493148	0	0.0104468	0.0632974	0.235834
209	0.0100424	0.0186298	0.0493148	0	0.0104468	0.0640109	0.249794
210	0.0100424	0.018732	0.0504807	0	0.0104468	0.0658434	0.253531
211	0.0100424	0.0187402	0.0493148	0	0.0100671	0.0678224	0.255507
212	0.0100424	0.0187624	0.0504807	0	0.0100671	0.0693258	0.258123
213	0.0100424	0.0185701	0.049126	0	0.0116902	0.0713743	0.330671
214	0.0100424	0.0184579	0.049126	0	0.0116902	0.0722275	0.330671
215	0.0100424	0.0181803	0.0480339	0	0.0104571	0.0793414	0.409919
216	0.0100424	0.0181726	0.0480339	0	0.0102887	0.0851862	0.470724
217	0.0100424	0.0181445	0.0480339	0	0.013795	0.0792715	0.470724
218	0.0100424	0.0181031	0.0466667	0	0.013795	0.0758554	0.454203
219	0.0100424	0.018144	0.0466667	0	0.013795	0.0750359	0.409919
220	0.0100424	0.0178636	0.0463451	0	0.0117759	0.0718611	0.324617
221	0.0100512	0.0178149	0.0466667	0	0.0143659	0.0728846	0.409919
222	0.0100424	0.0177428	0.0462983	0	0.013795	0.0755549	0.409776
223	0.0100424	0.0177542	0.0466667	0	0.013795	0.0789276	0.447963
224	0.0100424	0.0177394	0.0463451	0	0.0118815	0.0821732	0.409776
225	0.0100424	0.0176795	0.0463451	0	0.0104752	0.0894217	0.421065
226	0.0100512	0.0177879	0.0463451	0	0.0117536	0.0898005	0.476671
227	0.0100512	0.0177361	0.0463451	0	0.0117536	0.0951137	0.504173
228	0.0100512	0.0177214	0.0463451	0	0.0117536	0.0975781	0.559129
229	0.0100641	0.0176248	0.0463451	0	0.0104752	0.0958891	0.499365
230	0.0100512	0.0177288	0.0463451	0	0.01169	0.0856103	0.464256
231	0.0100641	0.0176484	0.0463451	0	0.0117536	0.0848865	0.47914
232	0.0100641	0.0177449	0.0463451	0.00149925	0.01169	0.0860286	0.476671
233	0.0100512	0.0178006	0.0464519	0	0.01169	0.0863465	0.494806
234	0.0100641	0.0178891	0.0483509	0	0.0118815	0.0829931	0.440751
235	0.0100512	0.0178075	0.0464519	0	0.0117759	0.084363	0.440751
236	0.0100512	0.0177754	0.0463451	0	0.0100671	0.0999812	0.558013
237	0.0100512	0.0177609	0.0463451	0	0.0100671	0.104599	0.69698
238	0.0100512	0.0178453	0.0464519	0	0.0100671	0.11216	1.00149
239	0.0100512	0.0177118	0.0456995	0	0.0100671	0.117806	1.62573
240	0.0100273	0.0177368	0.045132	0	0.0102629	0.119769	4.94424
241	0.0100273	0.0177056	0.045132	0	0.0100671	0.118831	5.61598
242	0.0100273	0.0177026	0.0442276	0	0.0105066	0.124802	6.84861
243	0.0100273	0.0176678	0.0442276	0	0.0100671	0.117239	3.43475
244	0.0100273	0.0175972	0.0435393	0	0.0100671	0.112419	2.33065
245	0.0100186	0.0175057	0.0431658	0	0.0107155	0.100184	1.11474
246	0.0100186	0.0174593	0.0423045	0	0.0100671	0.0840023	0.517618
247	0.0100186	0.0175306	0.0431658	0	0.0103716	0.0736664	0.362976
248	0.0100186	0.0176718	0.0441027	0	0.0107155	0.0702646	0.35219
249	0.0100186	0.0176743	0.0441027	0	0.0103716	0.0646167	0.295276
250	0.0100186	0.0176505	0.0441027	0	0.0105066	0.0629805	0.295276
251	0.0100186	0.0176892	0.0441943	0	0.0103716	0.0608288	0.295276
252	0.0100186	0.0177882	0.0463451	0	0.0105066	0.0580105	0.27978
253	0.0100186	0.0177489	0.0463451	0	0.0106555	0.0576466	0.279476
254	0.0100186	0.0176946	0.0463451	0	0.0105066	0.0576871	0.27303
255	0.0100273	0.0178205	0.0483509	0	0.0105974	0.05877	0.27303
256	0.0100186	0.0177252	0.0478027	0	0.0106555	0.0585198	0.27978
257	0.0100186	0.0182349	0.049126	0	0.0107155	0.0582012	0.292236
258	0.0100186	0.0183141	0.0509624	0	0.0106555	0.0586116	0.292236
259	0.0100273	0.0179208	0.0483509	0	0.0106555	0.058956	0.323508
260	0.0100186	0.0180121	0.0483509	0.00149925	0.0105974	0.0592105	0.330929
261	0.0100273	0.0178402	0.0482039	0	0.0105974	0.0588066	0.323508
262	0.0100273	0.0177986	0.0483509	0	0.0106555	0.0594848	0.330929
263	0.0100186	0.0178766	0.0483509	0	0.0106555	0.0597483	0.333025
264	0.0100186	0.0178763	0.0483509	0	0.0106555	0.0596603	0.346623
265	0.0100186	0.0177451	0.0482039	0	0.0101393	0.0602884	0.35219
266	0.0100389	0.0178173	0.0483509	0	0.0107272	0.0609928	0.381451
267	0.0100389	0.0178712	0.0487076	0	0.0107272	0.0672625	0.690735
268	0.0100389	0.0179078	0.0487076	0	0.0101118	0.0648932	0.574762
269	0.0100273	0.0179791	0.0487076	0	0.0101118	0.0663061	0.601325
270	0.0100389	0.0177638	0.0482039	0	0.0101118	0.0683639	0.63742
271	0.0100273	0.0176883	0.0452465	0	0.0101118	0.0714593	0.776937
272	0.0100389	0.0175818	0.0433139	0	0.0101118	0.0718358	0.698545
273	0.0100273	0.0174129	0.0431658	0	0.0101118	0.0756422	0.8715
274	0.0100273	0.0175575	0.0433139	0	0.0104852	0.0786976	0.942237
275	0.0100273	0.0176708	0.0452465	0	0.0101118	0.0812162	0.942237
276	0.0100273	0.0177996	0.0454579	0	0.0107276	0.116593	9.44166
277	0.0100273	0.0179373	0.0454579	0	0.0111376	0.123245	9.33638
278	0.0100389	0.0182026	0.0487076	0	0.0108432	0.121849	4.87294
279	0.0100273	0.0185574	0.052542	0.00149925	0.0108432	0.110381	3.14034
280	0.0100273	0.0183998	0.049126	0	0.0111779	0.0855623	0.737074
281	0.0100273	0.0184874	0.0509624	0	0.0111779	0.0833435	0.690735
282	0.0100273	0.0186265	0.052542	0	0.010946	0.0784536	0.553811
283	0.0100273	0.0186989	0.052542	0	0.0111779	0.0759976	0.447896
284	0.0100273	0.018773	0.0536299	0	0.0111779	0.0799487	0.598746
285	0.0100273	0.0187977	0.0536299	0	0.0111779	0.0997822	1.62615
286	0.0100273	0.019079	0.0563442	0.0029985	0.0130641	0.160032	32.2646
287	0.0100273	0.0188156	0.0536299	0	0.0133137	0.179932	43.8825
288	0.0100273	0.018859	0.0536299	0	0.0133137	0.195499	41.0531
289	0.0100273	0.0188143	0.052542	0	0.0129011	0.195096	47.5937
290	0.0100389	0.0192188	0.0609861	0.0029985	0.0113218	0.182756	39.8037
291	0.0100273	0.0190446	0.0586686	0	0.0107804	0.133071	23.1288
292	0.0100273	0.0192001	0.0609861	0	0.0111139	0.119614	19.7317
293	0.0100273	0.0194334	0.065314	0	0.0107329	0.101588	10.2369
294	0.0100273	0.0195191	0.065314	0	0.0106774	0.0846873	5.45684
295	0.0100273	0.0195981	0.065314	0	0.0101709	0.0699863	1.48676
296	0.0100273	0.0198042	0.0621205	0	0.0101709	0.0654246	1.05818
297	0.0100273	0.0198942	0.0621205	0	0.0101709	0.060358	0.430719
298	0.0100273	0.0199047	0.0609861	0	0.0101709	0.0593152	0.385844
299	0.0100273	0.0203477	0.0654795	0	0.0101709	0.0580034	0.294211
300	0.0100273	0.020346	0.065314	0	0.0101709	0.0576987	0.385844
301	0.0100273	0.0206526	0.0654795	0.00149925	0.0101709	0.0563643	0.324546
302	0.0100061	0.0208526	0.0657144	0.00149925	0.0101709	0.0542356	0.246588
303	0.0100061	0.0211829	0.0670063	0.00149925	0.0101709	0.0495048	0.226133
304	0.0100061	0.0213152	0.0679388	0.00149925	0.0101709	0.0483989	0.225941
305	0.0100061	0.0215066	0.0679388	0.00149925	0.0101709	0.0477859	0.224018
306	0.0100061	0.0210851	0.0639388	0	0.0101709	0.0467671	0.202456
307	0.0100061	0.0207467	0.0594957	0	0.0101709	0.0455243	0.185791
308	0.0100061	0.0209997	0.0627294	0	0.0101709	0.0444918	0.183161
309	0.0100061	0.0209977	0.0618935	0	0.0101709	0.0442459	0.180681
310	0.0100061	0.0211621	0.0639388	0	0.0101709	0.0434698	0.176648
311	0.0100061	0.0211367	0.0629162	0	0.0101709	0.0425847	0.172256
312	0.0100389	0.0210924	0.0629162	0	0.0100769	0.0421406	0.172256
313	0.0100061	0.0212819	0.065314	0	0.0100769	0.0422824	0.175279
314	0.0100061	0.0212202	0.0629162	0	0.0100769	0.0424586	0.172256
315	0.0100061	0.021509	0.065314	0	0.0100769	0.0422828	0.17144
316	0.0100764	0.0219839	0.0700124	0	0.0100769	0.042009	0.17144
317	0.0100764	0.0221141	0.0700124	0	0.0100015	0.0420313	0.172256
318	0.0100061	0.0227332	0.0714704	0	0.0101998	0.0423667	0.180681
319	0.0100061	0.0229793	0.0738641	0	0.0101998	0.0422543	0.179784
320	0.0100764	0.0235579	0.0801857	0	0.0100769	0.0422524	0.177913
321	0.0100061	0.0237104	0.078087	0	0.0100015	0.0421149	0.175279
322	0.0101175	0.0245447	0.093525	0	0.0100015	0.0425912	0.177913
323	0.0100764	0.0247891	0.093525	0	0.0100769	0.0425229	0.177913
324	0.0100061	0.0251337	0.0956025	0	0.0100769	0.0420707	0.177913
325	0.0100061	0.0255254	0.0972674	0	0.0100015	0.0421127	0.180681
326	0.0100061	0.0262638	0.105431	0.00149925	0.0100015	0.0420591	0.180681
327	0.0100764	0.0271861	0.116045	0	0.0101998	0.0429704	0.186674
328	0.0100061	0.0274805	0.114486	0	0.0100769	0.0439742	0.19929
329	0.0100061	0.0286943	0.120716	0	0.0101998	0.0462188	0.242123
330	0.0100061	0.0293417	0.122401	0	0.0100769	0.0468025	0.259755
331	0.0100764	0.0305394	0.13511	0	0.0100769	0.048617	0.259755
332	0.0100061	0.0321283	0.14322	0	0.0100015	0.0486634	0.281146
333	0.0100061	0.0337692	0.177577	0.0029985	0.0100769	0.0504581	0.344229
334	0.0100764	0.0359695	0.221457	0.005997	0.0100769	0.0784189	8.9666
335	0.0100764	0.0349014	0.201439	0.00449775	0.0100769	0.104316	20.0233
336	0.0100061	0.0336675	0.158307	0.0029985	0.0100769	0.104462	20.0233
337	0.010082	0.032722	0.14322	0.00149925	0.0100769	0.107641	23.4647
338	0.0100764	0.031809	0.139307	0	0.0100243	0.0711802	7.51174
339	0.0100764	0.031596	0.13575	0	0.0100243	0.04398	0.237512
340	0.0100764	0.0312336	0.13475	0	0.0100243	0.0420393	0.218926
341	0.0100061	0.0307744	0.123569	0	0.0100161	0.0405427	0.200385
342	0.0100061	0.030677	0.123569	0	0.0100243	0.0393911	0.190333
343	0.0100061	0.0312702	0.123569	0.00449775	0.0100161	0.0385113	0.186567
344	0.0100061	0.0313656	0.124894	0	0.0100243	0.0375239	0.183983
345	0.0100061	0.0314598	0.122401	0	0.0100161	0.0360046	0.180681
346	0.0100061	0.0318702	0.124894	0	0.0100161	0.0366545	0.18387
347	0.0100061	0.0317458	0.124894	0	0.0100161	0.0361383	0.186567
348	0.0100061	0.0318116	0.124894	0	0.0100161	0.0361507	0.190298
349	0.0100061	0.0323154	0.13575	0	0.0100161	0.0348133	0.180681
350	0.0103062	0.0336012	0.14322	0	0.0100161	0.0340518	0.169637
351	0.0100764	0.034415	0.14322	0	0.0100243	0.0332121	0.166536
352	0.0100061	0.0352684	0.148335	0	0.0100243	0.0334197	0.166536
353	0.0100764	0.0374513	0.185488	0.0029985	0.0100161	0.0328246	0.153152
354	0.0101466	0.0400999	0.254449	0.0134933	0.0100161	0.0324814	0.153152
355	0.0100061	0.0379802	0.193957	0.0104948	0.0100161	0.0315255	0.130034
356	0.0100061	0.0372569	0.185488	0.0089955	0.0100161	0.0312953	0.128924
357	0.010082	0.035215	0.14322	0.00149925	0.0100161	0.0311305	0.128924
358	0.0103062	0.0338107	0.139139	0	0.0100161	0.0313081	0.132432
359	0.0100061	0.0330426	0.131605	0	0.0100161	0.0310834	0.130034
360	0.0100061	0.0323834	0.124894	0	0.0100161	0.0312203	0.140104
361	0.010082	0.0318251	0.11947	0	0.0100243	0.0304472	0.122523
362	0.0101466	0.0315962	0.116045	0	0.0100161	0.0300452	0.109397
363	0.010082	0.0312343	0.110806	0	0.0100161	0.0298213	0.111048
364	0.010082	0.0311488	0.110806	0	0.0100161	0.0295168	0.109035
365	0.010082	0.0304331	0.100633	0	0.0100161	0.0298025	0.109035
366	0.0103062	0.0301414	0.0990398	0	0.0100161	0.0301114	0.113293
367	0.0103062	0.0300392	0.0985502	0	0.0100243	0.0307882	0.122523
368	0.0103062	0.0302644	0.100633	0.00149925	0.0100243	0.0308694	0.126351
369	0.0103242	0.0298617	0.0985502	0	0.0100243	0.0302855	0.122523
370	0.0103062	0.0295062	0.0980673	0	0.0100243	0.0305045	0.122523
371	0.0103062	0.029332	0.0980673	0	0.0100243	0.0305473	0.122523
372	0.0103062	0.0295021	0.0985208	0	0.0100243	0.0308357	0.122523
373	0.0103062	0.029703	0.0985208	0	0.0100243	0.0309322	0.126
374	0.0103062	0.0296528	0.0980673	0	0.0100243	0.0310627	0.126351
375	0.0103062	0.0303628	0.102369	0	0.0100243	0.0313163	0.126351
376	0.0100136	0.0302165	0.0985208	0	0.0100243	0.0311933	0.126
377	0.0100136	0.030503	0.101661	0	0.0100243	0.0325794	0.148341
378	0.0100136	0.0302953	0.101661	0	0.0100243	0.0340724	0.172891
379	0.0100136	0.0309585	0.105575	0	0.0100243	0.0386528	0.328631
380	0.0100136	0.0315052	0.113932	0	0.0100243	0.0813827	29.7353
381	0.0100136	0.0319291	0.115736	0	0.0100243	0.169269	49.995
382	0.0100136	0.0327771	0.122989	0.00149925
