		omega		Posterior		rho				Synonymous theta			kappa			phi	
Site	Lower	Point	Higher	prob of +ve	Lower	Point	Higher		Lower	Point	Higher	Lower	Point	Higher	Lower	Point	Higher
	95% HPD	estimate	95% HPD	selection	95% HPD	estimate	95% HPD		95% HPD	estimate	95% HPD	95% HPD	estimate	95% HPD	95% HPD	estimate	95% HPD
0	0.0100215	0.0340265	0.241743	0.0029985	0.0100774	0.171973	12.7867		0.0594627	0.0768379	0.0960139	3.00797	5.315	11.0863	0	0	0
1	0.0100215	0.0326906	0.226634	0.0029985	0.0101408	0.156528	14.3008
2	0.0100215	0.0315612	0.197317	0.0029985	0.0100774	0.143852	12.7867
3	0.0100215	0.0303934	0.161376	0.00149925	0.0101408	0.129663	12.7229
4	0.0100215	0.0298184	0.143102	0	0.0100774	0.113066	9.17724
5	0.0100215	0.0292749	0.138081	0	0.0100774	0.102074	5.82406
6	0.0100215	0.0284995	0.12645	0	0.0100774	0.0932586	4.99563
7	0.0100215	0.028495	0.125346	0.00149925	0.0100774	0.0860637	4.26724
8	0.0100215	0.0281312	0.125346	0.00149925	0.0100774	0.0865216	5.11733
9	0.0100321	0.0283684	0.12997	0.00149925	0.0100774	0.0802542	2.29025
10	0.0100215	0.0279529	0.125346	0.00149925	0.0100774	0.0748932	1.6776
11	0.0100069	0.0276096	0.120986	0.00149925	0.0100774	0.0638507	1.02257
12	0.0100069	0.0274516	0.120986	0	0.0100774	0.0585637	0.703236
13	0.0100069	0.0267775	0.115755	0.00149925	0.0100774	0.0552614	0.666284
14	0.0100215	0.0265118	0.115755	0	0.0100942	0.0539091	0.641591
15	0.0100321	0.0266219	0.120986	0	0.0100774	0.055156	0.662338
16	0.0100069	0.0260798	0.109453	0	0.0100774	0.0542021	0.641591
17	0.0100069	0.0256585	0.102773	0	0.0100774	0.0528857	0.631284
18	0.0100069	0.0253367	0.0976878	0	0.0100774	0.0522577	0.631284
19	0.0100215	0.0252233	0.0976878	0	0.0101408	0.0555575	0.809813
20	0.0100069	0.0253509	0.099529	0	0.0100774	0.0560125	0.883943
21	0.0100069	0.0253061	0.0976878	0	0.0100774	0.0569391	0.996343
22	0.0100069	0.0250532	0.0976878	0	0.0100774	0.0587592	1.09772
23	0.0100069	0.0249331	0.0976878	0	0.0100774	0.058757	1.2845
24	0.0100069	0.0247805	0.0976878	0	0.0100774	0.0572782	1.54034
25	0.0100069	0.0248095	0.0955945	0	0.0100774	0.0562443	1.54034
26	0.0100069	0.0248144	0.0948555	0	0.0100774	0.0538715	1.09772
27	0.0100069	0.0244229	0.0901686	0	0.0100942	0.054583	1.82476
28	0.0100069	0.0245263	0.0955945	0	0.0100774	0.0523563	0.991606
29	0.0100069	0.0248422	0.101217	0.00149925	0.0100384	0.0486182	0.783675
30	0.0100141	0.0246339	0.0995919	0.0029985	0.0100384	0.0474502	0.783675
31	0.0100069	0.0237926	0.0889238	0.00149925	0.0100774	0.0438121	0.514778
32	0.0100069	0.0234646	0.0879727	0	0.0100384	0.0422675	0.423475
33	0.0100069	0.0233748	0.0859822	0	0.0100384	0.0426633	0.423475
34	0.0100069	0.023627	0.0901686	0.0029985	0.0100774	0.0433452	0.423475
35	0.0100069	0.0233615	0.0905718	0	0.0100774	0.042501	0.379049
36	0.0100069	0.0232224	0.0905718	0	0.0100774	0.0420674	0.334232
37	0.0100069	0.0230755	0.0901686	0	0.0100774	0.0429107	0.355083
38	0.0100069	0.0230664	0.0901686	0	0.0100774	0.0431663	0.334232
39	0.0100069	0.0231434	0.0889238	0	0.0100774	0.0462223	0.396222
40	0.0100069	0.0232174	0.0889238	0	0.0100774	0.0480456	0.530873
41	0.0100069	0.0234065	0.0906471	0	0.0100774	0.0478475	0.433232
42	0.0100069	0.023487	0.0901686	0	0.0100774	0.047574	0.422891
43	0.0100069	0.0232666	0.0889238	0	0.0100774	0.0437521	0.305521
44	0.0100069	0.0229941	0.0850781	0	0.0100774	0.0428901	0.284965
45	0.0100069	0.0231941	0.0906471	0	0.0100774	0.0418882	0.273746
46	0.0100069	0.0229706	0.0901686	0	0.0101055	0.0402391	0.240863
47	0.0100069	0.0227746	0.0850781	0	0.0100774	0.0401555	0.228373
48	0.0100069	0.0231123	0.0901686	0	0.0100774	0.03986	0.228373
49	0.0100069	0.0230818	0.0889238	0	0.0100774	0.0400076	0.240863
50	0.0100069	0.0228465	0.087531	0	0.0100774	0.0405604	0.273746
51	0.0100069	0.0229721	0.0901686	0	0.0100774	0.0400242	0.271603
52	0.0100069	0.0230287	0.0906471	0	0.0100774	0.0403411	0.261426
53	0.0100069	0.0231916	0.0916932	0	0.0100774	0.0389113	0.237081
54	0.0100069	0.023186	0.0929004	0	0.0100774	0.0385705	0.234509
55	0.0100069	0.0231584	0.0932261	0	0.0100774	0.0380493	0.228373
56	0.0100141	0.0227194	0.0929004	0	0.0100774	0.0378372	0.228373
57	0.0100069	0.0223963	0.087531	0	0.0100774	0.037133	0.226069
58	0.0100069	0.0221858	0.0813063	0	0.0100774	0.0378188	0.228373
59	0.0100069	0.0223071	0.0835955	0	0.0100774	0.0381104	0.228373
60	0.0100069	0.0226921	0.0852189	0	0.0100774	0.0380934	0.234509
61	0.0100069	0.0226636	0.0813063	0	0.0100774	0.0386961	0.237081
62	0.0100069	0.0226095	0.0820526	0	0.0100774	0.0382399	0.222347
63	0.0100069	0.0224612	0.0813063	0	0.0100774	0.0380784	0.216203
64	0.0100069	0.0223679	0.0804896	0	0.0100774	0.0380125	0.216203
65	0.0100069	0.0223678	0.0804896	0	0.0100774	0.038556	0.217639
66	0.0100069	0.0227969	0.0835955	0.00149925	0.0100774	0.0391437	0.226069
67	0.0100069	0.0226793	0.0820526	0.00149925	0.0100774	0.0395699	0.226069
68	0.0100069	0.0228289	0.0835955	0.00149925	0.0101055	0.0391711	0.216203
69	0.0100069	0.0229864	0.0812548	0.0029985	0.0100774	0.0390993	0.200261
70	0.0100069	0.0226969	0.0804896	0	0.0100774	0.038287	0.186881
71	0.0100069	0.0226243	0.0776779	0	0.0100774	0.0386765	0.196912
72	0.0100069	0.0228389	0.0804896	0	0.0100774	0.0373393	0.177425
73	0.0100069	0.0228676	0.0812548	0	0.0100774	0.0369066	0.206921
74	0.0100069	0.0228338	0.077795	0	0.0100774	0.036583	0.172691
75	0.0100069	0.0230109	0.0812548	0.00149925	0.0100774	0.0367368	0.17925
76	0.0100069	0.0233031	0.083986	0.00149925	0.0101055	0.036448	0.171937
77	0.0100069	0.0226745	0.077139	0	0.0101055	0.0361037	0.169368
78	0.0100069	0.0226853	0.0780935	0	0.0101055	0.0364622	0.169368
79	0.0100069	0.0224382	0.077795	0	0.0101507	0.0364102	0.17146
80	0.0100069	0.0226241	0.0835955	0	0.0101055	0.0365267	0.169368
81	0.0100141	0.0227331	0.083986	0	0.0101248	0.036798	0.17146
82	0.0100069	0.0223185	0.077795	0	0.0101055	0.0371867	0.17146
83	0.0100069	0.0223973	0.0820526	0	0.0101055	0.0369852	0.165061
84	0.0100069	0.0222027	0.077795	0	0.0101248	0.0379751	0.17146
85	0.0100069	0.0221725	0.0776779	0	0.0101055	0.0389157	0.17146
86	0.0100069	0.0223886	0.0820526	0	0.0102348	0.0435394	0.237081
87	0.0100069	0.022404	0.0835955	0	0.0101055	0.0454637	0.25086
88	0.0100069	0.0225073	0.0835955	0	0.0101055	0.0416911	0.206008
89	0.0100141	0.022559	0.083986	0	0.0101055	0.0403063	0.182058
90	0.0100141	0.022592	0.083986	0	0.0101055	0.0402959	0.177317
91	0.0100069	0.0226401	0.0864146	0	0.0101055	0.0399774	0.17202
92	0.0100069	0.0224704	0.0844968	0	0.0101055	0.0391212	0.154659
93	0.0100069	0.0224514	0.083986	0	0.0101248	0.0382281	0.147236
94	0.0100141	0.0224664	0.083986	0	0.0104036	0.0377686	0.147236
95	0.0100069	0.0227702	0.087531	0	0.0104036	0.0374858	0.147236
96	0.0100069	0.0228639	0.087531	0	0.0101055	0.0368702	0.129954
97	0.0100069	0.0227657	0.087531	0	0.0101055	0.0365494	0.129954
98	0.0100069	0.0228162	0.0884221	0	0.0101055	0.0364364	0.127089
99	0.0100069	0.0229303	0.0931055	0.00149925	0.0101055	0.0362877	0.124465
100	0.0100069	0.0226802	0.0893021	0	0.0101055	0.0361142	0.125692
101	0.0100069	0.0225948	0.0865751	0	0.0101055	0.0363297	0.125692
102	0.0100007	0.0228482	0.0884221	0	0.0101055	0.0361645	0.124465
103	0.0100007	0.0227715	0.0893021	0	0.0101055	0.0363904	0.127089
104	0.0100007	0.0224687	0.0844968	0	0.0101055	0.0365658	0.128448
105	0.0100007	0.0223664	0.0865751	0	0.0101055	0.0369569	0.128448
106	0.0100007	0.0218455	0.0781459	0	0.0101055	0.0369335	0.125692
107	0.0100007	0.0220599	0.0781459	0.00149925	0.0101055	0.037642	0.127089
108	0.0100007	0.0220126	0.0781459	0	0.0101055	0.0377956	0.130523
109	0.0100069	0.0219996	0.083986	0	0.0101055	0.0376525	0.13421
110	0.0100007	0.0223372	0.0844968	0.0029985	0.0100225	0.0377414	0.127089
111	0.0100069	0.0220206	0.083986	0	0.0100225	0.03787	0.128448
112	0.0100069	0.0221405	0.083986	0	0.0101055	0.0382179	0.130523
113	0.0100007	0.0219129	0.0765646	0	0.0100225	0.037947	0.127089
114	0.0100007	0.0216478	0.0759243	0	0.0100225	0.0384284	0.128448
115	0.0100007	0.0214992	0.0759243	0	0.0101055	0.0384887	0.130523
116	0.0100007	0.0214821	0.0759243	0	0.0100225	0.0386461	0.130523
117	0.0100007	0.0211633	0.0729572	0	0.0100225	0.0397573	0.147236
118	0.0100007	0.0210076	0.0716264	0	0.0100225	0.0400906	0.152133
119	0.0100007	0.0210291	0.0729572	0	0.0100225	0.0401216	0.165061
120	0.0100007	0.0209722	0.0716264	0	0.0101055	0.0396429	0.147236
121	0.0100007	0.0208426	0.068863	0	0.0101055	0.0388014	0.130523
122	0.0100007	0.0212111	0.0759243	0	0.0101055	0.0378227	0.121234
123	0.0100007	0.0213037	0.0762807	0	0.0101055	0.0379913	0.121234
124	0.0100007	0.0213511	0.0762807	0	0.0101248	0.0377915	0.1237
125	0.0100007	0.0215069	0.0781459	0	0.0101055	0.038235	0.129885
126	0.0100007	0.0214279	0.0765646	0	0.0100805	0.038328	0.130523
127	0.0100007	0.0214642	0.0756057	0	0.0100805	0.0375227	0.123579
128	0.0100007	0.0212313	0.0738221	0	0.0100805	0.0365863	0.113558
129	0.0100007	0.02118	0.0756057	0	0.0100805	0.0370616	0.114432
130	0.0100007	0.0209127	0.0729572	0	0.0100805	0.0372991	0.113689
131	0.0100007	0.0209061	0.0711052	0	0.0100805	0.0374954	0.114432
132	0.0100007	0.0209555	0.0693698	0	0.0100805	0.0375073	0.116135
133	0.0100007	0.0211942	0.0693698	0	0.0100805	0.0376941	0.123191
134	0.0100007	0.0213099	0.070847	0	0.0100805	0.0377762	0.12362
135	0.0100007	0.0213299	0.0709056	0	0.0100805	0.0376457	0.12362
136	0.0100007	0.0212359	0.070847	0	0.0100805	0.037513	0.12362
137	0.0100007	0.0214839	0.0756057	0	0.0100805	0.0376654	0.125299
138	0.0100007	0.021375	0.0711052	0	0.0100805	0.0388978	0.135228
139	0.0100007	0.0213984	0.0729572	0	0.0100805	0.0400148	0.147236
140	0.0100007	0.0214619	0.0729572	0	0.0100805	0.0406662	0.146303
141	0.0100007	0.0216358	0.0759243	0	0.0100805	0.0422108	0.179323
142	0.0100007	0.0215161	0.0756057	0	0.0100746	0.0432006	0.192635
143	0.0100007	0.0215895	0.0738221	0	0.0100746	0.0444573	0.205932
144	0.0100007	0.0218158	0.0756057	0	0.0101055	0.0467737	0.216342
145	0.0100007	0.0217341	0.0750555	0	0.0100746	0.0472637	0.23734
146	0.0100007	0.0216103	0.0711052	0	0.0102461	0.0498008	0.255391
147	0.0100353	0.0214377	0.0711052	0	0.0103881	0.050017	0.255391
148	0.0100353	0.0213736	0.0704322	0	0.0101055	0.0488728	0.231725
149	0.0100353	0.0213427	0.0704322	0	0.0102079	0.0485698	0.231725
150	0.0100353	0.0213617	0.0709056	0	0.0103881	0.0479292	0.220077
151	0.0101073	0.0213684	0.0709056	0	0.0108223	0.047433	0.22076
152	0.0101073	0.021454	0.0711052	0	0.0109999	0.0458883	0.216342
153	0.0101073	0.0213998	0.0709056	0	0.0109999	0.0451942	0.216342
154	0.0101073	0.021424	0.0709056	0	0.0102079	0.0439642	0.16298
155	0.0100353	0.0216282	0.0711052	0	0.010148	0.0427282	0.151764
156	0.0100353	0.0218293	0.0752755	0	0.010148	0.0423595	0.151764
157	0.0100033	0.0221099	0.0767248	0	0.0103624	0.0414852	0.148479
158	0.0100353	0.0222423	0.0781459	0	0.0103624	0.0412523	0.150606
159	0.0100353	0.0221891	0.0781459	0	0.0101401	0.0417402	0.151028
160	0.0100353	0.0222024	0.0782119	0	0.0103624	0.0412137	0.151028
161	0.0100033	0.0223418	0.0865589	0	0.010298	0.0405457	0.147537
162	0.0100033	0.0224275	0.0885753	0	0.010298	0.0408861	0.149302
163	0.0100033	0.0224507	0.0885753	0	0.010298	0.0400985	0.144977
164	0.0100033	0.02244	0.0847531	0.00149925	0.010122	0.0399759	0.140146
165	0.0100033	0.0224659	0.0847531	0.00149925	0.010148	0.0401263	0.143933
166	0.0100033	0.0222901	0.0833958	0.00149925	0.010298	0.0402562	0.149302
167	0.0100033	0.0221481	0.0829392	0.00149925	0.010122	0.0399575	0.140146
168	0.0100033	0.0219227	0.0817512	0	0.010122	0.0395856	0.129289
169	0.0100033	0.0219425	0.0817512	0	0.010122	0.0392011	0.127122
170	0.0100033	0.0218402	0.0782119	0	0.010122	0.0388251	0.127483
171	0.0100353	0.0215666	0.0781459	0	0.0103881	0.0374112	0.126194
172	0.0100353	0.0216515	0.0782119	0	0.0107606	0.0370419	0.127483
173	0.0100033	0.0215399	0.0782119	0	0.010122	0.0357925	0.117151
174	0.0100033	0.0219398	0.0847531	0	0.010122	0.0360012	0.117151
175	0.0100353	0.0216698	0.0818003	0	0.0104496	0.0356564	0.117919
176	0.0100033	0.0217003	0.0798121	0	0.0100013	0.0357545	0.115421
177	0.0100033	0.0215589	0.0774508	0	0.010122	0.0354506	0.116135
178	0.0100033	0.0216246	0.0781459	0	0.010122	0.0350133	0.116135
179	0.0100033	0.0215447	0.0781459	0	0.010148	0.0347697	0.115421
180	0.0100033	0.0218792	0.0847531	0	0.010122	0.0351514	0.116135
181	0.0100033	0.0219991	0.0798121	0.00149925	0.0100013	0.0360195	0.119416
182	0.0100033	0.0223483	0.0847531	0.0029985	0.0100453	0.0352923	0.116506
183	0.0100033	0.0221278	0.0817512	0	0.0100453	0.0356164	0.116506
184	0.0100033	0.0220398	0.0817512	0	0.0100453	0.0356663	0.115421
185	0.0100033	0.0219205	0.0781459	0	0.0102079	0.0357368	0.117151
186	0.0100033	0.0217058	0.0759243	0	0.0104496	0.0350074	0.116135
187	0.0100033	0.0218875	0.0774508	0.00149925	0.0100453	0.0352327	0.115421
188	0.0100353	0.0215175	0.0755056	0	0.0100453	0.0350983	0.115421
189	0.0100353	0.0216555	0.0767248	0	0.0100013	0.035337	0.116506
190	0.0100353	0.0216742	0.0774508	0	0.0100453	0.035742	0.123666
191	0.0100353	0.0216176	0.0781459	0	0.0100013	0.0361033	0.125579
192	0.0100353	0.0215731	0.0767248	0	0.0100013	0.0365821	0.127694
193	0.0100353	0.0217618	0.0767248	0.00149925	0.0102079	0.0375901	0.148479
194	0.0100353	0.0219181	0.0774508	0	0.0100453	0.0384387	0.15687
195	0.0100353	0.0220893	0.088621	0	0.0100453	0.0386827	0.15687
196	0.0100353	0.021989	0.0809763	0	0.0100453	0.039497	0.161494
197	0.0100353	0.0220589	0.0865589	0	0.0100453	0.0406149	0.167908
198	0.0100353	0.0220273	0.088621	0	0.0100453	0.0414149	0.169929
199	0.0100201	0.0219142	0.0790927	0	0.0105476	0.0415546	0.183035
200	0.0100201	0.0216689	0.0767248	0	0.0100453	0.042197	0.179782
201	0.0100201	0.0217465	0.0767248	0	0.0102079	0.0437591	0.215662
202	0.0100201	0.0215987	0.0755056	0	0.0100453	0.0458547	0.255261
203	0.0100201	0.021614	0.0764254	0	0.0100453	0.0477732	0.258139
204	0.0100201	0.0217928	0.0767248	0	0.0102079	0.047725	0.258139
205	0.0100201	0.0216172	0.0750555	0	0.0100453	0.0489387	0.255261
206	0.0100201	0.0216259	0.0732475	0	0.0100453	0.0486216	0.238688
207	0.0100201	0.0217133	0.0750555	0	0.0100453	0.0486361	0.238688
208	0.0100353	0.0213528	0.0715858	0	0.0101422	0.049958	0.238688
209	0.0100201	0.0214814	0.0732475	0	0.0101422	0.0508424	0.247804
210	0.0100201	0.0214515	0.0715858	0	0.0101422	0.0520843	0.270033
211	0.0100353	0.0213314	0.0715858	0	0.010717	0.0536493	0.301008
212	0.0100353	0.0215588	0.0715858	0	0.010746	0.0544435	0.305554
213	0.0100353	0.0214506	0.0715858	0	0.010717	0.0557625	0.313314
214	0.0100201	0.0215562	0.0710392	0	0.010717	0.0579382	0.329024
215	0.0100201	0.0217971	0.0755056	0	0.010717	0.0597811	0.342539
216	0.0100201	0.0216121	0.0755056	0	0.010717	0.0631242	0.336269
217	0.0100201	0.0214022	0.0734891	0	0.010717	0.0680904	0.366344
218	0.0100201	0.0215231	0.0755056	0.00149925	0.0115291	0.0681378	0.378943
219	0.0100201	0.0215669	0.0767248	0.00149925	0.010717	0.0705386	0.363525
220	0.0100201	0.0214173	0.0764254	0	0.010746	0.071667	0.357578
221	0.0100201	0.0214512	0.077939	0	0.010717	0.0767001	0.365049
222	0.0100041	0.0214916	0.0764254	0	0.010717	0.0834197	0.389856
223	0.0100041	0.0213315	0.0705361	0	0.0136089	0.0858571	0.471421
224	0.0100201	0.0213961	0.0704048	0	0.0150147	0.0911366	0.52451
225	0.0100201	0.0214169	0.0704048	0.0029985	0.0146599	0.0963132	0.53344
226	0.0100201	0.0208297	0.0666037	0	0.0143192	0.106476	0.572182
227	0.0100201	0.020768	0.0660767	0	0.0158602	0.117301	0.683212
228	0.0100353	0.0208769	0.0660767	0	0.0173664	0.120009	0.683212
229	0.0100201	0.021117	0.0663037	0	0.0173664	0.128525	0.664502
230	0.0100201	0.021385	0.069709	0	0.0175204	0.139032	0.683212
231	0.0100353	0.0215295	0.0704048	0	0.0186705	0.151599	0.699854
232	0.0100201	0.0213576	0.0662558	0	0.0255665	0.163303	0.955701
233	0.0100201	0.0213333	0.0666037	0	0.0263473	0.173307	0.992092
234	0.0100201	0.0214238	0.0667765	0	0.0255665	0.172241	0.985722
235	0.0100201	0.0212578	0.0666037	0	0.0255665	0.173707	0.970381
236	0.0100201	0.0210274	0.0660767	0	0.0254091	0.178913	0.985722
237	0.0100201	0.0212988	0.0666037	0	0.0250546	0.18911	0.955701
238	0.0100201	0.0212899	0.0660767	0	0.0254091	0.197396	1.00871
239	0.0100353	0.0211345	0.0660767	0	0.0258671	0.215279	1.04213
240	0.0100201	0.0211633	0.0662558	0	0.0347323	0.224677	1.48547
241	0.0100353	0.0209833	0.0660767	0	0.0194684	0.22963	1.04213
242	0.0100201	0.0211116	0.0660767	0	0.0448231	0.232187	1.95791
243	0.0100201	0.0211725	0.0661525	0	0.0403194	0.222074	1.62236
244	0.0100201	0.0212819	0.0661525	0	0.0403194	0.219145	1.62236
245	0.0100201	0.021413	0.0666037	0	0.0403194	0.214677	1.42638
246	0.0100201	0.0214648	0.0666037	0	0.0373333	0.209439	1.24114
247	0.0100201	0.0215222	0.0662558	0	0.0416432	0.215091	1.4789
248	0.0100201	0.021485	0.0666037	0	0.0214572	0.254648	1.4789
249	0.0100201	0.0215581	0.0666037	0	0.0155509	0.282371	3.62526
250	0.0100201	0.0217145	0.0686127	0	0.0116334	0.306889	8.63562
251	0.0100201	0.0216218	0.0662869	0	0.0155509	0.314104	16.2516
252	0.0100201	0.0220294	0.0708992	0	0.0243063	0.332917	24.4522
253	0.0100201	0.0220788	0.0743138	0	0.0215812	0.337817	21.884
254	0.0100201	0.0221415	0.0764075	0	0.0279595	0.357759	39.4181
255	0.0100201	0.0219243	0.0775691	0	0.0299381	0.388599	60.7759
256	0.0100201	0.022391	0.0865589	0	0.0305742	0.440713	64.9458
257	0.0100201	0.0227092	0.0866926	0	0.0299381	0.48695	68.7539
258	0.0100201	0.0228484	0.0880353	0	0.027545	0.484984	64.182
259	0.0100201	0.0228044	0.0826149	0	0.027545	0.488545	64.9458
260	0.0100201	0.0228362	0.0826149	0	0.0253388	0.499941	72.1753
261	0.0100201	0.0231498	0.0826149	0	0.0253394	0.527405	71.6885
262	0.0100192	0.0231499	0.0819129	0	0.0269685	0.563752	71.6885
263	0.0100192	0.0231761	0.0819129	0	0.0272375	0.62088	72.1753
264	0.0100192	0.0236899	0.0865589	0	0.024432	0.633266	72.1753
265	0.0100192	0.0236048	0.0790158	0	0.0226778	0.653003	72.1753
266	0.0100192	0.0236919	0.0826149	0	0.0195667	0.611915	71.6885
267	0.0100192	0.0235887	0.0796112	0	0.0195667	0.606427	71.6885
268	0.0100192	0.0238021	0.0865589	0	0.0195667	0.597145	71.6885
269	0.0100192	0.023617	0.0827289	0	0.0195667	0.606168	85.7276
270	0.0100192	0.0240119	0.0908351	0	0.0158204	0.604501	72.1753
271	0.0100192	0.0241515	0.0992089	0	0.0215614	0.651065	99.8452
272	0.0100192	0.0241918	0.100468	0	0.0195667	0.653675	95.0232
273	0.0100192	0.024103	0.0993825	0	0.0195667	0.640663	99.8452
274	0.0100192	0.0241552	0.0993825	0	0.0167313	0.652067	93.6584
275	0.0100192	0.0242535	0.100205	0.00149925	0.016701	0.679375	92.5384
276	0.0100192	0.0245217	0.101743	0.00149925	0.016701	0.701853	95.0232
277	0.0100192	0.0246351	0.101743	0.0029985	0.0167313	0.727933	99.7876
278	0.0100192	0.0247789	0.101743	0.0029985	0.0166353	0.785492	96.7454
279	0.0100192	0.024982	0.106633	0.00149925	0.0160173	0.742148	98.2598
280	0.0100192	0.0252779	0.114486	0.0029985	0.0166353	0.818088	96.9945
281	0.0100192	0.0252355	0.114096	0.00149925	0.0175015	0.967485	99.694
282	0.0100192	0.0256453	0.116986	0.00149925	0.0175015	1.07761	99.694
283	0.0100192	0.0257595	0.113166	0.00149925	0.0176651	1.27913	99.694
284	0.0100192	0.0258992	0.111821	0.0029985	0.0177183	1.41639	99.694
285	0.0100192	0.0257186	0.106633	0	0.0159708	1.39723	99.694
286	0.0100192	0.0258616	0.11071	0	0.0155103	1.39379	99.694
287	0.0100192	0.0260197	0.106633	0	0.015378	1.34018	99.694
288	0.0100192	0.0261857	0.11071	0	0.0151151	1.32472	99.694
289	0.0100192	0.0265051	0.114096	0.00149925	0.0148851	1.29413	92.5384
290	0.0100192	0.0268783	0.114403	0	0.0166353	1.33375	92.5384
291	0.0100192	0.0271006	0.114096	0	0.0175015	1.36749	92.5384
292	0.0100192	0.0271348	0.112575	0	0.0175015	1.33268	92.5384
293	0.0100192	0.0273901	0.11337	0	0.0169254	1.28714	91.1864
294	0.0100192	0.0282052	0.119266	0	0.0148901	1.20854	91.1864
295	0.0100192	0.029566	0.137518	0.00149925	0.0158392	1.18864	98.2598
296	0.0100192	0.0298868	0.153682	0.00149925	0.0155103	1.16524	98.2598
297	0.0100192	0.0319928	0.201178	0.00149925	0.0146203	1.06646	92.5384
298	0.0100192	0.032547	0.201178	0.00449775	0.0135781	0.962793	88.9206
299	0.0100192	0.0340428	0.264432	0.011994
