		omega		Posterior		rho				Synonymous theta			kappa			phi	
Site	Lower	Point	Higher	prob of +ve	Lower	Point	Higher		Lower	Point	Higher	Lower	Point	Higher	Lower	Point	Higher
	95% HPD	estimate	95% HPD	selection	95% HPD	estimate	95% HPD		95% HPD	estimate	95% HPD	95% HPD	estimate	95% HPD	95% HPD	estimate	95% HPD
0	0.0101724	0.0478663	0.377386	0.0089955	0.0103442	0.395984	30.0275		0.0313654	0.0452116	0.0672881	3.86689	10.1579	24.5145	0	0	0
1	0.0100186	0.045082	0.326094	0.0029985	0.0103096	0.387273	29.324
2	0.0100186	0.0452768	0.324312	0.00449775	0.0103442	0.3588	29.0396
3	0.0102447	0.0442211	0.307999	0.0029985	0.0103096	0.322995	26.1081
4	0.010064	0.0427229	0.274044	0.0029985	0.0103096	0.298177	22.3971
5	0.0102447	0.0419643	0.274044	0.0029985	0.0103096	0.257056	19.0705
6	0.0101724	0.0411978	0.266344	0.00149925	0.0102375	0.247013	19.0705
7	0.0100186	0.0401843	0.240789	0.00149925	0.0102375	0.224672	19.0705
8	0.0100186	0.0400695	0.234654	0	0.0102375	0.21599	20.3121
9	0.0100186	0.0391	0.227748	0.00149925	0.0102375	0.210213	23.9936
10	0.0100186	0.0385043	0.227458	0.00149925	0.0102375	0.209148	26.2423
11	0.0100186	0.0378467	0.207509	0	0.0102371	0.178619	20.9889
12	0.0100186	0.0380592	0.212093	0	0.0102371	0.175061	23.9936
13	0.0100186	0.0378239	0.208915	0	0.0102371	0.160225	26.2875
14	0.0100186	0.0384666	0.219006	0	0.0102375	0.149099	24.8379
15	0.0103015	0.0392573	0.241202	0.0029985	0.0100279	0.148916	34.2866
16	0.0100186	0.0387656	0.212093	0	0.01016	0.140116	36.174
17	0.0100186	0.0392087	0.227458	0	0.0100279	0.137965	39.5938
18	0.0102447	0.0395255	0.236219	0	0.0102371	0.123134	36.174
19	0.0100186	0.0391772	0.212093	0	0.0100279	0.112552	23.9936
20	0.0100186	0.0393806	0.208915	0	0.01016	0.109704	18.9208
21	0.0100186	0.0396261	0.207509	0.00149925	0.01016	0.1111	19.0019
22	0.0102447	0.0389878	0.208915	0	0.0100886	0.102567	14.2785
23	0.0102447	0.0392379	0.208915	0	0.0100279	0.104583	14.4202
24	0.0100186	0.0398617	0.205344	0.00149925	0.0100279	0.105514	16.5072
25	0.010064	0.0400762	0.212093	0.00149925	0.0100279	0.100189	14.2785
26	0.0100186	0.0402362	0.208915	0.0029985	0.0100279	0.0954584	13.9004
27	0.0102447	0.039994	0.212093	0.0029985	0.0100279	0.0927723	11.8095
28	0.0102447	0.0397939	0.207509	0.00149925	0.0100279	0.086686	9.55398
29	0.0100186	0.0401845	0.205344	0.0029985	0.0100279	0.0755463	4.31165
30	0.0100565	0.0400239	0.204568	0.00149925	0.0100279	0.072811	3.10063
31	0.0100186	0.0401786	0.205344	0	0.0100279	0.075765	3.10063
32	0.0100144	0.0406524	0.208915	0	0.0100279	0.0721352	2.32133
33	0.0100144	0.0408228	0.208915	0.00149925	0.0100886	0.0745846	3.10063
34	0.0100144	0.0420113	0.220449	0.00449775	0.0101067	0.073588	3.10063
35	0.0100144	0.0411628	0.208915	0	0.0101067	0.0749016	3.08927
36	0.0100106	0.0411308	0.208915	0	0.0100279	0.0737763	3.00121
37	0.0100106	0.0418754	0.220449	0.00149925	0.0100279	0.0727828	2.82641
38	0.0100106	0.0418186	0.220449	0	0.0100279	0.0736306	2.32133
39	0.0100106	0.0428155	0.233662	0.00149925	0.0100279	0.0742795	2.69922
40	0.0100106	0.0429907	0.238985	0.00149925	0.0100279	0.0718914	2.32133
41	0.0100106	0.0439015	0.2436	0.0029985	0.0100279	0.0713973	2.32133
42	0.0100106	0.0438801	0.239138	0.0029985	0.0100279	0.0710879	2.51216
43	0.0100144	0.0449503	0.253939	0.00449775	0.0100279	0.0674912	1.57084
44	0.0100106	0.045151	0.259132	0.00449775	0.0101067	0.0619103	0.913915
45	0.0100106	0.0466076	0.265867	0.005997	0.0100279	0.0536758	0.651005
46	0.0100106	0.0470329	0.273777	0.00449775	0.0100279	0.0511619	0.38376
47	0.0100106	0.0479996	0.283073	0.0029985	0.0100279	0.0494347	0.329205
48	0.0100106	0.0491036	0.297449	0.00449775	0.0100279	0.0484176	0.289438
49	0.0100106	0.0503617	0.298748	0.00449775	0.0101067	0.0476391	0.284135
50	0.0100106	0.0521988	0.306777	0.005997	0.0100729	0.0457639	0.234145
51	0.0100106	0.0539405	0.347855	0.005997	0.0100729	0.0450178	0.222043
52	0.0100106	0.0545854	0.347855	0.005997	0.0100729	0.0457798	0.250279
53	0.0100106	0.0561831	0.364267	0.00749625	0.0100729	0.0448582	0.245026
54	0.0100106	0.0583005	0.381866	0.0104948	0.0100729	0.0434625	0.219586
55	0.0100144	0.0598593	0.401283	0.0104948	0.0100729	0.0428996	0.197533
56	0.0100106	0.0613623	0.434104	0.0149925	0.0100729	0.0430602	0.208333
57	0.0100106	0.0657441	0.591098	0.0254873	0.0100729	0.0425033	0.219586
58	0.0100106	0.0807545	1.38428	0.0584708	0.0100729	0.0421461	0.208333
59	0.0100106	0.068836	0.627947	0.029985	0.0100729	0.042375	0.223598
60	0.0100106	0.0630548	0.551078	0.0194903	0.0100714	0.0422977	0.208333
61	0.0100106	0.0593899	0.450832	0.0149925	0.010034	0.0422115	0.199022
62	0.0100106	0.0544516	0.381866	0.011994	0.010034	0.0419125	0.197533
63	0.0100106	0.0502154	0.345048	0.00749625	0.010034	0.0403667	0.180698
64	0.0100106	0.0476313	0.310932	0.00449775	0.010034	0.0402608	0.180698
65	0.0100106	0.0458509	0.298748	0.00449775	0.010034	0.03992	0.176833
66	0.0100106	0.0445292	0.270465	0.00449775	0.0101144	0.0398059	0.179231
67	0.0100106	0.043658	0.262476	0.0029985	0.010034	0.039388	0.179231
68	0.0100106	0.0428954	0.262476	0.005997	0.0102937	0.0386933	0.180698
69	0.0100106	0.0410651	0.252015	0	0.0102937	0.0378565	0.176833
70	0.0100106	0.0399821	0.236058	0	0.0101144	0.0367929	0.170588
71	0.0100106	0.0394287	0.229573	0	0.010034	0.0361096	0.166871
72	0.0100106	0.0383532	0.217527	0	0.0101144	0.0358901	0.164478
73	0.0100106	0.0386995	0.221087	0.0029985	0.0101144	0.0353527	0.154804
74	0.0100106	0.0374643	0.205347	0.00149925	0.010034	0.0348374	0.144749
75	0.0100106	0.0366265	0.205347	0	0.0102937	0.034794	0.144749
76	0.0100106	0.0360615	0.201148	0	0.010342	0.0348674	0.144749
77	0.0100106	0.0362494	0.205347	0	0.0102937	0.0344615	0.142349
78	0.0100161	0.0357259	0.205347	0	0.0102937	0.0341488	0.141976
79	0.0100161	0.0356739	0.205347	0	0.010034	0.0340816	0.134373
80	0.0100161	0.0354558	0.205347	0	0.0101144	0.0332161	0.131349
81	0.0100161	0.035412	0.205347	0	0.010034	0.0329683	0.129908
82	0.0100161	0.03488	0.203502	0	0.010034	0.03281	0.126843
83	0.0100161	0.0349946	0.201148	0	0.0100587	0.0331739	0.12808
84	0.0100161	0.0344938	0.201148	0	0.0100587	0.0331163	0.12808
85	0.0100161	0.0345855	0.195599	0	0.0103144	0.0329595	0.129299
86	0.0100161	0.0341087	0.193353	0	0.010034	0.0328061	0.121965
87	0.0100161	0.0336571	0.192644	0	0.0103144	0.0329067	0.129299
88	0.0100161	0.0335108	0.192644	0	0.0103144	0.0327686	0.129299
89	0.0100161	0.0327514	0.163255	0.00149925	0.010034	0.0335109	0.129299
90	0.0100161	0.0333063	0.193353	0.005997	0.010034	0.0342068	0.132406
91	0.0100161	0.0331028	0.192644	0.005997	0.010034	0.0345984	0.134914
92	0.0100161	0.0326189	0.171232	0.00449775	0.010034	0.0348351	0.138531
93	0.0100161	0.0322798	0.170728	0.0029985	0.010034	0.0348521	0.144522
94	0.0100161	0.0326419	0.170728	0.0029985	0.010034	0.0349011	0.139713
95	0.0100161	0.0326065	0.170728	0.0029985	0.0100587	0.0358547	0.149473
96	0.0100161	0.0326947	0.181097	0.0029985	0.01016	0.0373176	0.164578
97	0.0100161	0.0330686	0.192644	0.00449775	0.0100587	0.0372778	0.164578
98	0.0100161	0.0340341	0.207107	0.00449775	0.010034	0.0372487	0.166871
99	0.0100351	0.0335438	0.198273	0.00149925	0.010034	0.038764	0.209475
100	0.0100351	0.033362	0.192644	0	0.010034	0.0402093	0.217742
101	0.0100351	0.0326055	0.187602	0	0.010034	0.0441598	0.252894
102	0.0100351	0.0323393	0.183023	0	0.010034	0.043583	0.261678
103	0.0100351	0.0319713	0.181097	0	0.010034	0.0420771	0.246249
104	0.0100351	0.03175	0.181097	0	0.010034	0.0423581	0.245366
105	0.0100351	0.0313955	0.170728	0.00149925	0.010034	0.0439515	0.256552
106	0.0100351	0.0316271	0.181097	0.00149925	0.010034	0.0452843	0.261678
107	0.0100351	0.031729	0.181097	0.00449775	0.01016	0.0476849	0.391883
108	0.0100351	0.0317547	0.181097	0.005997	0.010034	0.0479387	0.370197
109	0.0100351	0.0306864	0.160246	0.00149925	0.01016	0.0491206	0.391883
110	0.0100351	0.0306725	0.159559	0.00149925	0.01016	0.0508333	0.441163
111	0.0100351	0.0304243	0.151752	0.0029985	0.01016	0.0517334	0.441163
112	0.0100351	0.030901	0.160246	0.0029985	0.010034	0.0537986	0.461069
113	0.0100351	0.0302049	0.149905	0.00149925	0.01016	0.0559786	0.502557
114	0.0100351	0.0295548	0.136763	0.00149925	0.010034	0.0583457	0.502557
115	0.0100351	0.0292288	0.133	0.00149925	0.01016	0.0657371	0.612771
116	0.0100351	0.028823	0.128277	0	0.010034	0.0673891	0.612771
117	0.0100351	0.0287663	0.128277	0	0.010034	0.0681604	0.569824
118	0.0100351	0.0287444	0.128277	0	0.0104057	0.0741663	0.747251
119	0.0100351	0.0287363	0.124438	0	0.010034	0.0772167	0.781631
120	0.0100351	0.0288753	0.128277	0	0.0101482	0.07762	0.747251
121	0.0100351	0.0291932	0.134146	0	0.0105578	0.0823583	0.747251
122	0.0100351	0.0293827	0.140114	0.00149925	0.0105578	0.0890159	0.827147
123	0.0100351	0.0297038	0.14701	0.0029985	0.010034	0.092509	0.863918
124	0.0100613	0.0294127	0.14037	0.00149925	0.0117496	0.0967906	1.06603
125	0.0100351	0.0293831	0.14701	0.00149925	0.010034	0.0971295	0.901357
126	0.0100351	0.0293544	0.149905	0.00149925	0.0117496	0.0988006	1.05928
127	0.0100351	0.0290044	0.14037	0.00149925	0.0117496	0.101142	1.05928
128	0.0100351	0.0290024	0.14037	0.00149925	0.0117496	0.103591	1.08874
129	0.0100351	0.0286892	0.143295	0.00149925	0.0105578	0.111171	1.06603
130	0.0100351	0.0289233	0.149905	0.00149925	0.0102179	0.114499	1.08874
131	0.0100351	0.0286342	0.143295	0.00149925	0.01016	0.112262	1.08874
132	0.0100351	0.0281329	0.136586	0	0.0105762	0.103064	1.06603
133	0.0100351	0.0280013	0.127277	0	0.0102179	0.0906785	0.936496
134	0.0100351	0.0278393	0.121369	0	0.010034	0.0844087	0.852979
135	0.0100351	0.0277136	0.116577	0	0.0101302	0.0772284	0.747251
136	0.0100351	0.0276639	0.120985	0.00149925	0.010034	0.074657	0.747251
137	0.0100351	0.0280902	0.122895	0.00149925	0.010034	0.0720142	0.762716
138	0.0100351	0.0281231	0.124438	0	0.010034	0.0683807	0.747251
139	0.0100351	0.0281428	0.124438	0.00149925	0.010034	0.0661347	0.747251
140	0.0100351	0.028134	0.125565	0.00149925	0.010034	0.0636118	0.700474
141	0.0100351	0.0282115	0.12761	0.00149925	0.0101302	0.062808	0.68707
142	0.0100351	0.0280884	0.125565	0.00149925	0.010034	0.0619184	0.681673
143	0.0100351	0.0279964	0.122724	0	0.010034	0.061098	0.579154
144	0.0100351	0.0283009	0.125565	0	0.010034	0.0615694	0.525058
145	0.0100351	0.0283194	0.124438	0	0.010034	0.0596337	0.439052
146	0.0100351	0.0283239	0.125565	0	0.010034	0.0610675	0.447014
147	0.0100351	0.0285983	0.12761	0	0.010034	0.0619563	0.579154
148	0.0100351	0.0284956	0.125565	0	0.0100588	0.0608414	0.579154
149	0.0100351	0.0287228	0.12761	0	0.010034	0.0600695	0.537454
150	0.0100351	0.0291496	0.13234	0.00149925	0.010034	0.05947	0.48262
151	0.0100613	0.0296332	0.136885	0.00149925	0.010034	0.0577599	0.406395
152	0.0100351	0.0296628	0.136885	0	0.010034	0.0564653	0.391772
153	0.0100351	0.0302063	0.140114	0.00149925	0.010395	0.0565652	0.41544
154	0.0100351	0.0300981	0.139545	0.00149925	0.010034	0.0562566	0.375317
155	0.0100351	0.030249	0.140114	0.0029985	0.010034	0.0549468	0.360404
156	0.0100351	0.0300507	0.140114	0.0029985	0.010034	0.0553736	0.360404
157	0.0101462	0.0301186	0.140114	0.0029985	0.010034	0.0555162	0.33869
158	0.0101462	0.0300913	0.139545	0.00449775	0.010034	0.0572112	0.391772
159	0.0100351	0.0300109	0.136885	0.00449775	0.010034	0.0604761	0.49509
160	0.0100351	0.0292247	0.134146	0.00149925	0.0100588	0.0656175	0.632124
161	0.0101536	0.0294168	0.136885	0.0029985	0.0100588	0.0680948	0.700885
162	0.0100613	0.0294798	0.136885	0.0029985	0.0100588	0.0702222	0.808574
163	0.0101536	0.0289916	0.136586	0.00149925	0.0105578	0.0704885	0.848509
164	0.0100927	0.0289887	0.136885	0.00149925	0.0100588	0.0712413	0.75722
165	0.0100351	0.0285389	0.134146	0	0.0105578	0.0687194	0.661233
166	0.0100351	0.0285012	0.134146	0	0.0100588	0.0731653	0.848509
167	0.0100351	0.0282239	0.134146	0	0.0101302	0.0762965	0.961218
168	0.0100927	0.028526	0.136885	0	0.0105578	0.08071	1.33721
169	0.0100351	0.0278964	0.12761	0	0.0101302	0.083848	1.46542
170	0.0100351	0.0277969	0.125565	0	0.0101302	0.0913689	1.95694
171	0.0100351	0.028142	0.132588	0	0.0103337	0.0962091	2.37085
172	0.0100351	0.027933	0.12761	0	0.0105578	0.100367	2.81151
173	0.0100351	0.0282219	0.132588	0.00149925	0.0103337	0.103987	2.98611
174	0.0100351	0.028888	0.155164	0.00449775	0.0103337	0.105948	2.81151
175	0.0100351	0.0285618	0.163843	0.005997	0.0103337	0.107668	2.78838
176	0.0100351	0.0279942	0.157641	0.0029985	0.0103337	0.108981	2.81151
177	0.0100351	0.0273534	0.139545	0	0.0103337	0.115877	3.14385
178	0.0100351	0.0273589	0.134146	0.00149925	0.0103337	0.113591	2.83546
179	0.0100351	0.0271512	0.136885	0.00149925	0.0105578	0.114634	2.81151
180	0.0100351	0.0269408	0.136885	0	0.0111997	0.115212	2.78838
181	0.0100351	0.0269052	0.137183	0.00149925	0.0111997	0.115947	2.69624
182	0.0100351	0.0271125	0.137183	0.00449775	0.0111997	0.117597	2.65705
183	0.0100351	0.027102	0.137183	0.00449775	0.0101815	0.133363	3.32457
184	0.0100351	0.0273722	0.137183	0.005997	0.0101815	0.12888	2.77901
185	0.0100351	0.027606	0.152189	0.00449775	0.0103337	0.124522	2.69624
186	0.0100351	0.0280955	0.157641	0.0029985	0.0101319	0.113865	2.48761
187	0.0100351	0.0280373	0.157641	0.005997	0.0101319	0.109563	2.65705
188	0.0100351	0.0274146	0.144638	0.0029985	0.0101319	0.0968303	2.3736
189	0.0100475	0.0275194	0.139962	0.0029985	0.0103337	0.0937716	2.46322
190	0.0100475	0.0276286	0.137183	0.00449775	0.0103337	0.0902917	2.3736
191	0.0100475	0.0279653	0.152189	0.0029985	0.0103337	0.092041	2.46322
192	0.0100475	0.0278186	0.139962	0.00149925	0.0101319	0.0917038	2.36591
193	0.0100475	0.0276651	0.135656	0.00149925	0.0103337	0.0914039	2.46322
194	0.0100475	0.0278048	0.135656	0.00149925	0.0101319	0.0930511	2.61523
195	0.0100475	0.0278199	0.135656	0	0.0103337	0.0909323	2.61523
196	0.0100475	0.0285541	0.139545	0.00149925	0.0100732	0.0946393	4.11368
197	0.0100475	0.0284505	0.135656	0.00149925	0.0100732	0.0998743	5.90902
198	0.010134	0.0280684	0.135656	0	0.0100732	0.0981385	5.90902
199	0.0100475	0.0281088	0.135656	0	0.0100732	0.105786	10.8535
200	0.0100475	0.0283024	0.137183	0	0.0100732	0.102586	7.22251
201	0.010134	0.0278755	0.135656	0	0.0100732	0.0986595	6.25813
202	0.0100475	0.0283318	0.135656	0	0.0101319	0.0866272	3.55734
203	0.0100475	0.0284736	0.135656	0	0.0100732	0.0839807	2.61523
204	0.0100475	0.0286617	0.139962	0	0.0101319	0.0828251	2.61523
205	0.0100475	0.0295514	0.15535	0.00149925	0.0100732	0.0852709	2.56477
206	0.0100475	0.0297718	0.153456	0	0.0102431	0.0821782	2.26635
207	0.0100475	0.0297676	0.15535	0	0.0100581	0.0808705	2.12621
208	0.0100475	0.0297979	0.15535	0	0.0100581	0.0820039	2.12621
209	0.0100475	0.0299062	0.157641	0	0.0100581	0.0821062	1.9931
210	0.0100475	0.0300279	0.163843	0	0.0100581	0.0819634	1.9931
211	0.0100475	0.0293986	0.144703	0	0.0100581	0.07869	1.6867
212	0.0100613	0.0298868	0.144703	0	0.0100581	0.0763609	1.42551
213	0.0100475	0.0301036	0.144703	0	0.0100581	0.0741819	1.17674
214	0.0100613	0.0303171	0.157641	0	0.0100581	0.0737753	1.01714
215	0.0100613	0.0301527	0.157641	0	0.0100581	0.0759163	1.10408
216	0.0100475	0.0307413	0.166574	0	0.0100581	0.0762586	1.27826
217	0.0100475	0.0301257	0.147699	0	0.0100581	0.077948	1.36242
218	0.0100475	0.0302724	0.157641	0	0.0100581	0.0843272	1.51469
219	0.0100475	0.0305819	0.165429	0	0.0100423	0.0921834	2.1684
220	0.0100475	0.0306138	0.166574	0.00149925	0.0100423	0.0943533	2.01181
221	0.0100475	0.0308062	0.165429	0.0029985	0.0100423	0.0977497	1.90328
222	0.0100475	0.0307974	0.166574	0.0029985	0.0100423	0.102947	2.40801
223	0.0100475	0.0303518	0.170635	0.00149925	0.0100423	0.115821	3.94925
224	0.0100613	0.0306378	0.186097	0.00149925	0.0100423	0.121676	4.25751
225	0.0100613	0.0308218	0.186097	0	0.0100581	0.132834	5.75754
226	0.0100475	0.0309952	0.186097	0	0.0100581	0.14728	7.21963
227	0.0100475	0.0316641	0.202125	0	0.0100581	0.151922	7.28072
228	0.010134	0.0317532	0.230832	0	0.0100581	0.17092	8.85394
229	0.0100475	0.0324978	0.230832	0.00149925	0.0102259	0.215151	21.5747
230	0.0100475	0.0326569	0.234817	0.0029985	0.0100581	0.274019	28.4603
231	0.0100475	0.0334128	0.237009	0.0029985	0.0100581	0.316434	34.7571
232	0.0100475	0.0339765	0.262519	0.00449775	0.0125969	0.407834	51.031
233	0.0100475	0.0342763	0.262519	0.0029985	0.0126676	0.4602	51.031
234	0.0100475	0.0339863	0.262519	0.0029985	0.0100995	0.505022	39.4781
235	0.0100475	0.0348814	0.262519	0.0029985	0.0100995	0.566987	39.4781
236	0.0100475	0.0352783	0.264159	0.00449775	0.0126676	0.585873	51.031
237	0.0100475	0.0359126	0.265433	0.0029985	0.0129286	0.608638	51.0184
238	0.0100475	0.0357503	0.270099	0.00449775	0.0100995	0.565155	39.3981
239	0.0100064	0.0356718	0.270099	0.00449775	0.0100995	0.526032	39.0889
240	0.0100475	0.0354908	0.262519	0.00449775	0.0100995	0.481829	37.4188
241	0.0100475	0.0365197	0.293181	0.005997	0.0100995	0.442921	30.7434
242	0.0100475	0.0370597	0.304873	0.005997	0.0100995	0.480319	37.4188
243	0.0100475	0.0374789	0.321548	0.0104948	0.0100995	0.569712	38.7833
244	0.0100475	0.0394242	0.35867	0.023988
