		omega		Posterior		rho				Synonymous theta			kappa			phi	
Site	Lower	Point	Higher	prob of +ve	Lower	Point	Higher		Lower	Point	Higher	Lower	Point	Higher	Lower	Point	Higher
	95% HPD	estimate	95% HPD	selection	95% HPD	estimate	95% HPD		95% HPD	estimate	95% HPD	95% HPD	estimate	95% HPD	95% HPD	estimate	95% HPD
0	0.0101021	0.0795982	0.864034	0.0344828	0.0105696	1.05522	69.4066		0.00838709	0.0137483	0.0226264	1.66601	4.92046	15.783	0	0	0
1	0.0100874	0.0761185	0.854712	0.0344828	0.0115267	0.776466	58.4849
2	0.0100874	0.0735368	0.830622	0.0314843	0.0114131	0.677325	51.8958
3	0.0100874	0.0693722	0.810064	0.0314843	0.0114131	0.619126	48.0596
4	0.0101021	0.0695736	0.735748	0.029985	0.0114131	0.544247	45.6704
5	0.0101021	0.0674978	0.626287	0.0224888	0.0114562	0.538658	45.6704
6	0.0101021	0.068092	0.622583	0.023988	0.0114131	0.512434	46.7962
7	0.0101021	0.0684258	0.622583	0.0254873	0.0105696	0.489426	39.8291
8	0.0101021	0.0655363	0.597869	0.0224888	0.0114131	0.494325	39.0646
9	0.0101021	0.0607294	0.51748	0.0134933	0.0114131	0.466467	37.2312
10	0.0101021	0.0604008	0.538707	0.0164918	0.0105696	0.500284	32.472
11	0.0101021	0.0603288	0.51748	0.0209895	0.0114131	0.5912	32.472
12	0.0101021	0.0620666	0.568129	0.0284858	0.0114131	0.60115	30.0204
13	0.0101021	0.0596233	0.541592	0.0209895	0.0116457	0.695001	30.7432
14	0.0101021	0.0585018	0.534469	0.0209895	0.0120642	0.721452	30.7432
15	0.0101021	0.0584212	0.541592	0.023988	0.0120642	0.701481	30.7432
16	0.0101021	0.0572907	0.51748	0.0209895	0.0122528	0.700985	32.3764
17	0.0100084	0.0551601	0.473998	0.0164918	0.0120642	0.73944	31.2044
18	0.0100084	0.0557187	0.463671	0.0134933	0.0122528	0.746242	32.3764
19	0.0100084	0.0552497	0.439863	0.011994	0.0122528	0.79201	32.3764
20	0.0100084	0.0557159	0.457088	0.0104948	0.0122528	0.775282	32.472
21	0.0100084	0.0547751	0.439863	0.0134933	0.0106112	0.776566	33.3334
22	0.0101228	0.0538018	0.457088	0.011994	0.0120642	0.815368	39.0646
23	0.0100084	0.0544916	0.473998	0.0164918	0.0105004	0.876078	42.3836
24	0.0100084	0.0539286	0.457088	0.0164918	0.0192237	0.983488	85.4341
25	0.0101228	0.0559316	0.51748	0.0209895	0.0192237	0.882962	98.0101
26	0.0101228	0.0553286	0.568129	0.023988	0.0116956	0.772315	65.5108
27	0.0100084	0.0538617	0.541592	0.0209895	0.011464	0.719637	65.5108
28	0.0100084	0.0524187	0.463671	0.0209895	0.0113393	0.699237	65.5108
29	0.0101228	0.0521007	0.51748	0.0224888	0.0101356	0.701965	59.5119
30	0.0100084	0.0500147	0.427185	0.0164918	0.0108821	0.738955	60.9253
31	0.0101228	0.0494662	0.427185	0.0149925	0.0108821	0.743607	59.8396
32	0.0100084	0.0503435	0.427185	0.0164918	0.0108821	0.804831	59.8396
33	0.0100084	0.0508432	0.463671	0.0194903	0.0108821	0.734554	59.5119
34	0.0100084	0.0525074	0.45592	0.0194903	0.0114008	0.693604	60.9253
35	0.0100084	0.053098	0.45592	0.017991	0.0114008	0.702242	60.9253
36	0.0100084	0.0528289	0.427185	0.017991	0.0114008	0.80193	61.7249
37	0.0100084	0.0512593	0.411358	0.017991	0.0133814	0.898076	61.7249
38	0.0100084	0.0501911	0.379087	0.0164918	0.0101305	0.942798	44.9733
39	0.0101228	0.0521153	0.427185	0.0209895	0.0105004	0.936797	46.0557
40	0.0100845	0.0547766	0.506712	0.0284858	0.0101305	1.05829	48.1852
41	0.0100845	0.0537226	0.488255	0.0269865	0.0101305	1.10544	54.2438
42	0.0100084	0.052478	0.463767	0.023988	0.0105004	1.21635	58.9309
43	0.0100084	0.0539745	0.488255	0.029985	0.0173327	1.48702	96.1409
44	0.0100084	0.0530602	0.484701	0.023988	0.0165273	1.5525	96.1409
45	0.0100084	0.0519638	0.450182	0.017991	0.0173327	1.53287	96.4133
46	0.0100084	0.0512696	0.450182	0.0194903	0.0198694	1.64897	97.9625
47	0.0100084	0.051012	0.402645	0.011994	0.021193	1.8656	96.4133
48	0.0100084	0.050477	0.337035	0.0089955	0.021193	2.01652	96.1409
49	0.0100084	0.049878	0.37187	0.0149925	0.0211326	2.09375	94.1126
50	0.0100084	0.0487875	0.337035	0.0134933	0.0221709	2.08935	97.9625
51	0.0100084	0.0481408	0.33173	0.0149925	0.0213638	2.06491	96.1409
52	0.0100084	0.0464657	0.299792	0.011994	0.0221709	2.08217	97.9625
53	0.0100586	0.0464739	0.311894	0.0134933	0.021193	1.95347	94.1126
54	0.0100084	0.0480117	0.352592	0.0164918	0.0234548	1.85749	96.1409
55	0.0100084	0.0478497	0.374974	0.017991	0.0257421	1.73189	94.1126
56	0.0100084	0.0453397	0.351157	0.0134933	0.0265975	1.57908	93.3965
57	0.0100084	0.0444661	0.374974	0.0149925	0.0265975	1.49391	93.7564
58	0.0100084	0.0443309	0.37187	0.0134933	0.019976	1.31245	86.3427
59	0.0100084	0.0434865	0.37187	0.0134933	0.0188548	1.14478	86.3427
60	0.0100084	0.0435768	0.351157	0.0134933	0.0192101	1.05917	94.9078
61	0.0100084	0.0444498	0.37187	0.0194903	0.0177543	0.99769	93.7564
62	0.0100084	0.0459002	0.417557	0.023988	0.0183932	1.00513	86.3427
63	0.0100084	0.0455873	0.398608	0.023988	0.0192101	1.0464	86.3427
64	0.0100084	0.0448966	0.398608	0.0224888	0.0188548	1.02479	86.3427
65	0.0100084	0.0459278	0.374974	0.0209895	0.0116738	0.927675	49.4628
66	0.0100084	0.0450444	0.402645	0.0209895	0.0119391	0.908284	56.1302
67	0.0100305	0.0446578	0.37187	0.017991	0.0119391	0.987872	56.1302
68	0.0100084	0.0433136	0.344269	0.00749625	0.0108788	1.10513	56.1302
69	0.0100586	0.0433155	0.352719	0.00749625	0.0138344	1.24727	71.1666
70	0.0100084	0.0436955	0.352719	0.00749625	0.0119391	1.30705	67.2375
71	0.0100586	0.0429021	0.353638	0.00749625	0.0156028	1.52196	92.6417
72	0.0100084	0.0432232	0.352719	0.0104948	0.0156028	1.68605	92.6417
73	0.0100084	0.043491	0.353638	0.0134933	0.0156028	1.77907	94.4013
74	0.0100084	0.0440266	0.37187	0.0149925	0.0156028	1.78563	92.6417
75	0.0100084	0.0449391	0.406093	0.0149925	0.0153064	1.48735	92.6417
76	0.0100084	0.0462254	0.408966	0.0149925	0.0147777	1.38746	92.6408
77	0.0100084	0.04661	0.406093	0.0134933	0.0145095	1.2069	92.6417
78	0.0100084	0.0467331	0.406093	0.0134933	0.0103115	1.17277	67.2375
79	0.0100586	0.0485205	0.451836	0.0224888	0.0103115	1.13472	67.2375
80	0.0100084	0.0501374	0.482909	0.0284858	0.0104031	1.03732	67.2375
81	0.0100084	0.0507179	0.482909	0.029985	0.0102452	0.996364	67.2375
82	0.0100084	0.0501684	0.447162	0.0269865	0.0137815	0.982321	92.6417
83	0.0100084	0.0498805	0.43948	0.0269865	0.0102452	0.79566	67.2375
84	0.0100084	0.0495474	0.436481	0.0269865	0.0102452	0.697752	68.9959
85	0.0100084	0.0496957	0.410317	0.0254873	0.0102452	0.486515	65.8765
86	0.0100084	0.0495267	0.436481	0.023988	0.0102452	0.387077	48.1754
87	0.0100084	0.049537	0.436481	0.023988	0.0102452	0.385177	56.1088
88	0.0100084	0.04848	0.390754	0.0209895	0.0102452	0.344438	50.6718
89	0.0100084	0.0492696	0.38299	0.017991	0.0100859	0.290871	47.864
90	0.0100084	0.0498367	0.402645	0.0224888	0.0100859	0.264175	45.0079
91	0.0100084	0.0496004	0.402645	0.0224888	0.0100859	0.239351	41.9648
92	0.0100305	0.0479677	0.379069	0.0164918	0.0100859	0.229565	38.5039
93	0.0100084	0.0462421	0.351184	0.011994	0.0100859	0.211865	36.4756
94	0.0100084	0.0474047	0.372533	0.0209895	0.0100004	0.181692	29.8038
95	0.0100084	0.0510892	0.484257	0.0284858	0.0100004	0.1526	27.2566
96	0.0100084	0.0494706	0.377141	0.0209895	0.0100004	0.137686	19.91
97	0.0100084	0.05012	0.372533	0.0194903	0.0100004	0.128946	16.2012
98	0.0100084	0.0505366	0.372533	0.017991	0.0100859	0.126438	16.2012
99	0.0100084	0.05067	0.390754	0.0164918	0.0100004	0.119346	13.3626
100	0.0100084	0.0494648	0.372533	0.011994	0.0100004	0.106577	10.0043
101	0.0100084	0.0488388	0.332676	0.005997	0.0100004	0.102764	10.5723
102	0.0100084	0.0498321	0.372533	0.005997	0.0101985	0.102528	9.93481
103	0.0100084	0.0501939	0.379069	0.0089955	0.0101737	0.0903735	9.08598
104	0.0100084	0.0502753	0.379069	0.0104948	0.0100859	0.0830127	5.54183
105	0.0100084	0.0505054	0.390754	0.0089955	0.0101737	0.0769067	3.64026
106	0.0100417	0.0519768	0.410342	0.011994	0.0100192	0.0742278	2.81557
107	0.0100845	0.0521798	0.435689	0.0164918	0.0100859	0.0746277	3.64026
108	0.0100417	0.0532255	0.482653	0.0224888	0.0100192	0.068923	2.5331
109	0.0100417	0.0560148	0.719496	0.035982	0.0100192	0.067426	2.40045
110	0.0100845	0.0562269	0.711971	0.0344828	0.0100192	0.0647224	2.2868
111	0.0100845	0.0565975	0.711971	0.0329835	0.0100192	0.0614994	2.08231
112	0.0100845	0.0570327	0.670995	0.029985	0.0100192	0.0617046	1.83778
113	0.0100845	0.0573385	0.719496	0.0344828	0.0100192	0.0589632	1.42835
114	0.0100845	0.0574308	0.77229	0.0374813	0.0100192	0.0569584	1.19365
115	0.0100845	0.0597757	0.831059	0.0389805	0.0100192	0.0558469	1.19365
116	0.0100845	0.0586741	0.788741	0.035982	0.0100859	0.0536797	1.19365
117	0.0100845	0.0581216	0.711971	0.0284858	0.0100859	0.0513943	1.1209
118	0.0100023	0.059133	0.63449	0.0254873	0.0100192	0.0497286	1.09235
119	0.0100845	0.059159	0.711971	0.023988	0.0100192	0.0493643	1.00722
120	0.0100023	0.0594628	0.671351	0.0194903	0.0100859	0.0503864	1.08521
121	0.0100023	0.0587323	0.63449	0.0224888	0.0100859	0.0499326	1.08521
122	0.0100023	0.0580788	0.63449	0.0209895	0.0100192	0.0495124	1.08521
123	0.0100023	0.061985	0.63449	0.023988	0.0100192	0.049058	0.959593
124	0.0101858	0.0541207	0.49991	0.0089955	0.0100192	0.0491962	0.966968
125	0.0100023	0.0536382	0.474095	0.0089955	0.0100859	0.0481891	0.889506
126	0.0100023	0.0533374	0.463216	0.00749625	0.0100859	0.0481919	0.889506
127	0.0100023	0.0521562	0.386616	0.0029985	0.0100192	0.0492558	1.00722
128	0.0100023	0.0527176	0.440889	0.005997	0.0100192	0.0497298	0.966968
129	0.0100023	0.0515131	0.440889	0.005997	0.0100192	0.0501063	0.966968
130	0.0100418	0.0520828	0.447496	0.0089955	0.0100192	0.0507007	0.959593
131	0.0100418	0.0526381	0.447496	0.011994	0.0100859	0.0533707	1.67282
132	0.0100023	0.0527292	0.435836	0.0134933	0.0100192	0.0546336	1.83778
133	0.0100845	0.0542513	0.476305	0.0164918	0.0100192	0.0536711	1.19314
134	0.0100023	0.0543538	0.463216	0.0164918	0.0100192	0.0533407	1.1209
135	0.0100023	0.0550916	0.465992	0.0164918	0.0100192	0.0510972	0.966968
136	0.0100023	0.0560607	0.476305	0.0209895	0.0100192	0.0517609	0.959593
137	0.0100023	0.05664	0.476305	0.0224888	0.0100192	0.0524776	0.913881
138	0.0100023	0.056476	0.465992	0.0224888	0.0100192	0.0536772	0.889506
139	0.0100023	0.0556611	0.476305	0.017991	0.0100192	0.0529032	0.913881
140	0.0100023	0.054693	0.447496	0.0164918	0.0100192	0.0530555	0.945621
141	0.0100418	0.0543358	0.447496	0.0164918	0.0100192	0.053679	0.945621
142	0.0101858	0.0542946	0.447496	0.0149925	0.0100192	0.0560832	0.960463
143	0.0100023	0.0542065	0.447496	0.0149925	0.0100192	0.0576251	0.978305
144	0.0101858	0.0534171	0.440889	0.011994	0.0100192	0.0595655	0.960463
145	0.0101858	0.0528345	0.440889	0.0104948	0.0100192	0.0607539	0.960463
146	0.0100023	0.0529277	0.408966	0.0089955	0.0100192	0.0613496	0.966968
147	0.0100023	0.0533903	0.438975	0.0089955	0.0100192	0.0633835	0.966968
148	0.0100023	0.0539393	0.438975	0.0089955	0.0100817	0.0650164	1.02833
149	0.0101858	0.0542764	0.447496	0.0089955	0.0100817	0.0664534	1.23339
150	0.0100023	0.0560077	0.447496	0.0149925	0.0100817	0.0655024	1.13341
151	0.0100418	0.0563794	0.447496	0.0149925	0.0100817	0.0664596	1.13341
152	0.0100023	0.0551449	0.438975	0.0104948	0.0100817	0.0661562	1.16493
153	0.0100023	0.0539249	0.426922	0.00749625	0.0100817	0.065565	1.08783
154	0.0100023	0.055148	0.447496	0.011994	0.0100817	0.0679344	1.44732
155	0.0100418	0.0555046	0.486186	0.017991	0.0100817	0.0676554	1.08783
156	0.0101858	0.052538	0.435836	0.011994	0.0100817	0.0715747	1.13341
157	0.0100418	0.0513233	0.358851	0.0104948	0.0100817	0.0714419	1.13341
158	0.0101858	0.0508586	0.362039	0.00749625	0.0100817	0.0716435	1.17305
159	0.0101858	0.0492706	0.348711	0.00749625	0.0100817	0.0703899	1.44732
160	0.0101858	0.0489512	0.348711	0.0089955	0.0100817	0.0709785	1.59542
161	0.0100418	0.0503482	0.362039	0.011994	0.0100817	0.0726456	2.08378
162	0.0100418	0.0512353	0.400198	0.0134933	0.0100817	0.0712351	2.23812
163	0.0101858	0.0505635	0.371239	0.0104948	0.0100817	0.0690333	1.82274
164	0.0100418	0.0500774	0.350594	0.011994	0.0100817	0.0681685	1.93804
165	0.0100418	0.05001	0.362039	0.0149925	0.0100817	0.0670004	1.95475
166	0.0101858	0.0496833	0.346853	0.011994	0.0100817	0.0669944	2.29275
167	0.0100418	0.0502201	0.346853	0.011994	0.0100817	0.0696202	3.77643
168	0.0100418	0.0494397	0.346853	0.0089955	0.0100817	0.068608	2.78758
169	0.0100418	0.0486778	0.361623	0.0134933	0.0100817	0.0679137	2.69712
170	0.0100418	0.0469893	0.309454	0.0089955	0.0100817	0.0638046	2.14622
171	0.010186	0.0493645	0.368967	0.0149925	0.0100817	0.0662256	2.20124
172	0.0101041	0.0500112	0.368967	0.0149925	0.0100859	0.0636222	2.14622
173	0.0100222	0.050026	0.444271	0.0089955	0.0100817	0.0612361	2.13649
174	0.0100222	0.0487794	0.368967	0.0089955	0.0100817	0.0591855	1.83399
175	0.0100222	0.0489467	0.368967	0.00749625	0.0100817	0.0595998	1.57274
176	0.0100222	0.0494226	0.368967	0.0089955	0.0100817	0.0608765	1.57274
177	0.0100222	0.0489881	0.405757	0.0149925	0.0100817	0.0620605	1.17264
178	0.0100222	0.0490199	0.444271	0.0134933	0.0100817	0.0674437	1.83817
179	0.0100222	0.0477582	0.327608	0.0089955	0.0100859	0.0731158	2.46511
180	0.0101041	0.0478008	0.368967	0.0089955	0.0100859	0.0762337	3.04228
181	0.0100222	0.0473343	0.331571	0.0089955	0.0100859	0.0769484	3.04228
182	0.0101041	0.0471009	0.316353	0.0089955	0.0100776	0.081582	12.0106
183	0.0101475	0.0460567	0.316353	0.00749625	0.0102429	0.0879895	23.5205
184	0.0101041	0.046208	0.30514	0.0104948	0.0100859	0.0929205	28.0013
185	0.0101041	0.0468192	0.30514	0.0089955	0.0100859	0.0996671	29.1116
186	0.0101041	0.0471944	0.319545	0.0089955	0.0100776	0.0997998	28.4132
187	0.0101041	0.0478478	0.316353	0.0104948	0.0100776	0.100993	26.9366
188	0.0101041	0.0483676	0.309454	0.0134933	0.0100859	0.108796	23.5205
189	0.0101041	0.0486656	0.319545	0.0164918	0.0101404	0.112079	23.5205
190	0.0101041	0.0479178	0.30514	0.0149925	0.0101404	0.111705	23.5205
191	0.0101041	0.0487329	0.316353	0.0194903	0.0100859	0.116194	23.5205
192	0.0101041	0.0517147	0.368967	0.0269865	0.0100776	0.117392	23.5205
193	0.0101041	0.0523764	0.407604	0.0254873	0.0100859	0.116708	23.5205
194	0.010123	0.0509259	0.370005	0.0134933	0.0102429	0.113509	23.5205
195	0.010123	0.0521054	0.370005	0.0149925	0.0100776	0.10531	21.2631
196	0.0101041	0.0540672	0.396776	0.0194903	0.0100776	0.0905264	11.2586
197	0.0101041	0.05649	0.459289	0.0254873	0.0100776	0.0900327	7.89661
198	0.0100678	0.0569201	0.474407	0.023988	0.0100776	0.0884045	10.283
199	0.0100678	0.05614	0.45834	0.0194903	0.0100619	0.0767013	3.8641
200	0.0100637	0.0563303	0.459289	0.0224888	0.0100619	0.0749936	3.95375
201	0.0100637	0.0556681	0.453465	0.0209895	0.0100619	0.0751364	3.8641
202	0.0100637	0.0569425	0.475324	0.0254873	0.0100619	0.0745539	3.20612
203	0.0100637	0.0574159	0.475324	0.0254873	0.0100619	0.0715582	2.21993
204	0.0100637	0.0580341	0.45834	0.023988	0.0100619	0.06781	1.63309
205	0.0100637	0.0586266	0.462682	0.0254873	0.0100619	0.0652963	1.33335
206	0.0100637	0.0604435	0.459289	0.023988	0.0100619	0.0654448	1.18272
207	0.0100637	0.0624971	0.503952	0.0269865	0.0100619	0.0649734	0.980558
208	0.0100637	0.0653557	0.618438	0.0284858	0.0100619	0.0638536	0.906747
209	0.0100637	0.0669845	0.640589	0.029985	0.0100619	0.0603034	0.777255
210	0.0100637	0.067779	0.640589	0.029985	0.0103665	0.0582444	0.754477
211	0.0100637	0.068005	0.640589	0.029985	0.0100619	0.0582669	0.662607
212	0.0100637	0.0667484	0.569366	0.0254873	0.0103665	0.0597559	0.777255
213	0.0100637	0.0688843	0.640589	0.029985	0.0103665	0.0606223	0.773284
214	0.0100637	0.070691	0.66633	0.0314843	0.0100619	0.0586932	0.662607
215	0.0100637	0.0708169	0.640589	0.029985	0.0100619	0.0550706	0.513734
216	0.0100637	0.0749182	0.681415	0.0314843	0.0100619	0.0549024	0.47126
217	0.0100637	0.0771284	0.7606	0.035982	0.0100619	0.0517536	0.443968
218	0.0100637	0.0766673	0.681415	0.0344828	0.0100619	0.0511281	0.41266
219	0.0100637	0.0757606	0.681415	0.0344828	0.0100619	0.0515685	0.41266
220	0.0100637	0.0772217	0.854359	0.0404798	0.0100619	0.0529579	0.435894
221	0.0100637	0.0751139	0.7606	0.0314843	0.0100651	0.0545324	0.439062
222	0.0100637	0.0718217	0.585516	0.0269865	0.0100776	0.0546992	0.453482
223	0.0100637	0.0714342	0.640589	0.0284858	0.0100776	0.0550194	0.453482
224	0.0100678	0.0718799	0.676321	0.0284858	0.0100776	0.054722	0.453482
225	0.0100637	0.0716057	0.618438	0.0269865	0.0100651	0.0619427	0.567346
226	0.0100637	0.0729347	0.640589	0.0269865	0.0100651	0.0648731	0.631244
227	0.0100637	0.0754541	0.681415	0.029985	0.0102143	0.0713484	0.940501
228	0.0100637	0.0786194	0.732897	0.035982	0.0100651	0.0923976	5.48804
229	0.0100637	0.0810467	0.707437	0.0374813	0.0100651	0.102627	8.35452
230	0.0100637	0.0828185	0.707437	0.035982	0.0100651	0.108052	8.35452
231	0.0100637	0.085375	0.777783	0.0389805	0.0100651	0.119903	11.6818
232	0.0100637	0.0873608	0.929656	0.0449775	0.0101317	0.117577	9.09593
233	0.0100637	0.087194	0.808692	0.0449775	0.0107524	0.126684	9.45001
234	0.0100637	0.0901047	0.78756	0.041979	0.0101317	0.127956	8.35452
235	0.0100637	0.0925012	0.808692	0.041979	0.0100651	0.133581	8.32517
236	0.0100637	0.0911481	0.762061	0.0374813	0.0101317	0.142314	8.32517
237	0.0100637	0.0939913	0.808692	0.0389805	0.0108096	0.161732	13.0977
238	0.0100637	0.0981563	0.929656	0.041979	0.0110028	0.191352	21.7555
239	0.0100637	0.100716	0.980653	0.0464768	0.0110028	0.196068	21.7555
240	0.0100637	0.104298	0.936024	0.0434783	0.0100651	0.198275	19.2444
241	0.0100637	0.108623	1.10485	0.0524738	0.0100651	0.186981	17.6007
242	0.0100637	0.110905	1.00719	0.0509745	0.0100651	0.1686	12.6128
243	0.0100637	0.118187	1.12561	0.053973	0.0100651	0.15034	9.19202
244	0.0100637	0.129423	1.19061	0.0629685	0.0100651	0.143999	6.7082
245	0.0100637	0.142202	1.37954	0.0794603	0.0101317	0.130777	5.38915
246	0.0102572	0.155885	1.63954	0.095952	0.0100651	0.131066	5.82677
247	0.0131707	0.173593	2.63866	0.116942	0.0107874	0.133609	6.78005
248	0.0130044	0.183056	2.52856	0.124438	0.0101317	0.132297	5.38915
249	0.0131707	0.196582	2.52856	0.137931	0.0101317	0.133605	5.38915
250	0.0135156	0.218135	2.87252	0.154423	0.0100651	0.123581	5.38915
251	0.0102572	0.254388	2.87252	0.190405	0.0101513	0.116654	4.67412
252	0.0111839	0.227003	2.63866	0.158921	0.0100651	0.110104	4.07439
253	0.0133894	0.195078	2.43066	0.128936	0.0100651	0.102714	3.7428
254	0.0153283	0.176859	2.63866	0.113943	0.0101317	0.109355	4.15843
255	0.0108842	0.166493	1.75097	0.101949	0.0100651	0.114138	5.38915
256	0.0108842	0.161784	1.63954	0.101949	0.0100651	0.109785	7.85221
257	0.0100921	0.159774	1.62223	0.106447	0.0101317	0.0978281	4.07423
258	0.0104422	0.150562	1.63954	0.0974513	0.0100651	0.0864175	2.84006
259	0.0100637	0.134411	1.4004	0.0749625	0.0100651	0.0881981	3.20513
260	0.0100637	0.129907	1.31816	0.0689655	0.0100651	0.0941425	4.13937
261	0.0100637	0.122119	1.31816	0.0629685	0.0101317	0.0901958	3.46606
262	0.0100637	0.113757	1.17294	0.0584708	0.0100651	0.0869226	2.86537
263	0.0100637	0.110233	1.17294	0.0584708	0.0100116	0.0784186	1.76457
264	0.0100637	0.106374	1.17294	0.0584708	0.0100116	0.0669819	1.08111
265	0.0100637	0.104238	1.08264	0.0554723	0.0100116	0.0643346	0.902217
266	0.0101041	0.102781	1.17294	0.0584708	0.0100116	0.0619875	0.902217
267	0.0100637	0.0997884	1.11103	0.0554723	0.0100116	0.0599229	0.846343
268	0.0100637	0.0973689	1.01008	0.0509745	0.0100116	0.0572007	0.783403
269	0.0100637	0.096539	0.961334	0.0494753	0.0100116	0.0560111	0.783403
270	0.0100637	0.0956092	1.01008	0.0509745	0.0100116	0.0563298	0.58869
271	0.0102572	0.0908815	0.961334	0.0449775	0.0100116	0.0532236	0.542183
272	0.0100637	0.0865683	0.806432	0.0374813	0.0100116	0.0523686	0.487671
273	0.0100637	0.0802777	0.660468	0.0314843	0.0100116	0.0523813	0.539969
274	0.0100637	0.0747165	0.596037	0.0224888	0.0100507	0.0524548	0.501537
275	0.0100637	0.0689722	0.522972	0.011994	0.0100507	0.0504507	0.466234
276	0.0100762	0.0661609	0.520059	0.0149925	0.0100507	0.0474327	0.3809
277	0.0104422	0.0648509	0.522972	0.011994	0.0100507	0.0462221	0.317161
278	0.0100637	0.0633999	0.46479	0.0104948	0.0100507	0.0447468	0.274804
279	0.0102572	0.0648869	0.520059	0.011994	0.0100507	0.0444785	0.253459
280	0.0100637	0.0647923	0.520059	0.0134933	0.0101317	0.0448272	0.253459
281	0.0100762	0.0637862	0.520059	0.011994	0.0100507	0.0448663	0.250781
282	0.0100762	0.0649048	0.581421	0.0149925	0.0100507	0.0445335	0.24854
283	0.0100762	0.0647339	0.581421	0.0149925	0.0100507	0.0436293	0.234492
284	0.0102572	0.0652703	0.581421	0.0134933	0.0101317	0.0430577	0.24854
285	0.0101041	0.0645289	0.581421	0.0149925	0.0100507	0.0439336	0.249113
286	0.0102932	0.0634021	0.581421	0.011994	0.0100507	0.0431841	0.229178
287	0.0100762	0.0611745	0.54714	0.011994	0.0101317	0.0427287	0.209733
288	0.0101041	0.0609644	0.581421	0.0164918	0.0100651	0.0427485	0.199541
289	0.0100762	0.0607812	0.54714	0.011994	0.0101317	0.042415	0.209733
290	0.0100762	0.0620786	0.554538	0.0134933	0.0100651	0.043126	0.199541
291	0.0100762	0.0620988	0.54714	0.0134933	0.0100651	0.0428844	0.209733
292	0.0100508	0.0639367	0.571222	0.0164918	0.0100651	0.0433731	0.243303
293	0.010048	0.0652202	0.603182	0.0224888	0.010109	0.0419924	0.209733
294	0.010048	0.0633555	0.563763	0.0194903	0.010109	0.0415054	0.194572
295	0.0100508	0.0640845	0.571222	0.023988	0.0100651	0.0410108	0.192857
296	0.010048	0.065175	0.690675	0.0344828	0.0100652	0.0406981	0.182892
297	0.0100508	0.0636363	0.581421	0.0284858	0.0100651	0.0402045	0.177806
298	0.010048	0.0623619	0.603182	0.029985	0.0100651	0.0388813	0.167183
299	0.010048	0.0705258	0.929182	0.0494753	0.0100651	0.0388481	0.166178
300	0.010048	0.0650415	0.634053	0.0374813	0.0100651	0.0385112	0.164986
301	0.010048	0.0609534	0.554538	0.0284858	0.0100651	0.0390796	0.169158
302	0.010048	0.0661611	0.76502	0.041979	0.0100651	0.0390855	0.169158
303	0.010048	0.0705625	1.00639	0.0509745	0.0100652	0.0406601	0.182892
304	0.010048	0.0720107	1.36408	0.0614693	0.0100651	0.0421994	0.186715
305	0.010032	0.0752783	1.56233	0.0764618	0.0100652	0.0430497	0.194572
306	0.010032	0.0821681	3.78669	0.0944528	0.0100651	0.0441266	0.216097
307	0.0100508	0.144274	17.1604	0.191904	0.010109	0.0528386	0.352521
308	0.010032	0.073389	1.67544	0.071964	0.0100651	0.0587994	0.432161
309	0.010032	0.0676783	1.03629	0.053973	0.0100651	0.067078	1.23122
310	0.010048	0.0673536	1.00639	0.0509745	0.0100651	0.0852809	4.00303
311	0.010048	0.0656938	0.962536	0.0494753	0.0100651	0.0987165	9.98471
312	0.010048	0.0643656	0.949201	0.047976	0.0100651	0.113219	12.6981
313	0.010048	0.0614957	0.773053	0.041979	0.0100651	0.11463	11.5256
314	0.010048	0.0669653	1.19835	0.0554723	0.0100651	0.124814	15.9817
315	0.010048	0.0632452	0.846447	0.0434783	0.0100651	0.156035	28.7413
316	0.010048	0.0618133	0.685905	0.0374813	0.0100651	0.170052	28.7413
317	0.010048	0.0632481	0.702503	0.0389805	0.0100651	0.203212	33.0249
318	0.010048	0.0621509	0.76502	0.0389805	0.0100651	0.213582	33.0249
319	0.010048	0.0648756	0.8755	0.0434783	0.0100652	0.243544	36.1005
320	0.010048	0.0631621	0.76502	0.0374813	0.0100651	0.232941	33.4044
321	0.010048	0.0601669	0.606737	0.0344828	0.0100651	0.241925	36.1005
322	0.010048	0.0593436	0.551915	0.035982	0.0101317	0.256717	39.7725
323	0.010048	0.0592942	0.548931	0.0344828	0.0100652	0.252015	39.7725
324	0.010048	0.0602737	0.549544	0.0329835	0.0103212	0.24418	39.7725
325	0.010048	0.062694	0.562288	0.0344828	0.0103212	0.254146	39.7725
326	0.010048	0.0643671	0.593128	0.0404798	0.0103212	0.257605	41.8776
327	0.010048	0.061884	0.551915	0.0329835	0.0105296	0.28655	46.0085
328	0.010048	0.0623504	0.548613	0.029985	0.0105296	0.297947	46.0151
329	0.010048	0.0629355	0.548931	0.0284858	0.0105296	0.342692	46.1163
330	0.010048	0.062067	0.516422	0.0224888	0.0105296	0.346671	46.1163
331	0.010048	0.058997	0.412968	0.0149925	0.0105296	0.337737	46.0085
332	0.010048	0.0576777	0.369205	0.0089955	0.0105296	0.328548	42.816
333	0.010048	0.057638	0.369205	0.0104948	0.0105306	0.282491	39.7725
334	0.010048	0.0583052	0.38791	0.0104948	0.0105296	0.276806	37.36
335	0.010048	0.0581427	0.369205	0.0089955	0.0105296	0.239036	36.4598
336	0.010048	0.0574009	0.368228	0.0089955	0.0105296	0.224881	37.36
337	0.0100508	0.0577168	0.368228	0.0089955	0.0105296	0.219721	39.2916
338	0.010048	0.0575524	0.377237	0.0104948	0.0103777	0.21302	40.3341
339	0.010048	0.057731	0.4009	0.0134933	0.0103777	0.217558	40.3341
340	0.010048	0.0580193	0.40137	0.0134933	0.0103777	0.219277	44.2866
341	0.010048	0.0564946	0.377237	0.00749625	0.0103777	0.234274	46.1163
342	0.010048	0.0572708	0.4009	0.00749625	0.0113203	0.265969	52.7151
343	0.010048	0.057628	0.411924	0.00749625	0.0113203	0.270982	52.7151
344	0.010048	0.0599688	0.429592	0.0104948	0.0105296	0.277938	46.1163
345	0.010048	0.0608997	0.49342	0.011994	0.0104034	0.274071	44.2866
346	0.010048	0.0606521	0.482256	0.0089955	0.0105296	0.279423	39.2916
347	0.0100508	0.0639159	0.542347	0.017991	0.0103794	0.286128	39.141
348	0.010048	0.0660704	0.644486	0.0194903	0.0103794	0.244788	30.9338
349	0.010048	0.0669916	0.663776	0.0209895	0.0103794	0.232974	30.0079
350	0.010048	0.0683859	0.67276	0.0224888	0.0103794	0.229659	30.0079
351	0.0100135	0.0688486	0.722527	0.029985	0.0103794	0.271723	33.1527
352	0.010048	0.0714343	0.829802	0.0344828	0.0103794	0.324172	39.2916
353	0.010048	0.0748227	0.910835	0.0404798	0.0103794	0.37181	41.4076
354	0.010048	0.0802631	0.923612	0.041979	0.0103794	0.40577	43.5592
355	0.0102477	0.0795726	0.924214	0.035982	0.0103794	0.395202	43.5592
356	0.0100135	0.0805159	0.902313	0.035982	0.0103794	0.460389	48.5799
357	0.0100135	0.0790124	0.902313	0.035982	0.0103794	0.46931	49.4968
358	0.0100508	0.0793384	0.749462	0.0329835	0.0103794	0.507054	50.5638
359	0.0102477	0.0783186	0.749462	0.029985	0.0146529	0.576772	65.5397
360	0.0100508	0.0810413	0.747768	0.0329835	0.0157043	0.683556	68.0883
361	0.0100135	0.0823317	0.689727	0.0269865	0.0157043	0.803748	68.0883
362	0.0102477	0.0839066	0.749462	0.0314843	0.0140855	0.883074	64.0667
363	0.0100135	0.0889941	0.790197	0.0389805	0.0157043	0.973422	68.0883
364	0.0105979	0.0989668	1.08249	0.0509745	0.0163089	0.988323	65.5397
365	0.0102477	0.10319	1.06515	0.053973
