		omega		Posterior		rho				Synonymous theta			kappa			phi	
Site	Lower	Point	Higher	prob of +ve	Lower	Point	Higher		Lower	Point	Higher	Lower	Point	Higher	Lower	Point	Higher
	95% HPD	estimate	95% HPD	selection	95% HPD	estimate	95% HPD		95% HPD	estimate	95% HPD	95% HPD	estimate	95% HPD	95% HPD	estimate	95% HPD
0	0.011841	0.0807731	0.483699	0.005997	0.0102832	0.184831	7.33915		0.0226036	0.0387738	0.0629167	1.32858	3.88815	11.6544	1.72451	14.8504	143.95
1	0.0116214	0.0807768	0.465258	0.00449775	0.0100068	0.16673	4.54138
2	0.011841	0.0816436	0.483699	0.00449775	0.0103984	0.168189	4.38428
3	0.011841	0.081441	0.491585	0.00449775	0.0102832	0.176035	4.77059
4	0.0105261	0.0806638	0.443485	0.00449775	0.0102832	0.168181	3.68857
5	0.011841	0.0817596	0.484284	0.00449775	0.0102832	0.158527	3.44788
6	0.0117107	0.0834208	0.491585	0.005997	0.0102832	0.130719	2.1686
7	0.0117107	0.0839873	0.491585	0.005997	0.0102832	0.120784	2.1686
8	0.0109052	0.0845774	0.484284	0.0104948	0.0101248	0.113314	3.17072
9	0.0108126	0.0843927	0.484284	0.0089955	0.0100041	0.106295	4.46261
10	0.0107462	0.0847882	0.484284	0.011994	0.0100041	0.0973697	5.13389
11	0.0102368	0.0865621	0.484284	0.011994	0.010018	0.0904782	6.73366
12	0.0107462	0.0906633	0.575557	0.0164918	0.010018	0.0826835	4.46261
13	0.0102145	0.0948009	0.594928	0.017991	0.010018	0.0760237	1.96196
14	0.0104142	0.103348	0.799329	0.0329835	0.0101632	0.0697556	1.26329
15	0.0109052	0.119004	1.20968	0.05997	0.010018	0.0613113	0.750559
16	0.0104142	0.0965689	0.701499	0.029985	0.010018	0.0606088	0.750559
17	0.0104142	0.0874896	0.561371	0.023988	0.0101632	0.0589769	0.757529
18	0.0104142	0.0823396	0.483699	0.0194903	0.010018	0.0575729	0.757529
19	0.0106715	0.0764413	0.414397	0.0194903	0.010018	0.0532286	0.625966
20	0.0106446	0.0723208	0.393071	0.0149925	0.0101632	0.053855	0.702819
21	0.0105702	0.0698438	0.393071	0.0134933	0.010018	0.0528361	0.589654
22	0.0109529	0.0660514	0.401811	0.0089955	0.010018	0.0511177	0.465154
23	0.0102368	0.0628225	0.361276	0.005997	0.010018	0.0488791	0.454375
24	0.0102368	0.0621884	0.349434	0.00449775	0.010018	0.0472729	0.372227
25	0.010456	0.0600069	0.344624	0.0029985	0.010018	0.0464345	0.372227
26	0.010567	0.0589654	0.341126	0.00149925	0.010018	0.0440977	0.329942
27	0.010117	0.0575686	0.310403	0.00449775	0.010018	0.0442634	0.372227
28	0.0102368	0.0555901	0.290358	0.0029985	0.010018	0.043355	0.329942
29	0.010567	0.0545455	0.290358	0.0029985	0.0101632	0.0427463	0.343813
30	0.0102368	0.0527387	0.269922	0.00149925	0.010018	0.0424448	0.323283
31	0.0102368	0.0521626	0.273053	0.00449775	0.010018	0.0425299	0.341043
32	0.0102368	0.0515831	0.267181	0.00149925	0.010018	0.0408992	0.290145
33	0.0102368	0.0506619	0.239265	0	0.010018	0.0402245	0.267376
34	0.0102368	0.0502947	0.237849	0	0.010018	0.0397577	0.260312
35	0.0100678	0.0504079	0.237849	0.0029985	0.010018	0.0395206	0.249116
36	0.010456	0.0486609	0.239265	0.00149925	0.0101424	0.0397832	0.254491
37	0.0100678	0.048078	0.219739	0.00449775	0.0101424	0.0394212	0.249116
38	0.0100678	0.0476648	0.223207	0.00449775	0.010018	0.0385749	0.22351
39	0.0100678	0.0468727	0.200845	0.00449775	0.0102421	0.0379246	0.212102
40	0.0100678	0.0462344	0.211677	0.0029985	0.0101424	0.0381152	0.209195
41	0.0102368	0.0461858	0.237849	0.005997	0.0101424	0.0386469	0.209195
42	0.0102368	0.0458881	0.243699	0.005997	0.0101632	0.0383151	0.205274
43	0.0103876	0.0448019	0.240339	0.00449775	0.0101424	0.0389341	0.205274
44	0.0100678	0.0445732	0.223207	0.005997	0.0101424	0.0405334	0.212102
45	0.0102118	0.0439478	0.236999	0.0029985	0.010018	0.0411912	0.22351
46	0.0100678	0.0434394	0.223207	0.00149925	0.010018	0.0420315	0.234172
47	0.0100678	0.0433601	0.215936	0	0.010018	0.0426985	0.22351
48	0.0102118	0.043005	0.211677	0.00149925	0.0101753	0.0429817	0.240136
49	0.0100678	0.0430878	0.200845	0.00149925	0.010018	0.0423052	0.209195
50	0.0102118	0.0425919	0.200845	0	0.0101753	0.0425904	0.240136
51	0.0100353	0.0414567	0.19583	0	0.0101753	0.043202	0.240136
52	0.0100353	0.0417208	0.19583	0	0.010018	0.0431168	0.240136
53	0.0100353	0.0419416	0.19583	0	0.010018	0.0430793	0.249116
54	0.0100353	0.0422649	0.194646	0.0029985	0.010018	0.0445357	0.260494
55	0.0100353	0.0418063	0.194646	0.0029985	0.010018	0.0427089	0.249116
56	0.0100353	0.0413631	0.181888	0.00149925	0.0100867	0.0420067	0.220384
57	0.0100353	0.0412867	0.186173	0.0029985	0.010018	0.0422532	0.221942
58	0.0100353	0.0412865	0.186173	0.00449775	0.0100881	0.0437093	0.275644
59	0.0100678	0.0413693	0.181888	0.0029985	0.010018	0.0429113	0.22351
60	0.0101233	0.0412932	0.181994	0.0029985	0.010018	0.0423043	0.234438
61	0.0101233	0.0410506	0.186173	0.0029985	0.010018	0.04225	0.230276
62	0.0102118	0.0414298	0.19583	0.00449775	0.010018	0.0422265	0.24153
63	0.0101233	0.042237	0.215882	0.00449775	0.010018	0.0423593	0.24153
64	0.0102368	0.0422529	0.202521	0.00149925	0.010018	0.0432919	0.247342
65	0.0102368	0.0421342	0.202521	0	0.010018	0.0444723	0.247342
66	0.0103876	0.042023	0.202521	0	0.010018	0.0443811	0.24153
67	0.0103876	0.0422239	0.202521	0	0.0100867	0.0456374	0.260118
68	0.0102368	0.0422798	0.19583	0	0.010018	0.0464831	0.260494
69	0.0103876	0.0433791	0.218255	0	0.0100867	0.0465316	0.260118
70	0.0103876	0.0436893	0.218255	0	0.0100867	0.0469728	0.260494
71	0.0101233	0.0442649	0.218031	0.00149925	0.0100867	0.0475466	0.260494
72	0.0103876	0.0446993	0.229665	0.00149925	0.010018	0.0471114	0.249116
73	0.0103876	0.0461153	0.230092	0.00149925	0.010018	0.0460322	0.227388
74	0.010567	0.046764	0.238998	0.00149925	0.0100867	0.0454499	0.227388
75	0.0103876	0.0475295	0.236414	0.00149925	0.010018	0.0452102	0.221942
76	0.0105137	0.0472637	0.238998	0.00149925	0.0100867	0.0452703	0.227388
77	0.0102051	0.0497728	0.274475	0.00749625	0.010018	0.04624	0.232754
78	0.0103876	0.0509409	0.284599	0.005997	0.010018	0.0465705	0.276171
79	0.010567	0.0509826	0.288261	0.00149925	0.010018	0.0466077	0.27321
80	0.0102051	0.0522687	0.288261	0.0029985	0.0100867	0.047027	0.277694
81	0.0102051	0.0527366	0.292679	0.0029985	0.0101753	0.0470733	0.279825
82	0.0102051	0.0538721	0.340042	0.00449775	0.0101753	0.0469732	0.276171
83	0.0103191	0.054979	0.340042	0.0029985	0.010018	0.0465661	0.232754
84	0.0103191	0.0561372	0.340042	0.0029985	0.0101972	0.045613	0.230276
85	0.0102436	0.0569238	0.340042	0.00449775	0.0101753	0.0455094	0.230276
86	0.0103191	0.0591805	0.371772	0.005997	0.0103508	0.0445049	0.229821
87	0.0102436	0.0599906	0.361887	0.005997	0.010018	0.042468	0.205254
88	0.0103869	0.0607121	0.371772	0.0029985	0.010018	0.041362	0.177582
89	0.0103869	0.0622181	0.386146	0.00449775	0.0101972	0.0402025	0.167993
90	0.0103191	0.0641152	0.389267	0.005997	0.0101972	0.0394171	0.166802
91	0.0103191	0.0684726	0.433162	0.005997	0.0101972	0.0389596	0.165908
92	0.0103191	0.0695622	0.441858	0.00749625	0.0101972	0.0389	0.165908
93	0.0103191	0.0728075	0.481341	0.00749625	0.010018	0.0388299	0.162366
94	0.0106895	0.0786831	0.557705	0.0149925	0.010018	0.038812	0.162366
95	0.0103191	0.0830628	0.570225	0.0149925	0.0100041	0.0382761	0.163504
96	0.0107049	0.0935712	0.721715	0.0224888	0.0100867	0.03828	0.165908
97	0.0103191	0.102996	0.891984	0.0389805	0.0100041	0.0381934	0.163504
98	0.0113084	0.121794	1.45586	0.0644678	0.0100041	0.038118	0.163504
99	0.0103024	0.108906	0.968926	0.0464768	0.0100041	0.038575	0.165606
100	0.0100121	0.0977639	0.722782	0.0314843	0.0100041	0.0389348	0.169583
101	0.0100121	0.0883317	0.570225	0.017991	0.0100041	0.0398356	0.181173
102	0.0100121	0.0871873	0.557705	0.0149925	0.0100041	0.0403887	0.181173
103	0.0100121	0.086057	0.557705	0.0149925	0.0100041	0.0405537	0.182937
104	0.0107049	0.0813055	0.557705	0.0149925	0.0100041	0.0413559	0.196686
105	0.0100121	0.0776013	0.443312	0.011994	0.0100041	0.0415247	0.201231
106	0.0101994	0.0753234	0.443312	0.0104948	0.0100867	0.0413927	0.222943
107	0.0102191	0.072838	0.423258	0.00749625	0.0100041	0.0412874	0.211052
108	0.0101994	0.0703857	0.380467	0.00449775	0.0100041	0.0422442	0.222462
109	0.0100121	0.0707507	0.384739	0.005997	0.0100041	0.0424723	0.225932
110	0.010618	0.0686281	0.384739	0.00449775	0.010018	0.0435072	0.273288
111	0.0103024	0.0664834	0.350642	0.0029985	0.0100041	0.0435403	0.280615
112	0.0104159	0.0658947	0.350642	0.0029985	0.010018	0.0430158	0.273288
113	0.0101994	0.0645451	0.344661	0.00449775	0.0100041	0.0432966	0.273288
114	0.010618	0.0646284	0.350642	0.005997	0.010018	0.0433919	0.273288
115	0.0107049	0.0636839	0.350642	0.00749625	0.0100041	0.0440931	0.273288
116	0.010653	0.0625147	0.352529	0.0029985	0.0100041	0.0455266	0.287882
117	0.010653	0.0626993	0.352529	0.0029985	0.0100867	0.0466387	0.296218
118	0.0102187	0.0634094	0.350642	0.005997	0.0100041	0.054443	0.53293
119	0.0101821	0.0638576	0.356612	0.005997	0.0100041	0.0639906	2.3069
120	0.010053	0.064033	0.356612	0.005997	0.0100041	0.0754026	8.97745
121	0.0101821	0.0621994	0.34671	0.0029985	0.0100684	0.0810091	10.8995
122	0.0101821	0.0633063	0.352166	0.00449775	0.0100684	0.0948233	14.6213
123	0.0101821	0.063481	0.356612	0.00449775	0.0100041	0.100696	13.4408
124	0.010053	0.0646746	0.374717	0.00449775	0.0100041	0.106515	12.676
125	0.010053	0.0666365	0.397769	0.00749625	0.0100041	0.122377	13.3453
126	0.010053	0.0708082	0.491947	0.011994
