		omega		Posterior		rho				Synonymous theta			kappa			phi	
Site	Lower	Point	Higher	prob of +ve	Lower	Point	Higher		Lower	Point	Higher	Lower	Point	Higher	Lower	Point	Higher
	95% HPD	estimate	95% HPD	selection	95% HPD	estimate	95% HPD		95% HPD	estimate	95% HPD	95% HPD	estimate	95% HPD	95% HPD	estimate	95% HPD
0	0.0101097	0.478587	31.4847	0.346327	0.0101058	0.180814	13.2056		0.00152141	0.00851595	0.0352203	0.947851	9.10673	136.935	1.70237e+33	4.97687e+48	3.58661e+63
1	0.0101097	0.46198	28.2281	0.349325	0.0101058	0.162533	7.76688
2	0.0101097	0.433421	23.3789	0.341829	0.0101058	0.155099	7.31827
3	0.0101097	0.418649	16.079	0.335832	0.0101058	0.148255	5.64478
4	0.0101097	0.400476	13.6827	0.323838	0.0101058	0.144743	4.3605
5	0.0101097	0.389535	12.8251	0.32084	0.0100548	0.142923	4.3605
6	0.0101097	0.387206	11.2467	0.317841	0.0100548	0.136617	4.30459
7	0.0101097	0.384562	8.82506	0.316342	0.0101058	0.140755	4.70315
8	0.0101097	0.376646	7.72152	0.313343	0.010105	0.146016	6.37798
9	0.0101097	0.369145	6.08357	0.308846	0.010105	0.145844	6.66894
10	0.0102137	0.395387	5.79524	0.322339	0.010105	0.141308	6.37798
11	0.0138549	0.413799	6.76257	0.329835	0.010105	0.143151	6.62444
12	0.0133301	0.436351	6.09262	0.335832	0.0101058	0.140214	6.83632
13	0.0134023	0.450416	6.09262	0.343328	0.0101058	0.140773	6.66894
14	0.0134023	0.512369	6.92606	0.364318	0.0101058	0.14117	6.62444
15	0.012929	0.59568	8.96091	0.386807	0.0100431	0.131526	6.37798
16	0.026596	0.717062	15.6504	0.427286	0.0100431	0.126393	6.00712
17	0.0394772	0.881651	18.4899	0.472264	0.0101058	0.127338	6.69147
18	0.0377804	0.749791	16.4001	0.433283	0.0101058	0.129893	7.36145
19	0.0186176	0.648939	8.32192	0.401799	0.0100431	0.132215	9.0221
20	0.0186176	0.605605	8.32192	0.374813	0.0100431	0.128969	8.76107
21	0.0195347	0.547857	7.79605	0.347826	0.0100431	0.127746	6.9987
22	0.0126444	0.494833	5.05911	0.325337	0.0100431	0.120093	4.30459
23	0.0131234	0.458134	4.38422	0.305847	0.0100431	0.120428	5.07394
24	0.0131234	0.434683	4.38422	0.296852	0.0100431	0.118477	5.28588
25	0.0131234	0.41925	4.38422	0.283358	0.0100431	0.117504	4.98267
26	0.0136508	0.424941	4.38422	0.287856	0.0100431	0.116998	6.9987
27	0.0147802	0.401192	4.53103	0.278861	0.0100431	0.114046	4.91141
28	0.0151612	0.396463	4.38422	0.281859	0.0100431	0.110883	3.40889
29	0.0126512	0.395536	3.85684	0.283358	0.0101063	0.11033	3.09312
30	0.0126512	0.405152	3.9878	0.287856	0.0100431	0.108997	3.01123
31	0.0136508	0.416492	4.24723	0.292354	0.0101063	0.105567	2.80244
32	0.0151612	0.433947	4.44081	0.302849	0.0100431	0.100574	2.03083
33	0.0151612	0.456293	5.05911	0.317841	0.0101063	0.0975806	2.13243
34	0.0251458	0.484296	9.23167	0.337331	0.0101063	0.0946153	1.87835
35	0.0244503	0.529027	9.23167	0.352324	0.0101063	0.0916954	1.68139
36	0.0235186	0.596984	9.74876	0.382309	0.0101063	0.0911443	1.67016
37	0.051921	0.857236	19.2104	0.44078	0.0101063	0.0935251	1.71664
38	0.0186131	0.633854	12.6782	0.382309	0.0101063	0.0959878	2.01702
39	0.0117445	0.496137	8.71427	0.343328	0.0101063	0.101856	2.68125
40	0.0143655	0.400119	8.71427	0.29985	0.0101063	0.112445	4.99239
41	0.0101329	0.360702	6.06218	0.277361	0.0101063	0.132039	10.0735
42	0.0101329	0.309963	5.05911	0.247376	0.0101063	0.165313	16.0681
43	0.0104991	0.260647	4.58453	0.211394	0.0101063	0.205117	31.3685
44	0.0103454	0.223733	3.85684	0.184408	0.0101063	0.2435	47.2046
45	0.0100594	0.206865	3.60349	0.176912	0.0101063	0.272686	47.9944
46	0.0100594	0.196859	3.3779	0.169415	0.0101063	0.302583	48.1877
47	0.0100594	0.188069	2.94497	0.163418	0.0101398	0.320223	48.6933
48	0.0100594	0.174441	2.70707	0.149925	0.010604	0.360822	49.3585
49	0.0112535	0.165674	2.70707	0.14093	0.010604	0.38863	42.2272
50	0.0112535	0.163687	2.70707	0.142429	0.0101576	0.422176	44.9688
51	0.0100256	0.158619	2.06885	0.137931	0.0101576	0.427563	48.1877
52	0.0105911	0.150578	2.06885	0.131934	0.0108396	0.455653	57.5501
53	0.0100594	0.149476	1.89708	0.131934	0.0108396	0.495931	58.3793
54	0.0113281	0.150717	2.147	0.133433	0.010604	0.508536	57.9814
55	0.0113281	0.148686	2.27577	0.136432	0.010604	0.553524	58.3793
56	0.0113281	0.144922	2.27577	0.130435	0.010383	0.621144	58.3793
57	0.0113745	0.141819	2.147	0.125937	0.0108396	0.661995	62.5025
58	0.0106254	0.142619	2.04999	0.131934	0.0108396	0.709466	62.7282
59	0.0106065	0.144607	2.20354	0.137931	0.0102853	0.749795	62.5025
60	0.0106065	0.142629	2.147	0.136432	0.0102853	0.792842	62.5025
61	0.0103689	0.14529	2.20354	0.13943	0.0101576	0.787028	62.5025
62	0.0100594	0.145471	2.147	0.137931	0.0102853	0.863086	62.5025
63	0.0100594	0.144635	2.147	0.13943	0.0161552	0.948904	98.8974
64	0.0100594	0.144522	2.04999	0.137931	0.0167093	1.08925	99.8457
65	0.0100594	0.144076	2.20354	0.133433	0.0161552	1.07232	98.8974
66	0.0100594	0.143734	2.04999	0.128936	0.0156052	1.09845	97.1035
67	0.010751	0.14465	2.50428	0.131934	0.0124328	1.05403	77.4727
68	0.010751	0.155137	2.95035	0.146927	0.0124208	1.04534	77.4727
69	0.0100594	0.156436	2.90249	0.148426	0.0124208	1.04405	77.4727
70	0.0100594	0.165078	3.29765	0.16042	0.012009	1.0328	78.0182
71	0.0100594	0.178645	5.07611	0.17991
