		omega		Posterior		rho				Synonymous theta			kappa			phi	
Site	Lower	Point	Higher	prob of +ve	Lower	Point	Higher		Lower	Point	Higher	Lower	Point	Higher	Lower	Point	Higher
	95% HPD	estimate	95% HPD	selection	95% HPD	estimate	95% HPD		95% HPD	estimate	95% HPD	95% HPD	estimate	95% HPD	95% HPD	estimate	95% HPD
0	0.0100384	0.0292076	0.173165	0	0.0100205	0.0762394	1.01145		0.0609795	0.0730789	0.0877349	2.11648	3.10599	5.0341	0	0	0
1	0.0100384	0.0279917	0.163695	0	0.0102725	0.0745599	0.9786
2	0.0100384	0.0278005	0.158848	0	0.0100205	0.0702632	0.81836
3	0.0100384	0.0273778	0.147331	0	0.0101618	0.0701161	0.81836
4	0.0100384	0.0273048	0.147331	0	0.0101618	0.0691013	0.930301
5	0.0100384	0.0270561	0.133805	0	0.0101618	0.0666732	0.758819
6	0.0100384	0.027014	0.121586	0	0.0101618	0.0645916	0.568704
7	0.0100384	0.0265344	0.106853	0	0.0102725	0.0634217	0.568704
8	0.0100384	0.0261628	0.106027	0	0.0101618	0.0667166	0.568704
9	0.0100384	0.0259756	0.103498	0	0.0101618	0.0843346	8.4842
10	0.0100384	0.0259637	0.103498	0	0.0101618	0.0977987	17.5966
11	0.0100384	0.0256766	0.0912109	0	0.0102725	0.112269	22.5371
12	0.0100384	0.0254969	0.0933966	0	0.0101618	0.113932	22.5371
13	0.0100384	0.0254175	0.0912109	0	0.0101618	0.114882	22.5371
14	0.0100384	0.0252983	0.0910218	0	0.0101618	0.116726	22.5371
15	0.0100384	0.0252587	0.0884254	0	0.0101618	0.115579	22.5371
16	0.0100384	0.0247317	0.0831547	0	0.0101618	0.112984	22.5371
17	0.0100384	0.0249954	0.0831547	0	0.0102725	0.103542	19.008
18	0.0100384	0.0249322	0.0811853	0	0.0104102	0.0977135	17.5966
19	0.0100384	0.024977	0.0783124	0	0.0101618	0.0879012	13.8212
20	0.0100384	0.0251399	0.0783124	0	0.0101618	0.0863682	13.1429
21	0.0100384	0.0251553	0.0759119	0	0.0101618	0.0838659	8.4842
22	0.0100384	0.0255408	0.0809778	0	0.0101618	0.0814334	1.03582
23	0.0100384	0.0255207	0.0809778	0	0.0101618	0.0710008	0.391429
24	0.0100384	0.0252757	0.0783124	0	0.0101618	0.0691159	0.280937
25	0.0100384	0.0251663	0.0759119	0	0.0111739	0.0634732	0.280937
26	0.0100384	0.0250388	0.077579	0	0.0122926	0.0619837	0.280937
27	0.0100384	0.0252241	0.0783124	0	0.0131924	0.0594358	0.280937
28	0.0100384	0.025248	0.0795837	0	0.0132467	0.0589032	0.280937
29	0.0100384	0.0256517	0.0831547	0	0.0114092	0.0580391	0.222608
30	0.0100384	0.0259146	0.0839674	0.00449775	0.0117456	0.0588778	0.222608
31	0.0100384	0.0262805	0.116683	0.00449775	0.0117456	0.0593122	0.222608
32	0.0100384	0.0263793	0.115514	0.005997	0.0117456	0.0595529	0.222608
33	0.0100384	0.0261886	0.0861547	0.00149925	0.0122926	0.059428	0.228145
34	0.0100384	0.0260057	0.107215	0.00149925	0.0117456	0.0589728	0.222608
35	0.0100384	0.0258281	0.0845997	0	0.0103309	0.0588189	0.213849
36	0.0100384	0.0260762	0.0946988	0	0.0103309	0.0581612	0.213849
37	0.0100384	0.0260597	0.107215	0	0.0103309	0.0581452	0.226239
38	0.0100384	0.0262149	0.107215	0	0.0118559	0.0593927	0.279436
39	0.0100384	0.0265641	0.10956	0	0.0114092	0.0610668	0.279436
40	0.0100384	0.0264719	0.107215	0	0.0110063	0.0625065	0.270747
41	0.0100384	0.0267754	0.10956	0	0.0110063	0.0642351	0.277409
42	0.0100384	0.0270681	0.117995	0	0.0110063	0.0651758	0.277409
43	0.0100384	0.0269297	0.103878	0	0.0110063	0.0672279	0.279436
44	0.0100384	0.0270208	0.107215	0	0.0110063	0.0823893	0.518264
45	0.0100384	0.0273029	0.107215	0	0.0102775	0.0836353	0.535965
46	0.010019	0.0271055	0.101156	0.00149925	0.0124782	0.0802929	0.518264
47	0.010019	0.027054	0.101156	0.00149925	0.0102775	0.0732959	0.353793
48	0.0100384	0.0273041	0.103938	0.00149925	0.0103557	0.0668945	0.303306
49	0.010019	0.0273169	0.101156	0.00149925	0.0102062	0.0641807	0.279436
50	0.010019	0.0267654	0.0908464	0	0.0102062	0.0595843	0.211935
51	0.010019	0.0271402	0.101156	0	0.0102062	0.0593002	0.233357
52	0.010019	0.0271505	0.101156	0	0.0102062	0.0577146	0.229637
53	0.010019	0.0271226	0.0970734	0.00149925	0.0102062	0.0565418	0.206879
54	0.010019	0.0270456	0.0946988	0.00149925	0.0102062	0.0552822	0.201021
55	0.010019	0.0272165	0.101156	0	0.0102062	0.0558751	0.201021
56	0.010019	0.0272526	0.0970734	0	0.0102062	0.0581112	0.229637
57	0.0100384	0.0275868	0.103938	0	0.0102062	0.0580273	0.229637
58	0.010019	0.0279242	0.103938	0	0.0102062	0.0581891	0.216379
59	0.010019	0.0280796	0.10956	0	0.0102062	0.0590869	0.245814
60	0.0100384	0.0275697	0.103878	0	0.0102062	0.0585772	0.229637
61	0.0100384	0.0279387	0.103938	0	0.0102062	0.0556444	0.201021
62	0.010019	0.0281392	0.103938	0	0.0102062	0.0537801	0.19316
63	0.010019	0.0279828	0.103938	0	0.0102062	0.0531988	0.192854
64	0.010019	0.0283444	0.116273	0.00149925	0.0102062	0.0538193	0.194567
65	0.0100384	0.0283999	0.11752	0.00149925	0.0102062	0.0537086	0.19889
66	0.010019	0.0294683	0.128842	0	0.0102062	0.0548248	0.216283
67	0.010019	0.0299731	0.139134	0	0.0102062	0.0542193	0.216981
68	0.0100384	0.0303865	0.142915	0	0.0102062	0.0542182	0.218299
69	0.010019	0.0305452	0.141438	0	0.0102062	0.0538977	0.229637
70	0.010019	0.0306007	0.139134	0	0.0102062	0.0528946	0.229637
71	0.010019	0.0309063	0.14102	0	0.0102062	0.0541289	0.258114
72	0.010019	0.030826	0.133997	0	0.0102062	0.056694	0.275783
73	0.010019	0.0304817	0.130082	0	0.0102062	0.0574355	0.279097
74	0.0100384	0.030743	0.130658	0	0.0102062	0.0574609	0.279436
75	0.010019	0.0312971	0.131378	0	0.0102062	0.057232	0.269058
76	0.010019	0.0311957	0.129787	0	0.0102062	0.0584787	0.275783
77	0.010019	0.0321256	0.132477	0	0.0102062	0.0582408	0.262127
78	0.010019	0.0336611	0.152546	0.00149925	0.0103557	0.058352	0.258114
79	0.010019	0.0336645	0.143932	0	0.0103557	0.0588772	0.245814
80	0.010019	0.034227	0.152546	0	0.0103557	0.0582316	0.242017
81	0.0101573	0.0349914	0.167557	0	0.0103557	0.0605567	0.255219
82	0.010019	0.0359154	0.165824	0	0.0103557	0.0602569	0.242017
83	0.010019	0.0366686	0.173779	0	0.0103557	0.0616746	0.262127
84	0.010019	0.0374371	0.180937	0	0.0103557	0.0653029	0.296952
85	0.010019	0.0379521	0.192579	0	0.0103973	0.0687978	0.319373
86	0.010019	0.0372048	0.185702	0	0.0103973	0.0705714	0.341428
87	0.0101573	0.0382289	0.198233	0	0.0103973	0.075396	0.374424
88	0.0100234	0.0386877	0.196374	0	0.0104417	0.075689	0.358379
89	0.010019	0.0408712	0.242944	0	0.0104417	0.0736705	0.287722
90	0.010019	0.0394535	0.229418	0	0.0105046	0.075505	0.296952
91	0.010019	0.0387516	0.208934	0	0.0104417	0.0777541	0.32093
92	0.010019	0.0380318	0.198233	0	0.0105104	0.0795873	0.341428
93	0.010019	0.037514	0.196374	0	0.0105046	0.0832932	0.374878
94	0.010019	0.0354164	0.173779	0	0.0104417	0.0836141	0.360569
95	0.010019	0.035099	0.166928	0	0.0105104	0.0848197	0.385945
96	0.010019	0.0350876	0.166928	0	0.0104417	0.0854735	0.374878
97	0.010019	0.0348231	0.173456	0	0.0105046	0.0859262	0.374878
98	0.010019	0.0342938	0.166928	0	0.0104417	0.0889597	0.385945
99	0.010019	0.0329091	0.152249	0	0.0104417	0.0879792	0.385945
100	0.010019	0.0326114	0.152546	0	0.0104417	0.0866966	0.385945
101	0.010019	0.0318759	0.147828	0	0.0105004	0.088951	0.402247
102	0.010019	0.031229	0.142685	0	0.0105004	0.0896765	0.402247
103	0.010019	0.0299878	0.139606	0	0.0104417	0.0908914	0.414099
104	0.0100234	0.0297364	0.139606	0	0.0104417	0.0915861	0.402247
105	0.010019	0.0295533	0.132734	0	0.0104417	0.0934362	0.414099
106	0.010019	0.0295351	0.128405	0	0.0104417	0.0999529	0.500032
107	0.010019	0.0297273	0.128405	0	0.0104417	0.106582	0.557322
108	0.010019	0.029635	0.129137	0	0.0104417	0.112773	0.73092
109	0.010019	0.0286396	0.124426	0	0.0105166	0.135249	5.84731
110	0.0100398	0.0279256	0.116291	0	0.0104417	0.141461	5.60437
111	0.010019	0.0277096	0.104646	0	0.0104417	0.152535	7.37562
112	0.0100398	0.0276204	0.105561	0.00449775	0.0120658	0.163497	8.38937
113	0.010019	0.0270384	0.104646	0	0.0120658	0.154879	8.38937
114	0.010019	0.0269451	0.104332	0	0.0134317	0.158469	9.62497
115	0.010019	0.0269655	0.103897	0	0.0123991	0.153023	8.38937
116	0.010019	0.026824	0.102217	0	0.0123711	0.155249	8.38937
117	0.010019	0.0266165	0.0979133	0.00149925	0.0104417	0.151097	4.95772
118	0.010019	0.0270125	0.103069	0.0029985	0.0104417	0.154291	4.95772
119	0.0100561	0.0269444	0.103069	0.00149925	0.0105166	0.147083	1.94666
120	0.0100561	0.0266676	0.0979133	0	0.0104417	0.143251	2.10728
121	0.0101467	0.0271454	0.105561	0	0.0105166	0.137426	1.94666
122	0.0100561	0.0267114	0.103069	0	0.0105166	0.137578	1.94666
123	0.0100936	0.0262112	0.0972086	0	0.0105166	0.131922	1.73734
124	0.0101071	0.0258693	0.0972086	0	0.0128084	0.128545	2.10728
125	0.0101573	0.0254997	0.0972086	0	0.0128084	0.126469	1.73734
126	0.0100936	0.0257124	0.0972086	0	0.0134535	0.122058	1.72892
127	0.0100936	0.0256232	0.0972086	0	0.0134535	0.120084	1.72892
128	0.0101875	0.0251968	0.0972086	0	0.0139051	0.112586	1.73734
129	0.0100561	0.0252548	0.0966873	0	0.0128084	0.10827	1.73734
130	0.0100561	0.0254979	0.0966873	0	0.0111256	0.107744	1.73734
131	0.0100561	0.0261396	0.102217	0	0.0111256	0.106729	1.73734
132	0.0102258	0.0254988	0.0971944	0	0.0101576	0.102899	1.20627
133	0.0102653	0.0253968	0.0972086	0	0.0101576	0.101548	1.05655
134	0.0102258	0.025801	0.0972086	0	0.0126482	0.098507	1.06508
135	0.0102258	0.0254821	0.0972086	0	0.0101576	0.0982461	1.06508
136	0.0100936	0.0256051	0.0972086	0	0.0101576	0.0880625	0.803318
137	0.0101573	0.0253626	0.0972086	0	0.0101576	0.0828615	0.491489
138	0.0101573	0.0253489	0.0972086	0	0.0101576	0.0827099	0.485806
139	0.0101573	0.0252863	0.0972086	0.00149925	0.0102466	0.0812962	0.44604
140	0.0100561	0.0248318	0.0935402	0	0.0102466	0.0791679	0.419435
141	0.0100561	0.0248069	0.0915129	0	0.0102466	0.0802705	0.44604
142	0.0100561	0.0248353	0.0882148	0	0.0102466	0.0826607	0.482113
143	0.0101071	0.0254066	0.0935402	0	0.0102466	0.0836206	0.482113
144	0.0101573	0.0250937	0.0915129	0	0.0102466	0.0857216	0.532474
145	0.0101071	0.0252059	0.0915129	0.00149925	0.0102466	0.0854222	0.514755
146	0.0101071	0.0257723	0.0935402	0.005997	0.0102466	0.0851873	0.532474
147	0.0101573	0.0251171	0.0915129	0	0.0102466	0.084952	0.52942
148	0.0100629	0.0252304	0.0915129	0.00149925	0.0100364	0.0876464	0.561944
149	0.0100629	0.0252225	0.0915129	0.0029985	0.0102466	0.0862675	0.562691
150	0.0100629	0.0247968	0.0882148	0.0029985	0.010404	0.0884162	0.607356
151	0.0100629	0.0248828	0.0887304	0.0029985	0.010404	0.08976	0.607356
152	0.0100629	0.0246767	0.0887304	0.00149925	0.010404	0.0896466	0.532474
153	0.0100629	0.0241118	0.0853356	0	0.0102617	0.0929746	0.562691
154	0.0101071	0.0244603	0.0915129	0.0029985	0.0104053	0.0919764	0.521149
155	0.0100629	0.0245896	0.0941817	0.0029985	0.0105656	0.0964443	0.532474
156	0.0100629	0.0240565	0.0882148	0.00149925	0.0105803	0.100444	0.532474
157	0.0100629	0.0238971	0.0882148	0	0.0102617	0.105437	0.548582
158	0.0100629	0.0235578	0.0864202	0	0.0105803	0.110395	0.638016
159	0.0100629	0.0234076	0.0882148	0	0.0105939	0.115593	0.655599
160	0.0100629	0.0232514	0.0887304	0	0.0107869	0.124513	0.787622
161	0.0100629	0.0231961	0.0882148	0	0.0100207	0.125139	0.787622
162	0.0100629	0.0230467	0.0882148	0	0.0118782	0.128826	1.01126
163	0.0100629	0.0230995	0.0887304	0	0.0112252	0.128089	0.993034
164	0.0100629	0.023097	0.0887304	0	0.0118675	0.140014	1.75939
165	0.0100629	0.0232675	0.0882148	0	0.0100207	0.153932	9.77888
166	0.0101071	0.0233498	0.0915129	0	0.0100207	0.184763	24.975
167	0.0100629	0.0232421	0.0882148	0	0.0112252	0.212521	37.0767
168	0.0101071	0.0236213	0.0915129	0.00149925	0.0104594	0.216324	37.0767
169	0.0100629	0.0239238	0.0927532	0.00149925	0.0112252	0.234631	41.9488
170	0.0102258	0.0236618	0.0887304	0	0.0112252	0.239783	49.0601
171	0.0102258	0.0238297	0.0894574	0.00149925	0.0113362	0.268304	51.2975
172	0.0102258	0.0236636	0.0915129	0.00149925	0.0108206	0.29334	47.9777
173	0.0100629	0.0229768	0.0761334	0.00149925	0.0108206	0.318638	47.9777
174	0.0102258	0.0231721	0.0856212	0.00149925	0.0107255	0.305366	47.9777
175	0.0100629	0.0232724	0.0894574	0	0.0110104	0.295831	47.9777
176	0.0102258	0.023173	0.0894574	0	0.0110104	0.303302	47.9777
177	0.0100629	0.0231844	0.0856212	0	0.0107255	0.300219	46.3649
178	0.0100629	0.0231201	0.0856212	0	0.0110104	0.298206	47.9777
179	0.0100629	0.0230598	0.0882148	0	0.010655	0.288795	46.3649
180	0.0100629	0.0229775	0.0849528	0	0.0106049	0.28346	46.3649
181	0.0100629	0.023113	0.0749494	0	0.010655	0.279647	46.3649
182	0.0100629	0.0230763	0.0839224	0	0.0106049	0.271129	46.98
183	0.0101527	0.0234216	0.0915129	0	0.0106049	0.263416	47.9777
184	0.0102258	0.023586	0.0928846	0	0.0106049	0.25968	47.9777
185	0.0101111	0.0239237	0.0928846	0	0.0101945	0.268927	51.2975
186	0.0100629	0.0241033	0.0928846	0	0.0100565	0.279833	52.5698
187	0.0101111	0.0239456	0.0928846	0	0.0112613	0.307551	74.5479
188	0.0100867	0.0238625	0.0928846	0	0.0112613	0.307868	74.5479
189	0.0101111	0.0236675	0.0927532	0	0.0110104	0.314935	74.5479
190	0.0100867	0.0234835	0.0915129	0	0.0112613	0.322192	74.5479
191	0.0101111	0.0233059	0.0914628	0	0.0110104	0.322675	74.5479
192	0.0101111	0.0232384	0.0914628	0	0.0112613	0.322904	74.5479
193	0.0101111	0.0233144	0.0915129	0	0.0112613	0.313688	73.714
194	0.0101111	0.0232901	0.0915129	0	0.0101945	0.310688	58.283
195	0.0100867	0.0233577	0.0915129	0	0.0101945	0.320437	55.8528
196	0.0100867	0.0235278	0.0915129	0	0.0101945	0.307452	55.8528
197	0.0101111	0.023801	0.0914628	0	0.0101945	0.255101	41.9488
198	0.0100867	0.0249088	0.102559	0	0.0101945	0.191779	29.1529
199	0.0100629	0.0252975	0.105008	0	0.010655	0.16664	29.1529
200	0.0100629	0.0263436	0.118235	0	0.010655	0.148104	29.1529
201	0.0100629	0.0254701	0.105008	0	0.0101945	0.120999	16.5344
202	0.0100059	0.0250724	0.0915129	0	0.0101945	0.104034	7.43651
203	0.0100059	0.0251356	0.0915129	0	0.0101945	0.0978832	4.25038
204	0.0100059	0.0254167	0.102481	0	0.010655	0.0995561	4.25038
205	0.0100059	0.0252755	0.0889342	0	0.010655	0.102149	4.25038
206	0.0100629	0.0255328	0.102481	0	0.0101945	0.100024	3.93895
207	0.0100059	0.0253398	0.0936899	0	0.0101945	0.105377	6.32006
208	0.0100059	0.0253646	0.0911881	0	0.0101945	0.106605	7.0486
209	0.0100059	0.0249666	0.0880073	0	0.0101945	0.106395	7.0486
210	0.0100059	0.0248826	0.0880073	0	0.0101945	0.106591	7.0486
211	0.0100059	0.0248578	0.0869657	0	0.0101945	0.11184	7.0486
212	0.0100059	0.0253108	0.0890197	0	0.0101945	0.117605	7.0486
213	0.010042	0.0250684	0.0869657	0	0.0101548	0.113455	4.25038
214	0.0100059	0.0251877	0.0869657	0	0.0101548	0.119629	7.0486
215	0.0100059	0.0251705	0.0869657	0	0.0101548	0.116875	6.30741
216	0.0100059	0.025439	0.0890197	0	0.010655	0.114611	4.25038
217	0.0100059	0.0257486	0.0936899	0	0.0101945	0.105033	1.09643
218	0.0100867	0.0259786	0.0969514	0	0.0101945	0.102013	0.400733
219	0.0100059	0.0261124	0.0969514	0	0.0112613	0.0955474	0.372304
220	0.0100059	0.0261959	0.100827	0	0.0112613	0.101002	0.376503
221	0.0100059	0.0267923	0.109956	0	0.0111929	0.102362	0.376503
222	0.0100059	0.0281564	0.137991	0.00149925	0.0112613	0.115058	0.388597
223	0.0100059	0.029181	0.151916	0.0029985	0.0114187	0.127312	0.389444
224	0.0100629	0.0304347	0.185475	0.0029985	0.0167141	0.138805	0.486647
225	0.0100059	0.0308738	0.185475	0.00149925	0.0222814	0.143439	0.553155
226	0.0100059	0.0328833	0.217123	0.00449775	0.024025	0.156815	0.525544
227	0.0100059	0.0333359	0.231439	0.00149925	0.0254399	0.164552	0.643684
228	0.0100412	0.0341755	0.20714	0	0.0273984	0.166111	0.643684
229	0.0100412	0.0349296	0.20714	0	0.0445184	0.16845	0.643684
230	0.0107188	0.0360086	0.245437	0	0.0451333	0.170102	0.643684
231	0.0101527	0.038475	0.239075	0	0.0473427	0.167909	0.605944
232	0.0101643	0.041878	0.251903	0	0.051966	0.167036	0.643684
233	0.0101527	0.0451677	0.289126	0	0.046128	0.165191	0.523236
234	0.0100412	0.0496159	0.297134	0	0.0475431	0.164278	0.520864
235	0.0100171	0.0521321	0.308311	0	0.0445184	0.161211	0.494218
236	0.0100171	0.0579546	0.32621	0	0.0475431	0.16178	0.494218
237	0.0105582	0.0651827	0.36889	0.00149925	0.0475431	0.16303	0.486647
238	0.0100171	0.0694465	0.386521	0.00449775	0.0585394	0.167326	0.494218
239	0.0100867	0.0773621	0.448947	0.005997	0.0596904	0.167588	0.486647
240	0.0111998	0.0903802	0.614815	0.011994	0.0630608	0.16996	0.486647
241	0.0112144	0.11418	0.687856	0.0194903	0.0630608	0.169547	0.481637
242	0.0147838	0.139723	0.884035	0.0209895	0.0630608	0.177393	0.486647
243	0.0175386	0.138152	0.960842	0.0164918	0.0630608	0.176543	0.494218
244	0.0175386	0.142403	0.906316	0.0164918	0.0630608	0.176214	0.497475
245	0.0215424	0.144898	0.964567	0.0149925	0.0630608	0.173087	0.503898
246	0.0220255	0.147155	0.884035	0.005997	0.0630608	0.171975	0.514176
247	0.0232799	0.154598	0.912532	0.0089955	0.0562966	0.172847	0.503898
248	0.0232799	0.1668	0.918468	0.0209895	0.0532321	0.175635	0.514176
249	0.0331344	0.211495	1.91464	0.0689655	0.0562966	0.177858	0.514176
250	0.0228501	0.196932	1.41524	0.0629685	0.0562966	0.182242	0.529046
251	0.0153802	0.13161	0.656617	0.0104948	0.0577127	0.18911	0.529046
252	0.0130952	0.106092	0.614815	0.00449775	0.0562966	0.190857	0.529046
253	0.0108828	0.0953297	0.36889	0	0.0562966	0.190584	0.549927
254	0.0116894	0.089404	0.35734	0.00149925	0.0640438	0.196447	0.959731
255	0.0116894	0.0796274	0.336462	0	0.0562966	0.194056	0.748249
256	0.0130952	0.0781105	0.361072	0	0.0640438	0.188812	0.959731
257	0.0116894	0.0743751	0.311921	0	0.0538346	0.179194	1.03185
258	0.0123236	0.073257	0.312672	0	0.0457909	0.171067	0.926005
259	0.012522	0.0724236	0.312672	0	0.0457909	0.166611	0.926005
260	0.0123246	0.0722909	0.300946	0	0.0367158	0.162439	0.766106
261	0.0130952	0.0709414	0.312672	0	0.0366856	0.156742	0.737267
262	0.0130952	0.0721198	0.312672	0	0.0366856	0.152003	0.567818
263	0.012522	0.0743202	0.312672	0	0.0366856	0.145818	0.597918
264	0.012522	0.0742954	0.312672	0	0.025269	0.14035	0.494218
265	0.0124281	0.0751283	0.312672	0	0.0240861	0.136497	0.471351
266	0.012522	0.0735631	0.312672	0.00149925	0.0240861	0.127236	0.584824
267	0.0124828	0.0745793	0.312672	0.00149925	0.0164713	0.119355	0.374511
268	0.0132267	0.0734637	0.300946	0	0.0174113	0.110764	0.373673
269	0.0132267	0.0735322	0.300946	0	0.0164713	0.11015	0.341015
270	0.0131962	0.0744346	0.30958	0.00149925	0.0164713	0.107872	0.341015
271	0.0116894	0.077108	0.318516	0.00449775	0.0172449	0.108514	0.373673
272	0.0131962	0.0800255	0.373065	0.0104948	0.0163993	0.109083	0.348927
273	0.0127229	0.118343	2.35685	0.083958	0.0172449	0.109408	0.373673
274	0.0123246	0.0911198	0.454709	0.0269865	0.0167599	0.108636	0.373673
275	0.0131962	0.0822767	0.361072	0.005997	0.0169328	0.107533	0.373673
276	0.0123246	0.0790957	0.325191	0	0.0154512	0.111747	0.373673
277	0.0131962	0.0783402	0.373065	0	0.0163993	0.112475	0.389032
278	0.0124321	0.0762962	0.340103	0	0.0154512	0.113744	0.389032
279	0.0124321	0.0760014	0.340103	0	0.0122942	0.11775	0.348927
280	0.0124321	0.0763727	0.340103	0	0.0124911	0.119483	0.373673
281	0.0123246	0.0771142	0.340103	0.00149925	0.0122942	0.119573	0.373673
282	0.0124321	0.0760079	0.340103	0	0.0115473	0.123187	0.418846
283	0.0123246	0.0760461	0.316396	0	0.0115473	0.133648	0.545563
284	0.0123859	0.0763146	0.323471	0.00149925	0.011383	0.14153	3.92767
285	0.0123859	0.0773297	0.316396	0.00149925	0.0124911	0.151396	6.14528
286	0.0123859	0.0790306	0.323471	0.00149925	0.0124911	0.152702	6.14528
287	0.0123859	0.0807016	0.358801	0.0029985	0.0124911	0.151316	5.80504
288	0.0123859	0.0822834	0.361072	0.0029985	0.011383	0.147557	4.27674
289	0.0123859	0.0849097	0.373065	0.00449775	0.011383	0.144085	1.87796
290	0.0124321	0.0874658	0.424912	0.005997	0.0101459	0.143758	0.785574
291	0.010131	0.0980766	0.5942	0.029985	0.0100103	0.138497	0.472927
292	0.0124321	0.119485	1.63125	0.0644678	0.011383	0.133377	0.482244
293	0.0200136	0.202269	3.97493	0.181409	0.0146837	0.126622	0.585331
294	0.0245121	0.206287	4.78578	0.182909	0.0146837	0.111377	0.463633
295	0.0100703	0.112857	1.42762	0.0674663	0.0146837	0.106913	0.482244
296	0.0100703	0.0820084	0.476157	0.0254873	0.0146837	0.106114	0.482244
297	0.0100342	0.0691879	0.383337	0.0104948	0.0146837	0.108313	0.546614
298	0.0100342	0.0629683	0.323471	0.005997	0.0146837	0.110923	0.557989
299	0.0100596	0.0565802	0.281508	0.00149925	0.0146837	0.112853	0.586069
300	0.0100342	0.0534156	0.268091	0	0.0146837	0.109009	0.482244
301	0.0100703	0.0500241	0.27035	0.00149925	0.0137128	0.112094	0.503364
302	0.0100342	0.0477445	0.250591	0.00149925	0.0164566	0.117929	1.02648
303	0.0101819	0.0456292	0.251903	0.00149925	0.01494	0.11928	1.15599
304	0.0100342	0.044403	0.234975	0.0029985	0.0157505	0.1217	1.21434
305	0.0100596	0.0425383	0.234173	0.00149925	0.01494	0.120161	1.19756
306	0.0100596	0.0414155	0.226571	0.00149925	0.0131155	0.121517	1.19756
307	0.0100342	0.0404458	0.223019	0	0.0117609	0.117385	1.21434
308	0.0100596	0.0395403	0.226571	0	0.0100697	0.119521	1.14947
309	0.0103818	0.039093	0.229948	0	0.0131155	0.117778	1.85885
310	0.0102967	0.038397	0.226571	0	0.0131155	0.115213	1.85885
311	0.0100342	0.0380445	0.218495	0	0.0131155	0.114572	1.85885
312	0.0100596	0.036696	0.218495	0	0.0131155	0.117174	2.30646
313	0.0101819	0.0354892	0.21819	0	0.0131155	0.113767	2.30646
314	0.0100342	0.0344817	0.191539	0	0.0102007	0.118901	2.30646
315	0.0100342	0.0331456	0.169747	0	0.0131155	0.125241	6.56024
316	0.0100342	0.0318812	0.16772	0	0.0118657	0.132398	7.54684
317	0.0100342	0.0312015	0.158353	0	0.0100697	0.132811	7.35748
318	0.0100596	0.0302378	0.152531	0	0.0114396	0.12703	7.35748
319	0.0100342	0.0295388	0.137664	0	0.011383	0.122821	5.23722
320	0.0100342	0.0280851	0.126531	0	0.0100697	0.131749	7.54684
321	0.0100342	0.0274071	0.121723	0	0.011383	0.148074	23.0044
322	0.0100342	0.0271526	0.125562	0	0.0117707	0.163164	41.7355
323	0.0100342	0.0271596	0.127491	0	0.011383	0.170765	41.7355
324	0.0100596	0.0266854	0.121139	0	0.011383	0.176466	47.2429
325	0.0100596	0.0257232	0.116023	0	0.011383	0.175628	47.2429
326	0.0100342	0.0253059	0.0979942	0	0.0134313	0.17469	53.478
327	0.0100342	0.0249522	0.0948598	0	0.015031	0.172217	52.5539
328	0.0100342	0.0250957	0.0948598	0	0.015031	0.166117	53.2481
329	0.0100596	0.0251045	0.0953103	0	0.0117231	0.170333	33.2599
330	0.0100596	0.0245451	0.0881088	0	0.0114894	0.162798	28.5
331	0.0100612	0.0243174	0.0881088	0	0.0114894	0.163642	28.5
332	0.0100596	0.0241537	0.0869205	0	0.0114894	0.150476	25.0798
333	0.0100596	0.0238124	0.0869205	0	0.0133758	0.141535	26.864
334	0.0100596	0.0237449	0.081373	0	0.0103143	0.134026	11.563
335	0.0100596	0.0235346	0.0768518	0	0.0103143	0.128737	11.563
336	0.0100596	0.0233123	0.0768518	0	0.0104673	0.116407	9.85761
337	0.0100596	0.0231134	0.0757981	0	0.0103143	0.10144	2.81669
338	0.0100596	0.0230662	0.0757981	0	0.0111102	0.0883231	0.433348
339	0.0100612	0.023024	0.0757981	0	0.0129318	0.0821609	0.38292
340	0.0100596	0.0231809	0.0768518	0	0.0129318	0.0798918	0.369078
341	0.0100612	0.02306	0.0757981	0	0.0129318	0.0761312	0.331387
342	0.0100738	0.0231146	0.0757981	0	0.017107	0.072364	0.39038
343	0.0100612	0.0230982	0.0757981	0	0.017107	0.0722137	0.39038
344	0.0100009	0.0228636	0.0713675	0	0.0129872	0.0699141	0.287785
345	0.0100596	0.0226062	0.0713675	0	0.0129191	0.0698457	0.287785
346	0.0100009	0.0222495	0.0706198	0	0.0129191	0.0700027	0.277317
347	0.0100596	0.022365	0.0711792	0	0.0129191	0.068951	0.244024
348	0.0100596	0.0227066	0.0713675	0	0.0133758	0.0693331	0.244024
349	0.0100009	0.0226254	0.0711792	0	0.0133758	0.0701617	0.247693
350	0.0100596	0.0225521	0.0713675	0	0.0129191	0.0705262	0.253941
351	0.0100009	0.0221728	0.0692563	0	0.0129872	0.0728141	0.287785
352	0.0100085	0.0222152	0.0701503	0	0.0154175	0.073244	0.330632
353	0.0100085	0.0221848	0.0694187	0	0.0129191	0.0732837	0.287785
354	0.0100085	0.0219152	0.0689675	0	0.0129872	0.0744832	0.330632
355	0.0100085	0.0217316	0.0689675	0	0.0143703	0.0765227	0.378431
356	0.0100085	0.0217585	0.0692563	0	0.0122757	0.077456	0.369078
357	0.0100085	0.0217997	0.0694187	0	0.0118657	0.0793117	0.385228
358	0.0100085	0.0219108	0.0701503	0	0.0122757	0.0899544	0.658487
359	0.0100085	0.0219164	0.0711124	0	0.0129872	0.0902386	0.658487
360	0.0100085	0.0219173	0.0708428	0	0.0143703	0.0922158	0.761202
361	0.0100085	0.0219024	0.0706198	0	0.0108385	0.0992185	0.730097
362	0.0100085	0.0218785	0.0694187	0	0.0190721	0.132179	7.95794
363	0.0100085	0.0218789	0.0692563	0	0.0100716	0.111298	4.65539
364	0.0100085	0.0218878	0.0694187	0	0.0100716	0.090701	1.05841
365	0.0100085	0.0219727	0.0694187	0	0.0104308	0.0853319	0.730097
366	0.0100085	0.0221086	0.0701503	0	0.0100716	0.0789385	0.482601
367	0.0100085	0.0219276	0.0689675	0	0.0100716	0.0750651	0.41173
368	0.0100085	0.0218499	0.0692563	0	0.0100716	0.0711821	0.35071
369	0.0100085	0.0218468	0.0701503	0	0.0101914	0.0684039	0.35071
370	0.0100085	0.021756	0.0701503	0	0.0100716	0.0683836	0.362327
371	0.0100085	0.0217567	0.0706198	0	0.0100716	0.0657879	0.336486
372	0.0100085	0.021869	0.0711124	0	0.010004	0.0633873	0.293085
373	0.0100085	0.0218666	0.0694187	0	0.010004	0.0615267	0.246256
374	0.0100085	0.0218311	0.0706198	0	0.010004	0.0595628	0.240253
375	0.0100085	0.0217246	0.0701503	0	0.010004	0.0598871	0.293085
376	0.0100085	0.0214029	0.0680041	0	0.010004	0.0582076	0.293085
377	0.0100085	0.0214686	0.0680041	0	0.010004	0.0557633	0.240253
378	0.0100085	0.0215323	0.0689099	0	0.010004	0.0570252	0.235795
379	0.0100085	0.0215782	0.0689099	0	0.010004	0.0592113	0.295747
380	0.0100085	0.0216756	0.0692563	0	0.010004	0.0610889	0.323995
381	0.0100085	0.0213638	0.0658655	0	0.010004	0.0627943	0.348035
382	0.0100085	0.0207489	0.0584915	0	0.010004	0.0619745	0.348035
383	0.0100085	0.0209263	0.0604013	0	0.010004	0.0609126	0.329496
384	0.0100085	0.0211588	0.0680041	0	0.010004	0.0610141	0.434192
385	0.0100085	0.0214414	0.069244	0.0029985	0.010004	0.061567	0.732015
386	0.0100085	0.0212782	0.0689099	0	0.010004	0.0621349	0.856493
387	0.0100085	0.021514	0.069244	0	0.010004	0.0611641	0.76895
388	0.0100085	0.0215043	0.069244	0	0.010004	0.0615754	0.76895
389	0.0100085	0.0218637	0.069244	0	0.010004	0.0629731	0.76895
390	0.0100085	0.022106	0.0701503	0.00149925	0.0100227	0.0636494	0.76895
391	0.0100085	0.0222093	0.0701503	0.00149925	0.0100227	0.0627344	5.45923
392	0.0100085	0.022188	0.0701503	0.00149925	0.0100227	0.0607178	0.348035
393	0.0100085	0.0222958	0.0703872	0.00149925	0.0100227	0.0591939	0.239459
394	0.0100085	0.0223411	0.0680041	0	0.0100227	0.0580475	0.331018
395	0.0100085	0.0223293	0.0658655	0	0.0100227	0.0572854	0.331018
396	0.0100085	0.0225912	0.0680534	0.00149925	0.0100227	0.0574829	0.405718
397	0.0100085	0.022818	0.0708428	0.0029985	0.0100227	0.0571766	0.348035
398	0.0100085	0.022667	0.0711792	0.0029985	0.0100227	0.057728	0.348035
399	0.0100085	0.0224762	0.0708428	0.00149925	0.0100227	0.0579852	0.326458
400	0.0100085	0.0223947	0.0708428	0	0.0100227	0.0587016	0.452969
401	0.0100085	0.0227246	0.0716802	0	0.0100716	0.0546871	0.239459
402	0.0100085	0.0229946	0.0755479	0	0.0103078	0.0535721	0.227162
403	0.0100085	0.0229723	0.0728392	0	0.0100716	0.0515734	0.198113
404	0.0100085	0.0231313	0.0728392	0	0.0100716	0.0509182	0.196483
405	0.0100085	0.0234698	0.0779684	0	0.0100716	0.0482458	0.15667
406	0.0100085	0.0233382	0.0755479	0	0.0100716	0.0477651	0.153836
407	0.0100085	0.0234522	0.0748019	0	0.0100716	0.0479815	0.166671
408	0.0100085	0.0234681	0.0768562	0	0.0100716	0.0480028	0.166671
409	0.0100085	0.0233682	0.0779684	0	0.0100716	0.0485287	0.179166
410	0.0100085	0.0233892	0.0768562	0	0.0100716	0.0485761	0.171475
411	0.0100085	0.023667	0.0784749	0	0.0100716	0.0505799	0.198113
412	0.0100085	0.0234653	0.077191	0	0.0100716	0.051636	0.196027
413	0.0100085	0.0234917	0.077191	0	0.0100716	0.0541892	0.210491
414	0.0100085	0.0236098	0.0755479	0	0.0100716	0.0552782	0.212952
415	0.0100085	0.0238753	0.0825837	0	0.0103032	0.0572292	0.249896
416	0.0100085	0.0238789	0.0825837	0	0.0114421	0.0601062	0.303506
417	0.0100085	0.024403	0.0853762	0	0.0100716	0.0632115	0.28434
418	0.0100085	0.0240221	0.0832153	0	0.0105423	0.0651955	0.307844
419	0.0100085	0.0238104	0.0832153	0	0.0100716	0.0656079	0.327303
420	0.0100085	0.0236039	0.0832153	0	0.0100716	0.0672141	0.307844
421	0.0100085	0.0240423	0.0853762	0	0.0100716	0.0675556	0.327303
422	0.0100085	0.0240107	0.0844286	0	0.0100716	0.0678848	0.303506
423	0.0100085	0.0243768	0.094543	0	0.0114213	0.065911	0.28434
424	0.0100085	0.0243809	0.0888672	0	0.0109707	0.0632611	0.259948
425	0.0100085	0.0245638	0.094543	0	0.0115174	0.0634348	0.28434
426	0.0100085	0.024532	0.0950302	0	0.0115174	0.0635097	0.28434
427	0.0100085	0.024577	0.094543	0.00149925	0.0114213	0.063934	0.287675
428	0.0100085	0.0246568	0.094543	0.00149925	0.0109328	0.0612147	0.24186
429	0.0100085	0.0247041	0.0950302	0	0.0109328	0.0615937	0.24186
430	0.0100085	0.0244861	0.0923679	0	0.0109328	0.0607934	0.24186
431	0.0100085	0.0245339	0.0923679	0	0.0109707	0.0600532	0.240348
432	0.0100085	0.0245644	0.0888672	0	0.0109707	0.058964	0.240348
433	0.0100085	0.0247633	0.0923679	0	0.0100704	0.0569812	0.186528
434	0.0100085	0.0249187	0.0923679	0	0.0100704	0.0573246	0.19666
435	0.0100085	0.0249326	0.094543	0	0.0100704	0.0561132	0.186435
436	0.0100085	0.0249921	0.0923679	0	0.0109707	0.0551045	0.200294
437	0.0100085	0.0255609	0.0950302	0	0.0109707	0.0541533	0.198901
438	0.0100085	0.0256857	0.0954439	0	0.0109707	0.0542446	0.200294
439	0.0100085	0.0261747	0.0978107	0	0.0109707	0.0542343	0.200294
440	0.0100085	0.0263395	0.0981761	0	0.0109707	0.0535119	0.186804
441	0.0100085	0.026613	0.10552	0	0.0110128	0.0518958	0.186804
442	0.0100085	0.0266515	0.104584	0	0.0105283	0.0510974	0.17633
443	0.0100085	0.0266853	0.10292	0	0.0109707	0.0493645	0.175911
444	0.0100085	0.0268452	0.10292	0	0.0109602	0.0488964	0.171475
445	0.0100085	0.0279192	0.11785	0	0.0109602	0.0479794	0.175911
446	0.0100085	0.0288996	0.12241	0	0.0109602	0.0471804	0.175911
447	0.0100085	0.0293499	0.12926	0	0.0109245	0.0471212	0.171475
448	0.0100085	0.0299199	0.143596	0	0.0109245	0.0477776	0.171475
449	0.0100085	0.0304355	0.156711	0	0.0109602	0.0481287	0.175911
450	0.0100085	0.0315065	0.169879	0.0029985	0.0109602	0.0485721	0.175911
451	0.0100085	0.0349688	0.235231	0.00749625	0.0109602	0.0497008	0.186435
452	0.0100085	0.0377968	0.271429	0.0104948	0.0109602	0.0496593	0.186435
453	0.0100085	0.0463902	0.586575	0.0314843	0.0107762	0.0505652	0.186804
454	0.0100085	0.0422723	0.461064	0.0164918	0.0107762	0.0513851	0.194193
455	0.0100085	0.0387659	0.286351	0.00749625	0.0109245	0.0532757	0.211375
456	0.0100085	0.0379498	0.285255	0.005997	0.0109602	0.0540477	0.212952
457	0.0100085	0.0372502	0.279673	0.00749625	0.0109245	0.0528085	0.199706
458	0.0100085	0.0350178	0.219473	0.0029985	0.0109245	0.0499412	0.186804
459	0.0100085	0.0340198	0.183665	0.00149925	0.0109602	0.0478477	0.186528
460	0.0100085	0.0338676	0.183788	0.0029985	0.0109602	0.0466349	0.175911
461	0.0100085	0.0325526	0.17657	0.0029985	0.0109245	0.0449659	0.168702
462	0.0100085	0.0322732	0.173599	0.0029985	0.0100716	0.0437351	0.151329
463	0.0100085	0.0299618	0.148782	0.00449775	0.0109245	0.0428452	0.158821
464	0.0100085	0.0290211	0.122787	0.00449775	0.0109245	0.0420185	0.150652
465	0.0100085	0.0286704	0.11785	0.00749625	0.0109245	0.0423391	0.153146
466	0.0100085	0.0272511	0.101114	0.00149925	0.0109245	0.0421719	0.151329
467	0.0100085	0.0271155	0.101005	0.00149925	0.0100716	0.0417589	0.13318
468	0.0100085	0.0264979	0.0849563	0.00149925	0.0100716	0.0415118	0.132466
469	0.0100085	0.0261054	0.0827935	0.00149925	0.0100716	0.0414185	0.128417
470	0.0100085	0.0256532	0.0820775	0.00149925	0.0109245	0.0402567	0.134139
471	0.0100085	0.0256257	0.0839692	0.00149925	0.0107152	0.0397508	0.128417
472	0.0100085	0.0255707	0.0820775	0.00149925	0.0107152	0.0393771	0.126384
473	0.0100085	0.025064	0.0787224	0	0.0100716	0.0387909	0.118834
474	0.0100085	0.0251685	0.0820775	0	0.0100716	0.038494	0.118834
475	0.0100085	0.0251749	0.0820775	0	0.0100716	0.0383651	0.125594
476	0.0100085	0.0248771	0.0820775	0	0.0100716	0.0381422	0.12413
477	0.0100085	0.0249901	0.0827935	0	0.0100716	0.038069	0.125594
478	0.0100085	0.0252784	0.0839692	0.0029985	0.0100716	0.0390459	0.128704
479	0.0100085	0.025112	0.0827935	0	0.0100716	0.0385088	0.13318
480	0.0100085	0.0249708	0.0839692	0	0.0100716	0.0388391	0.143532
481	0.0100085	0.0242679	0.0774259	0	0.0100716	0.0394613	0.151329
482	0.0100085	0.0243189	0.0809583	0	0.0100084	0.0403831	0.161152
483	0.0100085	0.0241718	0.0748998	0	0.0100084	0.0411674	0.175373
484	0.0100085	0.0241872	0.0774259	0	0.0100084	0.0431052	0.204121
485	0.0100085	0.0241475	0.0774259	0	0.0100084	0.0451672	0.23012
486	0.0100085	0.0241578	0.0742934	0	0.0100084	0.0444092	0.221258
487	0.0100085	0.0243576	0.0774259	0	0.0100716	0.0441626	0.221258
488	0.0100085	0.0244184	0.0774259	0	0.0100716	0.0443752	0.221258
489	0.0100085	0.0243393	0.0787224	0	0.0100084	0.0441941	0.217434
490	0.0100085	0.0240372	0.0809583	0	0.0100716	0.0441926	0.221258
491	0.0100085	0.023704	0.0738342	0	0.0100084	0.0446044	0.22113
492	0.0100085	0.0235176	0.0735367	0	0.0100084	0.0459791	0.23012
493	0.0100085	0.023571	0.0738342	0	0.0100084	0.0461303	0.245413
494	0.0100085	0.0240125	0.0809583	0.00149925	0.0100084	0.045989	0.245323
495	0.0100085	0.0238456	0.0787224	0	0.0100084	0.0456696	0.248711
496	0.0100085	0.0237106	0.0799707	0	0.0100084	0.0455576	0.227358
497	0.0100085	0.0236554	0.0774259	0	0.0100084	0.0454784	0.22113
498	0.0100085	0.0234457	0.0732188	0	0.0100084	0.0457202	0.22113
499	0.0100085	0.0232631	0.0732188	0	0.0100716	0.0463639	0.221258
500	0.0100085	0.023246	0.0717506	0	0.0100084	0.0468875	0.224265
501	0.0100085	0.0232125	0.0717506	0	0.0100084	0.0477722	0.22958
502	0.0100085	0.02328	0.0705109	0	0.0100084	0.0491162	0.23012
503	0.0100085	0.0235297	0.0717506	0	0.0100084	0.0499221	0.248711
504	0.0100085	0.023634	0.0735367	0	0.0100084	0.052124	0.270908
505	0.0100085	0.0236185	0.0738342	0.00149925	0.0100084	0.0554887	0.285929
506	0.0100085	0.0234379	0.0732188	0.00149925	0.0107168	0.0569162	0.311323
507	0.0100085	0.023639	0.0738342	0.0029985	0.0101868	0.0614904	0.311323
508	0.0100085	0.0235757	0.0735367	0	0.0100084	0.0651399	0.332158
509	0.0100085	0.0237067	0.0735367	0	0.0100084	0.0690256	0.400826
510	0.0100085	0.0240468	0.0740218	0.00149925	0.0104232	0.0739508	0.423367
511	0.0100085	0.024249	0.0765185	0.0029985	0.0101868	0.0776619	0.423367
512	0.0100085	0.0237293	0.0735367	0.00149925	0.0125769	0.0865722	0.551149
513	0.0100085	0.0235006	0.0699222	0	0.0110128	0.102291	0.513465
514	0.0100085	0.0232368	0.0690039	0	0.0112514	0.118033	0.551149
515	0.0100085	0.0233609	0.0690115	0	0.0157811	0.139506	0.75256
516	0.0100085	0.0231908	0.0690115	0	0.0278789	0.167444	0.986312
517	0.0100085	0.0235052	0.0690115	0	0.0278789	0.170983	1.00747
518	0.0100085	0.0239179	0.0699222	0	0.0282191	0.178919	0.986312
519	0.0100085	0.0235223	0.0685211	0	0.0281649	0.173416	0.986312
520	0.0100085	0.0234168	0.0685211	0	0.0265027	0.155662	0.781098
521	0.0100085	0.0232574	0.0658558	0	0.0281649	0.145087	0.771749
522	0.0100085	0.0234082	0.0686988	0	0.0195283	0.140962	0.638659
523	0.0100085	0.0231814	0.0671703	0	0.0195283	0.13966	0.638659
524	0.0100085	0.0234552	0.0699222	0	0.021549	0.143781	0.781098
525	0.0100085	0.0238316	0.0738342	0	0.0162387	0.143752	0.594635
526	0.0100085	0.0239013	0.0738342	0	0.0265027	0.156453	0.781098
527	0.0100085	0.0236874	0.0717506	0	0.0277889	0.166993	0.771749
528	0.0100085	0.0237079	0.0717506	0	0.0307375	0.166139	0.781098
529	0.0100085	0.0236813	0.0717506	0	0.0277889	0.165039	0.781098
530	0.0100085	0.0236742	0.0745903	0	0.0242694	0.169373	0.868559
531	0.0100085	0.0243723	0.0774473	0	0.0257828	0.172638	0.975737
532	0.0100085	0.0245707	0.0794547	0	0.0242694	0.17299	1.09517
533	0.0100085	0.0244863	0.0794547	0	0.0172877	0.178527	0.788389
534	0.0100085	0.0244084	0.0769302	0	0.0206457	0.180643	1.13773
535	0.0100085	0.0243614	0.0769302	0	0.0174332	0.176506	1.09517
536	0.0100085	0.023751	0.0738342	0	0.0102177	0.183773	0.975737
537	0.0100085	0.0242283	0.0758452	0	0.0102177	0.186251	1.09517
538	0.0100085	0.024748	0.0820041	0	0.0102177	0.184089	0.975737
539	0.0100085	0.0253401	0.0888943	0	0.0102177	0.167215	0.783134
540	0.0100085	0.0253316	0.0888255	0	0.0102177	0.165353	0.868559
541	0.0100085	0.02561	0.0892151	0	0.0252763	0.142413	1.38293
542	0.0100085	0.0260113	0.09718	0	0.0208614	0.141307	1.26692
543	0.0100085	0.0259038	0.09718	0	0.0143501	0.138629	0.868559
544	0.0100085	0.0256702	0.0915604	0	0.0128723	0.136153	0.8679
545	0.0100085	0.025968	0.0993869	0	0.010624	0.15102	0.868559
546	0.0100085	0.0265237	0.0996682	0	0.010624	0.15169	0.975737
547	0.0100085	0.0266982	0.0993869	0	0.0116362	0.1424	0.8679
548	0.0100085	0.0270411	0.0996682	0	0.0120783	0.121627	0.622553
549	0.0100085	0.0267973	0.09718	0	0.0112463	0.117302	0.577465
550	0.0100085	0.0267644	0.0915604	0	0.0112463	0.10992	0.577465
551	0.0100085	0.0270432	0.09718	0	0.010128	0.0970376	0.466969
552	0.0100085	0.0273215	0.100781	0	0.010128	0.0937302	0.466969
553	0.0100085	0.0274139	0.09718	0	0.0103432	0.0841007	0.390705
554	0.0100085	0.0274521	0.09718	0	0.010128	0.0795447	0.321436
555	0.0100085	0.0279088	0.100781	0	0.0104933	0.0770384	0.326004
556	0.0100085	0.0290238	0.12131	0	0.010128	0.0745614	0.314343
557	0.0100085	0.029943	0.140717	0	0.0104933	0.0729258	0.321436
558	0.0100085	0.0306622	0.148617	0	0.0102539	0.0707612	0.298512
559	0.0100085	0.0311534	0.149105	0	0.010128	0.0659149	0.290472
560	0.0100085	0.0321101	0.156597	0	0.010128	0.0647705	0.286894
561	0.0100085	0.0323017	0.1689	0	0.010128	0.0637859	0.283867
562	0.0100085	0.0329402	0.177703	0	0.010128	0.0613816	0.283867
563	0.0100085	0.0336175	0.19238	0.00149925	0.0102539	0.0611153	0.298495
564	0.0100085	0.0349535	0.192941	0	0.010128	0.0622315	0.312592
565	0.0100085	0.0358993	0.227965	0.0029985	0.010128	0.0625362	0.321436
566	0.0100085	0.0354455	0.219554	0	0.010128	0.0619919	0.321436
567	0.0100085	0.0366469	0.227965	0.00149925	0.010128	0.0630599	0.338068
568	0.0100085	0.0372713	0.218818	0	0.010128	0.0626562	0.338068
569	0.0100085	0.0389383	0.242606	0.0029985	0.010128	0.0638051	0.367603
570	0.0100085	0.0395088	0.218818	0	0.010128	0.0643525	0.373666
571	0.0100085	0.0418007	0.219554	0	0.010128	0.0639021	0.383614
572	0.0100085	0.0430591	0.227965	0	0.010128	0.0612058	0.338068
573	0.0100085	0.04694	0.269748	0.0029985	0.010128	0.0638966	0.45354
574	0.0100085	0.049343	0.269748	0.00149925	0.0101334	0.0641552	0.471383
575	0.0100085	0.0512553	0.289018	0.00449775	0.010128	0.0673871	0.701422
576	0.0100085	0.0540723	0.330637	0.00449775	0.010128	0.0660079	0.547827
577	0.0100085	0.0562597	0.343553	0.00449775	0.010128	0.0674942	0.701422
578	0.0100085	0.0601437	0.410049	0.005997	0.010128	0.0695202	0.769862
579	0.0100085	0.0625037	0.435528	0.00749625	0.010128	0.0718863	0.769862
580	0.0100085	0.0601725	0.424923	0.00449775	0.010128	0.0737783	0.769862
581	0.0100085	0.0569948	0.393182	0.00449775	0.010128	0.0770101	0.896481
582	0.0100085	0.0567763	0.380401	0.00449775	0.010128	0.0832555	1.15451
583	0.0100085	0.0572542	0.393182	0.00449775	0.010128	0.0943231	1.50616
584	0.0100085	0.0575832	0.435528	0.005997	0.010128	0.102727	2.5257
585	0.0100085	0.0577586	0.435528	0.005997
