		omega		Posterior		rho				Synonymous theta			kappa			phi	
Site	Lower	Point	Higher	prob of +ve	Lower	Point	Higher		Lower	Point	Higher	Lower	Point	Higher	Lower	Point	Higher
	95% HPD	estimate	95% HPD	selection	95% HPD	estimate	95% HPD		95% HPD	estimate	95% HPD	95% HPD	estimate	95% HPD	95% HPD	estimate	95% HPD
0	0.0100989	0.0548488	0.522432	0.0209895	0.0104965	0.622679	43.5966		0.013489	0.0211555	0.0331314	1.81473	3.81342	8.9687	0	0	0
1	0.0103153	0.0540112	0.46654	0.0194903	0.0103674	0.5789	41.8772
2	0.0104032	0.0533256	0.457151	0.0149925	0.010297	0.547049	41.8772
3	0.0100989	0.0500624	0.369486	0.0029985	0.010297	0.519719	41.938
4	0.0100989	0.0510789	0.386335	0.00749625	0.010297	0.493805	40.8583
5	0.0100989	0.051278	0.394205	0.005997	0.010182	0.462034	38.0225
6	0.0100989	0.0516811	0.422817	0.005997	0.010297	0.450464	39.0584
7	0.0100989	0.0510719	0.394205	0.00449775	0.010182	0.453177	43.5966
8	0.0100989	0.051088	0.430702	0.00449775	0.010182	0.502449	47.7988
9	0.0105755	0.0522222	0.466085	0.00749625	0.0103674	0.524785	54.1884
10	0.0100989	0.0520336	0.437098	0.005997	0.010182	0.533617	54.1884
11	0.0100989	0.0517316	0.372313	0.005997	0.010182	0.5388	56.3326
12	0.0100989	0.0526351	0.372313	0.005997	0.0105795	0.532883	60.7011
13	0.0100989	0.0534849	0.430702	0.0089955	0.0105795	0.539853	60.7839
14	0.0100989	0.0522522	0.357772	0.0104948	0.0104965	0.539761	60.7839
15	0.0100989	0.0521118	0.394205	0.011994	0.0104324	0.536777	61.368
16	0.0100989	0.0528144	0.353605	0.0104948	0.0117872	0.591459	66.2789
17	0.0100989	0.0533005	0.353605	0.0104948	0.0106695	0.585936	60.7839
18	0.0100989	0.0532478	0.349602	0.0104948	0.010182	0.510398	44.0397
19	0.0100989	0.052817	0.349602	0.0104948	0.0101434	0.454588	39.8097
20	0.0101617	0.0522067	0.343795	0.0089955	0.0101434	0.429303	36.5213
21	0.0101617	0.0528753	0.383849	0.011994	0.0101434	0.407307	38.5145
22	0.0103153	0.0531883	0.394205	0.011994	0.0102109	0.386547	36.5213
23	0.0103153	0.0525336	0.394205	0.011994	0.0102287	0.338014	36.5213
24	0.0101617	0.0529394	0.407462	0.0104948	0.010182	0.265047	30.6546
25	0.0100843	0.0527438	0.407462	0.0089955	0.010182	0.205531	19.8878
26	0.0100843	0.0531613	0.425426	0.00749625	0.0101434	0.161093	3.16434
27	0.0100843	0.0524246	0.378593	0.00449775	0.0106695	0.137436	1.84211
28	0.0103739	0.0539936	0.453882	0.005997	0.010182	0.118182	1.33262
29	0.0107945	0.0537489	0.465687	0.00449775	0.0106695	0.114998	1.26856
30	0.0107148	0.0531281	0.453882	0.0029985	0.0101434	0.10913	1.13643
31	0.0100843	0.0537659	0.410526	0	0.0101434	0.101777	1.0178
32	0.0108544	0.0548682	0.465687	0.00149925	0.010182	0.0982066	1.0178
33	0.0103153	0.0540925	0.410526	0.00449775	0.0101434	0.0928217	0.971396
34	0.0103153	0.0540539	0.410526	0.00449775	0.0101434	0.0880718	0.889102
35	0.0103153	0.0538747	0.426951	0.00149925	0.0101434	0.0817052	0.625464
36	0.0103153	0.05298	0.437098	0	0.0101434	0.0797741	0.590373
37	0.010207	0.0520662	0.407462	0.00149925	0.0101434	0.0778917	0.585819
38	0.0101139	0.05279	0.453711	0.00149925	0.0101434	0.0808394	0.648893
39	0.0101139	0.0542016	0.489799	0.005997	0.0101434	0.0826735	0.704327
40	0.010207	0.0545297	0.505768	0.0089955	0.0101434	0.080024	0.735547
41	0.0101139	0.054222	0.469658	0.005997	0.0101664	0.0745067	0.558189
42	0.0101139	0.0544355	0.489799	0.00449775	0.0101664	0.072609	0.590373
43	0.0101139	0.0549741	0.489799	0.00449775	0.0101664	0.0713908	0.535499
44	0.010207	0.0546556	0.469658	0.0029985	0.0101664	0.0680137	0.535499
45	0.0101139	0.0546557	0.470861	0.0029985	0.0101664	0.0691096	0.599712
46	0.0103731	0.0550132	0.495208	0.0029985	0.0101664	0.0694771	0.620309
47	0.0102052	0.0551833	0.495683	0.005997	0.0102307	0.065771	0.535499
48	0.0102052	0.0561699	0.52459	0.0089955	0.0101664	0.0624502	0.445947
49	0.0102052	0.055304	0.505768	0.00449775	0.0101089	0.0613296	0.445947
50	0.0101139	0.0544605	0.489799	0.0029985	0.0101089	0.0586029	0.410003
51	0.0101139	0.0543643	0.489799	0.00449775	0.0101664	0.0555556	0.369559
52	0.0101139	0.0554746	0.505768	0.005997	0.0101089	0.0532619	0.335596
53	0.0101139	0.0582684	0.52459	0.00749625	0.010279	0.0505446	0.335596
54	0.0101139	0.0586161	0.535135	0.005997	0.0101089	0.0489948	0.32321
55	0.0100048	0.0587082	0.535135	0.005997	0.0101089	0.0483373	0.325386
56	0.0103731	0.0596848	0.563884	0.005997	0.0101089	0.0484918	0.325386
57	0.0101139	0.0609159	0.557535	0.00749625	0.0101089	0.0490218	0.35525
58	0.0107945	0.0626583	0.618885	0.011994	0.0101089	0.047523	0.32321
59	0.0101139	0.0608988	0.557535	0.0104948	0.0101089	0.047004	0.32321
60	0.0100048	0.0611303	0.557535	0.0104948	0.0101089	0.0458381	0.28001
61	0.0103731	0.06476	0.618885	0.0149925	0.0100812	0.0454744	0.28001
62	0.0100048	0.0667067	0.694264	0.0164918	0.0100812	0.0446484	0.275364
63	0.0111169	0.0686471	0.799177	0.017991	0.0101664	0.0453116	0.297062
64	0.0103731	0.0772633	0.791157	0.023988	0.0101089	0.0453667	0.297062
65	0.0101139	0.0798018	0.799177	0.023988	0.0101664	0.0442821	0.297062
66	0.0101139	0.083087	0.852637	0.029985	0.0101664	0.0443931	0.297062
67	0.0103731	0.0898637	0.943328	0.0389805	0.0103832	0.0444912	0.296425
68	0.0100048	0.0919438	0.930666	0.041979	0.0101089	0.0429594	0.231477
69	0.0111896	0.0999755	1.10333	0.0509745	0.0101089	0.0431886	0.275364
70	0.0111896	0.112145	1.10333	0.053973	0.0101089	0.0426143	0.221788
71	0.0101139	0.126405	1.1587	0.071964	0.0101089	0.0412313	0.201567
72	0.0111896	0.15177	1.53255	0.095952	0.0101089	0.040597	0.174316
73	0.0117575	0.196711	2.03108	0.137931	0.0101089	0.0398738	0.167945
74	0.0123733	0.265979	2.39295	0.184408	0.0101089	0.0396582	0.164815
75	0.013635	0.40868	3.23201	0.25937	0.0101653	0.0395152	0.164747
76	0.0279163	0.523626	6.53675	0.314843	0.0101653	0.0398373	0.164815
77	0.149011	0.803971	6.71241	0.397301	0.0103832	0.040243	0.164815
78	0.140119	0.805807	6.43351	0.4003	0.0103978	0.0405656	0.164815
79	0.149011	0.810753	6.53675	0.401799	0.0103978	0.0405707	0.164815
80	0.168603	0.856916	7.23928	0.41979	0.0101089	0.0409317	0.164815
81	0.170479	0.939084	6.43351	0.445277	0.0101089	0.0427135	0.187793
82	0.16898	0.881253	6.43351	0.422789	0.0101653	0.0434428	0.201567
83	0.168603	0.883624	6.93774	0.422789	0.0101653	0.0475337	0.238649
84	0.0238474	0.529055	4.38145	0.301349	0.0101653	0.0562915	0.675375
85	0.0167118	0.421645	2.881	0.241379	0.0101653	0.0704326	15.5184
86	0.0198402	0.354395	2.8743	0.194903	0.0101653	0.086568	27.579
87	0.0198402	0.310827	2.8743	0.155922	0.0101653	0.104914	38.1985
88	0.0135555	0.308649	1.80841	0.151424	0.0106964	0.130574	63.6046
89	0.0198402	0.283896	1.99973	0.122939	0.0104531	0.1576	63.6046
90	0.0198402	0.279025	1.92853	0.118441	0.0101653	0.172119	63.566
91	0.0198402	0.264961	1.81356	0.10045	0.0101653	0.180426	63.566
92	0.0198402	0.249164	1.54324	0.0854573	0.0101653	0.181222	63.566
93	0.0198402	0.243702	1.4156	0.0794603	0.0101653	0.181362	63.6046
94	0.0198402	0.236612	1.3161	0.0704648	0.0101653	0.183594	63.6046
95	0.0198402	0.241024	1.3161	0.0734633	0.0101653	0.184314	63.6046
96	0.0198402	0.246758	1.3161	0.0749625	0.0101653	0.17923	63.6046
97	0.0198402	0.249571	1.47935	0.077961	0.0101653	0.186248	63.6046
98	0.0198402	0.241796	1.47935	0.0749625	0.0103768	0.188391	66.5608
99	0.0193773	0.233353	1.59142	0.0764618	0.0101653	0.196301	63.1298
100	0.0135555	0.235119	1.29941	0.0824588	0.0100983	0.197228	62.6153
101	0.0193773	0.233687	1.72335	0.077961	0.0100983	0.196718	62.8323
102	0.0135555	0.23238	1.28138	0.0809595	0.0103832	0.196235	63.6046
103	0.0168304	0.229132	1.59142	0.0809595	0.0105716	0.200035	63.6046
104	0.0155802	0.235376	1.58809	0.0854573	0.0105716	0.209542	63.6046
105	0.0168336	0.26116	1.81835	0.109445	0.0105716	0.217972	63.6046
106	0.0154378	0.285606	1.90146	0.127436	0.0106521	0.231336	62.8323
107	0.0203392	0.322166	3.33611	0.154423	0.0101653	0.234158	53.2544
108	0.0194602	0.388621	3.46147	0.191904	0.0101653	0.239873	53.2544
109	0.109908	0.598163	7.14272	0.275862	0.0106635	0.267826	63.6046
110	0.109908	0.580268	7.14272	0.265367	0.0101653	0.292316	62.1598
111	0.10883	0.562456	7.14272	0.257871	0.0101653	0.281964	59.2455
112	0.0998736	0.567566	6.99799	0.269865	0.0103768	0.269129	59.2455
113	0.0890637	0.588776	5.42661	0.278861	0.0102059	0.244864	58.1578
114	0.0890637	0.641607	7.14272	0.304348	0.0102059	0.198735	50.3947
115	0.0380308	0.446711	5.42661	0.233883	0.0102059	0.187933	48.1218
116	0.0243793	0.343195	3.95369	0.167916	0.0102059	0.166613	41.4538
117	0.0146661	0.268091	2.1331	0.125937	0.0103768	0.15869	41.1556
118	0.0109102	0.233077	1.66182	0.106447	0.0102059	0.153306	43.855
119	0.0111872	0.209114	1.63752	0.103448	0.0102059	0.15127	43.855
120	0.0102073	0.164285	1.30021	0.0794603	0.0102059	0.145527	41.9386
121	0.0101104	0.139527	1.10163	0.065967	0.0102059	0.144109	41.9386
122	0.0101104	0.131472	1.12935	0.065967	0.0100757	0.139011	41.9386
123	0.0101291	0.122636	1.04751	0.0554723	0.0100757	0.134165	41.4538
124	0.0101949	0.126071	1.09838	0.05997	0.0100154	0.133333	41.4538
125	0.0101104	0.117865	0.987888	0.0494753	0.0100154	0.120616	37.5283
126	0.0101104	0.110588	0.950665	0.0434783	0.0100757	0.123512	36.4634
127	0.0101104	0.107743	0.950665	0.0434783	0.0100757	0.11964	32.6353
128	0.0101104	0.101146	0.827534	0.0389805	0.0100757	0.121078	32.6353
129	0.0101949	0.0961868	0.735935	0.0269865	0.0100757	0.119496	31.6426
130	0.0101949	0.0931412	0.735935	0.0284858	0.0100757	0.121669	33.1788
131	0.0101949	0.0924221	0.735935	0.029985	0.0100757	0.117905	31.0595
132	0.0101104	0.0901445	0.66343	0.0254873	0.0100757	0.114423	31.6426
133	0.0101104	0.0907725	0.642115	0.0224888	0.0100757	0.108549	31.0595
134	0.0101104	0.0909146	0.642115	0.0209895	0.0103768	0.107995	31.0595
135	0.0101104	0.0902173	0.625881	0.017991	0.0101491	0.106297	23.7928
136	0.0101104	0.0893597	0.5922	0.017991	0.0101491	0.101632	18.5222
137	0.0101104	0.0916018	0.5922	0.0194903	0.0101491	0.0961421	13.6927
138	0.0101104	0.0922004	0.625881	0.0209895	0.0101491	0.0946554	10.4373
139	0.0101104	0.0933217	0.586418	0.017991	0.0100301	0.0871975	7.70502
140	0.0101104	0.0990671	0.625881	0.0209895	0.0100301	0.0842387	7.09236
141	0.01049	0.100247	0.671149	0.017991	0.0100301	0.0843947	7.09236
142	0.0109791	0.100689	0.690116	0.017991	0.0100301	0.0799124	5.85392
143	0.0105746	0.10141	0.671149	0.017991	0.0100204	0.0746301	4.31627
144	0.0106029	0.104649	0.671149	0.017991	0.0100204	0.0745182	4.07455
145	0.0106029	0.105846	0.671149	0.017991	0.0100204	0.0743738	4.43131
146	0.0105746	0.107043	0.671149	0.0164918	0.0100204	0.0720972	4.43131
147	0.0111872	0.110797	0.73789	0.017991	0.0100301	0.0676079	2.53602
148	0.0147936	0.117023	0.972814	0.0194903	0.0100204	0.0641807	2.11496
149	0.0127458	0.118334	0.813801	0.017991	0.0100204	0.0599092	0.85762
150	0.0141161	0.12151	0.912593	0.017991	0.0100204	0.0573486	0.797687
151	0.0138372	0.122131	0.912593	0.0209895	0.0100204	0.0555548	0.677615
152	0.0127458	0.127445	0.911746	0.0269865	0.0100204	0.0548661	0.544374
153	0.0132696	0.125255	0.912593	0.0224888	0.0100204	0.0535923	0.446021
154	0.0132337	0.128676	0.886679	0.0224888	0.0100204	0.0540883	0.384666
155	0.0132337	0.134331	0.980663	0.0284858	0.0100301	0.0531052	0.346683
156	0.0127458	0.140283	0.994117	0.0344828	0.0100301	0.0510049	0.29085
157	0.0146851	0.161491	1.47742	0.0629685	0.0101139	0.0501294	0.280575
158	0.0153661	0.18061	1.82225	0.0854573	0.0100301	0.0497109	0.268114
159	0.0186841	0.197947	2.20323	0.103448	0.0100301	0.0477808	0.25428
160	0.0185328	0.207263	2.20323	0.109445	0.0100301	0.0457834	0.233425
161	0.0137576	0.160878	1.6164	0.0824588	0.0100301	0.0456444	0.23323
162	0.0137576	0.143859	1.53641	0.0644678	0.0100301	0.0455317	0.219297
163	0.0112208	0.136036	1.2315	0.0584708	0.0100301	0.0454646	0.21099
164	0.010446	0.129995	1.17055	0.0569715	0.0100301	0.0450881	0.21099
165	0.010446	0.119206	0.980663	0.0449775	0.0100301	0.0447815	0.21099
166	0.0101489	0.113338	0.844501	0.041979	0.0100301	0.0454114	0.21099
167	0.0103209	0.104661	0.736382	0.0269865	0.0100301	0.0464275	0.233425
168	0.0101489	0.1016	0.710453	0.0254873	0.0100301	0.0465233	0.238151
169	0.0101489	0.100352	0.680524	0.0209895	0.0101139	0.0473641	0.25098
170	0.0101489	0.0984657	0.680524	0.0209895	0.0101139	0.0475471	0.25098
171	0.0101489	0.0958878	0.653844	0.0164918	0.0100301	0.0473651	0.238151
172	0.0101489	0.0913372	0.638638	0.0149925	0.0100301	0.048265	0.253446
173	0.010148	0.0890585	0.576443	0.0104948	0.0100301	0.0491728	0.266943
174	0.010148	0.0886528	0.56872	0.0089955	0.0100301	0.052941	0.331727
175	0.0100111	0.0836891	0.516499	0.0104948	0.0100301	0.0597292	0.614488
176	0.0102851	0.0804695	0.516499	0.005997	0.0100301	0.0677304	0.839485
177	0.0102851	0.0777164	0.503786	0.005997	0.0100301	0.0651935	0.614488
178	0.0102851	0.0787231	0.503419	0.005997	0.0100301	0.0691604	0.624242
179	0.0103209	0.0765366	0.513303	0.005997	0.0100301	0.066501	0.538498
180	0.0103209	0.0743242	0.513303	0.00449775	0.0100301	0.0654571	0.557597
181	0.0103209	0.0745093	0.513303	0.005997	0.0100301	0.0665361	0.588534
182	0.0100111	0.0717182	0.473333	0.005997	0.0100301	0.0699302	0.741981
183	0.0100111	0.0718244	0.473333	0.0089955	0.0100301	0.0665208	0.557597
184	0.0100111	0.0717423	0.497907	0.00749625	0.0100301	0.0649833	0.531623
185	0.0100111	0.0724849	0.503419	0.00749625	0.0100301	0.0626539	0.481406
186	0.0100111	0.0728353	0.50096	0.00749625	0.0100301	0.0691024	1.22171
187	0.0100111	0.0738271	0.50096	0.0089955	0.0100301	0.0705291	1.86426
188	0.0100111	0.0745638	0.50096	0.00749625	0.0100301	0.0643145	0.64634
189	0.0100111	0.075299	0.504057	0.0104948	0.0101541	0.0542894	0.345435
190	0.0102328	0.077065	0.522188	0.011994	0.0100256	0.0508269	0.315367
191	0.0102328	0.0774715	0.516499	0.0104948	0.0100301	0.0486663	0.278892
192	0.0102328	0.0779221	0.522188	0.011994	0.0100256	0.0449389	0.221348
193	0.0102328	0.0783138	0.514939	0.0104948	0.0100256	0.0451502	0.227229
194	0.0102328	0.0796739	0.513303	0.0104948	0.0100256	0.0440204	0.232989
195	0.0102328	0.0804957	0.516499	0.0089955	0.0100256	0.0434128	0.227229
196	0.0102951	0.0818192	0.548442	0.0104948	0.0100256	0.0432182	0.235727
197	0.0109202	0.0857504	0.579849	0.0104948	0.0100256	0.0423546	0.221348
198	0.0103209	0.0900233	0.548442	0.011994	0.0100256	0.0408118	0.210507
199	0.0102951	0.0977339	0.582307	0.0149925	0.0100256	0.0406524	0.21599
200	0.0100111	0.105051	0.599402	0.0089955	0.0100256	0.0401387	0.219036
201	0.0119783	0.114099	0.801329	0.011994	0.0100202	0.0396991	0.229148
202	0.0142283	0.126178	1.00647	0.0209895	0.0100256	0.0380435	0.20093
203	0.0137369	0.137949	1.03764	0.0269865	0.0100256	0.0384344	0.209161
204	0.0139919	0.145842	1.03808	0.029985	0.0100256	0.0389913	0.209591
205	0.0115402	0.169901	1.03808	0.047976	0.0100256	0.0388208	0.210507
206	0.0168623	0.19691	1.62417	0.0644678	0.0100256	0.0387324	0.224723
207	0.0228529	0.222606	2.17958	0.0749625	0.0100256	0.0380027	0.224723
208	0.0224047	0.239458	1.62417	0.0794603	0.0100256	0.0374267	0.209591
209	0.0219582	0.214884	1.61713	0.0614693	0.0100256	0.0378763	0.209591
210	0.0199243	0.199523	1.72673	0.0584708	0.0100256	0.038426	0.21599
211	0.0208513	0.191096	1.72673	0.0524738	0.0100256	0.0383368	0.224723
212	0.0168623	0.181922	1.37883	0.0449775	0.0100256	0.0387917	0.248681
213	0.0168066	0.172831	1.37883	0.0404798	0.0100256	0.0409656	0.272958
214	0.0138256	0.170546	1.0499	0.035982	0.0100256	0.041242	0.27819
215	0.0129179	0.163052	1.03808	0.035982	0.0100301	0.0420582	0.278892
216	0.0125631	0.162774	1.0499	0.0374813	0.0100301	0.0430113	0.287181
217	0.0124188	0.169084	1.00647	0.0374813	0.0100301	0.0416704	0.278892
218	0.0125631	0.170488	1.00647	0.035982	0.0100301	0.0412852	0.287181
219	0.0168066	0.17585	1.35285	0.0404798	0.0100301	0.0413256	0.300435
220	0.011474	0.177096	1.00521	0.0464768	0.0100301	0.0412344	0.307307
221	0.0160693	0.182299	1.50219	0.0524738	0.0100301	0.0417665	0.307892
222	0.0172666	0.191401	1.78314	0.05997	0.0100301	0.0418834	0.305358
223	0.0168066	0.20215	1.78314	0.0749625	0.0100301	0.0433246	0.324543
224	0.0168066	0.211611	1.84743	0.0824588	0.0100301	0.0470837	0.375447
225	0.0168066	0.258207	2.39555	0.11994	0.0100301	0.0534874	0.864998
226	0.0112481	0.185075	1.38473	0.0689655	0.0100301	0.0552292	0.864998
227	0.0100996	0.162247	1.00445	0.0509745	0.0100301	0.0566925	0.864998
228	0.0112481	0.1416	0.966942	0.0374813	0.0100301	0.0576558	1.36166
229	0.0112481	0.130988	0.955427	0.0329835	0.0100301	0.0598397	2.11899
230	0.0113351	0.124073	0.91401	0.029985	0.0100301	0.0583139	1.82902
231	0.0113351	0.117123	0.91401	0.0269865	0.0100301	0.0587773	2.11899
232	0.0110728	0.116881	0.91401	0.0314843	0.0100301	0.0605565	2.17107
233	0.0110728	0.114806	0.91401	0.029985	0.0100301	0.0625769	2.95002
234	0.0105735	0.10857	0.857542	0.0284858	0.0100301	0.0629608	3.2764
235	0.0105735	0.107144	0.843507	0.0254873	0.0100301	0.0588197	1.65608
236	0.0100528	0.107052	0.836115	0.0344828	0.0100301	0.0570091	0.654963
237	0.0100486	0.100586	0.814525	0.0314843	0.0100301	0.0557626	0.5368
238	0.0100528	0.0909551	0.773735	0.0284858	0.0100301	0.0513663	0.423038
239	0.0100528	0.0855192	0.625744	0.0209895	0.0100301	0.0498158	0.368422
240	0.0100996	0.0844767	0.625744	0.0209895	0.0100301	0.0499345	0.38952
241	0.0100996	0.0832626	0.604793	0.0194903	0.0100301	0.0486653	0.351143
242	0.0100528	0.0807104	0.567862	0.0164918	0.0100986	0.0527598	0.554171
243	0.0100996	0.0773135	0.567862	0.0164918	0.0100986	0.0593936	1.16977
244	0.0100996	0.0763635	0.567862	0.0164918	0.0100986	0.0657244	1.8478
245	0.0100528	0.075832	0.551214	0.0164918	0.0100986	0.0786573	3.75617
246	0.0100528	0.0750071	0.54529	0.0164918	0.0100986	0.0864544	5.68627
247	0.0100528	0.074072	0.568261	0.0209895	0.0100986	0.0962112	14.7808
248	0.0100996	0.0729122	0.568261	0.0194903	0.0100986	0.109136	16.7096
249	0.0100528	0.0721804	0.533102	0.0194903	0.0101216	0.117478	16.8269
250	0.0100996	0.0713928	0.533102	0.0194903	0.0100986	0.124242	16.7096
251	0.0100996	0.0680566	0.488308	0.011994	0.0100986	0.123694	14.237
252	0.0100528	0.0673317	0.496808	0.011994	0.0100986	0.133278	17.6778
253	0.0100994	0.0663359	0.488308	0.011994	0.0100986	0.139093	25.2705
254	0.0100994	0.0649659	0.488308	0.0104948	0.0100986	0.140696	25.2705
255	0.0100994	0.0635804	0.488308	0.0104948	0.0100986	0.144059	25.2705
256	0.0100994	0.0620485	0.496808	0.011994	0.0100986	0.145803	25.7664
257	0.0100528	0.0608497	0.472399	0.011994	0.0100986	0.149318	25.4142
258	0.0100528	0.0598512	0.43281	0.011994	0.0103248	0.14955	27.5537
259	0.0100154	0.0594011	0.43281	0.011994	0.0101541	0.162389	27.5537
260	0.0100154	0.0573437	0.409631	0.00749625	0.0100986	0.171732	27.9999
261	0.0100154	0.0558795	0.404694	0.00749625	0.0100986	0.170064	27.9999
262	0.0100154	0.0554283	0.407164	0.00749625	0.0101541	0.173845	29.2854
263	0.0100528	0.0539601	0.407164	0.005997	0.0100986	0.175891	28.9397
264	0.0100994	0.053652	0.407164	0.005997	0.0100986	0.178808	28.9397
265	0.0100154	0.0533222	0.383978	0.0029985	0.0101541	0.166369	27.5537
266	0.0100154	0.0528807	0.383978	0.0029985	0.0100986	0.170943	27.5537
267	0.0100154	0.0523402	0.361826	0.0029985	0.0100986	0.163071	26.9863
268	0.0100994	0.0525609	0.372016	0.0029985	0.0101662	0.171207	29.2854
269	0.0100154	0.0532004	0.372016	0.0029985	0.0100986	0.176254	29.2854
270	0.0100154	0.0529384	0.386973	0.0029985	0.0100986	0.176658	29.2854
271	0.0100154	0.0529617	0.386973	0.0029985	0.0100986	0.190241	30.4227
272	0.0100154	0.0554882	0.404694	0.00449775	0.0105586	0.207093	31.8969
273	0.0100154	0.0563754	0.404694	0.00449775	0.0105586	0.223346	33.2004
274	0.0100154	0.057084	0.411657	0.00449775	0.0105586	0.236506	32.9337
275	0.0100994	0.0592645	0.423549	0.00449775	0.0105586	0.263994	32.9337
276	0.0100994	0.0621006	0.440697	0.0089955	0.0105586	0.29129	40.4914
277	0.0100154	0.065872	0.49623	0.0164918	0.0102851	0.291765	40.4914
278	0.0100994	0.0678586	0.509734	0.0149925	0.0105586	0.307509	43.7659
279	0.0100994	0.0672718	0.488423	0.0104948	0.0105586	0.326008	40.4914
280	0.011019	0.0687371	0.517787	0.00749625	0.0101306	0.329156	40.4914
281	0.0107222	0.0714115	0.522805	0.0089955	0.0107993	0.328002	40.4914
282	0.0111112	0.0744319	0.567405	0.011994	0.0107993	0.322742	39.6056
283	0.0107222	0.0772303	0.633686	0.0224888	0.0103365	0.303982	30.7342
284	0.010188	0.0787088	0.623833	0.023988	0.0103365	0.28343	27.5537
285	0.011003	0.0820385	0.716797	0.0284858	0.0103365	0.285889	19.1186
286	0.0110253	0.0856558	0.739438	0.0329835	0.0103365	0.30163	21.4306
287	0.011003	0.0866052	0.716797	0.0314843	0.0105586	0.350691	27.8951
288	0.011003	0.0895828	0.739438	0.035982	0.0103365	0.414257	30.5101
289	0.011003	0.0953083	0.89687	0.0449775	0.0109184	0.458039	36.3909
290	0.011003	0.100751	0.87451	0.041979	0.0107329	0.53521	36.3909
291	0.011003	0.104487	0.913162	0.0449775	0.0109184	0.613289	36.7128
292	0.011003	0.112913	0.929418	0.0449775	0.0109184	0.693734	37.2541
293	0.011003	0.135683	1.13546	0.0629685	0.0105586	0.743062	36.7128
294	0.0110253	0.151549	1.2691	0.0764618	0.0107329	0.814797	36.7128
295	0.0127315	0.166912	1.62482	0.089955	0.0102492	0.825062	36.7128
296	0.0147539	0.177947	1.76377	0.0974513	0.0109184	0.819653	37.3009
297	0.0118352	0.196711	1.62482	0.113943	0.0107329	0.801043	36.7128
298	0.0127665	0.189636	1.62393	0.101949	0.0174338	0.841446	58.6874
299	0.0148964	0.186628	1.61689	0.089955	0.017687	0.873366	58.6874
300	0.0121593	0.177257	1.44802	0.0884558	0.0203496	0.93514	58.6874
301	0.0121593	0.174348	1.42839	0.089955	0.0196878	0.962223	60.5397
302	0.0121593	0.17565	1.54408	0.0929535	0.0187253	0.968578	58.6874
303	0.0121593	0.173873	1.53201	0.095952	0.0174338	0.984868	58.6874
304	0.0121593	0.169084	1.42689	0.0884558	0.0102051	1.00407	39.4832
305	0.0118352	0.175896	1.68152	0.101949
