		omega		Posterior		rho				Synonymous theta			kappa			phi	
Site	Lower	Point	Higher	prob of +ve	Lower	Point	Higher		Lower	Point	Higher	Lower	Point	Higher	Lower	Point	Higher
	95% HPD	estimate	95% HPD	selection	95% HPD	estimate	95% HPD		95% HPD	estimate	95% HPD	95% HPD	estimate	95% HPD	95% HPD	estimate	95% HPD
0	0.010149	0.0313032	0.121447	0	0.0104824	0.05081	0.583357		0.0697047	0.0804711	0.0944373	2.83337	4.29894	6.0617	7.365	31.6796	122.378
1	0.010149	0.0310147	0.111814	0	0.0100937	0.0435048	0.401321
2	0.010149	0.0310171	0.111814	0	0.0104859	0.0423039	0.401321
3	0.010149	0.0309243	0.107481	0	0.0100146	0.0418428	0.323725
4	0.010149	0.0309153	0.107481	0	0.0104194	0.039324	0.273676
5	0.010149	0.0308812	0.110265	0	0.0100803	0.0376152	0.181569
6	0.010149	0.0308565	0.110265	0	0.0100146	0.03696	0.175221
7	0.010149	0.0309739	0.110265	0	0.0100146	0.035888	0.136774
8	0.010149	0.0309981	0.110265	0	0.0100146	0.0364105	0.173196
9	0.010149	0.0309199	0.110265	0	0.0103367	0.0355967	0.137759
10	0.010149	0.0307969	0.110265	0	0.0103367	0.035882	0.136774
11	0.010149	0.0307355	0.110265	0	0.0104194	0.0354915	0.136774
12	0.010149	0.0307118	0.110265	0	0.0104824	0.0353595	0.136774
13	0.010149	0.0307277	0.111814	0	0.0104194	0.0360396	0.137759
14	0.010149	0.03064	0.111814	0	0.0103367	0.0364752	0.136774
15	0.010149	0.0307146	0.111814	0	0.0103367	0.0362575	0.137759
16	0.010149	0.030714	0.111814	0	0.0101397	0.0367994	0.163602
17	0.010149	0.0307921	0.112961	0	0.0100803	0.0376395	0.172943
18	0.010149	0.0307583	0.111814	0	0.0104194	0.039366	0.181569
19	0.010149	0.030747	0.112961	0	0.0100905	0.0396948	0.181569
20	0.010149	0.0306881	0.112961	0	0.0100803	0.0400754	0.182931
21	0.010149	0.0306201	0.115932	0	0.0100803	0.0409903	0.223045
22	0.010149	0.0306322	0.11657	0	0.0100803	0.0431536	0.248305
23	0.010149	0.030471	0.121447	0	0.0100905	0.0446098	0.261395
24	0.010149	0.0305721	0.12596	0	0.0100803	0.0465145	0.302623
25	0.010149	0.0306027	0.131764	0	0.0100803	0.0488263	0.358197
26	0.010149	0.0302783	0.131764	0	0.0100905	0.049655	0.399582
27	0.0101204	0.0304941	0.146909	0	0.0100905	0.0508936	0.420564
28	0.0101204	0.0301654	0.144475	0	0.0100905	0.0555233	0.649214
29	0.0101204	0.0298577	0.143262	0	0.0100905	0.0595428	1.10812
30	0.0101204	0.0297858	0.142594	0	0.0100803	0.0631134	1.22711
31	0.010149	0.0296402	0.131764	0	0.0104194	0.0653363	1.50583
32	0.010149	0.0297769	0.131764	0	0.0102111	0.0731824	2.24405
33	0.0101204	0.0301424	0.131764	0.00149925	0.0104194	0.0726394	2.24405
34	0.0101204	0.0301452	0.131764	0.00149925	0.0104194	0.0714028	2.24405
35	0.010149	0.0298919	0.131764	0	0.0100803	0.0689699	1.50583
36	0.0101204	0.0303903	0.146909	0	0.0100803	0.0766139	1.93237
37	0.010149	0.0298353	0.131764	0	0.0100803	0.0758325	1.74544
38	0.010149	0.0297338	0.127411	0	0.0100803	0.0855531	3.32429
39	0.0101204	0.030159	0.131764	0	0.0100803	0.0877944	3.0799
40	0.0101111	0.0300157	0.127411	0	0.0104194	0.111648	9.91449
41	0.0101111	0.0297114	0.12596	0	0.0104194	0.160393	30.3266
42	0.0101204	0.0297784	0.12596	0	0.0143288	0.202557	78.6223
43	0.0101204	0.0298207	0.12596	0	0.0143288	0.216286	78.6223
44	0.0101111	0.0303186	0.12596	0	0.0135892	0.249532	78.6223
45	0.0101204	0.0317046	0.131764	0.00449775	0.0145963	0.238127	89.3161
46	0.010149	0.0314072	0.127411	0.00149925	0.0143288	0.213919	85.6442
47	0.010149	0.0316953	0.127411	0	0.0112307	0.123933	15.2214
48	0.0101204	0.0322408	0.127411	0	0.0103774	0.104512	13.7779
49	0.010149	0.0324635	0.131764	0	0.0103774	0.074891	2.41776
50	0.0101204	0.0322063	0.127411	0	0.0107998	0.0667096	1.0372
51	0.0101204	0.032024	0.127411	0	0.0103774	0.0576698	0.503805
52	0.0101204	0.0332969	0.143262	0.00149925	0.0100526	0.0535677	0.329905
53	0.010149	0.0332736	0.131764	0.00149925	0.0100526	0.0489077	0.249991
54	0.0101204	0.0343831	0.131764	0.00149925	0.0100526	0.0486296	0.249991
55	0.0101204	0.0360632	0.144664	0.005997	0.0100526	0.0479303	0.240029
56	0.0101514	0.0353117	0.131764	0	0.0100526	0.0472293	0.204916
57	0.0101514	0.0362377	0.127411	0	0.0100526	0.0466838	0.245275
58	0.0101514	0.0374873	0.131764	0.00149925	0.0100526	0.0457008	0.23509
59	0.0104262	0.0397825	0.149326	0.0104948	0.0103774	0.0459437	0.201452
60	0.0105084	0.0392839	0.145841	0.005997	0.0107998	0.0466389	0.201452
61	0.0103841	0.039806	0.146387	0.00149925	0.0107998	0.0469384	0.201452
62	0.0105084	0.0430122	0.182051	0.0089955	0.0107998	0.0475571	0.201452
63	0.0104262	0.0436175	0.182051	0.00449775	0.0107998	0.0485829	0.189783
64	0.0103841	0.0443841	0.182051	0	0.0107998	0.0490289	0.189783
65	0.0103841	0.0455091	0.182051	0	0.0107998	0.0494948	0.195869
66	0.0103587	0.0464769	0.182051	0	0.010803	0.052371	0.236591
67	0.0103587	0.0479463	0.231978	0	0.0111291	0.0546116	0.240029
68	0.0103841	0.0508704	0.291896	0.005997	0.0107998	0.0541083	0.201452
69	0.0104262	0.0515282	0.301469	0.0089955	0.0107998	0.0538304	0.208301
70	0.0103841	0.0645783	1.17669	0.0509745	0.0100575	0.057525	0.235074
71	0.0103841	0.0485338	0.291896	0.00749625	0.0100575	0.0591709	0.235074
72	0.0103841	0.0435683	0.182051	0.0029985	0.0100575	0.0604384	0.239385
73	0.0103841	0.0407034	0.157587	0.0029985	0.0100575	0.0608298	0.240029
74	0.0108376	0.0390062	0.149326	0	0.0103328	0.0618529	0.252013
75	0.010671	0.0387163	0.149326	0	0.0100575	0.0625615	0.252013
76	0.010671	0.0381321	0.149326	0	0.0100575	0.0626836	0.252013
77	0.0103587	0.038075	0.149326	0	0.0131452	0.0612745	0.304655
78	0.0103841	0.0377413	0.149295	0	0.0131452	0.062276	0.31112
79	0.010579	0.0375697	0.149295	0	0.0131452	0.0625372	0.31112
80	0.010579	0.0377389	0.149295	0	0.0131452	0.0633698	0.304655
81	0.0103587	0.0377283	0.148766	0	0.0131452	0.0645676	0.302716
82	0.0107631	0.0376595	0.149168	0	0.0143288	0.064901	0.31112
83	0.0108376	0.0379955	0.149168	0	0.0131452	0.0642084	0.302716
84	0.0108376	0.0377565	0.149168	0	0.0135892	0.0642871	0.31112
85	0.0108947	0.037326	0.149168	0	0.0123907	0.0661822	0.304655
86	0.010725	0.0364869	0.146387	0	0.0100575	0.0689706	0.266767
87	0.010725	0.0367223	0.146387	0	0.0100575	0.071654	0.275635
88	0.0108947	0.0368148	0.149168	0	0.0100575	0.0759281	0.332007
89	0.010579	0.0372648	0.149168	0	0.0103328	0.080708	0.3716
90	0.0103587	0.0382105	0.151743	0.00149925	0.0104427	0.0819969	0.337708
91	0.0111446	0.0383214	0.163911	0.00149925	0.0111291	0.0824272	0.3716
92	0.010579	0.039301	0.163911	0.00149925	0.0111291	0.081243	0.3716
93	0.010725	0.0401935	0.185964	0.00149925	0.0104427	0.0818819	0.337708
94	0.0103587	0.0408171	0.185964	0.00149925	0.0111291	0.0819416	0.337708
95	0.0103587	0.0405555	0.185964	0.00149925	0.0111291	0.0858353	0.402985
96	0.0103841	0.0414202	0.229945	0.00149925	0.0111291	0.0874786	0.413072
97	0.0103841	0.0419211	0.229945	0	0.0111291	0.0887355	0.413072
98	0.0103841	0.0429835	0.266995	0.00149925	0.0124807	0.0924985	0.506013
99	0.0107631	0.0437247	0.32395	0	0.0145962	0.0974999	0.60542
100	0.0100955	0.0451095	0.32395	0	0.0188481	0.103912	0.785955
101	0.0102347	0.04332	0.28709	0	0.0188481	0.104412	0.732398
102	0.0102347	0.04297	0.28709	0	0.0188481	0.103898	0.732398
103	0.0102347	0.042047	0.28709	0	0.0145962	0.103059	0.544803
104	0.0103587	0.0409415	0.266995	0	0.0145962	0.101789	0.506013
105	0.0100955	0.040119	0.251601	0	0.0161644	0.099633	0.60144
106	0.0102324	0.0390273	0.229945	0	0.0145962	0.0934626	0.411084
107	0.0101985	0.0368812	0.202452	0	0.0145962	0.0900744	0.343762
108	0.0100955	0.035197	0.163734	0	0.0145962	0.0914049	0.349013
109	0.0100955	0.0345086	0.163734	0	0.0161644	0.0863877	0.344216
110	0.0100955	0.0337154	0.163734	0.0029985	0.0162651	0.0858229	0.337708
111	0.0101511	0.0322426	0.141037	0.0029985	0.0145962	0.0847308	0.337708
112	0.0100955	0.0314138	0.126657	0	0.0162651	0.0838644	0.344216
113	0.0101985	0.0309772	0.123348	0	0.0142923	0.0874639	0.349013
114	0.0100955	0.0303733	0.120063	0	0.01119	0.105477	0.565928
115	0.0100955	0.0304824	0.120063	0	0.01119	0.107128	0.590358
116	0.0101511	0.0305865	0.11657	0	0.0100259	0.113588	0.732398
117	0.0101985	0.0306218	0.109832	0	0.0100259	0.121191	0.946342
118	0.0101511	0.0305037	0.109832	0	0.0100259	0.123586	1.24815
119	0.0101985	0.0307985	0.122229	0.0029985	0.0100259	0.119596	0.682276
120	0.010171	0.0291553	0.108703	0	0.0100259	0.115707	0.606339
121	0.0101511	0.028747	0.104913	0	0.0100259	0.116162	0.695468
122	0.0101506	0.028976	0.108703	0	0.0100259	0.124523	5.64037
123	0.0101506	0.0285812	0.104913	0	0.0186126	0.134943	18.6205
124	0.0101506	0.0282877	0.100074	0	0.0186126	0.13791	18.6205
125	0.0101506	0.0283154	0.10842	0	0.0186126	0.137653	18.6205
126	0.0101506	0.0286997	0.109832	0	0.0191198	0.136538	18.6205
127	0.0101506	0.0285919	0.109832	0	0.0191198	0.138597	18.6205
128	0.0101506	0.0286075	0.117046	0	0.0191198	0.13887	18.6205
129	0.0101506	0.0288492	0.122229	0	0.0191198	0.142374	18.6205
130	0.0101506	0.0285313	0.11756	0	0.0191198	0.146393	18.6205
131	0.0101465	0.0278268	0.10842	0	0.0196909	0.14453	18.3386
132	0.0101465	0.0272669	0.0939978	0	0.0210033	0.145089	18.3386
133	0.0101465	0.0268	0.0930652	0	0.0129102	0.137333	6.21908
134	0.010022	0.0259982	0.0857017	0	0.0142923	0.136923	1.18962
135	0.0101465	0.025918	0.0857017	0	0.0142923	0.127185	0.606737
136	0.0101506	0.026002	0.0857017	0	0.0196407	0.119617	0.606737
137	0.0101506	0.0258688	0.0857017	0	0.0221705	0.105573	0.558946
138	0.0101465	0.0261976	0.0855178	0	0.0254939	0.0930288	0.558946
139	0.0101465	0.0260405	0.0831871	0	0.0196407	0.0876745	0.517563
140	0.0101465	0.0260283	0.0831871	0	0.0196407	0.0881691	0.550698
141	0.0101465	0.0259733	0.0827398	0	0.0210767	0.0878479	0.558946
142	0.0101465	0.0259494	0.0831871	0	0.0196407	0.0830078	0.550698
143	0.0101465	0.0257882	0.08284	0	0.021064	0.0827843	0.50358
144	0.0101465	0.0259416	0.0831871	0	0.0196407	0.0792777	0.491438
145	0.0101465	0.0256565	0.0831871	0	0.0196407	0.0773115	0.50358
146	0.010022	0.0252637	0.0822049	0	0.0108077	0.0749114	0.28406
147	0.010022	0.0247631	0.0801851	0	0.0108077	0.0730906	0.249181
148	0.010022	0.0246339	0.0822049	0	0.0108077	0.0733329	0.258072
149	0.010022	0.024579	0.0822049	0	0.0108077	0.0738351	0.255725
150	0.0101506	0.0249112	0.0845896	0	0.0108077	0.079949	0.296823
151	0.0101506	0.0246838	0.0845896	0	0.0108077	0.0773151	0.296823
152	0.0101465	0.0246624	0.0845896	0	0.0108077	0.0757923	0.255725
153	0.010022	0.0238491	0.0748938	0	0.0108077	0.0745343	0.263817
154	0.010022	0.0237747	0.074359	0	0.0140219	0.075074	0.296823
155	0.010022	0.0237514	0.074359	0	0.0140219	0.0762959	0.266304
156	0.010022	0.0233852	0.070609	0	0.0145613	0.076989	0.282511
157	0.010022	0.0229326	0.0685042	0	0.0145613	0.0766073	0.255725
158	0.010022	0.022873	0.0685042	0	0.0145613	0.0748141	0.245558
159	0.0100571	0.0229233	0.070609	0	0.0145613	0.0742177	0.255725
160	0.010022	0.0232372	0.0725953	0.00149925	0.01252	0.0690372	0.194076
161	0.010022	0.0239271	0.0758022	0.005997	0.0196407	0.0691189	0.296823
162	0.010022	0.0229612	0.070609	0	0.0192456	0.0716013	0.255725
163	0.010022	0.0229849	0.0725953	0	0.0192456	0.0713329	0.262211
164	0.010022	0.0230709	0.074359	0	0.0192456	0.0710661	0.262211
165	0.010022	0.0230167	0.074359	0	0.0192456	0.0705236	0.282511
166	0.010022	0.0228547	0.074359	0	0.0192456	0.0709433	0.282511
167	0.010022	0.0228221	0.0725953	0	0.0192456	0.0722315	0.282511
168	0.010022	0.022783	0.0725953	0	0.0197217	0.0734302	0.282511
169	0.010022	0.0227528	0.0725953	0	0.0192456	0.0724015	0.273148
170	0.010022	0.0227346	0.0725953	0	0.0197217	0.071672	0.282511
171	0.010022	0.0227243	0.0744968	0	0.0197217	0.071999	0.282511
172	0.010022	0.0226475	0.0744968	0	0.0192456	0.0722073	0.282511
173	0.010022	0.0226746	0.0744968	0	0.0192456	0.0736801	0.282511
174	0.010022	0.0228105	0.0748938	0	0.0197069	0.0730496	0.282511
175	0.010022	0.023257	0.0810925	0.00449775	0.0197217	0.0734643	0.282511
176	0.010022	0.0233615	0.0808993	0.00449775	0.0192456	0.075182	0.282511
177	0.010022	0.0230028	0.0792574	0	0.019086	0.0768558	0.282511
178	0.010022	0.022655	0.0744968	0	0.0197069	0.0778614	0.286643
179	0.010022	0.0223424	0.0717462	0	0.0158821	0.0788863	0.282511
180	0.010022	0.0222845	0.070609	0	0.0143003	0.0753916	0.282511
181	0.0100413	0.0225906	0.0725953	0	0.0129339	0.074607	0.265904
182	0.010022	0.022209	0.070609	0	0.0129339	0.0714626	0.281478
183	0.010022	0.0217458	0.0694897	0	0.0100051	0.0695315	0.248793
184	0.010022	0.0218171	0.0694897	0	0.0129339	0.068836	0.282511
185	0.010022	0.0214965	0.0675357	0	0.0129339	0.0681238	0.281478
186	0.010022	0.0216963	0.0685042	0.00149925	0.0129339	0.0679971	0.281478
187	0.0100413	0.0220793	0.070609	0.00149925	0.0129339	0.0678996	0.281478
188	0.0100311	0.0221205	0.070609	0.00149925	0.0129339	0.067448	0.281478
189	0.010022	0.0224356	0.0717462	0.0029985	0.0129339	0.0700948	0.286643
190	0.010022	0.0222933	0.0717462	0.00149925	0.0129339	0.070372	0.291201
191	0.010022	0.0223109	0.0725953	0.00149925	0.0100051	0.0720491	0.266254
192	0.010022	0.0221561	0.070609	0.00149925	0.0100051	0.0713384	0.277458
193	0.0100311	0.0218254	0.070609	0.00149925	0.0100051	0.0711927	0.281478
194	0.0100311	0.0220339	0.0748938	0.00149925	0.0100051	0.0714454	0.277458
195	0.010022	0.0217222	0.0744968	0.00149925	0.0100051	0.0720909	0.281478
196	0.0100311	0.0219748	0.0748938	0.00149925	0.0100051	0.0740474	0.286643
197	0.010022	0.0216276	0.0725953	0	0.0100051	0.0743724	0.289447
198	0.010022	0.0217222	0.0725953	0	0.0129339	0.0768187	0.358297
199	0.010022	0.0217616	0.0725953	0	0.0129339	0.0759885	0.358297
200	0.010022	0.0219529	0.0748371	0	0.0100051	0.0765588	0.29468
201	0.010022	0.0217966	0.0715533	0	0.0129339	0.0834371	0.400169
202	0.010022	0.0218286	0.0715533	0	0.0133464	0.0979355	0.406526
203	0.010022	0.0217444	0.0715533	0	0.0133464	0.112448	0.509411
204	0.010022	0.0218864	0.0792574	0	0.0133464	0.118261	0.553259
205	0.010022	0.0219931	0.0807947	0	0.0133464	0.119817	0.553259
206	0.010022	0.0220743	0.0792574	0	0.015348	0.124478	0.718699
207	0.010022	0.0216839	0.070609	0	0.0181779	0.131914	0.718699
208	0.0100413	0.0214924	0.070609	0	0.0181779	0.136993	0.759732
209	0.010022	0.0214726	0.0666031	0	0.0181779	0.1475	0.954159
210	0.010022	0.0213854	0.0664485	0	0.0382735	0.157728	2.05943
211	0.0100413	0.0214994	0.070609	0	0.0375842	0.169918	2.05943
212	0.010022	0.0215231	0.070609	0	0.0401506	0.163429	1.51297
213	0.010022	0.0212299	0.0664485	0	0.0401506	0.158816	1.51297
214	0.0100413	0.0212909	0.070609	0	0.0287947	0.152308	0.954159
215	0.010022	0.0211599	0.0666031	0	0.022835	0.1509	0.760337
216	0.010022	0.0210218	0.0664485	0	0.0198721	0.138247	0.760337
217	0.010022	0.0207623	0.0643117	0	0.0176403	0.124062	0.679612
218	0.010022	0.0205778	0.0621107	0	0.0106882	0.102412	0.376432
219	0.010022	0.020553	0.062443	0	0.0135403	0.0949628	0.376432
220	0.010022	0.0206808	0.0660825	0	0.0140483	0.0857378	0.366808
221	0.010022	0.0205487	0.0643117	0	0.0140483	0.0851511	0.358297
222	0.0100466	0.0208773	0.070609	0	0.0110082	0.0809115	0.279663
223	0.010022	0.0206809	0.0666031	0	0.0105884	0.0771905	0.289447
224	0.010022	0.0207152	0.0666031	0	0.0100724	0.0745094	0.258072
225	0.010022	0.0205721	0.0664485	0	0.0105884	0.0680497	0.219682
226	0.0100311	0.0206303	0.070609	0	0.0106882	0.0668856	0.218135
227	0.0100466	0.0206151	0.070609	0	0.0107524	0.0649853	0.217545
228	0.010022	0.0203209	0.0660825	0	0.0106502	0.0643518	0.213183
229	0.010022	0.0201907	0.0643117	0	0.0107524	0.0638316	0.217545
230	0.010022	0.0200488	0.0660825	0	0.0107524	0.0645715	0.217545
231	0.010022	0.0200227	0.0660825	0	0.0105884	0.0698671	0.218135
232	0.010022	0.0200667	0.0664485	0	0.0105884	0.0676181	0.219682
233	0.010022	0.0199474	0.0660825	0	0.0104781	0.0686024	0.219682
234	0.010022	0.0199132	0.0660825	0	0.0104781	0.0663573	0.198173
235	0.0100466	0.019921	0.0666031	0	0.0106502	0.0658322	0.198173
236	0.0100466	0.0202006	0.070609	0	0.0104781	0.0659703	0.198173
237	0.0100466	0.0203681	0.070609	0	0.0103748	0.0665727	0.238146
238	0.010022	0.0205295	0.0725953	0	0.0103748	0.0656114	0.219682
239	0.010022	0.020638	0.0767881	0	0.0103748	0.0642285	0.218135
240	0.010022	0.0204551	0.0715979	0	0.0103748	0.0611895	0.207717
241	0.010022	0.0208191	0.08196	0	0.0103748	0.056815	0.185181
242	0.0100466	0.020989	0.0823206	0.00149925	0.0103748	0.0563533	0.183062
243	0.010022	0.0207335	0.0809645	0	0.0103748	0.0536272	0.175073
244	0.010022	0.0206201	0.0715979	0	0.0100794	0.0538959	0.169366
245	0.010022	0.0205043	0.0688178	0	0.0103748	0.0535517	0.176584
246	0.0100466	0.0201414	0.0666031	0	0.0100794	0.0525178	0.169308
247	0.010022	0.0200623	0.0666031	0	0.0100794	0.0519883	0.169308
248	0.010022	0.0201767	0.0675023	0	0.0100794	0.0517774	0.171876
249	0.010022	0.0200684	0.0675023	0	0.0103748	0.0514409	0.179867
250	0.010022	0.0199796	0.0675023	0	0.0100794	0.0524224	0.183062
251	0.0100123	0.0202662	0.0715979	0.00149925	0.0103748	0.0548192	0.198537
252	0.0100123	0.0203397	0.0767881	0.00149925	0.0103748	0.054726	0.198173
253	0.0100123	0.0201164	0.0715979	0	0.0103748	0.0549847	0.198173
254	0.0100123	0.0197346	0.0688178	0	0.0102067	0.0551879	0.198537
255	0.0100123	0.0196892	0.0675023	0	0.0100794	0.0562969	0.198537
256	0.0100123	0.0192967	0.0638353	0	0.0103748	0.0557659	0.199557
257	0.0100123	0.0196815	0.0675023	0	0.0103748	0.0568716	0.198537
258	0.0100123	0.0197497	0.0675023	0	0.0118184	0.0580878	0.218135
259	0.0100123	0.02002	0.0766279	0	0.0120547	0.0597698	0.209991
260	0.0100123	0.0202281	0.0809645	0	0.0120458	0.0600928	0.209991
261	0.0100123	0.0200539	0.0766279	0	0.0103748	0.0626642	0.207093
262	0.0100123	0.0201387	0.0767881	0	0.0103748	0.0637003	0.20067
263	0.0100123	0.0200823	0.0766279	0	0.0111441	0.0647066	0.22026
264	0.0100123	0.0199333	0.0713438	0	0.0103748	0.0660644	0.209991
265	0.0100123	0.019771	0.0713438	0	0.0120458	0.0695261	0.278493
266	0.0100123	0.0195276	0.0675023	0	0.0120458	0.0729118	0.295048
267	0.0100123	0.0194499	0.0675023	0	0.0120458	0.0742857	0.295048
268	0.0100123	0.0195213	0.0707075	0.00149925	0.0120547	0.0766085	0.302038
269	0.0100123	0.019863	0.0766279	0	0.0120458	0.0784005	0.304661
270	0.0100123	0.0198368	0.0766279	0	0.0117937	0.0786023	0.304661
271	0.0100123	0.0201133	0.08196	0	0.0120458	0.0802023	0.320109
272	0.0100123	0.0205198	0.0879319	0	0.0111441	0.0833431	0.366409
273	0.010022	0.0207399	0.0963267	0	0.0111441	0.0853997	0.366409
274	0.0100123	0.0205549	0.0828317	0	0.0117937	0.0873577	0.40294
275	0.0100466	0.0206701	0.0952654	0	0.0117937	0.0890641	0.427728
276	0.0100123	0.0205896	0.0828317	0	0.0117937	0.0888401	0.418088
277	0.0100123	0.0204464	0.0776391	0	0.0117937	0.0895632	0.418088
278	0.0100123	0.0202955	0.0713438	0	0.0117572	0.0884816	0.407964
279	0.0100123	0.0202169	0.0708978	0	0.0157179	0.0942492	0.594984
280	0.010022	0.0197317	0.0643105	0	0.0127105	0.0947631	0.482019
281	0.010022	0.0197775	0.0664358	0	0.0123271	0.104259	0.545874
282	0.0100466	0.0199898	0.0708978	0	0.0117937	0.110532	0.545874
283	0.0100466	0.0193724	0.062443	0	0.0117937	0.108524	0.482019
284	0.0100571	0.0191495	0.062443	0	0.0178737	0.106647	0.691891
285	0.010022	0.0190276	0.0607961	0	0.0183734	0.10639	0.691891
286	0.0100571	0.0190418	0.062443	0	0.0127742	0.101469	0.482019
287	0.0100466	0.0191961	0.062443	0	0.0135521	0.0940334	0.482019
288	0.010022	0.019411	0.0635951	0	0.0126236	0.0941623	0.482019
289	0.0100466	0.0193926	0.0708978	0	0.0139189	0.09025	0.482019
290	0.0100466	0.0193927	0.0708978	0	0.0117572	0.0875955	0.361676
291	0.010022	0.0195683	0.0713438	0	0.0117572	0.0870015	0.361676
292	0.010022	0.0195762	0.0713438	0	0.0120458	0.083263	0.361676
293	0.010022	0.01923	0.0697183	0	0.0121437	0.0811463	0.371832
294	0.010022	0.0189653	0.0638353	0	0.0121437	0.0806673	0.371832
295	0.010022	0.0189367	0.0638353	0	0.0117572	0.0751565	0.347353
296	0.010022	0.0188652	0.0588188	0	0.0120458	0.0724364	0.339366
297	0.010022	0.0187747	0.0584136	0	0.0113214	0.0673667	0.302038
298	0.010022	0.0187566	0.0588188	0	0.0120458	0.0612441	0.22288
299	0.010022	0.0187923	0.0588188	0	0.0121437	0.057603	0.218196
300	0.010022	0.0188476	0.0584136	0	0.0117563	0.0550123	0.204495
301	0.010022	0.0188698	0.0588188	0	0.0108534	0.0520182	0.185181
302	0.010022	0.0189125	0.0638353	0	0.0121031	0.0488474	0.185181
303	0.010022	0.0189925	0.0638353	0	0.0120458	0.0475368	0.185181
304	0.010022	0.0190722	0.0708978	0	0.0104589	0.0467603	0.162908
305	0.010022	0.0194914	0.0811689	0	0.0104589	0.0466922	0.162908
306	0.010022	0.0195555	0.0845228	0	0.0103982	0.0456818	0.160711
307	0.010022	0.0196002	0.0889704	0	0.0104589	0.0439693	0.160711
308	0.010022	0.0197623	0.0963267	0	0.0104589	0.0420513	0.160628
309	0.0100466	0.0196578	0.0963267	0	0.0104589	0.0409251	0.160628
310	0.010022	0.019924	0.0963267	0.00149925	0.0104589	0.0404324	0.160628
311	0.0100466	0.0199725	0.0993319	0.00149925	0.0104589	0.0401895	0.160628
312	0.0100466	0.0199462	0.0993319	0.00149925	0.0100056	0.040778	0.160628
313	0.010022	0.01966	0.0889704	0	0.0103982	0.039325	0.161357
314	0.010022	0.0193344	0.0809645	0	0.0100804	0.0384914	0.160711
315	0.010022	0.0192773	0.0684465	0.00149925	0.0100602	0.0388854	0.161357
316	0.010022	0.0191814	0.0684465	0	0.0100056	0.0396647	0.161357
317	0.010022	0.019291	0.0713438	0	0.0104589	0.0396323	0.170939
318	0.0100466	0.0195703	0.0776821	0	0.0104589	0.0395966	0.170939
319	0.010022	0.0196495	0.0845228	0	0.0100056	0.0397448	0.16762
320	0.0100571	0.0199527	0.0897065	0.00149925	0.0100056	0.0406773	0.167768
321	0.010022	0.0196561	0.0776391	0.00149925	0.0100056	0.041074	0.167768
322	0.0100466	0.0202213	0.0846598	0.00149925	0.0100056	0.0411951	0.184705
323	0.0100571	0.0205986	0.0897065	0.005997	0.0100056	0.0431106	0.200057
324	0.0100466	0.0201229	0.0804551	0.00449775	0.0100056	0.0434421	0.204495
325	0.0100571	0.0201887	0.0804551	0.00449775	0.0100056	0.0430307	0.201682
326	0.0100571	0.020133	0.0804551	0.00149925	0.0100056	0.0443227	0.204495
327	0.010022	0.0198608	0.0776391	0	0.0106024	0.0444088	0.215926
328	0.010022	0.0198844	0.0713438	0	0.0106024	0.0448136	0.21364
329	0.010022	0.0198446	0.0713438	0	0.0106024	0.0442946	0.215926
330	0.010022	0.0197833	0.0713438	0	0.0106024	0.0448028	0.218196
331	0.010022	0.019762	0.0713438	0	0.0106287	0.0453936	0.218196
332	0.010022	0.0194208	0.0622833	0	0.0106024	0.0455346	0.220856
333	0.010022	0.0195351	0.0622833	0	0.0106024	0.0465093	0.228503
334	0.010022	0.0195612	0.0631309	0	0.0100056	0.0476983	0.228503
335	0.010022	0.019587	0.0631309	0	0.0100056	0.0500098	0.257624
336	0.010022	0.0197371	0.0642315	0	0.0103982	0.0517566	0.285695
337	0.010022	0.0194901	0.0642315	0	0.0100056	0.0526542	0.278697
338	0.010022	0.0193114	0.0631309	0	0.0100056	0.0547281	0.310956
339	0.010022	0.019332	0.0642315	0	0.0106287	0.060824	0.401972
340	0.010022	0.0193085	0.0642315	0	0.0103982	0.0657913	0.401972
341	0.010022	0.0194264	0.0664358	0	0.0106024	0.0691346	0.474361
342	0.010022	0.0197102	0.074957	0	0.0103982	0.077078	0.647919
343	0.0100466	0.0198908	0.0796938	0	0.0103982	0.0751955	0.59415
344	0.010022	0.0195523	0.072525	0	0.0100792	0.0811937	0.946154
345	0.010022	0.0195691	0.074957	0	0.0103982	0.0840459	0.946154
346	0.010022	0.0196631	0.074957	0	0.0104787	0.0812502	0.946154
347	0.010022	0.0198323	0.0761853	0	0.0104787	0.0803737	0.946154
348	0.0100768	0.0200304	0.0796938	0	0.0104787	0.0784002	0.946154
349	0.0100466	0.0201907	0.0804551	0	0.0100752	0.07126	0.585166
350	0.0100466	0.020217	0.0796938	0	0.0100752	0.0662256	0.474361
351	0.0100768	0.0201857	0.0795976	0	0.0100752	0.0646067	0.413802
352	0.0100466	0.0204758	0.0804551	0	0.0100752	0.0616774	0.413802
353	0.0100466	0.0203482	0.0804551	0	0.0100752	0.0602282	0.413802
354	0.0100466	0.0203099	0.0796938	0	0.0100752	0.0583464	0.385424
355	0.0100466	0.0204559	0.0796938	0	0.0100752	0.058377	0.360813
356	0.0100466	0.0204203	0.0796938	0	0.0100752	0.0575432	0.344465
357	0.0100466	0.0204874	0.0796938	0	0.0100752	0.0575153	0.344465
358	0.0101359	0.0199974	0.0796938	0	0.0100752	0.0573288	0.344433
359	0.010112	0.0200952	0.0796938	0	0.0100752	0.0569722	0.342906
360	0.0100466	0.0199362	0.0761853	0	0.0100752	0.0575251	0.342906
361	0.0100466	0.0201719	0.0796938	0	0.0100752	0.0575121	0.342906
362	0.0100466	0.0202182	0.0796938	0	0.0101387	0.0568869	0.344433
363	0.0100466	0.0198693	0.0761853	0	0.0100752	0.0577298	0.33351
364	0.0100466	0.0196842	0.0731804	0	0.0100752	0.0607995	0.328709
365	0.0100768	0.0201756	0.0796938	0	0.0100752	0.0622763	0.33335
366	0.010112	0.0200461	0.0796938	0	0.0100752	0.0633884	0.357785
367	0.0100466	0.0202946	0.0796938	0	0.0100752	0.0709749	0.4732
368	0.0101359	0.0200746	0.0796938	0	0.0100752	0.0783463	0.766946
369	0.0100466	0.0200679	0.074957	0	0.0100752	0.0821609	0.766946
370	0.0100447	0.0201042	0.0731804	0	0.0100752	0.0879999	1.03127
371	0.0100447	0.0199765	0.0713438	0	0.0100752	0.0905936	1.08297
372	0.0100447	0.019998	0.0711093	0	0.0100752	0.0969869	1.15099
373	0.0100447	0.0200012	0.0708581	0	0.0100752	0.100597	1.09126
374	0.0100466	0.0201361	0.0708581	0	0.0100752	0.102671	1.00154
375	0.0100447	0.0201019	0.069859	0	0.0100752	0.104363	1.00154
376	0.0100447	0.0197367	0.0617767	0	0.0100752	0.119677	1.00154
377	0.0100447	0.0195576	0.056384	0	0.0100752	0.125886	0.946154
378	0.0100447	0.0195687	0.0604971	0	0.0104787	0.132391	0.946154
379	0.0100447	0.0195869	0.0604971	0	0.0104787	0.138615	0.794034
380	0.0100447	0.0196234	0.0604971	0	0.0158519	0.155889	1.28596
381	0.0100447	0.0194608	0.0606727	0	0.0158519	0.165997	1.28596
382	0.0100447	0.0197208	0.0617767	0.00149925	0.0104787	0.174432	1.03127
383	0.0100447	0.0202171	0.0678357	0.00749625	0.0199773	0.203474	1.9999
384	0.0100447	0.0203411	0.069859	0.005997	0.0199773	0.218904	1.72443
385	0.0100447	0.0203148	0.069859	0.005997	0.031365	0.241168	2.12505
386	0.0100385	0.0193382	0.0555975	0	0.0339372	0.257543	2.12505
387	0.0100385	0.0191904	0.0553591	0	0.0291278	0.244109	2.12505
388	0.0100385	0.0191033	0.0606727	0	0.0208499	0.225941	1.31796
389	0.0100385	0.0190474	0.0553591	0	0.0209652	0.202962	1.00154
390	0.0100385	0.0187984	0.0540008	0	0.0209652	0.20165	0.932442
391	0.0100385	0.0186631	0.0536926	0	0.0291278	0.202146	1.07816
392	0.0100385	0.0185331	0.0530908	0	0.0308385	0.203179	1.07816
393	0.0100385	0.0188442	0.0555975	0	0.0291278	0.197771	1.07816
394	0.0100385	0.0189342	0.0573149	0	0.0209652	0.185868	0.795638
395	0.0100385	0.018877	0.060381	0	0.0426612	0.195172	1.03474
396	0.0100385	0.018746	0.0573149	0	0.0439636	0.212575	1.03474
397	0.0100385	0.0184078	0.0536926	0	0.0485162	0.194023	1.03474
398	0.0100385	0.0185213	0.0549297	0	0.0485162	0.192503	1.03474
399	0.0100385	0.0187763	0.0573149	0	0.0416255	0.197235	0.870661
400	0.0100385	0.01859	0.0545753	0	0.0416255	0.195416	0.870661
401	0.0100385	0.0187692	0.0573149	0	0.0439636	0.192851	0.810278
402	0.0100385	0.0187755	0.0562478	0	0.0426612	0.199673	0.810278
403	0.0100385	0.0187136	0.0555975	0	0.0416255	0.206366	0.810278
404	0.0100385	0.0184934	0.0549297	0	0.0485162	0.211952	1.03431
405	0.0100385	0.0180999	0.0485142	0	0.0439636	0.220177	1.03431
406	0.0100385	0.0178577	0.0456933	0	0.0476284	0.218912	1.41458
407	0.0100385	0.017828	0.0458128	0	0.0241158	0.204899	1.41458
408	0.0100385	0.017813	0.0456933	0	0.0189214	0.192605	1.37021
409	0.0100385	0.0178089	0.0458128	0	0.0164746	0.179247	1.41458
410	0.0100385	0.0178089	0.0458128	0	0.0156989	0.172499	1.41458
411	0.0100385	0.0178826	0.0504308	0	0.0151606	0.168242	1.41458
412	0.0100385	0.0177973	0.0475268	0	0.0110153	0.148527	0.766946
413	0.0100385	0.0178689	0.0466776	0.0029985	0.0110153	0.126782	0.529452
414	0.0100447	0.0178407	0.0475268	0.00149925	0.0137153	0.124446	0.690327
415	0.0100466	0.0180791	0.0533582	0	0.0110153	0.115632	0.520206
416	0.0100466	0.0182209	0.0533582	0	0.0108146	0.106023	0.493723
417	0.0100466	0.0186247	0.0555975	0	0.0118016	0.0968028	0.520206
418	0.0100447	0.018918	0.0555975	0	0.0110153	0.0895871	0.475092
419	0.0100447	0.0191208	0.0599871	0	0.0108146	0.0850035	0.411681
420	0.0100447	0.0190679	0.0599871	0	0.0110153	0.0825473	0.411681
421	0.0100447	0.0189469	0.0562478	0	0.0110153	0.0781117	0.411681
422	0.0100447	0.019247	0.0599871	0	0.0110153	0.0742848	0.377605
423	0.0100447	0.019523	0.0613595	0	0.0110153	0.06974	0.358112
424	0.0100466	0.0199749	0.0654696	0	0.0110153	0.0672318	0.344428
425	0.0100447	0.0196618	0.0617935	0	0.0109321	0.067175	0.344428
426	0.0100466	0.0200269	0.0654696	0	0.0109321	0.0680245	0.358112
427	0.0100466	0.0201761	0.0654696	0	0.0109321	0.0680651	0.330436
428	0.0100466	0.0197187	0.0613595	0	0.0109321	0.0708716	0.375373
429	0.0100466	0.0197497	0.0613595	0	0.0105735	0.0646881	0.330436
430	0.0100447	0.0199062	0.0617935	0	0.0105735	0.0670821	0.375711
431	0.0100466	0.0202459	0.0654696	0.00149925	0.0105735	0.0665207	0.393661
432	0.0100466	0.0203878	0.0697404	0.00149925	0.0105735	0.0658932	0.393661
433	0.0100447	0.0203605	0.0697404	0	0.0105735	0.0659263	0.393661
434	0.0100447	0.0204103	0.0697404	0	0.0105735	0.0653693	0.375711
435	0.0100447	0.0204136	0.0697404	0	0.0105735	0.0645265	0.375373
436	0.0100447	0.0203806	0.0654696	0	0.0105735	0.0643217	0.375711
437	0.0100466	0.0204963	0.0697404	0	0.0105735	0.0622576	0.375373
438	0.0100447	0.020589	0.0697404	0	0.0102419	0.0612608	0.362392
439	0.0100466	0.0205563	0.0697404	0	0.0100718	0.0621206	0.362392
440	0.0100466	0.0205842	0.0697404	0	0.0102419	0.061795	0.361622
441	0.0100466	0.0206197	0.0697404	0	0.0105735	0.0638566	0.361622
442	0.0100447	0.02062	0.0700251	0	0.0105735	0.0643306	0.361622
443	0.0100447	0.0207161	0.0720819	0	0.0105735	0.0645208	0.361622
444	0.0100447	0.0209388	0.0754158	0	0.0100718	0.0659124	0.375711
445	0.0100447	0.0208435	0.0754158	0	0.0110311	0.0646791	0.375711
446	0.0100447	0.021022	0.0785349	0	0.0110311	0.0614617	0.322785
447	0.0100447	0.0211769	0.0795924	0	0.0105735	0.061789	0.32097
448	0.0100447	0.0208868	0.0767668	0	0.0105735	0.0631773	0.322785
449	0.0100447	0.0207482	0.0754158	0	0.0105735	0.0640838	0.322785
450	0.0100466	0.0205049	0.0754158	0	0.0105735	0.0658211	0.32097
451	0.0100466	0.020383	0.0754158	0	0.0105735	0.0651456	0.317127
452	0.0100522	0.0201918	0.0754158	0	0.0105735	0.065283	0.317127
453	0.0100447	0.0200896	0.0674323	0	0.0105735	0.0665592	0.318188
454	0.0100447	0.0201193	0.0674323	0	0.0105735	0.0658213	0.314361
455	0.0100447	0.0203822	0.0686222	0	0.0108601	0.0682622	0.330436
456	0.0100447	0.0206129	0.0787024	0	0.0110311	0.0711564	0.361622
457	0.0100447	0.0206835	0.0787024	0	0.0108601	0.0727855	0.345723
458	0.0100447	0.0207404	0.0787024	0	0.0110311	0.0747235	0.32881
459	0.0100447	0.0208413	0.0787024	0	0.0110311	0.0773433	0.342161
460	0.0100447	0.0210004	0.0797349	0	0.0110311	0.0764667	0.342161
461	0.0100447	0.021112	0.0876936	0	0.0110311	0.0810419	0.380643
462	0.0100447	0.0211103	0.0925968	0	0.0110311	0.0802392	0.380643
463	0.0100447	0.0211428	0.0937385	0	0.0110311	0.0817948	0.433821
464	0.0100447	0.0209313	0.0870977	0	0.0110311	0.0783306	0.380643
465	0.0100447	0.0207169	0.0767668	0	0.0110311	0.0834384	0.409906
466	0.0100447	0.0208137	0.0779313	0	0.0110311	0.0833714	0.445219
467	0.0100466	0.0209875	0.089675	0	0.0110311	0.0907926	0.580409
468	0.0100466	0.0219836	0.107766	0.0089955	0.0110311	0.0952314	0.717869
469	0.0100522	0.0210972	0.0937385	0	0.0110311	0.0948532	0.657971
470	0.0100522	0.021074	0.0937385	0	0.0121201	0.097105	0.725242
471	0.0100522	0.0210281	0.0937385	0	0.0117683	0.102334	0.717869
472	0.0100466	0.0209896	0.0909962	0	0.0110311	0.104303	0.717869
473	0.0100466	0.0211685	0.0937385	0	0.0110311	0.102215	0.717869
474	0.0100466	0.0212906	0.0971828	0	0.0110311	0.101174	0.721896
475	0.0100466	0.0214837	0.098454	0	0.0110311	0.102517	0.717869
476	0.0100466	0.0215846	0.0996668	0	0.011197	0.108144	0.77018
477	0.0100466	0.0213202	0.098454	0	0.0124136	0.109341	0.899129
478	0.0100466	0.0211709	0.098454	0	0.011197	0.14646	1.51744
479	0.0100466	0.021496	0.102322	0	0.011197	0.190797	9.28847
480	0.0100466	0.0214641	0.102322	0	0.0124627	0.250519	25.0362
481	0.0100466	0.0215005	0.102322	0	0.0222267	0.29205	59.1677
482	0.0100466	0.0214254	0.0996668	0	0.0227531	0.308982	59.1677
483	0.0100522	0.021012	0.0937385	0	0.0222267	0.340372	59.1677
484	0.0100466	0.0208575	0.0921742	0	0.0134379	0.350917	27.9506
485	0.0100466	0.0213586	0.0974551	0	0.0134379	0.368464	27.9506
486	0.0100466	0.0213719	0.0996668	0	0.0227531	0.397395	36.1798
487	0.0100522	0.0214814	0.104947	0	0.0222267	0.403416	29.8614
488	0.0100466	0.0214831	0.107766	0	0.0227531	0.42256	28.2023
489	0.0100466	0.0217159	0.115422	0	0.0222267	0.566612	29.8614
490	0.0100466	0.0216081	0.113245	0	0.0308432	0.662759	56.1358
491	0.0100466	0.0210557	0.101388	0	0.0222267	0.710156	36.7538
492	0.0100522	0.0205354	0.074457	0	0.0247176	0.706984	34.2522
493	0.0100466	0.0204033	0.0738094	0	0.0233444	0.707313	39.9755
494	0.0100466	0.0200255	0.0692189	0	0.0308432	0.763417	67.2317
495	0.0100522	0.0200694	0.0692189	0	0.0246074	0.758478	56.3688
496	0.0100466	0.0197506	0.0624479	0	0.0236147	0.708818	56.3688
497	0.0100466	0.0198675	0.071528	0	0.0247176	0.643645	68.712
498	0.0100466	0.0198261	0.0734372	0	0.0174062	0.486752	56.3688
499	0.0100466	0.0197618	0.071528	0	0.0100768	0.428299	32.6694
500	0.0100466	0.0196189	0.0653464	0	0.0100768	0.39667	29.8651
501	0.0100466	0.0195019	0.0621617	0	0.0102139	0.308706	24.5077
502	0.0100466	0.0194187	0.0613237	0	0.0104218	0.209802	14.0718
503	0.0100466	0.0194857	0.0619976	0	0.0102139	0.154645	2.15055
504	0.0100466	0.0196898	0.0684395	0	0.0114655	0.117535	1.01113
505	0.0100466	0.019878	0.0654094	0	0.0114655	0.11736	1.01113
506	0.0100466	0.0199609	0.0666418	0	0.0114655	0.110874	1.01113
507	0.0100466	0.0198714	0.0653464	0	0.0100768	0.109248	0.865155
508	0.0100311	0.0198955	0.0653464	0	0.010127	0.107386	0.865155
509	0.0100311	0.0197117	0.0624479	0	0.0100768	0.102935	0.615746
510	0.0100311	0.0197745	0.0654094	0	0.0100768	0.103974	0.615746
511	0.0100311	0.0195997	0.0653464	0	0.010127	0.101194	0.615746
512	0.0100311	0.0194988	0.0646567	0	0.0100523	0.0898846	0.521202
513	0.0100311	0.0193538	0.0646567	0	0.010127	0.0873246	0.51405
514	0.0100311	0.0192285	0.0646567	0	0.0100768	0.0829216	0.445219
515	0.0100311	0.0193657	0.0646567	0	0.010127	0.0789099	0.440638
516	0.0100311	0.0191551	0.0621617	0	0.010127	0.0779213	0.440638
517	0.0100311	0.0196297	0.0684395	0	0.010127	0.0767852	0.445749
518	0.0100311	0.0196009	0.0654094	0	0.010127	0.0732167	0.445749
519	0.0100311	0.0195201	0.0653464	0	0.0100768	0.0719566	0.521615
520	0.0100283	0.0193559	0.0624479	0	0.010127	0.0970075	1.45049
521	0.0100283	0.0194094	0.0646567	0	0.010127	0.129202	6.44597
522	0.0100283	0.019315	0.0636671	0	0.010127	0.171796	25.52
523	0.0100283	0.0191838	0.0624479	0	0.0100768	0.280178	25.52
524	0.0100283	0.0191737	0.0624479	0	0.0100768	0.264095	23.8061
525	0.0100283	0.0191186	0.0636671	0	0.0100768	0.351067	23.8061
526	0.0100283	0.0188846	0.0619976	0	0.0100768	0.38713	23.8061
527	0.0100283	0.018885	0.0613237	0	0.0100768	0.408063	22.9981
528	0.0100283	0.0188312	0.0610743	0	0.010127	0.385679	21.4854
529	0.0100283	0.0190068	0.0610743	0	0.010127	0.370862	21.4854
530	0.0100283	0.0190755	0.0610743	0	0.010127	0.399627	22.0372
531	0.0100283	0.0191184	0.0619976	0	0.010127	0.399128	22.0731
532	0.0100283	0.018949	0.0610743	0	0.010127	0.385202	21.4854
533	0.0100311	0.0187851	0.0602733	0	0.010127	0.375297	15.8575
534	0.0100311	0.0188334	0.0602733	0	0.010127	0.407435	13.3947
535	0.0100283	0.0190182	0.0609533	0.00149925	0.010127	0.421108	15.8575
536	0.0100311	0.0188713	0.0602733	0.00149925	0.010127	0.431295	14.4622
537	0.0100283	0.0184021	0.0549269	0	0.010127	0.426262	6.5115
538	0.0100283	0.0185002	0.0582075	0	0.010127	0.410237	4.85876
539	0.0100283	0.0184589	0.0582075	0	0.010127	0.430972	4.05503
540	0.0100283	0.0184865	0.0582075	0	0.0186729	0.425566	6.09931
541	0.0100283	0.0185328	0.0584182	0	0.0186729	0.451091	6.09931
542	0.0100283	0.0188855	0.0631188	0.0029985	0.0122886	0.448264	3.56897
543	0.0100283	0.0185827	0.0584182	0	0.0262861	0.56734	6.4094
544	0.0100283	0.0183546	0.0561081	0	0.0822104	0.622737	17.399
545	0.0100283	0.018382	0.0561081	0	0.0997342	0.688354	9.67678
546	0.0100283	0.0184784	0.0549269	0	0.0997342	0.748428	8.37528
547	0.0100311	0.0185568	0.0564416	0	0.149836	0.745635	8.37528
548	0.0100311	0.0186166	0.0564416	0	0.149836	0.775019	7.12544
549	0.0100311	0.0186508	0.0564416	0	0.156229	0.807385	6.4094
550	0.0100283	0.0186648	0.0582075	0	0.149836	0.762793	3.68844
551	0.0100283	0.0186773	0.0582884	0	0.149836	0.715544	3.53088
552	0.0100283	0.0185772	0.0582884	0	0.149836	0.714307	5.34076
553	0.0100283	0.0185772	0.0582884	0	0.134361	0.678691	5.34076
554	0.0100283	0.0186235	0.0584182	0	0.0713212	0.657953	3.53026
555	0.0100283	0.0185872	0.0584182	0	0.0582068	0.633285	2.7279
556	0.0100283	0.0185329	0.0584182	0	0.0582068	0.535553	2.13216
557	0.0100283	0.0186115	0.0584182	0	0.0517167	0.505227	2.88684
558	0.0100283	0.0186584	0.0582075	0	0.0391908	0.439537	2.47148
559	0.0100283	0.0186738	0.0582075	0	0.024663	0.418366	2.13216
560	0.0100283	0.0186412	0.0582075	0	0.0278521	0.390693	2.47148
561	0.0100283	0.0186219	0.0582884	0	0.0357473	0.392484	4.56225
562	0.0100283	0.0186271	0.0582884	0	0.0278521	0.385954	2.88684
563	0.0100305	0.0184996	0.0564416	0	0.0324822	0.362072	2.6562
564	0.0100305	0.0185986	0.0564416	0	0.0324822	0.354243	2.6562
565	0.0100283	0.0187417	0.0582075	0	0.0324822	0.343664	5.12212
566	0.0100283	0.0187766	0.0582075	0	0.0129714	0.333761	2.04892
567	0.0100283	0.0188411	0.0583211	0	0.0121448	0.317593	1.61516
568	0.0100283	0.0187107	0.0582884	0	0.0129714	0.320825	1.61516
569	0.0100283	0.0185314	0.0564416	0	0.0129714	0.356141	2.13216
570	0.0100283	0.0184807	0.0582884	0	0.0129714	0.343177	1.88828
571	0.0100283	0.0184183	0.0582884	0	0.0129714	0.309462	1.49895
572	0.0100283	0.0184221	0.0582884	0	0.013939	0.319269	1.56315
573	0.0100283	0.018414	0.0582075	0	0.0330066	0.31733	2.50421
574	0.0100283	0.0187664	0.0622392	0	0.03839	0.315621	2.21956
575	0.0100283	0.0185763	0.0622392	0	0.0389961	0.327741	2.02078
576	0.0100283	0.0185442	0.0646567	0	0.0389961	0.324993	2.09418
577	0.0100283	0.0181485	0.0584182	0	0.0346457	0.326327	1.61516
578	0.0100283	0.0181173	0.0583211	0	0.0392753	0.329501	2.02078
579	0.0100283	0.0181216	0.0583211	0	0.0232262	0.332383	1.88828
580	0.0100283	0.0181668	0.0584182	0	0.0232262	0.327336	1.98572
581	0.0100283	0.0181176	0.0584182	0	0.0232262	0.335311	2.35314
582	0.0100283	0.0181779	0.0609533	0	0.0232262	0.335215	1.98572
583	0.0100283	0.0181645	0.0609533	0	0.0262427	0.336072	1.50226
584	0.0100283	0.0184391	0.0657123	0	0.0248042	0.343162	1.47168
585	0.0100244	0.0183103	0.0646567	0	0.0326867	0.35083	1.64111
586	0.0100244	0.0182024	0.0646567	0	0.0572745	0.35481	2.41107
587	0.0100244	0.0180576	0.0622392	0	0.0572745	0.378231	1.61516
588	0.0100244	0.0179954	0.0622392	0	0.0554591	0.392914	1.61516
589	0.0100283	0.0183053	0.0673495	0.00149925	0.0535174	0.407472	1.70086
590	0.0100244	0.0185357	0.0689502	0.0029985	0.020386	0.403864	1.70086
591	0.0100244	0.0187667	0.0727089	0.0029985	0.0392778	0.366902	1.70086
592	0.0100244	0.0186414	0.0689502	0.00149925	0.0392778	0.376766	1.70086
593	0.0100283	0.0186137	0.0689502	0	0.0392778	0.396474	1.70086
594	0.0100244	0.0186289	0.0676552	0	0.0535174	0.418633	2.14461
595	0.0100244	0.0186294	0.0676552	0	0.088586	0.464943	2.35314
596	0.0100244	0.0188183	0.0727089	0	0.0859715	0.473169	2.58541
597	0.0100244	0.0187821	0.0693742	0	0.0758964	0.509204	2.14461
598	0.0100244	0.0188855	0.0710437	0	0.0758964	0.555806	3.96379
599	0.0100244	0.0189248	0.0693742	0	0.049158	0.534515	4.53037
600	0.0100244	0.0188872	0.0693742	0	0.0643573	0.499441	6.98219
601	0.0100283	0.0186467	0.0689502	0	0.0306332	0.439579	3.40719
602	0.0100283	0.0185838	0.0689502	0	0.026524	0.399045	2.58541
603	0.0100244	0.0182076	0.0669295	0	0.026524	0.337918	2.62939
604	0.0100244	0.0181854	0.0664211	0	0.0241791	0.303542	2.34103
605	0.0100244	0.0182127	0.0637144	0.00149925	0.0152291	0.279295	1.948
606	0.0100244	0.0181748	0.0630028	0.00149925	0.0168915	0.266189	2.14461
607	0.0100244	0.0181793	0.0637144	0.00149925	0.0145705	0.253554	1.96824
608	0.0100244	0.0180723	0.0637144	0	0.0140327	0.235723	2.14461
609	0.0100244	0.0183035	0.0673495	0	0.0140327	0.221362	1.96824
610	0.0100283	0.0182332	0.0673495	0	0.0131609	0.204187	1.96824
611	0.0100283	0.0182863	0.0673495	0	0.0167864	0.197854	2.62939
612	0.0100283	0.018294	0.0673495	0	0.015591	0.186031	2.62939
613	0.0100244	0.0181893	0.0596199	0	0.0113523	0.173599	1.87561
614	0.0100244	0.0178058	0.055781	0	0.0126468	0.171891	2.14461
615	0.0100244	0.0175887	0.0533517	0	0.0117105	0.180795	4.02972
616	0.0100244	0.0175019	0.0507953	0	0.0113523	0.164106	6.17152
617	0.0100244	0.0175141	0.0507953	0	0.0113523	0.136165	1.87561
618	0.0100244	0.0176818	0.0533517	0	0.0120745	0.125205	1.87561
619	0.0100244	0.017639	0.0529594	0	0.0113523	0.117249	1.69963
620	0.0100244	0.0177091	0.0529594	0	0.0117105	0.114387	1.87561
621	0.0100244	0.0177054	0.0526258	0	0.0126468	0.118398	2.21003
622	0.0100244	0.0177745	0.0529594	0	0.0117105	0.117134	1.87561
623	0.0100244	0.0180829	0.055781	0.00449775	0.0108627	0.114475	1.77059
624	0.0100079	0.0181983	0.0566678	0.00449775	0.0108627	0.113963	1.77059
625	0.0100079	0.017632	0.0514009	0	0.0108627	0.119036	1.64111
626	0.0100079	0.0174048	0.0447506	0	0.0108627	0.114953	1.62853
627	0.0100079	0.0174314	0.0447506	0	0.0108041	0.109058	1.43708
628	0.0100079	0.0174799	0.0500422	0	0.0108041	0.105939	1.62853
629	0.0100079	0.0175479	0.0507953	0	0.0108041	0.110273	1.82161
630	0.0100079	0.0173741	0.0447506	0	0.0108041	0.115226	2.10968
631	0.0100079	0.0174919	0.0447506	0	0.0108041	0.11586	2.25533
632	0.0100079	0.0174025	0.0438787	0	0.0108041	0.133279	15.6934
633	0.0100079	0.0172953	0.043442	0	0.0108041	0.0964258	3.56248
634	0.0100079	0.0172744	0.0431615	0	0.0108041	0.0873999	3.86705
635	0.0100079	0.0172533	0.0431615	0	0.0108041	0.0948399	10.6509
636	0.0100079	0.017299	0.043442	0	0.0108041	0.117644	32.6971
637	0.0100079	0.017371	0.043442	0	0.0108627	0.15869	56.4105
638	0.0100079	0.0174071	0.0438787	0	0.0108041	0.159688	56.4105
639	0.0100079	0.0170932	0.0431615	0	0.0103896	0.172893	57.3467
640	0.0100079	0.0168369	0.0406478	0	0.0103896	0.171852	57.3467
641	0.0100079	0.0168811	0.0402293	0	0.0103896	0.191517	57.3467
642	0.0100079	0.0170281	0.0418908	0	0.0103896	0.196677	58.678
643	0.0100079	0.0169947	0.0406478	0	0.0103896	0.199182	62.9798
644	0.0100079	0.016983	0.0402293	0	0.0108627	0.21308	68.3466
645	0.0100229	0.0171922	0.0430856	0	0.0108627	0.227598	68.3466
646	0.0100079	0.0173535	0.0431615	0	0.0108627	0.223284	68.3466
647	0.0100079	0.0172119	0.0430856	0	0.0103896	0.197801	43.4781
648	0.0100079	0.0172178	0.0431615	0	0.0103896	0.179123	26.7873
649	0.0100079	0.0172843	0.0438787	0	0.0103896	0.176609	20.2899
650	0.0100229	0.0174105	0.0498329	0	0.0103896	0.179997	16.0429
651	0.0100229	0.0174009	0.0498329	0	0.0103896	0.18129	22.3578
652	0.0100229	0.0173789	0.0498329	0	0.0108041	0.190427	26.6206
653	0.0100229	0.0173442	0.0498329	0	0.0108041	0.205324	26.8606
654	0.0100079	0.0175786	0.051241	0	0.0104936	0.214023	31.9699
655	0.0100079	0.0174505	0.0498329	0	0.0104936	0.214345	31.9699
656	0.0100079	0.0175811	0.051241	0	0.0108627	0.189476	26.7873
657	0.0100079	0.0176155	0.051241	0	0.0108627	0.179677	26.6206
658	0.0100079	0.0175668	0.0507953	0	0.0108627	0.176253	26.6206
659	0.0100079	0.0174822	0.0478755	0	0.0108627	0.171436	38.0872
660	0.0100079	0.0173512	0.0476317	0	0.0102936	0.166293	35.6833
661	0.0100079	0.0173804	0.0478755	0	0.0102936	0.157921	31.9699
662	0.0100079	0.0173236	0.0483985	0	0.0108627	0.141769	26.6206
663	0.0100079	0.017633	0.049685	0.00449775	0.0108627	0.14275	26.6206
664	0.0100079	0.017458	0.049685	0	0.0108627	0.143992	26.6206
665	0.0100229	0.0177139	0.0517899	0	0.0108627	0.146207	26.6206
666	0.0100079	0.018148	0.0533517	0	0.0108627	0.152523	26.6206
667	0.0100079	0.0182149	0.0533517	0	0.0104316	0.165833	31.9699
668	0.0100079	0.018179	0.0542009	0	0.0102936	0.195867	40.4594
669	0.0100079	0.0178448	0.0523398	0	0.0104316	0.20815	43.7039
670	0.0100079	0.0187967	0.0674827	0	0.0104316	0.216882	43.7039
671	0.0100079	0.0187904	0.0631347	0	0.0104316	0.217995	43.7039
672	0.0100079	0.0185779	0.055984	0	0.0104788	0.232274	46.6405
673	0.0100079	0.0184436	0.0552735	0	0.0119344	0.266899	52.2346
674	0.0100079	0.0184408	0.0548381	0	0.0119344	0.315597	46.6405
675	0.0100079	0.0183929	0.0542009	0	0.0104316	0.337491	26.6206
676	0.0100079	0.0182391	0.0532963	0	0.0119344	0.428367	26.6206
677	0.0100079	0.0182819	0.0548381	0	0.0119344	0.482526	20.6387
678	0.0100079	0.0182031	0.0542009	0	0.0119344	0.559172	9.82526
679	0.0100229	0.0179022	0.0532238	0	0.0589118	0.79831	41.9894
680	0.0100229	0.0178294	0.0532238	0	0.075919	0.780625	33.6637
681	0.0100079	0.017805	0.0529528	0	0.0789116	0.766172	33.755
682	0.0100079	0.0177201	0.0517899	0	0.075919	0.752202	33.755
683	0.0100079	0.0176485	0.0507953	0	0.075919	0.76091	33.6637
684	0.0100079	0.0176691	0.0507953	0	0.115472	0.7176	33.755
685	0.0100079	0.0174722	0.0466635	0	0.0427429	0.717459	7.5925
686	0.0100079	0.0172674	0.045937	0	0.0427429	0.710389	7.5925
687	0.0100079	0.0173928	0.0466635	0	0.0427429	0.697708	7.5925
688	0.0100079	0.0173589	0.0468102	0	0.0731302	0.703524	7.5925
689	0.0100079	0.0173022	0.0464265	0	0.0731302	0.701135	17.0861
690	0.0100079	0.0172522	0.045937	0	0.0731302	0.711739	17.0861
691	0.0100079	0.0172443	0.045937	0	0.0701024	0.656773	6.45576
692	0.0100079	0.0176011	0.0473864	0	0.0701024	0.598786	6.45766
693	0.0100079	0.0179965	0.0517899	0	0.0633464	0.537905	6.07008
694	0.0100079	0.0184361	0.0529528	0	0.0604535	0.525873	4.69026
695	0.0100079	0.0187501	0.05485	0	0.0604535	0.518788	4.69026
696	0.0100079	0.0184002	0.0532963	0	0.0604535	0.528185	4.69026
697	0.0100229	0.0183761	0.0532963	0	0.0604535	0.511818	6.06864
698	0.0100079	0.0182019	0.0525325	0	0.0701024	0.540976	8.88286
699	0.0100079	0.0180003	0.0507953	0	0.0604535	0.540794	8.83396
700	0.0100079	0.0172777	0.0444263	0	0.0325619	0.514549	6.45576
701	0.0100229	0.0171184	0.0436253	0	0.0414388	0.533563	6.07008
702	0.0100229	0.0171184	0.0436253	0	0.0414388	0.540388	6.07008
703	0.0100079	0.017043	0.0431615	0	0.0414388	0.554398	6.07008
704	0.0100229	0.0171434	0.0436253	0	0.0414388	0.561426	6.07008
705	0.0100229	0.0171749	0.0436253	0	0.0341915	0.546466	6.07008
706	0.0100229	0.017184	0.0436253	0	0.0187905	0.489354	4.69026
707	0.0100079	0.0172948	0.0438787	0	0.0187905	0.4481	4.69026
708	0.0100079	0.017355	0.0444263	0	0.010082	0.138825	0.947564
709	0.0100079	0.0173238	0.0444263	0	0.010082	0.0891679	0.779455
710	0.0100079	0.0173584	0.0447506	0	0.010082	0.0600901	0.538147
711	0.0100079	0.0173185	0.0444263	0	0.010082	0.0552901	0.524089
712	0.0100079	0.0173315	0.0452459	0	0.010082	0.0545142	0.524089
713	0.0100079	0.017347	0.0453714	0	0.010082	0.0533472	0.509441
714	0.0100079	0.0172231	0.0448932	0	0.010082	0.0529543	0.500327
715	0.0100079	0.0173676	0.0452459	0.00149925	0.010082	0.0517364	0.496079
716	0.0100079	0.0174418	0.0466635	0.00149925	0.0112319	0.0488824	0.510393
717	0.0100229	0.0175014	0.0484367	0	0.0113129	0.0496131	0.510393
718	0.0100079	0.0177988	0.0503154	0	0.0112319	0.0496459	0.510393
719	0.0100229	0.0177017	0.0507953	0	0.0112319	0.0497994	0.519373
720	0.0100079	0.0179012	0.0523398	0	0.010082	0.0544268	0.482409
721	0.0100079	0.0178114	0.0517899	0	0.0100817	0.0594654	0.496079
722	0.0100079	0.0174808	0.0496631	0	0.0112319	0.0680358	0.533724
723	0.0100079	0.0176558	0.0503154	0	0.0112319	0.0760755	0.547885
724	0.0100079	0.0177134	0.0499838	0	0.0103986	0.0927371	0.666622
725	0.0100079	0.0176569	0.0496631	0	0.0108402	0.118144	0.947564
726	0.0100079	0.0174376	0.0491096	0	0.0100817	0.143987	1.12723
727	0.0100079	0.0174781	0.0491096	0	0.0103986	0.225027	1.56224
728	0.0100079	0.0175183	0.0491096	0	0.0598534	0.480622	8.09949
729	0.0100079	0.0176524	0.0494199	0	0.043918	0.424945	2.02007
730	0.0100079	0.0176698	0.0494199	0	0.0452711	0.423272	2.02007
731	0.0100079	0.0177853	0.0503154	0	0.0541199	0.402673	2.02007
732	0.0100079	0.0176694	0.0503154	0	0.0571276	0.396658	2.00742
733	0.0100079	0.0176534	0.0499838	0	0.0337989	0.341738	2.02007
734	0.0100079	0.0177131	0.0503154	0	0.0147564	0.25114	1.6374
735	0.0100079	0.0176825	0.0503154	0	0.0113288	0.205044	1.56567
736	0.0100079	0.0176394	0.0496631	0	0.01115	0.16788	1.12723
737	0.0100079	0.0174553	0.0491579	0	0.0109868	0.141853	0.994556
738	0.0100244	0.0174935	0.0494199	0	0.0109868	0.125835	0.830376
739	0.0100079	0.0176099	0.0496631	0	0.01115	0.114936	0.862105
740	0.0100079	0.0176693	0.0499838	0	0.0110532	0.108445	0.830376
741	0.0100079	0.017658	0.0503154	0	0.0100825	0.106846	0.613594
742	0.0100079	0.0175584	0.0494199	0	0.0100825	0.104672	0.609802
743	0.0100079	0.0176329	0.0496631	0	0.0100825	0.101945	0.613594
744	0.0100079	0.017762	0.0503154	0	0.0103475	0.101423	0.614649
745	0.0100079	0.0177953	0.0494199	0	0.0103475	0.10042	0.614649
746	0.0100079	0.0178266	0.0494199	0	0.0100825	0.10005	0.613594
747	0.0100079	0.0178511	0.0494199	0	0.0100825	0.101452	0.614649
748	0.0100244	0.0177892	0.0494199	0	0.0100825	0.0990749	0.627596
749	0.0100079	0.0179552	0.0530599	0	0.0100825	0.0959438	0.627596
750	0.0100244	0.0178416	0.0507953	0	0.0100825	0.0920014	0.627596
751	0.0100079	0.0178677	0.0503154	0	0.0110532	0.0894188	0.631211
752	0.0100079	0.0178506	0.0496631	0	0.0109868	0.0898113	0.631211
753	0.0100079	0.0180336	0.0496631	0	0.0109868	0.0881587	0.631211
754	0.0100079	0.0180532	0.0494199	0	0.0109868	0.084792	0.631211
755	0.0100079	0.0180317	0.0494199	0	0.0105863	0.0839051	0.631211
756	0.0100079	0.0182006	0.0507953	0	0.0105863	0.081335	0.614649
757	0.0100079	0.0182828	0.0507953	0	0.0105863	0.0800881	0.614649
758	0.0100244	0.0182842	0.0507953	0	0.0103457	0.0803393	0.612543
759	0.0100244	0.0183292	0.0517046	0	0.0100825	0.0816976	0.612543
760	0.0100079	0.0184833	0.0517899	0	0.0100825	0.0758756	0.597134
761	0.0100079	0.0183999	0.0517899	0	0.0100825	0.0697491	0.514915
762	0.0100079	0.0184361	0.0517899	0	0.0100825	0.0656227	0.473474
763	0.0100079	0.0184226	0.0517899	0	0.0100825	0.0638152	0.457785
764	0.0100079	0.0184345	0.052152	0	0.0100825	0.0587245	0.457785
765	0.0100079	0.0185592	0.0553114	0	0.010341	0.0514913	0.437451
766	0.0100351	0.0188438	0.0586177	0	0.0100825	0.0471836	0.307157
767	0.0100079	0.0189209	0.0586177	0	0.0100825	0.0457693	0.293033
768	0.0100079	0.0189015	0.0586177	0	0.010341	0.0432147	0.249362
769	0.0100079	0.0188485	0.0586177	0	0.0100825	0.0440951	0.246877
770	0.0100244	0.0187546	0.0586177	0	0.0100825	0.0438703	0.247531
771	0.0100244	0.0187281	0.0586177	0	0.0100825	0.0442086	0.249362
772	0.0100079	0.0188738	0.0600459	0	0.0100825	0.0442007	0.249362
773	0.0100351	0.01862	0.0586177	0	0.0100825	0.0445619	0.248927
774	0.0100244	0.0189013	0.0614156	0	0.0100825	0.0437989	0.233314
775	0.0100079	0.0193092	0.0699903	0	0.0100825	0.0434043	0.225669
776	0.0100079	0.0192284	0.0660818	0	0.0100825	0.0436221	0.225669
777	0.0100079	0.019426	0.0713485	0	0.0100825	0.043519	0.225669
778	0.0100079	0.0193945	0.0725571	0	0.0100825	0.0417815	0.203886
779	0.0100212	0.0193537	0.076896	0	0.0100622	0.0407649	0.185536
780	0.0100244	0.0193162	0.076896	0	0.0100622	0.0411217	0.194995
781	0.0100212	0.0195742	0.076896	0	0.0100622	0.0413532	0.203886
782	0.0100079	0.0193808	0.0713485	0	0.0100622	0.0429388	0.241979
783	0.0100079	0.0193442	0.0699903	0	0.0100622	0.0467805	0.281142
784	0.0100079	0.0194659	0.0713485	0	0.0100622	0.0487831	0.299472
785	0.0100212	0.0196313	0.076896	0	0.0100825	0.050647	0.358024
786	0.0100079	0.019693	0.076896	0	0.0100825	0.0526483	0.541803
787	0.0100212	0.0198345	0.0789891	0	0.0100825	0.0568605	0.641633
788	0.0100212	0.0200813	0.0804082	0	0.0100825	0.0663478	1.27952
789	0.0100212	0.0201157	0.0803065	0	0.0100825	0.0707779	1.81122
790	0.0101337	0.0202146	0.0832519	0	0.0100825	0.0755011	3.23544
791	0.0100079	0.0204488	0.0827117	0	0.0100825	0.0795199	5.00699
792	0.0100079	0.0208185	0.0881588	0	0.0100825	0.0816721	3.99489
793	0.0100079	0.020734	0.0868009	0	0.0100825	0.0873328	4.27467
794	0.0100079	0.0206947	0.0868009	0	0.0102936	0.0991378	4.27467
795	0.0100079	0.0204968	0.0832519	0	0.0102936	0.114901	5.00699
796	0.0100079	0.0203563	0.0827117	0	0.0102936	0.138883	5.00699
797	0.0100079	0.020525	0.0832519	0	0.0101555	0.13614	3.59859
798	0.0100079	0.0205043	0.0832519	0	0.0102936	0.128172	2.57334
799	0.0100079	0.0205173	0.0868009	0	0.0105863	0.121405	2.46902
800	0.0100079	0.0203343	0.082967	0	0.0105863	0.132647	2.77759
801	0.0100079	0.0203161	0.082967	0	0.0105863	0.161271	7.58828
802	0.0100212	0.0214532	0.0959992	0.0089955	0.0105863	0.20365	13.9509
803	0.0100212	0.0216331	0.0960697	0.00749625	0.0105863	0.223735	13.9509
804	0.0100079	0.0221236	0.109282	0.0089955	0.0105863	0.290986	30.5801
805	0.0100212	0.0216376	0.0960697	0.005997	0.0105863	0.392391	53.3123
806	0.0100212	0.0213324	0.0922721	0.00449775	0.0171799	0.648236	80.9851
807	0.0100079	0.0208124	0.0868009	0	0.0300023	1.36381	97.8492
808	0.0101337	0.021483	0.0960697	0	0.113297	3.6537	97.8492
809	0.0101337	0.0215849	0.0960697	0	0.0515674	3.48702	89.7694
810	0.0100212	0.0218766	0.0973386	0	0.0515674	3.55965	89.7694
811	0.0101337	0.0220065	0.0959992	0	0.0515674	3.4693	89.7694
812	0.0101825	0.0221314	0.0960697	0	0.0493164	3.42035	82.6864
813	0.0101825	0.0222845	0.0960697	0	0.0515674	3.31404	89.7694
814	0.0101337	0.0229123	0.101378	0	0.0515674	3.31591	97.8492
815	0.0100749	0.0232813	0.101844	0.00149925	0.0312797	2.67609	97.8492
816	0.0100749	0.0231627	0.101844	0	0.0212509	2.04771	80.9851
817	0.0100749	0.023516	0.118766	0	0.0214886	1.35066	88.1497
818	0.0100749	0.0237304	0.118766	0	0.0214886	0.982756	88.1497
819	0.0100749	0.0253359	0.135579	0.005997	0.01065	0.56521	39.6225
820	0.0100749	0.0255896	0.133455	0.00449775	0.0105518	0.431195	26.1961
821	0.0101825	0.0252486	0.125992	0	0.0105518	0.371263	14.5749
822	0.0101825	0.0253487	0.125992	0	0.0105518	0.340054	11.1003
823	0.0101825	0.0253701	0.125992	0	0.011824	0.299011	11.1003
824	0.0101825	0.0255482	0.125992	0	0.011824	0.270374	8.44089
825	0.0100749	0.0254627	0.124524	0	0.0117361	0.264695	9.21177
826	0.0100749	0.0256051	0.124524	0	0.011772	0.275388	10.2966
827	0.0100749	0.025855	0.124524	0	0.011772	0.194063	3.38725
828	0.0101825	0.0262751	0.125992	0	0.01065	0.172702	1.593
829	0.0101825	0.026633	0.125992	0	0.0117361	0.166811	0.813389
830	0.0101825	0.02676	0.125992	0	0.0117361	0.165447	0.770453
831	0.0101825	0.0267361	0.125992	0	0.0117361	0.179039	0.773178
832	0.0101825	0.0269295	0.125992	0	0.0134257	0.186662	0.813783
833	0.0101825	0.0271926	0.126337	0	0.0230702	0.188527	0.813783
834	0.0100749	0.0273564	0.126337	0	0.0236007	0.194991	0.813783
835	0.0100749	0.0273212	0.126337	0	0.0236007	0.196783	0.824751
836	0.0101825	0.0271589	0.125992	0	0.0190691	0.206696	0.824751
837	0.0101825	0.0274009	0.126792	0	0.0190691	0.209433	0.824751
838	0.0101825	0.027913	0.126792	0	0.0330092	0.225271	1.26334
839	0.0101825	0.0284744	0.128006	0	0.036617	0.233727	1.27398
840	0.01	0.0293317	0.128006	0	0.0401353	0.241734	1.27398
841	0.0100094	0.0314666	0.147133	0	0.0382822	0.247959	1.27398
842	0.01	0.035056	0.17746	0.00149925	0.0382822	0.253375	1.27398
843	0.0101863	0.0381158	0.21889	0.00149925	0.0359228	0.250594	1.27398
844	0.0100749	0.0424107	0.26422	0.00149925	0.0299305	0.266077	1.27398
845	0.0100749	0.0489983	0.371753	0.0104948	0.0210691	0.30987	1.46332
846	0.0100749	0.0605154	0.530815	0.023988	0.0210691	0.30546	1.46332
847	0.0102228	0.0581015	0.495478	0.011994	0.0284767	0.304991	2.11974
848	0.0101863	0.0557898	0.434879	0.00449775	0.0261751	0.298489	2.18134
849	0.0101863	0.0535706	0.419706	0.0029985	0.0299305	0.301113	2.18134
850	0.0100528	0.0484195	0.300442	0.00149925	0.0232933	0.302883	2.11974
851	0.0100528	0.044932	0.288592	0	0.0122959	0.317722	2.06734
852	0.0100528	0.0413944	0.240279	0	0.0232933	0.306955	2.11974
853	0.0100528	0.0400725	0.21889	0	0.0212661	0.305871	2.11974
854	0.0100528	0.0394887	0.21889	0	0.0212661	0.314122	2.1603
855	0.0100528	0.038729	0.21889	0	0.0212661	0.305529	2.1603
856	0.0100528	0.0387466	0.21887	0	0.0266256	0.347833	2.83493
857	0.0101863	0.0389577	0.21889	0	0.0234566	0.363814	2.83493
858	0.0101863	0.0388458	0.21889	0	0.0212661	0.373946	2.83493
859	0.0102228	0.03901	0.214222	0	0.0691111	0.392099	8.39835
860	0.0102228	0.0394308	0.212528	0	0.073083	0.425796	7.43713
861	0.0100528	0.0396703	0.214222	0	0.0691111	0.421832	7.43713
862	0.0102228	0.0396466	0.214222	0	0.032924	0.443132	8.81623
863	0.0105727	0.0384071	0.214222	0.00149925	0.0234566	0.378725	8.81623
864	0.0107489	0.037981	0.214222	0.0029985
