		omega		Posterior		rho				Synonymous theta			kappa			phi	
Site	Lower	Point	Higher	prob of +ve	Lower	Point	Higher		Lower	Point	Higher	Lower	Point	Higher	Lower	Point	Higher
	95% HPD	estimate	95% HPD	selection	95% HPD	estimate	95% HPD		95% HPD	estimate	95% HPD	95% HPD	estimate	95% HPD	95% HPD	estimate	95% HPD
0	0.192654	1.19794	4.18439	0.601199	0.0100624	0.0614484	0.449324		0.0139176	0.0218585	0.0328798	3.99852	9.84578	22.9745	0.226341	0.86613	4.09223
1	0.260221	1.17131	4.73338	0.601199	0.0100624	0.0594263	0.357876
2	0.270053	1.16349	4.20551	0.5997	0.0100307	0.0571276	0.316546
3	0.2727	1.15197	4.18439	0.596702	0.0100307	0.0569359	0.316546
4	0.270053	1.14527	4.15646	0.593703	0.0100624	0.0566244	0.306545
5	0.270053	1.1375	4.15646	0.589205	0.0100307	0.0572211	0.287787
6	0.272967	1.13679	4.18439	0.586207	0.0100624	0.0565165	0.265144
7	0.284812	1.1352	4.20551	0.584708	0.0100624	0.0564368	0.264354
8	0.284812	1.13114	4.20551	0.58021	0.0100307	0.0550888	0.254374
9	0.272967	1.1281	4.18439	0.581709	0.0100307	0.0552422	0.257677
10	0.270053	1.12825	4.18439	0.584708	0.0100307	0.0543187	0.257677
11	0.262915	1.12698	4.18439	0.589205	0.0100624	0.053762	0.254336
12	0.270053	1.13136	4.18439	0.590705	0.0100632	0.0541256	0.254336
13	0.272967	1.13616	4.15646	0.589205	0.0100307	0.0559349	0.254374
14	0.284812	1.13719	4.18439	0.592204	0.0100307	0.0563726	0.254374
15	0.289608	1.13812	4.18439	0.592204	0.0100624	0.0557241	0.254336
16	0.289608	1.14371	4.18439	0.598201	0.0100624	0.0562588	0.254336
17	0.289608	1.14389	4.18439	0.598201	0.0100624	0.0580322	0.257798
18	0.289608	1.14535	4.18439	0.598201	0.0100624	0.0597781	0.265144
19	0.289608	1.14973	4.18439	0.601199	0.0100624	0.0626326	0.292645
20	0.299984	1.15978	4.14351	0.605697	0.0100632	0.065397	0.316546
21	0.299984	1.16988	4.14351	0.614693	0.0100632	0.0661549	0.316546
22	0.299984	1.1778	4.18439	0.616192	0.0100624	0.0670576	0.312911
23	0.289608	1.17914	4.18439	0.617691	0.0100632	0.067947	0.316546
24	0.299984	1.17946	4.18439	0.616192	0.0100624	0.0713701	0.347212
25	0.299984	1.1828	4.18439	0.616192	0.0100624	0.0750175	0.38337
26	0.289608	1.18535	4.18439	0.617691	0.0100624	0.0785182	0.412077
27	0.289608	1.1929	4.18439	0.617691	0.0100624	0.08306	0.484851
28	0.289608	1.19828	4.18439	0.622189	0.0100624	0.091339	0.615515
29	0.284812	1.20558	4.18439	0.623688	0.0100624	0.113765	1.13919
30	0.284812	1.26142	4.73338	0.635682	0.0127354	0.549679	49.5354
31	0.260221	1.2064	5.97717	0.62069	0.0225553	0.603826	82.9563
32	0.0174172	0.605963	4.34499	0.445277	0.0314577	0.658492	99.0677
33	0.0171568	0.413473	4.18439	0.338831	0.0304567	0.694875	91.5874
34	0.0135989	0.292171	3.02515	0.238381	0.0304567	0.689008	82.9563
35	0.0124307	0.236545	2.42657	0.182909	0.0318581	0.672555	82.9563
36	0.0104818	0.205017	1.85835	0.142429	0.0314577	0.692848	95.323
37	0.0104818	0.185641	1.68038	0.109445	0.0318581	0.712239	99.0677
38	0.0100267	0.169891	1.39757	0.0869565	0.0222831	0.72406	82.9563
39	0.0115336	0.163826	1.52988	0.077961	0.0210387	0.653056	82.9563
40	0.0117157	0.158909	1.52988	0.0749625	0.0209989	0.666864	82.9563
41	0.0100139	0.155435	1.20924	0.0674663	0.0248766	0.672231	99.0677
42	0.0100139	0.152274	1.0676	0.0584708	0.0109715	0.596041	55.6116
43	0.0100139	0.143014	0.971393	0.0464768	0.0104715	0.524943	49.5354
44	0.0100139	0.144294	1.06327	0.053973	0.0109715	0.51202	55.6116
45	0.0141149	0.147767	1.46315	0.0524738	0.0105402	0.479369	49.5354
46	0.0148497	0.151801	1.46315	0.0554723	0.0104715	0.465438	49.5354
47	0.0152014	0.147937	1.41417	0.0524738	0.0105402	0.460431	50.4089
48	0.0158257	0.152161	1.41417	0.0569715	0.0100528	0.417738	50.4089
49	0.0148497	0.156714	1.41417	0.0614693	0.0104715	0.389403	50.4089
50	0.0148497	0.152835	1.23698	0.0554723	0.0103013	0.35638	50.4089
51	0.0152014	0.149259	1.23698	0.0554723	0.0103013	0.293834	49.5354
52	0.0174172	0.154753	1.35999	0.0554723	0.0102099	0.230186	37.0687
53	0.0177534	0.166693	1.35999	0.0629685	0.0100528	0.171297	24.9821
54	0.0179566	0.168863	1.5257	0.0674663	0.0100703	0.129918	15.0623
55	0.0178669	0.181475	1.68038	0.083958	0.0100528	0.113719	10.5137
56	0.0178726	0.185565	1.5257	0.0854573	0.0100528	0.0980482	4.11121
57	0.0179566	0.203807	1.85577	0.109445	0.0100528	0.085435	1.26317
58	0.0178669	0.22687	1.8944	0.130435	0.0100528	0.0750237	0.658383
59	0.0178669	0.191926	2.39722	0.113943	0.0100528	0.073629	0.665399
60	0.0146867	0.174764	1.85577	0.095952	0.0100528	0.0725962	0.691947
61	0.0126036	0.1438	1.35336	0.0644678	0.0100528	0.0751287	1.18223
62	0.0126036	0.12514	1.13991	0.0464768	0.0100528	0.0807165	1.62206
63	0.0121897	0.110326	0.893983	0.029985	0.0100528	0.0811443	2.01837
64	0.0113386	0.105321	0.747355	0.0224888	0.0100528	0.0813455	2.19848
65	0.011275	0.103601	0.736585	0.023988	0.0100528	0.0781901	1.62206
66	0.011275	0.0985148	0.712543	0.0209895	0.0100528	0.0778296	2.19848
67	0.011275	0.0939506	0.706463	0.0149925	0.0100528	0.0786322	5.03664
68	0.011275	0.0908937	0.706463	0.0134933	0.0100528	0.0763344	1.68902
69	0.011275	0.089911	0.712543	0.0149925	0.0100528	0.0725036	1.48574
70	0.0104087	0.0887657	0.66494	0.0134933	0.0100528	0.0726566	1.68902
71	0.0101525	0.0858229	0.628493	0.011994	0.0100528	0.0717897	1.62206
72	0.0101525	0.0837325	0.620382	0.0089955	0.0100528	0.0731807	2.40361
73	0.0101525	0.0830305	0.613868	0.00749625	0.0100528	0.0768017	3.22838
74	0.0101525	0.0826359	0.622341	0.0104948	0.0100703	0.076614	3.55617
75	0.0100166	0.0842895	0.628493	0.011994	0.0100528	0.0811849	4.70386
76	0.0101525	0.0807712	0.620382	0.0089955	0.0100528	0.0829144	3.68838
77	0.0101525	0.0783524	0.622341	0.0089955	0.0100528	0.0883432	4.13404
78	0.0101525	0.0777167	0.622341	0.005997	0.0100703	0.0972851	8.31608
79	0.0100166	0.0727724	0.465059	0.00149925	0.0100914	0.104246	8.39471
80	0.0101525	0.073102	0.434161	0.005997	0.0100914	0.103343	5.77289
81	0.0101525	0.0686806	0.393446	0.005997	0.0100914	0.0989995	5.03664
82	0.0101525	0.0668594	0.372928	0.00449775	0.0100914	0.0991391	5.03664
83	0.0101525	0.066619	0.372928	0.00449775	0.0100914	0.104752	8.39471
84	0.0101525	0.0655866	0.368745	0.00449775	0.0102099	0.106837	10.8484
85	0.0101525	0.0648285	0.372928	0.0029985	0.0102068	0.108593	10.8477
86	0.010061	0.0655162	0.393446	0.005997	0.0100914	0.106612	10.4201
87	0.0104211	0.0649423	0.372928	0.00749625	0.0100914	0.10237	5.77289
88	0.010462	0.0642739	0.360504	0.0089955	0.0102068	0.0989359	4.16947
89	0.010462	0.0651905	0.434161	0.0134933	0.0100914	0.103045	4.35459
90	0.010462	0.0615152	0.335249	0.0029985	0.0102099	0.104356	5.03664
91	0.010462	0.0615483	0.335249	0.0029985	0.0102099	0.0976954	5.03664
92	0.0105196	0.0626821	0.372928	0.011994	0.0102099	0.0985209	5.03664
93	0.010061	0.0622348	0.335249	0.0089955	0.0102099	0.0977748	4.58202
94	0.010061	0.0596371	0.284812	0.00449775	0.0100349	0.0998351	4.16947
95	0.0100038	0.0604164	0.279311	0.005997	0.0102099	0.0974083	4.16947
96	0.0100038	0.0643341	0.329233	0.0149925	0.0100349	0.0874271	4.16947
97	0.0100038	0.0611987	0.323679	0.0089955	0.0100349	0.0896311	6.24011
98	0.0100038	0.0601942	0.302161	0.00749625	0.0100349	0.093797	6.24011
99	0.0100038	0.0609948	0.323679	0.0104948	0.0100349	0.0925588	7.35251
100	0.0100162	0.0616455	0.357585	0.00749625	0.0100349	0.0960565	8.99677
101	0.0100038	0.0653086	0.434161	0.017991	0.0100349	0.0917291	7.35251
102	0.0100038	0.0647787	0.418959	0.0149925	0.0100349	0.0901441	6.01613
103	0.0100038	0.0646001	0.418959	0.0104948	0.0101303	0.0908791	6.24011
104	0.0100038	0.0634604	0.313707	0.00749625	0.0101303	0.0906119	6.01613
105	0.0100056	0.0652011	0.329233	0.0089955	0.0101303	0.0900094	6.01613
106	0.0100056	0.0670881	0.418959	0.011994	0.0102274	0.0892409	6.01613
107	0.0100162	0.067746	0.434161	0.011994	0.0102274	0.0900632	6.01613
108	0.0100056	0.0681561	0.418959	0.011994	0.0102274	0.090457	5.97499
109	0.0100056	0.069805	0.418959	0.0149925	0.0101303	0.0845869	4.17197
110	0.0100162	0.0708354	0.434161	0.0164918	0.0101303	0.082254	3.52515
111	0.0100162	0.0724118	0.457842	0.0209895	0.0101303	0.0803723	2.95915
112	0.0100056	0.0716751	0.441929	0.0164918	0.0101303	0.0766989	2.44905
113	0.0100056	0.0730456	0.479719	0.0149925	0.0101303	0.0743689	2.13014
114	0.0105007	0.0768042	0.626181	0.0209895	0.0101326	0.0701641	1.58931
115	0.0100056	0.0766589	0.56652	0.0134933	0.0101326	0.0657768	0.972421
116	0.0105007	0.0796072	0.630573	0.0164918	0.0101303	0.0606491	0.475365
117	0.0100056	0.081708	0.627953	0.017991	0.0101326	0.0610421	0.484247
118	0.0100056	0.0840023	0.712814	0.0224888	0.0101303	0.0595875	0.388019
119	0.0101906	0.0887101	0.754076	0.0254873	0.0101303	0.0568838	0.359361
120	0.0105196	0.0947941	0.825962	0.0314843	0.0101303	0.0556033	0.323267
121	0.0100056	0.106131	0.993259	0.0494753	0.0101303	0.0544419	0.281906
122	0.0100056	0.113004	1.08584	0.053973	0.0102274	0.0527725	0.281906
123	0.0105227	0.116931	1.27528	0.0644678	0.010462	0.0524154	0.281906
124	0.0100056	0.124725	1.27528	0.0764618	0.0101303	0.0521264	0.263785
125	0.0109722	0.14041	1.48138	0.0884558	0.0101303	0.0528071	0.262926
126	0.0105227	0.158302	1.48138	0.115442	0.0101303	0.0525441	0.262926
127	0.0105227	0.182676	1.65805	0.143928	0.0101303	0.0527223	0.262926
128	0.012635	0.229536	2.13422	0.188906	0.0101303	0.0527143	0.25869
129	0.012635	0.315973	2.28558	0.244378	0.0102274	0.0540413	0.263785
130	0.0152396	0.423309	2.49686	0.289355	0.0102274	0.0543005	0.263785
131	0.0400579	0.648751	3.91881	0.365817	0.0101303	0.0553852	0.261971
132	0.0691318	0.586383	3.91881	0.352324	0.0101303	0.0572141	0.269611
133	0.0707918	0.580117	3.76668	0.352324	0.0101303	0.0590693	0.278399
134	0.0707918	0.599282	3.30728	0.361319	0.010462	0.0607546	0.289412
135	0.0707918	0.610718	3.22061	0.367316	0.0109451	0.0640865	0.301507
136	0.0728044	0.649498	2.90103	0.385307	0.0107213	0.0657252	0.301507
137	0.105656	0.744417	3.91881	0.430285	0.0106273	0.067247	0.300524
138	0.0771296	0.718996	2.94977	0.431784	0.0114381	0.07016	0.332484
139	0.0728044	0.680921	2.85951	0.418291	0.0109451	0.0743849	0.332484
140	0.0737236	0.669357	3.54756	0.416792	0.0106273	0.0778437	0.332484
141	0.0548549	0.61394	3.51229	0.395802	0.0121219	0.0818467	0.414318
142	0.0401767	0.558924	3.54756	0.382309	0.0109451	0.0863739	0.400574
143	0.0236808	0.533404	2.85951	0.386807	0.0109451	0.0914009	0.403951
144	0.0235202	0.534561	2.85091	0.397301	0.010462	0.096906	0.465498
145	0.0220709	0.544665	2.90103	0.407796	0.0109451	0.100159	0.564353
146	0.0235202	0.582788	3.33878	0.421289	0.0107824	0.101736	0.579024
147	0.0266655	0.708781	4.50947	0.484258	0.0140523	0.107499	0.762452
148	0.0418582	0.862607	6.44016	0.526237	0.0163293	0.103651	0.746632
149	0.125674	1.02243	9.37508	0.569715	0.0163293	0.106144	0.752088
150	0.426835	1.75232	32.2486	0.703148	0.0163293	0.114722	0.762452
151	0.0145526	0.942908	5.48051	0.598201	0.0163293	0.12258	0.871695
152	0.0164345	0.881268	4.68435	0.577211	0.0163293	0.123877	0.915006
153	0.0260229	0.873674	6.65973	0.577211	0.0163293	0.125456	1.01277
154	0.0375796	0.907745	8.01379	0.583208	0.0163293	0.119677	1.01277
155	0.026314	0.931238	4.85847	0.586207	0.0170177	0.122631	0.871695
156	0.198572	1.03924	9.66975	0.613193	0.0164113	0.120526	0.871695
157	0.247043	1.14449	8.07978	0.634183	0.0152672	0.116705	0.752088
158	0.290503	1.56271	20.9359	0.688156	0.0146925	0.114466	0.761141
159	0.176495	1.09375	4.68435	0.592204	0.0128626	0.110138	0.761141
160	0.175125	1.02116	4.23104	0.563718	0.0107824	0.10504	0.577274
161	0.175125	0.974857	3.20695	0.548726	0.0111067	0.0964466	0.538908
162	0.175125	0.925829	2.90103	0.527736	0.0111067	0.0915649	0.497132
163	0.173962	0.89237	3.09548	0.524738	0.0111067	0.0889978	0.455725
164	0.173962	0.85788	3.22326	0.518741	0.0107824	0.0866865	0.412687
165	0.175125	0.867911	3.30728	0.526237	0.0124507	0.0807159	0.410092
166	0.156	0.862241	3.22326	0.524738	0.0105001	0.0777221	0.344399
167	0.175125	0.915568	2.8823	0.527736	0.0112196	0.076182	0.344399
168	0.179911	0.924741	2.8823	0.527736	0.0109692	0.075082	0.344399
169	0.215311	0.974958	2.95565	0.551724	0.0105927	0.0731684	0.344399
170	0.254168	0.996987	2.95565	0.562219	0.0105927	0.0735358	0.344399
171	0.283529	1.04468	2.95565	0.577211	0.0108193	0.0735647	0.344399
172	0.254168	0.977032	3.03363	0.562219	0.0101573	0.0719262	0.333046
173	0.254168	0.976628	3.03363	0.562219	0.0101573	0.072787	0.344399
174	0.259267	0.975524	3.14874	0.562219	0.010013	0.0716416	0.358548
175	0.259267	0.973349	3.20169	0.563718	0.010013	0.0713188	0.344399
176	0.254168	1.00384	3.03363	0.577211	0.0101882	0.0700134	0.344248
177	0.302554	1.06706	3.19802	0.590705	0.0110626	0.0702137	0.403951
178	0.271974	1.04877	3.20169	0.586207	0.010013	0.0703819	0.365642
179	0.271974	1.03316	3.96493	0.581709	0.0107724	0.0701543	0.403951
180	0.259267	1.01988	3.96493	0.571214	0.0113931	0.0693228	0.428963
181	0.254168	1.01705	3.96493	0.572714	0.0107724	0.0690003	0.403951
182	0.294977	1.03715	4.50957	0.581709	0.0111134	0.0687029	0.411113
183	0.294977	1.05096	4.31261	0.589205	0.0112196	0.0677476	0.403951
184	0.294977	1.09319	4.31261	0.604198	0.0112582	0.0672512	0.403951
185	0.294977	1.14114	3.97632	0.61919	0.0111134	0.0676865	0.411113
186	0.253376	1.05383	5.2156	0.593703	0.0111134	0.0676344	0.425406
187	0.0888344	1.13633	6.75762	0.602699	0.0101882	0.0728696	0.488567
188	0.0230544	0.624206	4.30093	0.476762	0.0101882	0.0792421	0.642494
189	0.0190099	0.423248	3.44485	0.383808	0.0101882	0.0852988	0.94645
190	0.0151289	0.322745	2.90103	0.322339	0.0101882	0.0902872	2.24212
191	0.0138927	0.249902	2.36156	0.263868	0.0101882	0.0897253	2.37697
192	0.0113689	0.190298	2.03735	0.203898	0.0102808	0.0919557	2.24212
193	0.0113689	0.156393	1.98336	0.167916	0.0104826	0.0934345	2.24212
194	0.0100642	0.132698	1.54729	0.14093	0.0104826	0.0902429	1.6994
195	0.0100642	0.119705	1.43501	0.116942	0.0102808	0.0926242	2.24212
196	0.0112136	0.110448	1.43429	0.0944528	0.0100338	0.0918568	2.46512
197	0.0112136	0.103922	1.33412	0.0794603	0.0100338	0.0866383	2.1148
198	0.0100475	0.0992797	1.08788	0.065967	0.0100338	0.0844955	1.77414
199	0.0100475	0.0972007	1.08383	0.0614693	0.0100338	0.0830332	1.77414
200	0.0100475	0.0935424	0.968815	0.047976	0.0100338	0.0867457	2.39437
201	0.0100475	0.0938505	1.0222	0.0524738	0.010061	0.0941181	4.48979
202	0.0100475	0.0918747	1.01544	0.0509745	0.0100338	0.0958074	5.23211
203	0.0100475	0.0918326	0.998332	0.0494753	0.0100338	0.0941442	5.23211
204	0.0100642	0.090088	0.947516	0.0449775	0.0100338	0.0922764	4.91621
205	0.0100675	0.0906358	0.901462	0.0404798	0.0100338	0.088553	3.05716
206	0.0100642	0.0939658	0.926705	0.0434783	0.0100338	0.0818702	2.2627
207	0.0100642	0.0955773	0.872663	0.0374813	0.0100338	0.0776097	1.6994
208	0.0105484	0.0942389	0.872663	0.0314843	0.0100338	0.0738583	1.38006
209	0.0109696	0.0968214	0.901462	0.0314843	0.0100338	0.0734009	1.30943
210	0.0105781	0.0990371	0.880186	0.0314843	0.0100338	0.074714	1.38006
211	0.0103469	0.100896	0.872663	0.0329835	0.0100338	0.0737468	1.30943
212	0.0103469	0.102279	0.872663	0.0329835	0.0100338	0.0711991	0.849498
213	0.0109696	0.10302	0.901462	0.029985	0.0100338	0.072843	1.10526
214	0.0105781	0.10717	0.872663	0.029985	0.0100338	0.0736882	1.38006
215	0.0105781	0.109071	0.880186	0.029985	0.0100338	0.0646829	0.695111
216	0.0105781	0.111573	0.872663	0.029985	0.0100338	0.0566445	0.539488
217	0.0105781	0.114444	0.872663	0.029985	0.0102451	0.0542717	0.468099
218	0.0105781	0.116734	0.872663	0.0314843	0.0100338	0.0538603	0.448894
219	0.0100642	0.123141	0.893044	0.0404798	0.0102451	0.0536818	0.477902
220	0.0103469	0.127621	0.880186	0.0389805	0.0100338	0.0500355	0.460756
221	0.0103469	0.132225	0.880186	0.041979	0.0100338	0.0491134	0.468099
222	0.0107316	0.135797	1.0375	0.0509745	0.0100338	0.0468754	0.407755
223	0.0105781	0.142774	1.0375	0.053973	0.0100338	0.0464592	0.419816
224	0.0103469	0.151976	1.14167	0.065967	0.0100338	0.0456735	0.419816
225	0.0111782	0.163416	1.44255	0.0824588	0.0100338	0.0448093	0.402649
226	0.0103469	0.213618	3.47467	0.130435	0.0100338	0.0445018	0.396843
227	0.0107316	0.159597	1.44255	0.095952	0.0100338	0.0461525	0.444272
228	0.0100922	0.144063	1.29867	0.0869565	0.0100338	0.0466601	0.448894
229	0.0101035	0.126757	1.25472	0.0764618	0.0100338	0.0447974	0.396843
230	0.0100922	0.114942	1.16127	0.065967	0.0100338	0.0438337	0.328198
231	0.0100922	0.107477	1.03173	0.053973	0.0100051	0.0430441	0.31852
232	0.0100922	0.101564	0.977222	0.047976	0.0100051	0.0421365	0.314371
233	0.0100922	0.0976786	0.872663	0.0434783	0.0100051	0.0418427	0.325965
234	0.0101035	0.0916345	0.774586	0.0344828	0.0100051	0.0415847	0.328198
235	0.0111782	0.086595	0.798763	0.023988	0.0100051	0.0427044	0.371579
236	0.0111782	0.0871018	0.798763	0.023988	0.0100051	0.0408605	0.290308
237	0.0111782	0.0850058	0.798763	0.0224888	0.0100398	0.0399642	0.268094
238	0.0101035	0.0788441	0.675884	0.017991	0.0100398	0.0401732	0.268094
239	0.0101035	0.0771941	0.643053	0.0164918	0.0100152	0.0408895	0.283851
240	0.0101035	0.0745494	0.634665	0.011994	0.0100152	0.0408293	0.28715
241	0.0107316	0.0712073	0.640852	0.011994	0.0100152	0.0420344	0.31852
242	0.0101035	0.0695851	0.606167	0.0149925	0.0100152	0.0413275	0.313639
243	0.0101035	0.0673257	0.540525	0.0089955	0.0100152	0.0413226	0.313639
244	0.0101035	0.0659611	0.538058	0.011994	0.0100152	0.0410644	0.313639
245	0.0100404	0.0672682	0.557168	0.0134933	0.0100152	0.0408737	0.297448
246	0.0101035	0.0665932	0.557168	0.011994	0.0100152	0.0404154	0.28715
247	0.0100404	0.0641863	0.517448	0.0149925	0.0100152	0.0395308	0.268094
248	0.0100404	0.0591386	0.411328	0.011994	0.0100152	0.0394731	0.268094
249	0.0100404	0.0571696	0.394132	0.011994	0.0100152	0.0394219	0.265192
250	0.0100404	0.0547101	0.375627	0.0089955	0.0100152	0.0380768	0.237535
251	0.0100404	0.053836	0.35225	0.005997	0.0100152	0.0380944	0.239859
252	0.0100404	0.0542322	0.35225	0.005997	0.0100152	0.0380988	0.239859
253	0.0100581	0.0534295	0.35225	0.00749625	0.0100152	0.0381942	0.24957
254	0.0100404	0.0525337	0.342786	0.005997	0.0100152	0.0380901	0.24957
255	0.0100404	0.0515713	0.342786	0.005997	0.0100152	0.0390863	0.3263
256	0.0100404	0.0511768	0.35225	0.0089955	0.0100152	0.038512	0.3263
257	0.0100581	0.0511987	0.379292	0.0134933	0.0100398	0.0400276	0.340854
258	0.0100404	0.05106	0.394132	0.0164918	0.0100398	0.0408293	0.346168
259	0.0100404	0.0483634	0.35225	0.0089955	0.0100392	0.0393046	0.313639
260	0.0100404	0.0468344	0.343516	0.0104948	0.0100392	0.0393877	0.313639
261	0.0100404	0.0455183	0.317798	0.00749625	0.0100392	0.038891	0.29648
262	0.0100404	0.0440892	0.305136	0.00449775	0.0100392	0.0384612	0.290966
263	0.0100404	0.0434025	0.296089	0.00149925	0.0102242	0.0383027	0.294256
264	0.0100404	0.0426539	0.285897	0.00449775	0.0101614	0.0382767	0.290966
265	0.0100404	0.0418438	0.279604	0.00449775	0.0100392	0.0401013	0.307985
266	0.0100581	0.0418587	0.279604	0.005997	0.0100392	0.0421766	0.340854
267	0.0100581	0.0419075	0.272865	0.00449775	0.0100392	0.0435913	0.36496
268	0.0100581	0.0413469	0.272865	0.005997	0.0100392	0.0489611	0.510478
269	0.0100581	0.040897	0.272865	0.00449775	0.0100392	0.0495027	0.465674
270	0.0100492	0.0399566	0.262698	0.00149925	0.0100446	0.0495664	0.468461
271	0.0100492	0.0403573	0.272123	0.00149925	0.0100446	0.0516628	0.677706
272	0.0100492	0.0399413	0.259396	0	0.0100601	0.0520731	0.712662
273	0.0100492	0.0406125	0.263878	0	0.0100446	0.0546987	0.927446
274	0.0100492	0.0408758	0.263878	0.00149925	0.0100601	0.0576762	1.3219
275	0.0100492	0.0403545	0.259396	0.00149925	0.0100601	0.0593903	1.42494
276	0.0100581	0.0399198	0.254046	0.00449775	0.0100531	0.0607701	1.53349
277	0.0100581	0.0404149	0.254889	0.00449775	0.0100531	0.0653532	1.85767
278	0.0100581	0.0409683	0.272123	0.005997	0.0100531	0.0743998	3.47151
279	0.0100581	0.0416418	0.295868	0.0104948	0.0100531	0.0793627	5.04368
280	0.0100581	0.0400136	0.272123	0.00449775	0.0100531	0.0884645	7.78223
281	0.0100581	0.0391738	0.254889	0	0.0100531	0.0960191	8.41895
282	0.0100581	0.038707	0.254889	0	0.0100531	0.112977	10.8987
283	0.0100581	0.0392315	0.254889	0	0.0100531	0.12144	11.7766
284	0.0100581	0.0393392	0.254889	0	0.0100531	0.130909	16.0337
285	0.0100581	0.0403339	0.270947	0.0029985	0.0100531	0.136867	18.1634
286	0.0100581	0.0406003	0.27519	0.00449775	0.0100531	0.140029	18.1634
287	0.0100581	0.040429	0.270947	0.00449775	0.0100531	0.140239	18.6298
288	0.0100581	0.0412011	0.270947	0.00449775	0.0100531	0.144138	21.4552
289	0.0100581	0.0406528	0.262698	0.00149925	0.0100531	0.161487	25.1774
290	0.0100581	0.040448	0.254046	0.0029985	0.0100531	0.205502	43.3902
291	0.0100581	0.0404114	0.254046	0.005997	0.0100531	0.219236	47.4783
292	0.0100581	0.0394186	0.237678	0.005997	0.0100531	0.225808	45.3198
293	0.0100581	0.0399346	0.240538	0.0089955	0.0100531	0.237719	41.4477
294	0.0100581	0.0401172	0.240538	0.00749625	0.0100531	0.253502	41.4477
295	0.0100287	0.0403892	0.243646	0.005997	0.0100531	0.254876	41.4477
296	0.0100287	0.0403796	0.243646	0.00749625	0.0100531	0.296715	44.4032
297	0.0100287	0.0401326	0.240538	0.00749625	0.0100531	0.291339	47.6801
298	0.0100287	0.0404331	0.246651	0.005997	0.0102894	0.312928	54.0836
299	0.0100287	0.0401058	0.246651	0.00449775	0.0100531	0.371542	58.542
300	0.0100287	0.0399796	0.262698	0.005997	0.011623	0.483461	71.4282
301	0.0100287	0.040901	0.27519	0.00449775	0.0124729	0.552098	82.716
302	0.0100287	0.0413257	0.327119	0.00749625	0.0130302	0.636051	85.4963
303	0.0100287	0.0430931	0.345581	0.0149925	0.0124729	0.705006	80.9231
304	0.0100581	0.0455627	0.454271	0.0209895	0.011623	0.78487	74.7482
305	0.0102335	0.0475406	0.583604	0.029985	0.0154218	0.897472	91.2746
306	0.0100581	0.0480045	0.551953	0.0314843	0.0157638	0.910243	91.2746
307	0.0100581	0.0481839	0.551953	0.029985	0.0152139	0.82209	89.3511
308	0.0100581	0.0487391	0.583604	0.0329835	0.0129639	0.818842	74.6473
309	0.0100581	0.0487516	0.583604	0.0344828	0.0154204	0.850944	84.5312
310	0.0100581	0.0470689	0.568298	0.0329835	0.0129639	0.795618	74.6473
311	0.0100581	0.051328	0.751619	0.0404798
