		omega		Posterior		rho				Synonymous theta			kappa			phi	
Site	Lower	Point	Higher	prob of +ve	Lower	Point	Higher		Lower	Point	Higher	Lower	Point	Higher	Lower	Point	Higher
	95% HPD	estimate	95% HPD	selection	95% HPD	estimate	95% HPD		95% HPD	estimate	95% HPD	95% HPD	estimate	95% HPD	95% HPD	estimate	95% HPD
0	0.0100127	0.0344899	0.190056	0	0.0134806	0.853217	82.5492		0.0782252	0.0972281	0.122114	3.93994	6.3415	12.2977	0	0	0
1	0.0100127	0.0340069	0.176816	0	0.0106837	0.872905	61.3235
2	0.0100722	0.0336345	0.172332	0	0.0114655	0.887461	61.6834
3	0.0100127	0.0335497	0.164282	0	0.0114655	1.08193	55.9784
4	0.0100127	0.0324379	0.147583	0	0.0106845	1.10773	48.1211
5	0.0100127	0.0322158	0.147583	0	0.0125928	1.00435	54.113
6	0.0100127	0.0320161	0.14357	0	0.0108528	0.937998	42.4886
7	0.0100127	0.0319607	0.14357	0	0.0108528	0.999446	44.1628
8	0.0100127	0.0317321	0.141042	0	0.0109828	1.0139	44.1628
9	0.0100127	0.031364	0.141042	0	0.0114655	1.07221	53.2967
10	0.0100127	0.0311943	0.13655	0	0.0114655	1.17084	54.113
11	0.0100722	0.0312936	0.144392	0	0.0125928	1.42455	61.1641
12	0.0100722	0.0310836	0.13655	0.00149925	0.022945	1.54727	99.3579
13	0.0100127	0.030593	0.124749	0	0.022945	1.58428	99.3579
14	0.0100127	0.0302857	0.119544	0	0.0314695	1.64609	99.3579
15	0.0100127	0.0303518	0.124749	0	0.0458851	1.69637	99.3579
16	0.0100127	0.0304337	0.124749	0	0.089481	1.89336	99.3579
17	0.0100127	0.0305072	0.124749	0	0.154244	2.09927	99.3579
18	0.0100127	0.0307549	0.127811	0	0.188273	2.17104	99.3579
19	0.0100722	0.0311451	0.141042	0	0.19789	2.19376	99.3579
20	0.0100127	0.0314401	0.135032	0	0.264597	2.41063	99.3579
21	0.0100722	0.0318309	0.145162	0	0.28635	2.52186	99.3579
22	0.0100127	0.0318025	0.146469	0	0.28635	2.45559	99.3579
23	0.0100127	0.0328273	0.159808	0	0.211182	2.42125	61.8289
24	0.0100127	0.0331601	0.157338	0	0.249528	2.43278	61.8289
25	0.0100127	0.0342066	0.186734	0	0.190912	1.96982	62.8931
26	0.0100127	0.0355728	0.207146	0.00149925	0.105427	1.31286	61.8289
27	0.0100127	0.0379646	0.276516	0.0029985	0.1149	1.117	99.3579
28	0.0101828	0.0416547	0.473413	0.011994	0.061286	0.995405	54.113
29	0.0100891	0.0379062	0.302645	0.005997	0.0110697	0.762728	16.436
30	0.0100127	0.0354416	0.19722	0.00449775	0.0104853	0.534063	11.607
31	0.0100127	0.0345223	0.187867	0.00449775	0.0104853	0.361581	3.76772
32	0.0100127	0.0330013	0.154913	0.00449775	0.0101722	0.261559	2.62934
33	0.0100127	0.0319621	0.141042	0.00449775	0.0104853	0.230662	2.66782
34	0.0100674	0.0299636	0.119544	0.00149925	0.0101722	0.185091	1.90236
35	0.0100674	0.0294645	0.119088	0.00149925	0.0101722	0.164037	1.76757
36	0.0100127	0.0287515	0.112845	0	0.0101722	0.148727	1.46677
37	0.0100127	0.0285112	0.112845	0	0.0101722	0.137198	1.42963
38	0.0100127	0.0283434	0.111102	0	0.0101722	0.128287	1.42963
39	0.0100127	0.0278913	0.108088	0	0.0100099	0.121911	1.37946
40	0.0100127	0.0275518	0.1062	0	0.0101722	0.11943	1.32031
41	0.0100127	0.0273261	0.1062	0	0.0100099	0.114002	1.21053
42	0.0100477	0.0266508	0.1062	0	0.0101722	0.113973	1.32031
43	0.0100127	0.0263224	0.104509	0	0.0100099	0.117919	1.33859
44	0.0100127	0.0259097	0.0974305	0	0.0100099	0.115311	1.46386
45	0.0100127	0.0257421	0.0974305	0	0.0101722	0.109005	1.33859
46	0.0100127	0.0254636	0.0944727	0	0.0100099	0.103333	1.32031
47	0.0100374	0.0246016	0.0944727	0	0.0100099	0.103732	1.46386
48	0.0100374	0.0243083	0.0944727	0	0.0100099	0.101627	2.12296
49	0.0100127	0.024219	0.0917174	0	0.0100099	0.100175	2.36226
50	0.0100127	0.0240861	0.0917174	0	0.0100099	0.0987424	2.36226
51	0.0100374	0.0239833	0.0944727	0	0.0100099	0.0934515	1.74926
52	0.0100127	0.0237364	0.0944727	0	0.0100099	0.0918707	2.12296
53	0.010012	0.0236377	0.0917174	0	0.0100099	0.0988047	5.73514
54	0.010012	0.0233512	0.0754485	0.00149925	0.0100099	0.104002	18.7106
55	0.010012	0.0231704	0.0844945	0.00149925	0.0100099	0.104047	23.3747
56	0.010012	0.0227919	0.0754485	0	0.0100099	0.101878	23.3747
57	0.010012	0.0225776	0.0724196	0.00149925	0.0100099	0.104086	27.7571
58	0.010012	0.0224116	0.0724196	0.00149925	0.0101056	0.102511	27.7571
59	0.010012	0.0224674	0.0719786	0.00449775	0.0101056	0.100976	23.3747
60	0.010012	0.0219094	0.067683	0	0.0101056	0.102185	24.1505
61	0.010012	0.0219223	0.0681412	0	0.0101056	0.0967058	18.7106
62	0.010012	0.0217141	0.0681412	0	0.0101056	0.0943596	4.10341
63	0.010012	0.0217512	0.067683	0	0.0101056	0.0870208	2.41922
64	0.010012	0.0216777	0.0663041	0.00149925	0.0101722	0.0845312	2.12483
65	0.010012	0.0214158	0.0636093	0.00149925	0.0101056	0.0836973	1.43332
66	0.010012	0.0214273	0.0636093	0.00149925	0.0101056	0.0830422	1.31001
67	0.010012	0.0213169	0.0633729	0	0.0101056	0.0825594	1.20425
68	0.0100127	0.021304	0.06275	0	0.0101056	0.0835016	0.996714
69	0.0100127	0.0209953	0.0589479	0	0.0101056	0.0866639	1.31001
70	0.0100127	0.0208939	0.0583141	0	0.0101722	0.0860517	0.890597
71	0.0100127	0.0210091	0.0589479	0	0.0101722	0.0916522	0.890597
72	0.0100127	0.0209855	0.0613102	0	0.0101056	0.09666	0.843356
73	0.0100127	0.0209019	0.0589479	0	0.0101722	0.102389	0.892857
74	0.0100127	0.020921	0.0562934	0	0.0101056	0.106278	0.921017
75	0.0100127	0.0207556	0.0539814	0	0.0101056	0.108423	1.15965
76	0.0100374	0.020543	0.0538033	0	0.0101722	0.112168	1.47395
77	0.0100127	0.0205242	0.0538033	0	0.0107516	0.116352	1.67303
78	0.0100374	0.0202459	0.0536969	0	0.0107516	0.13133	1.64822
79	0.0100127	0.0200882	0.0528187	0	0.0107516	0.143394	1.81186
80	0.0100127	0.0200765	0.0528187	0	0.0116083	0.15975	2.14248
81	0.0100374	0.0200878	0.0538033	0	0.0107516	0.179257	2.47467
82	0.0100127	0.0202369	0.0578054	0	0.0107516	0.189448	3.26342
83	0.0100127	0.0203889	0.0583141	0	0.0107516	0.23213	6.19056
84	0.0100127	0.0205378	0.0583141	0.00449775	0.0105782	0.213523	4.22518
85	0.0100127	0.020174	0.0539814	0.00149925	0.0107866	0.180824	4.93594
86	0.0100374	0.0199323	0.0536969	0	0.0102584	0.149228	4.26408
87	0.0100127	0.020068	0.0538033	0	0.0100312	0.123038	1.71997
88	0.0100127	0.0201677	0.0583141	0	0.0101504	0.104199	1.16796
89	0.0100127	0.0199701	0.0538033	0	0.0100405	0.0782228	0.515109
90	0.0100127	0.02006	0.0539814	0.00149925	0.0100405	0.061745	0.3971
91	0.0100127	0.0200201	0.0538033	0.00149925	0.0100405	0.0590026	0.351591
92	0.0100127	0.0198275	0.0528187	0.00149925	0.0101501	0.056083	0.333896
93	0.0100127	0.019683	0.0526462	0	0.0101501	0.0562634	0.332952
94	0.0100127	0.0196878	0.0525132	0	0.0101504	0.0558266	0.332952
95	0.0100374	0.0197627	0.0538033	0	0.0100405	0.055134	0.318308
96	0.0100127	0.0197075	0.0528187	0	0.0101504	0.0546733	0.31644
97	0.0100374	0.0198081	0.0538033	0	0.0100405	0.0534369	0.290878
98	0.0100374	0.0198466	0.0538033	0	0.0100405	0.0525238	0.290878
99	0.0100127	0.020257	0.0598389	0	0.0100405	0.0512082	0.287095
100	0.0100127	0.0199482	0.0528187	0	0.0101504	0.0489089	0.279484
101	0.0100127	0.0200309	0.0539814	0	0.0101504	0.0469489	0.251331
102	0.0100127	0.0196374	0.0498122	0	0.0101504	0.0473412	0.248736
103	0.0100127	0.0196204	0.0492999	0	0.0101504	0.0477411	0.251331
104	0.0100127	0.0197141	0.0525132	0	0.0101504	0.045968	0.231824
105	0.0100369	0.0198111	0.05384	0	0.0102584	0.0456653	0.224697
106	0.0100127	0.0198127	0.0517051	0	0.0102584	0.0451215	0.221948
107	0.0100127	0.0196139	0.0490081	0	0.0102584	0.045609	0.224697
108	0.0100127	0.0196187	0.0492999	0	0.0102584	0.0458622	0.231824
109	0.0100127	0.0193191	0.0480858	0	0.0100209	0.0454034	0.224697
110	0.0100127	0.0192403	0.0478135	0	0.0100209	0.0454073	0.224697
111	0.0100127	0.0192832	0.0480858	0	0.0100209	0.0457842	0.224697
112	0.0100127	0.0191008	0.0463313	0	0.0101751	0.0449535	0.222579
113	0.0100127	0.0190419	0.0445179	0	0.0101751	0.0447016	0.222579
114	0.0100127	0.0191609	0.0463313	0	0.0100209	0.0453033	0.222579
115	0.0100127	0.0191084	0.0445179	0	0.0100209	0.0470025	0.251331
116	0.0100127	0.0191023	0.0466088	0	0.0101751	0.0472675	0.251331
117	0.0100127	0.019051	0.0466088	0	0.0100209	0.0476006	0.248736
118	0.0100127	0.0190076	0.0452	0	0.0100621	0.0483319	0.251331
119	0.0100127	0.0190478	0.0463313	0	0.0101751	0.0506174	0.283674
120	0.0100127	0.019176	0.0466088	0	0.0101751	0.0512797	0.270467
121	0.0100127	0.0193061	0.0474782	0	0.0101751	0.05181	0.261138
122	0.0100127	0.0194737	0.0490081	0	0.0100621	0.0534963	0.261138
123	0.0100374	0.0195623	0.0517051	0	0.0100621	0.0550984	0.270467
124	0.0100374	0.0195552	0.0517051	0	0.0101751	0.0555052	0.284793
125	0.0100127	0.0195198	0.0492999	0	0.0100621	0.0574277	0.294003
126	0.0100127	0.0195915	0.0492999	0	0.0100621	0.0586326	0.312513
127	0.0100127	0.0196696	0.0485055	0	0.0101811	0.0616868	0.349623
128	0.0100374	0.0197402	0.0517051	0	0.0102584	0.0667208	0.414038
129	0.0100374	0.0197167	0.0517051	0	0.010295	0.0751708	0.626522
130	0.0100127	0.0200501	0.0525277	0.00149925	0.0101811	0.091731	0.8843
131	0.0100127	0.0198744	0.0517051	0.0029985	0.0101811	0.115513	2.08502
132	0.0100374	0.0199182	0.0517051	0.00149925	0.010295	0.145712	7.36278
133	0.0100127	0.0197825	0.0496245	0	0.010295	0.174174	15.8695
134	0.0100374	0.0198077	0.0517051	0	0.010295	0.273788	29.6486
135	0.0100374	0.0197049	0.0517051	0	0.0149688	0.404105	51.9552
136	0.0100127	0.0196579	0.0496245	0	0.0148476	0.404187	51.9552
137	0.0100127	0.0195613	0.0481015	0	0.0148476	0.421376	51.9552
138	0.0100374	0.0196296	0.0481015	0	0.0284837	0.436602	99.417
139	0.0100127	0.0195466	0.0463313	0	0.0141714	0.430011	51.9552
140	0.0100127	0.0197929	0.0481786	0	0.0141714	0.438651	51.7179
141	0.0100374	0.0201542	0.0526136	0	0.0141714	0.429879	51.9552
142	0.0100374	0.0203525	0.0528187	0.00149925	0.0305467	0.419539	99.417
143	0.0100374	0.0206585	0.0578598	0.00149925	0.0338557	0.413455	99.417
144	0.0100374	0.0203157	0.0528187	0	0.0430327	0.430559	99.417
145	0.0100374	0.0203393	0.0526136	0	0.0350856	0.398189	99.417
146	0.0100374	0.020442	0.0528187	0	0.036989	0.363551	99.417
147	0.0100344	0.0205375	0.0558916	0	0.010059	0.307436	20.2214
148	0.0100344	0.0203799	0.052959	0	0.0128407	0.250137	20.2214
149	0.0100344	0.0202607	0.052959	0	0.010059	0.210996	8.39263
150	0.0100344	0.0203443	0.0576643	0	0.010059	0.175633	1.35014
151	0.0100344	0.0203336	0.0585042	0	0.0136511	0.159087	1.28256
152	0.0100344	0.0206822	0.0589589	0	0.0136511	0.157662	1.1941
153	0.0100344	0.0209277	0.0620441	0	0.0128407	0.152269	0.994203
154	0.0100344	0.0208506	0.0588802	0	0.0136511	0.143769	0.852504
155	0.0100344	0.0209902	0.0588802	0	0.0136511	0.137081	0.772402
156	0.0100344	0.0208936	0.0587604	0	0.0164528	0.128478	0.852504
157	0.0100344	0.0210959	0.0590424	0	0.0128407	0.12473	0.624652
158	0.0100344	0.0213564	0.0620441	0	0.0136511	0.124144	0.687752
159	0.0100344	0.0213437	0.0630245	0	0.0135995	0.122873	0.687752
160	0.0100344	0.021461	0.0648534	0	0.0135995	0.118004	0.722408
161	0.0100344	0.0215801	0.0648534	0	0.0133546	0.110997	0.60197
162	0.0100344	0.0217277	0.0663821	0	0.0138393	0.108342	0.60197
163	0.0100344	0.0219214	0.0684128	0	0.0126895	0.103291	0.532006
164	0.0100344	0.0217542	0.0648534	0	0.0126895	0.102848	0.532006
165	0.0100344	0.0219448	0.0675109	0	0.0126895	0.100019	0.532006
166	0.0100344	0.0221755	0.0689054	0	0.0126895	0.101084	0.532006
167	0.0100344	0.0224545	0.0693996	0	0.0126895	0.100573	0.566178
168	0.0100344	0.0231226	0.0714393	0	0.0131551	0.0987886	0.60197
169	0.0100344	0.0238938	0.0848642	0	0.0126895	0.0986221	0.53422
170	0.0100344	0.0242061	0.0878187	0	0.0126895	0.0972663	0.532006
171	0.0100344	0.0242205	0.0848642	0	0.0131551	0.0952143	0.53422
172	0.0100344	0.0239038	0.0812159	0	0.0126895	0.0909315	0.490627
173	0.0100344	0.0239491	0.0812159	0	0.0131551	0.0900552	0.490627
174	0.0100344	0.0246397	0.0853627	0.00149925	0.0126895	0.0898107	0.399336
175	0.0100344	0.0250874	0.0946344	0.00149925	0.0126895	0.0925716	0.427146
176	0.0100416	0.0254097	0.0973239	0.00149925	0.0126895	0.0940995	0.42935
177	0.0100344	0.0256245	0.0988932	0	0.013561	0.095547	0.473479
178	0.0100344	0.0257923	0.0988932	0	0.0134829	0.0966646	0.473479
179	0.0100344	0.0259294	0.107842	0	0.0132036	0.0965783	0.473479
180	0.0100344	0.0261115	0.108475	0	0.0134829	0.0979535	0.490627
181	0.0100344	0.0265272	0.109773	0	0.0126895	0.100858	0.490627
182	0.0100344	0.0271449	0.118644	0	0.0132036	0.107261	0.568287
183	0.0100416	0.0271892	0.118644	0	0.0126895	0.120923	0.852504
184	0.0100745	0.0272501	0.118644	0	0.0134829	0.120257	0.852504
185	0.0100344	0.0273988	0.118644	0	0.0132036	0.129485	0.852504
186	0.0100344	0.0283395	0.127616	0	0.0138393	0.132623	0.931877
187	0.0100344	0.0289176	0.134343	0	0.0134829	0.146885	1.08127
188	0.0100344	0.0294163	0.139781	0	0.0103124	0.181392	3.66499
189	0.0100344	0.0308672	0.18978	0.00449775	0.0103124	0.195776	15.5066
190	0.0100344	0.0329464	0.220999	0.005997	0.01308	0.249841	37.6254
191	0.0100416	0.0356198	0.336553	0.0104948	0.0139542	0.264789	42.3586
192	0.0100344	0.0392054	0.386283	0.0209895	0.0139542	0.310971	42.3586
193	0.0100344	0.0366449	0.336553	0.0104948	0.0102471	0.242599	34.771
194	0.0100344	0.0333779	0.21232	0.0029985	0.0101404	0.154021	17.4373
195	0.0100344	0.032302	0.200031	0.00149925	0.0102471	0.0751111	0.474562
196	0.0100344	0.0313081	0.193878	0	0.0101404	0.06819	0.363887
197	0.0100344	0.0297009	0.146866	0	0.0103124	0.0639562	0.360297
198	0.0100344	0.0295924	0.139781	0	0.0101693	0.0592356	0.334218
199	0.0100416	0.0298427	0.146301	0.0029985	0.0101546	0.055754	0.291984
200	0.0100344	0.0293825	0.142285	0.00449775	0.0101693	0.0533173	0.291984
201	0.0100344	0.0287835	0.141036	0.00449775	0.0100862	0.0505816	0.282944
202	0.0100344	0.0283504	0.139781	0.00449775	0.0100862	0.0474151	0.246858
203	0.0100344	0.027992	0.134343	0.00449775	0.0100862	0.0464605	0.246313
204	0.0100344	0.0274854	0.131698	0.00449775	0.0100862	0.044519	0.236651
205	0.0100344	0.0270336	0.131698	0.00449775	0.0100862	0.0442804	0.246858
206	0.0100344	0.026728	0.119009	0.00149925	0.0100862	0.0430474	0.246858
207	0.0100344	0.026336	0.11229	0.00149925	0.0100862	0.042962	0.243904
208	0.0100344	0.0257442	0.108475	0	0.0100862	0.0425587	0.243904
209	0.0100344	0.0253698	0.100541	0	0.0100862	0.0425098	0.23297
210	0.0100344	0.0255728	0.10555	0	0.0100862	0.0415776	0.226194
211	0.0100344	0.0253954	0.100541	0	0.0100862	0.0407948	0.226194
212	0.0100344	0.0251953	0.0912736	0	0.0100562	0.0399733	0.208149
213	0.0100344	0.0253999	0.0932305	0.00149925	0.0100562	0.0388298	0.201373
214	0.0100344	0.0252994	0.0912736	0	0.0100562	0.0381275	0.191721
215	0.0100344	0.0249645	0.0905711	0.00149925	0.0100562	0.036728	0.175004
216	0.0100344	0.0250397	0.0907668	0.00149925	0.0100562	0.0359445	0.167459
217	0.0100344	0.0246666	0.0905711	0	0.0100562	0.0361948	0.186883
218	0.0100344	0.0247315	0.0912736	0	0.0100562	0.0358525	0.167459
219	0.0100344	0.02482	0.0943889	0	0.0100562	0.0356106	0.166259
220	0.0100344	0.025031	0.10555	0.00149925	0.0100562	0.0355258	0.171261
221	0.0100344	0.0250835	0.100541	0.00149925	0.0100862	0.0353727	0.171261
222	0.0100344	0.0251778	0.100312	0.00149925	0.0100862	0.0354211	0.171261
223	0.0100344	0.0250779	0.105763	0	0.0102354	0.03639	0.191721
224	0.0100344	0.0249579	0.10555	0	0.0103124	0.0374308	0.221018
225	0.0100344	0.0245305	0.0962193	0	0.0101414	0.0383402	0.244337
226	0.0100344	0.0242561	0.0907668	0	0.0102354	0.0396916	0.285462
227	0.0100344	0.0241586	0.0905711	0	0.0103124	0.0422037	0.373183
228	0.0100344	0.0240029	0.0843566	0	0.0101414	0.0460565	0.423938
229	0.0100344	0.0238982	0.080614	0	0.0103124	0.0510662	0.485149
230	0.0100344	0.0238626	0.080614	0	0.0103124	0.0566603	0.513403
231	0.0100344	0.0240239	0.0794676	0	0.0103124	0.062095	0.571411
232	0.0100344	0.0239143	0.0794676	0	0.0101414	0.0739364	0.601952
233	0.0100344	0.0241167	0.0794676	0	0.0103124	0.103337	0.733386
234	0.0100344	0.0241333	0.0843566	0	0.0103492	0.215721	11.1973
235	0.0100344	0.0240809	0.086613	0	0.0103492	0.380746	24.1668
236	0.0100344	0.0240872	0.086613	0	0.0103492	0.521655	17.661
237	0.0100344	0.0243782	0.0943889	0	0.0190584	0.58291	20.1621
238	0.0100344	0.02434	0.0908467	0	0.0190584	0.554738	8.1283
239	0.0100261	0.0241601	0.0879485	0	0.0356403	0.458205	4.06549
240	0.0100261	0.0240569	0.086613	0	0.0356403	0.390049	1.86184
241	0.0100261	0.0237836	0.0796026	0	0.0315307	0.368679	1.38108
242	0.0100261	0.0236499	0.086613	0	0.0320285	0.363619	1.43447
243	0.0100261	0.0235828	0.086613	0	0.0315874	0.353456	1.43076
244	0.0100261	0.0235444	0.0879485	0	0.0315307	0.332296	1.19737
245	0.0100261	0.0234732	0.0879485	0	0.038494	0.326797	1.35651
246	0.0100261	0.0232074	0.0843566	0	0.038494	0.325684	1.35651
247	0.0100261	0.0231746	0.0831014	0	0.0356403	0.323292	1.19737
248	0.0100261	0.0232416	0.0831014	0	0.038494	0.322003	1.19002
249	0.0100261	0.023091	0.0810991	0	0.0386859	0.326848	1.19002
250	0.0100261	0.0232857	0.0810991	0	0.0386859	0.333631	1.19737
251	0.0100261	0.0235376	0.0879485	0	0.0526927	0.345055	1.19106
252	0.0100261	0.0235504	0.086613	0	0.0579357	0.358112	1.19737
253	0.0100261	0.0238352	0.0886736	0	0.0589793	0.372092	1.19737
254	0.0100261	0.0239707	0.0912842	0	0.0609838	0.375363	1.43911
255	0.0100261	0.0241749	0.100312	0	0.0525875	0.37871	1.43911
256	0.0100261	0.0242448	0.100312	0	0.0621669	0.371857	1.43911
257	0.0100261	0.0246393	0.108996	0	0.0681436	0.370532	1.43911
258	0.0100261	0.0245825	0.104777	0	0.0609838	0.372339	1.43911
259	0.0100261	0.0243135	0.0984491	0	0.0646272	0.378617	1.43911
260	0.0100261	0.0243931	0.0970131	0.00149925	0.0944658	0.38036	1.64893
261	0.0100261	0.0244399	0.0901756	0.00149925	0.0646272	0.377664	1.43351
262	0.0100261	0.0246553	0.0984491	0.00149925	0.10074	0.374973	1.64893
263	0.0100261	0.0246454	0.0984491	0	0.0652074	0.366547	1.43351
264	0.0100261	0.024917	0.100766	0	0.0726899	0.367491	1.64893
265	0.0100261	0.0252008	0.109598	0	0.10074	0.37867	1.65648
266	0.0100261	0.0251247	0.114052	0	0.114725	0.383686	1.65648
267	0.0100261	0.0249165	0.114052	0	0.120732	0.375538	2.26262
268	0.0100261	0.025287	0.116601	0.0029985	0.120732	0.380728	1.83213
269	0.0100261	0.0254136	0.116601	0.0029985	0.114725	0.391033	2.88436
270	0.0100344	0.0252538	0.114864	0	0.0502752	0.380833	1.77083
271	0.0100261	0.0253227	0.114052	0	0.0520361	0.391699	1.82644
272	0.0100261	0.025517	0.109598	0	0.0520361	0.392032	1.77083
273	0.0100261	0.0256195	0.10927	0	0.0520361	0.389366	1.59336
274	0.0100261	0.0258434	0.106223	0	0.0520361	0.383633	1.41654
275	0.0100931	0.0260895	0.109598	0.00149925	0.0515126	0.37188	1.43351
276	0.0100261	0.0261344	0.10927	0.00149925	0.0498442	0.365732	1.64893
277	0.0100261	0.0264599	0.109598	0.00149925	0.0386991	0.351913	1.75974
278	0.0100261	0.0267314	0.112586	0.00149925	0.0219414	0.320279	1.19106
279	0.0100261	0.0264154	0.10927	0	0.0225961	0.303132	1.28685
280	0.0100261	0.0272927	0.116368	0	0.0235886	0.304007	1.29606
281	0.0100261	0.027905	0.126452	0	0.0219414	0.30762	1.29606
282	0.0100261	0.0280453	0.127477	0	0.0211721	0.306689	1.07937
283	0.0100717	0.0288186	0.136677	0.00449775	0.0194269	0.303986	1.08588
284	0.0100261	0.0285089	0.130703	0.00149925	0.0211721	0.29805	1.08588
285	0.0100261	0.0293286	0.138241	0.00149925	0.0166013	0.286647	1.07937
286	0.0100261	0.030098	0.140528	0	0.0186484	0.279547	1.29702
287	0.0100717	0.0310006	0.142787	0	0.0151574	0.288915	1.29702
288	0.0100261	0.0314526	0.146153	0	0.0139602	0.321864	1.75115
289	0.0100717	0.0328318	0.159858	0.00149925	0.0195033	0.335999	3.43853
290	0.0100717	0.0341461	0.168372	0.0029985	0.0151084	0.352926	2.91386
291	0.0100261	0.0364123	0.247633	0.005997	0.0195033	0.401781	3.08513
292	0.0100261	0.0374052	0.270692	0.005997	0.0310707	0.410582	5.2762
293	0.0100261	0.0394597	0.346735	0.0149925	0.0313823	0.446611	9.30865
294	0.0100202	0.0455648	0.601949	0.035982	0.0223297	0.546395	36.2325
295	0.0100202	0.0415782	0.387413	0.023988	0.0386719	0.668324	83.3127
296	0.0100202	0.0384792	0.32086	0.0134933	0.0384092	0.66429	94.8748
297	0.0100202	0.035263	0.243628	0.005997	0.0384092	0.700945	94.8748
298	0.0100202	0.0334234	0.171097	0.00149925	0.0254595	0.739747	62.3198
299	0.0100202	0.0323426	0.159774	0	0.0386719	0.774475	94.8748
300	0.0100202	0.0318872	0.159774	0	0.0246445	0.784776	62.3198
301	0.0100202	0.0315698	0.147415	0	0.0381611	0.80334	94.8748
302	0.0100202	0.0306786	0.142787	0	0.0367656	0.832695	94.8748
303	0.0100202	0.0298681	0.133669	0	0.0272878	0.822682	83.3127
304	0.0100202	0.0291609	0.128614	0	0.0272878	0.837769	84.193
305	0.0100202	0.0281071	0.127477	0	0.0323849	0.961629	91.6659
306	0.0100202	0.027887	0.127477	0	0.0327908	1.0285	94.8748
307	0.0100202	0.0276593	0.125927	0	0.0273273	1.07616	83.3127
308	0.0100202	0.0276242	0.123234	0	0.0262734	1.05634	83.3127
309	0.0100261	0.0279719	0.125927	0.00449775	0.0242697	1.01764	84.193
310	0.0100261	0.0269865	0.108437	0	0.0230653	0.907535	94.8748
311	0.0100261	0.0270331	0.112585	0	0.0230653	0.921746	94.8748
312	0.0100914	0.0271451	0.115939	0.00149925	0.0198412	0.831916	91.6659
313	0.0100261	0.0271661	0.122368	0	0.0198445	0.919762	83.3127
314	0.0100261	0.0274119	0.123234	0	0.010275	1.01461	43.176
315	0.0100261	0.0275114	0.123234	0	0.010275	1.00999	40.6123
316	0.0100261	0.0275887	0.121113	0	0.010275	1.0784	37.6936
317	0.0100261	0.0271739	0.119137	0	0.0185322	1.23524	61.0886
318	0.0100261	0.0267834	0.114233	0	0.0568142	1.58188	96.5097
319	0.0100261	0.0267339	0.112585	0	0.0824775	1.90578	83.107
320	0.0100914	0.0266421	0.108177	0	0.0824775	2.00132	83.107
321	0.0100914	0.0270853	0.115939	0.00149925	0.0884641	1.93584	99.3751
322	0.0100261	0.0272382	0.119137	0.0029985	0.063083	1.74992	99.3751
323	0.0100261	0.0270144	0.115939	0.00149925	0.0453308	1.50519	99.3751
324	0.0100261	0.0271901	0.115939	0.00149925	0.0374101	1.2476	99.3751
325	0.0100261	0.0268548	0.114233	0	0.0374101	1.25443	99.3751
326	0.0100914	0.0268388	0.114233	0	0.0371818	1.1692	99.3751
327	0.0100914	0.0267536	0.108393	0	0.0256588	1.12769	80.2388
328	0.0100914	0.0268065	0.108177	0	0.0256588	1.09549	81.712
329	0.0100914	0.0269894	0.11381	0	0.0220279	0.977126	80.2388
330	0.0100914	0.0270747	0.119137	0	0.0146583	0.785379	43.4449
331	0.0100914	0.0271743	0.1209	0	0.0120664	0.806541	40.2668
332	0.0100914	0.0273002	0.122365	0	0.0120664	0.832111	40.2668
333	0.0100914	0.0272273	0.121113	0	0.0146583	0.855135	42.1783
334	0.0100914	0.0275921	0.123128	0	0.0109094	0.844868	30.7836
335	0.0100914	0.0273682	0.122368	0	0.0146583	0.788976	42.1783
336	0.0100914	0.0274413	0.123153	0	0.0120664	0.734617	40.2668
337	0.0100914	0.0282231	0.128614	0	0.010048	0.679557	32.5708
338	0.0100914	0.0285239	0.132235	0	0.0117887	0.690428	40.2668
339	0.0100914	0.0284928	0.132235	0	0.0115902	0.637635	42.5566
340	0.0100914	0.0288548	0.136677	0	0.0112175	0.555892	28.9606
341	0.0100914	0.0291742	0.140021	0	0.010048	0.503903	19.8822
342	0.0100914	0.0296468	0.146327	0	0.010048	0.455106	16.0657
343	0.0100914	0.0296861	0.147185	0	0.010048	0.460497	18.4399
344	0.0100914	0.0299341	0.159774	0	0.010048	0.496151	23.5016
345	0.0100914	0.0304192	0.160104	0.00149925	0.0102883	0.52133	25.6346
346	0.0100914	0.0308207	0.184068	0	0.0102914	0.570078	40.2668
347	0.0100914	0.0311526	0.182582	0	0.0115902	0.620594	60.4917
348	0.0100914	0.0320066	0.188337	0	0.0110817	0.703388	60.4917
349	0.0100914	0.0323772	0.191989	0	0.0146583	0.819185	80.9777
350	0.0100914	0.0323781	0.1918	0.00149925	0.0146596	0.913593	80.9777
351	0.0100914	0.0330156	0.196209	0.00149925
