		omega		Posterior		rho				Synonymous theta			kappa			phi	
Site	Lower	Point	Higher	prob of +ve	Lower	Point	Higher		Lower	Point	Higher	Lower	Point	Higher	Lower	Point	Higher
	95% HPD	estimate	95% HPD	selection	95% HPD	estimate	95% HPD		95% HPD	estimate	95% HPD	95% HPD	estimate	95% HPD	95% HPD	estimate	95% HPD
0	0.0107716	0.258654	24.2383	0.281859	0.0100176	0.154298	42.1151		0.0360803	0.0477321	0.0637045	2.34842	4.25346	7.15793	2.34303e+11	7.62203e+19	1.04315e+27
1	0.0106074	0.243748	24.2383	0.263868	0.0100176	0.0962384	8.43246
2	0.0111405	0.236255	24.2383	0.254873	0.0100176	0.0754708	0.58521
3	0.0107716	0.227367	22.5374	0.248876	0.0100605	0.0656153	0.350033
4	0.0111405	0.202551	22.5374	0.224888	0.0100605	0.062435	0.31981
5	0.0110008	0.189379	21.5066	0.209895	0.0100176	0.0628847	0.31981
6	0.0103656	0.173023	15.5055	0.194903	0.0101421	0.0618244	0.31981
7	0.0100482	0.152474	11.9803	0.178411	0.0100605	0.0627905	0.318672
8	0.0100482	0.123862	10.7826	0.145427	0.0100176	0.0615755	0.309695
9	0.0103656	0.114245	10.7826	0.125937	0.0101421	0.0624525	0.318672
10	0.0100257	0.0943638	4.25457	0.0944528	0.0101421	0.0637139	0.31981
11	0.0100482	0.0852936	2.7898	0.0749625	0.0101421	0.064396	0.31981
12	0.0100482	0.0749457	0.952117	0.0494753	0.0100176	0.0667026	0.333403
13	0.0103656	0.0648402	0.538074	0.023988	0.0101421	0.0841347	0.762112
14	0.0110008	0.0607315	0.480816	0.0104948	0.0100176	0.0871817	0.762112
15	0.0103656	0.0602893	0.444983	0.0089955	0.0100176	0.0888286	0.762112
16	0.0110008	0.0573293	0.410305	0.00449775	0.0100605	0.0912886	0.863392
17	0.0103656	0.0564554	0.371499	0.0029985	0.0100176	0.100267	1.15236
18	0.0103656	0.0565485	0.342858	0.00449775	0.0100176	0.101694	1.54837
19	0.0103656	0.0582233	0.342858	0.00749625	0.0100176	0.117566	2.32698
20	0.0103656	0.0581408	0.342858	0.00449775	0.0100176	0.126208	3.94999
21	0.0103656	0.0579317	0.342858	0.0029985	0.0100176	0.14759	5.47653
22	0.0103656	0.0577235	0.342858	0	0.0100176	0.163772	5.47653
23	0.0103656	0.0592645	0.348873	0.00449775	0.0100541	0.167966	5.47653
24	0.0100094	0.0611362	0.371499	0.0104948	0.0100541	0.151669	5.14991
25	0.0100094	0.0612854	0.361177	0.0104948	0.0100541	0.141616	4.63079
26	0.0100094	0.0635053	0.411317	0.0104948	0.0100541	0.140339	3.67639
27	0.0103656	0.0633927	0.411317	0.0134933	0.0100541	0.136543	3.99443
28	0.0103656	0.0639577	0.411317	0.0134933	0.0100541	0.1251	1.49782
29	0.0114303	0.0648987	0.482845	0.0134933	0.0100541	0.118065	1.15015
30	0.0114303	0.0642715	0.482845	0.0134933	0.0100541	0.109697	0.707596
31	0.0117379	0.062915	0.463294	0.0104948	0.0126389	0.104569	0.788724
32	0.011606	0.0632021	0.463294	0.0104948	0.012971	0.105982	0.707596
33	0.0117379	0.063915	0.463294	0.011994	0.0129852	0.099091	0.651754
34	0.011606	0.0611918	0.411317	0.00749625	0.010896	0.0956822	0.496456
35	0.0100555	0.0578298	0.340187	0.005997	0.0129435	0.102418	0.644514
36	0.0112601	0.0555069	0.330406	0.00449775	0.0126836	0.104684	0.690402
37	0.0111537	0.0521525	0.268917	0.00149925	0.010896	0.117632	0.745946
38	0.0112601	0.0509327	0.267252	0.00149925	0.0103838	0.119794	0.86711
39	0.0108915	0.0484417	0.246896	0.00149925	0.0103838	0.119261	0.86711
40	0.0110271	0.0470551	0.214819	0.00149925	0.0103838	0.116997	0.922435
41	0.0108915	0.0459342	0.214819	0	0.0103838	0.119463	1.38247
42	0.0110271	0.0458483	0.214819	0.00149925	0.0103838	0.121969	2.51802
43	0.0108915	0.0454517	0.202448	0.00149925	0.0103838	0.124682	4.1109
44	0.0113062	0.0443184	0.202448	0.00149925	0.0103838	0.121899	5.32343
45	0.0113062	0.0438653	0.202448	0.00149925	0.0103838	0.115982	1.72044
46	0.0114303	0.0435448	0.202448	0.00149925	0.0103838	0.106668	0.816739
47	0.0114303	0.0434325	0.202448	0.00149925	0.0103838	0.108005	0.997238
48	0.0112556	0.0431688	0.201987	0.00149925	0.0103838	0.103407	0.865395
49	0.0108915	0.043371	0.202448	0.00149925	0.0103838	0.101412	0.85859
50	0.0112556	0.0429408	0.201987	0.00149925	0.0103838	0.0982029	0.810562
51	0.0108915	0.0435116	0.202448	0.0029985	0.0103838	0.0929264	0.571718
52	0.0106555	0.0426025	0.197534	0.0029985	0.010893	0.0862539	0.47236
53	0.0106555	0.042256	0.197534	0.00449775	0.0112983	0.075526	0.37078
54	0.0108915	0.0411427	0.198135	0.00449775	0.0114113	0.0691433	0.328764
55	0.0108915	0.0401811	0.191106	0.00149925	0.011343	0.0657249	0.311309
56	0.0108204	0.0407542	0.191106	0.00149925	0.0103838	0.061584	0.270209
57	0.0100094	0.0400722	0.172153	0.00149925	0.0103838	0.0611154	0.270209
58	0.0101806	0.03996	0.16623	0.00149925	0.0103838	0.0575171	0.251748
59	0.0100094	0.040279	0.163798	0	0.0101671	0.055581	0.234461
60	0.0100094	0.0402813	0.162506	0	0.0101671	0.05458	0.217393
61	0.0100424	0.0404248	0.162506	0	0.0107008	0.0522071	0.200091
62	0.0101806	0.0417176	0.181542	0	0.0107008	0.0501249	0.192924
63	0.0100555	0.0421343	0.181542	0	0.0117202	0.0495899	0.195495
64	0.0100555	0.0425101	0.181542	0	0.0121558	0.0492763	0.200091
65	0.0102694	0.0422269	0.199194	0	0.0120488	0.0492439	0.196562
66	0.0100094	0.0422933	0.186858	0	0.0125576	0.0476148	0.195495
67	0.0102694	0.042809	0.199194	0	0.0125576	0.0463393	0.196562
68	0.0100094	0.0429173	0.195568	0	0.0103838	0.0458551	0.165261
69	0.0100094	0.0432489	0.199194	0	0.0103838	0.046503	0.169338
70	0.0100732	0.0424221	0.199194	0	0.0112735	0.0457885	0.173301
71	0.0100732	0.0432031	0.199194	0.00149925	0.0112735	0.0458319	0.176839
72	0.010168	0.0432228	0.199194	0.00149925	0.0112735	0.0462178	0.176839
73	0.0100555	0.043866	0.199194	0.00449775	0.0102785	0.0468714	0.169338
74	0.0100732	0.0441524	0.199194	0.00449775	0.0112735	0.0471592	0.191954
75	0.0100555	0.0450208	0.201987	0.0029985	0.0102785	0.0469211	0.176839
76	0.0100732	0.044487	0.199194	0.00149925	0.0102785	0.0469264	0.176839
77	0.0100555	0.0456771	0.199194	0.00149925	0.0102785	0.0438149	0.155842
78	0.0100555	0.0464283	0.204589	0.00149925	0.0115376	0.0434206	0.173931
79	0.0101806	0.0491172	0.236599	0.00149925	0.0117057	0.0438028	0.178966
80	0.0100732	0.0506028	0.236599	0.00149925	0.0115376	0.0436942	0.173931
81	0.0100134	0.0518938	0.236599	0	0.0112735	0.0432379	0.161024
82	0.0100134	0.0522964	0.253164	0	0.0117057	0.0439131	0.178966
83	0.0101806	0.0527471	0.26631	0.00149925	0.0102785	0.0431401	0.149295
84	0.0101806	0.0545314	0.277775	0.00149925	0.0102785	0.0431121	0.149295
85	0.0101826	0.0582281	0.309834	0	0.0102621	0.0424822	0.149295
86	0.0101826	0.0607521	0.330133	0	0.0102621	0.0422651	0.148529
87	0.0101806	0.0666629	0.39431	0.00149925	0.0100687	0.0424166	0.143269
88	0.0101806	0.0696806	0.44788	0.0029985	0.0100687	0.0423334	0.143269
89	0.0106639	0.078727	0.501708	0.005997	0.0102621	0.0420343	0.149295
90	0.0127531	0.0801649	0.574118	0.005997	0.0115376	0.0428293	0.176839
91	0.0120432	0.0907856	0.574118	0.0104948	0.0115376	0.0437719	0.182309
92	0.0124805	0.121311	0.862064	0.035982	0.0115376	0.0448697	0.194046
93	0.0129753	0.112987	0.765902	0.0254873	0.0102621	0.0462935	0.182516
94	0.0132872	0.112999	0.765902	0.0254873	0.0100687	0.04712	0.189652
95	0.0129753	0.110854	0.765902	0.023988	0.0100687	0.0479368	0.194162
96	0.0129753	0.10902	0.765902	0.023988	0.0102785	0.0484709	0.205259
97	0.0141308	0.10859	0.762601	0.017991	0.0113757	0.0509158	0.23189
98	0.0141308	0.110647	0.762601	0.017991	0.0106448	0.0529473	0.23189
99	0.0141308	0.113323	0.765902	0.0209895	0.010016	0.0537199	0.23056
100	0.0141308	0.120699	0.850889	0.029985	0.0115376	0.0548293	0.277603
101	0.0141403	0.151155	1.98968	0.071964	0.0115376	0.0563888	0.288696
102	0.0137776	0.118862	0.8972	0.0374813	0.0115376	0.0568523	0.306328
103	0.0136583	0.0992264	0.850889	0.0209895	0.010016	0.0584893	0.282788
104	0.0109817	0.0870524	0.586427	0.0089955	0.010016	0.0613685	0.301959
105	0.0111558	0.076263	0.47949	0.00449775	0.010016	0.0637299	0.306328
106	0.0101988	0.0716704	0.396999	0.00149925	0.010016	0.0668028	0.334114
107	0.010293	0.0671488	0.388783	0	0.010016	0.0681429	0.334114
108	0.0101988	0.0649398	0.336576	0	0.0115395	0.0731933	0.463498
109	0.010293	0.0607351	0.310595	0	0.0115395	0.0773157	0.47257
110	0.0101153	0.0587868	0.304626	0	0.0120489	0.0829577	0.528407
111	0.0101153	0.0558848	0.287254	0.00149925	0.0116358	0.0905185	0.525729
112	0.0101988	0.0546941	0.275661	0.00149925	0.0116358	0.0945192	0.528944
113	0.0101153	0.053566	0.275497	0.00449775	0.0138494	0.105369	0.673939
114	0.010293	0.0520402	0.27159	0.00449775	0.0159724	0.117399	0.708001
115	0.0101988	0.0510511	0.26631	0.00449775	0.0166469	0.121365	0.742438
116	0.010293	0.0505272	0.27159	0.00149925	0.0166469	0.121468	0.708001
117	0.0101208	0.0491495	0.241332	0	0.0171122	0.122468	0.708001
118	0.0101988	0.0470127	0.216454	0	0.0171122	0.123087	0.708001
119	0.010293	0.0455474	0.216454	0.00149925	0.0171122	0.118644	0.708001
120	0.0101208	0.0447867	0.216454	0.0029985	0.0166469	0.121943	0.65998
121	0.010293	0.044364	0.225007	0.00149925	0.0171122	0.123083	0.708001
122	0.010293	0.043364	0.216454	0	0.0173174	0.124632	0.708001
123	0.0101208	0.0427082	0.209568	0	0.0171122	0.125856	0.69297
124	0.0101208	0.0416389	0.207961	0	0.0173174	0.129494	0.69297
125	0.010293	0.0415083	0.216454	0.00149925	0.0173174	0.128967	0.69297
126	0.0101988	0.0417336	0.216454	0.00149925	0.0173174	0.12786	0.69297
127	0.0101208	0.0413526	0.209568	0.00149925	0.0175059	0.130158	0.708001
128	0.0101208	0.0404107	0.187551	0.00149925	0.0180454	0.129482	0.717061
129	0.0101208	0.0405195	0.187626	0.0029985	0.0175059	0.129216	0.708001
130	0.0101208	0.0415471	0.207961	0.00449775	0.0187813	0.130239	0.729676
131	0.0101988	0.0414828	0.216454	0.00749625	0.016756	0.128848	0.598899
132	0.0101208	0.0414954	0.207961	0.011994	0.016756	0.132337	0.62975
133	0.010167	0.0406774	0.191713	0.005997	0.016756	0.142192	0.717061
134	0.0101081	0.0411898	0.191713	0.00449775	0.0141049	0.146635	0.729676
135	0.0101081	0.0412215	0.187564	0.00149925	0.0141049	0.141174	0.69297
136	0.0101081	0.0422488	0.196022	0	0.0141466	0.129841	0.717061
137	0.0101081	0.0434336	0.239552	0	0.0141466	0.127054	0.717061
138	0.0101081	0.0428617	0.218511	0	0.0105539	0.127826	0.69297
139	0.0101081	0.0422896	0.191713	0	0.0100857	0.123989	0.680415
140	0.0101081	0.0420655	0.187564	0	0.0101337	0.122058	0.69297
141	0.0101081	0.0414695	0.182293	0	0.0101337	0.119659	0.69297
142	0.0101081	0.0413924	0.187564	0	0.0100857	0.120847	0.763744
143	0.0100987	0.0416271	0.187564	0	0.0100857	0.120323	0.940896
144	0.0100987	0.041888	0.182293	0.0029985	0.0100857	0.124295	1.20182
145	0.0100987	0.0421308	0.191713	0	0.0100857	0.124512	1.34702
146	0.0100987	0.0419716	0.192551	0	0.0100129	0.119574	1.27249
147	0.0100987	0.042622	0.20213	0	0.0100129	0.120257	1.34702
148	0.0100987	0.042599	0.191564	0	0.0100129	0.122143	1.49948
149	0.0100987	0.0430341	0.197657	0	0.0100129	0.121814	1.21787
150	0.0101081	0.0431997	0.198205	0	0.0100857	0.119693	1.10869
151	0.0101081	0.0424537	0.195911	0	0.0100129	0.108497	0.940896
152	0.0101081	0.0428975	0.20213	0.00149925	0.0100129	0.101442	1.05522
153	0.0101081	0.0423628	0.20213	0	0.0100129	0.0910319	0.980065
154	0.0101081	0.0431594	0.211141	0	0.0100129	0.0770748	0.601578
155	0.0101081	0.0432424	0.211141	0	0.0100129	0.0646798	0.506545
156	0.0101081	0.0426876	0.20213	0	0.0100129	0.062085	0.506545
157	0.0101081	0.0423018	0.193924	0.00149925	0.0100129	0.0505886	0.310935
158	0.0101081	0.0433963	0.203038	0.00149925	0.0100129	0.0479067	0.262349
159	0.0100139	0.0437886	0.203326	0	0.0100129	0.0439613	0.236811
160	0.0101081	0.0445897	0.212021	0	0.0100129	0.0433077	0.236811
161	0.0101081	0.0454209	0.212021	0	0.0100129	0.0426554	0.236811
162	0.0101081	0.0468069	0.232626	0	0.0100129	0.0432766	0.253941
163	0.0101081	0.046583	0.232626	0	0.0100129	0.0425745	0.256038
164	0.0101081	0.0476334	0.236566	0	0.0100129	0.0412638	0.256038
165	0.0101081	0.04988	0.271948	0	0.0100129	0.0402544	0.247082
166	0.0101081	0.0536619	0.34159	0	0.0100129	0.0400177	0.25149
167	0.0101081	0.0583745	0.431448	0	0.0100129	0.0399656	0.256038
168	0.0101081	0.0613007	0.451772	0.011994	0.0100129	0.0391069	0.228342
169	0.010167	0.0724824	0.995929	0.0434783	0.0100129	0.0386081	0.228342
170	0.0100321	0.0660919	0.546594	0.0344828	0.0100129	0.0379575	0.227207
171	0.0100321	0.0589294	0.392866	0.0134933	0.0100129	0.0374803	0.204644
172	0.0100321	0.0564751	0.335536	0.005997	0.0100129	0.037223	0.202427
173	0.0100321	0.0554043	0.306083	0.00449775	0.0100129	0.0375977	0.20757
174	0.0100321	0.0540159	0.285375	0.00149925	0.0100129	0.0368623	0.196881
175	0.0100321	0.0538897	0.285375	0.005997	0.0100129	0.0364622	0.195542
176	0.0100321	0.0517739	0.25516	0	0.0100129	0.0362586	0.182354
177	0.0100321	0.0514064	0.247239	0	0.0100129	0.0360107	0.182354
178	0.0100321	0.0500219	0.227863	0	0.0100129	0.036471	0.182354
179	0.0100321	0.0489466	0.220382	0	0.0100129	0.0364711	0.188952
180	0.0100321	0.0494748	0.211141	0.0029985	0.0100129	0.0368104	0.188952
181	0.0100321	0.0489908	0.211141	0.00149925	0.0100129	0.0374891	0.195542
182	0.0100321	0.0482715	0.205277	0.00149925	0.0100129	0.0372796	0.195542
183	0.0100321	0.0482604	0.203038	0	0.0100129	0.0369214	0.188952
184	0.0100321	0.0484981	0.203038	0	0.0100129	0.036916	0.195542
185	0.0100321	0.0489431	0.205166	0	0.0100129	0.0377734	0.198379
186	0.0100321	0.0487017	0.220382	0.00149925	0.0100129	0.0368762	0.185332
187	0.0100321	0.0485893	0.209821	0.00149925	0.0100129	0.0380607	0.204644
188	0.0100321	0.0472883	0.195911	0.00149925	0.0100129	0.0395165	0.224551
189	0.0101118	0.0465017	0.195974	0.00149925	0.0100129	0.0401551	0.224551
190	0.0100321	0.0461679	0.191269	0.00149925	0.0100129	0.0407328	0.228342
191	0.0100321	0.0456109	0.188214	0	0.0100129	0.0394696	0.21826
192	0.0101118	0.0447746	0.1829	0	0.0100129	0.0391859	0.224551
193	0.0100321	0.0453052	0.188214	0.00149925	0.0100129	0.0407921	0.241875
194	0.0100321	0.0449178	0.1829	0.00149925	0.0100129	0.0421685	0.259894
195	0.0100321	0.0438543	0.174975	0	0.0100944	0.0421727	0.259894
196	0.0100321	0.0447309	0.188214	0.00149925	0.0100944	0.043141	0.265753
197	0.0100321	0.0464805	0.200926	0.0029985	0.0100944	0.0419002	0.261566
198	0.0100321	0.0461244	0.200926	0.00149925	0.0100944	0.0436758	0.265845
199	0.0101118	0.0447524	0.194467	0.00149925	0.0100944	0.045863	0.295063
200	0.0101118	0.0448627	0.194467	0.00149925	0.0100944	0.0461393	0.288401
201	0.010167	0.0458123	0.200926	0.00149925	0.0100944	0.0467973	0.295063
202	0.0102519	0.0461123	0.200926	0	0.0100944	0.048101	0.34237
203	0.0101118	0.0474687	0.200029	0	0.0100944	0.0548327	0.90513
204	0.0101118	0.0475322	0.200029	0	0.0101337	0.0636346	2.74824
205	0.0102519	0.048802	0.22248	0	0.0101337	0.0823981	14.0443
206	0.0101118	0.0491311	0.22248	0	0.0101337	0.0900299	17.8604
207	0.0101031	0.0490871	0.230615	0.00149925	0.0101337	0.0983195	20.3585
208	0.0101031	0.0507162	0.237307	0.00149925	0.0101337	0.109789	20.5023
209	0.0100894	0.0533981	0.248182	0.00149925	0.0101337	0.120064	20.3585
210	0.0100894	0.0560496	0.2839	0.00449775	0.0101337	0.126518	22.0405
211	0.0100894	0.0600872	0.308889	0.005997	0.0101337	0.12762	22.0405
212	0.0100894	0.0673789	0.407016	0.0209895	0.0101337	0.125388	20.1805
213	0.0100894	0.0781658	0.626419	0.0374813	0.0101337	0.123886	16.4591
214	0.0100894	0.0889346	1.00923	0.0509745	0.0101337	0.131889	16.4591
215	0.0101118	0.107538	1.3198	0.0854573	0.0101337	0.141093	17.8604
216	0.014877	0.0960595	1.32786	0.0584708	0.0101337	0.142489	19.2195
217	0.0101118	0.0870851	0.819731	0.0434783	0.0101337	0.149542	21.3989
218	0.0103456	0.078027	0.63941	0.0284858	0.0101337	0.152973	21.3989
219	0.0101118	0.07395	0.475341	0.0209895	0.0101337	0.14354	20.6839
220	0.0101118	0.0711787	0.439098	0.0134933	0.0101837	0.123688	16.7952
221	0.0101118	0.0684821	0.439098	0.0134933	0.0101837	0.111658	15.5842
222	0.0101118	0.0668578	0.41598	0.0134933	0.0101337	0.103721	14.0399
223	0.0111949	0.062035	0.41598	0.0089955	0.0101337	0.08376	5.91909
224	0.012539	0.0610508	0.452396	0.00749625	0.0101337	0.0682485	1.3172
225	0.012539	0.0599552	0.445339	0.00749625	0.0101337	0.063728	0.575564
226	0.0101118	0.0570013	0.298619	0.005997	0.0101337	0.0592489	0.454488
227	0.0104119	0.0558338	0.273319	0.00449775	0.0101337	0.058095	0.451236
228	0.0110924	0.0544662	0.273319	0.00449775	0.0101337	0.061735	0.513211
229	0.0105558	0.0545407	0.256887	0.00449775	0.0101337	0.0604308	0.473403
230	0.0104119	0.0541258	0.254183	0.0029985	0.0101337	0.0602076	0.534357
231	0.0107654	0.0516692	0.248182	0.0029985	0.010003	0.062031	0.681298
232	0.0101118	0.0489318	0.203249	0.00149925	0.010003	0.0631159	0.681298
233	0.0101118	0.0486522	0.205166	0	0.010003	0.0635929	0.699725
234	0.0101118	0.0482093	0.205166	0	0.010003	0.0625866	0.673721
235	0.0101118	0.0481457	0.206062	0	0.010003	0.0622187	0.644292
236	0.0101118	0.0477132	0.206062	0.00149925	0.010003	0.0581775	0.513211
237	0.0101118	0.047858	0.209821	0	0.0100672	0.0549556	0.371448
238	0.0111949	0.0486692	0.236511	0	0.0101337	0.0546522	0.371448
239	0.0125404	0.0491625	0.265706	0	0.0101337	0.0535278	0.371448
240	0.0112463	0.049986	0.248182	0	0.0100672	0.0546197	0.371448
241	0.0113389	0.0498843	0.248182	0	0.0101337	0.0543254	0.371448
242	0.0110924	0.0500801	0.255033	0	0.0100672	0.0574968	0.382626
243	0.0101118	0.0514614	0.242857	0.00149925	0.0100672	0.0593025	0.421258
244	0.0101118	0.0515234	0.24808	0.00149925	0.0100672	0.0646765	0.778308
245	0.0112463	0.0515479	0.271782	0	0.0100672	0.0676282	2.03811
246	0.0101186	0.0504627	0.242857	0	0.0101837	0.0724801	9.30966
247	0.0101186	0.0518233	0.249455	0	0.0100158	0.0746224	10.5508
248	0.0101186	0.0521063	0.265706	0	0.0100158	0.0839839	24.6082
249	0.0101186	0.0523076	0.271782	0	0.0100158	0.107256	47.4946
250	0.0100783	0.0520905	0.271599	0.00149925	0.0100672	0.138434	57.4097
251	0.0100783	0.0529904	0.285952	0.00449775	0.0101337	0.183443	62.3871
252	0.0100783	0.0537229	0.285952	0.00149925	0.0100672	0.219394	64.7794
253	0.0100783	0.0543023	0.285952	0.00149925	0.0101337	0.253851	72.5606
254	0.0100783	0.0575268	0.357467	0.00449775	0.0102611	0.275766	74.0593
255	0.0100783	0.061751	0.394617	0.0089955	0.0102611	0.282626	74.0593
256	0.0104581	0.0696981	0.609357	0.0209895	0.0102611	0.284376	74.0593
257	0.010296	0.0722125	0.609357	0.023988	0.0102611	0.312068	74.0593
258	0.010296	0.0822857	0.708272	0.0314843	0.0102611	0.343	74.0593
259	0.0110924	0.0926981	1.01087	0.0494753	0.0102611	0.338228	74.0593
260	0.0110924	0.104187	1.26002	0.071964	0.0102611	0.321528	74.0593
261	0.010296	0.0903477	1.07845	0.0614693	0.0101337	0.344666	74.8808
262	0.010562	0.078634	1.01087	0.0509745	0.0101337	0.35791	76.1042
263	0.0102874	0.070082	0.664972	0.035982	0.010219	0.36035	79.278
264	0.0102874	0.059955	0.440742	0.0194903	0.0101337	0.360198	79.278
265	0.0102874	0.0551516	0.428448	0.0164918	0.012874	0.368087	99.6894
266	0.0102874	0.051632	0.401833	0.0089955	0.0126435	0.393059	96.4455
267	0.0102604	0.0485114	0.364647	0.00749625	0.0137162	0.434839	99.6894
268	0.0100044	0.0471556	0.32554	0.00149925	0.0137162	0.481495	99.6894
269	0.0100044	0.0453651	0.312852	0	0.0140215	0.535251	99.6894
270	0.0100044	0.0441988	0.312852	0.00149925	0.0137162	0.465894	99.6894
271	0.0100213	0.0430105	0.279317	0.00149925	0.0137162	0.420497	99.6894
272	0.0100044	0.0425755	0.236876	0.0029985	0.0140215	0.426358	99.6894
273	0.0100044	0.0419517	0.230118	0.0029985	0.0100913	0.420214	69.0407
274	0.0100044	0.0406755	0.215832	0.0029985	0.0100913	0.44532	68.117
275	0.0100044	0.0407135	0.21529	0.00149925	0.0100913	0.490235	68.117
276	0.0101148	0.0403215	0.21529	0	0.0142611	0.480091	99.6894
277	0.0101148	0.0398941	0.214963	0.00149925	0.0140215	0.50238	97.4542
278	0.0101049	0.0389869	0.214963	0.00149925	0.0145259	0.516698	99.6894
279	0.0101049	0.0389968	0.214963	0.00149925	0.0145155	0.539541	99.6894
280	0.0100044	0.0385465	0.211912	0.0029985	0.0101442	0.449551	62.3871
281	0.0101049	0.0378012	0.214963	0.00149925	0.0101442	0.396411	55.4625
282	0.0100044	0.0361549	0.211811	0.00149925	0.0102611	0.394699	45.4141
283	0.0100044	0.0350908	0.190489	0	0.01095	0.36076	45.4141
284	0.0100044	0.0347729	0.190489	0	0.0101442	0.287287	20.2103
285	0.0100044	0.0342722	0.168561	0	0.0101442	0.274028	15.0845
286	0.0100044	0.0335716	0.166486	0	0.0110384	0.285555	24.9365
287	0.0100044	0.0324819	0.153371	0	0.0110384	0.324658	26.0053
288	0.0100044	0.0323391	0.155134	0	0.0110384	0.388761	39.0912
289	0.0100044	0.0321159	0.159685	0	0.0141607	0.500727	59.466
290	0.0100044	0.0315705	0.152586	0	0.0141607	0.537723	59.466
291	0.0100044	0.0307294	0.133724	0	0.0205946	0.644493	78.0952
292	0.0100044	0.0307739	0.139055	0	0.0208502	0.726721	87.429
293	0.0100044	0.0304247	0.133724	0.00149925	0.0216154	0.823971	87.429
294	0.0100044	0.0305838	0.139055	0.00149925	0.0208502	0.756307	84.7886
295	0.0100044	0.0308441	0.150917	0.00149925	0.0180647	0.572724	87.429
296	0.0100044	0.0300853	0.140655	0.00149925	0.0145155	0.418152	83.1813
297	0.0100044	0.0294832	0.139055	0	0.0145155	0.370023	83.1813
298	0.0100044	0.0296248	0.137184	0.00149925	0.0145155	0.356817	83.1813
299	0.0100044	0.0301332	0.152586	0.00149925	0.0141498	0.353477	84.7886
300	0.0100044	0.0301771	0.164564	0.00149925	0.0141498	0.327075	84.7886
301	0.0100044	0.0299502	0.165386	0	0.0147563	0.282103	88.866
302	0.0100044	0.0291399	0.152586	0.00149925	0.0147563	0.270766	88.866
303	0.0100044	0.0288487	0.145741	0.0029985	0.0141498	0.271986	83.1813
304	0.0101049	0.0283291	0.139055	0.00149925	0.0145155	0.283659	83.1813
305	0.0100044	0.0281076	0.128384	0	0.0159186	0.29735	88.866
306	0.0101049	0.0278042	0.139256	0	0.0147563	0.27838	91.4164
307	0.0101049	0.0275488	0.139256	0	0.0147563	0.265402	92.057
308	0.0100044	0.0273693	0.134463	0	0.0121017	0.266061	72.9194
309	0.0100044	0.0269346	0.137914	0	0.0121017	0.244672	72.0509
310	0.0100044	0.0271668	0.140655	0	0.0121017	0.246675	72.0509
311	0.0100044	0.0275735	0.140655	0	0.0121017	0.2475	72.0509
312	0.0100044	0.0272915	0.12793	0	0.0121017	0.243081	70.3263
313	0.0100044	0.0275115	0.134463	0	0.0121017	0.258424	72.0509
314	0.0100044	0.0276918	0.134463	0	0.0121017	0.273055	78.0952
315	0.0100044	0.0280386	0.140655	0	0.0115217	0.230719	48.5283
316	0.0101049	0.0281367	0.155309	0	0.0102653	0.237706	38.8723
317	0.0100044	0.0284633	0.155742	0	0.0115217	0.221689	32.2878
318	0.0100711	0.0285172	0.156291	0	0.0121017	0.214594	32.2878
319	0.0100711	0.0285217	0.155742	0	0.0117202	0.219112	32.2878
320	0.0100044	0.0292276	0.157813	0.005997	0.0121017	0.219306	32.2878
321	0.0100711	0.0282101	0.156291	0.0029985	0.0102653	0.208118	19.7326
322	0.0100044	0.0278234	0.156291	0	0.0102653	0.198492	11.8501
323	0.0100711	0.0278416	0.156291	0	0.0102653	0.19042	6.8441
324	0.0100711	0.0281666	0.156291	0	0.0105685	0.181236	5.72254
325	0.0101049	0.0284287	0.157813	0	0.0102653	0.179095	4.3304
326	0.0100044	0.0284681	0.157813	0.00149925	0.0102653	0.178886	4.14066
327	0.0100711	0.0283167	0.157813	0.00149925	0.0102653	0.181872	3.24962
328	0.0100711	0.0280512	0.157813	0	0.0102653	0.162305	2.07853
329	0.0100042	0.0282152	0.157642	0	0.015923	0.135114	2.07853
330	0.0100042	0.0284723	0.159032	0.0029985	0.0101503	0.133945	1.36585
331	0.0100042	0.0278356	0.155309	0	0.0101503	0.120721	1.32654
332	0.0100042	0.027853	0.155742	0	0.0101503	0.114478	1.2807
333	0.0100042	0.0281376	0.157642	0	0.0101503	0.106873	0.965069
334	0.0100042	0.0284395	0.160247	0	0.0101503	0.104946	0.965069
335	0.0100042	0.0280745	0.168561	0	0.0101036	0.0962002	0.617013
336	0.0100042	0.0276439	0.156291	0	0.0101503	0.0933309	0.617013
337	0.0100042	0.0279547	0.160247	0	0.0101036	0.0877283	0.543008
338	0.0100042	0.0283713	0.171447	0	0.0101036	0.0855036	0.52233
339	0.0100042	0.0281803	0.163236	0	0.0101503	0.0846559	0.543008
340	0.0100042	0.0285684	0.171447	0	0.0101503	0.0865391	0.569731
341	0.0100042	0.0282333	0.160247	0	0.0101036	0.0849816	0.553246
342	0.0100042	0.0286894	0.165213	0	0.0101036	0.0823202	0.569731
343	0.0100997	0.0285729	0.172453	0.00149925	0.0101503	0.0815118	0.624531
344	0.0100044	0.0289144	0.172453	0.00149925	0.0101036	0.0806064	0.624531
345	0.0100711	0.0290977	0.174593	0.00149925	0.0101503	0.0838218	0.711923
346	0.0100044	0.029657	0.174593	0.00749625	0.0101036	0.0907236	1.74278
347	0.0100044	0.0300241	0.185673	0.005997	0.0101036	0.0920828	2.79467
348	0.0100044	0.0295395	0.181341	0.00449775	0.0101036	0.0929213	3.85439
349	0.0100044	0.0285177	0.171447	0	0.0101036	0.0964705	5.05841
350	0.0100044	0.028703	0.161881	0	0.0101036	0.100231	6.14563
351	0.0100044	0.0290461	0.161881	0	0.0101036	0.104999	9.44164
352	0.0100044	0.0297985	0.172453	0	0.0101036	0.12701	29.6342
353	0.0100044	0.0299551	0.171511	0.00149925	0.0101036	0.130174	40.6291
354	0.0100044	0.0297826	0.160247	0.00149925	0.0101036	0.128657	41.8524
355	0.0100044	0.0299759	0.159585	0.0029985	0.0101036	0.121111	33.2147
356	0.0100044	0.0299948	0.157642	0.00149925	0.0101503	0.119095	30.4636
357	0.0100044	0.0302245	0.160247	0.00149925	0.0101503	0.119427	30.4636
358	0.0100044	0.0299857	0.157642	0	0.0101036	0.128395	35.8381
359	0.0100044	0.0300017	0.159585	0	0.0101503	0.129157	41.8524
360	0.0100044	0.0303438	0.160247	0	0.0101036	0.128088	41.8524
361	0.0100044	0.0309966	0.168573	0	0.0101503	0.132886	46.5751
362	0.0100044	0.0314688	0.160285	0	0.0101503	0.120927	46.5751
363	0.0100044	0.0317826	0.168573	0	0.0101503	0.113442	30.4636
364	0.0100044	0.031753	0.168573	0	0.0101036	0.104462	23.9841
365	0.0100044	0.0322593	0.174593	0	0.0100407	0.0993544	23.9841
366	0.0100044	0.0332359	0.176812	0	0.0101036	0.0944033	11.1251
367	0.0100129	0.0341836	0.185673	0	0.0100536	0.0856535	7.62124
368	0.0100129	0.0339698	0.185673	0	0.0100536	0.0845168	7.72202
369	0.0100129	0.0348996	0.197605	0	0.0100536	0.0968026	14.8573
370	0.0100044	0.0364381	0.244714	0	0.0101036	0.0876297	9.43531
371	0.0100044	0.0369801	0.246867	0	0.0100536	0.0897469	8.74806
372	0.0100044	0.0362508	0.237091	0	0.0100536	0.089127	9.96843
373	0.0100044	0.0361299	0.22135	0	0.0100536	0.0897272	11.9501
374	0.0100044	0.0363312	0.219185	0	0.0101503	0.0938708	12.8785
375	0.0100044	0.0376433	0.244714	0.00449775	0.0101036	0.0952565	15.9093
376	0.0101955	0.0373367	0.223231	0	0.0100536	0.101173	15.9093
377	0.0100044	0.0378331	0.22135	0	0.0100536	0.112023	19.5978
378	0.0100044	0.0387294	0.244714	0.00149925	0.0100536	0.131488	25.2683
379	0.0100044	0.0401821	0.251791	0.00149925	0.0100536	0.115007	26.482
380	0.0100044	0.0403979	0.25275	0.00149925	0.0101036	0.0835512	14.0312
381	0.0100044	0.0417002	0.254745	0.0029985	0.0100536	0.0645149	1.6868
382	0.0100044	0.0436945	0.271306	0.00449775	0.0101036	0.0451913	0.349083
383	0.0100044	0.0444582	0.288773	0.00149925	0.0100536	0.043774	0.281291
384	0.0100044	0.0438793	0.279709	0.00149925	0.0100536	0.0416788	0.264362
385	0.0102809	0.0450317	0.302222	0.0029985	0.0100536	0.041552	0.264362
386	0.0102809	0.0462541	0.302222	0.00149925	0.0100536	0.0402939	0.258344
387	0.0100129	0.0496431	0.328883	0.0029985	0.0100536	0.0395616	0.246333
388	0.0102809	0.0528823	0.414049	0.0029985	0.0100536	0.0394345	0.251258
389	0.0100342	0.055775	0.421641	0.0029985	0.0100536	0.0393603	0.281291
390	0.0102809	0.0601651	0.479332	0.0029985	0.0100536	0.0397634	0.293126
391	0.0100342	0.0683722	0.571722	0.0164918	0.0100706	0.0408818	0.369785
392	0.0102809	0.0734297	0.623674	0.0209895	0.0100536	0.0399034	0.36767
393	0.0100342	0.0801209	0.627408	0.0254873	0.0100536	0.0390767	0.36767
394	0.0102809	0.113282	3.2202	0.077961	0.0100536	0.0393324	0.394089
395	0.0114552	0.0857818	0.686117	0.0209895	0.0100706	0.038605	0.369785
396	0.0114552	0.0791576	0.645296	0.0149925	0.0100706	0.0388056	0.369785
397	0.0100448	0.0747566	0.571722	0.0149925	0.0100536	0.039335	0.369785
398	0.0100448	0.0715744	0.552468	0.011994	0.0100536	0.0385321	0.313028
399	0.0100448	0.0699641	0.521225	0.005997	0.0100536	0.0388021	0.359274
400	0.0100448	0.0674936	0.492305	0.00449775	0.0100536	0.0384427	0.313028
401	0.0100448	0.0692077	0.521225	0.0104948	0.0100536	0.0388782	0.313028
402	0.0100448	0.0717818	0.597221	0.0164918	0.0100536	0.0386701	0.313028
403	0.0100448	0.0742312	0.652586	0.0209895	0.0100536	0.0387725	0.313028
404	0.0100448	0.0814081	0.894277	0.041979	0.0100536	0.0388242	0.282439
405	0.0100556	0.0962078	1.58738	0.0884558	0.0100536	0.0399514	0.308356
406	0.0114552	0.121948	2.21757	0.142429	0.0100536	0.0402651	0.305267
407	0.011358	0.19085	2.8626	0.257871	0.0101107	0.0407456	0.308356
408	0.011358	0.39928	3.08142	0.436282	0.0100536	0.0440295	0.394168
409	0.36653	1.54541	7.25937	0.778111	0.0100536	0.0466228	0.419573
410	0.492885	1.7632	5.32492	0.821589	0.0101107	0.0526262	0.557209
411	0.505989	1.69116	4.89021	0.814093	0.0100536	0.0721942	1.88018
412	0.511205	1.64123	4.89021	0.808096	0.0100536	0.121301	4.04171
413	0.521225	1.6402	4.87823	0.812594	0.0101503	0.158503	12.6738
414	0.545552	1.66771	5.12379	0.812594	0.0101503	0.199036	12.6738
415	0.521225	1.7892	5.16155	0.832084	0.0100224	0.215366	14.5108
416	0.0295798	0.949709	4.69708	0.656672	0.0100224	0.275634	23.4778
417	0.0283255	0.757457	5.76904	0.581709	0.011115	0.322296	28.6391
418	0.0265819	0.70467	5.76904	0.55922
