		omega		Posterior		rho				Synonymous theta			kappa			phi	
Site	Lower	Point	Higher	prob of +ve	Lower	Point	Higher		Lower	Point	Higher	Lower	Point	Higher	Lower	Point	Higher
	95% HPD	estimate	95% HPD	selection	95% HPD	estimate	95% HPD		95% HPD	estimate	95% HPD	95% HPD	estimate	95% HPD	95% HPD	estimate	95% HPD
0	0.0170627	0.185986	1.33596	0.0674663	0.0310649	2.36012	95.9819		0.0218172	0.0301841	0.0404245	1.92026	3.56342	6.02772	0	0	0
1	0.0170627	0.189632	1.3372	0.0704648	0.0257466	1.90548	98.4019
2	0.0170627	0.177958	1.32846	0.0644678	0.0210143	1.68804	96.0713
3	0.0199909	0.178553	1.4869	0.0629685	0.019145	1.49684	96.0713
4	0.0159508	0.187018	1.3372	0.071964	0.016588	1.12527	88.4118
5	0.0157262	0.192143	1.3372	0.0794603	0.0160977	1.00873	92.738
6	0.0171906	0.221857	1.94612	0.106447	0.0152198	0.831609	92.738
7	0.0126457	0.158086	1.18579	0.065967	0.0160977	0.762277	92.738
8	0.0121087	0.129344	1.08148	0.0509745	0.0139057	0.824257	88.0594
9	0.0121087	0.109867	0.985215	0.0344828	0.0101702	0.8363	62.8219
10	0.0103404	0.0951462	0.730295	0.0284858	0.0101302	0.882214	60.4454
11	0.0100469	0.086308	0.577866	0.017991	0.0101302	0.947224	59.303
12	0.0100469	0.0790318	0.51242	0.0149925	0.0101302	0.984736	63.1226
13	0.0100469	0.0757301	0.50092	0.0164918	0.0101302	0.980505	61.8031
14	0.0100469	0.0725227	0.404928	0.017991	0.0160977	0.958465	92.738
15	0.0100469	0.0674461	0.363934	0.011994	0.0160977	0.906745	92.738
16	0.0100469	0.0631691	0.362318	0.0104948	0.0160977	0.899249	92.738
17	0.0100469	0.0616389	0.357644	0.00749625	0.0159437	0.900306	89.481
18	0.0100469	0.0600108	0.357644	0.0089955	0.0160977	0.874967	92.738
19	0.0100469	0.060742	0.357644	0.0089955	0.0160977	0.859046	87.0476
20	0.0100469	0.0600201	0.331944	0.0089955	0.0160977	0.829527	87.0476
21	0.0100469	0.0607803	0.344642	0.0089955	0.0159437	0.855641	87.0476
22	0.0100469	0.0607916	0.363934	0.0089955	0.0159437	0.825814	83.8201
23	0.0100469	0.0585342	0.357644	0.005997	0.0174734	0.81813	89.481
24	0.0100108	0.0579287	0.357644	0.005997	0.017557	0.865821	89.481
25	0.0100469	0.0556125	0.347193	0.00449775	0.0100871	0.848798	45.5484
26	0.0100469	0.0562178	0.347193	0.0029985	0.0159437	0.868492	75.2883
27	0.0100108	0.0567308	0.351184	0.00449775	0.0100871	0.844869	47.7117
28	0.0100469	0.0582657	0.362318	0.00449775	0.011494	0.813145	60.1983
29	0.0101933	0.0577375	0.363934	0.0029985	0.0122212	0.733805	62.9307
30	0.0101586	0.0561984	0.351184	0.0029985	0.0112574	0.577272	38.801
31	0.01019	0.0568615	0.351184	0.0029985	0.0112574	0.395813	35.1712
32	0.0101933	0.0574443	0.332102	0.0029985	0.0112574	0.267456	24.4383
33	0.0100185	0.0588587	0.332102	0.00149925	0.0102617	0.197293	16.6184
34	0.0104151	0.0604593	0.351971	0.0029985	0.0100871	0.18268	12.4674
35	0.0100108	0.0620113	0.338959	0.0029985	0.0105406	0.172162	12.1093
36	0.0101933	0.0641528	0.351971	0.0029985	0.0100871	0.158792	9.10041
37	0.0100108	0.0653595	0.347193	0.0029985	0.0103889	0.151284	9.10041
38	0.0100108	0.0663702	0.362318	0.0029985	0.0105406	0.145958	7.83672
39	0.0100108	0.0680462	0.387789	0.005997	0.0103889	0.150852	8.06752
40	0.0100108	0.066713	0.3734	0.00149925	0.0103889	0.151018	7.83672
41	0.0101933	0.0669471	0.379496	0.00149925	0.0108719	0.157527	12.3463
42	0.0100108	0.0690644	0.395379	0.00449775	0.0103889	0.142854	7.83672
43	0.0100108	0.0704234	0.411153	0.005997	0.0100258	0.111803	1.70703
44	0.0100108	0.0717125	0.422578	0.00749625	0.0122212	0.109701	2.03932
45	0.0100108	0.0739528	0.422976	0.0089955	0.0100258	0.100834	1.27837
46	0.0100108	0.0745151	0.422976	0.0089955	0.0100258	0.101298	1.62203
47	0.0101933	0.0758032	0.461308	0.00749625	0.0108719	0.106338	2.03932
48	0.0106065	0.0819308	0.496259	0.00749625	0.0112847	0.111034	2.17113
49	0.0106065	0.0889301	0.536703	0.0089955	0.0108719	0.110367	2.03932
50	0.0106065	0.0953684	0.615532	0.011994	0.0100258	0.10678	1.90985
51	0.0106065	0.0981764	0.615532	0.011994	0.0100258	0.104159	2.03932
52	0.0106065	0.103839	0.665687	0.0149925	0.0100258	0.100652	1.90985
53	0.0106739	0.118644	0.712856	0.0194903	0.0112847	0.104335	2.38358
54	0.0106065	0.134106	0.831478	0.035982	0.0111937	0.10559	2.40411
55	0.0147232	0.167055	1.21694	0.0434783	0.0100258	0.112016	2.28897
56	0.0241844	0.19424	1.91067	0.0584708	0.0111937	0.111899	4.7106
57	0.0260179	0.22472	1.85551	0.0809595	0.0100258	0.124017	4.37783
58	0.0266063	0.24824	1.85551	0.095952	0.0101395	0.224174	46.7201
59	0.0286357	0.242245	1.85551	0.0914543	0.0127152	0.317587	77.8421
60	0.0322325	0.236613	1.91067	0.0854573	0.0127152	0.341617	77.5834
61	0.034565	0.2279	1.85551	0.0704648	0.0100258	0.306591	49.0421
62	0.034565	0.228799	1.84439	0.0704648	0.010113	0.230601	43.6438
63	0.0334819	0.224564	1.64749	0.05997	0.010113	0.191844	38.7968
64	0.0286357	0.221314	1.34744	0.0554723	0.010113	0.142813	37.0109
65	0.034565	0.230436	1.64749	0.0614693	0.010113	0.118311	28.8129
66	0.034565	0.267703	2.10234	0.0929535	0.0100632	0.042997	0.415054
67	0.0166324	0.196507	1.21694	0.0434783	0.0100632	0.0398072	0.315088
68	0.015013	0.169464	1.19387	0.0389805	0.0100632	0.0381886	0.216005
69	0.0121243	0.150767	0.979869	0.035982	0.0100632	0.0376026	0.201738
70	0.011111	0.133137	0.979869	0.0404798	0.010113	0.0371465	0.201738
71	0.011111	0.120806	0.979869	0.0404798	0.010113	0.0359842	0.190192
72	0.011111	0.112921	0.978291	0.0389805	0.010113	0.0355808	0.159488
73	0.011111	0.105516	0.942727	0.0344828	0.010113	0.0354663	0.15763
74	0.0105129	0.0983253	0.831478	0.0284858	0.010113	0.035316	0.15763
75	0.0108822	0.0945418	0.788783	0.0254873	0.0100632	0.0347582	0.153448
76	0.011111	0.0901844	0.731426	0.0224888	0.0100632	0.0351956	0.153448
77	0.011111	0.0856988	0.731426	0.0224888	0.0102575	0.0354809	0.15763
78	0.010941	0.0854512	0.704001	0.0209895	0.0102575	0.0347585	0.145254
79	0.010941	0.0817858	0.647834	0.0164918	0.0100632	0.0332333	0.123209
80	0.0102834	0.0764885	0.563925	0.0149925	0.0100632	0.0337466	0.128872
81	0.0108771	0.0736035	0.568971	0.0149925	0.0100632	0.0340499	0.132552
82	0.0102834	0.0717816	0.520305	0.0164918	0.0102575	0.0361436	0.150593
83	0.0110493	0.071318	0.572661	0.0164918	0.0102901	0.0361033	0.145254
84	0.0110493	0.0688452	0.572661	0.0164918	0.0102575	0.0364892	0.147782
85	0.011111	0.0678508	0.572661	0.0164918	0.0102575	0.0371867	0.153448
86	0.0100814	0.0642304	0.497256	0.011994	0.0102575	0.0373352	0.159488
87	0.0102834	0.0630364	0.497256	0.011994	0.0102575	0.0375777	0.162891
88	0.0102834	0.0615646	0.503524	0.011994	0.010101	0.0376071	0.16284
89	0.0102834	0.059134	0.474083	0.0104948	0.010101	0.0373606	0.153448
90	0.0100814	0.0596244	0.470653	0.0104948	0.010101	0.0387101	0.16284
91	0.0102834	0.0597202	0.474083	0.0104948	0.010101	0.0383818	0.150883
92	0.0105741	0.0595361	0.474083	0.0089955	0.010101	0.0385248	0.150883
93	0.0105741	0.0595383	0.446823	0.005997	0.010101	0.0393269	0.150883
94	0.0104748	0.0612765	0.470653	0.005997	0.010101	0.039828	0.159488
95	0.0101043	0.0608329	0.446823	0.00449775	0.010101	0.0409026	0.160201
96	0.010471	0.0572597	0.445625	0.0029985	0.010101	0.0410289	0.156077
97	0.0101043	0.0582649	0.445625	0.0029985	0.010101	0.041725	0.159354
98	0.0101043	0.0592866	0.471304	0.00449775	0.010101	0.042174	0.160201
99	0.010471	0.0620917	0.520305	0.0089955	0.010101	0.0432285	0.170297
100	0.0105741	0.0648561	0.546969	0.0104948	0.010101	0.0441553	0.175122
101	0.0101043	0.0676407	0.546969	0.0134933	0.010101	0.0445617	0.175122
102	0.010471	0.0731611	0.597088	0.0134933	0.010101	0.0453981	0.175122
103	0.0102468	0.0770471	0.601865	0.0134933	0.0106321	0.0471779	0.190192
104	0.0102468	0.0846129	0.649143	0.0134933	0.0102865	0.0481541	0.211523
105	0.011344	0.0973524	0.802924	0.0209895	0.0104323	0.0500119	0.222935
106	0.0104748	0.111452	0.802924	0.0254873	0.0106494	0.051562	0.220676
107	0.010471	0.131699	0.88779	0.0344828	0.0106321	0.0535087	0.222629
108	0.0121601	0.160865	1.39492	0.0644678	0.0106494	0.0564227	0.230414
109	0.0113271	0.189415	1.38998	0.0869565	0.0106494	0.0571157	0.230414
110	0.01561	0.231938	2.03867	0.110945	0.010702	0.0574636	0.230946
111	0.01561	0.283191	2.09916	0.148426	0.0111151	0.0577279	0.23585
112	0.0328437	0.406798	3.08158	0.214393	0.0106494	0.0589241	0.230414
113	0.0919264	0.56921	3.31809	0.293853	0.0106321	0.0592209	0.23585
114	0.0960485	0.576221	3.49786	0.301349	0.0106321	0.059048	0.236815
115	0.117376	0.612143	3.49786	0.316342	0.0106321	0.0588448	0.237681
116	0.11947	0.628121	3.49786	0.32084	0.010702	0.0596203	0.241545
117	0.117376	0.611209	3.49786	0.310345	0.0101978	0.0608149	0.240781
118	0.122798	0.602594	3.49786	0.302849	0.0106321	0.0617962	0.252221
119	0.125161	0.600332	3.49786	0.298351	0.0101978	0.0631412	0.252221
120	0.11947	0.595544	3.49786	0.295352	0.0103026	0.0649188	0.264359
121	0.0788863	0.494758	2.87793	0.244378	0.0101978	0.0669588	0.297442
122	0.0627409	0.40819	2.49112	0.188906	0.0129746	0.0687827	0.42923
123	0.0501812	0.357304	1.78598	0.152924	0.01181	0.0712292	0.42923
124	0.0495388	0.334014	1.87895	0.136432	0.0123727	0.0708902	0.42923
125	0.0364005	0.336131	1.55867	0.137931	0.010801	0.0713973	0.405248
126	0.034524	0.328247	1.55761	0.131934	0.0114293	0.0702825	0.409767
127	0.0520755	0.320091	2.49112	0.131934	0.0114293	0.0724941	0.409767
128	0.0507175	0.318196	2.49112	0.137931	0.010482	0.0702027	0.360761
129	0.0322104	0.306581	1.55867	0.127436	0.0110611	0.0705741	0.405248
130	0.0336853	0.305576	1.55761	0.124438	0.0110611	0.0696289	0.402421
131	0.034524	0.30911	1.55761	0.124438	0.010801	0.0687499	0.408014
132	0.0321628	0.335807	2.22627	0.146927	0.010801	0.0683265	0.408014
133	0.0266095	0.249616	1.45575	0.0869565	0.010801	0.0668902	0.408014
134	0.0219675	0.228023	1.38686	0.077961	0.0101448	0.0639735	0.28034
135	0.0192914	0.198662	1.37783	0.0704648	0.0114293	0.0598224	0.267913
136	0.0178739	0.181794	1.39132	0.0674663	0.01181	0.058923	0.267913
137	0.0177256	0.154884	1.37585	0.0434783	0.01181	0.0602783	0.263709
138	0.0124433	0.139439	0.878734	0.0329835	0.0115248	0.0620894	0.267913
139	0.0124433	0.127436	0.739634	0.0224888	0.0110611	0.0624386	0.263709
140	0.0109416	0.119961	0.712421	0.0224888	0.010257	0.06544	0.263709
141	0.0112633	0.116694	0.712169	0.0164918	0.0110611	0.065209	0.282209
142	0.0112633	0.112432	0.712421	0.0164918	0.0101448	0.0669586	0.282209
143	0.0110968	0.108574	0.649143	0.0134933	0.0101448	0.0650781	0.263709
144	0.0107104	0.105688	0.601315	0.011994	0.0100305	0.0652636	0.263709
145	0.0107104	0.104012	0.563427	0.0104948	0.0100305	0.0659644	0.263709
146	0.0107104	0.102344	0.532747	0.0104948	0.0101448	0.0645433	0.261461
147	0.0107104	0.0971512	0.506264	0.00749625	0.0100305	0.0656663	0.282209
148	0.0107104	0.0975206	0.509618	0.0104948	0.0100305	0.0671952	0.291232
149	0.0107104	0.0959658	0.509391	0.005997	0.0100305	0.0677394	0.320065
150	0.0107104	0.0956561	0.517466	0.00449775	0.0100305	0.0725921	0.516454
151	0.0112633	0.100269	0.614538	0.011994	0.0100305	0.0735447	0.516454
152	0.0107104	0.103614	0.601315	0.0149925	0.0101589	0.075772	0.516454
153	0.0107104	0.104282	0.601315	0.0149925	0.0100305	0.0787496	0.526232
154	0.0107104	0.105909	0.646447	0.0209895	0.0100305	0.0827528	0.855576
155	0.0107104	0.108867	0.685703	0.0254873	0.0100305	0.0844516	0.855576
156	0.0107104	0.11704	0.793108	0.0329835	0.0100305	0.084456	0.690658
157	0.0100873	0.197133	9.45649	0.128936	0.0100305	0.0877219	0.622861
158	0.0100873	0.116052	0.968427	0.0494753	0.0100305	0.0898544	0.722399
159	0.0112633	0.105233	0.875729	0.0389805	0.0100483	0.0922584	0.885898
160	0.0116394	0.0984779	0.875729	0.0314843	0.0108798	0.108385	1.79685
161	0.010553	0.0910655	0.720823	0.0254873	0.0110778	0.116901	2.0272
162	0.010553	0.0885101	0.696138	0.0254873	0.01181	0.117282	2.01515
163	0.010553	0.0857694	0.614538	0.0224888	0.0108798	0.120975	2.0272
164	0.010553	0.07824	0.486751	0.005997	0.0107429	0.116502	1.98915
165	0.010553	0.0746797	0.447414	0.0029985	0.0100676	0.110288	1.59817
166	0.0105571	0.0743774	0.427271	0.00149925	0.0107429	0.114392	2.0272
167	0.0112633	0.0720379	0.427271	0.00149925	0.0100676	0.120286	2.36284
168	0.0110926	0.0714756	0.427271	0.00149925	0.0100676	0.121721	2.5811
169	0.0108338	0.0682422	0.408445	0	0.0107303	0.120997	3.28538
170	0.0111832	0.0659561	0.4113	0.00149925	0.0102655	0.120853	3.26102
171	0.0114154	0.0623476	0.405022	0.00149925	0.0102655	0.114852	3.28538
172	0.010553	0.0582871	0.327157	0.0029985	0.0100676	0.113314	3.43764
173	0.010553	0.0559778	0.303119	0.00449775	0.0100114	0.112849	3.93254
174	0.010553	0.0548671	0.292303	0.0029985	0.0100114	0.110958	3.93254
175	0.010553	0.0542296	0.282688	0.0029985	0.0100114	0.10746	4.10459
176	0.010553	0.0539851	0.282162	0.00449775	0.0100114	0.1075	5.57954
177	0.010553	0.0537154	0.282688	0.005997	0.0100114	0.110719	9.02193
178	0.010553	0.0518779	0.264737	0.00149925	0.0100114	0.10728	9.02193
179	0.010553	0.052283	0.278116	0.0029985	0.0100114	0.105488	9.02193
180	0.010553	0.0511195	0.277811	0.0029985	0.0100114	0.102479	5.57954
181	0.010553	0.0502096	0.26284	0.0029985	0.0100114	0.100967	5.57954
182	0.010553	0.0486896	0.261769	0	0.0100114	0.0982672	5.16158
183	0.010553	0.0474585	0.259634	0	0.0100114	0.09658	5.16158
184	0.0105571	0.0463375	0.261769	0.00149925	0.0100114	0.0928842	3.84114
185	0.010553	0.0470876	0.26284	0.00149925	0.0100114	0.0961374	4.28278
186	0.010553	0.0481517	0.297376	0.00449775	0.0100114	0.110865	10.5487
187	0.010553	0.0481902	0.297376	0.00449775	0.010161	0.153452	35.1285
188	0.0104291	0.0476514	0.292138	0.00449775	0.010161	0.175728	42.281
189	0.0103766	0.0476548	0.297376	0.005997	0.010482	0.199412	45.2724
190	0.0103766	0.046598	0.286486	0.005997	0.010161	0.235174	55.6041
191	0.0100079	0.045098	0.248349	0.00449775	0.010161	0.238991	55.6041
192	0.0100079	0.0445939	0.256202	0.00449775	0.0104046	0.247719	58.2732
193	0.0100079	0.0429014	0.235293	0.0029985	0.0104046	0.257683	58.2732
194	0.0100079	0.0424598	0.227495	0.00149925	0.0103174	0.259604	58.2732
195	0.0100079	0.042122	0.227495	0.00149925	0.010161	0.259369	59.9738
196	0.0102732	0.041454	0.230196	0.00149925	0.0103174	0.259895	58.2732
197	0.0100079	0.0403949	0.215479	0	0.010161	0.253608	58.2732
198	0.0100079	0.0404936	0.216501	0.00149925	0.0101412	0.247837	58.2732
199	0.0102732	0.0408847	0.230196	0.005997	0.0101412	0.25326	59.9738
200	0.0103124	0.0411424	0.230196	0.005997	0.0103174	0.266565	58.444
201	0.0100079	0.0408883	0.216501	0.00149925	0.0103174	0.263793	58.444
202	0.010113	0.0399586	0.216501	0	0.010161	0.278214	58.444
203	0.010113	0.0391393	0.216501	0	0.0103174	0.283074	58.444
204	0.010113	0.0391505	0.216501	0	0.0103174	0.302277	58.444
205	0.010113	0.03934	0.216501	0	0.010482	0.297708	58.444
206	0.010113	0.0398338	0.216501	0	0.0103174	0.281443	58.444
207	0.0100079	0.0404243	0.221064	0.00149925	0.0103174	0.250823	58.444
208	0.0102732	0.0415053	0.230196	0.00149925	0.0101412	0.219825	46.8659
209	0.010157	0.0425901	0.23088	0.0029985	0.0102745	0.203517	44.5468
210	0.0100079	0.0432701	0.23088	0.005997	0.0101412	0.183485	38.6651
211	0.0100079	0.0442443	0.277811	0.0104948	0.0101412	0.15261	32.3801
212	0.0100079	0.0444375	0.277811	0.0104948	0.0101412	0.138133	24.8073
213	0.0102732	0.0421816	0.232751	0.00449775	0.0101412	0.123566	20.3116
214	0.010157	0.0426449	0.232751	0.00749625	0.0101412	0.124006	20.3116
215	0.0102732	0.0434023	0.232751	0.00449775	0.0102745	0.129926	21.0669
216	0.010157	0.0424479	0.224906	0.00149925	0.0102745	0.129038	21.0669
217	0.010157	0.042407	0.224906	0	0.0101412	0.125443	21.0669
218	0.0101335	0.0442722	0.23088	0	0.0101412	0.12109	20.5633
219	0.0101335	0.044762	0.23088	0	0.0101412	0.119612	21.0669
220	0.0101335	0.0448876	0.23088	0	0.0101412	0.119218	21.0669
221	0.0100079	0.04538	0.248349	0	0.0101412	0.121414	22.8611
222	0.0100079	0.0455709	0.256449	0	0.0101412	0.119815	22.8611
223	0.0103124	0.0469673	0.28012	0	0.0101412	0.125355	21.0669
224	0.0102732	0.0470321	0.280179	0	0.0101412	0.128306	21.0669
225	0.010157	0.0495428	0.325816	0.00749625	0.0101412	0.126546	21.0669
226	0.0101335	0.049977	0.325816	0.005997	0.0101412	0.121249	21.0669
227	0.0100079	0.0496439	0.303996	0.00149925	0.0101412	0.118728	22.8611
228	0.0101335	0.0522914	0.349459	0.0029985	0.0101412	0.098216	15.6488
229	0.0101335	0.0540936	0.380041	0.00149925	0.0101412	0.0988234	20.1208
230	0.0100079	0.0554119	0.359136	0.00149925	0.0101412	0.111425	25.7964
231	0.010157	0.0565876	0.359136	0.00149925	0.0101412	0.117861	32.2332
232	0.010157	0.0574301	0.380041	0.00149925	0.0102781	0.108272	28.1191
233	0.010157	0.0597167	0.446097	0.00449775	0.0101412	0.106097	25.7964
234	0.0100079	0.0635142	0.471775	0.0089955	0.0101412	0.101121	24.9021
235	0.0100079	0.0657919	0.48416	0.005997	0.0101412	0.0911497	20.2448
236	0.010157	0.0698529	0.555342	0.00749625	0.0101412	0.0878298	19.263
237	0.010157	0.0801245	0.882928	0.0374813	0.0101412	0.0831659	16.7026
238	0.0100692	0.0941873	1.4018	0.0614693	0.0101412	0.0785154	15.6488
239	0.0120702	0.169856	8.58238	0.155922	0.0103376	0.0677391	8.7921
240	0.0117156	0.0913616	1.0413	0.041979	0.0101412	0.0659943	7.99196
241	0.0104291	0.0829299	0.826528	0.029985	0.0101412	0.0654942	8.72713
242	0.0105312	0.0763597	0.605822	0.023988	0.0101412	0.0652808	8.72713
243	0.0100019	0.0723653	0.553444	0.017991	0.0101412	0.0635112	8.72713
244	0.0100019	0.0675325	0.504849	0.0164918	0.0101412	0.0563294	1.75326
245	0.0104291	0.0644247	0.553444	0.0209895	0.0101412	0.0595879	2.61873
246	0.0100019	0.0574983	0.398797	0.00749625	0.0101412	0.065284	3.58122
247	0.0104291	0.0551448	0.374709	0.00149925	0.0101412	0.0650298	3.75101
248	0.0105312	0.0548568	0.374709	0.0029985	0.0101412	0.0657003	3.75101
249	0.010262	0.0514859	0.319519	0.0029985	0.0101412	0.0651621	2.84015
250	0.0104291	0.0495172	0.312336	0.00149925	0.0101412	0.0648063	3.75101
251	0.0104291	0.048848	0.312336	0.0029985	0.0101412	0.0634116	3.76701
252	0.010262	0.0474238	0.291641	0	0.0101412	0.0612996	3.76701
253	0.010262	0.0471606	0.291641	0	0.0101412	0.0643282	3.76701
254	0.010262	0.0466503	0.288949	0	0.0103376	0.0652372	3.76701
255	0.010262	0.0460445	0.27212	0.0029985	0.010345	0.0659458	3.76701
256	0.0104202	0.0447635	0.265855	0.00149925	0.0103376	0.0654952	3.58122
257	0.010262	0.0454181	0.288949	0.005997	0.010345	0.067281	3.76701
258	0.0105778	0.0454577	0.305047	0.005997	0.010345	0.0643833	2.87322
259	0.0104202	0.0451058	0.305047	0.00749625	0.010345	0.0677073	2.84015
260	0.0104202	0.0434013	0.303996	0.00749625	0.010345	0.0703414	3.75101
261	0.0104289	0.0427407	0.303996	0.0089955	0.010345	0.0759683	7.32137
262	0.0102291	0.0416822	0.288949	0.005997	0.010345	0.0888329	41.4964
263	0.0102291	0.0412588	0.288949	0.005997	0.010443	0.103292	45.1206
264	0.0104202	0.0409903	0.303996	0.005997	0.0106368	0.108016	45.1206
265	0.0101934	0.0407236	0.288949	0.005997	0.0103806	0.123677	45.1206
266	0.0101934	0.0389185	0.268491	0.0029985	0.010443	0.103902	39.0215
267	0.0102291	0.0378997	0.244424	0.00149925	0.0103806	0.108419	33.8632
268	0.0101934	0.0396908	0.269458	0.0089955	0.0103806	0.106993	33.8632
269	0.0101934	0.038628	0.249328	0.00149925	0.0103806	0.096293	20.2722
270	0.0101934	0.0387886	0.249328	0.00149925	0.0103806	0.0822698	9.74155
271	0.0101068	0.0381812	0.235475	0.00149925	0.0103806	0.0731658	1.05374
272	0.0101068	0.0367648	0.228964	0	0.0106368	0.0682988	0.812426
273	0.0101934	0.0362885	0.222484	0	0.0103806	0.0662957	0.724199
274	0.0101934	0.036299	0.222484	0	0.0103806	0.0675992	0.812426
275	0.0101934	0.0361998	0.222484	0	0.0103806	0.0690239	1.05729
276	0.0101934	0.0368262	0.217493	0	0.0103806	0.067885	0.989853
277	0.0101934	0.036631	0.217493	0	0.0103806	0.0653519	0.750115
278	0.0101934	0.0367428	0.236601	0	0.0106368	0.060427	0.431269
279	0.0101934	0.0369691	0.236601	0	0.0101943	0.0580334	0.3814
280	0.0101068	0.0371097	0.249328	0	0.0106368	0.0577474	0.377631
281	0.0101068	0.0372756	0.236601	0	0.0106368	0.0612467	0.431269
282	0.0101068	0.0366792	0.217493	0	0.0106368	0.0712729	1.21203
283	0.0101068	0.0361609	0.21551	0	0.0101943	0.0788258	8.33753
284	0.0101068	0.0355655	0.21551	0.00149925	0.0101943	0.0812225	12.3304
285	0.0102065	0.0355037	0.20352	0.00149925	0.0101943	0.0800556	12.3304
286	0.0101068	0.035352	0.196932	0.00149925	0.0101943	0.0798439	11.3991
287	0.0101068	0.035311	0.194019	0.00149925	0.0101943	0.0810407	11.3991
288	0.0101068	0.035414	0.18969	0.0029985	0.0106368	0.0793337	11.3991
289	0.0101068	0.035456	0.194019	0.00149925	0.0104302	0.0791107	11.3991
290	0.0102177	0.0348715	0.18969	0.00149925	0.0100638	0.0767165	6.93973
291	0.0101068	0.0346737	0.194019	0.0029985	0.0100638	0.0769869	5.56695
292	0.0101934	0.0343965	0.18969	0.005997	0.0100638	0.0728803	1.21203
293	0.0100609	0.0347846	0.18969	0.00749625	0.0101767	0.0666528	0.600073
294	0.0100609	0.0350208	0.18969	0.00749625	0.0100638	0.0622897	0.446234
295	0.0100609	0.0348208	0.18969	0.00749625	0.0101767	0.062039	0.335818
296	0.0100609	0.0343438	0.188512	0.005997	0.0103211	0.0586396	0.3145
297	0.0101125	0.0337805	0.184547	0.005997	0.0101943	0.0552846	0.29499
298	0.0101125	0.033977	0.184547	0.005997	0.0101943	0.0531962	0.2749
299	0.0101125	0.034065	0.184547	0.005997	0.0104302	0.051452	0.2749
300	0.0101125	0.0340918	0.184547	0.00749625	0.0104302	0.0511515	0.272029
301	0.0100609	0.0341971	0.184802	0.00749625	0.010636	0.0500466	0.249947
302	0.0100609	0.032914	0.17953	0.00749625	0.010636	0.0511125	0.249973
303	0.0101125	0.0324785	0.168851	0.00749625	0.0104302	0.0518642	0.249973
304	0.0100609	0.0328737	0.168851	0.005997	0.0103211	0.0533186	0.249973
305	0.0100609	0.0317904	0.151579	0.00149925	0.0104302	0.0549918	0.274379
306	0.0101125	0.0321964	0.155794	0.00149925	0.0103211	0.055984	0.295279
307	0.0100609	0.0317676	0.153685	0	0.0104302	0.0570241	0.312102
308	0.0100609	0.0317669	0.151579	0	0.0100638	0.0586596	0.322655
309	0.0101125	0.0317942	0.151579	0	0.0105304	0.057709	0.321539
310	0.0100609	0.0319082	0.151579	0	0.0104302	0.058834	0.322655
311	0.0100609	0.0319185	0.151579	0	0.0105304	0.0571139	0.305905
312	0.0100609	0.0318485	0.151579	0	0.0105304	0.056951	0.305905
313	0.0100212	0.0317099	0.146547	0	0.0104302	0.0578342	0.322655
314	0.0101125	0.032046	0.151579	0	0.0105304	0.0565908	0.312102
315	0.0100212	0.032023	0.151579	0	0.0105304	0.0558419	0.312102
316	0.0100539	0.0318589	0.155794	0	0.0104302	0.0551217	0.305905
317	0.0100539	0.0321093	0.155794	0	0.0103211	0.0523202	0.2919
318	0.0101125	0.0324244	0.168851	0	0.0100107	0.0517154	0.274379
319	0.0100212	0.0323321	0.155794	0	0.0100638	0.0504951	0.239183
320	0.0101125	0.031415	0.151579	0	0.0100107	0.0499678	0.213427
321	0.0100609	0.0316177	0.151579	0	0.0103211	0.0498088	0.211461
322	0.0100609	0.0322746	0.155794	0	0.0103211	0.0491043	0.206466
323	0.0100609	0.0325551	0.155794	0	0.0103833	0.0490573	0.206466
324	0.0100212	0.0322448	0.153685	0	0.0102458	0.0489498	0.208266
325	0.0100609	0.0322469	0.153685	0	0.0105304	0.0481379	0.206466
326	0.0100212	0.0322198	0.151579	0	0.0105304	0.0482658	0.206466
327	0.0100212	0.0322301	0.155794	0	0.0104302	0.048171	0.206466
328	0.0100212	0.0320404	0.155794	0	0.0103833	0.0484508	0.206466
329	0.010044	0.0322588	0.158806	0.0029985	0.0103549	0.0485927	0.208266
330	0.0100212	0.0320095	0.154236	0	0.0103833	0.0482483	0.20591
331	0.0100212	0.0317834	0.154236	0	0.0104302	0.048074	0.206466
332	0.0100212	0.0324329	0.167977	0	0.0105304	0.0483396	0.206466
333	0.0100212	0.0323043	0.175647	0	0.0104765	0.0481989	0.206466
334	0.0100212	0.0325737	0.175647	0	0.0103833	0.0488286	0.206466
335	0.0100212	0.0326841	0.175647	0	0.0103118	0.0476225	0.206466
336	0.0100195	0.0327557	0.174501	0	0.010402	0.0476906	0.206466
337	0.0100195	0.0322645	0.168575	0	0.0103549	0.0478381	0.206466
338	0.0100212	0.0324357	0.174501	0	0.0102661	0.0486979	0.208266
339	0.0100195	0.0324234	0.168851	0	0.0103118	0.0511253	0.235899
340	0.0100195	0.0325955	0.174501	0	0.0100107	0.0524541	0.242825
341	0.0100195	0.0323371	0.17953	0	0.0100842	0.0530446	0.262079
342	0.0100195	0.0324724	0.175647	0	0.0102661	0.055292	0.286921
343	0.0100195	0.0323752	0.168851	0.00149925	0.0104295	0.0576379	0.306997
344	0.0100195	0.0323489	0.167549	0.00149925	0.0101911	0.0579229	0.31131
345	0.0100195	0.0326978	0.16911	0.00149925	0.0100107	0.0587529	0.328999
346	0.0100212	0.0335369	0.181703	0.00149925	0.0103118	0.0594558	0.379496
347	0.0100212	0.0335572	0.181703	0.00149925	0.0100107	0.0614004	0.379496
348	0.0100212	0.0349117	0.195701	0.0029985	0.0105621	0.0635289	0.438079
349	0.0100212	0.0349192	0.195701	0.0029985	0.0103118	0.0661073	0.438079
350	0.0100212	0.0361228	0.207834	0.0029985	0.0104295	0.068808	0.438079
351	0.0100212	0.0359761	0.198964	0.00149925	0.0104295	0.0711469	0.454804
352	0.0100212	0.0357055	0.207834	0.00149925	0.0103118	0.0717833	0.454804
353	0.0100609	0.0358336	0.199193	0.00149925	0.0103118	0.0743326	0.454804
354	0.010044	0.0369353	0.199193	0.00149925	0.0104295	0.0771459	0.479303
355	0.010044	0.0372539	0.199193	0.00149925	0.0104295	0.0810413	0.525636
356	0.0100212	0.0382704	0.204028	0.00149925	0.0104295	0.0856692	0.533029
357	0.0100212	0.0390747	0.251376	0.0029985	0.0101911	0.0901213	0.533029
358	0.0100212	0.0406313	0.261431	0.00449775	0.0104295	0.096438	0.594177
359	0.0100212	0.0411627	0.261431	0.00449775	0.0101911	0.109881	0.627332
360	0.0100212	0.0430013	0.272986	0.005997	0.0115109	0.131539	0.934975
361	0.0101125	0.0446338	0.333364	0.00449775	0.0116114	0.151745	0.939782
362	0.0100212	0.045389	0.333364	0.0029985	0.0111503	0.17143	0.957597
363	0.0100609	0.0470638	0.341127	0.00449775	0.0167935	0.190779	1.41076
364	0.0100212	0.0485864	0.352434	0.0029985	0.0168073	0.210518	1.41076
365	0.0100212	0.0493209	0.346198	0.0029985	0.0167935	0.225425	1.41076
366	0.0100212	0.0493172	0.352434	0.005997	0.0167935	0.261581	1.50589
367	0.0100212	0.050658	0.352434	0.005997	0.0267512	0.299597	2.5267
368	0.0100212	0.0524057	0.398806	0.0089955	0.0358052	0.321312	2.5267
369	0.0100212	0.0546715	0.398806	0.0104948	0.0434516	0.352894	2.22105
370	0.0100212	0.0584742	0.452526	0.011994	0.0513637	0.405517	2.51033
371	0.0101259	0.061901	0.545979	0.0149925	0.0471567	0.438947	2.68833
372	0.0101259	0.0673115	0.66221	0.0194903	0.0471567	0.434758	2.68833
373	0.010128	0.0707363	0.742418	0.0164918	0.0513637	0.377869	2.22105
374	0.0107808	0.075983	0.868004	0.0224888	0.0471567	0.37059	2.68833
375	0.0106524	0.0730772	0.860405	0.023988	0.0386826	0.358953	3.2705
376	0.0101259	0.0692792	0.681314	0.0194903	0.023469	0.338599	2.42873
377	0.0101259	0.0670719	0.640367	0.0134933	0.023469	0.30703	2.14922
378	0.0101259	0.0637735	0.545979	0.0104948	0.0167194	0.25415	1.85927
379	0.0101259	0.0597484	0.44692	0.005997	0.0139938	0.231396	1.85927
380	0.0101259	0.0581088	0.437959	0.005997	0.0129848	0.226452	1.78388
381	0.0101259	0.0549258	0.352434	0.00449775	0.0139938	0.21229	1.85927
382	0.010133	0.052511	0.333364	0.00149925	0.0129848	0.195497	1.85927
383	0.0101259	0.0526133	0.344659	0.005997	0.0119095	0.174759	1.3882
384	0.010133	0.0501016	0.333364	0.0029985	0.0105363	0.16902	1.11901
385	0.0101259	0.0491102	0.314753	0.00149925	0.0105363	0.171144	1.11901
386	0.0101259	0.0486965	0.29175	0.00149925	0.0104096	0.163034	1.11006
387	0.0100421	0.0470477	0.265992	0.00149925	0.0107725	0.162073	0.944994
388	0.0100421	0.0455189	0.224178	0	0.0117347	0.156106	0.91836
389	0.0101259	0.045087	0.222796	0	0.0117347	0.143844	0.648803
390	0.0100421	0.0439815	0.210729	0	0.0129915	0.137478	0.648803
391	0.0101259	0.0437403	0.213463	0.0029985	0.0117347	0.141791	0.626772
392	0.010133	0.0437931	0.210729	0	0.0111787	0.143937	0.654988
393	0.0101259	0.044231	0.224178	0.00149925	0.0117347	0.144009	0.654988
394	0.0100421	0.0433896	0.224178	0.00149925	0.0108773	0.150147	0.681883
395	0.0101259	0.0426452	0.244299	0	0.0117347	0.153959	0.681883
396	0.0101259	0.0425847	0.253581	0	0.0117347	0.155286	0.654988
397	0.0101259	0.0421475	0.253581	0	0.0117347	0.155124	0.648803
398	0.0101055	0.0415671	0.245599	0	0.0147844	0.152343	0.766578
399	0.0101055	0.041381	0.244299	0	0.0129089	0.152385	0.613569
400	0.0101055	0.041271	0.244299	0	0.0145226	0.15144	0.657747
401	0.0101259	0.040869	0.245599	0.00149925	0.0176688	0.155805	0.766578
402	0.0101259	0.0406128	0.245599	0.00149925	0.0158644	0.16836	0.766578
403	0.0101055	0.0405288	0.245599	0.00149925	0.0158644	0.165739	0.766578
404	0.0101055	0.040578	0.245599	0.00149925	0.0176688	0.167434	0.715084
405	0.0101055	0.0412566	0.255341	0.00449775	0.0158644	0.170073	0.766578
406	0.0101055	0.0427061	0.317242	0.00749625	0.0292279	0.179329	1.43595
407	0.0101055	0.0422592	0.307952	0.005997	0.0389644	0.183843	1.78388
408	0.0101055	0.0417151	0.304824	0.005997	0.0400736	0.183083	1.78388
409	0.0101055	0.0414072	0.259092	0.0089955	0.0400736	0.182191	1.78388
410	0.0101259	0.0411807	0.245599	0.0089955	0.0400736	0.182733	1.78388
411	0.0101055	0.0408119	0.245599	0.00749625	0.036498	0.181808	1.70926
412	0.0101055	0.0395392	0.238034	0.005997	0.0273841	0.178641	1.0821
413	0.0101055	0.0382048	0.215755	0.00449775	0.0182492	0.178688	0.844134
414	0.0101055	0.0378332	0.193021	0.00449775	0.0182492	0.1829	0.844134
415	0.0101055	0.038311	0.193021	0.00449775	0.0236393	0.173805	0.870973
416	0.0101259	0.0381116	0.193021	0.00449775	0.0236393	0.164097	0.870973
417	0.0101055	0.0373968	0.182688	0.005997	0.0182492	0.152745	0.615943
418	0.0101055	0.0367258	0.182516	0.00449775	0.0182492	0.15788	0.615943
419	0.0101055	0.0371787	0.18462	0.00449775	0.0194922	0.161308	0.654988
420	0.0101259	0.0369671	0.181703	0.00149925	0.0196292	0.163651	0.739321
421	0.0101055	0.0369848	0.177548	0.0029985	0.0236393	0.163375	0.844134
422	0.0101055	0.0375845	0.178037	0.0029985	0.0179504	0.163972	0.739292
423	0.0101055	0.0379105	0.181425	0.0029985	0.0166532	0.169335	0.867466
424	0.0101055	0.0372011	0.177465	0.00149925	0.0179504	0.169317	0.845642
425	0.0101055	0.0363384	0.172722	0.00149925	0.0251366	0.17317	0.960313
426	0.0101055	0.0367137	0.178037	0.0029985	0.0246132	0.178703	0.960313
427	0.0101055	0.036314	0.172722	0.0029985	0.0240764	0.181069	0.960313
428	0.0101259	0.036935	0.185353	0.00749625	0.0234033	0.174737	0.858896
429	0.0101055	0.0370933	0.190625	0.011994	0.0246132	0.178472	0.858896
430	0.0101055	0.0373794	0.190751	0.011994	0.0253153	0.168931	0.858896
431	0.0101259	0.0365642	0.190751	0.0104948	0.0179504	0.158362	0.670879
432	0.010014	0.0354153	0.178835	0.00749625	0.0179504	0.148603	0.670879
433	0.0101055	0.0352615	0.181703	0.005997	0.0177167	0.142948	0.725898
434	0.0101055	0.0345403	0.178037	0.00149925	0.0179504	0.140822	0.725898
435	0.0101055	0.0344625	0.178037	0	0.0177167	0.135306	0.670879
436	0.0101575	0.0340519	0.178037	0	0.0188961	0.132057	0.684236
437	0.0101575	0.0343303	0.177548	0	0.0188961	0.129361	0.684236
438	0.0101207	0.0341487	0.177548	0	0.0181914	0.123161	0.61499
439	0.0101055	0.0343894	0.177548	0	0.0173384	0.116087	0.61499
440	0.0101055	0.0343038	0.178037	0	0.0112907	0.109912	0.451736
441	0.0101055	0.0337795	0.178037	0	0.0112907	0.107146	0.454299
442	0.010014	0.0346141	0.178835	0	0.0118781	0.101693	0.451736
443	0.010014	0.0343674	0.178835	0	0.0124769	0.0988576	0.454299
444	0.010014	0.0336073	0.178037	0	0.0118781	0.0961731	0.449
445	0.010014	0.0339293	0.181425	0.00149925	0.0118781	0.0947468	0.454299
446	0.010039	0.034922	0.198446	0.0089955	0.0103405	0.0905882	0.392864
447	0.010039	0.0348627	0.198446	0.00749625	0.0107692	0.0883964	0.394752
448	0.010039	0.0352364	0.198864	0.00749625	0.0107692	0.0856883	0.407415
449	0.010039	0.0345372	0.190751	0.005997	0.0107692	0.0842064	0.407415
450	0.010039	0.0333633	0.174415	0	0.0107692	0.0833387	0.407415
451	0.0100544	0.032693	0.173376	0	0.0103405	0.0803541	0.363686
452	0.010039	0.0331999	0.174415	0	0.0103405	0.0769815	0.363686
453	0.0100544	0.0342209	0.190751	0	0.0117493	0.075185	0.391422
454	0.010039	0.0350738	0.198446	0	0.0103405	0.0685715	0.328724
455	0.010039	0.0348082	0.192934	0	0.0103405	0.0668537	0.328724
456	0.0100544	0.0356044	0.202283	0.00149925	0.0107157	0.0678006	0.367793
457	0.0100544	0.0360842	0.228246	0.0029985	0.0103405	0.0645221	0.340781
458	0.0100544	0.0363854	0.244124	0.00749625	0.0103405	0.0637012	0.331242
459	0.0100544	0.0358986	0.214257	0.0089955	0.0103405	0.0634349	0.331242
460	0.0100844	0.0372338	0.266619	0.0104948	0.0106733	0.0623028	0.340781
461	0.0100174	0.0349099	0.198864	0.0029985	0.0103405	0.0625397	0.350838
462	0.0100174	0.0337967	0.190543	0.00149925	0.0103405	0.0603218	0.340781
463	0.0100174	0.0338833	0.190582	0.00149925	0.0107157	0.0586223	0.342623
464	0.0100174	0.032966	0.173376	0	0.0101402	0.0570337	0.273029
465	0.0100174	0.0331869	0.173376	0	0.0103405	0.0560902	0.267829
466	0.0100174	0.0340225	0.185469	0	0.010076	0.0517709	0.262779
467	0.0100174	0.0339311	0.177193	0.00149925	0.010076	0.0512272	0.26572
468	0.0100174	0.0337716	0.177193	0.00149925	0.0103405	0.0495734	0.267829
469	0.0100174	0.033926	0.175874	0.00149925	0.01036	0.049494	0.266105
470	0.0100174	0.0340644	0.174415	0	0.0103405	0.0499166	0.266105
471	0.0100174	0.0354005	0.190543	0.0029985	0.0103405	0.049892	0.267829
472	0.0100174	0.0366979	0.198446	0.00749625	0.0103405	0.0494785	0.266105
473	0.0100174	0.0366684	0.190582	0.0089955	0.0103405	0.0492136	0.267829
474	0.0100174	0.0372465	0.202283	0.0104948	0.010076	0.0488372	0.266083
475	0.0100174	0.0370974	0.202283	0.00749625	0.010076	0.0485179	0.267829
476	0.0100174	0.0367238	0.19597	0.0029985	0.010076	0.0489268	0.284325
477	0.0100174	0.0359525	0.198446	0.0029985	0.010076	0.0496164	0.300595
478	0.0100174	0.0365734	0.198864	0.0029985	0.010076	0.0484978	0.290422
479	0.0100174	0.0367655	0.214257	0.0029985	0.010076	0.0482933	0.300595
480	0.0101259	0.036836	0.214257	0.0029985	0.010076	0.0475891	0.290422
481	0.0100544	0.0378383	0.228246	0	0.010076	0.0471711	0.288114
482	0.0100392	0.0387271	0.244615	0	0.010076	0.0474244	0.318164
483	0.0100392	0.0392312	0.244615	0	0.010076	0.0472535	0.328876
484	0.0100392	0.0393304	0.244615	0	0.010076	0.0472204	0.318164
485	0.0100392	0.0385843	0.216662	0	0.010076	0.047235	0.300595
486	0.0100392	0.0385622	0.228246	0	0.0100378	0.0459654	0.294258
487	0.0100392	0.038248	0.228246	0	0.0100378	0.0449246	0.288114
488	0.0100392	0.0377877	0.216662	0	0.0100378	0.0453553	0.284325
489	0.0100392	0.0385403	0.251359	0	0.0100378	0.0463847	0.331974
490	0.0100544	0.0395631	0.265651	0.00149925	0.0100378	0.0466474	0.331974
491	0.0100392	0.039184	0.272629	0.00149925	0.010076	0.0463285	0.294122
492	0.0100544	0.0396274	0.302017	0	0.0100378	0.0473453	0.310473
493	0.0100544	0.039858	0.302017	0	0.0100378	0.0479028	0.325216
494	0.0100392	0.04047	0.32008	0	0.0100378	0.0482143	0.340163
495	0.0100544	0.0397011	0.29386	0.00149925	0.0100378	0.0480689	0.340163
496	0.0101259	0.0395354	0.29386	0.00149925	0.0100378	0.0489645	0.355797
497	0.0101259	0.0395473	0.29386	0.00149925	0.010076	0.0485107	0.401784
498	0.0100544	0.0396005	0.29386	0.00149925	0.0100378	0.0495469	0.427757
499	0.0100392	0.0400588	0.297661	0.00149925	0.0100378	0.0556718	0.609149
500	0.0100392	0.0404184	0.344078	0.00149925	0.0100378	0.0594575	0.877687
501	0.0100392	0.0404483	0.32008	0.0029985	0.010076	0.068247	3.96953
502	0.0100392	0.0405249	0.32008	0.00449775	0.0100378	0.0782055	7.41913
503	0.0100392	0.0413369	0.336468	0.00449775	0.0100378	0.07786	5.86759
504	0.0100392	0.0427027	0.359252	0.005997	0.0100378	0.0783184	5.86759
505	0.0102728	0.0439184	0.392391	0.00749625	0.0100378	0.0797059	5.86759
506	0.0102728	0.0451533	0.388985	0.00749625	0.010076	0.0803849	5.76016
507	0.0102728	0.0462416	0.392391	0.0089955	0.010076	0.0788991	5.76016
508	0.0102728	0.0463116	0.392391	0.00749625	0.010076	0.0829795	5.76016
509	0.0103256	0.0459512	0.392391	0.005997	0.0100378	0.0868099	5.76016
510	0.0101682	0.0453603	0.326372	0.0029985	0.010076	0.0957885	5.76016
511	0.0101682	0.0448603	0.326372	0.0029985	0.0100378	0.102506	6.21557
512	0.0101682	0.0453366	0.359252	0.00749625	0.0100378	0.120144	10.1435
513	0.0101682	0.0455991	0.326372	0.00749625	0.0100378	0.135565	18.5843
514	0.0101682	0.0455087	0.315082	0.005997	0.0100378	0.170535	22.1551
515	0.0101682	0.0432301	0.28377	0	0.010076	0.209013	22.9352
516	0.0102728	0.0432363	0.302216	0	0.0101359	0.256123	22.9352
517	0.0101682	0.0436255	0.302216	0	0.0100378	0.304289	24.6948
518	0.0101682	0.0427651	0.300477	0	0.0101359	0.324982	29.6056
519	0.0101682	0.0440726	0.359252	0.00449775	0.010303	0.370945	29.763
520	0.0100047	0.0459163	0.416885	0.005997	0.010303	0.419618	30.3937
521	0.0100047	0.049827	0.444679	0.011994	0.0103405	0.433004	29.6056
522	0.0100047	0.0515355	0.436896	0.011994	0.0102363	0.446507	29.0805
523	0.0101682	0.0522064	0.462825	0.011994	0.0103405	0.448592	29.6056
524	0.0100047	0.0530765	0.513172	0.0134933	0.0102363	0.423045	28.711
525	0.0100047	0.0547009	0.540351	0.0134933	0.010303	0.434761	29.5171
526	0.0100047	0.0535612	0.513172	0.0104948
