		omega		Posterior		rho				Synonymous theta			kappa			phi	
Site	Lower	Point	Higher	prob of +ve	Lower	Point	Higher		Lower	Point	Higher	Lower	Point	Higher	Lower	Point	Higher
	95% HPD	estimate	95% HPD	selection	95% HPD	estimate	95% HPD		95% HPD	estimate	95% HPD	95% HPD	estimate	95% HPD	95% HPD	estimate	95% HPD
0	0.0100015	0.0239372	0.151142	0.029985	0.0100439	0.0279597	0.196728		0.0041993	0.00978931	0.0209372	0.33356	1.68185	8.39726	10.5793	51.1378	178.662
1	0.0100015	0.0210638	0.0938638	0.0089955	0.0100439	0.0267933	0.157307
2	0.0100015	0.0203657	0.0885584	0	0.0100439	0.0261127	0.153337
3	0.0100015	0.0204079	0.0930413	0	0.0100439	0.0255754	0.131196
4	0.0100015	0.0203953	0.0885584	0	0.0100439	0.0253365	0.123289
5	0.0100351	0.0203157	0.0882217	0	0.0100439	0.0244838	0.0994475
6	0.0100015	0.0201837	0.0882217	0	0.0100585	0.0244315	0.0971825
7	0.0100015	0.0201643	0.0882217	0	0.0100585	0.0240276	0.0970927
8	0.0100015	0.0202625	0.0885584	0	0.0100585	0.0238668	0.0970927
9	0.0100015	0.0206422	0.0888681	0.00449775	0.0100439	0.023472	0.0963851
10	0.0100015	0.0211216	0.0930413	0.0089955	0.0100439	0.0234277	0.0959405
11	0.0100015	0.0236882	0.124262	0.0269865	0.0100439	0.022582	0.087753
12	0.0100015	0.0268687	0.363708	0.0449775	0.0100439	0.0226171	0.0887983
13	0.0100015	0.031585	2.20131	0.0644678	0.0100439	0.0227958	0.090828
14	0.0100015	0.0688609	9.89959	0.158921	0.0100439	0.0224701	0.0872154
15	0.0103428	1.01735	52.3956	0.523238	0.0100439	0.022108	0.0786846
16	0.0256241	1.74464	95.2678	0.598201	0.0100439	0.0218413	0.0766141
17	0.0587728	2.18675	99.4441	0.623688	0.0100439	0.0216789	0.0733193
18	0.128481	2.51278	95.2678	0.634183	0.0100439	0.0217739	0.0747475
19	0.153231	2.56273	95.2678	0.637181	0.0100439	0.0212803	0.0714739
20	0.157062	2.63922	95.2678	0.641679	0.0100585	0.0213033	0.0701496
21	0.159628	2.67805	95.2678	0.647676	0.0100585	0.021128	0.0698868
22	0.186419	2.79464	99.4441	0.655172	0.0100585	0.0212121	0.0698868
23	0.199719	2.83806	99.4441	0.661169	0.0100585	0.0213876	0.0712774
24	0.199937	2.81006	95.2678	0.658171	0.0100585	0.0211999	0.0701044
25	0.190797	2.78839	95.2678	0.667166	0.0100585	0.0211667	0.0701044
26	0.186218	2.81138	95.2678	0.670165	0.0100585	0.0213267	0.0717481
27	0.186218	2.81714	95.2678	0.673163	0.0100585	0.0212865	0.0716093
28	0.186218	2.83369	95.2678	0.668666	0.0100585	0.0212891	0.0716093
29	0.186419	2.82632	95.2678	0.667166	0.0100585	0.0212417	0.0716093
30	0.19746	2.80226	95.2678	0.670165	0.0100585	0.0213801	0.0733193
31	0.199719	2.82899	95.2678	0.673163	0.0100585	0.0211069	0.0716093
32	0.201049	2.87944	95.2678	0.670165	0.0100585	0.0209376	0.0698868
33	0.201049	2.76262	95.2678	0.668666	0.0100585	0.0206449	0.0641739
34	0.206464	2.7479	95.2678	0.664168	0.0100585	0.0211037	0.0678842
35	0.199598	2.72248	95.2678	0.658171	0.0100585	0.0206998	0.0628365
36	0.199719	2.72375	95.2678	0.661169	0.0100585	0.0204705	0.0625774
37	0.19746	2.72759	96.0403	0.652174	0.0100585	0.0203499	0.0595298
38	0.19746	2.75262	96.0403	0.653673	0.0100585	0.020367	0.0595298
39	0.19746	2.68413	98.694	0.653673	0.0100585	0.0207693	0.0625774
40	0.190797	2.61943	99.4441	0.646177	0.0100585	0.0207581	0.0628365
41	0.184176	2.46361	96.0403	0.632684	0.0100585	0.0205723	0.0588134
42	0.178511	2.41038	94.4292	0.628186	0.0100585	0.0208083	0.0625774
43	0.156566	2.37716	82.4902	0.626687	0.0100585	0.0205272	0.0590421
44	0.158195	2.39179	82.4902	0.628186	0.0100585	0.0203844	0.0587796
45	0.178511	2.21998	99.4441	0.616192	0.0100585	0.0203916	0.0587796
46	0.165441	2.10889	95.5395	0.604198	0.0100585	0.0205196	0.0588134
47	0.163019	2.01129	95.5395	0.589205	0.0100585	0.020771	0.0596641
48	0.136711	1.89421	73.3174	0.572714	0.0100585	0.0206567	0.0590421
49	0.136711	1.78112	69.468	0.553223	0.0100585	0.0210127	0.0625297
50	0.141711	1.79581	69.468	0.548726	0.0100585	0.0213403	0.0690973
51	0.141711	1.77603	69.468	0.544228	0.0100585	0.0214888	0.0701044
52	0.136711	1.74587	63.6313	0.544228	0.0100585	0.0217335	0.0712774
53	0.136711	1.61069	62.1781	0.527736	0.0100585	0.0220278	0.0772133
54	0.136711	1.61251	63.6313	0.524738	0.0100585	0.0223386	0.0774523
55	0.123665	1.54949	54.7412	0.518741	0.0100585	0.0227664	0.0819271
56	0.105468	1.47476	51.5167	0.512744	0.0100585	0.0230244	0.0824338
57	0.106957	1.44388	53.0935	0.506747	0.0100585	0.0231017	0.0799756
58	0.0996676	1.38771	54.7412	0.496252	0.0100585	0.0231855	0.0799756
59	0.0996676	1.37575	54.7412	0.496252	0.0100585	0.0235981	0.0886135
60	0.10264	1.33764	56.3933	0.487256	0.0100585	0.023533	0.0886135
61	0.0992474	1.24046	51.3062	0.472264	0.0100585	0.0236342	0.0878793
62	0.0992474	1.21299	52.6017	0.466267	0.0100585	0.0237359	0.0958906
63	0.0655885	1.08083	38.0686	0.44078	0.0100585	0.0240868	0.109673
64	0.0655885	0.939852	30.3165	0.416792	0.0100585	0.0243651	0.119604
65	0.0495765	0.831865	31.308	0.4003	0.0100585	0.0247346	0.123812
66	0.0259709	0.664621	12.3346	0.353823	0.0100585	0.0300927	0.342063
67	0.0190332	0.379372	7.25898	0.254873	0.0100585	0.0363637	1.42504
68	0.0175958	0.282093	4.15454	0.191904	0.0100585	0.0418344	4.1381
69	0.0107244	0.240279	2.74988	0.161919	0.0100585	0.0456971	2.41968
70	0.0104779	0.214961	2.46682	0.145427	0.0100585	0.0534273	4.68764
71	0.0107244	0.189812	2.42728	0.124438	0.0100585	0.0570332	5.61211
72	0.0103072	0.176525	2.14646	0.112444	0.0100585	0.0668407	8.38679
73	0.0100766	0.153561	1.81454	0.0944528	0.0100585	0.0695759	9.2771
74	0.0103072	0.137816	1.4997	0.077961	0.0100585	0.0712611	8.98256
75	0.0100766	0.132994	1.4997	0.0734633	0.0100585	0.0767138	15.4782
76	0.0103983	0.115582	1.14813	0.0584708	0.0100585	0.0866775	15.9167
77	0.0103072	0.104596	0.856513	0.0389805	0.0101185	0.0996816	20.6445
78	0.0103072	0.0999096	0.773772	0.0344828	0.0100585	0.111368	24.0901
79	0.0103072	0.0946373	0.737813	0.0329835	0.0100082	0.122476	24.0901
80	0.0100766	0.0944789	0.773772	0.0374813	0.0100055	0.126601	31.6713
81	0.0100766	0.0874783	0.698439	0.0269865	0.0100055	0.146245	34.5802
82	0.0103983	0.0846853	0.68982	0.0254873	0.0100055	0.153797	34.5802
83	0.0103072	0.082307	0.668454	0.0224888	0.0100055	0.161681	43.8982
84	0.0102796	0.0823093	0.682551	0.029985	0.0100055	0.178644	47.1141
85	0.0103533	0.0834281	0.68982	0.0314843	0.0100055	0.218667	47.1141
86	0.0104779	0.0791324	0.68982	0.0269865	0.0100055	0.254947	49.5015
87	0.0103072	0.0769446	0.682551	0.0254873	0.0100055	0.278758	49.5015
88	0.0103072	0.0741506	0.642951	0.0254873	0.0100055	0.313507	51.6183
89	0.010262	0.0712331	0.596638	0.0269865	0.0100055	0.369838	56.7573
90	0.010262	0.0691335	0.579099	0.0224888	0.0100055	0.438083	62.3959
91	0.010262	0.0676159	0.596638	0.023988	0.0100055	0.54109	65.1769
92	0.010262	0.064998	0.554801	0.017991	0.0100055	0.569672	65.7675
93	0.010262	0.0632719	0.545691	0.0149925	0.0100055	0.565188	65.7675
94	0.0103072	0.0593858	0.515437	0.0089955	0.0100055	0.601495	64.2069
95	0.010262	0.0582827	0.508532	0.0089955	0.0100055	0.664021	59.049
96	0.010262	0.0569655	0.508532	0.0089955	0.0100055	0.716347	51.6183
97	0.0100956	0.0541677	0.434081	0.0104948	0.0100055	0.706249	49.6329
98	0.0100956	0.0528218	0.428591	0.0089955	0.0100055	0.687786	49.3079
99	0.0101602	0.0526954	0.422816	0.0104948	0.0100055	0.688413	51.0463
100	0.010262	0.05284	0.449577	0.011994	0.0100055	0.719417	53.1416
101	0.0100956	0.0521199	0.449575	0.0134933	0.0100055	0.796498	57.5811
102	0.0100956	0.052911	0.497215	0.0164918	0.0100055	0.83119	57.5811
103	0.0100956	0.0522271	0.467634	0.0164918	0.0100055	0.826597	62.0464
104	0.0100956	0.0523026	0.474496	0.0194903	0.0100055	0.904389	65.9721
105	0.0100956	0.0540093	0.527149	0.023988	0.0100055	0.990126	66.9089
106	0.0101602	0.0566721	0.686735	0.029985	0.0100055	1.0001	66.9089
107	0.0100956	0.0579459	0.701746	0.0314843	0.0125023	1.07055	81.9995
108	0.0103057	0.0594619	0.734791	0.0314843	0.0125023	1.06825	81.9995
109	0.0103057	0.0580564	0.653953	0.0224888	0.0128255	1.1437	81.9995
110	0.0101613	0.0560126	0.630063	0.0194903	0.0128255	1.30263	81.2916
111	0.010006	0.0568679	0.663969	0.0224888	0.0128255	1.44188	81.9995
112	0.0101613	0.0554263	0.62309	0.0209895	0.0144704	1.46346	93.7644
113	0.010006	0.0544569	0.541506	0.0194903	0.0145344	1.49869	93.7644
114	0.010006	0.0537891	0.450622	0.0164918	0.0154066	1.54772	93.7644
115	0.010006	0.0540069	0.449575	0.0194903	0.0154066	1.44097	93.7644
116	0.0101613	0.0533918	0.422816	0.0194903	0.0154066	1.37308	93.7644
117	0.010006	0.0531225	0.467634	0.0224888	0.0167994	1.38541	99.6033
118	0.010006	0.0518997	0.467634	0.023988	0.0167994	1.3862	96.5258
119	0.0100745	0.0521381	0.422816	0.0209895	0.0167994	1.4562	96.5258
120	0.010006	0.0518727	0.398027	0.0194903	0.0167994	1.49189	96.5258
121	0.010006	0.0533848	0.467634	0.0224888	0.0166215	1.5002	96.5258
122	0.010006	0.0519962	0.422816	0.0209895	0.0167994	1.47541	99.6033
123	0.010006	0.0515619	0.380062	0.017991	0.0166215	1.50811	99.6033
124	0.010006	0.0516974	0.422816	0.0164918	0.0166215	1.49431	99.6033
125	0.010006	0.0505567	0.392114	0.0164918	0.0159762	1.41592	99.6033
126	0.010006	0.0501132	0.422816	0.0164918	0.0145344	1.3858	94.824
127	0.010006	0.0510342	0.467634	0.017991	0.0120885	1.32149	80.9147
128	0.010006	0.0510551	0.475035	0.017991	0.0120885	1.36015	81.2916
129	0.010006	0.0498578	0.467634	0.0194903	0.0144704	1.4124	94.824
130	0.010006	0.0481812	0.339817	0.017991	0.0120885	1.38136	83.4387
131	0.0104391	0.0461829	0.325376	0.0149925	0.015736	1.74019	94.824
132	0.0104391	0.0454002	0.325376	0.011994	0.015736	1.7718	99.6033
133	0.0100745	0.0449438	0.297634	0.0104948	0.0143611	1.73459	94.824
134	0.010006	0.0454186	0.316184	0.0164918	0.0120885	1.62114	81.8404
135	0.010006	0.0444715	0.316184	0.0164918	0.0120885	1.64988	82.1444
136	0.010006	0.0440635	0.31109	0.0164918	0.0141323	1.74282	89.975
137	0.010006	0.0442372	0.325376	0.0164918	0.0134706	1.69635	89.975
138	0.010006	0.0458419	0.394945	0.0194903	0.0143611	1.87458	97.2595
139	0.0104391	0.0461346	0.510388	0.0209895	0.0143611	1.91129	97.2595
140	0.0104391	0.0462958	0.510388	0.023988	0.0141323	1.92666	89.975
141	0.010006	0.0476793	0.547501	0.0284858	0.0144704	1.76132	87.7355
142	0.010006	0.0470509	0.509409	0.0284858	0.0145353	2.02008	87.7355
143	0.010006	0.0468614	0.490345	0.0284858	0.0163344	2.17987	94.1508
144	0.010006	0.0462459	0.422713	0.023988	0.0163344	2.20028	97.2595
145	0.010006	0.0451294	0.391332	0.023988	0.0166215	2.33122	95.0803
146	0.0100481	0.0449885	0.391332	0.0209895	0.0173325	2.26083	97.2595
147	0.010006	0.0449235	0.36219	0.0194903	0.0166542	2.18636	95.0803
148	0.010006	0.0441746	0.343569	0.017991	0.0166542	2.01806	95.0803
149	0.010006	0.0437548	0.343569	0.0164918	0.0166542	2.08771	95.0803
150	0.010006	0.0430229	0.349064	0.0149925	0.0166542	2.12578	96.1708
151	0.010006	0.0425543	0.36219	0.017991	0.0146649	2.14375	89.975
152	0.010006	0.0432255	0.373559	0.0194903	0.0146649	2.1229	89.8193
153	0.010006	0.0422108	0.36219	0.017991	0.0145353	2.16529	85.5726
154	0.010006	0.0420572	0.373559	0.0209895	0.0146649	2.3041	89.975
155	0.010006	0.0424792	0.349064	0.017991	0.0146649	2.37149	89.8193
156	0.010006	0.0434012	0.3909	0.0194903	0.0145353	2.38641	85.5726
157	0.010006	0.0437646	0.410955	0.0209895	0.0145353	2.3155	85.5726
158	0.010006	0.0446874	0.419214	0.0209895	0.013828	2.1991	85.5726
159	0.010006	0.0444606	0.410955	0.0209895	0.0143513	2.06959	90.0892
160	0.010006	0.0455174	0.425127	0.023988	0.0136841	1.96038	85.5726
161	0.010006	0.0439668	0.349064	0.0209895	0.0143513	2.05458	85.7972
162	0.010006	0.0448528	0.349064	0.0254873	0.0175992	2.14373	99.767
163	0.010006	0.0446745	0.36219	0.0254873	0.0175992	2.11527	92.4582
164	0.010006	0.0433621	0.32376	0.0194903	0.0180657	2.23584	96.1708
165	0.010006	0.042839	0.301106	0.0164918	0.0181525	2.46171	94.2376
166	0.010006	0.0430987	0.301106	0.017991	0.0181525	2.64134	96.1708
167	0.0101308	0.0413263	0.301106	0.0149925	0.0196284	3.17214	99.7486
168	0.010006	0.0406199	0.312539	0.0149925	0.0181525	3.10315	99.7486
169	0.0100398	0.0390178	0.268484	0.0089955	0.0167873	3.21434	99.7486
170	0.010006	0.0388829	0.268484	0.0104948	0.0183892	3.45742	99.7486
171	0.010006	0.038136	0.263253	0.00749625	0.0203804	3.60758	99.7486
172	0.010006	0.0381408	0.263253	0.005997	0.0210818	3.4421	99.7486
173	0.010006	0.0377746	0.220731	0.00749625	0.0202367	3.46218	99.7486
174	0.0100398	0.0378907	0.222142	0.005997	0.0180657	3.04836	99.7486
175	0.010006	0.0383835	0.263253	0.00749625	0.0225074	3.2466	99.4856
176	0.010006	0.0382112	0.222142	0.005997	0.026373	3.36111	99.2408
177	0.0100398	0.0388735	0.222142	0.00449775	0.026373	3.37651	99.2408
178	0.010006	0.0392849	0.222142	0.00749625	0.026373	3.35937	99.2408
179	0.010006	0.0396025	0.241333	0.0089955	0.026373	3.20762	99.4856
180	0.010006	0.0400232	0.250545	0.00749625	0.026373	3.14531	96.173
181	0.010006	0.0403553	0.265658	0.0089955	0.026373	3.06577	96.173
182	0.010006	0.0415558	0.297634	0.011994	0.026373	3.12355	99.7486
183	0.0100398	0.0421	0.3233	0.0164918	0.0193747	2.61925	96.1708
184	0.010006	0.0415625	0.317862	0.0149925	0.024315	3.30929	96.1708
185	0.010006	0.041623	0.308237	0.0134933	0.0236728	3.7461	89.4744
186	0.010006	0.0421172	0.310792	0.011994	0.0236728	3.65161	89.4744
187	0.010006	0.0430682	0.329103	0.0134933	0.026373	3.66261	96.1708
188	0.0100398	0.0421984	0.3233	0.0134933	0.0254158	3.67704	89.4356
189	0.010006	0.0423222	0.329103	0.011994	0.0366845	3.63865	95.0601
190	0.010006	0.0424328	0.3233	0.011994	0.0435631	3.45125	89.4356
191	0.010006	0.0416074	0.310792	0.0089955	0.0484511	3.3822	89.4356
192	0.0100398	0.0418089	0.310792	0.00749625	0.0493045	3.52472	85.6172
193	0.0100398	0.0424012	0.310792	0.00749625	0.0493045	3.4596	85.6172
194	0.010006	0.0447381	0.330584	0.0164918	0.0493045	3.37571	85.6172
195	0.010006	0.0449701	0.338777	0.0134933	0.0496526	3.35342	85.6172
196	0.010006	0.0449959	0.344245	0.0134933	0.0505103	3.29146	86.9409
197	0.010006	0.0445795	0.338777	0.0089955	0.0537569	3.23534	85.4918
198	0.010006	0.0450975	0.363894	0.011994	0.0628674	3.18251	92.849
199	0.010006	0.0439471	0.379188	0.0134933	0.0671554	2.98746	92.849
200	0.010006	0.0439775	0.398598	0.0134933	0.0671554	2.80406	92.849
201	0.010006	0.04447	0.379188	0.0134933	0.0643697	2.99476	90.9714
202	0.010006	0.0438222	0.35696	0.0089955	0.0628674	3.01295	85.6172
203	0.010006	0.0463937	0.398598	0.0134933	0.0639872	3.07986	85.6172
204	0.0100481	0.0466501	0.416374	0.0104948	0.0671554	3.23009	85.6172
205	0.010006	0.0472206	0.428679	0.0134933	0.0746647	3.31467	90.9714
206	0.010006	0.0474611	0.468251	0.011994	0.0771475	3.57681	90.9714
207	0.010006	0.0473344	0.478063	0.00749625	0.0643697	3.70711	85.6172
208	0.010006	0.0469242	0.468251	0.00749625	0.0698291	3.87251	90.9714
209	0.0100481	0.0464778	0.441286	0.00449775	0.0634981	3.87416	93.463
210	0.0100481	0.0461856	0.428679	0.0029985	0.0567771	3.74644	93.463
211	0.0100481	0.0454906	0.416374	0.0029985	0.0537569	3.56095	93.463
212	0.0101006	0.0452022	0.416374	0.00449775	0.0537569	3.77165	95.0601
213	0.0100481	0.0466756	0.441286	0.0104948	0.0537569	3.70236	95.0601
214	0.0101006	0.0486068	0.493791	0.011994	0.057412	3.62464	95.0601
215	0.0100481	0.0481915	0.4829	0.00749625	0.0537569	3.5017	90.9714
216	0.0100481	0.0492049	0.4829	0.00749625	0.0584865	3.50211	95.0601
217	0.0100481	0.0514136	0.570402	0.0164918	0.0584865	3.60681	90.4101
218	0.0100481	0.0524339	0.562306	0.017991	0.0584865	3.60623	90.9714
219	0.0100481	0.0518343	0.562306	0.0194903	0.0584865	3.5129	95.7678
220	0.0101006	0.0538998	0.699959	0.0329835	0.0470502	3.33019	90.9714
221	0.0100481	0.0543155	0.693635	0.029985	0.0470502	3.29458	95.7678
222	0.0100481	0.0544322	0.630285	0.0269865	0.0470502	3.43978	95.7678
223	0.0100481	0.053982	0.602509	0.0254873	0.0574757	3.58343	99.236
224	0.0100481	0.0544643	0.60848	0.0269865	0.0439128	3.90888	99.236
225	0.0101006	0.0568453	0.699959	0.029985	0.0391668	4.04684	99.236
226	0.0100481	0.0540541	0.666666	0.0224888	0.0369308	4.22193	98.0657
227	0.0100481	0.0556074	0.693635	0.023988	0.0381278	4.77272	98.0657
228	0.0101006	0.0551245	0.68724	0.0224888	0.0747172	5.90088	98.0657
229	0.0101006	0.0560087	0.68724	0.0224888	0.0674291	5.49779	98.0657
230	0.0100481	0.0592539	0.832179	0.0374813	0.0509365	4.90703	99.8853
231	0.0101006	0.0605599	0.85158	0.0374813	0.046277	4.60288	99.8853
232	0.0100481	0.0607437	0.85158	0.0389805	0.0346064	4.0449	99.8853
233	0.0100481	0.0649228	1.00689	0.053973	0.0298465	3.63309	99.8853
234	0.0100481	0.0667521	1.00389	0.0524738	0.0222753	3.3746	95.7678
235	0.0100481	0.0688622	1.04914	0.0584708	0.0211277	2.84886	95.5294
236	0.0100481	0.0703434	1.11897	0.0644678	0.0211277	2.63756	95.7678
237	0.0100481	0.0728165	1.22115	0.0749625	0.020788	2.32241	95.7678
238	0.0100481	0.0718335	1.11897	0.065967	0.0220487	2.14744	97.5961
239	0.0100481	0.0774826	1.27566	0.0734633
