		omega		Posterior		rho				Synonymous theta			kappa			phi	
Site	Lower	Point	Higher	prob of +ve	Lower	Point	Higher		Lower	Point	Higher	Lower	Point	Higher	Lower	Point	Higher
	95% HPD	estimate	95% HPD	selection	95% HPD	estimate	95% HPD		95% HPD	estimate	95% HPD	95% HPD	estimate	95% HPD	95% HPD	estimate	95% HPD
0	0.0100183	0.0387593	0.392902	0.0134933	0.010232	0.36586	23.9253		0.0391414	0.0540827	0.0725492	3.09414	6.35482	14.0258	0	0	0
1	0.0100183	0.0370605	0.331816	0.005997	0.010232	0.470581	39.06
2	0.0100183	0.0356515	0.277233	0.0029985	0.010232	0.52255	41.4785
3	0.0100183	0.0350855	0.277233	0.0029985	0.0101385	0.500354	33.2643
4	0.0100183	0.0350441	0.277233	0.00449775	0.010232	0.514615	39.06
5	0.0100613	0.0342628	0.275112	0.00749625	0.0101385	0.569635	37.1345
6	0.0100183	0.0336694	0.244749	0.0089955	0.0101385	0.685047	49.3468
7	0.0100183	0.0330515	0.22904	0.005997	0.0101385	0.723101	51.1581
8	0.0100183	0.032309	0.185434	0.00149925	0.0102379	0.713545	53.1666
9	0.0100183	0.0316552	0.174797	0	0.010334	0.693082	53.1666
10	0.0100183	0.0313745	0.166139	0	0.010334	0.64039	53.1666
11	0.0100183	0.0306623	0.158506	0	0.0102379	0.567321	53.1666
12	0.0100183	0.0305122	0.14642	0	0.0102379	0.534562	49.3468
13	0.0100183	0.03043	0.144404	0.0029985	0.0102379	0.455447	47.3575
14	0.0100183	0.0304065	0.143464	0.0029985	0.010334	0.400529	44.7146
15	0.0100183	0.0304575	0.140583	0.00149925	0.010334	0.37773	43.6802
16	0.0100183	0.0302393	0.13699	0.00149925	0.010334	0.357541	43.0521
17	0.0100183	0.0302967	0.132496	0.00149925	0.0101385	0.362707	40.0038
18	0.0100183	0.0298409	0.133485	0.00149925	0.0101385	0.369263	40.0038
19	0.0100183	0.0294417	0.132496	0	0.010334	0.34131	42.2599
20	0.0100183	0.0293895	0.135506	0	0.0101385	0.32115	38.6075
21	0.0100183	0.0292045	0.13151	0	0.010334	0.305818	36.7711
22	0.0100183	0.0290847	0.130743	0	0.010334	0.286772	32.5839
23	0.0100183	0.0291619	0.133485	0.00149925	0.010334	0.272359	30.9499
24	0.0100303	0.0289246	0.129587	0.00149925	0.010334	0.269917	31.7052
25	0.0100303	0.0281712	0.117738	0	0.010334	0.251049	25.7032
26	0.0100303	0.0285129	0.117565	0.0029985	0.0103495	0.241392	31.7052
27	0.0100303	0.0284716	0.117565	0.0029985	0.0103495	0.232995	25.2892
28	0.0100303	0.0281647	0.117565	0.0029985	0.0104395	0.228785	21.1026
29	0.0100303	0.0276322	0.10775	0	0.0104395	0.211699	21.1026
30	0.0100303	0.0279123	0.109748	0	0.0104395	0.205965	28.8194
31	0.0100303	0.028198	0.117738	0	0.0104395	0.225931	28.8194
32	0.0100303	0.0284753	0.124079	0	0.0104395	0.228063	28.8194
33	0.0100303	0.0282522	0.124079	0	0.0104395	0.224078	28.8194
34	0.0100303	0.0283061	0.124079	0	0.0104395	0.2059	19.3646
35	0.0100303	0.028403	0.124079	0	0.010196	0.19283	13.5431
36	0.0100303	0.0286413	0.13151	0	0.010196	0.188009	11.7473
37	0.0100303	0.0285951	0.134529	0	0.0100088	0.177682	10.4494
38	0.0100303	0.0282044	0.13151	0	0.0100088	0.150618	4.85975
39	0.0100303	0.0279411	0.124079	0	0.0100088	0.15406	5.39471
40	0.0100303	0.027803	0.123392	0	0.0100088	0.155662	6.89957
41	0.0100303	0.0276671	0.12082	0	0.0100088	0.14676	5.39471
42	0.0100097	0.0275204	0.12082	0	0.0100088	0.142034	7.68152
43	0.0100097	0.0278384	0.13151	0	0.0100088	0.148906	8.50607
44	0.0100097	0.0280484	0.139129	0	0.0100088	0.153555	9.41689
45	0.0100303	0.0277325	0.138249	0	0.010088	0.143181	9.88499
46	0.0100097	0.0271306	0.124405	0	0.0100088	0.138689	7.68152
47	0.0100097	0.0265186	0.119517	0	0.0100088	0.146595	10.1926
48	0.0100097	0.0265194	0.119517	0	0.0100088	0.1529	13.1204
49	0.0100097	0.026625	0.111833	0.00149925	0.010088	0.154977	15.9644
50	0.0100097	0.0262373	0.111833	0	0.010088	0.162267	11.8792
51	0.0100097	0.0261451	0.111833	0	0.0100088	0.153636	8.36556
52	0.0100097	0.0260986	0.111833	0	0.0100088	0.14642	7.68152
53	0.0100097	0.0259137	0.106485	0	0.0100088	0.154032	8.50607
54	0.0100097	0.0259917	0.106485	0	0.0100088	0.152505	8.50607
55	0.0100097	0.0261912	0.106485	0	0.0100088	0.152811	9.07643
56	0.0100097	0.0263782	0.111833	0	0.0100088	0.159085	8.50607
57	0.0100097	0.0264383	0.111833	0	0.0100088	0.179923	18.3165
58	0.0100097	0.0264453	0.119517	0	0.0100492	0.195003	37.0964
59	0.0100097	0.0261672	0.106485	0	0.0100492	0.193962	39.7096
60	0.0100097	0.0259084	0.111456	0	0.0100425	0.203549	41.8978
61	0.0100097	0.0255995	0.0996341	0	0.0100425	0.218363	57.4959
62	0.0100097	0.0254687	0.104907	0	0.0100425	0.205659	39.7096
63	0.0100303	0.0260348	0.111485	0	0.0100492	0.211599	44.4646
64	0.0100303	0.0259198	0.111485	0.0029985	0.0100425	0.216211	44.4646
65	0.0100097	0.0258722	0.106845	0.0029985	0.0100425	0.22622	45.63
66	0.0100303	0.0260379	0.111485	0.0029985	0.0100425	0.24173	44.4646
67	0.0100303	0.0254082	0.106845	0.00149925	0.0100425	0.241497	42.0083
68	0.0100303	0.0259519	0.111833	0.0029985	0.0100492	0.242775	44.4646
69	0.0100303	0.026539	0.124405	0.005997	0.0100425	0.243767	42.0083
70	0.0100303	0.0266361	0.124405	0.005997	0.0100425	0.247002	41.9155
71	0.0100303	0.0264218	0.124079	0.00449775	0.0100425	0.273085	42.0083
72	0.0100303	0.0263039	0.11848	0.00449775	0.0100425	0.304039	47.6191
73	0.0100303	0.0261952	0.11848	0.0029985	0.0100425	0.339564	47.9416
74	0.0100303	0.0262929	0.112831	0.00449775	0.0100492	0.346586	53.97
75	0.0100303	0.0260005	0.111686	0.0029985	0.010403	0.320388	52.7495
76	0.0100348	0.025785	0.111485	0.00149925	0.0103931	0.302111	51.6719
77	0.0100303	0.0254312	0.107312	0	0.0103931	0.269091	47.6191
78	0.0100303	0.0250028	0.103586	0	0.0103931	0.198446	33.4982
79	0.0100303	0.0247916	0.102645	0	0.0105282	0.13594	32.9234
80	0.0100303	0.0245338	0.101305	0	0.0105282	0.0978103	13.0362
81	0.0100303	0.0244998	0.0952099	0	0.0103931	0.0890298	6.76189
82	0.0100303	0.0248015	0.100689	0	0.0100463	0.0810126	6.17833
83	0.0100303	0.0249842	0.102645	0.00149925	0.0100463	0.0714139	2.40531
84	0.0100303	0.0252247	0.104907	0.00149925	0.0101392	0.0692389	1.30958
85	0.0100303	0.0260996	0.112191	0.00449775	0.0101392	0.0687864	1.30958
86	0.0100303	0.0260013	0.109299	0.00449775	0.0101392	0.0670384	1.29336
87	0.0100303	0.025724	0.105505	0.0029985	0.0101392	0.0629013	1.16766
88	0.0100303	0.0256763	0.104907	0	0.0101392	0.0514295	0.448528
89	0.0100303	0.0256481	0.103586	0	0.0101749	0.0452618	0.359111
90	0.0100303	0.0261985	0.112191	0	0.0101392	0.0434905	0.325383
91	0.0100303	0.0265303	0.114982	0	0.0101392	0.043732	0.333065
92	0.0100303	0.0262113	0.112191	0	0.0101392	0.0433457	0.333065
93	0.0100303	0.0258317	0.107355	0	0.0101392	0.0432017	0.359111
94	0.0100303	0.0254455	0.107312	0	0.0101392	0.0429201	0.376504
95	0.0100303	0.0254142	0.107355	0	0.0100322	0.0420563	0.376504
96	0.0100303	0.0253341	0.105505	0.00149925	0.0101392	0.0420124	0.40265
97	0.0100303	0.0251693	0.101907	0	0.0100322	0.0416397	0.423086
98	0.0100303	0.0253906	0.107355	0	0.0100322	0.0417637	0.480485
99	0.0100303	0.0252797	0.107355	0	0.0100322	0.0413185	0.465447
100	0.0100303	0.0253081	0.107355	0	0.0100322	0.0415657	0.480485
101	0.0100303	0.0252709	0.106954	0	0.0100322	0.0406815	0.427839
102	0.0100303	0.0250079	0.101907	0	0.0100322	0.0415318	0.423086
103	0.0100172	0.0249098	0.101907	0	0.0100322	0.0411108	0.423086
104	0.0100172	0.0248626	0.0974727	0	0.0100322	0.0410053	0.423086
105	0.0100172	0.024663	0.0974727	0	0.010053	0.0417591	0.551979
106	0.0100172	0.024577	0.100689	0	0.0100322	0.0416312	0.563093
107	0.0100172	0.0246726	0.101907	0	0.0100322	0.0417317	0.632124
108	0.0100172	0.0247796	0.107355	0.00149925	0.010053	0.0417693	0.693855
109	0.0100172	0.0246936	0.112191	0.00149925	0.0100322	0.0409961	0.632124
110	0.0100172	0.0244629	0.107355	0	0.0100322	0.0367833	0.359111
111	0.0100172	0.0246044	0.112191	0	0.0100322	0.0332235	0.230143
112	0.0100172	0.0241731	0.106536	0	0.0100322	0.0314244	0.203348
113	0.0100172	0.0241829	0.101907	0	0.0100322	0.029826	0.171159
114	0.0100172	0.0243339	0.106536	0	0.0100322	0.0286543	0.132413
115	0.0100147	0.0246289	0.106954	0.00149925	0.0100322	0.0275472	0.108721
116	0.0100147	0.0250009	0.108064	0.005997	0.0100322	0.0279202	0.116873
117	0.0100147	0.0248991	0.106954	0.005997	0.0100322	0.0276255	0.115483
118	0.0100147	0.024682	0.101907	0.00449775	0.0100322	0.0269005	0.103867
119	0.0100147	0.0244585	0.106075	0.0029985	0.0100322	0.0264737	0.101212
120	0.0100147	0.0243055	0.101435	0.00149925	0.0100322	0.0263808	0.0997732
121	0.0100147	0.0245367	0.106075	0.00149925	0.0100322	0.0262383	0.0940827
122	0.0100147	0.0246869	0.106536	0	0.010053	0.0257633	0.0905043
123	0.0100147	0.0247799	0.106954	0	0.0101808	0.0255382	0.0905043
124	0.0100147	0.0250922	0.110097	0	0.0102597	0.0254078	0.0905043
125	0.0100147	0.0251791	0.110564	0	0.0101516	0.0250763	0.0885475
126	0.0100147	0.0252119	0.110564	0	0.0101392	0.0251449	0.0885475
127	0.0100147	0.0252497	0.112191	0	0.0100322	0.0249403	0.0847797
128	0.0100147	0.0255964	0.113593	0	0.0100322	0.0251602	0.0847797
129	0.0100147	0.0255877	0.113546	0	0.010053	0.0251751	0.083913
130	0.0100147	0.025716	0.114185	0	0.010053	0.0252783	0.083913
131	0.0100147	0.025687	0.112409	0	0.0100322	0.024995	0.0815024
132	0.0100147	0.0256891	0.112409	0	0.0101392	0.0245759	0.0763287
133	0.0100147	0.0259298	0.113546	0	0.010053	0.0243211	0.0715856
134	0.0100147	0.026123	0.114185	0	0.010053	0.0241985	0.0715856
135	0.0100147	0.0264185	0.120726	0	0.0101392	0.0237579	0.0678915
136	0.0100147	0.0264776	0.124071	0	0.0101392	0.0237978	0.0678915
137	0.0100147	0.0270404	0.12954	0.0029985	0.0101392	0.0247361	0.0721863
138	0.0100147	0.0270017	0.127711	0.0029985	0.010053	0.0245099	0.0704091
139	0.0100072	0.0272474	0.12954	0	0.010053	0.0242874	0.0682765
140	0.0100072	0.0277089	0.13069	0.00149925	0.0100032	0.0242288	0.0682765
141	0.0100072	0.0275837	0.127711	0.00149925	0.0100032	0.0244123	0.0715856
142	0.0100072	0.0275336	0.132182	0.00149925	0.0100032	0.0244507	0.0704091
143	0.0100072	0.0270305	0.120726	0	0.0100032	0.0246677	0.0744963
144	0.0100172	0.0275551	0.127711	0.00449775	0.0100032	0.0249165	0.0766558
145	0.0100172	0.0274742	0.124314	0.0029985	0.0100032	0.0251386	0.0794479
146	0.0100172	0.0273426	0.118966	0.00149925	0.0100032	0.0252759	0.0812427
147	0.0100172	0.0271073	0.118966	0.00149925	0.0100032	0.0253053	0.0812427
148	0.0100172	0.0270825	0.118966	0.00149925	0.0100032	0.0256484	0.0830073
149	0.0100172	0.0270813	0.118966	0.00149925	0.0100032	0.0258341	0.0832913
150	0.0100172	0.0271665	0.119799	0	0.0100032	0.0263926	0.083954
151	0.0100172	0.0271879	0.122843	0	0.0100032	0.0270905	0.0878566
152	0.0100172	0.0275206	0.13069	0.00149925	0.0100032	0.0276436	0.0932888
153	0.0100172	0.0275569	0.137143	0.00149925	0.0100032	0.0277292	0.0932888
154	0.0100303	0.0273397	0.135971	0.00149925	0.0100032	0.0282894	0.0982242
155	0.0100172	0.0270375	0.13069	0	0.0100032	0.0290379	0.11214
156	0.0100172	0.0268392	0.124314	0	0.0100032	0.0295973	0.11214
157	0.0100172	0.0269984	0.124314	0	0.0100032	0.0302782	0.128834
158	0.0100172	0.0272903	0.125808	0	0.0101392	0.0310428	0.148655
159	0.0100172	0.0274981	0.125043	0	0.0100032	0.0321857	0.154662
160	0.0100172	0.0273529	0.120434	0	0.0100032	0.0334891	0.161238
161	0.0100172	0.0269929	0.109222	0	0.0100032	0.0347217	0.163184
162	0.0100172	0.0270096	0.107094	0.0029985	0.0100032	0.0368677	0.18261
163	0.0100172	0.0266253	0.103241	0	0.0100032	0.0379912	0.210839
164	0.0100172	0.0267646	0.109222	0	0.0100032	0.0374355	0.196468
165	0.0100172	0.0268367	0.112678	0	0.0100032	0.037397	0.198381
166	0.0100172	0.0267862	0.105972	0	0.0100032	0.037428	0.187348
167	0.0100172	0.0269881	0.107094	0	0.0100032	0.0376062	0.187348
168	0.0100172	0.0276327	0.116114	0	0.0100032	0.0381263	0.198381
169	0.0100172	0.0277543	0.116114	0	0.0101392	0.0388301	0.210839
170	0.0100172	0.0283003	0.125043	0	0.0100032	0.0395845	0.208692
171	0.0100172	0.0285372	0.125808	0	0.0100032	0.040239	0.222072
172	0.0100303	0.0286555	0.142212	0	0.0100032	0.0414768	0.263847
173	0.0100172	0.0286031	0.139002	0	0.0100032	0.0430832	0.276905
174	0.0100303	0.029006	0.142212	0	0.0100032	0.0444546	0.291731
175	0.0100172	0.0296876	0.145292	0	0.0102736	0.0465311	0.321787
176	0.0100172	0.0295733	0.142212	0	0.0101516	0.047693	0.338501
177	0.0100172	0.0291184	0.137143	0	0.0102736	0.0483606	0.31336
178	0.0100172	0.0289448	0.125808	0	0.0100003	0.0500146	0.338501
179	0.0100172	0.0289683	0.125808	0	0.0100003	0.0512019	0.351178
180	0.0100172	0.0287352	0.120434	0	0.0100003	0.0522578	0.321787
181	0.0100303	0.0291473	0.122254	0.00149925	0.0100003	0.0567302	0.417699
182	0.0100172	0.0292294	0.125808	0.00149925	0.0100003	0.0604836	0.486459
183	0.0100172	0.0295429	0.129312	0.00149925	0.0100003	0.0639381	0.567045
184	0.0100172	0.0299924	0.142047	0.00149925	0.0100003	0.0685873	0.689449
185	0.0100172	0.0305694	0.154066	0.00149925	0.0105692	0.0699681	1.15608
186	0.0100172	0.0307072	0.149505	0.00149925	0.0100003	0.0713109	1.14738
187	0.0100172	0.0304643	0.147413	0.00149925	0.0103249	0.0750869	1.36742
188	0.0100172	0.0302858	0.137551	0	0.0103249	0.077144	1.52766
189	0.0100172	0.0303171	0.141361	0	0.0103249	0.078631	1.58788
190	0.0100172	0.0307496	0.150032	0.0029985	0.0103249	0.0820796	1.94142
191	0.0100172	0.030678	0.150032	0	0.0104198	0.0843634	3.19367
192	0.0100546	0.0306786	0.147413	0	0.0104198	0.0874236	3.75482
193	0.0100546	0.0312675	0.150974	0	0.0101604	0.0898936	3.75482
194	0.0100546	0.0318413	0.161048	0.0029985	0.0101604	0.0943005	4.52781
195	0.0100546	0.0317486	0.15766	0	0.0101604	0.0926411	4.19604
196	0.0100546	0.0312768	0.136198	0	0.0101604	0.0933409	4.41827
197	0.0100546	0.0317422	0.150032	0	0.0101604	0.0960663	7.2025
198	0.0100546	0.0320085	0.150032	0	0.0101604	0.097174	7.95452
199	0.0100546	0.032491	0.150974	0.00149925	0.0101604	0.0946632	7.38862
200	0.0100546	0.032108	0.147413	0.00149925	0.0101604	0.0978389	11.1704
201	0.0100546	0.0320558	0.150974	0.00149925	0.0101604	0.0978968	10.8292
202	0.0100546	0.0324258	0.155375	0.00449775	0.0101604	0.102001	11.1704
203	0.0100546	0.0318417	0.150032	0.00149925	0.0101604	0.107462	11.1704
204	0.0100546	0.0322367	0.154066	0.0029985	0.0101604	0.111243	11.9136
205	0.0100546	0.0326698	0.15766	0.00149925	0.0101604	0.118715	14.6029
206	0.0100546	0.0332346	0.163715	0.00149925	0.0101604	0.134541	24.7977
207	0.0100546	0.0339722	0.171137	0.00149925	0.0104421	0.159678	32.6612
208	0.0100546	0.0345881	0.173904	0.00149925	0.0101604	0.217409	41.6934
209	0.0100546	0.0355718	0.205919	0.0029985	0.0101604	0.22825	38.1408
210	0.0100546	0.0368243	0.230217	0.00449775	0.0104421	0.201995	33.0255
211	0.0100546	0.0372464	0.241319	0.00449775	0.0101604	0.199769	29.5433
212	0.0100546	0.0380602	0.240185	0.00449775	0.0101604	0.199646	28.0174
213	0.0100546	0.0380179	0.240185	0.0029985	0.0101604	0.198574	28.0174
214	0.0100546	0.0394276	0.247652	0.0029985	0.0104421	0.200439	29.5433
215	0.0101645	0.0406688	0.266619	0.0029985	0.0103223	0.193319	28.0174
216	0.0100613	0.0439201	0.324985	0.0104948	0.0103223	0.164445	15.5983
217	0.0100613	0.04714	0.339702	0.011994	0.0104421	0.147978	14.322
218	0.0100613	0.0503337	0.429374	0.0209895	0.0101664	0.129442	12.4235
219	0.0100613	0.0614641	0.791886	0.041979	0.0100429	0.107985	11.0326
220	0.0100613	0.0772213	1.83003	0.0734633	0.0100429	0.085744	8.66095
221	0.0102671	0.0561477	0.544921	0.023988	0.0100429	0.0852859	9.0296
222	0.0100613	0.0507788	0.409417	0.0104948	0.0100429	0.0848967	11.4587
223	0.0100613	0.046919	0.343695	0.00449775	0.0101664	0.0777981	8.66095
224	0.0102282	0.0430426	0.272741	0.00149925	0.0100429	0.0728862	5.55378
225	0.0101914	0.039643	0.25583	0	0.0100429	0.0624449	1.0695
226	0.0100613	0.0386474	0.247652	0	0.010162	0.0579434	0.462742
227	0.0100613	0.0378873	0.215343	0	0.0100429	0.0542117	0.33879
228	0.0101914	0.0378554	0.227752	0.00149925	0.0100429	0.0519322	0.322972
229	0.0100613	0.0375842	0.227752	0	0.0100429	0.048322	0.262578
230	0.0100573	0.0370148	0.211546	0	0.0100429	0.0461928	0.222614
231	0.0100573	0.0366007	0.210166	0	0.0100429	0.0441532	0.210412
232	0.0100573	0.0356847	0.205666	0	0.0100429	0.0441152	0.210412
233	0.0101914	0.0356549	0.205919	0	0.0101026	0.043636	0.210412
234	0.0100573	0.0353658	0.193741	0	0.0100429	0.0433725	0.210412
235	0.0100573	0.0353764	0.193741	0.00149925	0.0101664	0.042791	0.210412
236	0.0100573	0.0350934	0.184227	0.00449775	0.0101664	0.0431633	0.210412
237	0.0100573	0.0351153	0.184227	0.0029985	0.0101664	0.0436666	0.21821
238	0.0100573	0.0347508	0.170039	0.0029985	0.0100429	0.0443667	0.222614
239	0.0100573	0.0345014	0.168041	0.00149925	0.0100429	0.0450647	0.254835
240	0.0102702	0.0341713	0.168275	0	0.0100429	0.0452024	0.255899
241	0.0100573	0.0355193	0.174236	0.0104948	0.0100429	0.0451664	0.239733
242	0.0100146	0.0337045	0.165743	0.00149925	0.0100429	0.0443381	0.234752
243	0.0100573	0.0325213	0.140056	0.0029985	0.0101197	0.043735	0.234752
244	0.0100146	0.0319131	0.134541	0.00149925	0.0100429	0.0432911	0.234752
245	0.0100146	0.0313465	0.12928	0	0.0100429	0.0433123	0.234752
246	0.0100146	0.0313826	0.12928	0	0.0100397	0.0434744	0.255899
247	0.0100146	0.0313916	0.127098	0	0.0100397	0.0427017	0.234752
248	0.0100146	0.0312287	0.127098	0	0.0100397	0.04279	0.254835
249	0.0100146	0.0309417	0.127098	0	0.0100397	0.042726	0.255899
250	0.0100146	0.0308489	0.126	0	0.0100397	0.0419329	0.232511
251	0.0100146	0.0307792	0.126	0	0.0100397	0.0416438	0.232511
252	0.0100146	0.0310376	0.12928	0	0.0100429	0.0413079	0.222614
253	0.0100146	0.0310352	0.133774	0	0.0100429	0.0415062	0.222614
254	0.0100146	0.03044	0.126	0	0.0100397	0.0413835	0.222614
255	0.0100626	0.0303302	0.126	0	0.0100429	0.0415412	0.222614
256	0.0100146	0.0305852	0.123908	0.00149925	0.0100397	0.041626	0.214795
257	0.0100146	0.030422	0.121015	0.00149925	0.0100397	0.0413212	0.210618
258	0.0100573	0.0300393	0.115025	0.00149925	0.0100397	0.041744	0.214795
259	0.0100573	0.0303503	0.119539	0.00149925	0.0100397	0.0421213	0.210618
260	0.0100573	0.0304775	0.120416	0.00149925	0.0100397	0.0417665	0.194493
261	0.0100573	0.0302552	0.119539	0.00149925	0.0100397	0.0420065	0.201008
262	0.0100573	0.0301992	0.116205	0	0.0100397	0.0412707	0.192051
263	0.0100573	0.0300193	0.115025	0	0.0100397	0.0408389	0.187751
264	0.0100573	0.0300967	0.110525	0	0.0100397	0.0407652	0.187751
265	0.0100573	0.0301281	0.119539	0	0.0100397	0.0407851	0.18826
266	0.0100573	0.0305616	0.125976	0	0.0100397	0.0408218	0.190997
267	0.010225	0.0307259	0.12928	0	0.0100397	0.041386	0.187751
268	0.010225	0.0310657	0.131095	0	0.0100397	0.0424042	0.193284
269	0.010225	0.0312686	0.127253	0	0.0100397	0.0425615	0.19444
270	0.010225	0.0311624	0.127253	0	0.0100397	0.0426961	0.192051
271	0.010225	0.0313095	0.125976	0	0.0101197	0.0445816	0.210618
272	0.010225	0.0312809	0.125976	0	0.0100397	0.0445487	0.201008
273	0.010225	0.0313899	0.127098	0.00149925	0.0100397	0.0453205	0.209694
274	0.010225	0.0318984	0.130756	0.00149925	0.0101813	0.0461881	0.22457
275	0.010225	0.0327343	0.142173	0	0.0100397	0.04749	0.228904
276	0.0100051	0.0333107	0.145222	0	0.0100397	0.0486423	0.23667
277	0.0100051	0.0331164	0.142173	0	0.0100397	0.0493987	0.241978
278	0.010225	0.0330833	0.154705	0	0.0100397	0.0529931	0.271636
279	0.010225	0.0332875	0.154705	0	0.0100397	0.0546613	0.287915
280	0.010225	0.0334674	0.154705	0	0.0100397	0.0584561	0.33567
281	0.010225	0.0337329	0.154705	0	0.0100047	0.0627514	0.419987
282	0.0100051	0.0337441	0.150967	0	0.0100047	0.0670986	0.519612
283	0.0100051	0.0343594	0.154705	0	0.0100047	0.0685575	0.578491
284	0.0100051	0.0349109	0.156155	0.00149925	0.0100047	0.0694282	0.574241
285	0.010225	0.0354602	0.171563	0.00149925	0.0100047	0.0696778	0.578491
286	0.010225	0.0357072	0.171563	0.0029985	0.0100047	0.0768819	0.824393
287	0.010225	0.0359388	0.171563	0.00149925	0.0100047	0.0804478	0.912339
288	0.010225	0.0363379	0.172177	0.00149925	0.0100047	0.0788142	0.867321
289	0.0100573	0.0370833	0.180713	0.0029985	0.0100047	0.0818084	0.922873
290	0.0100573	0.0383077	0.189555	0.0029985	0.0100047	0.0869214	1.37155
291	0.010146	0.040398	0.225783	0.0089955	0.0100397	0.0991806	3.25922
292	0.0100051	0.0419367	0.25423	0.011994
