		omega		Posterior		rho				Synonymous theta			kappa			phi	
Site	Lower	Point	Higher	prob of +ve	Lower	Point	Higher		Lower	Point	Higher	Lower	Point	Higher	Lower	Point	Higher
	95% HPD	estimate	95% HPD	selection	95% HPD	estimate	95% HPD		95% HPD	estimate	95% HPD	95% HPD	estimate	95% HPD	95% HPD	estimate	95% HPD
0	0.0101149	0.0633827	0.635171	0.0329835	0.0102144	0.297644	52.9968		0.00798409	0.0149673	0.0255313	1.81685	6.37565	25.3569	0	0	0
1	0.0101463	0.0613875	0.607711	0.0254873	0.0102144	0.294724	49.2946
2	0.0101825	0.061109	0.607711	0.0254873	0.0102144	0.283947	52.8872
3	0.0101463	0.0604031	0.607711	0.0224888	0.0102144	0.272277	49.2946
4	0.0101149	0.0592011	0.607711	0.0209895	0.0100673	0.251394	38.6475
5	0.0101149	0.0599766	0.607711	0.0209895	0.0100285	0.239414	33.7673
6	0.0101825	0.0589126	0.607711	0.017991	0.0100285	0.195121	28.9461
7	0.0101149	0.0591195	0.607711	0.0209895	0.0100285	0.15587	20.5587
8	0.0101149	0.0594783	0.607711	0.0209895	0.0100285	0.128013	15.4679
9	0.0101149	0.0583613	0.607711	0.023988	0.0100285	0.102928	8.4299
10	0.0101027	0.0563299	0.625595	0.023988	0.0100285	0.0924657	5.6477
11	0.0101027	0.0524641	0.562968	0.0224888	0.0100285	0.085915	4.08035
12	0.0101027	0.0517097	0.562968	0.023988	0.0100285	0.0797739	4.08035
13	0.0101027	0.0535507	0.643059	0.0329835	0.0100285	0.0685059	3.87679
14	0.0101027	0.0529209	0.607711	0.029985	0.0100285	0.0638542	3.00386
15	0.0101027	0.0511148	0.555635	0.029985	0.0100285	0.0557448	1.55287
16	0.0100365	0.0486794	0.517378	0.0254873	0.0100285	0.0518966	0.986183
17	0.0100365	0.0460144	0.485431	0.023988	0.0100285	0.0454941	0.52566
18	0.0100365	0.0455691	0.466514	0.017991	0.0100285	0.044063	0.474635
19	0.0100365	0.0454439	0.485431	0.017991	0.0100285	0.0433021	0.477429
20	0.0100365	0.045595	0.474215	0.0194903	0.0100448	0.0413704	0.46264
21	0.0100365	0.0456846	0.494155	0.0164918	0.0100285	0.0392611	0.398439
22	0.0100365	0.0446174	0.485431	0.011994	0.0100285	0.0387077	0.41956
23	0.0100365	0.0442822	0.494155	0.011994	0.0100285	0.0377699	0.41956
24	0.0100365	0.0438579	0.517378	0.0149925	0.0100285	0.0368365	0.310414
25	0.0100365	0.0439888	0.527182	0.017991	0.0100285	0.036473	0.290682
26	0.0101027	0.043078	0.503119	0.017991	0.0100285	0.0369715	0.41956
27	0.0101825	0.0432441	0.50051	0.017991	0.0100285	0.0368001	0.41956
28	0.0101825	0.0422622	0.45241	0.0164918	0.0100285	0.0377649	0.412387
29	0.0100365	0.0418359	0.45241	0.0134933	0.0100285	0.0377695	0.412387
30	0.0100365	0.0409124	0.436987	0.005997	0.0100285	0.0364646	0.35992
31	0.0100365	0.0412927	0.436987	0.00749625	0.0100285	0.0357628	0.355019
32	0.0100365	0.0408503	0.440059	0.0089955	0.0100285	0.0347021	0.290682
33	0.0100365	0.0426845	0.50051	0.0134933	0.010045	0.0341845	0.273058
34	0.0100365	0.0436226	0.520604	0.0134933	0.0100285	0.0337875	0.231647
35	0.0103128	0.0432533	0.548369	0.0104948	0.0100285	0.0335556	0.211685
36	0.0100365	0.0432569	0.519175	0.0089955	0.0100285	0.0328163	0.200626
37	0.0100365	0.0442124	0.544782	0.0089955	0.0100285	0.0332973	0.211685
38	0.0101581	0.0427772	0.541714	0.00749625	0.0100285	0.0332054	0.200626
39	0.0100365	0.0418428	0.503689	0.005997	0.0100285	0.0326867	0.200626
40	0.0100614	0.041615	0.503689	0.005997	0.0100285	0.0326996	0.200626
41	0.0100614	0.0412316	0.503689	0.005997	0.0100285	0.0319348	0.18618
42	0.0100614	0.0419078	0.526392	0.0104948	0.010045	0.0314872	0.175081
43	0.0100365	0.0424097	0.536315	0.0134933	0.0100285	0.0312036	0.175081
44	0.0100365	0.0423135	0.526392	0.0134933	0.010045	0.0304598	0.158853
45	0.0100614	0.041846	0.526392	0.0134933	0.010045	0.0313556	0.159829
46	0.0100365	0.0416184	0.503689	0.0104948	0.010045	0.030677	0.130382
47	0.0101581	0.0407338	0.503689	0.005997	0.010045	0.0306702	0.147261
48	0.0100614	0.0401119	0.495595	0.00449775	0.010045	0.0294327	0.124826
49	0.0100365	0.0395883	0.418522	0.0029985	0.010045	0.0298403	0.124826
50	0.0100365	0.0394622	0.383193	0.0029985	0.010045	0.0300021	0.125577
51	0.0100365	0.0398337	0.442953	0.0029985	0.010045	0.0301153	0.124826
52	0.0100365	0.0399392	0.411386	0.00449775	0.010045	0.0306411	0.124826
53	0.0100365	0.0405	0.418522	0.0104948	0.0100791	0.0302052	0.123485
54	0.0100365	0.0391932	0.369797	0.005997	0.0100791	0.0304699	0.123485
55	0.0100365	0.039405	0.378845	0.0089955	0.010045	0.0320808	0.142242
56	0.0101581	0.0394104	0.382523	0.00749625	0.010045	0.0324681	0.158853
57	0.0101581	0.0396015	0.382523	0.0089955	0.010045	0.0319432	0.142242
58	0.0101581	0.0393561	0.382523	0.0089955	0.010045	0.0315997	0.125577
59	0.0100365	0.0396673	0.382523	0.0089955	0.010045	0.0318407	0.142242
60	0.0100365	0.0394134	0.364799	0.0089955	0.010045	0.0316805	0.136231
61	0.0100365	0.0397023	0.363846	0.0104948	0.010045	0.0321729	0.147261
62	0.0100365	0.0399941	0.363846	0.0104948	0.010045	0.0331834	0.159829
63	0.0100365	0.0401803	0.363846	0.0134933	0.010045	0.0327259	0.158853
64	0.0100365	0.0403132	0.341936	0.011994	0.010045	0.0331507	0.159829
65	0.0100489	0.0405403	0.31693	0.011994	0.010045	0.0334486	0.159829
66	0.0100104	0.040482	0.288127	0.0089955	0.010045	0.0333341	0.158853
67	0.0100104	0.0407781	0.270277	0.00749625	0.0100791	0.033254	0.151834
68	0.0100489	0.0406932	0.276681	0.00749625	0.010045	0.033882	0.151834
69	0.0100104	0.0415317	0.283705	0.0104948	0.010045	0.0339888	0.159829
70	0.0100104	0.0418543	0.298716	0.011994	0.010045	0.0350832	0.172873
71	0.0100104	0.041598	0.288127	0.0104948	0.010045	0.0353936	0.187866
72	0.0100489	0.0429839	0.328627	0.0164918	0.010045	0.0359442	0.192685
73	0.0102124	0.0441043	0.378845	0.0209895	0.010045	0.0352696	0.187866
74	0.0102124	0.0450943	0.419268	0.0254873	0.010045	0.0356009	0.192685
75	0.0100104	0.0453333	0.415422	0.0254873	0.010045	0.0350878	0.185955
76	0.0100104	0.0449052	0.373511	0.0194903	0.010045	0.0349877	0.185955
77	0.0100104	0.0436675	0.314823	0.0164918	0.0101537	0.036376	0.20649
78	0.0101809	0.0433416	0.314823	0.011994	0.0101537	0.0369668	0.20649
79	0.0100104	0.0441248	0.314823	0.011994	0.010045	0.0376354	0.213004
80	0.0101809	0.044302	0.314823	0.005997	0.010045	0.0375384	0.20649
81	0.0100489	0.0450973	0.314823	0.00749625	0.0101537	0.0380642	0.224072
82	0.0100104	0.0463123	0.32786	0.0089955	0.010045	0.0385196	0.224072
83	0.0100489	0.0458891	0.314823	0.005997	0.0101537	0.0392841	0.236438
84	0.0100104	0.047047	0.32786	0.00749625	0.010045	0.0399345	0.225958
85	0.0101809	0.0479993	0.355728	0.00749625	0.0101537	0.0407799	0.236438
86	0.0100104	0.0477541	0.352942	0.0104948	0.010045	0.0435505	0.271667
87	0.0100104	0.047391	0.336486	0.0104948	0.010045	0.0451538	0.299419
88	0.0100489	0.0472169	0.32786	0.0104948	0.010045	0.0473357	0.547106
89	0.0100104	0.047209	0.32786	0.0104948	0.010045	0.0477586	0.595965
90	0.0100104	0.0477199	0.355728	0.0104948	0.0101141	0.0479539	0.603338
91	0.0100104	0.0484981	0.352942	0.011994	0.010045	0.0483098	0.738216
92	0.010215	0.0486875	0.356531	0.0134933	0.0101141	0.0488699	0.54471
93	0.0100104	0.0482443	0.32786	0.011994	0.010045	0.0530046	1.28744
94	0.0100104	0.0488117	0.356531	0.0089955	0.010045	0.0537484	1.50202
95	0.0100104	0.0491328	0.362207	0.011994	0.010045	0.0562877	1.60042
96	0.0102901	0.0497054	0.414941	0.0149925	0.0100189	0.0615231	5.32342
97	0.0102458	0.0500112	0.414941	0.011994	0.0100189	0.0606386	4.89239
98	0.0102458	0.0496993	0.414941	0.00749625	0.0100189	0.0629893	6.03965
99	0.0100104	0.0511502	0.418401	0.0104948	0.0100189	0.0625491	5.32342
100	0.0100835	0.053927	0.473625	0.0164918	0.0100189	0.0622709	5.49284
101	0.0100835	0.0525951	0.473625	0.017991	0.0100189	0.0651019	6.91517
102	0.010215	0.0513996	0.473625	0.017991	0.0100189	0.0668407	9.77805
103	0.0100104	0.0511985	0.457158	0.0164918	0.0100189	0.0661267	9.77805
104	0.0100104	0.0503254	0.418401	0.0149925	0.0100189	0.0708684	10.061
105	0.0100104	0.0499987	0.418401	0.011994	0.0100189	0.0728361	10.2421
106	0.0102458	0.0509863	0.45022	0.011994	0.0100189	0.075238	10.2421
107	0.0102458	0.0539512	0.460314	0.0134933	0.0100189	0.0744563	10.0916
108	0.0102458	0.052574	0.45022	0.011994	0.0100189	0.0724685	6.62893
109	0.0100835	0.0520075	0.418401	0.0104948	0.010045	0.0673164	4.43437
110	0.0102458	0.0525327	0.45022	0.0104948	0.010045	0.0673845	4.43437
111	0.0100835	0.0526869	0.418401	0.00749625	0.0100189	0.0621392	3.38786
112	0.0102862	0.0524352	0.418401	0.005997	0.0100189	0.0543732	0.983022
113	0.0100104	0.0514178	0.384666	0.005997	0.0100189	0.0532228	0.983022
114	0.0100104	0.0508245	0.373896	0.00449775	0.0100183	0.0515322	0.666201
115	0.0100104	0.0507866	0.382058	0.005997	0.0100138	0.0507968	0.595965
116	0.0102458	0.0519549	0.423893	0.005997	0.0100138	0.048255	0.537246
117	0.0100292	0.0529877	0.418401	0.00749625	0.0100138	0.0465562	0.355439
118	0.0100104	0.0530682	0.384666	0.005997	0.0100138	0.0430561	0.279714
119	0.0100104	0.0528558	0.384666	0.005997	0.0100138	0.040117	0.200576
120	0.0100104	0.0525379	0.403072	0.005997	0.0100138	0.0394504	0.195052
121	0.0100104	0.0516979	0.403072	0.005997	0.0100138	0.0392848	0.177992
122	0.0100292	0.0513011	0.418401	0.005997	0.0100138	0.0395056	0.177992
123	0.0100104	0.0520452	0.442953	0.00749625	0.0100138	0.0392463	0.170158
124	0.0100104	0.0533528	0.451091	0.0089955	0.0100138	0.039406	0.164011
125	0.0100104	0.0539396	0.460804	0.0104948	0.0100138	0.0402205	0.177992
126	0.0100104	0.0545575	0.484816	0.0104948	0.0100138	0.0401741	0.181766
127	0.0100835	0.0560797	0.507196	0.011994	0.0100138	0.0413106	0.198427
128	0.0100104	0.0579733	0.507196	0.011994	0.0100138	0.0430711	0.213206
129	0.0100104	0.0583214	0.507196	0.0134933	0.0100138	0.0442608	0.231197
130	0.0100835	0.0560909	0.472348	0.0089955	0.0100138	0.0445389	0.239588
131	0.0100104	0.0564063	0.472348	0.0104948	0.0100138	0.0460751	0.249658
132	0.0100835	0.0555463	0.451091	0.005997	0.0100138	0.0458633	0.244454
133	0.0100104	0.0566632	0.451091	0.005997	0.0100138	0.0470668	0.244454
134	0.0100104	0.0594093	0.502311	0.00749625	0.0100138	0.0496916	0.261487
135	0.0100104	0.0613141	0.524773	0.0149925	0.0100138	0.0506115	0.279714
136	0.0102458	0.0609387	0.524773	0.0089955	0.0100183	0.0520092	0.312287
137	0.010059	0.0614747	0.522918	0.0104948	0.0100183	0.0540755	0.420663
138	0.0100104	0.0625035	0.538065	0.011994	0.0100183	0.0535024	0.383477
139	0.0100104	0.0627221	0.538065	0.0104948	0.0100183	0.0530421	0.325852
140	0.0100104	0.0634935	0.522918	0.0104948	0.0100183	0.052109	0.330757
141	0.0100104	0.0671966	0.568227	0.011994	0.0100183	0.0523919	0.336626
142	0.0100104	0.0675291	0.623416	0.0164918	0.0100183	0.0510564	0.325852
143	0.0100104	0.0681051	0.634099	0.0164918	0.0100183	0.0512376	0.330757
144	0.0100104	0.0710813	0.659897	0.0134933	0.0100183	0.0526471	0.346492
145	0.0100104	0.0742986	0.680931	0.0134933	0.0100183	0.0541801	0.420752
146	0.0102458	0.0784285	0.738931	0.0209895	0.0101833	0.0567064	0.480933
147	0.01029	0.0825218	0.791464	0.0284858	0.0100183	0.0578085	0.480933
148	0.0102458	0.0884207	0.831475	0.0374813	0.0100183	0.0582648	0.502057
149	0.0102458	0.0930838	0.936954	0.0449775	0.0100183	0.0586682	0.491931
150	0.0104046	0.0990443	1.11588	0.053973	0.0100183	0.0601785	0.479453
151	0.0104046	0.107089	1.15416	0.0644678	0.0100183	0.0604151	0.479453
152	0.0104058	0.119193	1.44546	0.0794603	0.0100183	0.0612931	0.491931
153	0.0104058	0.132018	1.69007	0.095952	0.0100183	0.0626363	0.573876
154	0.0102905	0.162371	1.99874	0.128936	0.0100183	0.0638251	0.611823
155	0.0122843	0.196153	2.58138	0.148426	0.0100183	0.0678754	0.721386
156	0.0127811	0.273039	4.8015	0.184408	0.0100429	0.0675193	0.689587
157	0.0101293	0.203363	1.99874	0.14093	0.0100183	0.0729578	0.85225
158	0.0109277	0.167122	1.75432	0.11994	0.0100429	0.0759639	1.058
159	0.0109277	0.152734	1.75432	0.113943	0.0100429	0.074949	1.14624
160	0.0108447	0.133897	1.66204	0.0974513	0.0100429	0.0773041	1.1857
161	0.0103681	0.126893	1.44952	0.0854573	0.0100429	0.0801447	1.2255
162	0.0108447	0.117178	1.43959	0.077961	0.0100429	0.0829269	1.44344
163	0.0108447	0.107101	1.21178	0.0629685	0.0100493	0.079245	1.2255
164	0.0101551	0.101444	1.14011	0.05997	0.0100493	0.0809571	1.29071
165	0.0100695	0.095438	0.916236	0.0464768	0.0100493	0.0820329	1.1857
166	0.0100695	0.0911227	0.916236	0.0464768	0.0100493	0.0844546	1.42086
167	0.0102905	0.0881028	0.966068	0.0449775	0.0100493	0.0841835	1.17607
168	0.0101551	0.0844608	0.876376	0.041979	0.0100493	0.0786126	1.03042
169	0.0102905	0.0760262	0.745016	0.0329835	0.0100493	0.0796616	1.09928
170	0.0102905	0.0698406	0.653781	0.0314843	0.0100493	0.0790999	1.09928
171	0.0100037	0.0655951	0.584779	0.0254873	0.0100493	0.0783945	1.13655
172	0.0100037	0.064462	0.554229	0.0194903	0.0100493	0.0784492	1.13655
173	0.0100037	0.0636073	0.539238	0.0224888	0.0100493	0.0777747	1.1857
174	0.0100037	0.0620086	0.517586	0.0209895	0.0100493	0.0772349	1.1857
175	0.0100037	0.0615823	0.496807	0.0194903	0.0100493	0.0739541	1.03042
176	0.0100037	0.0619618	0.528896	0.0209895	0.0100493	0.0745293	1.03042
177	0.0101551	0.0631361	0.635405	0.0314843	0.0100493	0.0760124	1.03042
178	0.0100037	0.0614767	0.554516	0.0269865	0.0100493	0.0764134	1.058
179	0.0100999	0.0595817	0.517586	0.0209895	0.0100493	0.0768292	1.12307
180	0.0102905	0.05784	0.494551	0.017991	0.0100493	0.0736604	1.03042
181	0.0100037	0.05627	0.424289	0.0149925	0.0102435	0.0728394	1.03042
182	0.0102905	0.0563173	0.466366	0.017991	0.0100588	0.0755684	1.12307
183	0.0100037	0.0550918	0.424289	0.017991	0.0100268	0.0790522	1.2795
184	0.0100037	0.0540924	0.394825	0.0194903	0.0100268	0.0814702	1.93744
185	0.0102905	0.0519877	0.394825	0.0149925	0.0102936	0.0872025	3.57211
186	0.0100999	0.0522478	0.394825	0.0149925	0.0100268	0.0873968	2.62278
187	0.0100999	0.0524326	0.394825	0.0149925	0.0100268	0.0887865	2.62278
188	0.0100037	0.053174	0.394825	0.0164918	0.0100268	0.0988244	4.85709
189	0.0100037	0.0544181	0.466366	0.023988	0.0102936	0.107622	8.67232
190	0.0100037	0.0550283	0.517586	0.0224888	0.0100268	0.127451	21.5562
191	0.0100037	0.0541492	0.462036	0.0209895	0.0100813	0.138286	26.3323
192	0.0100037	0.0535861	0.40177	0.017991	0.0100268	0.159822	36.0208
193	0.0100037	0.0521308	0.38211	0.0134933	0.0100813	0.163344	41.2844
194	0.0100037	0.0521265	0.390768	0.0134933	0.0102936	0.15278	36.0208
195	0.0100037	0.0511903	0.394825	0.0134933	0.0102936	0.139018	29.5797
196	0.0100037	0.051239	0.45593	0.017991	0.0100813	0.138017	27.4847
197	0.0100037	0.0501104	0.394825	0.0149925	0.0100813	0.129768	21.5562
198	0.0100037	0.0484022	0.372743	0.0104948	0.0100813	0.130191	21.5562
199	0.0100637	0.0481538	0.358296	0.0104948	0.0100813	0.135268	26.3323
200	0.0100637	0.0480073	0.357361	0.011994	0.0100813	0.133123	26.3323
201	0.0100037	0.0482372	0.350976	0.0104948	0.0104686	0.135794	27.5568
202	0.0100037	0.047249	0.321936	0.0089955	0.0104686	0.133803	26.5614
203	0.0100037	0.0471153	0.316224	0.0089955	0.0100813	0.133247	20.5097
204	0.0100037	0.0471806	0.320736	0.00749625	0.0100813	0.118414	8.62799
205	0.0100037	0.0463315	0.298969	0.005997	0.0104512	0.109968	5.57844
206	0.0100037	0.0462602	0.317972	0.005997	0.0104701	0.107392	5.57844
207	0.0100037	0.0467795	0.321936	0.0089955	0.0104512	0.109207	5.57844
208	0.0100179	0.0468245	0.343437	0.00749625	0.0100813	0.11032	6.70603
209	0.0100179	0.0469075	0.343437	0.00749625	0.0103785	0.115181	7.80031
210	0.0100817	0.0470914	0.357361	0.005997	0.0103785	0.118133	7.46757
211	0.0100179	0.0482745	0.357361	0.00749625	0.0103785	0.120411	7.80031
212	0.0100037	0.0500057	0.394825	0.0134933	0.0100813	0.127044	9.36865
213	0.0100037	0.0481743	0.34584	0.00749625	0.0100813	0.130496	11.1024
214	0.0100037	0.0481909	0.357361	0.00749625	0.0104098	0.140915	12.4669
215	0.0100037	0.0486037	0.372743	0.0089955	0.0100813	0.15485	12.4669
216	0.0100037	0.0481904	0.382022	0.0089955	0.0104686	0.174778	13.9427
217	0.0100037	0.0492253	0.382022	0.011994	0.0108864	0.187803	15.1677
218	0.0100817	0.0469425	0.373154	0.00749625	0.0111057	0.21086	17.0732
219	0.0100817	0.0464519	0.343873	0.00749625	0.0111057	0.222795	20.5097
220	0.0102293	0.0475602	0.373154	0.0104948	0.0101868	0.240273	20.5097
221	0.0100999	0.048026	0.373154	0.0104948	0.0103428	0.261282	22.6031
222	0.0100423	0.0505234	0.399287	0.0149925	0.0103428	0.27934	22.9327
223	0.0100423	0.0513583	0.402395	0.0164918	0.0103428	0.313738	29.3013
224	0.0100423	0.0513233	0.402395	0.017991	0.0108864	0.381546	42.2583
225	0.0100423	0.0531484	0.512198	0.0269865	0.0111057	0.444617	45.9839
226	0.0100423	0.0527784	0.497812	0.0254873	0.0108864	0.530903	45.9839
227	0.0100423	0.0530409	0.45593	0.0224888	0.0111057	0.563592	47.3616
228	0.0100423	0.0528975	0.494841	0.017991	0.0112998	0.653427	47.3616
229	0.0100423	0.0545416	0.512198	0.0164918	0.0124439	0.750047	59.7522
230	0.0100423	0.0564929	0.586348	0.0209895	0.0124393	0.824045	59.7522
231	0.0100423	0.0592559	0.688254	0.0254873	0.0124393	0.85557	60.0642
232	0.0100423	0.0593709	0.688254	0.023988	0.0119087	0.920342	59.7522
233	0.0102293	0.0582954	0.586348	0.0164918	0.0119087	0.862724	60.0642
234	0.0102293	0.0596727	0.580787	0.0164918	0.0119087	0.931078	61.4644
235	0.0102293	0.0610992	0.580787	0.0164918	0.0145216	0.997417	73.5976
236	0.0102293	0.0612885	0.580787	0.0149925	0.0145216	0.97711	73.5976
237	0.0102293	0.0620208	0.586348	0.017991	0.0145216	0.981857	73.5976
238	0.0102293	0.0615578	0.580787	0.017991	0.0145216	1.04868	73.5976
239	0.0102293	0.0618155	0.580787	0.0194903	0.0146908	1.13351	73.5976
240	0.0100817	0.0619902	0.551078	0.017991	0.0145216	1.18132	72.1096
241	0.0100817	0.0620057	0.554151	0.0209895	0.0180684	1.40179	87.29
242	0.0102293	0.0611856	0.554151	0.0164918	0.0199348	1.60851	95.1633
243	0.0100817	0.0625595	0.546711	0.0164918	0.0218835	1.83771	95.9404
244	0.0100817	0.0577307	0.490266	0.0089955	0.024044	2.22416	99.4667
245	0.0100817	0.0577853	0.490266	0.0104948	0.0313478	2.81414	95.9404
246	0.0100817	0.0580346	0.516511	0.0134933	0.0343797	3.15256	99.4667
247	0.0100817	0.0571073	0.467735	0.0149925	0.0264195	2.9451	99.4667
248	0.0100817	0.0565236	0.467735	0.0149925	0.0254162	2.85904	99.4667
249	0.0100817	0.0572373	0.467735	0.0149925	0.024084	2.61864	99.4667
250	0.0100817	0.0577307	0.490266	0.0134933	0.0196792	2.47671	79.0597
251	0.0102293	0.0587767	0.509023	0.0149925	0.0209917	2.24455	79.0597
252	0.0102293	0.0583715	0.514603	0.0164918	0.0205731	2.22597	79.0597
253	0.0103626	0.0602423	0.544219	0.0224888	0.0218835	2.3458	80.8623
254	0.0102293	0.0595018	0.544219	0.023988	0.0305596	2.56091	95.1633
255	0.0102293	0.0602801	0.578694	0.0254873	0.0345509	2.64874	95.1633
256	0.0102293	0.0634445	0.670277	0.0344828	0.0360201	2.69473	95.1633
257	0.0102293	0.0657805	0.724574	0.0374813	0.0334	2.63278	95.1633
258	0.0100477	0.0654662	0.711532	0.0344828	0.0305596	2.30332	95.1633
259	0.0102293	0.0701576	0.782215	0.0404798	0.0334	2.28705	95.1633
260	0.0102293	0.0764696	1.09767	0.0524738	0.0334	2.23443	95.1633
261	0.0100477	0.0840054	1.89779	0.0749625
