		omega		Posterior		rho				Synonymous theta			kappa			phi	
Site	Lower	Point	Higher	prob of +ve	Lower	Point	Higher		Lower	Point	Higher	Lower	Point	Higher	Lower	Point	Higher
	95% HPD	estimate	95% HPD	selection	95% HPD	estimate	95% HPD		95% HPD	estimate	95% HPD	95% HPD	estimate	95% HPD	95% HPD	estimate	95% HPD
0	0.017872	0.190612	1.66677	0.0809595	0.0100708	0.31416	53.5636		0.0304658	0.0477819	0.0715483	1.63711	3.74375	7.82045	0	0	0
1	0.017872	0.189077	1.57219	0.0734633	0.0100708	0.314689	42.4472
2	0.0189977	0.197488	1.60434	0.0734633	0.0100708	0.305261	38.2243
3	0.020372	0.204762	1.57524	0.0734633	0.0100708	0.300093	47.8917
4	0.0189977	0.207491	1.43076	0.0764618	0.0100708	0.272454	38.0163
5	0.0205333	0.215653	1.57524	0.0824588	0.0100708	0.242272	38.2243
6	0.0195866	0.233511	1.55278	0.0944528	0.0101245	0.199758	34.2014
7	0.0195866	0.259303	1.55304	0.106447	0.0100708	0.179591	23.8562
8	0.0195866	0.286522	1.87422	0.134933	0.0100708	0.175489	23.2434
9	0.0445447	0.372473	4.24245	0.197901	0.0100708	0.148297	13.5722
10	0.0406798	0.379677	4.24245	0.208396	0.0100708	0.0921212	0.800223
11	0.0114473	0.239507	1.97593	0.145427	0.0100708	0.0856316	0.645714
12	0.0100579	0.165013	1.55278	0.104948	0.0100708	0.0855035	0.607182
13	0.010767	0.126527	1.29273	0.077961	0.0100708	0.0887155	0.629866
14	0.0106126	0.102075	1.00086	0.0464768	0.0100708	0.0932832	0.668659
15	0.0106126	0.0882018	0.801749	0.029985	0.0100708	0.0969757	0.74147
16	0.0101598	0.0809101	0.751687	0.023988	0.0101245	0.0982923	0.730363
17	0.0104593	0.0750407	0.743615	0.017991	0.0101997	0.104165	0.812457
18	0.0100082	0.0681077	0.626699	0.0149925	0.0104701	0.106819	0.988959
19	0.0101037	0.0640096	0.578333	0.0134933	0.0101245	0.108362	0.988959
20	0.0100082	0.0590854	0.461013	0.0134933	0.0101245	0.110376	1.06659
21	0.0100082	0.0560541	0.428473	0.0089955	0.0101926	0.115632	1.73215
22	0.0101169	0.0525262	0.385886	0.005997	0.0101926	0.116436	1.73215
23	0.0100082	0.0499404	0.329408	0.00449775	0.0102328	0.111473	1.42896
24	0.0101037	0.0487641	0.320229	0.00449775	0.0101926	0.114892	1.73215
25	0.0100082	0.0467909	0.301891	0.00149925	0.0101926	0.118012	1.73215
26	0.0100082	0.0463246	0.298949	0.0029985	0.0101926	0.1204	1.42896
27	0.0101037	0.0440687	0.278575	0	0.0104464	0.116507	1.14759
28	0.0100082	0.0433828	0.255239	0	0.0101926	0.114351	1.01236
29	0.0100082	0.0435433	0.273792	0.00149925	0.0101926	0.111685	0.970128
30	0.0101037	0.0422704	0.244173	0.00149925	0.0101926	0.109866	0.970128
31	0.0100082	0.0415616	0.233493	0.00149925	0.0100728	0.110525	0.940218
32	0.0101037	0.040973	0.233493	0.00449775	0.0113419	0.108298	0.988959
33	0.0101037	0.0403087	0.233493	0.00149925	0.0101926	0.107629	0.796904
34	0.0100082	0.0399792	0.230035	0.00149925	0.0113419	0.102803	0.74147
35	0.0100082	0.040274	0.233493	0.00449775	0.0113419	0.0952737	0.617342
36	0.0101037	0.0407729	0.239909	0.00449775	0.011459	0.0949607	0.592283
37	0.0101037	0.0397112	0.233455	0.00149925	0.0116153	0.090068	0.485196
38	0.0101037	0.0380096	0.212818	0	0.011459	0.0877112	0.442427
39	0.0101037	0.036704	0.198272	0	0.0102328	0.084233	0.379643
40	0.0101037	0.0361223	0.192856	0	0.0105845	0.084029	0.374414
41	0.0101037	0.0356796	0.185575	0	0.0105845	0.0831481	0.372266
42	0.0100082	0.0360144	0.185575	0	0.0116153	0.0820224	0.379643
43	0.0100382	0.0357922	0.185575	0	0.0116153	0.0813723	0.379643
44	0.0100082	0.0355128	0.18045	0	0.0116153	0.0796015	0.384431
45	0.0100382	0.0351693	0.17274	0	0.0105845	0.0829854	0.384431
46	0.0101037	0.0359174	0.185575	0	0.0110125	0.0828499	0.402109
47	0.0100382	0.0371237	0.194947	0.00449775	0.0110125	0.082981	0.402109
48	0.0103543	0.0376792	0.199632	0.0029985	0.0113418	0.0834825	0.417056
49	0.0101037	0.0382822	0.194947	0.0029985	0.0105845	0.0839238	0.417056
50	0.0101037	0.0385377	0.199632	0.00149925	0.0106354	0.083056	0.417056
51	0.0103543	0.0379863	0.199632	0	0.0100442	0.0844019	0.402109
52	0.0101037	0.0383227	0.199632	0.00149925	0.0102119	0.0846071	0.415755
53	0.0102454	0.0381642	0.199632	0.00149925	0.0100037	0.081882	0.402109
54	0.0102454	0.0385335	0.199632	0	0.0100037	0.0813178	0.390742
55	0.0103543	0.0382313	0.194947	0.00149925	0.0100037	0.0818337	0.402109
56	0.0101037	0.0375896	0.175777	0	0.0100037	0.0830946	0.417056
57	0.0103543	0.0370407	0.172494	0	0.0100037	0.0844325	0.426419
58	0.0101037	0.0366912	0.165951	0	0.0100442	0.0849642	0.438652
59	0.0103543	0.0368196	0.165951	0	0.0100442	0.0824197	0.417056
60	0.0103543	0.0373457	0.169247	0.00149925	0.0102119	0.0806361	0.416018
61	0.0103543	0.0372517	0.169247	0.00149925	0.0102119	0.0793239	0.417056
62	0.0102529	0.0371613	0.162288	0	0.0102119	0.0769267	0.402109
63	0.0103543	0.0370016	0.17128	0	0.0102119	0.0734197	0.389564
64	0.0102529	0.0377033	0.174636	0	0.0102119	0.072054	0.389564
65	0.0103543	0.0375363	0.18088	0	0.0100813	0.0700553	0.338436
66	0.0101037	0.0380357	0.183836	0	0.0100813	0.0682922	0.331467
67	0.0102529	0.0376911	0.181957	0	0.0102119	0.0646681	0.302465
68	0.0103543	0.0379105	0.181957	0	0.0100813	0.0636675	0.278032
69	0.0103543	0.0377079	0.181957	0	0.0100813	0.0630587	0.271729
70	0.0103543	0.0373612	0.181957	0	0.0101271	0.0622908	0.258032
71	0.0101037	0.038222	0.181957	0.00149925	0.0100813	0.0611811	0.245688
72	0.0101037	0.038742	0.184505	0	0.0101271	0.0601356	0.230206
73	0.0105018	0.0392884	0.195035	0	0.0104646	0.0588835	0.231988
74	0.0101695	0.0391691	0.184505	0	0.0100813	0.0577034	0.218599
75	0.0103867	0.0396669	0.195035	0	0.0100813	0.0577933	0.218599
76	0.0105587	0.0395294	0.195035	0	0.0101271	0.0569789	0.218599
77	0.0101037	0.0411012	0.205897	0.00149925	0.0100813	0.0567444	0.216422
78	0.0101037	0.0408269	0.204348	0	0.0102119	0.0529904	0.196104
79	0.0106064	0.0414932	0.220218	0.00149925	0.0100813	0.0521445	0.185047
80	0.0105018	0.0419912	0.220218	0.00149925	0.0100813	0.0515015	0.179378
81	0.0103543	0.0427824	0.223014	0.00149925	0.0100813	0.0516519	0.179378
82	0.0101037	0.043036	0.223014	0	0.0100813	0.0516505	0.180796
83	0.0101037	0.0435283	0.236873	0	0.0101271	0.0524655	0.187685
84	0.0103779	0.0446065	0.248255	0	0.0100813	0.0532836	0.193631
85	0.0103543	0.0447783	0.248255	0	0.0100813	0.0540791	0.200456
86	0.0101037	0.0465007	0.265661	0	0.0100813	0.0551544	0.20369
87	0.0101037	0.0487474	0.273706	0	0.0100813	0.056111	0.205974
88	0.0103543	0.0501688	0.306403	0	0.0100813	0.0557425	0.205974
89	0.0101037	0.0519186	0.34827	0.0029985	0.0101271	0.0562499	0.205974
90	0.0103543	0.0533436	0.389765	0.005997	0.0103661	0.0555423	0.205974
91	0.0103543	0.0568689	0.431479	0.0089955	0.0101271	0.0550705	0.19716
92	0.0105018	0.0598077	0.533398	0.0209895	0.0101271	0.0562134	0.205974
93	0.0106848	0.0651469	0.648571	0.0284858	0.0103682	0.0561555	0.208061
94	0.0103543	0.0583267	0.424159	0.011994	0.0103682	0.0584133	0.218551
95	0.0101037	0.0539545	0.355941	0.00449775	0.0104646	0.0591077	0.22444
96	0.0101037	0.0510847	0.312395	0.0029985	0.0103682	0.0604985	0.230206
97	0.0103042	0.0499595	0.306403	0.0029985	0.0103682	0.0617925	0.235668
98	0.0101695	0.048019	0.242211	0.00149925	0.0102119	0.0631033	0.24583
99	0.0101695	0.0473178	0.242211	0.0029985	0.0100813	0.0638811	0.259837
100	0.0101695	0.0461308	0.229794	0	0.0100813	0.0649793	0.265203
101	0.0103042	0.0459102	0.229794	0	0.0100813	0.0672705	0.299614
102	0.0102831	0.0450664	0.22454	0	0.0101271	0.0695827	0.327178
103	0.0102831	0.0448832	0.222224	0	0.0104646	0.0759165	0.398417
104	0.0101658	0.0452292	0.22454	0.00149925	0.0103682	0.0749202	0.374898
105	0.0101658	0.0450999	0.22454	0.00149925	0.0103682	0.0757823	0.372817
106	0.0101658	0.0450105	0.223014	0	0.0103682	0.0760396	0.368061
107	0.0101658	0.0449994	0.240284	0	0.0103682	0.0773506	0.351332
108	0.0101658	0.0446313	0.240284	0	0.0103682	0.0834766	0.376492
109	0.0101658	0.0446563	0.240284	0.0029985	0.0103682	0.0895701	0.398417
110	0.0101658	0.044932	0.253728	0.0029985	0.0103682	0.0941587	0.408454
111	0.0103042	0.045126	0.273706	0.00449775	0.0124253	0.0978174	0.456238
112	0.0101658	0.044124	0.2516	0.0029985	0.0124253	0.101702	0.453795
113	0.0101658	0.0441548	0.2516	0.00149925	0.012055	0.105294	0.465331
114	0.0103042	0.0446641	0.273706	0.00149925	0.0124581	0.105153	0.456238
115	0.0101658	0.0453915	0.273706	0.00149925	0.012055	0.1072	0.426216
116	0.0101658	0.0469302	0.303886	0.00749625	0.0124989	0.111567	0.456238
117	0.0101658	0.046633	0.29927	0.00449775	0.0124581	0.11591	0.456238
118	0.0101658	0.0458932	0.290311	0.0029985	0.0124989	0.117633	0.456238
119	0.0101658	0.0441515	0.255395	0.00149925	0.0190749	0.121546	0.64585
120	0.0101658	0.0453191	0.273706	0.00149925	0.0200866	0.12402	0.594043
121	0.0101658	0.0466967	0.304037	0.00149925	0.0227261	0.12672	0.61979
122	0.0101658	0.0473604	0.328901	0.005997	0.0227261	0.127778	0.642367
123	0.0101658	0.0493151	0.371022	0.00449775	0.0227261	0.129693	0.642367
124	0.0101658	0.0502902	0.382487	0.00449775	0.0227261	0.132725	0.642367
125	0.0101658	0.0512609	0.407242	0.00449775	0.0227261	0.133451	0.61979
126	0.0101658	0.052828	0.474656	0.00449775	0.0229046	0.134198	0.61979
127	0.0101658	0.0549611	0.520452	0.0089955	0.0227261	0.136174	0.599906
128	0.0101658	0.0603835	0.669025	0.017991	0.0229046	0.135962	0.61979
129	0.0101658	0.0659568	0.726283	0.023988	0.0223239	0.138748	0.642367
130	0.0101658	0.0734133	0.888009	0.0389805	0.0223239	0.146579	0.599906
131	0.0101658	0.0891537	1.1346	0.0689655	0.024063	0.152372	0.642367
132	0.0103543	0.117802	1.39147	0.113943	0.024063	0.157503	0.642367
133	0.0101658	0.185684	1.83685	0.182909	0.0277177	0.157829	0.797706
134	0.0122484	0.284497	2.95697	0.26087	0.0242946	0.161312	0.61979
135	0.0263363	0.780334	5.62166	0.473763	0.024063	0.164702	0.657772
136	0.0246404	0.763913	5.62166	0.467766	0.024063	0.167573	0.643407
137	0.0513925	0.885351	9.51144	0.514243	0.0265942	0.169765	0.797706
138	0.220218	1.29494	9.31706	0.5997	0.0265942	0.176254	0.797706
139	0.188477	1.16866	8.48361	0.565217	0.0316323	0.169666	0.797706
140	0.0390875	0.591035	4.06027	0.374813	0.0281157	0.16641	0.754701
141	0.0367377	0.471068	3.21469	0.314843	0.024063	0.161229	0.636521
142	0.0323654	0.423361	2.97791	0.283358	0.024063	0.157824	0.676609
143	0.0338134	0.39742	2.87195	0.262369	0.024063	0.158538	0.659385
144	0.0323654	0.382434	2.61292	0.257871	0.024063	0.159003	0.74287
145	0.0338134	0.378277	2.97791	0.254873	0.024063	0.161732	0.754701
146	0.0125444	0.200287	1.92994	0.154423	0.0241461	0.167641	0.785706
147	0.0112338	0.14965	1.67098	0.110945	0.0241461	0.169979	0.785706
148	0.010015	0.115266	1.27521	0.077961	0.0241461	0.171527	0.785706
149	0.010015	0.1002	1.11822	0.065967	0.0259291	0.179686	0.9529
150	0.010015	0.0792555	0.817016	0.035982	0.0251245	0.186997	0.900439
151	0.010015	0.0709823	0.669626	0.029985	0.0259291	0.185926	1.01347
152	0.0100481	0.0682505	0.583239	0.023988	0.0259291	0.188889	0.982375
153	0.0100481	0.0650011	0.563566	0.0209895	0.0259291	0.189446	0.982375
154	0.010015	0.0622035	0.487004	0.0164918	0.0259291	0.185581	0.9529
155	0.010015	0.0587611	0.434835	0.0104948	0.0251037	0.181834	0.9529
156	0.0100481	0.0566318	0.420388	0.0089955	0.0251037	0.176731	0.982375
157	0.010015	0.0535095	0.360393	0.00449775	0.0251037	0.170157	0.754701
158	0.010015	0.0524355	0.343009	0.00449775	0.0221208	0.164318	0.841239
159	0.010015	0.0508733	0.314811	0.0029985	0.0176663	0.162794	0.754701
160	0.0100481	0.0500662	0.269137	0.00449775	0.0251037	0.165542	1.18588
161	0.010015	0.0481472	0.243226	0.0029985	0.0188446	0.17489	1.10502
162	0.010015	0.0478539	0.243226	0.0029985	0.0105476	0.179036	0.690762
163	0.010015	0.0475388	0.243226	0.0029985	0.0105476	0.185049	0.841239
164	0.010015	0.0475447	0.234759	0.00149925	0.0121702	0.193614	1.17459
165	0.010015	0.0474848	0.235814	0.00149925	0.0105476	0.210129	1.36907
166	0.0100481	0.0475879	0.234759	0.00149925	0.0105737	0.224866	2.88798
167	0.0101936	0.0469963	0.235814	0	0.0105476	0.253788	9.86015
168	0.0102416	0.0465057	0.234759	0	0.0105476	0.278212	17.3875
169	0.0102416	0.0463438	0.233818	0	0.0105476	0.284134	21.3924
170	0.0101936	0.0467651	0.235814	0	0.0105737	0.287832	22.3502
171	0.010015	0.0470852	0.234759	0.0029985	0.0105476	0.29477	22.3502
172	0.010015	0.0473507	0.246928	0.00449775	0.0105476	0.30715	26.864
173	0.010015	0.047526	0.252791	0.00749625	0.0133779	0.31358	32.0943
174	0.0100481	0.0457448	0.232707	0	0.0105476	0.309527	22.635
175	0.0100481	0.0454506	0.232707	0	0.0105997	0.322177	22.635
176	0.010015	0.0450378	0.230407	0	0.0105476	0.357906	22.635
177	0.0100481	0.0449351	0.232707	0	0.0105476	0.396547	30.2331
178	0.010015	0.0458826	0.234082	0.0029985	0.0100914	0.439085	32.8917
179	0.010015	0.0468474	0.258619	0.00449775	0.0138888	0.491814	53.3084
180	0.010015	0.0477783	0.298166	0.00749625	0.0138888	0.519239	55.8943
181	0.010015	0.0528901	0.419572	0.0209895
