		omega		Posterior		rho				Synonymous theta			kappa			phi	
Site	Lower	Point	Higher	prob of +ve	Lower	Point	Higher		Lower	Point	Higher	Lower	Point	Higher	Lower	Point	Higher
	95% HPD	estimate	95% HPD	selection	95% HPD	estimate	95% HPD		95% HPD	estimate	95% HPD	95% HPD	estimate	95% HPD	95% HPD	estimate	95% HPD
0	0.0100376	0.0679864	0.850968	0.041979	0.0113684	0.494385	30.0279		0.0125887	0.0201346	0.0319772	0.600717	1.4911	3.42634	0	0	0
1	0.0100376	0.0675002	0.786847	0.0434783	0.0132806	0.473227	34.1291
2	0.0100376	0.0629294	0.563626	0.0284858	0.0113684	0.457663	30.8472
3	0.0100376	0.0633057	0.5315	0.023988	0.0113684	0.425431	31.4576
4	0.0100376	0.0651715	0.543098	0.0269865	0.0113684	0.37749	32.9542
5	0.0100376	0.0652814	0.543098	0.0269865	0.0115142	0.392995	37.2355
6	0.0100044	0.0627879	0.518409	0.017991	0.0101458	0.418443	37.2355
7	0.0100437	0.0602825	0.496337	0.0149925	0.0113684	0.448335	48.1737
8	0.0100044	0.0573514	0.42237	0.011994	0.0130474	0.467798	54.3615
9	0.0100044	0.0560366	0.387489	0.011994	0.0116964	0.47499	51.4142
10	0.0100044	0.055848	0.363727	0.0104948	0.0116964	0.463671	50.2257
11	0.0100044	0.0563539	0.378774	0.011994	0.0117355	0.431679	50.2257
12	0.0100044	0.055646	0.363727	0.011994	0.0101458	0.339324	37.2355
13	0.0100044	0.0547331	0.340912	0.0104948	0.0101458	0.31517	34.3552
14	0.0100044	0.0559003	0.357282	0.011994	0.0101458	0.308098	34.3552
15	0.0100376	0.0562282	0.357282	0.011994	0.0101458	0.3117	34.3552
16	0.0100044	0.0566797	0.340912	0.0104948	0.0101458	0.289869	36.9786
17	0.0100044	0.0574601	0.357282	0.011994	0.0101458	0.27203	30.7486
18	0.0100044	0.0585446	0.371791	0.0164918	0.0101458	0.240868	30.7486
19	0.0100044	0.0583043	0.357282	0.0149925	0.0101458	0.206407	24.3017
20	0.0102199	0.0587196	0.378774	0.0149925	0.0101458	0.203776	30.3626
21	0.0100044	0.0637847	0.415165	0.0254873	0.0101458	0.184005	25.0792
22	0.0100044	0.0596929	0.363727	0.0134933	0.0101458	0.166477	21.3738
23	0.0100044	0.0588046	0.340912	0.0089955	0.0101191	0.132642	14.0398
24	0.0100044	0.0600914	0.352305	0.00749625	0.0101191	0.115897	9.61549
25	0.0100044	0.0613087	0.352305	0.00749625	0.0101191	0.108241	6.80087
26	0.0100376	0.0632992	0.375788	0.0089955	0.0101191	0.105169	5.87516
27	0.0100044	0.0614462	0.339043	0.005997	0.0101191	0.103358	5.87516
28	0.0100044	0.060931	0.339043	0.005997	0.0100213	0.0943532	4.16642
29	0.0100044	0.0612717	0.340912	0.00449775	0.0100213	0.0846734	4.05763
30	0.0100044	0.0611225	0.340912	0.00449775	0.0100213	0.0783803	3.58123
31	0.0100044	0.0607597	0.324846	0.00449775	0.0100213	0.0718129	2.51962
32	0.0100044	0.0609025	0.363727	0.005997	0.0100213	0.0690044	2.80951
33	0.0102019	0.0607172	0.324846	0.00449775	0.0100213	0.0656426	2.49349
34	0.0100044	0.0626341	0.320337	0.005997	0.0100213	0.0628746	2.49349
35	0.0101859	0.0645657	0.378774	0.005997	0.0100213	0.0650528	2.80951
36	0.0106617	0.0671225	0.447001	0.0089955	0.0100213	0.0610344	2.80951
37	0.0102019	0.0704876	0.447001	0.0134933	0.0100213	0.0561291	2.49349
38	0.0102019	0.072228	0.465616	0.017991	0.0100213	0.0520107	1.89844
39	0.0100044	0.0725019	0.449575	0.017991	0.0100213	0.0512006	1.78475
40	0.0100044	0.0725686	0.449575	0.0134933	0.0100213	0.0506262	1.75343
41	0.0100044	0.071588	0.449575	0.0104948	0.0100213	0.0491016	1.66876
42	0.0106617	0.0764952	0.51797	0.0149925	0.0100568	0.0464992	1.28976
43	0.0106617	0.0760138	0.51797	0.00749625	0.0100213	0.042713	0.753942
44	0.0100044	0.0766401	0.480311	0.00449775	0.0100213	0.0415785	0.814578
45	0.0106617	0.0812546	0.542015	0.0104948	0.0100213	0.0401406	0.507132
46	0.0106617	0.0794547	0.514662	0.0089955	0.0100213	0.0398848	0.410956
47	0.0106617	0.0820948	0.514662	0.005997	0.0100213	0.0377068	0.342066
48	0.0106617	0.0832795	0.514662	0.00749625	0.0100213	0.0373056	0.341335
49	0.0106617	0.0842434	0.51797	0.00749625	0.0100213	0.0341063	0.240263
50	0.010097	0.0882962	0.549148	0.0134933	0.0100213	0.0377501	0.33191
51	0.0100044	0.089706	0.5315	0.011994	0.0100213	0.0435371	3.16976
52	0.0102019	0.0937715	0.576589	0.0134933	0.0100568	0.0444925	3.59442
53	0.0110058	0.0940539	0.561763	0.0089955	0.0100213	0.0486732	6.46984
54	0.0105436	0.0958851	0.561763	0.011994	0.0100213	0.0482753	5.41133
55	0.0110058	0.0990734	0.619859	0.0149925	0.0100213	0.0466027	4.86171
56	0.0110058	0.101482	0.645345	0.0134933	0.0100213	0.0524261	12.2238
57	0.0125579	0.104048	0.743433	0.0134933	0.0100213	0.0586183	25.4462
58	0.0123431	0.109068	0.816125	0.023988	0.0100213	0.0641864	28.3977
59	0.0116159	0.115489	0.852351	0.0314843	0.0100213	0.0702714	30.1299
60	0.010186	0.12178	0.898892	0.0434783	0.0100213	0.0748153	30.8456
61	0.0102019	0.127533	0.852547	0.0434783	0.0100213	0.0788081	34.6892
62	0.0110262	0.137826	0.994526	0.0464768	0.0100213	0.0788422	34.6892
63	0.0159343	0.145882	1.33033	0.0494753	0.0100313	0.0802702	34.8711
64	0.0159343	0.148295	1.33033	0.0494753	0.0100213	0.085069	30.8456
65	0.0159343	0.160007	1.4426	0.0629685	0.0100213	0.0899429	30.8456
66	0.0159343	0.170469	1.33033	0.0674663	0.0100213	0.0892514	25.612
67	0.0214016	0.227803	7.41585	0.122939	0.0100408	0.0954517	18.524
68	0.0180607	0.164503	1.45482	0.0584708	0.0100213	0.0973392	16.6162
69	0.0160207	0.151614	1.30602	0.0449775	0.0100213	0.101822	16.2955
70	0.0160207	0.131208	0.968046	0.0194903	0.0100213	0.094176	10.4188
71	0.0120806	0.125579	0.745195	0.017991	0.0100213	0.0862828	7.21798
72	0.0134253	0.120428	0.845248	0.0194903	0.0100213	0.07965	6.46984
73	0.0120806	0.117346	0.754525	0.017991	0.0100213	0.084496	8.02192
74	0.0120806	0.116521	0.754525	0.0164918	0.0100408	0.103077	14.7666
75	0.0103721	0.109367	0.619859	0.0149925	0.0100213	0.121617	24.3359
76	0.0103721	0.109293	0.650098	0.0194903	0.0100213	0.123634	20.9173
77	0.0100368	0.108035	0.649586	0.017991	0.0100213	0.116393	18.3174
78	0.0100057	0.104088	0.614581	0.0149925	0.0100213	0.119107	16.2955
79	0.0100057	0.101459	0.614581	0.0149925	0.0100213	0.12496	19.692
80	0.0100057	0.0994478	0.604555	0.0149925	0.0100213	0.12278	17.7232
81	0.0100057	0.0962323	0.604555	0.0134933	0.0100213	0.119314	15.2247
82	0.0100057	0.0967154	0.593006	0.0104948	0.0100408	0.120191	15.2247
83	0.010211	0.0974559	0.604555	0.0089955	0.0100408	0.12417	15.3558
84	0.010211	0.0957157	0.604555	0.0089955	0.0100408	0.130841	19.692
85	0.0111933	0.0959329	0.668094	0.00749625	0.0100408	0.155632	26.5332
86	0.0100057	0.0955221	0.57998	0.0029985	0.0100408	0.166796	30.4613
87	0.0100057	0.0981015	0.574582	0.0029985	0.0100408	0.186647	31.8246
88	0.010211	0.0982547	0.574582	0.00149925	0.0100408	0.191996	31.8246
89	0.0104184	0.0978982	0.574582	0.00149925	0.0100408	0.182164	28.8034
90	0.0104184	0.0988869	0.600678	0.00449775	0.0100408	0.192911	28.5347
91	0.0104184	0.0968244	0.574582	0.00149925	0.0100408	0.190954	28.5347
92	0.0104184	0.0963844	0.569119	0.00149925	0.0100408	0.179155	22.2239
93	0.0105003	0.0989121	0.569119	0.005997	0.0100408	0.180949	20.0839
94	0.0104184	0.0971459	0.561363	0.00749625	0.0100408	0.173011	16.2955
95	0.0104184	0.0958096	0.561363	0.0104948	0.0101515	0.173408	19.7692
96	0.0104184	0.0951495	0.574582	0.011994	0.0101574	0.193006	23.8147
97	0.0105003	0.0924273	0.561363	0.0104948	0.0101515	0.197072	25.2469
98	0.0104184	0.0918288	0.561363	0.0104948	0.0101515	0.216978	32.6132
99	0.0104184	0.0924185	0.561363	0.011994	0.0102786	0.236807	42.462
100	0.0104184	0.094625	0.574582	0.0104948	0.0101574	0.232635	42.3538
101	0.0104184	0.0974972	0.593006	0.011994	0.0101574	0.240384	42.3538
102	0.0104184	0.0995872	0.600678	0.0149925	0.0104806	0.245993	44.4203
103	0.0117158	0.100873	0.675977	0.0149925	0.0104157	0.257811	44.8498
104	0.0117158	0.103999	0.71677	0.0194903	0.0100292	0.278291	45.6193
105	0.0117158	0.106763	0.733343	0.017991	0.0101574	0.331773	44.8498
106	0.0117158	0.109178	0.745195	0.017991	0.0101574	0.397186	45.6193
107	0.0117158	0.11176	0.789794	0.017991	0.0104157	0.409283	45.6193
108	0.0117158	0.117279	0.86562	0.0284858	0.0100292	0.467816	45.6193
109	0.0117158	0.121299	0.87149	0.029985	0.0100292	0.509446	47.8046
110	0.0113712	0.125669	0.960709	0.0389805	0.0101574	0.587653	50.7555
111	0.0117158	0.131451	0.99893	0.0389805	0.0101574	0.623473	54.3988
112	0.0132999	0.152933	1.3074	0.0569715	0.0104157	0.670806	54.3988
113	0.0117158	0.169346	1.24842	0.0734633	0.0104157	0.682376	52.9643
114	0.0117284	0.210382	1.5318	0.104948	0.0104157	0.76963	52.9643
115	0.023252	0.27469	2.89459	0.152924	0.0104157	0.785644	55.8
116	0.0260107	0.359312	2.96339	0.206897	0.016909	0.874948	80.8676
117	0.0348941	0.323205	2.96339	0.181409	0.0100321	0.699059	50.2856
118	0.0338785	0.3064	2.84082	0.164918	0.016909	0.568195	67.7098
119	0.0338785	0.300721	2.84082	0.161919	0.0100321	0.409807	36.0838
120	0.0338785	0.301752	2.84082	0.163418	0.0100321	0.368348	33.246
121	0.0267709	0.308351	2.34541	0.167916	0.0100321	0.320004	26.7008
122	0.0333314	0.311257	2.84082	0.175412	0.0100321	0.293308	21.611
123	0.0333314	0.334331	2.84082	0.188906	0.0100321	0.268755	18.1278
124	0.0255737	0.283366	2.34541	0.157421	0.0100321	0.264146	25.0194
125	0.0215415	0.250787	2.48702	0.142429	0.0100321	0.264438	34.1073
126	0.0209642	0.212399	2.51853	0.113943	0.0100321	0.232607	22.9433
127	0.0136292	0.179974	1.65037	0.0974513	0.0100321	0.210893	17.1
128	0.0136292	0.168827	1.68628	0.0944528	0.0100321	0.193698	20.822
129	0.0107867	0.14994	1.3691	0.0854573	0.0100321	0.184348	11.3282
130	0.0111403	0.137566	1.27336	0.0749625	0.0100321	0.167039	9.94824
131	0.0125693	0.126447	1.3691	0.0674663	0.0100321	0.156927	7.06511
132	0.0110489	0.116906	1.13997	0.05997	0.0100321	0.149369	5.55086
133	0.0101472	0.10754	0.898689	0.0449775	0.0100321	0.136691	1.78207
134	0.0101472	0.0970571	0.798027	0.035982	0.0100321	0.123259	1.28715
135	0.0100156	0.0889077	0.675977	0.0254873	0.0100321	0.100524	0.83441
136	0.0100061	0.0848923	0.599126	0.0254873	0.0100321	0.0877942	0.694752
137	0.0100061	0.0820128	0.56795	0.0209895	0.0100321	0.0815875	0.640442
138	0.0100061	0.0794555	0.555809	0.0224888	0.0100321	0.0803765	0.694752
139	0.0100061	0.0758713	0.474363	0.0209895	0.0100321	0.0809883	0.720749
140	0.0100058	0.0707227	0.41165	0.011994	0.0100321	0.0809144	0.773594
141	0.0100061	0.068612	0.410106	0.0134933	0.0100321	0.0785332	0.738777
142	0.0100058	0.0679618	0.410106	0.0149925	0.0100321	0.0766622	0.694752
143	0.0104228	0.0661356	0.41165	0.0104948	0.0100321	0.0737496	0.610265
144	0.0104228	0.0655763	0.416466	0.0089955	0.0100321	0.0716234	0.610265
145	0.0104228	0.0654232	0.417798	0.011994	0.0100321	0.069832	0.694752
146	0.0100058	0.064848	0.410106	0.0134933	0.0100321	0.0647368	0.566836
147	0.0100058	0.0622858	0.40537	0.0134933	0.0100321	0.0613604	0.465821
148	0.0100058	0.0606771	0.40537	0.0149925	0.0100321	0.0600682	0.456684
149	0.0100061	0.0580865	0.403311	0.0089955	0.0100321	0.0579642	0.416242
150	0.0100058	0.0565648	0.403311	0.0089955	0.0100321	0.0557284	0.352598
151	0.0100058	0.0552982	0.403311	0.0089955	0.0100321	0.0557448	0.404583
152	0.0104228	0.0546584	0.413472	0.0104948	0.0100321	0.0572945	0.422744
153	0.0100058	0.0528646	0.38111	0.00749625	0.0100321	0.0547606	0.352598
154	0.0100058	0.0530441	0.38111	0.00749625	0.0100321	0.053315	0.326283
155	0.0100058	0.0526806	0.379397	0.00449775	0.0100321	0.0507742	0.284967
156	0.0100058	0.0534206	0.379397	0.00749625	0.0100321	0.050307	0.283672
157	0.0104228	0.0530489	0.40537	0.0089955	0.0100321	0.0499087	0.27739
158	0.0103827	0.0536491	0.40537	0.011994	0.0100321	0.0530025	0.334785
159	0.0103827	0.0530537	0.409673	0.0149925	0.0100321	0.0511047	0.315367
160	0.0100156	0.0508466	0.38111	0.011994	0.0100321	0.050795	0.31624
161	0.0100156	0.0494506	0.375488	0.005997	0.010106	0.0507024	0.326283
162	0.0100156	0.0479513	0.326205	0.00449775	0.010106	0.0513828	0.366382
163	0.0100156	0.046174	0.265469	0.00149925	0.010106	0.0496223	0.283672
164	0.0100156	0.0462416	0.267563	0.00149925	0.010106	0.0500323	0.283672
165	0.0103626	0.0471066	0.274737	0.00449775	0.0103197	0.0498658	0.283672
166	0.0100219	0.0462108	0.253556	0.00149925	0.0102476	0.050805	0.315367
167	0.0100219	0.0454936	0.253556	0.00149925	0.0103197	0.0512486	0.377018
168	0.0100219	0.0455908	0.253556	0.0029985	0.0102476	0.0518363	0.373339
169	0.0100219	0.0480851	0.282823	0.0104948	0.0102476	0.0508459	0.326283
170	0.0100219	0.049387	0.354438	0.0134933	0.0102476	0.050667	0.337236
171	0.0100219	0.0510151	0.375488	0.017991	0.0102476	0.0504361	0.312167
172	0.0100142	0.0490107	0.326205	0.0104948	0.0101932	0.0497232	0.312167
173	0.0100142	0.0475552	0.27153	0.00749625	0.0101932	0.0499885	0.300429
174	0.0100142	0.0475449	0.274737	0.0089955	0.0101932	0.0498554	0.300429
175	0.0100142	0.0465636	0.267586	0.005997	0.0101932	0.0504136	0.300429
176	0.0100142	0.0467804	0.282823	0.00749625	0.0100508	0.0504234	0.293185
177	0.0100142	0.0475971	0.299091	0.00749625	0.0100508	0.0490643	0.280342
178	0.0100142	0.0477866	0.282823	0.00449775	0.0101932	0.0475458	0.279066
179	0.0100142	0.0483341	0.313675	0.0029985	0.0100508	0.0466604	0.243052
180	0.0100516	0.050184	0.326654	0.0089955	0.0100508	0.0458296	0.225834
181	0.0100142	0.0510639	0.326654	0.0104948	0.0100508	0.0463172	0.225834
182	0.0100142	0.0524553	0.336279	0.0089955	0.0100508	0.0463837	0.225834
183	0.0100142	0.0533026	0.326205	0.00749625	0.0100508	0.0460622	0.224161
184	0.0100142	0.0561384	0.38111	0.0134933	0.0100508	0.0460264	0.225109
185	0.0100142	0.0571889	0.397373	0.0149925	0.0100508	0.0459705	0.227829
186	0.0100142	0.0583048	0.444599	0.0209895	0.0100508	0.0449125	0.225834
187	0.0101185	0.0605187	0.482156	0.023988	0.0100609	0.0433641	0.204145
188	0.0101185	0.0611986	0.487842	0.023988	0.0100419	0.0423291	0.199684
189	0.0101185	0.0609132	0.487842	0.017991	0.0100419	0.0422741	0.197843
190	0.0100142	0.0609001	0.444599	0.011994	0.0100419	0.0431889	0.203687
191	0.0101185	0.0616162	0.465362	0.011994	0.0100419	0.0451174	0.214148
192	0.0101875	0.0611432	0.44023	0.0089955	0.0100419	0.0439333	0.204017
193	0.0101875	0.0626828	0.437657	0.0089955	0.0100419	0.0440179	0.219988
194	0.0101185	0.0643583	0.416415	0.0089955	0.0100419	0.0422731	0.18896
195	0.0101185	0.0661686	0.442969	0.0104948	0.0100419	0.042021	0.169976
196	0.0101185	0.0666055	0.442969	0.005997	0.0101932	0.0394493	0.159487
197	0.0101875	0.0662642	0.416415	0.0029985	0.010239	0.0378439	0.153063
198	0.0101185	0.0675442	0.421078	0.00149925	0.0101932	0.0369442	0.153063
199	0.0101185	0.0685325	0.442969	0.00149925	0.0101543	0.0364334	0.146223
200	0.0101185	0.0713089	0.455043	0.00449775	0.0100419	0.0357137	0.13408
201	0.0101185	0.0725185	0.442969	0.00449775	0.0101543	0.0351636	0.13408
202	0.0101185	0.0758771	0.447836	0.005997	0.0100419	0.0346559	0.127034
203	0.0101185	0.0779632	0.472975	0.005997	0.0100419	0.0344559	0.124499
204	0.0101185	0.079716	0.465362	0.005997	0.0100419	0.0339928	0.123006
205	0.0101185	0.0799674	0.479804	0.00749625	0.0100419	0.0338754	0.123006
206	0.0101185	0.0813243	0.490977	0.005997	0.0100419	0.0339537	0.123006
207	0.0101001	0.0803214	0.479804	0.0029985	0.0101543	0.0334234	0.118328
208	0.0101001	0.0816126	0.479804	0.00449775	0.010239	0.0332764	0.11879
209	0.0103827	0.0854808	0.528449	0.0029985	0.010239	0.0332067	0.118328
210	0.0103827	0.0873556	0.539108	0.00149925	0.0101543	0.0329163	0.110108
211	0.0103827	0.0904104	0.531178	0.00149925	0.010239	0.0326399	0.109399
212	0.0103827	0.0909408	0.539108	0.0029985	0.0100419	0.0324976	0.10571
213	0.0101868	0.0930543	0.539108	0.005997	0.0101543	0.0326559	0.109399
214	0.0101001	0.0954372	0.539108	0.00749625	0.0100419	0.0328378	0.110108
215	0.0101001	0.0985586	0.539108	0.00749625	0.0100419	0.0329213	0.110664
216	0.0101001	0.106002	0.596876	0.0149925	0.0100419	0.0328093	0.110664
217	0.0101001	0.110861	0.619853	0.0164918	0.0100419	0.032792	0.110664
218	0.0114308	0.11714	0.743481	0.0209895	0.0100419	0.0328878	0.110664
219	0.0115661	0.124655	0.781359	0.023988	0.0100508	0.0332458	0.110664
220	0.0114825	0.137204	0.830159	0.0314843	0.0102476	0.0336881	0.11879
221	0.0114825	0.157552	1.12123	0.0509745	0.0101543	0.033893	0.118328
222	0.0107752	0.180933	1.20892	0.065967	0.0102476	0.0337647	0.11879
223	0.0186761	0.212922	1.94992	0.0764618	0.0100508	0.034234	0.11879
224	0.0267709	0.250816	1.90673	0.0944528	0.0100508	0.034863	0.127034
225	0.0300899	0.232095	1.90673	0.0734633	0.0101543	0.035309	0.133707
226	0.0262605	0.215816	1.76738	0.065967	0.0101932	0.0358682	0.133707
227	0.0212364	0.210735	1.32675	0.0584708	0.0101543	0.0370757	0.150509
228	0.0254208	0.204464	1.2864	0.0494753	0.0101314	0.036162	0.145908
229	0.0246173	0.198356	1.20892	0.0449775	0.0100508	0.036587	0.145908
230	0.0246173	0.195732	1.17674	0.041979	0.0101314	0.0371812	0.150509
231	0.0246173	0.19589	1.20892	0.0389805	0.0100508	0.037285	0.150509
232	0.0251145	0.194856	1.17674	0.035982	0.0100508	0.0386293	0.158525
233	0.025735	0.194075	1.09938	0.029985	0.0100508	0.0405879	0.177141
234	0.0310253	0.197636	1.27054	0.0314843	0.0101314	0.0416469	0.218809
235	0.025735	0.201362	1.17674	0.0374813	0.0100508	0.0415487	0.215722
236	0.026204	0.205921	1.20892	0.041979	0.0100508	0.0419672	0.204612
237	0.0271504	0.209571	1.20892	0.041979	0.0100937	0.0423245	0.218809
238	0.026204	0.216463	1.3957	0.0494753	0.0100498	0.0427589	0.220374
239	0.0187971	0.192406	1.19101	0.0374813	0.0100498	0.0429283	0.220374
240	0.0187971	0.187583	1.13282	0.0329835	0.0100415	0.0437091	0.24727
241	0.0187971	0.181714	1.06301	0.0329835	0.0100415	0.0439642	0.283661
242	0.0165567	0.163729	0.967601	0.023988	0.0100415	0.045227	0.338435
243	0.01588	0.158152	0.967601	0.0224888	0.0100415	0.0453656	0.361485
244	0.014379	0.149099	0.832096	0.0209895	0.0100415	0.0470377	0.374365
245	0.0145288	0.144747	0.748524	0.0164918	0.0100415	0.0472858	0.391294
246	0.0145288	0.141202	0.688364	0.0134933	0.0100415	0.0506258	0.538697
247	0.0147921	0.136175	0.688364	0.0104948	0.0100415	0.0534017	0.628737
248	0.0145288	0.133794	0.688364	0.0134933	0.0100415	0.059885	0.977576
249	0.0145288	0.129871	0.67075	0.0149925	0.0100415	0.064496	2.32947
250	0.0147921	0.125206	0.658588	0.0104948	0.0100415	0.0697623	4.03059
251	0.0138239	0.125152	0.67075	0.017991	0.0100415	0.0764356	6.57572
252	0.0147921	0.127237	0.682801	0.017991	0.0100415	0.0822591	6.79329
253	0.0147921	0.123242	0.64761	0.011994	0.0100415	0.101181	14.1612
254	0.0147921	0.118778	0.64761	0.0089955	0.0100415	0.124558	20.7428
255	0.0130626	0.115827	0.608865	0.00749625	0.0100498	0.155486	23.6403
256	0.0130626	0.112341	0.615417	0.00749625	0.0104478	0.171696	25.936
257	0.0143173	0.106352	0.67075	0.005997	0.0101543	0.208581	26.4134
258	0.0130626	0.103708	0.67075	0.005997	0.0104478	0.233512	32.3889
259	0.0117755	0.101699	0.595428	0.0029985	0.0104759	0.250532	32.3889
260	0.0101799	0.10212	0.541305	0.00449775	0.0104478	0.275829	33.5654
261	0.0103331	0.0988001	0.530786	0.00149925	0.0100415	0.320404	36.5191
262	0.0117755	0.096307	0.595428	0	0.0104888	0.385946	40.9192
263	0.0102284	0.0967556	0.516681	0.0029985	0.0100415	0.439785	44.9567
264	0.0103331	0.0967444	0.530786	0.0029985	0.0104478	0.494818	51.5994
265	0.0103331	0.098669	0.575138	0.005997	0.0126724	0.540631	65.8929
266	0.0100699	0.0975045	0.559594	0.00749625	0.0126724	0.544242	65.8929
267	0.0100699	0.0961606	0.542125	0.00749625	0.0102759	0.530629	48.1618
268	0.0101729	0.096847	0.575138	0.0089955	0.0102759	0.509721	48.1618
269	0.0100699	0.0980555	0.54347	0.00749625	0.0102759	0.538382	48.1618
270	0.0100699	0.0983703	0.54347	0.005997	0.0104478	0.55841	51.5994
271	0.0101729	0.101809	0.595428	0.0104948	0.0101603	0.591415	51.5994
272	0.0107668	0.103966	0.6173	0.0104948	0.0133858	0.624702	69.8738
273	0.0101729	0.106182	0.64761	0.0164918	0.0133858	0.667618	69.1213
274	0.0100699	0.110612	0.64761	0.017991	0.0133858	0.775817	68.5219
275	0.0100699	0.112846	0.677963	0.0194903	0.0138698	0.889935	72.9365
276	0.0102284	0.120089	0.718891	0.0224888	0.0158567	0.934018	81.7483
277	0.0117755	0.120193	0.802133	0.0224888	0.0138649	1.05089	72.9365
278	0.0126229	0.120436	0.860376	0.023988	0.013927	1.28568	73.078
279	0.0107668	0.123842	0.802133	0.029985	0.016381	1.49427	81.7483
280	0.013492	0.126397	0.985148	0.0314843	0.0158567	1.5873	81.7483
281	0.0126229	0.125482	0.838275	0.0254873	0.0153578	1.59944	81.7483
282	0.013492	0.131479	0.860376	0.023988	0.0152764	1.61312	81.7483
283	0.0127455	0.139586	0.860376	0.0269865	0.016381	1.60766	86.0659
284	0.0142016	0.15095	1.08751	0.0374813	0.016381	1.69392	87.2975
285	0.013492	0.16722	1.09463	0.0509745	0.0174795	1.89908	85.8137
286	0.0127455	0.176303	1.16621	0.0614693	0.0217033	1.68805	97.452
287	0.0182471	0.199748	1.81313	0.0809595	0.0217033	1.51961	97.452
288	0.0180222	0.229814	1.81313	0.110945	0.0212328	1.31505	92.5049
289	0.0191819	0.259323	2.07257	0.13943	0.0212328	1.05368	95.7667
290	0.0180222	0.249865	1.9154	0.133433	0.0184523	0.923345	99.9164
291	0.0180222	0.243515	1.9154	0.116942	0.0179785	0.924527	99.9164
292	0.0180222	0.236422	1.84982	0.104948	0.0194603	0.913892	99.9164
293	0.0179744	0.229348	1.84982	0.106447	0.0202122	0.908414	95.7667
294	0.0179744	0.227299	1.86668	0.107946
