		omega		Posterior		rho				Synonymous theta			kappa			phi	
Site	Lower	Point	Higher	prob of +ve	Lower	Point	Higher		Lower	Point	Higher	Lower	Point	Higher	Lower	Point	Higher
	95% HPD	estimate	95% HPD	selection	95% HPD	estimate	95% HPD		95% HPD	estimate	95% HPD	95% HPD	estimate	95% HPD	95% HPD	estimate	95% HPD
0	0.0100523	0.681016	29.3606	0.449775	0.010043	0.890049	57.0012		1.03627e-05	0.000261266	0.00314141	2.54222e+13	4.37136e+22	2.08386e+32	0	0	0
1	0.0100523	0.602541	24.4008	0.434783	0.010043	0.911117	57.0012
2	0.0100523	0.576312	20.8188	0.424288	0.0100653	0.924289	59.706
3	0.0102246	0.589989	20.8188	0.428786	0.0139662	1.08773	84.6874
4	0.0102246	0.568317	20.8188	0.421289	0.0139662	1.16966	83.7422
5	0.0100523	0.556445	20.8188	0.413793	0.0139662	1.21546	82.4394
6	0.0103221	0.589892	24.4008	0.424288	0.0139662	1.26875	82.4394
7	0.0105453	0.597463	22.8661	0.425787	0.0139662	1.30673	77.9012
8	0.0102994	0.587735	22.8661	0.424288	0.0139662	1.3578	70.5423
9	0.0102994	0.576127	22.4794	0.425787	0.0139662	1.34241	70.5423
10	0.0102994	0.597492	23.8201	0.427286	0.0139662	1.34213	73.366
11	0.0102994	0.631466	25.2402	0.433283	0.0139662	1.29967	70.5423
12	0.0103221	0.671886	26.3375	0.448276	0.0139662	1.28716	70.5423
13	0.0102994	0.682259	26.3375	0.448276	0.0139662	1.19441	70.5423
14	0.0102994	0.769661	28.7896	0.466267	0.0139407	1.29465	70.5423
15	0.0102994	0.827815	27.0574	0.47976	0.0152558	1.2853	83.467
16	0.0104137	0.84897	26.3375	0.484258	0.0151681	1.25501	84.4323
17	0.0102994	0.814703	26.2838	0.473763	0.0151681	1.20969	84.4323
18	0.0102994	0.789132	25.2402	0.473763	0.0125452	1.24187	70.5423
19	0.0104137	0.764325	24.883	0.472264	0.012788	1.21403	70.5423
20	0.0103221	0.748343	24.883	0.470765	0.0125452	1.20855	70.5423
21	0.0102994	0.712916	22.5603	0.457271	0.0168646	1.26944	99.1252
22	0.0102994	0.702606	21.5652	0.449775	0.0168646	1.26577	97.2751
23	0.0102994	0.685495	21.5652	0.445277	0.0134687	1.09907	78.5668
24	0.0102994	0.721673	23.8201	0.451274	0.012788	1.0131	69.317
25	0.0102994	0.69573	23.2142	0.446777	0.0125452	1.00067	69.317
26	0.0102994	0.760735	22.5603	0.467766	0.0106226	0.969177	59.9969
27	0.0102994	0.732446	20.2257	0.458771	0.0106226	0.947619	59.9969
28	0.0132509	0.714148	25.4042	0.457271	0.0103717	0.917926	59.9969
29	0.0117489	0.763649	25.9631	0.458771	0.0106419	0.953803	65.7867
30	0.0108445	0.764074	25.4042	0.452774	0.0109194	0.913727	65.7867
31	0.0107877	0.749395	25.4042	0.449775	0.0103717	0.910273	59.9969
32	0.0107877	0.708955	25.9631	0.443778	0.0106485	0.84652	59.9969
33	0.0121306	0.651768	25.9631	0.425787	0.0109194	0.83691	59.9969
34	0.013139	0.59969	25.4042	0.412294	0.0109479	0.850695	59.706
35	0.013139	0.609999	24.8372	0.422789	0.0179788	0.845818	94.4651
36	0.0104137	0.604348	17.7813	0.422789	0.0194876	0.91829	94.4651
37	0.0102994	0.59911	17.7813	0.41979	0.0194876	0.896348	94.4651
38	0.0132405	0.610238	25.9492	0.421289	0.0198574	0.885123	94.4651
39	0.0137465	0.626656	25.9977	0.427286	0.0202216	0.92706	94.4651
40	0.0126599	0.633036	27.3592	0.430285	0.0199315	0.967231	94.4651
41	0.0117489	0.648958	26.2156	0.433283	0.0201286	0.997311	93.3863
42	0.0115772	0.638384	25.1747	0.427286	0.0194876	1.00556	93.3863
43	0.0115772	0.656914	26.2156	0.433283	0.0186796	0.997243	93.3863
44	0.0102994	0.685661	26.3945	0.436282	0.0186796	0.995529	93.3863
45	0.0112104	0.71627	33.8461	0.442279	0.0188402	1.07304	93.3863
46	0.0126599	0.701934	41.4233	0.443778	0.0178505	1.08072	93.3863
47	0.0126599	0.747714	41.4233	0.451274	0.0198339	1.11633	98.1635
48	0.0121306	0.776734	41.8595	0.46027	0.0170791	1.15486	87.6442
49	0.0115772	0.762387	41.3996	0.451274	0.0171241	1.16968	90.4733
50	0.0116055	0.775802	41.4233	0.451274	0.0174445	1.21486	93.3863
51	0.0130892	0.77045	48.6618	0.451274	0.0186796	1.21237	99.2577
52	0.0130593	0.71728	48.8082	0.442279	0.0201286	1.19493	99.2577
53	0.0130593	0.745369	48.8082	0.446777	0.019139	1.18285	99.2577
54	0.0111938	0.695287	41.644	0.436282	0.0201286	1.07241	98.1635
55	0.0111938	0.686472	41.644	0.434783	0.0105899	0.956661	63.8989
56	0.01282	0.693771	49.1829	0.437781	0.0105899	0.9369	63.3219
57	0.0130593	0.678768	48.8082	0.430285	0.0105899	0.916385	63.3151
58	0.0130593	0.700647	48.8082	0.431784	0.0102664	0.898262	60.5977
59	0.0115027	0.669494	41.644	0.425787	0.0105899	0.925251	60.5977
60	0.0123459	0.678139	43.2294	0.433283	0.0105899	0.98379	60.5977
61	0.0123459	0.662757	42.8676	0.436282	0.010005	0.955326	53.7977
62	0.0115027	0.661068	39.4108	0.43928	0.010005	0.972639	53.7977
63	0.0100422	0.60777	30.3104	0.430285	0.0105899	1.04261	62.794
64	0.0102019	0.624917	27.6053	0.437781	0.0159044	1.18578	99.0881
65	0.0102019	0.605607	23.4706	0.433283	0.0149006	1.29208	99.0881
66	0.0102019	0.614415	21.9748	0.43928	0.0159044	1.36206	99.0881
67	0.0102019	0.564123	23.1241	0.421289	0.0167609	1.56609	99.0881
68	0.0102019	0.566043	28.7914	0.416792	0.0167609	1.65391	99.0881
69	0.0102019	0.501578	28.7914	0.392804	0.0180284	1.70979	99.0881
70	0.0102019	0.518177	29.9612	0.394303	0.0180284	1.73607	99.0881
71	0.0102019	0.509093	30.3104	0.4003	0.0172062	1.53391	99.0881
72	0.0102019	0.558942	31.6075	0.418291	0.0167609	1.46374	99.0881
73	0.0102019	0.538996	30.3104	0.410795	0.0148761	1.35129	87.6442
74	0.0102019	0.545519	33.4499	0.41979	0.0147693	1.28454	87.2703
75	0.0100982	0.542239	26.1252	0.425787	0.0166203	1.3185	99.0881
76	0.0100982	0.575051	26.1252	0.43928	0.0164983	1.2012	99.0881
77	0.0100982	0.565102	28.4478	0.436282	0.0164983	1.23029	99.0881
78	0.0100982	0.540506	28.4478	0.434783	0.0164134	1.18277	99.0881
79	0.0100982	0.549784	25.6462	0.437781	0.0161335	1.15279	99.0881
80	0.0100982	0.570001	26.6605	0.443778	0.0161335	1.27566	99.0881
81	0.0100982	0.56173	27.8926	0.446777	0.0164983	1.30215	99.0881
82	0.0100982	0.552927	30.7005	0.44078	0.0166203	1.34555	99.0881
83	0.0103812	0.55923	32.5881	0.437781	0.0162841	1.31691	90.207
84	0.0103812	0.611574	34.856	0.448276	0.0146173	1.32579	82.7202
85	0.0103812	0.607857	31.8574	0.448276	0.0141714	1.19016	82.7202
86	0.0107001	0.611543	26.96	0.449775	0.0162841	1.16526	99.0881
87	0.0119673	0.591859	28.4478	0.448276	0.0147925	1.03028	89.9592
88	0.0119673	0.593452	27.2944	0.448276	0.0146173	0.980144	89.9592
89	0.0103812	0.586191	21.9725	0.449775	0.0125149	0.945991	84.4046
90	0.0117561	0.617175	27.2944	0.458771	0.0142337	0.970398	98.9796
91	0.0103812	0.64743	27.2944	0.461769	0.0138925	1.01937	98.9796
92	0.0117561	0.65925	34.9872	0.461769	0.0101759	1.01853	72.4665
93	0.0103812	0.636177	32.5009	0.458771	0.0138925	1.1522	99.4048
94	0.0105945	0.672815	33.9095	0.464768	0.0138925	1.20681	99.4048
95	0.0103812	0.654453	32.5009	0.457271	0.0134551	1.18256	99.4048
96	0.0103812	0.671056	33.9095	0.455772	0.0105598	1.13096	78.7997
97	0.0103812	0.638144	33.4055	0.446777	0.0113144	1.16422	84.0541
98	0.0103812	0.619474	32.5009	0.44078	0.0134551	1.18851	98.9796
99	0.0103812	0.635665	30.5308	0.442279	0.0133734	1.20148	98.9796
100	0.0105945	0.677674	32.5881	0.451274	0.0105598	1.15601	78.7997
101	0.0105945	0.722291	33.4055	0.463268	0.0100803	1.24538	72.3795
102	0.0102411	0.742958	32.5881	0.467766	0.0101759	1.24035	72.3795
103	0.0102411	0.653717	29.9883	0.446777	0.01049	1.25717	72.3795
104	0.0102411	0.618915	29.9883	0.442279	0.01049	1.21205	71.6727
105	0.0103592	0.601265	29.9883	0.43928	0.0109246	1.06082	71.6727
106	0.0107169	0.572789	28.7221	0.430285	0.0101759	1.0156	62.7075
107	0.0107001	0.610799	28.7221	0.448276	0.0102254	0.964315	62.7075
108	0.0107001	0.652231	32.5009	0.464768
