		omega		Posterior		rho				Synonymous theta			kappa			phi	
Site	Lower	Point	Higher	prob of +ve	Lower	Point	Higher		Lower	Point	Higher	Lower	Point	Higher	Lower	Point	Higher
	95% HPD	estimate	95% HPD	selection	95% HPD	estimate	95% HPD		95% HPD	estimate	95% HPD	95% HPD	estimate	95% HPD	95% HPD	estimate	95% HPD
0	0.0100622	0.0326932	0.240849	0.0089955	0.0283053	1.66141	97.8375		0.0533077	0.071216	0.0921423	1.98497	3.5047	6.11935	0	0	0
1	0.0100622	0.0322817	0.223873	0.00749625	0.0283053	1.52555	97.8375
2	0.0100622	0.0308651	0.178417	0.00749625	0.0283053	1.64464	96.3108
3	0.0100704	0.0293269	0.135444	0.00449775	0.0285648	1.68388	96.3108
4	0.0100622	0.0304702	0.174157	0.011994	0.0299816	1.79847	96.6009
5	0.0100622	0.0288932	0.129004	0.00449775	0.0285648	1.85299	96.3108
6	0.0100622	0.0280918	0.125536	0	0.0285648	1.94914	96.3108
7	0.0100622	0.027619	0.108896	0	0.0314801	2.14103	99.6279
8	0.0100622	0.0272406	0.0937653	0	0.0314801	2.45691	96.3108
9	0.0100622	0.0274295	0.0927128	0.00449775	0.0488078	3.11288	96.3108
10	0.0100622	0.0263771	0.0812858	0	0.0740268	3.60908	96.6009
11	0.0100622	0.0262542	0.0795423	0	0.0813666	4.10975	96.628
12	0.0100254	0.0259766	0.0790958	0	0.14638	4.26475	96.628
13	0.0100704	0.0259792	0.0790958	0	0.166498	4.47608	96.628
14	0.0100704	0.0259251	0.0790958	0	0.167134	4.01176	96.628
15	0.0100622	0.0259646	0.0790958	0	0.0836741	3.2543	96.628
16	0.0100622	0.0260345	0.0790958	0	0.0836741	2.83594	96.628
17	0.0100254	0.0260112	0.0795423	0	0.0572103	2.14158	91.8774
18	0.0100704	0.0258005	0.0790958	0.00149925	0.0377497	1.60366	96.628
19	0.0100704	0.0256878	0.0790958	0.0029985	0.0556264	1.51406	99.2875
20	0.0100014	0.0250009	0.0766856	0	0.0465889	1.19596	99.2875
21	0.0100254	0.0254206	0.0772479	0.00149925	0.038771	0.951334	70.3726
22	0.0100014	0.0254553	0.0787471	0	0.0389775	0.865416	70.3726
23	0.0100014	0.0258459	0.0796663	0.0029985	0.0556264	0.848798	70.3726
24	0.0100014	0.0257106	0.0790958	0.0029985	0.0572103	0.84942	70.3726
25	0.0100014	0.0256799	0.0790958	0	0.0560567	0.819954	68.2701
26	0.0100014	0.0257459	0.0807993	0	0.0740268	0.814463	70.3726
27	0.0100014	0.025626	0.0796663	0	0.0470856	0.53395	22.0272
28	0.0100014	0.0256346	0.0790958	0	0.0685625	0.472693	22.0272
29	0.0100254	0.0260556	0.0827551	0	0.0163859	0.395255	3.51547
30	0.0100254	0.0262145	0.0827551	0	0.0277901	0.365584	3.39522
31	0.0100014	0.026212	0.0821318	0	0.0277901	0.326728	1.93047
32	0.0100014	0.0262871	0.0873077	0	0.0453132	0.312674	2.0938
33	0.0100014	0.0263384	0.0927128	0	0.0414963	0.302403	1.76777
34	0.0100014	0.0262533	0.0907535	0	0.0328557	0.293598	1.62559
35	0.0100014	0.0260782	0.0827551	0	0.0326629	0.284029	1.76777
36	0.0100014	0.0260641	0.0827551	0	0.0328557	0.275945	1.70166
37	0.0100014	0.0261183	0.0827551	0	0.0328557	0.274641	1.70166
38	0.0100014	0.0260416	0.0827551	0	0.0328557	0.268021	1.28629
39	0.0100014	0.025631	0.0827551	0	0.0277901	0.256496	1.12021
40	0.0100014	0.0256009	0.0827551	0	0.0277901	0.253679	1.19685
41	0.0100014	0.0257113	0.0907535	0	0.0328557	0.247961	1.23471
42	0.0100014	0.025546	0.0833075	0	0.0328557	0.244971	1.16985
43	0.0100014	0.0254762	0.0827551	0	0.0328557	0.248567	1.16985
44	0.0100014	0.0252329	0.0796663	0	0.0426269	0.26296	1.23471
45	0.0100014	0.0251576	0.0796663	0	0.046165	0.282461	1.45064
46	0.0100014	0.0259356	0.0846445	0.00449775	0.0399082	0.291616	1.5188
47	0.0100254	0.0259448	0.0834057	0.00449775	0.0543683	0.306301	2.54769
48	0.0100014	0.0254583	0.0807993	0.00149925	0.0543683	0.308846	2.54769
49	0.0100014	0.0252295	0.0804573	0	0.0363442	0.296114	2.54769
50	0.0100014	0.0256606	0.0827551	0.00149925	0.0150121	0.294908	1.5188
51	0.0100014	0.0262487	0.0939981	0.0029985	0.0145763	0.269782	1.5188
52	0.0100622	0.0260318	0.0834057	0.00149925	0.0100138	0.264903	1.41332
53	0.0100254	0.0261591	0.0812858	0.0029985	0.0100138	0.259366	1.42388
54	0.0100254	0.0272327	0.0907535	0.00749625	0.0100138	0.267836	1.6666
55	0.0100254	0.0273886	0.0903089	0.005997	0.0100138	0.258867	2.08787
56	0.0100254	0.0272301	0.0907535	0.00149925	0.0100138	0.257426	2.92677
57	0.0100254	0.0270806	0.0907535	0	0.0100138	0.249583	2.92677
58	0.0100254	0.0273125	0.0941808	0	0.0100138	0.256779	5.30104
59	0.0100622	0.0273804	0.0941808	0	0.0105541	0.278635	22.5553
60	0.0100254	0.0274023	0.0941808	0	0.0102031	0.277273	22.6045
61	0.0100254	0.0273365	0.0941808	0	0.0107382	0.267597	22.6045
62	0.0100254	0.0273294	0.094633	0	0.0107382	0.264068	22.6045
63	0.0100254	0.0272116	0.0941808	0	0.0101773	0.255216	17.6398
64	0.0100704	0.0274357	0.0974134	0	0.0109102	0.26251	22.6045
65	0.0100254	0.0278562	0.107355	0	0.0101773	0.260756	11.9337
66	0.0100254	0.028231	0.111683	0	0.0101773	0.250373	8.10502
67	0.0100254	0.0285877	0.115492	0	0.0101773	0.231142	5.07944
68	0.0100254	0.0285677	0.115492	0	0.0101773	0.227188	5.76617
69	0.0100254	0.0282406	0.111683	0	0.0102023	0.225556	7.39551
70	0.0102988	0.0291694	0.125083	0	0.0101773	0.247309	8.00105
71	0.0102876	0.0293809	0.125083	0	0.0102792	0.270077	9.43141
72	0.010318	0.0292243	0.125083	0	0.0101773	0.263484	8.10502
73	0.0100622	0.0292489	0.118056	0	0.0101773	0.25406	8.10502
74	0.0100622	0.0292877	0.118056	0	0.0101773	0.273126	8.48988
75	0.0102698	0.0298114	0.125083	0	0.0101773	0.292318	8.48988
76	0.0100622	0.030186	0.125083	0	0.0101773	0.297048	8.48988
77	0.0102698	0.0301074	0.125996	0	0.0101773	0.320617	15.5216
78	0.0102876	0.0302266	0.125996	0.00149925	0.0102445	0.363083	31.031
79	0.0102876	0.0303241	0.125083	0.00149925	0.0101773	0.368101	39.1787
80	0.0102876	0.0304454	0.125083	0	0.0101773	0.35742	27.7545
81	0.0100622	0.0299571	0.110167	0	0.0101773	0.357807	34.3932
82	0.0100622	0.0300534	0.108155	0	0.0102445	0.395841	50.472
83	0.0100622	0.0301683	0.10721	0	0.0101773	0.456559	51.8334
84	0.0100622	0.0299567	0.106945	0	0.0212773	0.536752	99.1791
85	0.0100622	0.0306403	0.115492	0	0.0217208	0.642564	88.4971
86	0.0100622	0.0307097	0.108155	0	0.0215567	0.679617	89.4364
87	0.0100622	0.0309674	0.108155	0	0.0223972	0.74286	89.4364
88	0.0100704	0.0315954	0.119017	0	0.0242511	0.758804	89.9112
89	0.0102876	0.0325397	0.125034	0	0.0236005	0.71968	94.7164
90	0.0100622	0.0342863	0.129115	0	0.0258601	0.736256	94.7164
91	0.0100622	0.0353387	0.133584	0	0.0242511	0.717215	89.4364
92	0.0100989	0.036573	0.140573	0.00449775	0.0262767	0.732384	94.7164
93	0.0100989	0.0372189	0.140573	0	0.0262767	0.777242	94.7164
94	0.0101601	0.0377037	0.140573	0.00149925	0.0264115	0.827691	89.4364
95	0.0100622	0.0389342	0.153968	0.00149925	0.0262767	0.853406	88.4971
96	0.0100704	0.0395632	0.153968	0.00149925	0.0231841	0.819419	77.5874
97	0.0100704	0.0399375	0.168655	0	0.0231841	0.809362	74.9372
98	0.0102876	0.0409054	0.189439	0	0.0231841	0.775605	71.1885
99	0.0100989	0.0423026	0.205269	0	0.0231841	0.784495	58.7297
100	0.0101601	0.0431045	0.210203	0	0.0231713	0.745519	58.7297
101	0.010318	0.0450652	0.232866	0.00449775	0.0354608	0.720185	89.4364
102	0.0100989	0.0457082	0.225767	0.0029985	0.0340365	0.69867	89.4364
103	0.0100989	0.0471232	0.246468	0.0029985	0.0353667	0.797118	89.4364
104	0.0100989	0.0483964	0.258321	0.0029985	0.0417594	0.795229	99.0829
105	0.0104475	0.0471882	0.258321	0.0029985	0.0289028	0.730652	94.1601
106	0.0100989	0.0464588	0.246468	0.00149925	0.030054	0.680364	94.1601
107	0.0114494	0.0468392	0.27446	0.00149925	0.021989	0.647453	83.0551
108	0.010318	0.0456877	0.233942	0.00149925	0.0183566	0.637795	72.7655
109	0.0100989	0.0454145	0.223828	0.00149925	0.0171381	0.621345	72.0165
110	0.0100989	0.0453159	0.223828	0	0.0171381	0.573094	72.0165
111	0.0101601	0.0450917	0.216775	0	0.0167437	0.501822	67.3786
112	0.010318	0.0448441	0.216775	0	0.0111852	0.426735	43.5246
113	0.0100989	0.0438453	0.19897	0	0.0107708	0.356749	36.772
114	0.0100989	0.0436949	0.205269	0	0.0107708	0.321282	17.7116
115	0.0100647	0.0429245	0.19897	0	0.0107708	0.319256	19.7532
116	0.0100647	0.0427423	0.19897	0	0.0107708	0.302671	17.7116
117	0.0100647	0.043068	0.19897	0	0.0107708	0.267644	9.72945
118	0.0100647	0.0433462	0.210203	0.00149925	0.0107708	0.254611	8.04873
119	0.0100647	0.0435089	0.216775	0.00149925	0.0106257	0.260219	8.76039
120	0.0100647	0.0431729	0.210203	0.00149925	0.0107708	0.257492	8.04873
121	0.0100647	0.043361	0.215176	0	0.0106257	0.253452	8.04873
122	0.0100647	0.0439328	0.220782	0	0.0104561	0.252188	9.72945
123	0.0100647	0.0434499	0.216775	0	0.0104561	0.255439	11.3962
124	0.0100647	0.0431721	0.212901	0	0.0104561	0.267354	17.8271
125	0.0100647	0.0432253	0.212901	0	0.0104561	0.279735	22.5622
126	0.0100989	0.0441198	0.218936	0.00149925	0.0104561	0.305197	26.9426
127	0.0100164	0.0447823	0.240091	0.0029985	0.0111852	0.318309	35.1294
128	0.0100164	0.0444873	0.218936	0.00149925	0.0104561	0.302322	26.0841
129	0.0100989	0.044569	0.222304	0	0.0104561	0.294549	20.7688
130	0.0100989	0.0448306	0.222304	0	0.0104561	0.302084	19.2858
131	0.0100989	0.0461168	0.239971	0	0.0104561	0.300947	13.6975
132	0.0100989	0.0473369	0.240091	0	0.0101266	0.295147	5.37813
133	0.0100989	0.0490036	0.247949	0.00149925	0.0101266	0.301373	4.16319
134	0.0102168	0.0507983	0.258321	0.00149925	0.0106257	0.310787	2.56624
135	0.0103677	0.0525143	0.26196	0.0029985	0.0106257	0.326074	1.7426
136	0.0102168	0.0561158	0.279988	0.0029985	0.0106257	0.350661	2.65561
137	0.0102168	0.0588018	0.310439	0.00449775	0.0127683	0.351994	4.16319
138	0.0102168	0.0623225	0.325873	0.0029985	0.0131959	0.346261	1.42738
139	0.0102168	0.0656063	0.386937	0	0.0312235	0.335119	1.40533
140	0.0102168	0.0671634	0.417846	0	0.0359181	0.325975	1.42738
141	0.0104475	0.0700004	0.469807	0	0.047175	0.311825	1.33317
142	0.011585	0.0733003	0.566131	0.0029985	0.047175	0.298034	1.03803
143	0.011585	0.0708263	0.544915	0.00149925	0.0442224	0.29729	0.918412
144	0.0115279	0.070296	0.544915	0.0029985	0.0468062	0.299303	0.918412
145	0.0115279	0.0721531	0.566131	0.0089955	0.0442224	0.298221	0.87342
146	0.0102168	0.077029	0.643625	0.0284858	0.053615	0.295313	1.03803
147	0.0102168	0.103864	2.49354	0.103448	0.051523	0.279967	0.899726
148	1.40261	7.6703	45.9767	0.986507	0.0489776	0.273095	0.875471
149	1.0628	7.37041	37.2908	0.983508	0.053615	0.27006	0.899726
150	0.285539	1.32395	10.0384	0.575712	0.0442224	0.261387	0.759103
151	0.278887	1.29241	8.1988	0.562219	0.0428204	0.260751	0.759103
152	0.191582	0.924481	6.57588	0.455772	0.0428204	0.260442	0.759103
153	0.167465	0.91337	4.94362	0.436282	0.0532375	0.261995	0.875471
154	0.127519	0.756789	2.95864	0.371814	0.0428204	0.263354	0.759103
155	0.134854	0.73891	2.72954	0.35982	0.053567	0.263736	0.87342
156	0.13342	0.735929	2.67443	0.356822	0.0428204	0.260309	0.838313
157	0.0564462	0.531094	2.67443	0.278861	0.0415877	0.263864	1.04647
158	0.043633	0.462877	2.67443	0.250375	0.0450669	0.259893	1.35346
159	0.0397408	0.418555	2.36123	0.22039	0.0415877	0.255811	1.35346
160	0.0292327	0.389186	2.36123	0.209895	0.0450669	0.250349	1.65435
161	0.0104902	0.213037	1.32118	0.127436	0.0242197	0.247096	0.87342
162	0.0102106	0.145886	1.11765	0.0854573	0.0232478	0.237114	0.905814
163	0.0102106	0.105452	0.981471	0.047976	0.0248828	0.229363	1.54922
164	0.010045	0.0761776	0.894609	0.0314843	0.0114611	0.221659	0.876719
165	0.010045	0.0637008	0.750108	0.0209895	0.0122403	0.210772	0.905814
166	0.010045	0.0513038	0.603434	0.0104948	0.0122755	0.184262	0.706562
167	0.010045	0.043949	0.556909	0.0134933	0.0120151	0.170618	0.706562
168	0.010045	0.039813	0.358868	0.0089955	0.0120151	0.147945	0.64473
169	0.010045	0.0368224	0.236207	0.00749625	0.012666	0.136301	0.633051
170	0.010045	0.0360268	0.226217	0.005997	0.0131858	0.127505	0.635934
171	0.0100467	0.033393	0.184023	0	0.0126491	0.119749	0.557891
172	0.010045	0.0330365	0.181619	0	0.0126491	0.115347	0.543677
173	0.010045	0.0326104	0.177861	0	0.0131858	0.114898	0.569366
174	0.010045	0.0325433	0.171904	0	0.0124854	0.115551	0.544427
175	0.010045	0.0324656	0.162186	0	0.0124854	0.117391	0.543677
176	0.0100467	0.0325333	0.162186	0	0.0126491	0.117456	0.557939
177	0.0100701	0.0320823	0.156513	0	0.013819	0.116607	0.639685
178	0.0100467	0.0319195	0.149501	0	0.0123646	0.111409	0.557939
179	0.0100467	0.0317519	0.147392	0	0.0120151	0.103595	0.557939
180	0.0100467	0.0310015	0.139886	0	0.0123646	0.100243	0.543677
181	0.0100467	0.0302399	0.124543	0	0.0123646	0.0956496	0.532347
182	0.0101175	0.0300502	0.123334	0	0.0105319	0.0928903	0.458479
183	0.0100467	0.0296379	0.123334	0	0.0105319	0.0882909	0.455166
184	0.0100467	0.0296468	0.122875	0	0.0105319	0.0846247	0.455166
185	0.0100467	0.0294706	0.109962	0	0.0105319	0.0794514	0.43836
186	0.0100467	0.028931	0.107432	0	0.0110527	0.0773157	0.455406
187	0.0100701	0.0290293	0.107432	0	0.0113767	0.0737217	0.455406
188	0.0100701	0.0294258	0.109962	0	0.0105319	0.072848	0.435226
189	0.0100467	0.0292527	0.108923	0	0.0105319	0.0706551	0.435191
190	0.0100467	0.0290971	0.107432	0	0.0105319	0.0671772	0.435226
191	0.0100467	0.0291517	0.107413	0	0.0105319	0.0626924	0.394191
192	0.0100467	0.0289227	0.0993944	0	0.0105319	0.0601133	0.38855
193	0.0100467	0.0290129	0.104984	0.00149925	0.0105319	0.0599766	0.384225
194	0.0100467	0.0293433	0.108923	0.00149925	0.0105319	0.0572127	0.382168
195	0.0100467	0.0290004	0.104984	0.00149925	0.0105319	0.0571761	0.382168
196	0.0100467	0.0290355	0.107409	0.00149925	0.0102198	0.0550614	0.346338
197	0.0100467	0.0290065	0.104984	0	0.0103457	0.0553103	0.371062
198	0.0100864	0.0294769	0.111966	0	0.0102198	0.0544434	0.323028
199	0.0100467	0.0296908	0.111966	0	0.0102198	0.0537414	0.311755
200	0.0100467	0.0299005	0.116377	0.00149925	0.0105319	0.0518359	0.284459
201	0.0100864	0.0295618	0.111966	0	0.0102198	0.0499673	0.273873
202	0.0100467	0.029797	0.111966	0	0.0103457	0.0482576	0.259599
203	0.0100467	0.0298293	0.111966	0	0.0103457	0.0469916	0.249322
204	0.0100467	0.0300982	0.111966	0	0.0103457	0.0465277	0.245717
205	0.0100467	0.0303623	0.120049	0	0.0102198	0.0465255	0.22667
206	0.0100467	0.0303609	0.120049	0	0.0102198	0.0464197	0.220421
207	0.0100467	0.0308812	0.123353	0	0.0102198	0.0470452	0.220421
208	0.0100467	0.0313798	0.139465	0	0.0103457	0.0459359	0.202875
209	0.0100701	0.0318929	0.151997	0	0.0102198	0.0459582	0.187635
210	0.0100701	0.0326004	0.154782	0	0.0103457	0.0476691	0.203041
211	0.0100467	0.0321569	0.151997	0	0.0103457	0.0460818	0.177011
212	0.0100467	0.0327754	0.154109	0	0.0103457	0.0464599	0.174495
213	0.0100467	0.032816	0.14983	0	0.0103457	0.046224	0.174206
214	0.0100467	0.033066	0.135066	0	0.0104889	0.0461836	0.176046
215	0.0100467	0.0332099	0.131126	0	0.0104889	0.046657	0.174495
216	0.0100467	0.0333075	0.131126	0	0.0104889	0.0476214	0.174495
217	0.0100701	0.034769	0.154782	0	0.0103457	0.0486989	0.181744
218	0.0100467	0.035893	0.190981	0	0.0104889	0.0501456	0.203041
219	0.0100467	0.0363573	0.19509	0	0.0103457	0.0509613	0.202875
220	0.0100467	0.037313	0.202001	0.0029985	0.0103457	0.0511731	0.203041
221	0.0100467	0.0390458	0.242314	0.00449775	0.0103457	0.0513657	0.207721
222	0.0100701	0.0399488	0.256341	0.0089955	0.0103457	0.0525278	0.207881
223	0.0100864	0.0422164	0.310759	0.0164918	0.0103457	0.0534547	0.209106
224	0.0102106	0.0395356	0.242314	0.0104948	0.0103457	0.05611	0.250814
225	0.0100701	0.0367336	0.19509	0.0089955	0.0103457	0.0569103	0.250814
226	0.0100334	0.0348136	0.179749	0.005997	0.0103457	0.0569394	0.252559
227	0.0100334	0.0337275	0.15798	0.0029985	0.0103457	0.0573649	0.254297
228	0.0100334	0.0332554	0.15798	0.0029985	0.0109827	0.0589109	0.293826
229	0.0100334	0.0322133	0.155539	0.0029985	0.011691	0.0596697	0.304421
230	0.0100334	0.0317622	0.145551	0.0029985	0.011691	0.0598653	0.301627
231	0.0100334	0.0314149	0.144853	0	0.0110673	0.0598748	0.281706
232	0.0100334	0.0303964	0.117163	0	0.0110673	0.0622397	0.293826
233	0.0100334	0.0296446	0.10951	0	0.0110673	0.0636951	0.304421
234	0.0100334	0.0292766	0.103419	0	0.0110673	0.0655809	0.335363
235	0.0100334	0.0291468	0.101706	0	0.0110673	0.0650753	0.336334
236	0.0100092	0.0290459	0.101706	0	0.0110673	0.0669934	0.343193
237	0.0100092	0.0289829	0.101034	0	0.0110859	0.0683727	0.347099
238	0.0100092	0.0290394	0.100466	0	0.0110673	0.069558	0.363809
239	0.0100092	0.0288718	0.098167	0	0.0110673	0.0686127	0.370492
240	0.0100334	0.0284412	0.0981604	0	0.0102271	0.0693232	0.347099
241	0.0100334	0.0282318	0.0981604	0	0.0100606	0.0711637	0.347099
242	0.0100022	0.0280337	0.0959277	0	0.0102018	0.0722215	0.347099
243	0.0100334	0.0278843	0.0947613	0	0.0102018	0.0728091	0.357307
244	0.0100334	0.0278461	0.094641	0	0.0110595	0.0737776	0.401806
245	0.0100334	0.0273991	0.091898	0	0.0100606	0.0759715	0.421918
246	0.0100022	0.0273268	0.0887251	0	0.0100606	0.0796114	0.537134
247	0.0100334	0.0267529	0.0838637	0	0.0100606	0.0876329	0.856531
248	0.0100022	0.0263936	0.0812946	0	0.0100606	0.0936576	1.36398
249	0.0100022	0.0265156	0.082685	0	0.0102018	0.105705	3.91277
250	0.0100022	0.0265307	0.082685	0	0.0100606	0.118692	10.1217
251	0.0100022	0.0264487	0.082685	0	0.0102616	0.124357	17.6219
252	0.0100022	0.0263801	0.0812946	0	0.0100606	0.12719	14.848
253	0.0100022	0.0262099	0.0798469	0	0.0105685	0.133236	17.6219
254	0.0100022	0.0262337	0.0798469	0	0.0102018	0.138952	14.848
255	0.0100022	0.0267838	0.083212	0.0029985	0.0102018	0.145889	11.4311
256	0.0100022	0.0261582	0.0798469	0	0.0102018	0.155893	14.3114
257	0.0100022	0.0263007	0.0804429	0	0.0106679	0.161502	17.6219
258	0.0100022	0.0262809	0.0812946	0	0.0101782	0.17386	21.7844
259	0.0100022	0.0264531	0.082685	0	0.0101782	0.201913	33.768
260	0.0100334	0.0263221	0.082685	0	0.0103542	0.257577	48.0076
261	0.0100334	0.0261006	0.0816555	0	0.0106679	0.323954	63.8804
262	0.0100334	0.0258562	0.0804429	0	0.0154975	0.395268	92.9217
263	0.0100334	0.0259032	0.0812946	0	0.0106679	0.406589	63.8804
264	0.0100334	0.026034	0.0816555	0	0.0155761	0.428369	92.9217
265	0.0100334	0.026111	0.0816555	0	0.0155761	0.423032	92.9217
266	0.0100334	0.0263431	0.0843014	0.00149925	0.0154975	0.418454	92.9217
267	0.0100334	0.0265183	0.0876648	0	0.0154975	0.431988	90.2474
268	0.0100334	0.0271972	0.0885903	0	0.010038	0.431522	57.0377
269	0.0100334	0.0274184	0.0885903	0	0.0101359	0.438978	57.0377
270	0.0100334	0.0272746	0.0885903	0	0.0102018	0.426192	57.0377
271	0.0100334	0.0275889	0.0948104	0	0.010038	0.367306	50.3372
272	0.0100334	0.0273156	0.0885903	0	0.0101359	0.356747	48.0076
273	0.0100334	0.0274088	0.0885903	0	0.0101359	0.370959	48.0076
274	0.0100334	0.0273167	0.0882981	0	0.010038	0.424525	57.0377
275	0.0100334	0.0273104	0.0882981	0	0.010038	0.447117	53.3847
276	0.0100334	0.0276343	0.0944866	0	0.0157916	0.490929	94.892
277	0.0100334	0.0277779	0.0948104	0	0.0157243	0.538745	94.892
278	0.0100334	0.0275884	0.0882981	0	0.0155761	0.507598	94.892
279	0.0100334	0.0279716	0.0885903	0	0.0106679	0.470022	60.9745
280	0.0100334	0.0279075	0.0885903	0	0.0102018	0.503444	57.0377
281	0.0100334	0.0279128	0.0887051	0	0.0106679	0.622617	60.9745
282	0.0100334	0.0279796	0.0944866	0	0.0106679	0.71849	62.492
283	0.0100334	0.0283394	0.0981281	0.00149925	0.0155761	0.898683	94.9838
284	0.0100334	0.0286696	0.0981604	0	0.0157243	0.96965	99.8766
285	0.0100334	0.0287079	0.0993771	0	0.0155761	1.2114	92.9217
286	0.0100334	0.0289764	0.0994756	0	0.0151884	1.24281	94.9838
287	0.0100334	0.0293868	0.103994	0.00149925	0.010038	1.32239	60.2759
288	0.0100334	0.0295927	0.10549	0.00149925	0.0154302	1.57394	94.2835
289	0.0100334	0.0295233	0.103989	0	0.0157243	1.60628	94.2835
290	0.0100334	0.0300574	0.106341	0	0.0170155	1.88184	95.8665
291	0.0100334	0.0309369	0.113352	0	0.0155761	1.8992	94.2835
292	0.0100334	0.0309022	0.113104	0	0.0103268	1.99831	64.6288
293	0.0100334	0.0308167	0.106797	0	0.0157243	2.06124	95.8665
294	0.0100334	0.0304814	0.106341	0	0.0155176	2.17913	94.2835
295	0.0100334	0.0310563	0.113104	0.00149925	0.0221257	2.57393	95.8665
296	0.0100334	0.031431	0.130473	0	0.0320827	3.34374	95.8665
297	0.0100334	0.0324915	0.153044	0	0.0365109	3.42314	95.8665
298	0.0100334	0.0326288	0.158522	0	0.040209	3.36671	95.8665
299	0.0100334	0.0333633	0.162089	0	0.041745	3.18325	95.8665
300	0.0100334	0.0338281	0.16225	0	0.0413345	3.14572	95.8665
301	0.0100334	0.0344021	0.166306	0	0.0481008	3.08699	95.8665
302	0.0100334	0.0349794	0.17606	0	0.0268355	2.39573	90.2474
303	0.0100334	0.0349332	0.17606	0	0.0221257	2.0632	82.5608
304	0.0100334	0.0358425	0.186244	0	0.0196985	1.96528	68.8518
305	0.0100334	0.0363846	0.191008	0.00149925	0.0225317	1.79832	69.2695
306	0.0100334	0.0392184	0.215555	0.00149925	0.0212074	1.77745	69.2695
307	0.0100334	0.042397	0.254933	0.00149925	0.0189347	1.69192	69.2695
308	0.0100334	0.0454409	0.282338	0.0029985	0.0137048	1.63276	69.2695
309	0.0100334	0.0476545	0.307874	0.005997	0.0137048	1.52587	69.2695
310	0.0100334	0.0499548	0.332882	0.00449775	0.0107617	1.38277	56.7581
311	0.0100334	0.0534671	0.40436	0.00749625	0.0107617	1.23792	56.7581
312	0.0100334	0.0584437	0.518617	0.0164918	0.0107617	1.2263	55.7007
313	0.0100334	0.0655463	0.650674	0.029985	0.0107617	1.28203	55.7007
314	0.0109373	0.0771805	1.11499	0.0524738	0.010086	1.41476	55.4718
315	0.0110235	0.147196	2.21678	0.145427	0.0117975	1.62581	69.2695
316	0.0110235	0.147675	2.22761	0.146927
