		omega		Posterior		rho				Synonymous theta			kappa			phi	
Site	Lower	Point	Higher	prob of +ve	Lower	Point	Higher		Lower	Point	Higher	Lower	Point	Higher	Lower	Point	Higher
	95% HPD	estimate	95% HPD	selection	95% HPD	estimate	95% HPD		95% HPD	estimate	95% HPD	95% HPD	estimate	95% HPD	95% HPD	estimate	95% HPD
0	0.0101417	0.0581782	0.418807	0.0194903	0.0103835	0.32709	42.8038		0.0270937	0.0388285	0.0553441	3.46558	8.80326	25.3269	0	0	0
1	0.0101417	0.0567366	0.404416	0.011994	0.0105618	0.25978	35.5174
2	0.0101417	0.0546346	0.362619	0.00749625	0.0105618	0.216781	27.6105
3	0.0102353	0.0538927	0.362619	0.00449775	0.0101736	0.164521	19.0434
4	0.0101417	0.0521802	0.353566	0.0029985	0.0100596	0.12731	11.6361
5	0.0101417	0.0501539	0.333482	0.0029985	0.0101736	0.118474	6.89018
6	0.0101417	0.0484661	0.294232	0.00149925	0.0104216	0.112445	6.89018
7	0.0101417	0.0486786	0.299783	0.00149925	0.0104216	0.106045	6.57444
8	0.0101417	0.0478525	0.267969	0.00149925	0.0101736	0.0952859	4.48778
9	0.010177	0.0478455	0.291764	0.0029985	0.0101736	0.0845955	2.16678
10	0.0102336	0.0477026	0.291764	0.00449775	0.0104216	0.0715041	0.924931
11	0.0101417	0.0470045	0.257992	0.0029985	0.0101736	0.0645157	0.606093
12	0.0101417	0.0473131	0.257992	0.00449775	0.0104089	0.0641926	0.647637
13	0.0101417	0.0473064	0.257992	0.00449775	0.0104089	0.0640351	0.660155
14	0.010177	0.0477159	0.270368	0.00449775	0.0101736	0.0628112	0.606093
15	0.010177	0.0466359	0.257992	0.0029985	0.0104089	0.0613607	0.536001
16	0.0102336	0.0458856	0.257992	0.00149925	0.0104089	0.0607201	0.536001
17	0.0102336	0.0456314	0.257058	0.00149925	0.0101736	0.0610433	0.563864
18	0.010177	0.0452691	0.2413	0	0.0104089	0.0598284	0.538045
19	0.0101294	0.0456036	0.252621	0.00149925	0.0106053	0.0570596	0.482952
20	0.0101294	0.045638	0.246803	0.00149925	0.0105918	0.0563386	0.471728
21	0.0101294	0.0455188	0.252621	0.00149925	0.0105918	0.0566944	0.471728
22	0.0101294	0.0450204	0.246803	0.00149925	0.0101736	0.0569706	0.482952
23	0.010177	0.0444	0.2413	0.00149925	0.0100116	0.0562181	0.471728
24	0.0101294	0.0440191	0.227181	0	0.0100116	0.0569858	0.529376
25	0.0101989	0.044834	0.227181	0	0.0100116	0.0570112	0.529376
26	0.0101294	0.0448027	0.237174	0.00149925	0.0100116	0.057494	0.649023
27	0.0101294	0.0460185	0.251266	0.0029985	0.0100116	0.055615	0.542703
28	0.0101294	0.0463074	0.251266	0.0029985	0.0100116	0.0526447	0.482682
29	0.0101294	0.0478279	0.270368	0.0029985	0.0100116	0.0527284	0.510926
30	0.0101294	0.0484036	0.271669	0.00149925	0.0100116	0.0518378	0.462417
31	0.0101294	0.0494346	0.300321	0.00149925	0.0100116	0.0493112	0.462417
32	0.0101294	0.0505882	0.312922	0.00149925	0.0100116	0.0461647	0.351118
33	0.0101294	0.0515364	0.312922	0.0029985	0.0100116	0.0441764	0.292933
34	0.0101294	0.0518268	0.331865	0.00449775	0.0100116	0.0441476	0.30014
35	0.0101294	0.0533896	0.331865	0.00449775	0.0100116	0.0443272	0.334165
36	0.0101294	0.0555587	0.333482	0.00449775	0.0100116	0.0441758	0.36872
37	0.0101294	0.0576912	0.338002	0.005997	0.0100116	0.0431415	0.371553
38	0.0101695	0.060738	0.35057	0.0104948	0.0100116	0.0420337	0.371553
39	0.0101294	0.0631754	0.368868	0.0104948	0.0100116	0.0408115	0.343533
40	0.0101695	0.0651336	0.386347	0.0134933	0.0100116	0.0393952	0.334165
41	0.0101294	0.0683549	0.440831	0.0194903	0.0100116	0.0394921	0.343533
42	0.0101695	0.0741563	0.593345	0.0254873	0.0100116	0.039551	0.375649
43	0.0103529	0.0856651	1.08778	0.0524738	0.0100116	0.0394676	0.378407
44	0.0103529	0.10135	1.37014	0.0734633	0.0100116	0.0389741	0.359453
45	0.0101191	0.0824804	0.799839	0.0464768	0.0100116	0.0379308	0.292933
46	0.0101695	0.071437	0.566541	0.0224888	0.0100116	0.0376144	0.299432
47	0.0101191	0.0684564	0.479022	0.0134933	0.0100116	0.0372135	0.299432
48	0.0103529	0.0650118	0.479022	0.0134933	0.0100264	0.0367955	0.244583
49	0.0100455	0.0631716	0.424822	0.0104948	0.0100264	0.0365593	0.244583
50	0.0100455	0.0593161	0.372934	0.00449775	0.0100116	0.0363349	0.22499
51	0.0100455	0.058151	0.356169	0.005997	0.0100116	0.0364836	0.22499
52	0.0100455	0.0551955	0.331865	0.00449775	0.0100116	0.0360337	0.199437
53	0.0100455	0.0528243	0.285014	0.0029985	0.0100116	0.0361114	0.199437
54	0.0101024	0.0519374	0.285014	0.0029985	0.0100116	0.0356786	0.162106
55	0.0100455	0.0513975	0.278332	0.00149925	0.0100116	0.0357079	0.162106
56	0.0100455	0.0510436	0.251266	0.00149925	0.0100264	0.0357515	0.147451
57	0.0100455	0.0506946	0.238694	0.0029985	0.0100116	0.0355204	0.143644
58	0.0100455	0.0514932	0.257992	0.0029985	0.0100116	0.0368135	0.162106
59	0.0101024	0.0513482	0.264437	0.00149925	0.0100116	0.0366258	0.15737
60	0.0101024	0.0510903	0.283049	0.0029985	0.0100116	0.0366389	0.162733
61	0.0101154	0.0508543	0.264437	0.0029985	0.0100116	0.0365694	0.162106
62	0.0101024	0.0503546	0.246803	0.00449775	0.0100116	0.0366032	0.15737
63	0.0101024	0.0503447	0.246803	0.00449775	0.0100116	0.0365168	0.154066
64	0.0101024	0.0500369	0.251266	0.00449775	0.0100116	0.0362744	0.149183
65	0.0101024	0.0498505	0.257992	0.0029985	0.0100116	0.0361162	0.146493
66	0.0101024	0.0497966	0.257992	0.00149925	0.0100116	0.0361369	0.149183
67	0.0101024	0.0497003	0.254677	0.00149925	0.0100116	0.0368126	0.173959
68	0.0101024	0.049012	0.251266	0.0029985	0.0100116	0.0358612	0.154066
69	0.0101024	0.0492959	0.264107	0.00149925	0.0100264	0.0351019	0.149183
70	0.0101024	0.0499691	0.269146	0.0029985	0.0100116	0.0355608	0.154066
71	0.0101024	0.050386	0.269146	0.00149925	0.0100116	0.0358593	0.173959
72	0.0101024	0.0509275	0.269146	0.00449775	0.0100116	0.0361046	0.185059
73	0.0101024	0.0512754	0.269146	0.00449775	0.0100116	0.0366377	0.184333
74	0.0112361	0.0504883	0.292719	0.00149925	0.0100116	0.0371002	0.187434
75	0.0101024	0.0515665	0.278332	0.00149925	0.0100116	0.0377555	0.194299
76	0.0101024	0.0525104	0.289577	0.0029985	0.0100116	0.0381514	0.194299
77	0.0101154	0.0523094	0.292719	0.00149925	0.0100116	0.0392635	0.208536
78	0.0100771	0.0523565	0.292719	0.00149925	0.0100116	0.0395923	0.207815
79	0.0100771	0.0530297	0.292719	0.00149925	0.0100264	0.0428687	0.286543
80	0.0100771	0.0525309	0.289577	0	0.0100116	0.0461815	0.3048
81	0.0100771	0.0540315	0.295625	0.00149925	0.0100116	0.0468384	0.3048
82	0.0100771	0.0538113	0.2974	0.00149925	0.0100116	0.0463889	0.301447
83	0.0100771	0.0537113	0.2974	0.00149925	0.0102781	0.047189	0.3048
84	0.0100771	0.0545205	0.305743	0.0029985	0.0100264	0.0473004	0.287563
85	0.0100771	0.0540034	0.2974	0.0029985	0.0100264	0.0469271	0.276475
86	0.0100771	0.0541067	0.305743	0.0029985	0.0102781	0.0477578	0.290822
87	0.0100771	0.0554329	0.310198	0.00749625	0.0100264	0.0494289	0.3048
88	0.0100771	0.0564368	0.310103	0.005997	0.0100264	0.049758	0.3048
89	0.0100771	0.0575207	0.310103	0.00449775	0.0100264	0.048583	0.290822
90	0.0100771	0.0581446	0.34611	0.005997	0.0100264	0.0476977	0.269993
91	0.0100771	0.0588558	0.351177	0.005997	0.0102781	0.0470184	0.268232
92	0.0100771	0.0586694	0.330013	0.00449775	0.0102781	0.0469698	0.268232
93	0.0100771	0.0608984	0.359693	0.00749625	0.0100264	0.0459557	0.241349
94	0.0100771	0.063381	0.432272	0.0104948	0.0100264	0.0450757	0.213136
95	0.0120385	0.0683545	0.636288	0.0149925	0.0100264	0.0446612	0.225097
96	0.0100771	0.0739356	0.60261	0.0254873	0.0100264	0.0426307	0.211445
97	0.0112278	0.0765935	0.68084	0.0224888	0.0100264	0.0422315	0.207815
98	0.0100771	0.0803938	0.675422	0.0284858	0.0100264	0.0418091	0.195251
99	0.0100771	0.085796	0.787834	0.035982	0.0100264	0.0412971	0.187873
100	0.0100771	0.0973041	1.12641	0.0584708	0.0100264	0.0404513	0.173141
101	0.0120385	0.108542	1.535	0.0809595	0.0102781	0.0409181	0.175486
102	0.0117067	0.0965171	1.38863	0.0644678	0.0100264	0.0413379	0.173068
103	0.0100771	0.0846929	0.950324	0.047976	0.0100264	0.0418829	0.173068
104	0.0100771	0.0800205	0.677853	0.0389805	0.0100264	0.0418919	0.183024
105	0.0100771	0.0741992	0.601614	0.0224888	0.0100264	0.0410318	0.171559
106	0.0100727	0.068298	0.549027	0.0194903	0.0102781	0.0407077	0.164528
107	0.0100134	0.0632749	0.518133	0.0194903	0.0102781	0.0405599	0.164528
108	0.0100134	0.0623756	0.512513	0.0164918	0.0102781	0.0404335	0.162421
109	0.0100134	0.0606708	0.45939	0.0134933	0.0108083	0.0392488	0.162421
110	0.0100134	0.059325	0.451276	0.011994	0.0108083	0.0387717	0.155129
111	0.0100134	0.0586758	0.442983	0.011994	0.0102781	0.0379739	0.144243
112	0.0100134	0.0546338	0.353636	0.011994	0.0104076	0.0367893	0.144418
113	0.0100134	0.0532327	0.34611	0.0104948	0.0108083	0.0371348	0.144418
114	0.0100134	0.0504859	0.325021	0.00749625	0.0108618	0.0365058	0.144418
115	0.0100698	0.0495466	0.312864	0.00449775	0.0108083	0.0368481	0.14282
116	0.0100134	0.0498093	0.316144	0.00749625	0.0108083	0.0370983	0.14282
117	0.0100134	0.0475578	0.289577	0.0029985	0.0108083	0.0377527	0.144243
118	0.0100698	0.0466841	0.277418	0.0029985	0.0108083	0.0377011	0.144418
119	0.0100134	0.0458401	0.266188	0.00149925	0.010837	0.0368393	0.144418
120	0.0100134	0.0447918	0.240569	0.00149925	0.0108083	0.0365864	0.144243
121	0.0100134	0.0437087	0.222979	0	0.0108118	0.0365797	0.144243
122	0.0100134	0.0432118	0.222979	0	0.0102937	0.0359306	0.134133
123	0.0100134	0.0434544	0.222979	0	0.0102937	0.0358639	0.134133
124	0.0100134	0.0429613	0.222979	0	0.0100551	0.0362619	0.134133
125	0.0100573	0.0421996	0.217266	0	0.0100551	0.0365365	0.134133
126	0.0100134	0.0414624	0.205011	0	0.0102937	0.0369	0.134133
127	0.0100573	0.0415987	0.211571	0	0.0102937	0.0382822	0.144418
128	0.0100134	0.0413304	0.206343	0	0.0108083	0.0391918	0.155318
129	0.0100134	0.0409156	0.206343	0.00149925	0.0108083	0.038505	0.155318
130	0.0100134	0.0402802	0.205011	0.00149925	0.0102113	0.0384663	0.145956
131	0.0100134	0.0394774	0.201761	0.00149925	0.0102113	0.0383916	0.145956
132	0.0100573	0.0398404	0.200187	0.0029985	0.0108083	0.0389792	0.15623
133	0.0100573	0.0399056	0.205011	0.0029985	0.0102113	0.0400692	0.156404
134	0.0100573	0.0398865	0.206343	0.00449775	0.0108083	0.0410893	0.184939
135	0.0100573	0.0392221	0.20075	0.0029985	0.0106829	0.0412998	0.187393
136	0.0100988	0.0405515	0.211729	0.0104948	0.0100551	0.0407619	0.169611
137	0.0100988	0.0399756	0.211729	0.0089955	0.0100551	0.0404039	0.169611
138	0.0100988	0.0393528	0.211571	0.00749625	0.0102113	0.0398237	0.156404
139	0.0100573	0.0394866	0.211729	0.005997	0.0106829	0.0409761	0.184939
140	0.0100573	0.0391055	0.211729	0.0029985	0.0102113	0.0407517	0.169611
141	0.0100573	0.0376842	0.200187	0.0029985	0.0102113	0.0405903	0.159738
142	0.0100573	0.0376139	0.182728	0.00449775	0.0102113	0.0405924	0.169611
143	0.0100573	0.0368799	0.162703	0.00449775	0.0108083	0.0406889	0.197608
144	0.0100573	0.0368808	0.158419	0.00449775	0.0101049	0.0399635	0.166064
145	0.0100573	0.0373008	0.158419	0.0029985	0.0103013	0.0390787	0.156568
146	0.0100573	0.0374265	0.168172	0.00149925	0.0102113	0.0377128	0.132846
147	0.0100082	0.0359929	0.15023	0	0.0101049	0.0374675	0.127011
148	0.0100082	0.0357294	0.15023	0	0.0101049	0.036561	0.113695
149	0.0100988	0.0364112	0.157584	0.00149925	0.0103013	0.0358104	0.10862
150	0.0100573	0.0365248	0.158419	0.0029985	0.0103013	0.0357029	0.10862
151	0.0100573	0.0360395	0.151275	0.0029985	0.0108211	0.0354636	0.10862
152	0.0100573	0.0359151	0.15023	0.00449775	0.0108211	0.0352247	0.10862
153	0.0100573	0.0357876	0.15023	0	0.0103013	0.0352284	0.10862
154	0.0100573	0.036226	0.151847	0.00149925	0.0103013	0.0350151	0.10999
155	0.0100573	0.0358865	0.158419	0	0.0103013	0.0350197	0.10999
156	0.0100573	0.036517	0.171108	0.00149925	0.0101049	0.0347794	0.106757
157	0.0100988	0.0361457	0.171108	0.00149925	0.0101049	0.0343419	0.102927
158	0.0100988	0.0367693	0.171108	0.00149925	0.0101049	0.0343593	0.102927
159	0.0100573	0.0366681	0.171108	0.00149925	0.0101049	0.0336711	0.102338
160	0.0100573	0.0369341	0.171108	0.00449775	0.0103845	0.0338489	0.108314
161	0.0100573	0.0356192	0.15023	0.00149925	0.0101049	0.0340155	0.105972
162	0.0100573	0.0353662	0.147125	0	0.0101049	0.0340538	0.102927
163	0.0100573	0.0354885	0.148961	0	0.0103845	0.0340784	0.108314
164	0.0100573	0.0356584	0.148961	0	0.0101049	0.0339121	0.106757
165	0.0100573	0.0354716	0.148961	0	0.010318	0.0340459	0.109829
166	0.0100573	0.035787	0.15023	0	0.0105113	0.0347881	0.119134
167	0.0100573	0.0357847	0.147617	0.00149925	0.0107162	0.0346858	0.119134
168	0.0100573	0.0360375	0.15023	0.00149925	0.0101049	0.0344346	0.109829
169	0.0100573	0.0367169	0.158419	0.0029985	0.0105113	0.0345748	0.119134
170	0.0100573	0.0358266	0.143333	0	0.0101049	0.0342069	0.109829
171	0.0100573	0.0363333	0.151275	0.0029985	0.0101049	0.0340422	0.108314
172	0.010073	0.0354853	0.147795	0	0.0101049	0.034442	0.118224
173	0.0100573	0.0360664	0.168172	0.0029985	0.0101049	0.0342311	0.117189
174	0.0100573	0.0352261	0.152808	0.00149925	0.0101049	0.034405	0.117189
175	0.0100573	0.0346112	0.152808	0.00149925	0.0101049	0.0345937	0.122884
176	0.0100573	0.0343919	0.151275	0.00149925	0.0101049	0.034057	0.115772
177	0.0100573	0.0346269	0.158419	0.00149925	0.0101049	0.0340117	0.115287
178	0.0100573	0.0346873	0.164343	0	0.0101049	0.0340768	0.114475
179	0.0100573	0.0356788	0.190011	0.0029985	0.0101049	0.0342338	0.115287
180	0.0100573	0.0350038	0.173545	0	0.0107162	0.0343045	0.123129
181	0.0100573	0.0349674	0.189507	0	0.0105113	0.0351337	0.127011
182	0.0100573	0.034577	0.189507	0	0.0101049	0.0353846	0.12637
183	0.0100573	0.0348309	0.195059	0	0.0101565	0.0355729	0.127011
184	0.0100573	0.0349692	0.210629	0.00449775	0.0101049	0.0361994	0.134907
185	0.0100573	0.0346217	0.195394	0.0029985	0.0100593	0.0361625	0.134907
186	0.0100573	0.0342852	0.194048	0	0.0100593	0.0363012	0.149391
187	0.010073	0.0352694	0.205472	0.0029985	0.0100593	0.0370512	0.162104
188	0.0100573	0.0344894	0.190011	0.0029985	0.0103327	0.0379372	0.182574
189	0.0100573	0.0354633	0.194048	0.0029985	0.0100593	0.0388436	0.184939
190	0.0100573	0.0344673	0.173545	0	0.0110688	0.0394374	0.216982
191	0.0100573	0.034308	0.171197	0.00149925	0.0100593	0.040991	0.230474
192	0.0101215	0.0345284	0.173286	0.0029985	0.0100593	0.0414879	0.252105
193	0.0100573	0.0347091	0.173545	0.00749625	0.0100593	0.0437098	0.298856
194	0.0100573	0.0336207	0.169208	0.0029985	0.0103327	0.0460359	0.350975
195	0.0100573	0.033718	0.171197	0.00449775	0.0101565	0.0469518	0.350975
196	0.0101215	0.034797	0.190011	0.005997	0.0107135	0.0464576	0.350975
197	0.0100573	0.0339797	0.179662	0.0029985	0.0101565	0.0473717	0.437115
198	0.0100573	0.034323	0.179662	0.00449775	0.0107162	0.0441787	0.29974
199	0.0100573	0.0335293	0.171197	0	0.0103327	0.0420566	0.24276
200	0.0100573	0.0342483	0.187234	0.00149925	0.0103327	0.039666	0.208118
201	0.0101215	0.03447	0.194564	0.0029985	0.0103327	0.0388029	0.198488
202	0.0101215	0.0345468	0.19459	0.0029985	0.0103327	0.0376501	0.182355
203	0.0100831	0.0347615	0.19459	0.00449775	0.0103327	0.0379884	0.182355
204	0.0100573	0.0351636	0.19765	0.00449775	0.0101565	0.0374856	0.182355
205	0.0100573	0.0348784	0.189507	0	0.0103327	0.0373053	0.192341
206	0.0101951	0.0350476	0.19459	0	0.0101565	0.0373103	0.174376
207	0.0101495	0.0356358	0.19459	0	0.0101565	0.0374009	0.174376
208	0.0101951	0.0359605	0.19459	0.0029985	0.0103327	0.0373553	0.174376
209	0.0101951	0.036372	0.19459	0.00449775	0.0101565	0.0375677	0.177359
210	0.0100573	0.0376707	0.19765	0.0104948	0.0101565	0.0379624	0.192341
211	0.0101495	0.0383509	0.19765	0.011994	0.0101565	0.0377923	0.190192
212	0.0101495	0.037573	0.19459	0.005997	0.0102558	0.0371253	0.174376
213	0.0101495	0.0383283	0.217149	0.00749625	0.0101565	0.0375697	0.177359
214	0.0101495	0.0379667	0.19765	0.00449775	0.0101565	0.0377939	0.190192
215	0.0101495	0.037894	0.19459	0.0029985	0.0101565	0.0383516	0.192341
216	0.010108	0.0378012	0.19459	0.0029985	0.0101565	0.0386293	0.192341
217	0.0100573	0.0379836	0.19459	0.00149925	0.0102558	0.0397907	0.21331
218	0.0100573	0.0382986	0.19765	0.00149925	0.0102558	0.0409896	0.236462
219	0.0101495	0.0388566	0.217149	0.0029985	0.0101565	0.0426194	0.257421
220	0.010108	0.0399355	0.246963	0.0029985	0.010061	0.0438444	0.264607
221	0.0100573	0.0394663	0.229237	0	0.010061	0.0435807	0.257421
222	0.010108	0.0401802	0.246963	0	0.0102348	0.0434595	0.257421
223	0.0100573	0.0412995	0.265866	0.00149925	0.010061	0.0445444	0.264607
224	0.0100573	0.0423915	0.269356	0.00449775	0.010061	0.0451938	0.279519
225	0.0100573	0.0426545	0.265866	0.00149925	0.010061	0.0453326	0.279519
226	0.010108	0.043415	0.265866	0.00149925	0.0102348	0.0459448	0.293405
227	0.010108	0.0444877	0.269356	0	0.0102348	0.0461548	0.293405
228	0.010108	0.045087	0.269356	0	0.0102348	0.0470105	0.298856
229	0.010108	0.0462614	0.277359	0.00149925	0.010061	0.0479991	0.29974
230	0.010108	0.0464109	0.265866	0.00149925	0.0102348	0.0473165	0.288658
231	0.010108	0.0468793	0.256495	0.00149925	0.0102348	0.0483489	0.29974
232	0.010108	0.0476588	0.257597	0.0029985	0.010061	0.0506223	0.307392
233	0.010208	0.0483912	0.276044	0.00449775	0.0102348	0.0519197	0.340836
234	0.010208	0.0481737	0.276044	0.00449775	0.0102348	0.055131	0.367742
235	0.010208	0.0485831	0.277359	0.0029985	0.010061	0.0572853	0.375689
236	0.010108	0.0491637	0.276044	0.00149925	0.0102348	0.0588113	0.369324
237	0.010108	0.0490273	0.276044	0	0.0102348	0.0601317	0.375689
238	0.0103813	0.0501924	0.291506	0.00149925	0.0102348	0.0605673	0.375689
239	0.010108	0.0503756	0.28113	0.00449775	0.0102348	0.061932	0.398987
240	0.0103813	0.0513838	0.291054	0.00449775	0.0102968	0.0648018	0.398987
241	0.0103813	0.05229	0.291891	0.00149925	0.0104596	0.0661467	0.428291
242	0.0102366	0.0539651	0.293349	0.0029985	0.0104596	0.073062	0.52305
243	0.010108	0.054739	0.292559	0.00149925	0.0104596	0.0802309	0.526043
244	0.010108	0.0565131	0.31628	0.00149925	0.0107628	0.0902109	0.653342
245	0.010208	0.0595367	0.361624	0.0029985	0.0107628	0.0969079	0.615807
246	0.010108	0.062741	0.382903	0.005997	0.0107501	0.102473	0.65662
247	0.010108	0.0645677	0.408544	0.00749625	0.0107501	0.111958	0.80757
248	0.010108	0.0678654	0.442074	0.0104948	0.0131552	0.12056	0.988619
249	0.010108	0.0723636	0.502218	0.011994	0.014355	0.128104	0.994406
250	0.010108	0.076339	0.542245	0.0164918	0.0156586	0.130426	1.0381
251	0.010108	0.0872816	0.663857	0.029985	0.0139932	0.130817	0.994406
252	0.010108	0.0996596	0.866193	0.0449775	0.012194	0.130231	1.00175
253	0.0101495	0.14109	2.54982	0.0989505	0.012194	0.125004	1.00175
254	0.0101495	0.108596	0.994221	0.0494753	0.0110484	0.12262	0.984706
255	0.0103813	0.0930059	0.7259	0.029985	0.0110484	0.11971	1.00175
256	0.0101495	0.0854142	0.557339	0.0164918	0.0110484	0.113846	0.984706
257	0.0103525	0.0775451	0.486311	0.0104948	0.0104045	0.104521	0.733246
258	0.0100207	0.0722248	0.422635	0.00749625	0.0101162	0.0963135	0.626788
259	0.0103525	0.0685762	0.420531	0.0104948	0.010625	0.089654	0.605178
260	0.0103525	0.0665409	0.394237	0.00749625	0.0101162	0.0895461	0.59742
261	0.0101495	0.0663771	0.394237	0.005997	0.0101162	0.0920594	0.605178
262	0.0103525	0.0652132	0.37318	0.0029985	0.0101162	0.0916175	0.620122
263	0.0103525	0.0644985	0.377057	0.0029985	0.0104045	0.0927815	0.67541
264	0.0103525	0.063121	0.368514	0.00449775	0.0101162	0.09205	0.660323
265	0.0103525	0.063529	0.368514	0.00449775	0.0101162	0.0893784	0.656988
266	0.0100346	0.062572	0.342943	0.00149925	0.0104045	0.0899637	0.688392
267	0.0100346	0.0618366	0.342943	0.00449775	0.0101162	0.0908329	0.694283
268	0.0103839	0.0607035	0.368514	0.00449775	0.0102603	0.0950735	0.804902
269	0.0101003	0.0599493	0.359936	0.0029985	0.0101162	0.097225	0.892403
270	0.0100346	0.0599272	0.359936	0.0029985	0.0101162	0.105118	1.81094
271	0.0100346	0.0588174	0.359936	0.00149925	0.0101162	0.11509	2.16665
272	0.0100346	0.0587878	0.362715	0.00149925	0.0101162	0.119257	3.15006
273	0.0100346	0.059051	0.362715	0.00149925	0.0101162	0.147592	9.36067
274	0.0100346	0.0588071	0.359936	0.0029985	0.0101162	0.196326	16.1978
275	0.0101003	0.058266	0.368033	0.0029985	0.0101948	0.273346	35.6969
276	0.0100346	0.0578922	0.359936	0.0029985	0.0101948	0.336849	37.7708
277	0.0101003	0.0579417	0.368514	0.0029985	0.0101948	0.376438	40.7393
278	0.0100346	0.0599032	0.379147	0.00749625	0.0101948	0.50099	47.115
279	0.0100346	0.0590438	0.379147	0.005997	0.0101948	0.598345	49.9632
280	0.0101495	0.0587959	0.379147	0.00449775	0.0119917	0.742758	70.3114
281	0.0101495	0.0604638	0.395527	0.00749625	0.0119917	1.06453	73.3387
282	0.0103978	0.0609497	0.410654	0.0089955	0.0119917	1.22701	73.1269
283	0.0101495	0.060367	0.398395	0.0104948	0.0122643	1.34397	73.7233
284	0.0101495	0.0603679	0.398395	0.0089955	0.0119917	1.45302	73.7233
285	0.0102129	0.0618812	0.410654	0.011994	0.0126429	1.54182	77.2606
286	0.0102962	0.0641509	0.461447	0.011994	0.0129343	1.88338	80.7083
287	0.0103857	0.0658394	0.585366	0.011994	0.0119917	1.81609	77.2606
288	0.0100346	0.0699758	0.596921	0.0194903	0.012899	1.9301	80.7083
289	0.0106348	0.0752041	0.71688	0.0314843
