		omega		Posterior		rho				Synonymous theta			kappa			phi	
Site	Lower	Point	Higher	prob of +ve	Lower	Point	Higher		Lower	Point	Higher	Lower	Point	Higher	Lower	Point	Higher
	95% HPD	estimate	95% HPD	selection	95% HPD	estimate	95% HPD		95% HPD	estimate	95% HPD	95% HPD	estimate	95% HPD	95% HPD	estimate	95% HPD
0	0.0100695	0.0383878	0.304735	0.00749625	0.0103279	0.622007	40.5234		0.0334633	0.0442582	0.0582162	1.61383	2.74891	4.56939	0	0	0
1	0.0100695	0.0375668	0.295173	0.005997	0.0102445	0.650529	40.5234
2	0.0100695	0.0365636	0.273786	0.00449775	0.0102014	0.674473	43.6404
3	0.0100695	0.03621	0.273786	0.00749625	0.0102014	0.66272	43.6404
4	0.0100695	0.0352149	0.233416	0.00449775	0.0102115	0.618147	40.5234
5	0.0100695	0.0338237	0.213549	0.0089955	0.0102014	0.586935	44.6477
6	0.0100695	0.0323825	0.170789	0.0029985	0.0102115	0.566614	44.6477
7	0.0100114	0.0328231	0.170789	0.00449775	0.0102115	0.533265	40.5234
8	0.0100114	0.0324226	0.164827	0.00449775	0.0101196	0.523137	37.2252
9	0.0100695	0.031854	0.147448	0.0029985	0.0102115	0.511219	39.0029
10	0.0100114	0.0318999	0.170789	0.0029985	0.0101196	0.541177	45.5913
11	0.0100114	0.0317721	0.170789	0.0029985	0.0101196	0.488006	31.6234
12	0.0100695	0.0311465	0.170789	0.00149925	0.0101252	0.471488	33.5976
13	0.0100114	0.0309869	0.164827	0	0.0101196	0.433052	28.6001
14	0.0100695	0.030745	0.170789	0	0.0101196	0.402682	25.7039
15	0.0100114	0.030455	0.159224	0	0.0101252	0.398684	19.0439
16	0.0100114	0.0294385	0.121792	0	0.0101252	0.393942	19.0439
17	0.0100695	0.0293123	0.121792	0	0.0101196	0.399028	17.6119
18	0.0100695	0.0290652	0.120584	0	0.0101252	0.411344	17.2549
19	0.0100695	0.0290657	0.117825	0	0.0102115	0.430323	15.7021
20	0.0100114	0.0294886	0.118166	0	0.0102115	0.433328	13.8352
21	0.0100114	0.0294658	0.118166	0	0.0102115	0.420885	15.208
22	0.0100695	0.029862	0.121792	0.00149925	0.0103279	0.378384	13.5112
23	0.0100114	0.0295213	0.121792	0.00149925	0.0103279	0.381077	11.168
24	0.0100114	0.0290851	0.119192	0.00149925	0.0103279	0.42306	11.168
25	0.0100695	0.0286161	0.116076	0	0.0102115	0.415723	15.208
26	0.0100114	0.0281461	0.111176	0	0.0102115	0.409023	9.47726
27	0.0100114	0.0281866	0.111176	0	0.0103279	0.360859	5.87413
28	0.0100114	0.0279908	0.111176	0	0.0136186	0.296868	3.38239
29	0.0100695	0.0276605	0.110105	0	0.0135559	0.239682	1.20971
30	0.0100114	0.0277591	0.110105	0	0.0135559	0.224936	1.17566
31	0.0100695	0.0275557	0.110105	0	0.0135559	0.217285	1.18456
32	0.0100114	0.0278058	0.111176	0	0.0135559	0.219456	1.29096
33	0.0100114	0.0278458	0.10763	0	0.0101991	0.212026	1.11308
34	0.0100114	0.027843	0.109893	0	0.0101991	0.214367	1.11308
35	0.0100114	0.028728	0.11713	0	0.0135559	0.223581	1.30619
36	0.0100114	0.0299003	0.145973	0	0.0135559	0.225092	1.5152
37	0.0100114	0.0299372	0.144874	0	0.0112644	0.235477	1.53874
38	0.0100175	0.030168	0.145973	0.00149925	0.0101737	0.235698	1.4389
39	0.0100175	0.0304005	0.150088	0.00149925	0.0130886	0.249678	2.07769
40	0.0100175	0.0304178	0.152193	0	0.0115928	0.265331	2.07769
41	0.0100175	0.0302555	0.152193	0	0.0108296	0.25854	2.03636
42	0.0100175	0.0303336	0.152193	0	0.0103197	0.24679	1.53912
43	0.0100175	0.0304984	0.152193	0	0.0115928	0.251694	2.03636
44	0.0100175	0.0296119	0.143976	0	0.0108296	0.239333	1.4389
45	0.0100695	0.0295113	0.144874	0.00149925	0.0103197	0.230778	1.4389
46	0.0100695	0.0297994	0.145973	0.00149925	0.0108296	0.218386	1.56666
47	0.0100989	0.0296349	0.14529	0.00149925	0.0115928	0.204933	1.2772
48	0.0100989	0.0302343	0.146064	0.0029985	0.0115645	0.203261	1.30619
49	0.0101373	0.0299313	0.146064	0.0029985	0.0108296	0.205482	1.4389
50	0.0101373	0.0299053	0.146064	0.00149925	0.0115645	0.211239	1.88893
51	0.0100175	0.0302923	0.146064	0.00149925	0.0115645	0.206698	1.89545
52	0.0100175	0.0304206	0.150088	0.00449775	0.0115645	0.199279	1.80167
53	0.0100989	0.030162	0.146064	0.00149925	0.0115645	0.196226	1.89545
54	0.0100175	0.0303345	0.148272	0.00149925	0.0114971	0.186402	1.30619
55	0.0100175	0.0307652	0.154009	0.00149925	0.0114971	0.176462	1.03045
56	0.0101373	0.0307951	0.164333	0.00149925	0.0115645	0.183951	1.05492
57	0.0100175	0.030882	0.154632	0	0.0115645	0.183931	1.05275
58	0.0101373	0.0313405	0.164333	0	0.0115645	0.187708	1.07685
59	0.0101373	0.0315916	0.164868	0	0.0111458	0.200016	1.4389
60	0.0100989	0.0318397	0.164868	0	0.0111458	0.235668	4.94826
61	0.0100989	0.0317761	0.171125	0	0.0115645	0.298779	16.8689
62	0.0101373	0.0317543	0.164868	0	0.0115645	0.360537	28.8768
63	0.0100175	0.0320857	0.164868	0	0.016677	0.419297	44.8408
64	0.0100175	0.0326101	0.164868	0.00149925	0.0212587	0.480923	42.277
65	0.0101433	0.032993	0.171125	0.00149925	0.0352203	0.523336	55.1515
66	0.0100175	0.0329578	0.164868	0	0.0357336	0.593759	44.8408
67	0.0100175	0.0326374	0.154632	0	0.0381024	0.699046	55.1515
68	0.0101433	0.0325732	0.154632	0	0.039202	0.764794	55.1515
69	0.0100175	0.0325096	0.152193	0	0.0363468	0.537276	53.2865
70	0.0100175	0.0326034	0.154009	0.00149925	0.0135234	0.391705	17.2439
71	0.0100319	0.0327334	0.164333	0.00449775	0.0114006	0.324347	7.88149
72	0.0100175	0.032861	0.164333	0.00449775	0.0105608	0.277427	7.7189
73	0.0100175	0.0331818	0.164868	0.005997	0.0105608	0.254246	7.7189
74	0.0100175	0.0341662	0.164868	0.00449775	0.0105608	0.226208	7.7189
75	0.0100175	0.0343442	0.164868	0.0029985	0.0102126	0.189368	5.96007
76	0.0100175	0.0344005	0.165854	0	0.0102126	0.18766	5.96007
77	0.0100175	0.0346336	0.165854	0	0.0100524	0.179204	7.63055
78	0.0100175	0.0354748	0.179	0.00149925	0.0100524	0.171371	3.37483
79	0.0100175	0.0357106	0.185397	0.00149925	0.0100524	0.161082	7.88149
80	0.0100175	0.0364987	0.194538	0.00149925	0.0100524	0.152547	7.88149
81	0.0100175	0.037066	0.204855	0.00149925	0.0100524	0.142362	4.26226
82	0.0100175	0.037663	0.215015	0.00449775	0.0100524	0.138667	3.30885
83	0.0100175	0.0390298	0.222855	0.00749625	0.0100524	0.134096	5.69959
84	0.0100175	0.0397542	0.226493	0.011994	0.0102126	0.137473	6.64578
85	0.0100175	0.0389211	0.222181	0.00449775	0.0100524	0.130114	4.49672
86	0.0100175	0.0393781	0.219539	0.0029985	0.0100524	0.126293	4.49672
87	0.0100175	0.0398635	0.222855	0.00449775	0.0100524	0.123256	4.13393
88	0.0101312	0.0402479	0.226493	0.00449775	0.0100524	0.119063	7.88149
89	0.0100319	0.0404673	0.226351	0.00449775	0.0100524	0.115609	6.14097
90	0.0100319	0.0407676	0.222181	0.0029985	0.0102126	0.118937	12.0244
91	0.0100319	0.0415495	0.230797	0.0029985	0.0100524	0.117015	12.0244
92	0.0100319	0.0420231	0.230797	0	0.0100524	0.114795	12.0244
93	0.0101312	0.0433953	0.239707	0	0.0102126	0.114206	14.4246
94	0.0101312	0.0443363	0.255489	0	0.0102126	0.111474	14.4246
95	0.0101312	0.0458359	0.255489	0	0.0100524	0.108834	13.5618
96	0.0101312	0.0464953	0.257016	0.00149925	0.0102126	0.105567	14.4246
97	0.0101312	0.0464533	0.255489	0.00149925	0.0102126	0.105395	14.4246
98	0.0101312	0.0460006	0.252856	0.00149925	0.0102126	0.107442	14.4246
99	0.0102251	0.0471693	0.255489	0.00149925	0.0101603	0.103325	14.4246
100	0.0102251	0.0470845	0.255489	0.00149925	0.0101603	0.1106	16.8689
101	0.0102093	0.0482539	0.255489	0	0.0100524	0.120146	24.3819
102	0.0102093	0.0497466	0.257016	0.00149925	0.0101603	0.131146	33.7231
103	0.0102093	0.0529623	0.289879	0.0089955	0.0101603	0.15779	38.4085
104	0.0102093	0.05269	0.271157	0.00149925	0.010236	0.18705	50.2657
105	0.0102093	0.0561391	0.305218	0.00749625	0.0102126	0.195395	52.7258
106	0.0102093	0.0593887	0.360796	0.0089955	0.0102126	0.199082	58.1711
107	0.0102093	0.0619077	0.372486	0.0134933	0.010236	0.193898	62.5126
108	0.0102093	0.065011	0.432787	0.0149925	0.010236	0.201237	69.3449
109	0.0102093	0.0728541	0.695349	0.0314843	0.010236	0.201299	69.3449
110	0.0102093	0.0695367	0.662997	0.0224888	0.010236	0.201863	69.3449
111	0.0102093	0.0658514	0.432787	0.0134933	0.010236	0.201593	69.3449
112	0.0102251	0.0639794	0.372486	0.0089955	0.010236	0.199936	69.3449
113	0.0103009	0.0632825	0.372486	0.00749625	0.010236	0.198702	69.3449
114	0.0105797	0.0613018	0.372388	0.005997	0.010236	0.20078	69.3449
115	0.0105797	0.0609362	0.371764	0.005997	0.0102465	0.201591	69.3449
116	0.0102093	0.0591893	0.350759	0.00449775	0.0103247	0.188793	69.3449
117	0.0103009	0.0586541	0.350759	0.0029985	0.010236	0.183889	56.9675
118	0.0102251	0.0578461	0.327539	0.0029985	0.010236	0.184696	56.9675
119	0.0103009	0.0574634	0.350759	0.005997	0.0102126	0.180621	56.9675
120	0.0102251	0.0580709	0.350746	0.005997	0.0102126	0.176236	56.9675
121	0.010159	0.0553574	0.307348	0.00449775	0.0102126	0.165689	56.9675
122	0.010159	0.0535925	0.287877	0.00149925	0.0100889	0.161565	50.6445
123	0.010159	0.053132	0.269637	0.00149925	0.010236	0.152092	49.4272
124	0.010159	0.0526619	0.263822	0.00149925	0.0102126	0.133345	32.636
125	0.0100631	0.0515575	0.257016	0.00449775	0.0100889	0.138046	27.6611
126	0.0102251	0.0507002	0.255489	0.00449775	0.0100889	0.13977	29.8617
127	0.0102251	0.0498197	0.255489	0.0029985	0.0100889	0.13892	29.8617
128	0.010159	0.0494679	0.25467	0.0029985	0.0100889	0.146816	34.7344
129	0.0100631	0.0480914	0.22892	0.00149925	0.0100889	0.157749	36.0028
130	0.0105797	0.0475763	0.227212	0.00149925	0.0100889	0.16786	36.5798
131	0.0105797	0.0478939	0.228419	0.00149925	0.010236	0.173236	37.0426
132	0.0105797	0.0484336	0.22892	0.0029985	0.010236	0.164971	36.0028
133	0.0105797	0.0484255	0.238158	0.00149925	0.010236	0.159686	28.0723
134	0.0100631	0.0489945	0.25467	0.00449775	0.010236	0.161467	32.2666
135	0.0105797	0.0494753	0.268966	0.005997	0.010236	0.164453	32.636
136	0.0105797	0.0489552	0.25467	0.0029985	0.0100889	0.162862	28.0723
137	0.010159	0.0489503	0.25467	0.0029985	0.010236	0.159449	27.1055
138	0.010159	0.0494296	0.25467	0.0029985	0.010236	0.130605	16.6061
139	0.0105797	0.0503734	0.269637	0.00749625	0.010236	0.118408	10.0537
140	0.010159	0.0500199	0.25467	0.0089955	0.010236	0.119096	9.37885
141	0.010159	0.0487413	0.229564	0.00449775	0.010236	0.121264	7.53442
142	0.0100631	0.04831	0.229564	0.0029985	0.010236	0.125343	6.79077
143	0.0102057	0.0485946	0.25467	0.0029985	0.010236	0.130095	9.37885
144	0.010159	0.0486192	0.25467	0.00449775	0.010236	0.140556	11.7819
145	0.0105797	0.048968	0.269788	0.005997	0.010236	0.145096	11.9562
146	0.0102057	0.0492173	0.269369	0.005997	0.010236	0.146221	10.4306
147	0.0102057	0.0492262	0.269788	0.005997	0.0102465	0.14991	10.4306
148	0.0100631	0.0506619	0.295573	0.00449775	0.0103042	0.159142	10.4306
149	0.0100631	0.0510758	0.288408	0.0029985	0.0103042	0.164516	11.2986
150	0.0100631	0.051685	0.295573	0.00149925	0.0103042	0.168203	11.2986
151	0.0100631	0.0528841	0.300612	0.0029985	0.0103042	0.169248	11.2986
152	0.010066	0.0531819	0.314788	0.00149925	0.0103042	0.165965	8.97016
153	0.0100631	0.0550459	0.343308	0.00149925	0.0103042	0.164216	6.79077
154	0.0100631	0.0573323	0.391459	0.00149925	0.0103042	0.165813	7.53442
155	0.0100631	0.0589501	0.405059	0.00449775	0.0103042	0.169487	8.97016
156	0.0102057	0.0627662	0.45383	0.00449775	0.0103042	0.172285	9.37885
157	0.010066	0.0721392	0.580605	0.011994	0.0103042	0.176897	9.37885
158	0.010066	0.0783268	0.674925	0.0149925	0.0103042	0.187664	10.4306
159	0.010066	0.0837634	0.632068	0.0134933	0.0103042	0.189803	9.76236
160	0.0102057	0.0927298	0.72027	0.0209895	0.0103042	0.188669	9.37885
161	0.011428	0.10251	0.928169	0.0269865	0.0103042	0.192848	10.4306
162	0.0102057	0.112125	0.873436	0.035982	0.0103042	0.21033	11.9562
163	0.0102057	0.125984	0.923682	0.0389805	0.0112279	0.223425	15.2144
164	0.0156741	0.164112	1.47308	0.0614693	0.0123958	0.230082	15.8225
165	0.0173982	0.206637	1.56767	0.0809595	0.0122512	0.255555	15.4435
166	0.0366205	0.305908	2.65284	0.134933	0.0122512	0.270993	15.8225
167	0.0368688	0.313885	2.65284	0.131934	0.0175714	0.290519	24.6325
168	0.040407	0.318708	2.65284	0.130435	0.0185232	0.302583	25.9556
169	0.041433	0.322481	2.65284	0.127436	0.0142255	0.288225	15.4435
170	0.0452439	0.33509	2.65284	0.130435	0.0142255	0.345416	25.3803
171	0.0387833	0.31059	2.65284	0.122939	0.0142255	0.352492	27.9476
172	0.0287661	0.284276	2.27123	0.110945	0.0142255	0.350768	27.9476
173	0.0286094	0.293338	2.18068	0.113943	0.0151592	0.362322	35.5344
174	0.0339094	0.322711	2.27123	0.127436	0.0113243	0.360586	27.9476
175	0.0157854	0.233527	1.56305	0.083958	0.0184843	0.39548	55.0074
176	0.0114997	0.190586	1.31729	0.0689655	0.0184843	0.493021	55.0074
177	0.0114997	0.163901	1.32897	0.065967	0.0263855	0.535119	84.2092
178	0.0103748	0.142976	0.987278	0.047976	0.0243916	0.655029	84.6008
179	0.0114997	0.126838	0.987278	0.035982	0.0237543	0.756749	84.6008
180	0.010874	0.105976	0.905131	0.0284858	0.0246134	0.78703	96.7286
181	0.0114997	0.0885294	0.826958	0.0134933	0.0255231	0.837059	96.7286
182	0.0103746	0.0816866	0.671531	0.0089955	0.0245341	0.941787	96.7286
183	0.0113172	0.0768906	0.678577	0.0089955	0.0282337	1.13048	96.4122
184	0.0120934	0.0690537	0.671531	0.00449775	0.0285341	1.42827	96.7286
185	0.0103396	0.064399	0.504876	0.0029985	0.0285341	1.60365	96.7286
186	0.010252	0.0621157	0.504876	0.005997	0.0213422	1.4686	96.7286
187	0.010252	0.0601221	0.504876	0.011994	0.0247164	1.56561	96.7286
188	0.0100939	0.0572355	0.488843	0.0089955	0.0267356	1.67407	96.7286
189	0.0100939	0.0542407	0.362052	0.00449775	0.0394297	1.95347	96.7286
190	0.010252	0.0528111	0.352073	0.00449775	0.0167555	1.1918	84.6008
191	0.0100939	0.05014	0.296885	0.005997	0.0140829	0.87468	71.6281
192	0.010252	0.0466861	0.283126	0.00149925	0.011434	0.656987	59.7404
193	0.0100939	0.0450599	0.245199	0.00149925	0.0103179	0.491149	55.4557
194	0.0100939	0.0452142	0.241217	0.00149925	0.0100175	0.27509	30.8762
195	0.010252	0.0453563	0.235677	0.00149925	0.010103	0.18932	18.844
196	0.0100939	0.0451238	0.235677	0.00149925	0.010103	0.136056	10.6292
197	0.0100939	0.0446294	0.235677	0.0029985	0.0100175	0.105714	3.73509
198	0.0100939	0.0437414	0.220599	0.00149925	0.0100175	0.0798376	1.72044
199	0.0100939	0.042865	0.202235	0.0029985	0.0100175	0.0729679	1.72044
200	0.0100939	0.0420241	0.18587	0.00149925	0.0100175	0.0739619	1.72044
201	0.0103138	0.0410536	0.177931	0.00149925	0.0100175	0.0731892	1.72044
202	0.010252	0.0400602	0.174645	0.00149925	0.0100175	0.0734351	1.64847
203	0.010252	0.0402337	0.172455	0.00149925	0.0100175	0.0713745	1.37516
204	0.0100939	0.0391597	0.147665	0.00149925	0.0100175	0.0671962	0.95917
205	0.010252	0.0377077	0.147665	0	0.0100175	0.0653594	0.756992
206	0.0101166	0.038109	0.147665	0	0.0100175	0.063137	0.655455
207	0.0100939	0.0380282	0.146474	0	0.0100175	0.0644263	0.685262
208	0.0101166	0.0382262	0.156804	0	0.0100175	0.0664327	0.685262
209	0.0100687	0.0385422	0.15387	0	0.010103	0.0685728	0.796966
210	0.0100687	0.038465	0.15387	0.0029985	0.010103	0.0705248	0.827479
211	0.0100687	0.038626	0.15387	0.0029985	0.0100907	0.0670996	0.665351
212	0.0100687	0.0380995	0.156804	0.0029985	0.0100907	0.0658298	0.663515
213	0.0100687	0.0378098	0.159708	0.00149925	0.0100907	0.0693607	0.702746
214	0.0100687	0.0384493	0.164053	0.00149925	0.0100907	0.0761632	0.810227
215	0.0100687	0.0385326	0.169647	0.00149925	0.010103	0.157678	6.84017
216	0.0100687	0.0387549	0.169647	0	0.010103	0.229269	24.9348
217	0.0100687	0.0391624	0.166393	0	0.010103	0.438864	43.7891
218	0.0100939	0.039412	0.174645	0	0.0132333	0.66717	50.5209
219	0.0100687	0.0399361	0.180207	0	0.0135227	0.825457	50.5209
220	0.0100939	0.0405788	0.183606	0.00149925	0.0347857	0.901464	90.4386
221	0.0100687	0.0411033	0.192561	0.0029985	0.0477713	1.04284	94.7713
222	0.0100687	0.0414677	0.206065	0	0.049703	1.05258	90.4386
223	0.0100687	0.0421241	0.212277	0	0.0537403	1.04216	94.7713
224	0.0100687	0.0419557	0.206065	0	0.0503678	0.833227	89.6715
225	0.0100687	0.0426067	0.212277	0	0.0209226	0.66342	43.7891
226	0.0100939	0.0419559	0.215186	0	0.0121755	0.502709	16.9271
227	0.0100687	0.0430394	0.216273	0	0.0102725	0.437708	9.28883
228	0.0100687	0.0441349	0.219444	0	0.0121037	0.381095	8.686
229	0.0100687	0.0460504	0.234462	0	0.0122726	0.372648	10.3248
230	0.0100687	0.0468879	0.229405	0	0.0102725	0.328713	7.85814
231	0.0100687	0.0485889	0.247993	0.00149925	0.0102725	0.299359	7.85814
232	0.0101641	0.0508566	0.287829	0.0029985	0.0102725	0.263947	7.29562
233	0.0100553	0.0522999	0.287829	0.00449775	0.0102725	0.255807	7.29562
234	0.0101609	0.054357	0.296254	0.005997	0.0102725	0.23341	5.58259
235	0.0100553	0.0570584	0.30709	0.005997	0.0115635	0.22912	5.84246
236	0.0101609	0.0583877	0.346578	0.0029985	0.0102725	0.218198	4.28008
237	0.0100553	0.0598974	0.366569	0.005997	0.0102725	0.227067	5.05921
238	0.0100553	0.0627264	0.41735	0.0149925	0.0102725	0.24935	6.04703
239	0.0100553	0.0674632	0.463294	0.0194903	0.0103736	0.254956	4.21431
240	0.0100771	0.0744971	0.605187	0.0284858	0.0131507	0.25164	6.04703
241	0.0100771	0.0709539	0.587762	0.0284858	0.0103736	0.2414	4.13238
242	0.0100771	0.0634655	0.463294	0.0164918	0.0115683	0.227055	3.05381
243	0.0100771	0.0591939	0.381411	0.0149925	0.0115683	0.222049	2.84512
244	0.0100771	0.0552358	0.327379	0.0149925	0.0120617	0.228402	3.53139
245	0.0100007	0.0531455	0.317496	0.011994	0.0115683	0.222875	3.28438
246	0.0100007	0.0484438	0.244104	0.00749625	0.0116744	0.218963	4.48777
247	0.0100007	0.0453284	0.225514	0.00149925	0.0115683	0.216819	2.95581
248	0.0100007	0.0434874	0.216082	0.00149925	0.0115683	0.215421	2.95581
249	0.0100007	0.0422471	0.212277	0.00149925	0.0115683	0.206392	2.33103
250	0.0100007	0.0415234	0.206837	0.0029985	0.0115683	0.215791	2.63084
251	0.0100623	0.0408308	0.207142	0.00149925	0.0115683	0.209623	3.07361
252	0.0100007	0.0400138	0.199683	0.0029985	0.0115683	0.202653	2.59447
253	0.0100007	0.0383128	0.174645	0	0.0116744	0.193274	2.15195
254	0.0100007	0.0367907	0.171786	0	0.0115683	0.205644	2.22794
255	0.0100007	0.0361418	0.165076	0	0.0117786	0.207961	3.11062
256	0.0100007	0.0360726	0.16167	0	0.0129332	0.24915	8.87054
257	0.0100007	0.0359728	0.159048	0	0.0117786	0.249461	8.87054
258	0.0100007	0.0355836	0.158623	0	0.0125157	0.248357	8.87054
259	0.0100007	0.0355641	0.158623	0.00149925	0.0116744	0.246407	13.8872
260	0.0100007	0.0353623	0.158168	0	0.0125157	0.267015	30.0798
261	0.0100007	0.0358555	0.163582	0.00149925	0.0111078	0.235556	8.87054
262	0.0100007	0.0355138	0.162223	0.00149925	0.0111078	0.201821	3.11062
263	0.0100007	0.0341903	0.15118	0.0029985	0.0122204	0.180885	2.15775
264	0.0100007	0.0336982	0.143024	0.0029985	0.0110731	0.173382	2.05848
265	0.0100007	0.0330704	0.136264	0.0029985	0.0110731	0.140568	1.09274
266	0.0100538	0.0328238	0.136264	0.0029985	0.0110731	0.136549	1.00519
267	0.0100007	0.033002	0.136264	0	0.0110731	0.125511	0.789425
268	0.0100007	0.0327556	0.137822	0	0.0121636	0.118298	0.765073
269	0.0100007	0.0323863	0.136264	0	0.0121636	0.119955	0.827897
270	0.0100007	0.0322977	0.143024	0	0.0110731	0.109836	0.565139
271	0.0100007	0.0322045	0.137822	0	0.0110731	0.112278	0.565139
272	0.0100007	0.031482	0.123252	0	0.0121636	0.112863	0.565139
273	0.0100007	0.0306666	0.118749	0	0.0121636	0.110537	0.533242
274	0.0100007	0.0303756	0.117594	0	0.0121636	0.109618	0.529155
275	0.0100007	0.03009	0.117741	0	0.0121636	0.11032	0.533242
276	0.0100007	0.0303291	0.117594	0.00149925	0.0110731	0.110495	0.533242
277	0.0100007	0.0301806	0.112578	0.0029985	0.0113776	0.109404	0.533242
278	0.0100007	0.0299099	0.112578	0.00149925	0.0110731	0.117395	0.694493
279	0.0100007	0.0291548	0.104695	0.00149925	0.0111078	0.118018	0.721802
280	0.0100007	0.0290202	0.104008	0.00149925	0.0110731	0.109913	0.595425
281	0.0100007	0.0294524	0.105485	0.00449775	0.0102973	0.109404	0.565139
282	0.0100007	0.0295222	0.105485	0.00449775	0.0102973	0.108778	0.585661
283	0.0100007	0.0292772	0.112578	0.00149925	0.0102973	0.108945	0.565139
284	0.0100007	0.0294541	0.116961	0.00149925	0.0110731	0.110563	0.614558
285	0.0100007	0.0299873	0.119401	0.0029985	0.0111078	0.117231	0.665038
286	0.0100007	0.0301303	0.119401	0.00449775	0.0113776	0.118414	0.665038
287	0.0100007	0.0302274	0.12281	0.00449775	0.0113776	0.119071	0.721802
288	0.0100007	0.0299516	0.118562	0	0.0111078	0.124126	0.772458
289	0.0100007	0.0293397	0.112578	0	0.0121636	0.131725	0.956719
290	0.0100082	0.0296566	0.107277	0	0.0129459	0.13812	0.997538
291	0.0100082	0.0298872	0.117044	0	0.0121636	0.143995	0.968886
292	0.0100082	0.0297331	0.116961	0	0.0121636	0.144584	0.956719
293	0.0100082	0.0296918	0.107277	0	0.0113776	0.154244	0.985986
294	0.0100082	0.0294703	0.105485	0	0.0113776	0.151817	0.956719
295	0.0100082	0.0293359	0.104897	0	0.0102973	0.143827	0.829306
296	0.0100082	0.0297067	0.105485	0	0.0102973	0.14286	0.829306
297	0.0100082	0.0296847	0.107277	0	0.0113776	0.142834	1.03179
298	0.0100082	0.0295683	0.117044	0	0.0113776	0.144707	1.06504
299	0.0100082	0.0298156	0.12281	0	0.0102973	0.140885	0.867005
300	0.0100082	0.0300217	0.12281	0.00149925	0.0102973	0.13969	0.867005
301	0.0100082	0.0295659	0.110793	0.00149925	0.0102798	0.139869	0.956719
302	0.0100082	0.0303322	0.124756	0.0029985	0.0115368	0.132632	0.829306
303	0.0100082	0.0304609	0.13046	0.0029985	0.0101609	0.128424	0.663163
304	0.0100082	0.0309362	0.137223	0.0029985	0.0101609	0.12579	0.654551
305	0.0100082	0.0311208	0.137822	0.0029985	0.0101609	0.123262	0.608453
306	0.0100082	0.0307094	0.137223	0	0.0101609	0.12139	0.578767
307	0.0100082	0.0309126	0.137822	0	0.0101609	0.119958	0.654551
308	0.0100082	0.0309498	0.137822	0	0.0101609	0.113274	0.561427
309	0.0100082	0.0306681	0.137223	0	0.0101609	0.114701	0.576359
310	0.0100082	0.030964	0.142132	0	0.0101609	0.110588	0.565139
311	0.0100082	0.0315161	0.148428	0	0.0101609	0.109404	0.565139
312	0.0100082	0.0320532	0.148428	0	0.0101609	0.106591	0.561427
313	0.0100082	0.03177	0.147958	0	0.0102798	0.106569	0.570571
314	0.0100082	0.0324149	0.148428	0.0029985	0.0103277	0.105533	0.570571
315	0.0100082	0.0319224	0.142132	0.00149925	0.0101609	0.108965	0.561427
316	0.0100082	0.032248	0.147958	0	0.0109945	0.109964	0.608453
317	0.0100082	0.0327957	0.148428	0	0.0101609	0.110082	0.515775
318	0.0100082	0.0333416	0.151863	0	0.0101609	0.111913	0.515775
319	0.0100082	0.0339491	0.151863	0.0029985	0.0112259	0.114059	0.576359
320	0.0100082	0.0339517	0.154017	0.0029985	0.0112259	0.112488	0.567873
321	0.0100082	0.0350339	0.169584	0.00449775	0.0112259	0.113821	0.574238
322	0.0100082	0.0352756	0.169193	0.00449775	0.0112259	0.11358	0.574238
323	0.0100082	0.0343741	0.16135	0	0.0112259	0.11493	0.606081
324	0.0100621	0.0356208	0.174857	0.0029985	0.0112259	0.111572	0.596185
325	0.0100621	0.0358583	0.174857	0.0029985	0.0101609	0.111714	0.536429
326	0.0100271	0.0358778	0.174292	0	0.0101609	0.111043	0.536429
327	0.0101091	0.0360655	0.174292	0	0.0112259	0.107353	0.540868
328	0.0100271	0.0369891	0.179666	0.0029985	0.0112259	0.107805	0.574238
329	0.0100271	0.0377371	0.192615	0.00449775	0.0101609	0.110729	0.540868
330	0.0100271	0.0386446	0.220487	0.0089955	0.0101609	0.107856	0.515775
331	0.0100271	0.0380982	0.216262	0.005997	0.0101609	0.109592	0.518391
332	0.0100271	0.0378095	0.212303	0.0029985	0.0101609	0.112101	0.509701
333	0.0100271	0.0380351	0.216262	0.0029985	0.0101609	0.116912	0.536429
334	0.0100271	0.0384941	0.220487	0.0029985	0.0101609	0.121133	0.536429
335	0.0101747	0.0388086	0.260823	0.0029985	0.0101609	0.118384	0.493099
336	0.0101555	0.0386489	0.260823	0.0029985	0.0101609	0.114112	0.482771
337	0.0100271	0.0403469	0.264509	0.0089955	0.0101609	0.117834	0.482771
338	0.0101091	0.0410898	0.269028	0.00449775	0.0101609	0.121026	0.482771
339	0.010076	0.0411544	0.27585	0	0.0101609	0.126937	0.509701
340	0.0100548	0.0423346	0.295589	0.00149925	0.0138755	0.129922	0.621641
341	0.0100548	0.0429797	0.298409	0.00149925	0.0143739	0.133205	0.621641
342	0.0100548	0.0452827	0.327602	0.00149925	0.0138755	0.137486	0.621641
343	0.0100548	0.0484415	0.411028	0.00749625	0.0153022	0.142919	0.795944
344	0.0100548	0.0506766	0.440505	0.005997	0.0179346	0.148954	0.795944
345	0.0100548	0.0527246	0.448895	0.0029985	0.0162276	0.152888	0.732597
346	0.0100548	0.0534136	0.449251	0	0.0156408	0.154812	0.733465
347	0.0100548	0.0569104	0.49916	0.00449775	0.0153022	0.167279	1.22314
348	0.0100548	0.0586826	0.49916	0.0029985	0.0112803	0.164075	0.733465
349	0.0100548	0.0611583	0.519906	0.00449775	0.0155205	0.169166	0.951727
350	0.010076	0.0643132	0.539993	0.005997	0.0185151	0.16967	0.835504
351	0.010076	0.0713641	0.585047	0.0089955	0.0185151	0.165224	0.66022
352	0.0101555	0.0803983	0.614041	0.0149925	0.0185151	0.167248	0.66022
353	0.0101772	0.0874542	0.742755	0.0149925	0.0185151	0.166507	0.635642
354	0.0101747	0.0942554	0.755775	0.017991	0.0224972	0.154947	0.621641
355	0.0101747	0.103886	0.770981	0.017991	0.0256558	0.150043	0.66022
356	0.0101555	0.124359	0.902682	0.0329835	0.0230409	0.147892	0.59089
357	0.0139328	0.159821	1.3006	0.047976	0.0256558	0.150618	0.635642
358	0.0154021	0.231303	1.60496	0.0944528	0.0256558	0.152223	0.635642
359	0.0154021	0.310663	1.78372	0.142429	0.0262909	0.152392	0.635642
360	0.0964938	0.526491	3.45963	0.245877	0.0262909	0.153404	0.600549
361	0.110045	0.525639	3.1848	0.241379	0.0262909	0.152591	0.59089
362	0.105371	0.541843	2.81446	0.247376	0.0262909	0.153905	0.59089
363	0.117044	0.545592	2.81446	0.244378	0.0263909	0.158378	0.63608
364	0.119222	0.540286	2.83311	0.236882	0.0262909	0.160539	0.66022
365	0.12724	0.536891	2.81446	0.233883	0.0224972	0.162653	0.703434
366	0.121551	0.551545	2.34728	0.236882	0.021923	0.167188	0.717728
367	0.0844021	0.50445	2.34728	0.212894	0.0202051	0.192604	1.0084
368	0.0610399	0.458538	2.24712	0.190405	0.0264295	0.242978	2.33885
369	0.062842	0.444328	2.81446	0.188906	0.0431529	0.289354	4.33727
370	0.0194674	0.264516	1.99041	0.115442	0.0431529	0.371574	6.92688
371	0.0130168	0.197695	1.40965	0.0794603	0.053213	0.465609	10.2681
372	0.010293	0.156581	1.01855	0.0524738	0.0440252	0.465377	11.098
373	0.0102482	0.131647	0.844098	0.0314843	0.0440252	0.475731	14.4514
374	0.010293	0.120098	0.755775	0.0284858	0.0258139	0.485206	15.0972
375	0.0101242	0.116625	0.698438	0.0224888	0.0339787	0.500503	25.9056
376	0.0104152	0.109647	0.676085	0.0194903	0.0241015	0.55614	20.2253
377	0.010293	0.102219	0.627262	0.011994	0.0241015	0.600305	21.1424
378	0.0101242	0.0894426	0.513291	0.00149925	0.0339787	0.687457	33.2543
379	0.010293	0.0825746	0.455068	0	0.0325341	0.757423	37.0419
380	0.0101835	0.0794879	0.420976	0	0.0274188	0.83626	40.3058
381	0.0102482	0.0788474	0.435619	0	0.0274188	0.896927	46.6656
382	0.0101835	0.0779576	0.435619	0	0.0339787	0.968601	72.1207
383	0.0102482	0.075754	0.435619	0	0.0344957	1.10544	87.8681
384	0.0102482	0.0758099	0.420976	0.00149925	0.0344957	1.26204	92.3896
385	0.0102482	0.0760739	0.423102	0.0029985	0.0357947	1.7411	92.3896
386	0.0102482	0.0727112	0.420976	0.00449775	0.0411929	2.27957	92.3896
387	0.0102482	0.0711074	0.420976	0.0029985	0.0387437	2.62464	98.8565
388	0.0103246	0.0692948	0.420013	0.00149925	0.0307931	2.52096	98.8565
389	0.0103246	0.0693092	0.420013	0.0029985	0.019899	2.20987	98.8565
390	0.0103246	0.06905	0.423102	0.0029985	0.0169577	2.10462	98.8565
391	0.0100909	0.0687245	0.459483	0.00449775	0.0169577	2.18916	98.8565
392	0.0103246	0.0680913	0.423102	0.005997
