		omega		Posterior		rho				Synonymous theta			kappa			phi	
Site	Lower	Point	Higher	prob of +ve	Lower	Point	Higher		Lower	Point	Higher	Lower	Point	Higher	Lower	Point	Higher
	95% HPD	estimate	95% HPD	selection	95% HPD	estimate	95% HPD		95% HPD	estimate	95% HPD	95% HPD	estimate	95% HPD	95% HPD	estimate	95% HPD
0	0.0115433	0.135251	0.877904	0.0404798	0.0103452	0.0806503	2.63902		0.0449894	0.0589239	0.0775962	2.47821	4.73777	8.28947	3.08703e+09	2.36025e+20	7.15584e+29
1	0.0115433	0.13895	0.963419	0.0449775	0.0103452	0.0861744	3.10445
2	0.010975	0.147525	1.00104	0.0494753	0.0103452	0.088529	3.99149
3	0.010975	0.152176	0.983136	0.047976	0.0103452	0.086383	3.05358
4	0.0115433	0.123989	0.506546	0.00749625	0.0103452	0.085332	3.05358
5	0.0115481	0.124009	0.506546	0.00449775	0.0103452	0.0896797	3.57343
6	0.0137546	0.127593	0.640681	0.00449775	0.0103452	0.0954901	6.114
7	0.0196901	0.132098	0.90083	0.00449775	0.0103452	0.0979269	13.7343
8	0.017179	0.133159	0.755113	0.005997	0.0103452	0.107348	26.0653
9	0.017179	0.135171	0.640681	0.00449775	0.0103452	0.0984289	24.8248
10	0.017179	0.139017	0.643217	0.00449775	0.0103452	0.0951589	25.1132
11	0.0189277	0.154529	1.095	0.0269865	0.0104073	0.090575	14.8667
12	0.0188638	0.139043	0.749159	0.011994	0.0103645	0.0875148	28.2761
13	0.0196901	0.134972	0.665028	0.0029985	0.0103645	0.0770505	8.1002
14	0.0222726	0.133665	0.755113	0.0029985	0.0103645	0.0722235	3.03074
15	0.0188638	0.129027	0.749159	0.0029985	0.0103645	0.0690643	2.4904
16	0.0188638	0.12777	0.702345	0.0029985	0.0103645	0.0632965	0.968578
17	0.0188638	0.131266	0.702345	0	0.0103645	0.0608311	0.968578
18	0.0219398	0.129308	0.843712	0	0.0104123	0.0584454	0.745098
19	0.0219398	0.129627	0.843712	0	0.0104123	0.0565543	0.695882
20	0.0237737	0.132467	0.891135	0.00149925	0.0103645	0.05513	0.642936
21	0.0240293	0.136037	0.942627	0.00449775	0.0100639	0.0534903	0.632147
22	0.0219398	0.142412	0.89232	0.011994	0.0100639	0.0514194	0.555096
23	0.0213382	0.151266	0.913004	0.0194903	0.0101193	0.04734	0.378607
24	0.0189277	0.177782	1.41454	0.053973	0.0100639	0.0434694	0.317364
25	0.0188638	0.221358	3.66227	0.106447	0.0100639	0.0427814	0.337253
26	0.0607376	0.647141	23.0714	0.337331	0.0101193	0.0424256	0.345425
27	0.0102715	0.146125	1.33253	0.0704648	0.010255	0.0418087	0.345425
28	0.0102715	0.1193	0.889853	0.041979	0.0100639	0.0415709	0.298303
29	0.0102715	0.0980985	0.669179	0.023988	0.0100639	0.0408657	0.298303
30	0.0102715	0.092202	0.601265	0.0149925	0.0100886	0.0404896	0.343809
31	0.0102715	0.0840009	0.55066	0.0134933	0.0100639	0.0401511	0.343809
32	0.0102715	0.0746217	0.419196	0.0089955	0.0100245	0.0406332	0.343777
33	0.0102715	0.070173	0.402678	0.0089955	0.0100245	0.0404713	0.343777
34	0.0102715	0.0652617	0.337281	0.00149925	0.0100245	0.0397231	0.266141
35	0.0102715	0.0624893	0.328336	0.0029985	0.0100245	0.0400815	0.345425
36	0.0102715	0.0615041	0.290352	0.00149925	0.0100245	0.0401552	0.369665
37	0.0102715	0.0613528	0.287402	0.0029985	0.0100245	0.0391031	0.252944
38	0.0102715	0.0603634	0.283803	0.0029985	0.0100245	0.0391935	0.257124
39	0.0101579	0.0593464	0.273296	0.00149925	0.0100245	0.0391529	0.25048
40	0.0101579	0.0593102	0.269762	0	0.0100245	0.0382183	0.239686
41	0.0102715	0.0595304	0.267191	0	0.0100245	0.0377875	0.210766
42	0.0101579	0.0595262	0.269762	0	0.0100245	0.0378122	0.215818
43	0.0101579	0.0604234	0.273296	0.00149925	0.0100245	0.0380219	0.215818
44	0.0102715	0.060808	0.279291	0.00149925	0.0100245	0.0378543	0.206387
45	0.0102715	0.0605834	0.282094	0.0029985	0.0100245	0.0381665	0.200075
46	0.0102715	0.0602793	0.267191	0.00149925	0.0100245	0.0376657	0.186191
47	0.0101579	0.0605938	0.259229	0	0.0100245	0.035839	0.17434
48	0.0102715	0.0617532	0.265764	0	0.0100245	0.0385404	0.186191
49	0.0102715	0.0616765	0.265385	0.00149925	0.0100245	0.0393962	0.195643
50	0.0102715	0.0627625	0.267191	0.00149925	0.0100245	0.0394034	0.186191
51	0.0102715	0.0634149	0.265764	0.00149925	0.0100245	0.038919	0.195643
52	0.0102715	0.0675456	0.26781	0	0.0100245	0.0391378	0.196861
53	0.0101579	0.0725749	0.304839	0.0029985	0.0100245	0.039041	0.186191
54	0.0101579	0.0766734	0.324379	0.00149925	0.0100245	0.039554	0.195643
55	0.0106009	0.0824345	0.352809	0.0029985	0.0100245	0.0404411	0.204807
56	0.0108863	0.0886823	0.390626	0.0029985	0.0100245	0.0403336	0.215818
57	0.0109737	0.0942248	0.394981	0.0029985	0.0100245	0.0404349	0.204807
58	0.0109427	0.0995974	0.421773	0.005997	0.0100245	0.0398494	0.203744
59	0.0133643	0.10254	0.529798	0.005997	0.0100245	0.0390182	0.195643
60	0.0163046	0.109801	0.558361	0.005997	0.0100245	0.0369565	0.174934
61	0.016676	0.117382	0.564851	0.0089955	0.010051	0.0362125	0.166143
62	0.0163046	0.117217	0.590078	0.0104948	0.0101193	0.036352	0.172399
63	0.0163046	0.113892	0.529798	0.0089955	0.0101193	0.0360612	0.166143
64	0.0171073	0.110205	0.529798	0.00749625	0.0101193	0.036166	0.166143
65	0.0171073	0.111312	0.521044	0.00749625	0.0101193	0.0363473	0.166143
66	0.0171073	0.110153	0.529798	0.005997	0.010051	0.036098	0.155959
67	0.0172719	0.110224	0.521044	0.0089955	0.010051	0.035496	0.148268
68	0.0172719	0.11125	0.521044	0.0089955	0.010051	0.0351634	0.146897
69	0.0168242	0.113678	0.483157	0.0089955	0.010051	0.0358519	0.163776
70	0.0163575	0.111641	0.461859	0.0104948	0.010051	0.0369598	0.175532
71	0.016676	0.113186	0.483157	0.011994	0.0101193	0.037043	0.175532
72	0.0173263	0.115752	0.505361	0.0149925	0.010181	0.0366424	0.1727
73	0.0172719	0.108915	0.461859	0.011994	0.0101193	0.0357927	0.166189
74	0.0163261	0.101308	0.423681	0.005997	0.0101193	0.0351661	0.163776
75	0.0163261	0.0956983	0.423681	0.00149925	0.0101193	0.0354008	0.166189
76	0.0160747	0.0904737	0.423681	0.00149925	0.010181	0.0356024	0.175532
77	0.0126427	0.0871287	0.342453	0	0.010051	0.0351982	0.166189
78	0.0160747	0.0831241	0.423681	0	0.010051	0.0355258	0.1727
79	0.0118557	0.0794384	0.314455	0	0.0101193	0.0359724	0.174934
80	0.0118557	0.0781063	0.302637	0.00149925	0.010051	0.036226	0.179113
81	0.0116829	0.0760311	0.289817	0.0029985	0.010181	0.0359558	0.182298
82	0.0116829	0.0744582	0.281325	0	0.0101193	0.0367978	0.182298
83	0.0116829	0.0732951	0.261918	0	0.0102554	0.0369801	0.182298
84	0.0116829	0.0735491	0.26781	0	0.0101193	0.0379689	0.185898
85	0.0117693	0.0716914	0.247675	0	0.0101193	0.0373132	0.177796
86	0.0119322	0.0705547	0.241643	0	0.0101088	0.0377026	0.177796
87	0.0119322	0.0702632	0.241643	0	0.0101088	0.0377766	0.177796
88	0.0118945	0.0705779	0.241643	0.0029985	0.0101088	0.0373087	0.174934
89	0.0117693	0.0711536	0.241643	0.005997	0.0100471	0.0371508	0.174934
90	0.0118557	0.0687787	0.237638	0	0.0101088	0.0374221	0.174934
91	0.0118557	0.0687945	0.237638	0	0.0100471	0.0373571	0.174934
92	0.012628	0.0684685	0.241333	0	0.0101088	0.0376145	0.177796
93	0.012628	0.0697581	0.241333	0	0.0100471	0.0372174	0.174934
94	0.0133212	0.0696532	0.247675	0	0.0100471	0.0370454	0.174934
95	0.0133212	0.0702634	0.247675	0	0.0100471	0.0371967	0.180514
96	0.012628	0.0718685	0.240613	0	0.0101088	0.0377245	0.186624
97	0.0123001	0.0733256	0.241333	0	0.0100471	0.0379876	0.186624
98	0.012628	0.0754339	0.247675	0	0.0101088	0.0379785	0.188062
99	0.0135918	0.0774536	0.274276	0	0.0100471	0.0377498	0.186624
100	0.0123001	0.0791941	0.256376	0	0.0101088	0.0386476	0.192533
101	0.0142054	0.0817139	0.302482	0	0.0100471	0.0393108	0.198905
102	0.013711	0.0844188	0.312548	0	0.0100471	0.0392606	0.207025
103	0.0144218	0.0884551	0.361771	0.00149925	0.0101088	0.0392905	0.227663
104	0.013743	0.0920158	0.361771	0.005997	0.0100471	0.0380573	0.192533
105	0.0138813	0.0979824	0.368968	0.00749625	0.0100471	0.0376869	0.192533
106	0.0152853	0.102582	0.423681	0.0104948	0.0100471	0.0375669	0.208016
107	0.0152853	0.103268	0.416072	0.0104948	0.0100471	0.0363895	0.192533
108	0.0152853	0.108031	0.452919	0.0149925	0.0100471	0.0362365	0.19497
109	0.0164073	0.107913	0.452919	0.0104948	0.0101088	0.0356031	0.183
110	0.0178501	0.107609	0.452919	0.0089955	0.0102554	0.0354007	0.183
111	0.0152853	0.10496	0.377455	0.00749625	0.0100471	0.0349009	0.169638
112	0.0164073	0.101992	0.377455	0.0029985	0.0100471	0.0349256	0.171644
113	0.0150972	0.103617	0.370275	0.00449775	0.0101037	0.0342671	0.166143
114	0.0159958	0.103349	0.370275	0.0029985	0.0100471	0.0336566	0.160573
115	0.0152853	0.104387	0.370275	0.0029985	0.0100471	0.0332087	0.14914
116	0.0230103	0.107061	0.567882	0.00449775	0.0100471	0.0328252	0.139336
117	0.0232497	0.108123	0.567882	0.005997	0.0100471	0.0326252	0.131706
118	0.0210154	0.109271	0.567882	0.0089955	0.0100471	0.0323522	0.131706
119	0.0230103	0.11198	0.567882	0.00749625	0.0101037	0.032753	0.144539
120	0.0210154	0.115518	0.567882	0.0134933	0.0101037	0.0322118	0.144539
121	0.0203412	0.116766	0.567882	0.011994	0.0101037	0.0313773	0.144539
122	0.0196193	0.116689	0.567882	0.011994	0.0100471	0.0306735	0.138431
123	0.016021	0.112177	0.461182	0.00749625	0.0100471	0.0297485	0.117091
124	0.0164073	0.105097	0.456819	0.00149925	0.0100471	0.0295556	0.114191
125	0.0144218	0.0997524	0.370275	0	0.0100471	0.029195	0.107229
126	0.0148103	0.0962321	0.370275	0	0.0101037	0.028853	0.107229
127	0.0148103	0.0939756	0.370275	0	0.0101037	0.0287742	0.107229
128	0.0150926	0.0926257	0.370275	0	0.0101037	0.0289074	0.107229
129	0.0139062	0.090683	0.370275	0	0.0101037	0.028692	0.107229
130	0.0141815	0.0883503	0.370275	0	0.0100016	0.0276659	0.085114
131	0.0139062	0.087797	0.370275	0	0.0100016	0.0276101	0.0895758
132	0.0119242	0.0871015	0.312548	0.00149925	0.0100471	0.0272092	0.0841089
133	0.0117377	0.0881563	0.317633	0.00149925	0.0100016	0.02694	0.085114
134	0.0117377	0.0874234	0.317633	0.00149925	0.0100016	0.0268976	0.085114
135	0.0126191	0.0874776	0.343985	0.0029985	0.0100016	0.0268203	0.085114
136	0.0150926	0.0873929	0.452919	0.00449775	0.0100016	0.0265614	0.0841089
137	0.0139062	0.0894426	0.452919	0.00749625	0.0100835	0.0264559	0.0841089
138	0.0134927	0.0897018	0.451336	0.00749625	0.0100835	0.0262936	0.0836349
139	0.0135008	0.0993836	0.605868	0.0254873	0.0100835	0.0262904	0.0836349
140	0.0129636	0.0872972	0.461182	0.0134933	0.0101088	0.0265517	0.0841089
141	0.0113584	0.0807503	0.37161	0.00749625	0.0100835	0.0266511	0.0841089
142	0.0122036	0.0719434	0.337608	0.0029985	0.0101088	0.0264799	0.0841089
143	0.011674	0.0661145	0.315686	0.00149925	0.0100016	0.0265528	0.0839263
144	0.0107235	0.0637326	0.294264	0.00149925	0.0100471	0.0265911	0.0839263
145	0.0101126	0.0587615	0.256286	0.00149925	0.0100016	0.0266374	0.0889337
146	0.0100064	0.0564298	0.256286	0.00149925	0.0100016	0.0267564	0.0879761
147	0.0100064	0.0542845	0.240428	0.00149925	0.0100016	0.0270166	0.0879761
148	0.0106389	0.052131	0.247675	0.00149925	0.0100016	0.0274967	0.109908
149	0.0106389	0.0504214	0.247675	0.00149925	0.0100016	0.0276356	0.120016
150	0.0106389	0.0491178	0.247675	0.00149925	0.0100016	0.0272001	0.109259
151	0.0106389	0.0479469	0.247675	0.00149925	0.0100016	0.0269808	0.105461
152	0.0100064	0.0467723	0.221301	0	0.0100016	0.0270913	0.107553
153	0.0100064	0.0465224	0.227742	0	0.0100016	0.027253	0.107553
154	0.0100064	0.0454836	0.215277	0.00149925	0.0100003	0.0271693	0.105461
155	0.0100064	0.0447771	0.195745	0.00149925	0.0100003	0.0271806	0.105461
156	0.0100064	0.0442409	0.195745	0.0029985	0.0100003	0.0270828	0.103351
157	0.0100064	0.0436368	0.19065	0	0.0100003	0.0273633	0.109259
158	0.0100064	0.0433617	0.19065	0.00149925	0.0100003	0.0273325	0.107553
159	0.0100064	0.0421957	0.184197	0.00149925	0.0100003	0.0276357	0.109259
160	0.0100064	0.0415137	0.177402	0	0.0100003	0.0280993	0.113204
161	0.0100064	0.0404592	0.163125	0	0.0100003	0.0281412	0.113204
162	0.0100207	0.039908	0.163125	0	0.0100003	0.0286727	0.120016
163	0.010067	0.0393114	0.163125	0	0.0100003	0.0288363	0.117845
164	0.0100064	0.0389308	0.155004	0	0.0100003	0.0290915	0.121982
165	0.0100207	0.0384258	0.1503	0	0.0100003	0.0290613	0.121982
166	0.0100064	0.0381683	0.1503	0.00149925	0.0100003	0.0288662	0.120045
167	0.0100064	0.037782	0.155004	0.00149925	0.0100003	0.0289678	0.121982
168	0.0100064	0.0372019	0.1503	0.00149925	0.0100003	0.0283279	0.120016
169	0.0100064	0.0366748	0.148124	0.00149925	0.0100003	0.0279641	0.105461
170	0.0100064	0.0364819	0.148438	0.00149925	0.0100003	0.0276402	0.103991
171	0.0100064	0.0363301	0.1503	0	0.0100003	0.0275977	0.103991
172	0.0100064	0.0362836	0.15013	0.00149925	0.0100003	0.0275912	0.0984453
173	0.0100064	0.0356421	0.147787	0	0.0100003	0.027315	0.0984453
174	0.0100064	0.0355247	0.14356	0	0.0100003	0.0272219	0.0984453
175	0.0100064	0.0354275	0.14356	0	0.0100003	0.0270593	0.0973041
176	0.0100064	0.0357354	0.148124	0	0.0100003	0.0269749	0.0959525
177	0.0100064	0.0355402	0.147787	0.00149925	0.0100003	0.0270574	0.0959525
178	0.0100064	0.0361115	0.1503	0.00149925	0.0100003	0.0271626	0.0973041
179	0.0100064	0.0362805	0.161972	0.00149925	0.0100003	0.0270919	0.0973041
180	0.0100064	0.0357667	0.1503	0.00149925	0.0100471	0.0270577	0.0959525
181	0.0100064	0.0362147	0.161972	0.0029985	0.0100288	0.026768	0.0959525
182	0.0100064	0.0364633	0.166994	0.0029985	0.0100003	0.0267553	0.0920344
183	0.0100064	0.0360521	0.166994	0.0029985	0.0100003	0.0268544	0.0973041
184	0.0100064	0.0362376	0.163125	0.00149925	0.0100003	0.0266303	0.0956824
185	0.0100064	0.0362619	0.169999	0.00149925	0.0100003	0.0258151	0.0866959
186	0.0100064	0.0366306	0.177402	0	0.0100003	0.0257626	0.0861283
187	0.010009	0.0370424	0.179006	0	0.0100003	0.0255871	0.0822597
188	0.010009	0.0365776	0.179006	0	0.0100003	0.0256504	0.0822597
189	0.010009	0.0365362	0.181459	0	0.0100288	0.0259706	0.0866959
190	0.010009	0.0371642	0.18591	0.0029985	0.0100288	0.0261798	0.0888969
191	0.010009	0.0365911	0.171194	0.00149925	0.0100536	0.0264092	0.0956824
192	0.010009	0.036867	0.171001	0.0029985	0.0100288	0.026702	0.0956824
193	0.010009	0.0368611	0.171194	0.0029985	0.0100288	0.0267606	0.0956824
194	0.010009	0.0369573	0.171001	0.0029985	0.0100288	0.0263096	0.0866959
195	0.010009	0.037067	0.171194	0.00149925	0.0100288	0.0262144	0.0834074
196	0.010009	0.0375705	0.174804	0.00149925	0.0100288	0.0262633	0.0861283
197	0.010009	0.037981	0.177402	0.00149925	0.0100288	0.0259946	0.0822597
198	0.010009	0.0378976	0.179006	0	0.0100288	0.0259158	0.0773485
199	0.010009	0.0384475	0.181459	0	0.0100288	0.0258306	0.075994
200	0.0101126	0.038985	0.193059	0	0.0100288	0.0259779	0.0771259
201	0.0101126	0.0404452	0.193059	0	0.0100193	0.0262107	0.0813825
202	0.010043	0.041125	0.193059	0	0.0100193	0.0260738	0.0773485
203	0.010043	0.0418751	0.202048	0	0.0100193	0.0258431	0.075994
204	0.0102458	0.0424892	0.236017	0.00149925	0.0100193	0.0257759	0.075994
205	0.0101126	0.0428397	0.208446	0.00149925	0.0100193	0.0255466	0.075994
206	0.0102458	0.0431183	0.235237	0.00149925	0.0100193	0.0257332	0.0771259
207	0.0102458	0.0441595	0.236017	0.0029985	0.0100193	0.0256392	0.075994
208	0.0101126	0.0449201	0.236017	0.0029985	0.0100288	0.0254099	0.0753654
209	0.0101126	0.0450682	0.238598	0.0029985	0.0100193	0.0255256	0.0738365
210	0.0101126	0.0460187	0.238598	0.0029985	0.010121	0.0256131	0.0756136
211	0.0101126	0.0466352	0.246505	0.0029985	0.0100536	0.0257244	0.0756136
212	0.0102458	0.0491629	0.263976	0.005997	0.0100193	0.0262623	0.0785703
213	0.0101126	0.0518789	0.265041	0.005997	0.0100536	0.0262539	0.0785703
214	0.0101126	0.0539846	0.27311	0.005997	0.0100536	0.026441	0.0813825
215	0.0101126	0.0561732	0.290962	0.0089955	0.0100536	0.0263718	0.0822597
216	0.0101126	0.0572368	0.300467	0.00749625	0.0100536	0.0263665	0.0822597
217	0.0101126	0.0591751	0.354089	0.005997	0.010121	0.026297	0.0822597
218	0.0101126	0.0606648	0.380392	0.005997	0.0100119	0.0262761	0.0794397
219	0.0101203	0.0638172	0.418176	0.00749625	0.0100536	0.0264754	0.0822597
220	0.0101203	0.0677881	0.439928	0.0104948	0.0100119	0.0264947	0.0834074
221	0.0101203	0.0718811	0.507731	0.0134933	0.0100119	0.0265927	0.0834074
222	0.0101203	0.0832186	0.662027	0.023988	0.0100119	0.0268584	0.0843822
223	0.0101426	0.106412	0.97099	0.0494753	0.0100119	0.0270364	0.088381
224	0.0154711	0.153327	1.7206	0.0929535	0.0100119	0.0271657	0.0830075
225	0.0162563	0.154214	1.7206	0.0884558	0.0102473	0.0273126	0.0862403
226	0.0156601	0.15097	1.59605	0.0809595	0.0100119	0.0270157	0.0830075
227	0.0185127	0.156976	1.77232	0.0929535	0.0102473	0.0272341	0.0855911
228	0.0162079	0.169391	1.7206	0.110945	0.0101421	0.0276715	0.0893826
229	0.0123524	0.134345	1.33758	0.071964	0.0101421	0.0281856	0.100582
230	0.0111744	0.113563	1.1116	0.0554723	0.0101421	0.0284015	0.100582
231	0.0111744	0.0963856	0.895281	0.035982	0.0100119	0.0289047	0.104928
232	0.0103099	0.080199	0.609261	0.017991	0.0101421	0.0292508	0.111582
233	0.0100261	0.0721755	0.501592	0.017991	0.0100119	0.0296993	0.118307
234	0.0100121	0.0644902	0.405247	0.011994	0.0100119	0.0300138	0.113776
235	0.0100261	0.0581885	0.316553	0.0104948	0.0100119	0.0304379	0.118307
236	0.0100121	0.0548349	0.29775	0.00749625	0.0100119	0.0310878	0.118307
237	0.0100261	0.052721	0.297234	0.00449775	0.0102473	0.0315047	0.124676
238	0.0100261	0.0511726	0.279795	0.0029985	0.0102473	0.0316874	0.124676
239	0.0100121	0.0496541	0.274947	0.0029985	0.0102473	0.0320168	0.125511
240	0.0100121	0.047729	0.259577	0.00149925	0.0102473	0.032359	0.124676
241	0.0100121	0.0465847	0.249036	0	0.0102473	0.0323676	0.125255
242	0.0102672	0.0457871	0.250108	0	0.0101647	0.0328637	0.125511
243	0.0104005	0.0438332	0.243898	0	0.0101647	0.0332508	0.125511
244	0.0100261	0.0431685	0.222328	0.0029985	0.0102641	0.0335185	0.125511
245	0.0100121	0.042626	0.222328	0.0089955	0.0101647	0.0340544	0.125511
246	0.0100121	0.0398333	0.198785	0.00149925	0.0101421	0.0345933	0.13043
247	0.0100121	0.0395054	0.200711	0.0089955	0.0100119	0.0352081	0.13432
248	0.0100121	0.0389575	0.192614	0.005997	0.0101421	0.0354917	0.137363
249	0.0104005	0.0376662	0.192614	0.00449775	0.0101421	0.0356922	0.133112
250	0.0100121	0.0362332	0.176572	0.00149925	0.0101421	0.0374449	0.140938
251	0.0103445	0.0354373	0.176572	0.00149925	0.0101421	0.0384831	0.158497
252	0.0100121	0.0350714	0.166845	0	0.0101421	0.0395451	0.166675
253	0.0100121	0.0347052	0.147914	0	0.0101421	0.0404262	0.166675
254	0.0100261	0.0341803	0.145378	0	0.0101421	0.0419948	0.188421
255	0.0100121	0.0339847	0.140743	0	0.0101647	0.0444891	0.193122
256	0.0100121	0.0338505	0.14345	0	0.0101647	0.0461212	0.208681
257	0.0100121	0.0332746	0.14051	0	0.0101647	0.0473208	0.234502
258	0.0100121	0.0326214	0.128565	0	0.010378	0.0482492	0.246719
259	0.0100121	0.0326635	0.128565	0	0.010378	0.0510216	0.267067
260	0.0100261	0.0326333	0.128565	0	0.0101647	0.0532875	0.275652
261	0.0100261	0.0324585	0.128565	0.00149925	0.0101647	0.0558204	0.308109
262	0.0100121	0.0318534	0.128174	0.00149925	0.0104429	0.0534989	0.267067
263	0.0100121	0.0318153	0.128174	0	0.0104429	0.0521238	0.254653
264	0.0100121	0.0312949	0.128174	0	0.0118351	0.0507624	0.267067
265	0.0100121	0.0313216	0.128174	0	0.011579	0.0510857	0.267067
266	0.0100121	0.0309966	0.128174	0	0.011579	0.0506318	0.267067
267	0.0100121	0.0305456	0.125253	0	0.0114066	0.0510377	0.267067
268	0.0100121	0.0303011	0.124894	0	0.0114732	0.050692	0.267067
269	0.0100121	0.0305032	0.125253	0	0.0114066	0.0507977	0.267067
270	0.0100121	0.0305693	0.128565	0	0.0104429	0.0507385	0.243365
271	0.0100121	0.0301656	0.128565	0.00149925	0.0101008	0.0511391	0.234502
272	0.0100121	0.0297912	0.130131	0	0.0104429	0.052354	0.254653
273	0.0100027	0.0296146	0.128764	0.00149925	0.0104429	0.0520662	0.26347
274	0.0100027	0.0298809	0.135411	0.00149925	0.0114732	0.0518031	0.279306
275	0.0100981	0.0303054	0.140743	0.005997	0.0114732	0.0508376	0.270299
276	0.0100121	0.0290987	0.134018	0	0.0114732	0.0512165	0.270299
277	0.0100027	0.0288953	0.134018	0	0.0117887	0.0510315	0.275652
278	0.0100027	0.0286861	0.123892	0	0.0120227	0.0494044	0.270299
279	0.0100027	0.028718	0.124894	0	0.0103283	0.0488385	0.214709
280	0.0100027	0.0289072	0.124894	0	0.0103283	0.0486372	0.20633
281	0.0100981	0.0291679	0.140743	0	0.0101008	0.0487805	0.196145
282	0.01014	0.0292625	0.140743	0	0.0101008	0.0486449	0.194004
283	0.01014	0.0291799	0.140743	0.00149925	0.0103283	0.0486344	0.20633
284	0.0100027	0.0289351	0.13624	0.00149925	0.0103283	0.0482137	0.196145
285	0.0100027	0.0285859	0.136072	0	0.0101647	0.0489486	0.204399
286	0.0100027	0.0282617	0.124894	0	0.0101008	0.0500986	0.20633
287	0.0100027	0.0286361	0.133284	0	0.0101008	0.0509444	0.211952
288	0.0100027	0.0287093	0.125962	0	0.0101008	0.0515071	0.220492
289	0.0100027	0.0291106	0.133284	0	0.0103283	0.0560419	0.245087
290	0.0102628	0.0294815	0.140743	0.00149925	0.0101008	0.0595794	0.29378
291	0.01014	0.0295327	0.140743	0	0.0101008	0.0621711	0.332082
292	0.0102628	0.0297324	0.140743	0	0.0101008	0.0627635	0.372147
293	0.0102366	0.0298691	0.140743	0	0.0100826	0.0633244	0.341504
294	0.01014	0.0300825	0.140743	0	0.0103283	0.0578439	0.283938
295	0.01014	0.0303867	0.140743	0	0.0101008	0.0564877	0.274835
296	0.0100027	0.0305658	0.14051	0	0.0101008	0.0547562	0.253631
297	0.0100027	0.0307161	0.14051	0.00149925	0.0103254	0.0546997	0.255551
298	0.0100027	0.0315019	0.16282	0.00749625	0.0102298	0.0547129	0.247272
299	0.0100027	0.0316146	0.16282	0.005997	0.0103254	0.0549639	0.253631
300	0.0100027	0.0317748	0.16282	0.0029985	0.0101294	0.0535719	0.241664
301	0.0100027	0.0322018	0.168253	0.00449775	0.0103254	0.0540632	0.253631
302	0.0100027	0.0316711	0.168253	0.0029985	0.0101294	0.0551275	0.26347
303	0.0100027	0.0314647	0.165944	0.00149925	0.0101294	0.0552793	0.255551
304	0.0100027	0.0317985	0.172539	0	0.0101294	0.0543743	0.245087
305	0.0100027	0.0318743	0.201112	0	0.0101294	0.0541463	0.241629
306	0.0100553	0.0325164	0.204611	0	0.0102298	0.05391	0.255551
307	0.0100553	0.0335045	0.217611	0	0.0101294	0.054194	0.255551
308	0.0102366	0.0343452	0.230949	0.00149925	0.0102298	0.0541069	0.255551
309	0.0100553	0.0345257	0.22466	0.00149925	0.0102298	0.0556831	0.26347
310	0.0100981	0.0355379	0.230949	0.00149925	0.0102298	0.0570214	0.297479
311	0.0100981	0.037834	0.264853	0.00149925	0.0102298	0.0620101	0.392129
312	0.0100981	0.0391956	0.301374	0.0029985
