		omega		Posterior		rho				Synonymous theta			kappa			phi	
Site	Lower	Point	Higher	prob of +ve	Lower	Point	Higher		Lower	Point	Higher	Lower	Point	Higher	Lower	Point	Higher
	95% HPD	estimate	95% HPD	selection	95% HPD	estimate	95% HPD		95% HPD	estimate	95% HPD	95% HPD	estimate	95% HPD	95% HPD	estimate	95% HPD
0	0.0100219	0.0464379	0.566693	0.0314843	0.0109139	0.271045	63.1952		0.0253223	0.0390013	0.0558572	2.00373	5.28072	14.4332	0	0	0
1	0.0100219	0.0443994	0.462437	0.023988	0.0109139	0.256306	63.1952
2	0.0100219	0.0424701	0.34311	0.017991	0.0105302	0.250017	63.2675
3	0.0100219	0.040563	0.304983	0.0104948	0.0101555	0.238223	63.2675
4	0.0100219	0.0386029	0.277089	0.0029985	0.0105302	0.214253	63.2675
5	0.0100072	0.0380221	0.262189	0.0029985	0.0100654	0.18566	63.2675
6	0.0100072	0.0369776	0.236822	0	0.0109139	0.145313	63.2675
7	0.0100072	0.0374868	0.237801	0	0.0100654	0.106659	39.5701
8	0.0100072	0.0371691	0.236408	0	0.0100654	0.0722961	9.80672
9	0.0100072	0.0360342	0.217612	0	0.0100654	0.0469721	0.419356
10	0.0100072	0.0360339	0.215759	0.00149925	0.0100654	0.0453841	0.384824
11	0.0100072	0.035494	0.203133	0.00149925	0.0100654	0.0441243	0.344713
12	0.0100072	0.0351666	0.190446	0.00149925	0.0100654	0.0427288	0.300804
13	0.0100072	0.0346072	0.188927	0.00149925	0.0100654	0.0407151	0.288417
14	0.0100072	0.0342391	0.188927	0.00149925	0.0100654	0.0408269	0.288417
15	0.0100072	0.0337134	0.185809	0	0.0100654	0.0400826	0.271399
16	0.0100072	0.0337829	0.188927	0.00149925	0.0100325	0.0399702	0.262848
17	0.0100072	0.0338008	0.189604	0.00149925	0.0100325	0.0397325	0.257437
18	0.0100072	0.0334027	0.188927	0	0.0100325	0.0397469	0.237331
19	0.0100072	0.0332777	0.188927	0	0.0100325	0.0398246	0.257437
20	0.0100219	0.0324781	0.179219	0	0.0100325	0.0401449	0.262848
21	0.0100072	0.0321095	0.178383	0	0.0100325	0.0404715	0.274304
22	0.0100072	0.0319313	0.174054	0	0.0100325	0.0413642	0.295812
23	0.0100381	0.0314392	0.171105	0	0.0100325	0.0412404	0.295812
24	0.0100381	0.0315039	0.171105	0	0.0100325	0.0516247	0.946421
25	0.0100381	0.03053	0.145575	0	0.0100325	0.0691192	7.98868
26	0.0100381	0.0302094	0.133622	0.00149925	0.0100325	0.0763545	9.06753
27	0.0100381	0.0302393	0.13704	0	0.0100325	0.0799424	9.15948
28	0.0100381	0.0303575	0.13704	0.00149925	0.0100325	0.0800697	9.15948
29	0.0100381	0.0300645	0.129653	0.00149925	0.0100325	0.0808777	9.15948
30	0.0100381	0.0299478	0.129653	0.00149925	0.0100325	0.0810042	9.15948
31	0.0101282	0.0299437	0.129653	0	0.0100325	0.0795584	8.08273
32	0.0100381	0.0297135	0.12923	0	0.0100325	0.0775565	7.98868
33	0.0101282	0.0295422	0.12923	0	0.0100325	0.0821844	9.9065
34	0.0100381	0.0298096	0.12923	0	0.0100325	0.0929743	20.0138
35	0.0101282	0.0295758	0.130567	0	0.0100325	0.103272	25.8482
36	0.0100381	0.0295642	0.130567	0	0.0100325	0.112565	37.5599
37	0.0101282	0.0293309	0.129653	0	0.0100325	0.113434	42.09
38	0.0101282	0.0293471	0.129653	0	0.0100325	0.117458	42.09
39	0.0100381	0.0292238	0.1321	0	0.0100325	0.120552	45.7469
40	0.0100265	0.0283388	0.128302	0	0.0100325	0.127914	48.3401
41	0.0100265	0.0287411	0.12923	0.0029985	0.0100325	0.130937	50.7858
42	0.0100017	0.0291289	0.131111	0.005997	0.0100325	0.136288	49.0134
43	0.0100265	0.0297108	0.13704	0.0089955	0.0100786	0.141792	51.0085
44	0.0100017	0.0292973	0.1321	0.0029985	0.0100325	0.140538	48.3401
45	0.0100017	0.0289222	0.130567	0.00149925	0.0100786	0.142293	51.0085
46	0.0100017	0.0280542	0.119378	0	0.0100786	0.144477	51.0085
47	0.0100017	0.0281882	0.124021	0	0.0100325	0.146718	51.0085
48	0.0100017	0.0282082	0.12069	0	0.0100325	0.149488	53.1794
49	0.0100017	0.0285739	0.124877	0	0.0100325	0.154977	54.423
50	0.0100017	0.0288459	0.130567	0.00149925	0.0100325	0.154796	55.7239
51	0.0100017	0.0287106	0.128302	0.00149925	0.0100325	0.157408	54.423
52	0.0100017	0.0289073	0.131111	0.00149925	0.0100325	0.161241	53.6648
53	0.0100017	0.0288475	0.130567	0	0.0100325	0.159787	53.6648
54	0.0100017	0.0289111	0.128302	0	0.0100325	0.160646	54.423
55	0.0100017	0.0288564	0.128302	0.00149925	0.0100325	0.169855	54.423
56	0.0100017	0.0286254	0.127149	0.00149925	0.0100325	0.178828	53.6648
57	0.0100017	0.0287693	0.131111	0.00149925	0.0100325	0.18383	51.0085
58	0.0100017	0.0286392	0.130567	0.00149925	0.0100325	0.182563	49.0134
59	0.0100017	0.0287195	0.1321	0.00149925	0.0100325	0.176825	49.0134
60	0.0100017	0.0283336	0.130567	0	0.0102249	0.166183	45.7469
61	0.0100017	0.028585	0.130567	0	0.0101007	0.153647	38.6081
62	0.0100017	0.0283285	0.130567	0.00149925	0.0101007	0.142494	30.5087
63	0.0100017	0.0282269	0.130567	0	0.0102249	0.120826	20.5195
64	0.0100017	0.0284719	0.131111	0.00149925	0.0101007	0.108045	12.2679
65	0.0100017	0.0283694	0.131111	0	0.0100933	0.0995903	9.62389
66	0.0100339	0.0283233	0.133622	0	0.0100933	0.102849	9.62389
67	0.0100017	0.028408	0.130567	0	0.0100933	0.0956538	6.48295
68	0.0100017	0.0282891	0.128302	0	0.0100933	0.0931482	4.13668
69	0.0100339	0.0285954	0.130567	0	0.0100933	0.0949231	3.07026
70	0.0100017	0.0288851	0.13595	0.0029985	0.0100933	0.0931491	2.67591
71	0.0100017	0.0286625	0.13508	0.00449775	0.0100933	0.0931448	2.73152
72	0.0100017	0.0290595	0.140162	0.0029985	0.0101007	0.0956401	2.73152
73	0.0100017	0.0285569	0.135416	0.00149925	0.0101007	0.0975679	2.73152
74	0.0100339	0.0285158	0.135416	0.0029985	0.0101007	0.101015	2.67591
75	0.0100339	0.028506	0.135416	0.00449775	0.0101007	0.0986885	2.48474
76	0.0100017	0.0286619	0.135416	0.00449775	0.0101007	0.102097	2.47241
77	0.0100017	0.028524	0.135416	0.00449775	0.0101007	0.104378	2.47241
78	0.0100339	0.0283809	0.13704	0.00449775	0.0101007	0.111397	2.73152
79	0.0100899	0.0279655	0.13595	0	0.0101007	0.122008	4.49437
80	0.0100812	0.0278329	0.13595	0	0.0102753	0.134754	6.48295
81	0.0100017	0.0275811	0.130567	0	0.0101007	0.142674	6.48295
82	0.0100017	0.0276259	0.130567	0	0.0102753	0.148004	11.61
83	0.0100339	0.0278668	0.135416	0.00149925	0.0106859	0.155281	15.6891
84	0.0100017	0.028239	0.135416	0.00449775	0.0101007	0.155494	12.2679
85	0.0100339	0.0285593	0.143674	0.00449775	0.0105052	0.154509	11.61
86	0.0100339	0.0287585	0.13704	0.00449775	0.0102753	0.163162	11.61
87	0.0100017	0.0300244	0.146572	0.0089955	0.0105052	0.169848	11.61
88	0.0100017	0.0299506	0.146572	0.0089955	0.0106859	0.178483	11.61
89	0.0100017	0.0295137	0.140589	0.00749625	0.0105052	0.184988	11.2113
90	0.0100017	0.0291246	0.140589	0.00149925	0.0101255	0.1848	9.41142
91	0.0100017	0.0287349	0.13704	0.00149925	0.0101255	0.192243	9.41142
92	0.0100017	0.0294245	0.146572	0.0029985	0.0106859	0.196874	9.62389
93	0.0100339	0.0295497	0.151293	0.0029985	0.0104938	0.185005	6.48295
94	0.0100339	0.0295328	0.151293	0.00149925	0.0104938	0.185143	6.6661
95	0.0100017	0.029107	0.146572	0.00149925	0.0106859	0.177605	4.76858
96	0.0100017	0.0293151	0.154602	0.00149925	0.0104938	0.18627	4.3492
97	0.0100017	0.0292451	0.155361	0.00149925	0.0127708	0.206067	6.96142
98	0.0100017	0.029119	0.160667	0.0029985	0.0125327	0.208721	7.18362
99	0.0100017	0.0288826	0.157867	0.00149925	0.0104938	0.201125	6.35166
100	0.0100017	0.0287957	0.160667	0	0.0104938	0.186241	5.5047
101	0.0100017	0.0286458	0.157867	0	0.0104824	0.172076	5.97685
102	0.0100017	0.0289771	0.157867	0	0.0104824	0.161924	4.21082
103	0.0100017	0.0286612	0.157867	0	0.0104824	0.162767	4.3492
104	0.0100017	0.0289498	0.157867	0.00149925	0.0112702	0.153756	4.32701
105	0.0100339	0.0289882	0.155577	0.0029985	0.0104824	0.138295	2.68491
106	0.0100017	0.028426	0.144557	0	0.0104824	0.129786	2.31496
107	0.0100017	0.0281176	0.138369	0	0.0104824	0.125861	2.31496
108	0.0100017	0.0279561	0.136331	0	0.0104824	0.125664	2.00948
109	0.0100017	0.0279269	0.130567	0	0.0104824	0.122059	2.00948
110	0.0100339	0.0289432	0.134376	0.00149925	0.0112702	0.121101	2.3851
111	0.0100727	0.0289564	0.136331	0.0029985	0.0104824	0.1217	2.00948
112	0.0100339	0.0283697	0.129497	0.0029985	0.0104938	0.121409	1.97612
113	0.0100339	0.0282833	0.127087	0.0029985	0.0104824	0.119447	1.97612
114	0.0100339	0.0284588	0.134936	0.0029985	0.0103436	0.120406	2.32183
115	0.0100339	0.0289953	0.141916	0.005997	0.0104824	0.119869	2.32183
116	0.0100339	0.0290587	0.153566	0.005997	0.0103436	0.124457	3.64584
117	0.0100339	0.0290816	0.150251	0.00749625	0.0103436	0.135201	5.04579
118	0.0100727	0.0290219	0.153566	0.00749625	0.0103436	0.150447	7.75191
119	0.0100282	0.0285731	0.153566	0.00449775	0.0103436	0.166452	8.69199
120	0.0100282	0.0278501	0.143307	0.00149925	0.0103436	0.188589	9.43734
121	0.0100282	0.0278948	0.141916	0.00449775	0.0103436	0.211182	12.7294
122	0.0100282	0.0272751	0.133771	0.00149925	0.0107072	0.234626	14.6474
123	0.0100282	0.0271573	0.129497	0.00149925	0.0115764	0.256018	18.3192
124	0.0100282	0.0274071	0.128932	0.00149925	0.0103436	0.302269	29.0908
125	0.0100282	0.0274972	0.125596	0	0.0103436	0.325187	27.9171
126	0.0100282	0.0279255	0.136331	0	0.0125253	0.372501	41.7322
127	0.0100282	0.028179	0.142074	0.00149925	0.0103436	0.409729	36.164
128	0.0100282	0.0279216	0.141916	0.00149925	0.0125253	0.453752	44.2884
129	0.0100282	0.0277845	0.13868	0.0029985	0.0125253	0.544032	51.3154
130	0.0100282	0.0278814	0.135647	0.0029985	0.0167839	0.550081	71.8598
131	0.0100282	0.0279833	0.135647	0.00149925	0.0171754	0.66334	64.6603
132	0.0100282	0.0278487	0.127087	0.00149925	0.0171754	0.795612	61.836
133	0.0100282	0.0275025	0.109957	0	0.0179386	0.8699	65.0854
134	0.0100282	0.0274604	0.109888	0	0.0179682	0.894555	59.2898
135	0.0100282	0.027723	0.109888	0	0.0179682	1.00548	58.3396
136	0.0100282	0.0276315	0.105841	0.00149925	0.0179386	1.08978	61.6074
137	0.0100282	0.0279774	0.116235	0.0029985	0.0179682	1.1189	63.4846
138	0.0100282	0.0272217	0.105841	0	0.0179386	1.15646	65.0761
139	0.0100282	0.0272732	0.109888	0	0.0276219	1.21875	89.1401
140	0.0100282	0.0277977	0.126282	0	0.0276219	1.19058	84.6
141	0.0100282	0.0282714	0.137873	0.00149925	0.0310055	1.12093	84.6
142	0.0100282	0.0278279	0.126282	0	0.0310055	1.10519	84.6
143	0.0100282	0.0273635	0.109957	0	0.0310055	1.10083	77.0327
144	0.0100282	0.0272809	0.109888	0	0.0310055	1.16622	77.0327
145	0.0100282	0.0273618	0.109957	0	0.0311159	1.18018	84.6
146	0.0100282	0.0273354	0.116338	0	0.0311159	1.23644	88.7997
147	0.0100282	0.0276867	0.125596	0.00149925	0.0286385	1.22054	88.7997
148	0.0100282	0.0277806	0.125596	0.00149925	0.0180533	1.17508	75.5528
149	0.0100339	0.0280124	0.126282	0.00149925	0.0179386	1.1335	80.8642
150	0.0100282	0.0283106	0.126282	0.00149925	0.0180533	1.20148	80.8642
151	0.0100282	0.0283564	0.126282	0.00449775	0.0134247	1.15936	60.9861
152	0.0100282	0.028254	0.133959	0.00449775	0.0130798	1.09103	57.2691
153	0.0100282	0.0279042	0.120059	0.00149925	0.0134584	1.04371	57.2691
154	0.0100282	0.0276004	0.109888	0	0.0134247	1.03353	51.3154
155	0.0100282	0.0273596	0.102418	0	0.0128066	0.973296	52.1077
156	0.0100282	0.0271768	0.102418	0	0.0136546	0.89607	59.5305
157	0.0100282	0.0272233	0.102418	0	0.0124827	0.891191	59.5305
158	0.0100282	0.0274475	0.103594	0.00149925	0.0126881	0.914135	59.5305
159	0.0100282	0.0281336	0.109957	0.00149925	0.0102873	0.989554	49.2921
160	0.0101482	0.0279573	0.109957	0	0.0124827	1.02167	60.9861
161	0.0100282	0.0279272	0.108222	0	0.0102873	0.943809	51.3154
162	0.0100282	0.02785	0.107868	0	0.0102873	0.94461	51.3154
163	0.0100282	0.0280192	0.109888	0	0.0102873	0.904361	52.1077
164	0.0100282	0.0280337	0.109888	0	0.0136546	0.933923	76.872
165	0.0100282	0.0286419	0.116835	0.00149925	0.016656	1.03048	88.7016
166	0.0101482	0.0290813	0.126246	0.00149925	0.016656	1.08041	88.7016
167	0.0100339	0.0295223	0.126246	0.0029985	0.0188332	1.30013	87.4788
168	0.0100339	0.0295773	0.129954	0.00149925	0.0190693	1.3633	93.2744
169	0.0101759	0.0297528	0.135752	0.00149925	0.0164553	1.46229	81.9375
170	0.0101759	0.0296582	0.135498	0.00149925	0.0190693	1.572	88.7016
171	0.0100339	0.0295729	0.129954	0	0.0215889	1.81473	88.7016
172	0.0101759	0.02949	0.135498	0	0.0215889	2.0563	83.9053
173	0.0101482	0.0303156	0.140203	0.0029985	0.0319081	2.31893	99.5633
174	0.0101027	0.0299689	0.135752	0.00149925	0.0473568	2.64372	99.5633
175	0.0101027	0.0298515	0.135498	0.00149925	0.0507989	2.77152	99.5633
176	0.0100175	0.0299102	0.135752	0.00149925	0.0562652	2.74321	99.5633
177	0.0100175	0.0301049	0.140203	0.00149925	0.0422337	2.685	83.9053
178	0.0100175	0.0302076	0.140203	0.00149925	0.039838	2.55366	83.9053
179	0.0100175	0.030352	0.135498	0.00149925	0.0364708	2.2972	87.6574
180	0.0100175	0.0304658	0.135498	0.00149925	0.0392843	2.18398	99.5633
181	0.0100175	0.0306881	0.140203	0.00149925	0.0365761	2.06988	96.8224
182	0.0100175	0.0311112	0.142018	0.0029985	0.0298422	1.85454	85.0681
183	0.0100175	0.0316087	0.141331	0.0029985	0.029573	1.81322	83.9053
184	0.0100175	0.0317208	0.141331	0.0029985	0.0264662	1.67078	85.0681
185	0.0100175	0.0320653	0.141331	0.0029985	0.0258283	1.65178	87.6574
186	0.0101027	0.0320107	0.141331	0	0.0258283	1.62442	83.9053
187	0.0100175	0.0322988	0.141331	0	0.029573	1.7481	76.1314
188	0.0100175	0.0331614	0.151835	0	0.029573	1.72221	85.0681
189	0.0100175	0.0333868	0.158193	0.00149925	0.0366096	1.87847	98.5484
190	0.0100175	0.0331401	0.146056	0	0.029573	1.89306	90.2796
191	0.0100175	0.0336197	0.151835	0	0.029573	1.88286	85.0681
192	0.0100175	0.0350084	0.161753	0.0029985	0.0291258	1.80011	85.0681
193	0.0100155	0.0348588	0.162894	0	0.0282455	1.69978	85.0681
194	0.0100155	0.0362665	0.189334	0.0029985	0.0282455	1.65579	90.2796
195	0.0100155	0.0370957	0.201178	0	0.0226376	1.39132	88.843
196	0.0100155	0.0378873	0.205396	0	0.019234	1.33988	70.7844
197	0.0100155	0.0386358	0.208761	0	0.0146591	1.31089	53.1069
198	0.0100155	0.038749	0.206429	0	0.0161579	1.17814	50.3683
199	0.0100155	0.0391769	0.206429	0	0.0157624	1.23149	50.3683
200	0.0100155	0.0398314	0.206429	0	0.0146591	1.13879	45.4446
201	0.0100155	0.0403009	0.208761	0	0.0144705	1.11499	46.4264
202	0.0100155	0.040811	0.211918	0	0.0144705	1.01654	44.5096
203	0.0100155	0.0423703	0.239518	0.00449775	0.0138462	0.924701	44.5096
204	0.0100155	0.0424396	0.23146	0	0.0138462	0.878795	44.5096
205	0.0100155	0.043349	0.240568	0	0.0138462	0.899079	44.5096
206	0.0100175	0.0457339	0.277891	0	0.0133399	0.885207	45.4446
207	0.0100155	0.0477718	0.288521	0.00149925	0.0138462	0.767434	44.5096
208	0.0100155	0.0492832	0.288817	0.00149925	0.0119098	0.632885	29.5858
209	0.0100155	0.0499069	0.288817	0	0.0119098	0.519787	27.413
210	0.0100155	0.0514733	0.312085	0.0029985	0.0101065	0.408735	22.8243
211	0.0100155	0.0543059	0.337444	0.005997	0.0102444	0.380998	26.2184
212	0.0100155	0.0572006	0.375865	0.00449775	0.0101065	0.334915	27.413
213	0.0101362	0.0599646	0.402508	0.00449775	0.0101065	0.2955	20.7146
214	0.0101362	0.0615924	0.402508	0.00449775	0.0101065	0.267893	15.2832
215	0.0101938	0.0650557	0.40914	0.005997	0.0100912	0.239993	13.6267
216	0.0101938	0.0720595	0.465237	0.0089955	0.0100912	0.190859	9.81262
217	0.0101938	0.0789536	0.565438	0.0149925	0.0100912	0.189507	9.35391
218	0.0101938	0.0916883	0.898461	0.0404798	0.0100912	0.166915	6.987
219	0.0101938	0.0837165	0.695463	0.0284858	0.0100912	0.0899258	0.907883
220	0.0101938	0.0775194	0.569099	0.017991	0.0102896	0.0830804	0.849191
221	0.0101938	0.0736571	0.547282	0.0164918	0.0102896	0.07995	0.796806
222	0.0117389	0.0726712	0.622251	0.0149925	0.0102896	0.0744765	0.711903
223	0.0101938	0.0717654	0.455075	0.0089955	0.0102896	0.071392	0.711903
224	0.0101938	0.0702624	0.444876	0.00749625	0.0102896	0.0702939	0.711903
225	0.0102994	0.0681135	0.411585	0.0029985	0.0102896	0.0698991	0.727334
226	0.0106666	0.0660756	0.411585	0.00449775	0.0102896	0.0707558	0.799312
227	0.0105916	0.0657362	0.411585	0.005997	0.0102896	0.0702196	0.774522
228	0.0101416	0.0649031	0.377894	0.005997	0.0102896	0.0707702	0.798063
229	0.0101938	0.0641987	0.363428	0.005997	0.0102896	0.0743959	0.849191
230	0.0101416	0.0627166	0.346957	0.0029985	0.010061	0.079212	1.19775
231	0.0101938	0.0634721	0.363428	0.0029985	0.010061	0.0848979	12.1916
232	0.0101416	0.0648066	0.377894	0.00449775	0.010061	0.0887052	18.9824
233	0.0107106	0.0643016	0.427838	0.00449775	0.010061	0.0924469	24.0454
234	0.0101006	0.064607	0.412105	0.00449775	0.010061	0.0945335	24.0454
235	0.0101006	0.0658683	0.419072	0.00449775	0.010061	0.106445	28.208
236	0.0101006	0.0650861	0.412105	0.00449775	0.0102896	0.122829	34.6912
237	0.0101006	0.0654565	0.412105	0.00449775	0.010061	0.144888	34.6912
238	0.0101416	0.0681473	0.529488	0.005997	0.010061	0.175143	49.0682
239	0.0101416	0.070182	0.546624	0.005997
