		omega		Posterior		rho				Synonymous theta			kappa			phi	
Site	Lower	Point	Higher	prob of +ve	Lower	Point	Higher		Lower	Point	Higher	Lower	Point	Higher	Lower	Point	Higher
	95% HPD	estimate	95% HPD	selection	95% HPD	estimate	95% HPD		95% HPD	estimate	95% HPD	95% HPD	estimate	95% HPD	95% HPD	estimate	95% HPD
0	0.0200119	0.277879	1.76331	0.113943	0.0101115	0.0323568	0.197114		0.0206981	0.0326458	0.0498614	1.94344	4.32734	8.96203	0.240259	1.48008	23.6703
1	0.0201341	0.278986	1.7446	0.110945	0.0100668	0.0302116	0.159268
2	0.0201341	0.280807	1.7446	0.110945	0.0101115	0.0294316	0.148098
3	0.0224948	0.279042	1.86058	0.106447	0.0101115	0.0291427	0.138073
4	0.0224948	0.27787	1.86058	0.106447	0.0101115	0.028912	0.138073
5	0.0224948	0.27778	1.86058	0.107946	0.0100668	0.0282828	0.114286
6	0.0224948	0.278057	1.86058	0.109445	0.0100668	0.0277817	0.11172
7	0.0224948	0.277664	1.86058	0.109445	0.0100668	0.0272617	0.103764
8	0.0224948	0.276091	1.86058	0.109445	0.0100668	0.0270881	0.103764
9	0.0230602	0.276106	1.86058	0.109445	0.0100668	0.0270357	0.0998907
10	0.0230602	0.276267	1.86058	0.109445	0.0100668	0.0272425	0.103764
11	0.0230602	0.275503	1.78802	0.109445	0.0101115	0.0275546	0.104729
12	0.0230602	0.274839	1.78802	0.109445	0.0100668	0.0275139	0.102511
13	0.0224948	0.274601	1.78802	0.109445	0.0100668	0.0276728	0.104729
14	0.0224948	0.273911	1.78802	0.109445	0.0100668	0.0275084	0.0998907
15	0.0230602	0.27277	1.78802	0.109445	0.0100668	0.027363	0.0984973
16	0.0230602	0.27241	1.78802	0.110945	0.0100668	0.0273608	0.0974635
17	0.0224948	0.271579	1.78802	0.110945	0.0100668	0.0268643	0.091386
18	0.0224948	0.270761	1.78802	0.110945	0.0100668	0.0269932	0.0938753
19	0.0224948	0.270098	1.78802	0.110945	0.0100668	0.0267653	0.0966384
20	0.0224948	0.269185	1.78802	0.107946	0.0100668	0.0270175	0.0984973
21	0.0230602	0.267758	1.86058	0.106447	0.0100668	0.0272831	0.0989771
22	0.0230602	0.267221	1.86058	0.106447	0.0100668	0.0276735	0.10099
23	0.0230602	0.266572	1.86058	0.104948	0.0101115	0.0275692	0.0996893
24	0.0230602	0.266651	1.86058	0.104948	0.0100668	0.027429	0.0984973
25	0.0224948	0.26579	1.78802	0.104948	0.0101115	0.0276427	0.0996893
26	0.0230602	0.265377	1.86058	0.104948	0.0100668	0.0278082	0.0996893
27	0.0208612	0.265875	1.78802	0.106447	0.0101115	0.0281839	0.102516
28	0.0224948	0.264366	1.86058	0.104948	0.0101115	0.0292537	0.111342
29	0.0230602	0.263961	1.86058	0.103448	0.0101115	0.0300075	0.116484
30	0.0224948	0.26368	1.86058	0.104948	0.0101115	0.0302379	0.123738
31	0.0230602	0.263109	1.94508	0.107946	0.0101115	0.0305824	0.128597
32	0.0230602	0.262177	1.94508	0.107946	0.0101115	0.031254	0.148098
33	0.0230602	0.26044	1.94508	0.106447	0.0101115	0.0319632	0.150785
34	0.0230602	0.258329	1.94508	0.107946	0.0101115	0.0329963	0.155026
35	0.020284	0.249378	1.78802	0.106447	0.0101115	0.0344163	0.164419
36	0.0184822	0.199355	2.14337	0.0809595	0.0101115	0.0368296	0.190824
37	0.0101076	0.160146	1.18315	0.0674663	0.0101115	0.038442	0.200304
38	0.0101076	0.137816	1.04434	0.053973	0.0101293	0.0399151	0.200614
39	0.0100097	0.128511	1.01933	0.0524738	0.0101293	0.0425175	0.258751
40	0.0100097	0.115815	0.94248	0.047976	0.0101293	0.0445269	0.424009
41	0.0100097	0.105041	0.94248	0.047976	0.0101671	0.0444156	0.327921
42	0.0100097	0.0968831	0.83366	0.041979	0.0101293	0.0431146	0.273843
43	0.0100031	0.0922042	0.83366	0.041979	0.0101293	0.0450752	0.358229
44	0.0100031	0.0818034	0.763611	0.0329835	0.0101293	0.04476	0.286131
45	0.0100031	0.0782024	0.733999	0.0269865	0.010147	0.0455343	0.30703
46	0.0100031	0.0752714	0.64368	0.0209895	0.0101293	0.0460051	0.287441
47	0.0100031	0.0690045	0.604035	0.0134933	0.0101293	0.0449911	0.283143
48	0.0100105	0.0643312	0.550297	0.0104948	0.010109	0.0435857	0.234218
49	0.0100097	0.0616881	0.518057	0.005997	0.010109	0.0432678	0.224993
50	0.0100031	0.058635	0.514864	0.00449775	0.010109	0.0425195	0.222496
51	0.0100031	0.0560829	0.507885	0.005997	0.010109	0.0409776	0.200614
52	0.0100031	0.0537431	0.496551	0.0104948	0.0101293	0.0399797	0.197291
53	0.0100031	0.0503684	0.366598	0.005997	0.010109	0.0394416	0.183682
54	0.0100031	0.0484316	0.357475	0.00449775	0.0101293	0.0386394	0.182562
55	0.0100031	0.0469337	0.34621	0.00149925	0.010109	0.0373869	0.162774
56	0.0100031	0.0447236	0.327121	0	0.010109	0.0367506	0.156023
57	0.0100031	0.0436536	0.311843	0	0.010109	0.0363663	0.156023
58	0.0100031	0.0430258	0.300511	0	0.010109	0.0352866	0.153086
59	0.0100031	0.0424261	0.300511	0	0.010109	0.0346928	0.143734
60	0.0100031	0.0408613	0.289707	0	0.010109	0.0341644	0.131847
61	0.0100031	0.0402117	0.268789	0	0.010109	0.0341318	0.128748
62	0.0100031	0.0398247	0.262395	0	0.0101293	0.0334997	0.121401
63	0.0100031	0.0392222	0.248706	0	0.0101293	0.0329951	0.117715
64	0.0100031	0.0383886	0.244951	0	0.010109	0.0326207	0.112421
65	0.0100031	0.038213	0.248551	0.005997	0.010109	0.0327701	0.112421
66	0.0100031	0.037556	0.242098	0.00149925	0.010109	0.0326194	0.111747
67	0.0100031	0.0373629	0.246322	0	0.0101293	0.0324792	0.111747
68	0.0100031	0.0370567	0.244951	0	0.010109	0.0329032	0.112421
69	0.0100031	0.0371985	0.25089	0	0.0101293	0.0329717	0.116609
70	0.0100031	0.037278	0.272309	0	0.010109	0.0335057	0.12376
71	0.0100031	0.0366757	0.244951	0	0.0100648	0.0342447	0.143005
72	0.0100031	0.036213	0.234942	0	0.0100648	0.0336342	0.128597
73	0.0100031	0.0358656	0.228963	0	0.0100648	0.0330595	0.12376
74	0.0100031	0.0356193	0.227498	0	0.0100648	0.0326713	0.119272
75	0.0100031	0.0358726	0.22791	0	0.0100648	0.0327101	0.121401
76	0.0100031	0.0359386	0.234942	0	0.0100648	0.0325724	0.119272
77	0.0100031	0.0355104	0.22791	0	0.0100648	0.032284	0.111507
78	0.0100031	0.0348638	0.227498	0	0.0100648	0.0324494	0.111747
79	0.0100031	0.0344879	0.22791	0.00149925	0.0100648	0.032555	0.113561
80	0.0100031	0.0342618	0.234942	0.0029985	0.0100648	0.0324859	0.121361
81	0.0100031	0.0331933	0.227498	0.00449775	0.0100648	0.0326497	0.123571
82	0.0100031	0.0323216	0.21259	0.0029985	0.0100648	0.03269	0.12376
83	0.0100031	0.032246	0.21259	0.00149925	0.0100648	0.0329932	0.124664
84	0.0100031	0.0314079	0.195538	0	0.0100648	0.0328887	0.124664
85	0.0100031	0.030477	0.186863	0	0.0100648	0.0329581	0.125522
86	0.0100031	0.0305081	0.180682	0	0.0100648	0.0334771	0.129436
87	0.0100031	0.0308716	0.187334	0	0.0100648	0.0333608	0.131631
88	0.0100031	0.0309797	0.186863	0	0.0100648	0.0339911	0.143005
89	0.0100031	0.0309301	0.186863	0	0.0100648	0.0338946	0.139379
90	0.0100031	0.0307776	0.178696	0	0.0100648	0.0346812	0.145184
91	0.0100031	0.0313507	0.178696	0.00149925	0.0100648	0.0340724	0.138173
92	0.0100031	0.031559	0.186863	0.0029985	0.0100648	0.0341076	0.138173
93	0.0100031	0.0318983	0.191758	0.0029985	0.0100947	0.0357556	0.167919
94	0.0100031	0.0323868	0.191758	0.00149925	0.0103154	0.036547	0.191051
95	0.0100031	0.0321617	0.191758	0	0.0100947	0.0373342	0.193132
96	0.0100031	0.032558	0.191758	0	0.0100947	0.0389531	0.211921
97	0.0100031	0.032676	0.185437	0	0.0100947	0.0399537	0.213757
98	0.0100031	0.0328658	0.186863	0	0.0100947	0.0405073	0.213757
99	0.0100031	0.0323933	0.178696	0	0.0101226	0.0414177	0.227287
100	0.0100031	0.0323218	0.178402	0	0.0101226	0.0415375	0.227287
101	0.0100031	0.0319595	0.178696	0.00149925	0.0100947	0.0423922	0.238515
102	0.0100031	0.0316855	0.178402	0.00149925	0.0100947	0.0442776	0.250331
103	0.0100031	0.032245	0.190166	0.00149925	0.0100947	0.0447448	0.244663
104	0.0100031	0.0318396	0.185437	0.00149925	0.0100947	0.0453392	0.241949
105	0.0100031	0.0318788	0.178696	0.00149925	0.0100947	0.0459599	0.240717
106	0.0100105	0.0316183	0.171136	0.00149925	0.0101226	0.0474167	0.244663
107	0.0100031	0.0318727	0.171136	0.00149925	0.0100947	0.0485983	0.252118
108	0.0100031	0.0325006	0.183234	0.00149925	0.0100947	0.0509674	0.26509
109	0.0100031	0.0326954	0.185437	0.0029985	0.0100947	0.0522326	0.26509
110	0.0100031	0.0323977	0.183234	0	0.0100947	0.0540024	0.276975
111	0.0100031	0.0323433	0.185437	0	0.0103154	0.0583123	0.370355
112	0.0100031	0.0331456	0.206353	0.0029985	0.010147	0.0641511	0.426634
113	0.0100031	0.0328085	0.209472	0.00449775	0.0100947	0.0670247	0.410435
114	0.0100031	0.0321145	0.19023	0.00149925	0.0100947	0.0692115	0.4361
115	0.0100031	0.0326057	0.19023	0	0.0100947	0.071718	0.448278
116	0.0100031	0.0324754	0.19023	0.00149925	0.0100947	0.0747799	0.448278
117	0.0100031	0.032657	0.183234	0	0.0103154	0.0776868	0.488444
118	0.0100031	0.032295	0.183234	0	0.0103154	0.0788709	0.489267
119	0.0100031	0.0322269	0.173989	0	0.0100947	0.0842574	0.517035
120	0.0100031	0.0326246	0.19023	0.00149925	0.0100947	0.0919467	0.571059
121	0.0100031	0.03358	0.202663	0.0029985	0.0100947	0.101569	0.770793
122	0.0100031	0.0330908	0.19023	0.00149925	0.0100947	0.107942	0.775241
123	0.0100031	0.0334325	0.196664	0.00149925	0.0100947	0.115817	0.880567
124	0.0100031	0.0335945	0.19023	0.0029985	0.0100947	0.124979	0.999558
125	0.0100031	0.0333044	0.160573	0.0029985	0.0100947	0.139837	1.22652
126	0.0100031	0.0333202	0.160573	0.00149925	0.0101051	0.150878	1.47919
127	0.0100031	0.032772	0.142478	0	0.0100947	0.162377	1.93001
128	0.0100149	0.0331456	0.151271	0.00149925	0.0100947	0.198597	3.99863
129	0.0100031	0.0326344	0.146497	0.00149925	0.014413	0.242376	5.58978
130	0.0100031	0.0325802	0.146497	0	0.0193185	0.316466	11.0717
131	0.0100149	0.033187	0.151271	0	0.0273259	0.406142	21.1813
132	0.0100031	0.0330411	0.138985	0	0.0319079	0.612931	58.5172
133	0.0100149	0.0333387	0.151271	0.00149925	0.0639121	0.760107	98.8731
134	0.0100031	0.0330199	0.146497	0.0029985	0.0539558	0.642071	98.8731
135	0.0100031	0.0324017	0.138443	0.0029985	0.0314988	0.544691	63.5366
136	0.0100031	0.0322986	0.138985	0.0029985	0.0314988	0.428864	40.827
137	0.0100031	0.0323836	0.146497	0.0029985	0.0267838	0.364181	38.582
138	0.0100149	0.0317713	0.138443	0	0.0165208	0.300427	14.731
139	0.0100031	0.0318255	0.137147	0	0.0165208	0.25297	9.39195
140	0.0100031	0.0321602	0.137381	0.00149925	0.0153292	0.199918	2.82106
141	0.0100031	0.0320971	0.137147	0.0029985	0.0148268	0.175754	1.91589
142	0.0100031	0.03174	0.137147	0.00149925	0.0153292	0.158938	1.76962
143	0.0100031	0.0323548	0.138985	0.00149925	0.0101309	0.144418	0.846013
144	0.0100031	0.0323462	0.147614	0	0.0129173	0.125218	0.734778
145	0.0100031	0.0322511	0.169181	0	0.0112892	0.12271	0.683898
146	0.0100031	0.0323376	0.169181	0	0.0108487	0.124172	0.687191
147	0.0100031	0.0321413	0.167979	0	0.010474	0.133924	1.29401
148	0.0100031	0.0322588	0.166821	0	0.010474	0.137991	1.76962
149	0.0100031	0.0326249	0.168945	0	0.010474	0.141054	2.85782
150	0.0100031	0.0324083	0.167979	0	0.0101302	0.137746	3.36433
151	0.0100031	0.0332303	0.180713	0	0.0101302	0.135471	4.88332
152	0.0100031	0.0334133	0.180262	0	0.0101302	0.131274	6.86958
153	0.0100031	0.0334425	0.180262	0	0.010474	0.132111	8.03594
154	0.0100031	0.0343721	0.185486	0.00149925	0.010474	0.131622	10.2692
155	0.0100031	0.0339338	0.184062	0.00149925	0.0105589	0.140191	16.9192
156	0.0100031	0.0339256	0.183684	0.00149925	0.010474	0.138237	17.3514
157	0.0100031	0.0338027	0.183313	0	0.010474	0.139224	17.3514
158	0.0100031	0.0344664	0.193593	0.00149925	0.010474	0.142082	17.3514
159	0.0100031	0.0349899	0.207922	0.0029985	0.0100511	0.141419	15.5535
160	0.0100031	0.0346215	0.194023	0.0029985	0.010474	0.138517	15.5535
161	0.0100031	0.0349708	0.197526	0.00149925	0.010474	0.136699	15.5535
162	0.0100031	0.0346124	0.184062	0.00149925	0.0100511	0.130142	10.4556
163	0.0100031	0.0345764	0.181868	0.00149925	0.0100511	0.126538	9.12839
164	0.0100031	0.0345205	0.173866	0	0.0100511	0.11839	6.86958
165	0.0100031	0.0351326	0.179015	0.00149925	0.0100511	0.095809	1.29401
166	0.0100031	0.0358473	0.188444	0.00149925	0.0104563	0.090127	0.846013
167	0.0100031	0.0367482	0.216547	0.0029985	0.0100511	0.0807259	0.533703
168	0.0100031	0.0378995	0.231876	0.00449775	0.0101761	0.0705625	0.367529
169	0.0100031	0.0386	0.227561	0.0029985	0.0103233	0.0694331	0.365114
170	0.0100031	0.0395043	0.211263	0.00449775	0.0103233	0.0678795	0.354483
171	0.0100031	0.0398111	0.211263	0	0.0101761	0.0660554	0.342337
172	0.0100215	0.0405545	0.227947	0	0.0100511	0.0624981	0.323136
173	0.0100031	0.0410096	0.237221	0	0.0100511	0.0598241	0.300483
174	0.0100031	0.0414018	0.231876	0	0.0101761	0.0589689	0.32921
175	0.0100031	0.0420101	0.240491	0.0029985	0.0100511	0.0559289	0.257366
176	0.0100031	0.0429371	0.26283	0.00449775	0.0100511	0.0543961	0.271309
177	0.0100215	0.04339	0.267688	0.00449775	0.0100511	0.0529263	0.253931
178	0.0100031	0.0443677	0.267688	0.0029985	0.0100511	0.0520073	0.232363
179	0.0100031	0.0448015	0.271622	0.0029985	0.0103233	0.0496705	0.227502
180	0.0100031	0.0459094	0.295256	0.00149925	0.0100511	0.0479337	0.209203
181	0.0100031	0.0467701	0.311451	0.00149925	0.0100511	0.0465188	0.205085
182	0.0100031	0.0486182	0.340892	0.0029985	0.0101761	0.0453106	0.204185
183	0.0100031	0.0490866	0.325278	0.0029985	0.0101761	0.0445758	0.194986
184	0.0100481	0.0489807	0.325278	0.00149925	0.0100511	0.0445228	0.195543
185	0.0100031	0.0494161	0.321652	0.00149925	0.0101761	0.0429439	0.18838
186	0.0100031	0.0499838	0.325278	0.00449775	0.0101761	0.0425719	0.185911
187	0.0100031	0.0498915	0.31179	0.00149925	0.0100511	0.0424212	0.181162
188	0.0100031	0.0506161	0.31179	0	0.0100198	0.0420211	0.176664
189	0.0100031	0.0513164	0.31179	0.00149925	0.0100198	0.0413743	0.168261
190	0.0100031	0.0513681	0.31179	0.00149925	0.0100198	0.0412013	0.168261
191	0.0100031	0.0505185	0.306185	0	0.0100198	0.0410939	0.168261
192	0.0100031	0.0512472	0.310642	0	0.0100198	0.0408246	0.175878
193	0.0100031	0.0525899	0.313195	0	0.0100198	0.0402538	0.174527
194	0.0100481	0.0537265	0.325278	0.00149925	0.0100198	0.0401412	0.168261
195	0.0100031	0.0574791	0.372502	0.00749625	0.0100198	0.0398563	0.165644
196	0.0100031	0.0583646	0.396042	0.00749625	0.0100198	0.039776	0.165644
197	0.0100031	0.0602606	0.419773	0.0089955	0.0101761	0.0389771	0.166322
198	0.0100031	0.0644721	0.488975	0.0194903	0.0100511	0.0384705	0.160916
199	0.0100031	0.0664411	0.496421	0.0134933	0.0100746	0.0384886	0.160916
200	0.0100031	0.0702164	0.496421	0.0104948	0.0100746	0.0386327	0.160916
201	0.0100031	0.0727922	0.5133	0.0089955	0.0101761	0.0389153	0.165644
202	0.0100031	0.0738395	0.523678	0.0089955	0.0101761	0.0386519	0.166322
203	0.0100031	0.0780226	0.534583	0.0089955	0.0100511	0.0380441	0.156606
204	0.010388	0.084887	0.578996	0.0104948	0.0100511	0.0378435	0.159247
205	0.0100558	0.0861845	0.567781	0.011994	0.0100746	0.0373627	0.160129
206	0.0100558	0.0964311	0.649249	0.0269865	0.0100746	0.0370086	0.160129
207	0.0100031	0.111532	0.816315	0.0389805	0.0100112	0.0373754	0.160129
208	0.0100031	0.12535	1.04482	0.0509745	0.0101761	0.0377054	0.165894
209	0.0125299	0.133724	1.30746	0.0554723	0.0100746	0.0377209	0.165894
210	0.0123159	0.144762	1.46077	0.0689655	0.0101761	0.0374878	0.166322
211	0.0123835	0.135075	1.30746	0.0569715	0.0100746	0.0376911	0.165894
212	0.0100031	0.126631	0.887248	0.0464768	0.0100112	0.0381452	0.166322
213	0.0100031	0.121871	0.887248	0.0464768	0.0101761	0.038751	0.18239
214	0.0100031	0.111216	0.797128	0.0389805	0.0101761	0.0391378	0.18239
215	0.0100031	0.106754	0.733609	0.0329835	0.0100112	0.0403042	0.18239
216	0.0100558	0.099015	0.586665	0.0194903	0.0100112	0.039789	0.181162
217	0.010252	0.0951745	0.552506	0.0149925	0.0100112	0.040552	0.19187
218	0.0101469	0.092166	0.513738	0.0104948	0.0100112	0.0396001	0.18239
219	0.0114802	0.0881851	0.546287	0.00449775	0.0100112	0.0392856	0.180544
220	0.0114802	0.0872516	0.526465	0	0.0100112	0.0393579	0.181162
221	0.0101469	0.0845258	0.449854	0	0.0100746	0.0398203	0.185524
222	0.0114802	0.0846998	0.526465	0.00449775	0.0100746	0.0427385	0.201972
223	0.0101469	0.0851956	0.4738	0.00449775	0.0101761	0.0432469	0.223429
224	0.010764	0.0856876	0.496421	0.0029985	0.010019	0.0421323	0.201972
225	0.010764	0.0854375	0.496421	0.0029985	0.010019	0.0431953	0.216766
226	0.0101469	0.0875755	0.496421	0.0089955	0.010019	0.0423755	0.201972
227	0.0103125	0.0914821	0.55069	0.0164918	0.010019	0.043693	0.221551
228	0.010252	0.0921421	0.552506	0.017991	0.0101761	0.0438054	0.224468
229	0.0103125	0.0922031	0.552506	0.0164918	0.0100746	0.0446742	0.223429
230	0.0114322	0.0959321	0.646729	0.0164918	0.010019	0.0450832	0.225802
231	0.0114322	0.0971666	0.646729	0.0134933	0.0100617	0.0452088	0.223429
232	0.0114322	0.0983272	0.644789	0.011994	0.010019	0.0474265	0.270519
233	0.0114802	0.101773	0.689658	0.017991	0.010019	0.0466228	0.256625
234	0.0114322	0.106406	0.706048	0.0164918	0.0100484	0.0461466	0.256625
235	0.0109779	0.109258	0.689082	0.0164918	0.010019	0.0445691	0.232079
236	0.0106892	0.11483	0.706048	0.0194903	0.010019	0.0447799	0.227323
237	0.0124704	0.125159	0.82672	0.0224888	0.010019	0.044633	0.232079
238	0.0124704	0.134375	0.842095	0.0209895	0.010019	0.0445668	0.232079
239	0.0134486	0.140199	0.867617	0.0209895	0.010019	0.0440934	0.223429
240	0.0133905	0.149439	0.860108	0.0194903	0.010019	0.0440484	0.223429
241	0.0154594	0.165951	1.02936	0.0269865	0.010019	0.0448529	0.229063
242	0.0162238	0.177915	1.06845	0.035982	0.0100484	0.0458366	0.256625
243	0.0173405	0.190815	1.09793	0.0389805	0.010019	0.0458154	0.262069
244	0.017917	0.19819	1.09793	0.041979	0.010019	0.0466292	0.29472
245	0.017441	0.21706	1.32317	0.0629685	0.010019	0.0485748	0.315256
246	0.0214641	0.254098	1.50272	0.0809595	0.010019	0.0499564	0.338148
247	0.0214641	0.251662	1.50272	0.0749625	0.010019	0.0523791	0.379211
248	0.0178298	0.255025	1.32631	0.0749625	0.0104291	0.0569918	0.542853
249	0.0216756	0.25546	1.50272	0.0704648	0.0104291	0.0619291	0.610358
250	0.0216756	0.261043	1.50383	0.0764618	0.010019	0.0740278	1.15162
251	0.0219102	0.277738	1.50383	0.0809595	0.010019	0.0782942	1.51487
252	0.026549	0.286003	1.8514	0.083958	0.0100617	0.0871171	1.96118
253	0.0295292	0.294022	2.34238	0.0944528	0.0100617	0.107876	4.76428
254	0.0334709	0.302976	2.38673	0.0974513	0.0100617	0.119354	5.49699
255	0.0529864	0.34711	3.5198	0.122939	0.0100851	0.151119	8.07134
256	0.0754226	0.415242	3.10488	0.158921	0.0100617	0.161405	7.42088
257	0.112847	0.512141	3.42657	0.205397	0.0100851	0.17179	5.96337
258	0.120044	0.498562	3.5198	0.202399	0.0100617	0.187336	6.48887
259	0.108103	0.499695	3.22788	0.202399	0.0107998	0.278133	15.4902
260	0.0777297	0.422629	3.09954	0.169415	0.0100617	0.365188	20.2531
261	0.045245	0.357134	2.53951	0.134933	0.0115005	0.477262	33.7239
262	0.0462103	0.341813	2.68591	0.127436	0.0131164	0.620873	36.3795
263	0.0454848	0.336858	2.66592	0.125937	0.0210559	0.718998	63.8149
264	0.0289869	0.324289	1.97617	0.11994	0.0207595	0.829126	66.057
265	0.0284952	0.316943	1.962	0.116942	0.0207743	0.911818	63.8149
266	0.0289869	0.325568	1.962	0.121439	0.0210559	0.984351	66.5902
267	0.0284952	0.32992	1.962	0.133433	0.0256073	1.04449	78.361
268	0.0284952	0.351087	2.22006	0.155922	0.0302947	1.20931	88.5693
269	0.0127853	0.23023	1.85551	0.103448	0.0342089	1.24443	90.5806
270	0.0100311	0.161483	1.02829	0.0524738	0.0476677	1.31483	88.5693
271	0.0100311	0.131435	0.910553	0.0389805	0.0365475	1.27335	90.5806
272	0.0100311	0.109372	0.764803	0.0284858	0.0256073	1.23993	72.7111
273	0.0100311	0.0923402	0.645107	0.0164918	0.0256073	1.20538	88.5693
274	0.0102963	0.0849771	0.645107	0.0104948	0.0253291	1.35453	85.8283
275	0.0100311	0.0804082	0.621826	0.0104948	0.033893	1.47302	99.7349
276	0.0100311	0.0766711	0.608142	0.00749625	0.0301449	1.49846	99.7349
277	0.0100311	0.0705291	0.563523	0.005997	0.0282265	1.51019	90.7199
278	0.0100311	0.0673755	0.52828	0.005997	0.0357668	1.59072	99.82
279	0.0100311	0.0650433	0.492493	0.005997	0.0303093	1.5626	99.82
280	0.0100311	0.0626069	0.476978	0.005997	0.0333995	1.58424	99.82
281	0.0100311	0.0615463	0.462813	0.00449775	0.0301449	1.7067	99.82
282	0.0100311	0.0590413	0.460594	0.0029985	0.0286317	1.84564	99.82
283	0.0100311	0.055788	0.449444	0.00149925	0.0304487	2.09006	99.82
284	0.0100311	0.0553122	0.46077	0.0029985	0.0286317	2.09992	99.7349
285	0.0100311	0.0539162	0.455383	0.005997	0.0286317	2.22395	99.82
286	0.0100311	0.0528697	0.443842	0.00449775	0.0286317	2.20721	99.82
287	0.0100311	0.0512134	0.405908	0.00149925	0.0270207	2.15663	99.7349
288	0.0100311	0.0509325	0.412441	0.0029985	0.0225444	1.95787	98.0018
289	0.0100311	0.0510741	0.364158	0.00149925	0.0199167	1.63246	99.7349
290	0.0100311	0.0510302	0.412441	0.00149925	0.0199167	1.44898	99.7349
291	0.0100311	0.0504255	0.352146	0.00149925	0.0178969	1.34023	85.8283
292	0.0100311	0.0519189	0.363416	0.00149925	0.0177124	1.3112	90.7199
293	0.0100311	0.0519175	0.398272	0.0029985	0.0166793	1.38144	85.8283
294	0.0100311	0.0529284	0.427416	0.00449775	0.0159355	1.4195	85.8283
295	0.0100311	0.0556165	0.49074	0.0134933	0.0113378	1.32432	66.7511
296	0.0100118	0.0589781	0.585954	0.0284858
