		omega		Posterior		rho				Synonymous theta			kappa			phi	
Site	Lower	Point	Higher	prob of +ve	Lower	Point	Higher		Lower	Point	Higher	Lower	Point	Higher	Lower	Point	Higher
	95% HPD	estimate	95% HPD	selection	95% HPD	estimate	95% HPD		95% HPD	estimate	95% HPD	95% HPD	estimate	95% HPD	95% HPD	estimate	95% HPD
0	0.0101463	0.394797	41.4968	0.329835	0.0100729	0.0987082	10.6251		0.0449987	0.0621751	0.0856814	3.53742	6.72536	12.546	0.623939	41553.4	3.33211e+15
1	0.0107376	0.348222	40.6421	0.305847	0.0100729	0.0917056	9.19664
2	0.0107376	0.310674	39.9629	0.281859	0.0100729	0.0918842	7.8688
3	0.0108166	0.280774	40.6421	0.257871	0.0100729	0.0907827	6.25997
4	0.0101463	0.244446	32.4674	0.23988	0.0100729	0.0912034	7.8688
5	0.0102521	0.205532	27.8409	0.205397	0.0100729	0.0901124	7.8688
6	0.0101463	0.187041	26.4655	0.185907	0.0100729	0.0893964	7.8688
7	0.0100498	0.163816	22.3717	0.169415	0.0100729	0.0896751	7.8688
8	0.0100498	0.155379	19.4657	0.166417	0.0100729	0.0886181	7.8688
9	0.0101456	0.145141	18.6463	0.158921	0.0100729	0.0903488	7.8688
10	0.0100498	0.13242	14.2107	0.142429	0.0100729	0.089624	6.47805
11	0.0100498	0.118176	8.10833	0.122939	0.0100729	0.0894066	6.47805
12	0.0100498	0.101582	3.27719	0.0989505	0.0100729	0.0931683	6.47805
13	0.0100498	0.0876729	1.82307	0.0689655	0.0100729	0.0957143	6.25997
14	0.0100498	0.0855209	1.29659	0.0644678	0.0100729	0.0996299	6.47805
15	0.0100498	0.0765383	0.829897	0.0449775	0.0100298	0.108805	9.77375
16	0.0103992	0.0654807	0.470887	0.0164918	0.0100298	0.123745	16.944
17	0.0107376	0.0643694	0.470887	0.0149925	0.0100298	0.136917	26.3727
18	0.0100498	0.0630738	0.435285	0.0089955	0.0100298	0.160489	29.2485
19	0.0102785	0.061778	0.417054	0.0104948	0.0100298	0.170986	35.8735
20	0.0100498	0.0605376	0.355248	0.0104948	0.0100298	0.174044	38.7619
21	0.0100498	0.0607722	0.346654	0.0104948	0.0100298	0.1549	21.7864
22	0.0102785	0.061069	0.346654	0.00749625	0.0100298	0.155795	21.0801
23	0.0106136	0.0607189	0.346654	0.00749625	0.0100298	0.157872	21.7864
24	0.0101463	0.0598378	0.298606	0.0029985	0.0100298	0.1667	29.3262
25	0.0101463	0.0607598	0.288875	0.00149925	0.0100298	0.18344	37.904
26	0.0102785	0.061969	0.296794	0.0029985	0.0100298	0.189224	32.4604
27	0.0102785	0.0632123	0.298606	0.0029985	0.0100298	0.191058	32.4604
28	0.0107514	0.0632247	0.308555	0.00149925	0.0100298	0.197385	29.3262
29	0.0100975	0.064034	0.308555	0.00449775	0.0100298	0.208382	29.2485
30	0.0100975	0.0643212	0.308555	0.00449775	0.0100298	0.218126	22.3937
31	0.0102785	0.0655084	0.317865	0.0029985	0.0100298	0.238148	31.6227
32	0.0102785	0.0662136	0.317865	0.00449775	0.0100298	0.276556	37.904
33	0.0108733	0.0656812	0.348014	0.00149925	0.0100298	0.313893	39.5045
34	0.0107514	0.0677676	0.348014	0.0029985	0.0103955	0.3125	34.0238
35	0.0102785	0.0731186	0.355386	0.005997	0.0103955	0.309062	31.6227
36	0.0102785	0.0757007	0.405663	0.005997	0.0103955	0.31231	31.6227
37	0.0102785	0.0781378	0.421378	0.005997	0.0107106	0.332954	27.0787
38	0.0100975	0.0884166	0.493609	0.0104948	0.0100062	0.339216	23.2728
39	0.0100975	0.0990273	0.566152	0.0149925	0.0100062	0.352927	16.7143
40	0.0114231	0.10869	0.674963	0.0209895	0.0100062	0.348093	6.09927
41	0.0122991	0.123412	0.85447	0.029985	0.0103955	0.311342	5.07047
42	0.0169374	0.145592	1.22527	0.0449775	0.0101779	0.335569	7.55232
43	0.0275959	0.202927	2.08792	0.0974513	0.0101779	0.302826	5.48371
44	0.031416	0.203486	2.52359	0.103448	0.0102324	0.255709	4.52259
45	0.0316626	0.203109	2.72688	0.104948	0.0101779	0.17368	1.69528
46	0.0146356	0.149052	1.23737	0.0584708	0.0101779	0.162805	1.65551
47	0.0131054	0.12027	0.885402	0.0329835	0.0101779	0.157375	1.69528
48	0.0146313	0.105182	0.729468	0.017991	0.0101779	0.149297	1.59379
49	0.0118149	0.0910239	0.516119	0.00449775	0.0102324	0.135093	1.49297
50	0.0115459	0.0854416	0.435583	0.00149925	0.0101779	0.129891	1.36282
51	0.0104407	0.0817342	0.356658	0	0.0101779	0.121535	1.22617
52	0.0111239	0.077812	0.340937	0	0.0101779	0.116201	1.13499
53	0.0114217	0.0754592	0.356658	0.00449775	0.0101779	0.113004	1.09759
54	0.0111239	0.0739722	0.346654	0.0029985	0.0102324	0.110042	1.01614
55	0.0111239	0.0702327	0.33838	0.00449775	0.0103701	0.107337	1.01614
56	0.0100544	0.0681069	0.293859	0.00449775	0.0103701	0.107123	1.01614
57	0.0100544	0.0678311	0.293472	0.005997	0.0101452	0.102398	0.840669
58	0.0100544	0.0664788	0.284337	0.00149925	0.0101452	0.101155	0.826503
59	0.0100544	0.0652316	0.284337	0.00149925	0.0101452	0.0998588	0.78391
60	0.0104407	0.0641029	0.285506	0.00149925	0.0101452	0.0992939	0.739738
61	0.0100544	0.0633453	0.270099	0	0.0101779	0.0997068	0.739738
62	0.0100544	0.0620074	0.253043	0	0.0101779	0.100466	0.704413
63	0.0100544	0.061538	0.245517	0.00149925	0.0101779	0.0978298	0.682074
64	0.0100544	0.0606721	0.24313	0.00149925	0.0101779	0.0963448	0.627789
65	0.0100544	0.0591253	0.232317	0.0029985	0.0101779	0.0954522	0.592591
66	0.0100544	0.0576741	0.230062	0	0.0101779	0.0973693	0.587131
67	0.0100544	0.0581948	0.232317	0.00149925	0.0101779	0.102042	0.654541
68	0.0100544	0.0585019	0.224288	0	0.0101779	0.0992525	0.598971
69	0.0100544	0.0579102	0.211521	0.00149925	0.0102324	0.097268	0.587131
70	0.0101592	0.0578085	0.208979	0	0.0102324	0.0961599	0.470972
71	0.0101592	0.058437	0.208979	0	0.0101779	0.103623	0.531262
72	0.0100637	0.058109	0.207639	0	0.0100141	0.103765	0.531262
73	0.0100544	0.0584033	0.207639	0	0.0100141	0.111772	0.587131
74	0.0102582	0.059186	0.209948	0	0.0100141	0.124588	0.587131
75	0.0102582	0.0606551	0.209948	0	0.0101877	0.121648	0.544077
76	0.0100544	0.0616662	0.222946	0	0.0107817	0.128907	0.604497
77	0.0102582	0.0635561	0.233724	0.0029985	0.0107817	0.131589	0.604497
78	0.0102582	0.0634982	0.231931	0.0029985	0.0107817	0.129558	0.617655
79	0.0100544	0.0643856	0.237847	0.0029985	0.0103762	0.134006	0.604497
80	0.0119509	0.0655963	0.28267	0.00149925	0.0113569	0.145394	0.722262
81	0.0119509	0.0677457	0.285506	0	0.0145955	0.147132	0.768319
82	0.0117174	0.0695264	0.295805	0	0.0148165	0.14517	0.741871
83	0.0112399	0.0727173	0.295805	0	0.0147394	0.148718	0.710021
84	0.0102567	0.0756415	0.295152	0	0.0147394	0.156254	0.695554
85	0.0134401	0.0782526	0.412643	0.00149925	0.0148165	0.16462	0.717997
86	0.0122719	0.0826314	0.396922	0.00449775	0.0148165	0.171434	0.771861
87	0.0119509	0.0857935	0.396922	0.00449775	0.0291291	0.17983	1.12943
88	0.0105781	0.0936291	0.396922	0.011994	0.032459	0.181986	1.12943
89	0.0153114	0.104777	0.574566	0.0134933	0.0341254	0.187997	1.12943
90	0.0140761	0.108578	0.5815	0.011994	0.0341356	0.191897	1.12943
91	0.0183663	0.120134	0.795861	0.0194903	0.0341356	0.19818	1.11109
92	0.0125482	0.117065	0.517106	0.0164918	0.030787	0.213912	1.12943
93	0.0134401	0.109769	0.516119	0.011994	0.0526202	0.218325	1.54141
94	0.0175704	0.106958	0.60104	0.005997	0.0504825	0.222262	1.64778
95	0.0154164	0.103014	0.492611	0.005997	0.0364434	0.218618	1.49739
96	0.01673	0.101627	0.516119	0.0029985	0.0273338	0.210048	1.49739
97	0.0175704	0.102344	0.516119	0.00149925	0.0248779	0.197352	1.49739
98	0.0175704	0.104784	0.512182	0.0029985	0.0141565	0.179141	0.768319
99	0.0153114	0.103494	0.512182	0.00749625	0.0141565	0.168276	0.650749
100	0.0153114	0.101856	0.512182	0.00449775	0.0141565	0.161905	0.650749
101	0.0175704	0.100713	0.516119	0	0.0123111	0.158348	0.555401
102	0.0154096	0.100843	0.481639	0	0.0128825	0.154367	0.600438
103	0.0154096	0.101302	0.481639	0	0.0128825	0.150216	0.600438
104	0.0136193	0.103577	0.445854	0.00149925	0.0129307	0.145985	0.600438
105	0.0134401	0.107737	0.452458	0.00449775	0.0123111	0.147995	0.555401
106	0.0134401	0.10958	0.452458	0.00749625	0.0141565	0.142379	0.600438
107	0.0136193	0.113752	0.466986	0.0089955	0.0142055	0.138206	0.555401
108	0.015246	0.115803	0.512182	0.0089955	0.0140452	0.136175	0.575072
109	0.0153114	0.119671	0.516119	0.0104948	0.0140452	0.131288	0.571161
110	0.0183176	0.113989	0.571977	0.0089955	0.0140452	0.129509	0.571161
111	0.0181376	0.108911	0.571977	0.005997	0.0140452	0.127451	0.575072
112	0.0140346	0.106953	0.440632	0.005997	0.0132455	0.12448	0.575072
113	0.0140346	0.102879	0.440632	0.0029985	0.0132455	0.125628	0.575072
114	0.0137057	0.101638	0.430257	0.0029985	0.0132455	0.126629	0.575072
115	0.0137057	0.100211	0.430257	0.00149925	0.0140452	0.133032	0.777011
116	0.0137057	0.0989519	0.430257	0.0029985	0.0140452	0.137741	0.788075
117	0.0138859	0.0971744	0.430183	0	0.0140452	0.140415	0.872417
118	0.0136467	0.0956116	0.409804	0.00149925	0.0123111	0.143607	0.872417
119	0.014068	0.0953898	0.426707	0.0029985	0.0118174	0.156414	0.962842
120	0.014068	0.0932531	0.430257	0.00149925	0.0114057	0.170904	1.47372
121	0.0138859	0.091477	0.427691	0.00149925	0.0104393	0.175546	1.47372
122	0.0136467	0.0914976	0.40602	0.00149925	0.0104393	0.17841	1.47372
123	0.0138859	0.0933775	0.430257	0.00149925	0.0104393	0.185079	2.22965
124	0.0136877	0.0932684	0.427691	0.00149925	0.0114057	0.198461	3.11593
125	0.0134401	0.0957863	0.430257	0.0029985	0.0104393	0.208071	3.10215
126	0.0129402	0.0972191	0.445854	0.00449775	0.0104393	0.200109	3.10215
127	0.0129402	0.0982733	0.445854	0.00449775	0.0104393	0.183898	2.11066
128	0.0135158	0.102673	0.447627	0.005997	0.0104393	0.217129	5.65972
129	0.0134401	0.106876	0.489677	0.00749625	0.0138708	0.280493	15.7263
130	0.0134401	0.110673	0.537885	0.0134933	0.0125252	0.326542	24.7902
131	0.0134401	0.112221	0.541713	0.0149925	0.0131062	0.379807	33.5815
132	0.0134401	0.11451	0.531256	0.0149925	0.0147525	0.372003	24.2119
133	0.0134401	0.108007	0.489677	0.0104948	0.0138708	0.355157	19.8742
134	0.0136877	0.101326	0.470602	0.005997	0.0147525	0.360902	24.7902
135	0.0131673	0.098698	0.440632	0.0029985	0.0173697	0.429764	43.3747
136	0.0131673	0.0980147	0.440632	0.00449775	0.0196959	0.482729	55.722
137	0.0138859	0.0952849	0.427691	0.00449775	0.0195973	0.581875	57.5622
138	0.0138859	0.0939106	0.427691	0.00149925	0.0195973	0.622941	57.5622
139	0.0134265	0.0911202	0.426707	0.00149925	0.0232728	0.663139	67.1032
140	0.0135814	0.0910717	0.427691	0	0.0274565	0.683995	81.4289
141	0.0134265	0.0902454	0.427691	0	0.0275461	0.714834	92.3646
142	0.0134231	0.0901359	0.447471	0	0.0274565	0.735187	81.4289
143	0.0134231	0.0911596	0.455029	0.00149925	0.0223254	0.73488	67.1032
144	0.0134231	0.0902266	0.455029	0.00149925	0.0223254	0.735767	67.1032
145	0.0134231	0.0914188	0.464646	0.00149925	0.030257	0.774445	97.5989
146	0.0134231	0.0899071	0.484601	0	0.0223254	0.801756	66.9567
147	0.0134231	0.090623	0.470602	0.0029985	0.031105	0.769335	99.7319
148	0.0119509	0.0922991	0.470602	0.0029985	0.0285121	0.819447	99.7319
149	0.0127283	0.0923294	0.477496	0.0029985	0.0237385	0.815721	92.3646
150	0.0134231	0.0937151	0.477496	0.00449775	0.0237385	0.793929	92.3646
151	0.0134231	0.0956795	0.470602	0.00449775	0.0276834	0.78827	97.5989
152	0.0136877	0.10118	0.545764	0.005997	0.0302908	0.772475	97.5989
153	0.0140599	0.107938	0.549886	0.00449775	0.031502	0.803267	95.557
154	0.0158589	0.115255	0.698941	0.00749625	0.0235086	0.807422	67.1032
155	0.01541	0.122579	0.709281	0.0089955	0.0235086	0.861642	69.7445
156	0.0138618	0.124232	0.698941	0.011994	0.0235086	0.914393	67.1032
157	0.0136877	0.12793	0.69364	0.0134933	0.0235086	0.954072	59.7044
158	0.0140049	0.136624	0.69364	0.011994	0.0402572	1.07463	86.1677
159	0.0136877	0.14991	0.709281	0.0134933	0.0402572	1.1621	81.5397
160	0.0136877	0.158633	0.758723	0.0164918	0.0888571	1.41864	81.5397
161	0.0201672	0.175973	1.08708	0.0194903	0.0939391	1.47065	81.5397
162	0.0302278	0.217735	1.43385	0.0269865	0.0756797	1.31603	67.1032
163	0.0504504	0.285597	1.11567	0.0464768	0.0854151	1.24824	81.5397
164	0.0504504	0.284833	1.11567	0.0404798	0.0798846	1.20106	77.8765
165	0.0590506	0.284074	1.17137	0.0314843	0.0735664	1.03764	77.8765
166	0.0590506	0.286081	1.1087	0.0314843	0.0682586	0.908902	64.1284
167	0.0590506	0.292895	1.03795	0.029985	0.04645	0.762425	46.0189
168	0.0590506	0.303145	0.975751	0.029985	0.0454604	0.614921	46.0189
169	0.0592349	0.324304	1.08708	0.041979	0.0309698	0.477853	34.7443
170	0.0543555	0.309288	1.03795	0.0329835	0.0336367	0.392768	35.7912
171	0.0585913	0.307184	1.1305	0.0284858	0.0298887	0.35653	30.406
172	0.0585913	0.305416	1.07122	0.023988	0.0115866	0.325918	11.3764
173	0.0725609	0.314443	1.20954	0.0269865	0.0115866	0.327179	11.3764
174	0.0764247	0.32116	1.2704	0.029985	0.0132257	0.334197	13.7419
175	0.0798625	0.340091	1.1087	0.0374813	0.0122853	0.343538	11.3764
176	0.0873833	0.357012	1.21512	0.047976	0.0122853	0.300843	9.41078
177	0.0873833	0.38916	1.30862	0.0689655	0.0107668	0.281868	2.00509
178	0.0883899	0.383126	1.40675	0.0704648	0.0122853	0.245403	1.30384
179	0.0891496	0.385282	1.43385	0.0704648	0.0144296	0.224195	1.23591
180	0.0873833	0.398309	1.44249	0.0809595	0.0130463	0.202463	0.94599
181	0.0883899	0.419308	1.5007	0.0944528	0.0226446	0.178812	1.21415
182	0.0816578	0.45539	1.60571	0.115442	0.0226446	0.176785	1.1325
183	0.0807525	0.452767	1.60571	0.116942	0.0226446	0.1771	1.1325
184	0.0813515	0.457995	1.60571	0.121439	0.0226446	0.178646	1.1325
185	0.0855323	0.455338	1.60571	0.11994	0.0226446	0.179824	1.1325
186	0.0891496	0.457701	1.60571	0.118441	0.0226446	0.178644	1.26549
187	0.0816578	0.494406	2.29836	0.145427	0.0139183	0.158887	0.876512
188	0.0945065	0.480148	3.51242	0.149925	0.0139183	0.159516	0.876512
189	0.0104974	0.218511	1.28551	0.083958	0.0122853	0.163666	0.871856
190	0.0108067	0.14272	1.03203	0.047976	0.0102121	0.14611	0.706991
191	0.010074	0.118994	0.871392	0.0314843	0.0102121	0.137946	0.701838
192	0.0100626	0.0995085	0.789918	0.023988	0.0102121	0.128984	0.636501
193	0.0108067	0.0836606	0.757731	0.0149925	0.0102121	0.119223	0.577251
194	0.0100965	0.0736273	0.654204	0.011994	0.0102121	0.116472	0.600388
195	0.0100965	0.0656816	0.605217	0.0089955	0.0102121	0.114335	0.645159
196	0.0100626	0.059197	0.540994	0.0029985	0.0102227	0.113121	0.6745
197	0.0100626	0.0562223	0.44797	0.0029985	0.0100168	0.115401	0.721811
198	0.0100626	0.054005	0.41544	0.0029985	0.0102227	0.114945	0.780751
199	0.0100965	0.0510827	0.386711	0.00149925	0.0100168	0.125437	0.94599
200	0.0100965	0.0493264	0.362486	0.00149925	0.0100168	0.135706	1.67341
201	0.0100626	0.048277	0.331627	0.0029985	0.0100168	0.134302	2.48678
202	0.0101802	0.047562	0.331542	0.00149925	0.0100168	0.145752	4.66851
203	0.0100965	0.0457097	0.322594	0.00149925	0.0102201	0.164065	9.09357
204	0.0100626	0.0437095	0.310841	0	0.0102201	0.182387	14.9253
205	0.0100626	0.0433823	0.299767	0	0.0102201	0.214917	19.5822
206	0.0100626	0.0434077	0.290992	0	0.0100168	0.239343	29.8242
207	0.0100626	0.0430382	0.271943	0	0.0102201	0.26718	32.1656
208	0.0100626	0.0429914	0.271943	0	0.0102201	0.340003	40.9999
209	0.0100626	0.0428769	0.267649	0.00149925	0.0102201	0.384505	42.7879
210	0.0100626	0.0420213	0.263293	0	0.0102201	0.468306	42.7879
211	0.0100626	0.0416983	0.261249	0.00149925	0.0102201	0.536631	42.7879
212	0.0100626	0.0419974	0.263293	0.00149925	0.0105464	0.634761	42.7879
213	0.0100626	0.0414203	0.261249	0	0.0105464	0.632101	45.5133
214	0.0100965	0.0416603	0.261249	0	0.011929	0.652662	58.554
215	0.0100626	0.0416287	0.254497	0	0.0103119	0.67369	51.7649
216	0.0100965	0.0417539	0.261154	0	0.0106071	0.758704	55.6327
217	0.0100965	0.0417884	0.261154	0	0.0106071	0.78862	55.6327
218	0.0100626	0.0420643	0.252886	0	0.010409	0.829563	55.6327
219	0.0100626	0.042666	0.258385	0.00449775	0.0103119	0.920122	51.7649
220	0.0100965	0.0432567	0.261154	0.00149925	0.0103119	0.94213	51.7649
221	0.0100626	0.0436635	0.261249	0.00149925	0.010409	0.990153	51.7649
222	0.0100965	0.0439303	0.261249	0.00149925	0.0103119	0.960954	51.7649
223	0.0100626	0.0445841	0.26153	0	0.0111787	1.00091	55.6327
224	0.0100626	0.0458779	0.292796	0.00149925	0.0111787	0.991145	53.5109
225	0.0100626	0.0469132	0.299767	0.00149925	0.0103119	0.981279	46.8083
226	0.0100965	0.0490876	0.320043	0.0029985	0.0103119	1.03006	46.8819
227	0.0100626	0.0501433	0.320268	0.00149925	0.0106318	1.12632	46.8819
228	0.0100626	0.054024	0.36993	0.00149925	0.010409	1.22922	46.8819
229	0.0100626	0.0564585	0.394987	0.0029985	0.0110647	1.40439	49.6135
230	0.0100626	0.0643266	0.46238	0.011994	0.018142	1.59548	85.2591
231	0.0100626	0.0743166	0.69737	0.029985	0.0346153	1.87867	99.0514
232	0.0100626	0.0921442	0.9281	0.0449775	0.0330786	1.81798	99.0514
233	0.0100965	0.0810042	0.75861	0.0344828	0.018142	1.63579	62.0011
234	0.0100626	0.0758874	0.659326	0.023988	0.018142	1.46603	65.7178
235	0.0100965	0.0716043	0.586221	0.017991	0.0124884	1.33406	48.3264
236	0.0100965	0.0674029	0.481366	0.0134933	0.0124884	1.26147	48.3264
237	0.0100626	0.0667952	0.483955	0.0149925	0.0124884	1.23522	48.3264
238	0.0100626	0.0655194	0.483955	0.0134933	0.0124884	1.36852	48.3264
239	0.0100626	0.0643993	0.481366	0.0134933	0.0263145	1.465	92.5137
240	0.0100626	0.0648087	0.504703	0.0149925	0.0303801	1.39906	92.5137
241	0.0100965	0.0653868	0.586221	0.0194903	0.0259126	1.2996	92.5137
242	0.0101802	0.071184	0.699092	0.035982
