		omega		Posterior		rho				Synonymous theta			kappa			phi	
Site	Lower	Point	Higher	prob of +ve	Lower	Point	Higher		Lower	Point	Higher	Lower	Point	Higher	Lower	Point	Higher
	95% HPD	estimate	95% HPD	selection	95% HPD	estimate	95% HPD		95% HPD	estimate	95% HPD	95% HPD	estimate	95% HPD	95% HPD	estimate	95% HPD
0	0.0108691	0.145642	1.37388	0.106447	0.0165818	0.889253	98.1008		0.0357006	0.0466145	0.0609818	2.53515	4.56667	7.96691	0	0	0
1	0.0136269	0.14718	1.64658	0.104948	0.0101319	0.846253	50.9803
2	0.0129004	0.150485	1.46518	0.106447	0.0106047	0.75266	50.0022
3	0.0129004	0.123469	1.47999	0.0869565	0.0106639	0.673624	50.0022
4	0.010125	0.100812	1.08821	0.0629685	0.0106047	0.637055	50.0022
5	0.010125	0.0884489	1.04349	0.0554723	0.0106047	0.617554	50.9803
6	0.010125	0.0812521	0.976789	0.0494753	0.0106639	0.614728	50.0022
7	0.010311	0.0731337	0.774252	0.041979	0.0106047	0.734563	52.2217
8	0.010125	0.0622944	0.486338	0.0224888	0.0106047	0.808829	55.6261
9	0.010311	0.0570704	0.361296	0.00449775	0.0101195	0.829535	53.8313
10	0.010311	0.0533226	0.281244	0.0029985	0.0101195	0.828126	54.3368
11	0.010125	0.0522019	0.259993	0.0029985	0.0101195	0.775388	54.4903
12	0.010311	0.049984	0.258042	0.00149925	0.0101195	0.785726	54.4903
13	0.010125	0.0488253	0.235872	0.00149925	0.0101195	0.783107	54.4903
14	0.0101487	0.0478235	0.255033	0.00149925	0.0101195	0.766713	53.8112
15	0.010125	0.0467627	0.232261	0.00449775	0.0101195	0.736584	52.2217
16	0.0101487	0.0447656	0.226277	0.0029985	0.0101195	0.760234	50.6951
17	0.0101487	0.0426532	0.221501	0.0029985	0.0101195	0.842695	54.3368
18	0.0101487	0.040784	0.211018	0.00149925	0.0101195	0.843597	53.8313
19	0.0101487	0.0400194	0.211018	0.00149925	0.0102204	0.864234	54.4903
20	0.010125	0.0387833	0.205505	0.00149925	0.0105856	0.909502	69.0931
21	0.0101487	0.0384048	0.19609	0.00149925	0.0105856	0.914566	69.0931
22	0.010125	0.0376491	0.193131	0.00149925	0.0105856	0.865871	69.0931
23	0.010125	0.0380166	0.19609	0.0029985	0.0101195	0.787163	54.4903
24	0.010125	0.0376028	0.19609	0.00449775	0.0101195	0.728553	54.4903
25	0.010125	0.0371558	0.17987	0	0.0106639	0.692227	54.4903
26	0.010125	0.0368082	0.174222	0.0029985	0.0106639	0.623462	50.6951
27	0.0101055	0.0361407	0.176623	0.0029985	0.0106639	0.555202	48.2873
28	0.0101487	0.035407	0.174222	0	0.0101195	0.468856	36.8572
29	0.0101487	0.0347832	0.174222	0.00149925	0.0107841	0.477447	26.4459
30	0.0101055	0.0345078	0.170565	0	0.0162701	0.445046	25.8989
31	0.0101055	0.0344511	0.163484	0	0.0162701	0.426178	25.8989
32	0.0101055	0.0344414	0.163484	0	0.0162701	0.386703	25.8989
33	0.0101055	0.0336787	0.151588	0	0.0192383	0.377027	29.2582
34	0.0101055	0.03368	0.152141	0	0.0162701	0.362946	22.6927
35	0.0101055	0.0340442	0.155954	0	0.0155942	0.32711	23.5027
36	0.0101055	0.0348534	0.174222	0	0.0104434	0.286773	12.9568
37	0.0101055	0.0345957	0.176152	0	0.013795	0.225169	4.90837
38	0.0101055	0.0338734	0.160833	0	0.0130194	0.195017	2.29163
39	0.010125	0.0346953	0.176152	0.00449775	0.0130194	0.183198	1.71725
40	0.010125	0.0337856	0.160833	0	0.013795	0.177512	1.71725
41	0.010125	0.0340797	0.160833	0.00149925	0.0147302	0.184148	2.37389
42	0.010125	0.0342668	0.160833	0.0029985	0.0118699	0.188265	2.17687
43	0.010125	0.0339757	0.165247	0.005997	0.0118699	0.190383	2.43883
44	0.010125	0.0332669	0.155954	0.00449775	0.013792	0.199232	3.41379
45	0.010125	0.0327503	0.148925	0.00149925	0.0118699	0.206919	4.90837
46	0.010125	0.0327179	0.147424	0.00149925	0.0117986	0.206695	4.90837
47	0.010125	0.0330456	0.141117	0	0.0117986	0.203715	4.90837
48	0.0102488	0.033188	0.152141	0	0.0110559	0.199002	3.98746
49	0.0101487	0.0339491	0.151556	0.00149925	0.0118699	0.203081	4.78488
50	0.0101014	0.0342909	0.151556	0.0029985	0.0133754	0.213683	5.61564
51	0.0101014	0.0360342	0.165247	0.005997	0.0144072	0.239712	12.8143
52	0.0101014	0.0357892	0.164615	0.00449775	0.0133754	0.296953	13.1222
53	0.0101014	0.0352586	0.164615	0	0.015402	0.341707	26.393
54	0.0101014	0.0347375	0.160761	0	0.0152708	0.334039	28.0866
55	0.0101014	0.0349353	0.160131	0	0.0110559	0.286276	22.9313
56	0.0101487	0.0359015	0.164615	0	0.0108911	0.272321	21.7724
57	0.0101014	0.0364414	0.164615	0.00149925	0.0110559	0.281508	22.9313
58	0.0101014	0.0361452	0.169102	0.00149925	0.0123761	0.285811	25.7252
59	0.0101014	0.0364818	0.169102	0	0.0115161	0.305719	25.7252
60	0.0101014	0.0378935	0.179415	0.0029985	0.0118699	0.317715	29.2462
61	0.0101014	0.038392	0.192711	0.0029985	0.0113868	0.330121	29.2462
62	0.0101487	0.0390153	0.2111	0.0029985	0.0111634	0.322728	29.6086
63	0.0101014	0.0397393	0.230048	0.0029985	0.0102252	0.319024	32.8635
64	0.0101014	0.040242	0.257438	0	0.0123761	0.304278	43.4278
65	0.0101487	0.0420501	0.284366	0.005997	0.0119931	0.30825	43.4278
66	0.0101487	0.0424083	0.284366	0.005997	0.0109895	0.295572	39.4719
67	0.0101014	0.0443654	0.303031	0.00449775	0.0108911	0.271818	32.8635
68	0.0101014	0.0461211	0.363361	0.00749625	0.0111634	0.217015	25.7252
69	0.0101014	0.0497533	0.468354	0.0104948	0.0102252	0.24391	31.6521
70	0.0103559	0.0509662	0.533116	0.0104948	0.0102252	0.28387	45.4992
71	0.0103559	0.052848	0.533116	0.011994	0.0102252	0.296962	43.4278
72	0.0101014	0.0647163	0.649306	0.0284858	0.0102252	0.316127	49.0353
73	0.0101014	0.0872907	1.58815	0.0689655	0.0102252	0.339411	49.0353
74	0.0113969	0.128287	3.46527	0.143928	0.011825	0.404096	59.0569
75	0.0116839	0.280933	7.70997	0.296852	0.01197	0.435655	59.0569
76	0.084066	2.08903	25.1631	0.670165	0.011825	0.449227	59.0569
77	0.0104232	0.188565	3.72543	0.14093	0.0115629	0.472523	59.0569
78	0.0100781	0.126372	0.999432	0.0494753	0.0108911	0.504158	57.377
79	0.0115432	0.108108	0.72769	0.017991	0.0108911	0.540504	60.4278
80	0.0126963	0.107942	0.748151	0.0134933	0.0138026	0.550726	85.5378
81	0.0108742	0.102287	0.564039	0.0089955	0.0115478	0.462817	65.0211
82	0.0111046	0.100803	0.5656	0.00749625	0.0101567	0.434108	56.4653
83	0.0115432	0.101534	0.5656	0.0089955	0.0101567	0.395795	52.5023
84	0.0115432	0.102908	0.598072	0.011994	0.0101567	0.386362	49.8952
85	0.0104232	0.103895	0.564039	0.017991	0.0101567	0.370897	49.8952
86	0.0104232	0.105021	0.564039	0.0164918	0.0101567	0.372291	49.8952
87	0.0102236	0.10411	0.5656	0.017991	0.0104722	0.343891	49.8952
88	0.0104232	0.108615	0.72769	0.029985	0.0101567	0.330082	44.7886
89	0.0104232	0.118147	0.944862	0.041979	0.0104722	0.303639	42.7456
90	0.0118973	0.126483	1.09971	0.047976	0.0104722	0.280265	42.0069
91	0.0114455	0.137311	1.09971	0.0584708	0.0104722	0.282289	42.0069
92	0.0104896	0.105265	0.72769	0.0344828	0.0101567	0.285072	39.6949
93	0.0103718	0.0878448	0.55252	0.0164918	0.0107626	0.278863	42.7456
94	0.0100428	0.0769091	0.462214	0.0149925	0.0107626	0.270959	42.7456
95	0.0100428	0.0678499	0.444079	0.0134933	0.0101567	0.238081	31.0631
96	0.0100428	0.0636499	0.419639	0.0089955	0.0101567	0.235086	31.0631
97	0.0100428	0.0602455	0.417396	0.005997	0.0101567	0.236289	36.7689
98	0.0100428	0.0569437	0.417396	0.005997	0.010637	0.228608	39.924
99	0.0100428	0.0502906	0.314704	0.005997	0.0104722	0.210203	39.4328
100	0.0100428	0.0476028	0.294882	0.005997	0.0104722	0.200608	39.4328
101	0.0100428	0.0452711	0.285454	0.00749625	0.0102252	0.199628	38.1552
102	0.0100428	0.0436841	0.292391	0.00749625	0.0104722	0.197952	37.9243
103	0.0100428	0.0420145	0.272397	0.005997	0.0104722	0.209121	39.924
104	0.0100428	0.0398902	0.245932	0.0029985	0.0104722	0.218616	39.6949
105	0.0100428	0.039338	0.245932	0.0029985	0.0104722	0.210506	39.924
106	0.0100428	0.039301	0.245932	0.0029985	0.0104722	0.172539	39.6949
107	0.0100428	0.0385747	0.23394	0.00149925	0.0102252	0.165947	39.924
108	0.0100428	0.0377488	0.231279	0.0029985	0.0104722	0.169137	44.4609
109	0.0100428	0.0365077	0.219127	0.00149925	0.0102252	0.172454	45.2773
110	0.0100428	0.0358079	0.221529	0.00149925	0.0104722	0.164036	44.7886
111	0.0100428	0.0341761	0.196644	0	0.0103503	0.150196	35.7634
112	0.0100428	0.0340762	0.199054	0	0.0102252	0.135824	23.0908
113	0.0100428	0.0337571	0.196644	0	0.0100476	0.122702	22.8346
114	0.0100428	0.0326879	0.195062	0	0.0100476	0.108304	16.3448
115	0.0100428	0.0322361	0.186528	0	0.0102252	0.110538	27.1416
116	0.0100428	0.0329194	0.200228	0	0.0100476	0.113134	34.165
117	0.0100428	0.0328994	0.209242	0	0.0103232	0.113447	35.7634
118	0.0100428	0.032372	0.200228	0	0.0101888	0.115016	35.7634
119	0.0100428	0.032267	0.200228	0	0.0104785	0.112134	35.7634
120	0.0100428	0.0318474	0.196644	0	0.0107369	0.105611	35.7634
121	0.0100428	0.0304767	0.178253	0	0.0100476	0.0929945	27.1416
122	0.0100428	0.0298756	0.163306	0	0.0103026	0.0823681	25.1091
123	0.0100428	0.0290716	0.163138	0	0.0100476	0.0691425	3.86614
124	0.0100428	0.0293397	0.171388	0	0.0100476	0.062778	2.83282
125	0.0100428	0.0294605	0.168318	0	0.0100476	0.0579218	1.6117
126	0.0100428	0.0289455	0.168318	0	0.0100476	0.0602753	3.67649
127	0.0100428	0.0279499	0.139183	0	0.0100476	0.0618872	4.37911
128	0.0100428	0.0277485	0.132561	0	0.0100476	0.0761323	14.1419
129	0.0100428	0.0277637	0.131481	0	0.0101888	0.0748485	15.2139
130	0.0100428	0.027524	0.131481	0	0.0100476	0.0687629	6.88606
131	0.0100428	0.0276036	0.132561	0	0.0101888	0.0661512	6.45066
132	0.0100428	0.0276404	0.139183	0	0.0102188	0.0651363	6.52738
133	0.0100428	0.0273236	0.134965	0	0.0102188	0.0637467	6.45066
134	0.0100428	0.0272565	0.139183	0	0.0102188	0.0585632	6.45066
135	0.0100428	0.0267985	0.131481	0	0.0102188	0.0554683	6.45066
136	0.0100281	0.0265495	0.129403	0	0.0102188	0.0525069	6.45066
137	0.0100281	0.0264614	0.129403	0	0.0100476	0.0496119	4.37911
138	0.0100281	0.0263037	0.128436	0.00149925	0.0100476	0.0460121	2.06758
139	0.0100281	0.0259883	0.114771	0.00149925	0.0100476	0.0441747	1.79964
140	0.0100281	0.0257512	0.109453	0.00149925	0.0100476	0.0436264	1.79964
141	0.0100281	0.0255157	0.112483	0.00149925	0.0102188	0.0398093	0.943979
142	0.0100281	0.0256763	0.124799	0.00149925	0.0100155	0.0375328	0.668271
143	0.0100281	0.0254902	0.128436	0.00149925	0.0100155	0.0349871	0.422853
144	0.0100281	0.0251443	0.107245	0	0.0100155	0.0320828	0.279637
145	0.0100281	0.0249777	0.107543	0	0.0100155	0.0302692	0.187336
146	0.0100281	0.025137	0.112483	0	0.0100155	0.0291349	0.161761
147	0.0100281	0.0250789	0.102008	0	0.0100155	0.0286874	0.13793
148	0.0100281	0.0251806	0.102008	0	0.0100155	0.027852	0.128877
149	0.0100281	0.0251081	0.107245	0	0.0100476	0.0278635	0.135106
150	0.0100281	0.0249593	0.107543	0	0.0100155	0.0272889	0.119987
151	0.0100281	0.0246917	0.098135	0.00149925	0.0100155	0.0256708	0.108013
152	0.0100281	0.0248252	0.098135	0.00449775	0.0100155	0.0254063	0.108013
153	0.0100281	0.0248311	0.102008	0	0.0100155	0.0252986	0.106943
154	0.0100092	0.024087	0.0916112	0	0.0100155	0.0250529	0.10252
155	0.0100092	0.0242622	0.0917179	0	0.0100155	0.0249672	0.100935
156	0.0100092	0.0244854	0.0973164	0	0.0100155	0.0246195	0.100277
157	0.0100092	0.0248474	0.0978416	0	0.0100155	0.02473	0.100935
158	0.0100092	0.0249139	0.097397	0	0.0100155	0.0248107	0.100935
159	0.0100092	0.0253315	0.107245	0	0.0101023	0.0247904	0.10252
160	0.0100092	0.0253139	0.10085	0	0.0101023	0.0248584	0.10252
161	0.0100092	0.0250971	0.098135	0	0.0100476	0.0249011	0.10252
162	0.0100092	0.0253329	0.10085	0	0.0100155	0.0246546	0.100935
163	0.0100092	0.0251331	0.097397	0	0.0100476	0.0247362	0.100277
164	0.0100092	0.0252479	0.097397	0	0.0100476	0.0246197	0.100277
165	0.0100092	0.0249741	0.0958329	0	0.0100155	0.0243858	0.0986532
166	0.0100092	0.0250323	0.095911	0	0.0100155	0.0241337	0.0986532
167	0.0100092	0.0252561	0.098135	0	0.0100155	0.0239488	0.0986532
168	0.0100092	0.0248769	0.0978416	0	0.0100155	0.0238979	0.0941679
169	0.0100092	0.0246797	0.098135	0.00149925	0.0100155	0.0241108	0.0986532
170	0.0100092	0.0247051	0.10085	0.00149925	0.0100155	0.0246103	0.103262
171	0.0100092	0.0247178	0.103627	0.00149925	0.0100155	0.023834	0.0992213
172	0.0100092	0.02466	0.103627	0	0.0100155	0.0236812	0.0992213
173	0.0100092	0.0251143	0.104843	0.00149925	0.0100155	0.0236177	0.0992213
174	0.0100092	0.0260778	0.114462	0.00449775	0.0100155	0.0233841	0.0903921
175	0.0100092	0.0262763	0.119288	0.00449775	0.0100155	0.0231605	0.0890166
176	0.0100092	0.0258177	0.117531	0.00449775	0.0100155	0.0227879	0.0854761
177	0.0100092	0.0252414	0.114771	0.00149925	0.0100155	0.0224986	0.0805113
178	0.0100092	0.025215	0.114771	0.00149925	0.0100155	0.0226075	0.0830207
179	0.0100092	0.0248794	0.104843	0	0.0100617	0.0227716	0.0877314
180	0.0100092	0.0253703	0.114771	0	0.0100155	0.0231139	0.0890166
181	0.0100092	0.0258142	0.119288	0	0.0100155	0.0232242	0.0881337
182	0.0100092	0.0261575	0.122956	0	0.0100476	0.0229433	0.0877314
183	0.0100092	0.026402	0.131863	0.00149925	0.0100476	0.0229069	0.0877314
184	0.0100092	0.0263845	0.127567	0.00149925	0.0100155	0.0222509	0.0796495
185	0.0100092	0.0262578	0.128429	0.00149925	0.0100155	0.0220836	0.0796495
186	0.0100092	0.0260246	0.127567	0.00149925	0.0100476	0.0220105	0.0796495
187	0.0100092	0.0258294	0.120822	0	0.0100155	0.021792	0.0760683
188	0.0100092	0.0257835	0.120822	0	0.0100476	0.0217396	0.0687526
189	0.0100092	0.0254345	0.119288	0	0.0100476	0.0217063	0.0687526
190	0.0100092	0.0251645	0.117531	0	0.0100617	0.0222264	0.0825657
191	0.0100092	0.0254157	0.119221	0	0.0100476	0.0229609	0.0877184
192	0.0100092	0.0256315	0.119288	0	0.0100476	0.0232328	0.0877184
193	0.0100092	0.0265	0.131863	0.0029985	0.0100476	0.0232511	0.0838868
194	0.0100058	0.0260221	0.122956	0.00149925	0.0100617	0.0229002	0.0796495
195	0.0100058	0.0263021	0.131562	0.00149925	0.0100617	0.0227943	0.0778502
196	0.0100058	0.0263531	0.135668	0.00149925	0.0100617	0.0225739	0.06947
197	0.0100058	0.0266661	0.142529	0.00149925	0.0100476	0.0228688	0.0752783
198	0.0100058	0.0264132	0.131562	0	0.0100617	0.0232129	0.0785023
199	0.0100058	0.026176	0.127494	0	0.0100617	0.0233323	0.0796495
200	0.0100058	0.0269316	0.142529	0.005997	0.0100617	0.0231243	0.0778502
201	0.0100092	0.0262501	0.131562	0	0.0101399	0.0231592	0.0778502
202	0.0100058	0.0252737	0.104843	0	0.0101023	0.0233473	0.0778502
203	0.0100092	0.0252216	0.104843	0	0.0101399	0.0232213	0.0778502
204	0.0100092	0.0251355	0.104843	0	0.0100617	0.0231095	0.075088
205	0.0100058	0.0254142	0.119092	0	0.0100617	0.0229916	0.0734413
206	0.0100058	0.0258164	0.122956	0	0.0100617	0.0233746	0.0758137
207	0.0100058	0.0269678	0.142529	0.00449775	0.0101023	0.0233796	0.075088
208	0.0100058	0.0275326	0.160402	0	0.0101023	0.0234437	0.075088
209	0.0100058	0.0283331	0.176612	0	0.0101023	0.0234065	0.075088
210	0.0100058	0.0287009	0.176612	0	0.010187	0.0236203	0.0781674
211	0.0100058	0.0285159	0.16231	0	0.0100617	0.0246309	0.0804457
212	0.0100058	0.0286142	0.165596	0	0.0100617	0.0255047	0.0906948
213	0.0100058	0.0297889	0.203544	0.005997	0.010187	0.0266949	0.118496
214	0.0100058	0.0320472	0.288278	0.0089955	0.0100617	0.0265843	0.0995012
215	0.0100058	0.0327666	0.296461	0.0089955	0.010187	0.0268746	0.101918
216	0.0100058	0.0331727	0.349755	0.0104948	0.0100617	0.0269697	0.101918
217	0.0100058	0.0344763	0.366693	0.0089955	0.0100617	0.026979	0.107626
218	0.0100428	0.036626	0.436119	0.0149925	0.0100617	0.0290261	0.153744
219	0.0100428	0.0372961	0.436119	0.0104948	0.010187	0.0304624	0.16375
220	0.0100058	0.0386139	0.454785	0.0134933	0.0101023	0.0310886	0.16375
221	0.0100058	0.0402699	0.543109	0.017991	0.0101023	0.0317278	0.16375
222	0.0100428	0.0430666	0.738245	0.0269865	0.0102103	0.031948	0.16375
223	0.0100058	0.0447974	0.738824	0.029985	0.0100617	0.0342098	0.233924
224	0.0100428	0.0474301	0.807717	0.035982	0.0100085	0.0337898	0.195967
225	0.0100428	0.0491794	0.874472	0.0404798	0.0100085	0.033689	0.169334
226	0.0100058	0.0539078	1.19945	0.0629685	0.0100085	0.034202	0.203074
227	0.0100428	0.0687082	2.03209	0.103448	0.0100617	0.033533	0.16375
228	0.0100428	0.150665	5.45122	0.256372	0.0100085	0.0325296	0.156314
229	0.447173	4.03245	23.2409	0.889055	0.0100085	0.0322472	0.14844
230	0.316516	3.47698	29.4675	0.854573	0.0100085	0.030952	0.125679
231	0.0109152	0.245044	6.93311	0.329835	0.0101303	0.0302753	0.125679
232	0.0101746	0.0976264	2.67419	0.133433	0.0100617	0.031011	0.13538
233	0.0109152	0.0680591	1.41404	0.0704648	0.0100085	0.0313731	0.144243
234	0.0103726	0.0607234	1.07877	0.053973	0.0100085	0.0312705	0.143399
235	0.0110551	0.0522493	0.880991	0.0314843	0.0100085	0.0313399	0.143399
236	0.0101351	0.0487932	0.654893	0.0254873	0.0100085	0.0313634	0.14844
237	0.0101351	0.0463408	0.471751	0.0194903	0.0100085	0.0316163	0.154153
238	0.0103726	0.0464115	0.514467	0.017991	0.0100085	0.0321301	0.159712
239	0.0101746	0.0452925	0.471751	0.0104948	0.0100085	0.0321896	0.16108
240	0.0105003	0.0423501	0.407473	0.0089955	0.0100085	0.0345311	0.245492
241	0.0103726	0.0396643	0.383738	0.0029985	0.0100085	0.0367842	0.341562
242	0.0101351	0.0363921	0.284242	0	0.0100085	0.0354296	0.259021
243	0.0103726	0.0355939	0.285573	0	0.0100085	0.0329248	0.179621
244	0.0101351	0.035573	0.231833	0.00149925	0.0100085	0.0336625	0.192358
245	0.0101351	0.0342366	0.196138	0	0.0100085	0.0342232	0.213869
246	0.0101351	0.0347477	0.20663	0.00149925	0.0100085	0.0340137	0.192358
247	0.0101351	0.0343954	0.195004	0	0.0100085	0.0339193	0.185607
248	0.0101351	0.033261	0.179267	0	0.0100085	0.0341319	0.192358
249	0.010272	0.0332878	0.180568	0	0.0100527	0.0346212	0.214591
250	0.0101351	0.0330213	0.180568	0	0.0100085	0.0343788	0.233924
251	0.0100121	0.0327416	0.173272	0	0.0100913	0.0349678	0.245624
252	0.0100121	0.03267	0.169271	0	0.0100913	0.0379785	0.342184
253	0.0100121	0.0328	0.170036	0	0.0100085	0.0391298	0.348443
254	0.0100121	0.0325563	0.167564	0	0.0100527	0.0407064	0.602329
255	0.0100121	0.0321639	0.16312	0	0.0100527	0.0406135	0.557725
256	0.0100121	0.0325888	0.170036	0	0.0100913	0.0412329	0.625668
257	0.0100121	0.0321908	0.16312	0	0.0100913	0.0427431	0.733926
258	0.0100121	0.0324407	0.171163	0	0.0100527	0.0414983	0.689219
259	0.0100121	0.0319957	0.169271	0	0.0100527	0.0409075	0.625668
260	0.0100121	0.0314725	0.16312	0	0.0100527	0.0411231	0.625668
261	0.0100121	0.0318659	0.169271	0	0.0100527	0.0406555	0.459241
262	0.0100121	0.0320197	0.167564	0	0.0100019	0.03882	0.40177
263	0.0100121	0.0317222	0.154904	0	0.0100019	0.0394836	0.40177
264	0.0100121	0.0326081	0.171163	0	0.0100019	0.0389917	0.40177
265	0.0100121	0.0331383	0.171163	0	0.0100019	0.0387954	0.356943
266	0.0100121	0.033723	0.177682	0	0.0100019	0.0372568	0.303273
267	0.0100121	0.0329463	0.154904	0	0.0100019	0.0365932	0.284687
268	0.0100121	0.0331727	0.154904	0	0.0100019	0.0347885	0.24449
269	0.0100121	0.0327769	0.154904	0	0.0100019	0.0341032	0.223443
270	0.0100121	0.032362	0.145457	0	0.0100019	0.0326915	0.167853
271	0.0100121	0.0326012	0.146098	0	0.0100019	0.0332516	0.192358
272	0.010272	0.0320933	0.146098	0	0.0100019	0.0332587	0.198114
273	0.010272	0.0324626	0.146098	0	0.0100019	0.0329626	0.192358
274	0.0102983	0.0327057	0.146098	0	0.0100184	0.0327475	0.188795
275	0.0101574	0.0330027	0.145767	0	0.0100184	0.0322396	0.181674
276	0.0100121	0.0334075	0.146098	0	0.0100184	0.0324403	0.181674
277	0.010272	0.0349044	0.173207	0	0.0100184	0.0321674	0.181674
278	0.010272	0.0349951	0.17442	0.00149925	0.0100184	0.0327804	0.169062
279	0.0100121	0.0358135	0.173207	0.00149925	0.0100394	0.0325251	0.164429
280	0.0100121	0.0359498	0.179427	0.00149925	0.0100184	0.0326516	0.162366
281	0.0100121	0.0362554	0.189492	0	0.0100184	0.0331483	0.181674
282	0.0100121	0.0360917	0.189492	0	0.0100184	0.0327721	0.181674
283	0.0101113	0.0355625	0.17442	0	0.0100184	0.0325967	0.182733
284	0.0101113	0.0358073	0.173207	0	0.0100184	0.0334264	0.221221
285	0.0101113	0.0363778	0.177085	0	0.0100184	0.0332018	0.192358
286	0.0101113	0.0367755	0.17442	0	0.0100394	0.032704	0.191521
287	0.0101113	0.0374682	0.17442	0.00149925	0.0100184	0.0343388	0.24378
288	0.0101113	0.0375962	0.189266	0	0.0100184	0.0328818	0.182733
289	0.0101113	0.0383616	0.194731	0	0.0100184	0.0327364	0.182733
290	0.0101113	0.0391118	0.196109	0	0.0100184	0.032874	0.18719
291	0.0101113	0.0396762	0.200593	0.00149925	0.0100184	0.0327309	0.182733
292	0.0100362	0.0395749	0.194731	0.00149925	0.0100184	0.0326956	0.182234
293	0.0100362	0.039432	0.177085	0	0.0100184	0.0328039	0.180406
294	0.0100362	0.0403038	0.20328	0	0.0100184	0.0329413	0.180406
295	0.0100362	0.0407618	0.213795	0	0.0100184	0.0323905	0.180406
296	0.0101574	0.0419732	0.220518	0	0.0100184	0.032492	0.182733
297	0.0102522	0.0428084	0.220518	0	0.0100184	0.0324233	0.182733
298	0.0101113	0.0451072	0.233775	0	0.0100184	0.0325165	0.182733
299	0.0101113	0.0463463	0.263994	0.0029985	0.0100184	0.0325225	0.190588
300	0.0101113	0.0469644	0.254358	0.0029985	0.0100184	0.0330068	0.192358
301	0.0103392	0.0487281	0.282524	0.0029985	0.0100184	0.0335884	0.223966
302	0.0101113	0.0491073	0.263994	0.0029985	0.0100184	0.0347774	0.246241
303	0.0101113	0.0492422	0.251702	0.0029985	0.0100184	0.0357935	0.257047
304	0.0101113	0.0503006	0.254358	0.0029985	0.0100184	0.036204	0.260838
305	0.0101113	0.0533249	0.278571	0.00749625	0.0100394	0.0369061	0.298962
306	0.0103392	0.0531588	0.278571	0.005997	0.0100184	0.0374053	0.298962
307	0.0101113	0.0541578	0.282524	0.00749625	0.0100184	0.0374722	0.298962
308	0.0103392	0.0551289	0.282524	0.00449775	0.0100184	0.0375268	0.369627
309	0.0103392	0.0562507	0.278571	0.0029985	0.0100184	0.0392162	0.417675
310	0.0103392	0.0564897	0.263994	0.00149925	0.0100184	0.0408	0.436969
311	0.0103392	0.060634	0.324958	0.005997	0.0100575	0.0425941	0.544507
312	0.010418	0.0634054	0.353209	0.005997	0.0100184	0.0450933	0.861282
313	0.010418	0.0674193	0.373196	0.0089955	0.0100184	0.0449138	0.853978
314	0.0103392	0.0749824	0.539912	0.0194903	0.0100184	0.0464491	0.977544
315	0.0109392	0.0687094	0.387207	0.0089955	0.0100184	0.0510304	1.40289
316	0.0109954	0.0673443	0.387207	0.011994	0.0100184	0.0497137	1.07468
317	0.0108957	0.0651075	0.353209	0.00749625	0.0100184	0.0495407	0.96297
318	0.0108957	0.0643226	0.345573	0.005997	0.0100184	0.0499534	0.888014
319	0.0108957	0.0636556	0.342501	0.00749625	0.0100575	0.0505266	0.888014
320	0.0108957	0.0618413	0.332039	0.005997	0.0100575	0.0509754	0.888014
321	0.010418	0.0609795	0.282524	0.00449775	0.0100184	0.0511484	0.977544
322	0.0100875	0.0601483	0.282524	0.00449775	0.0100184	0.0537523	1.40289
323	0.0100875	0.0596325	0.26844	0.00449775	0.0100184	0.0555982	2.0165
324	0.010418	0.0595757	0.26844	0.0029985	0.0100184	0.057822	2.3711
325	0.010418	0.0587984	0.263311	0.0029985	0.0100184	0.0604011	6.77334
326	0.010418	0.0578522	0.265356	0.0029985	0.0100184	0.0616372	7.21287
327	0.010418	0.0582531	0.263311	0.0029985	0.0100184	0.0606552	3.89405
328	0.010418	0.0572936	0.263311	0.0029985	0.0104499	0.0632493	8.7039
329	0.010418	0.0564296	0.255381	0.0029985	0.0100575	0.0591223	2.73754
330	0.010418	0.0557656	0.252293	0.00149925	0.0100575	0.059076	2.3711
331	0.010418	0.0564999	0.252293	0	0.0100575	0.057473	2.22073
332	0.010418	0.0579897	0.263311	0	0.0100575	0.0601543	2.3711
333	0.010418	0.0595686	0.293193	0.00149925	0.0100976	0.0626001	2.44249
334	0.010418	0.0602375	0.293193	0.00149925	0.0100976	0.0620959	2.60949
335	0.010418	0.0608604	0.303365	0.00149925	0.010254	0.0631686	3.47622
336	0.0111821	0.0621768	0.332039	0.00149925	0.0100079	0.0584117	3.15137
337	0.0112112	0.0627779	0.33744	0.0029985	0.0100079	0.0556755	2.3711
338	0.0115266	0.062681	0.345332	0	0.010254	0.0599684	4.493
339	0.0112112	0.0630951	0.345573	0	0.0100079	0.0608724	5.03879
340	0.0109392	0.0642669	0.345573	0.0029985	0.0100079	0.0613854	5.03879
341	0.010233	0.0648992	0.345573	0.00149925	0.0100079	0.0628017	5.03879
342	0.010063	0.0659549	0.341426	0.00149925	0.0100079	0.0612649	4.36813
343	0.010063	0.0681054	0.360885	0.00149925	0.0100079	0.0607909	2.16523
344	0.010063	0.0689543	0.369563	0.00149925	0.0100079	0.0627038	2.16523
345	0.010063	0.0706176	0.372102	0.00149925	0.0100079	0.0651056	2.16523
346	0.010063	0.0722437	0.375542	0.0029985	0.0100079	0.0672561	2.16523
347	0.010063	0.0732758	0.38404	0.005997	0.0100079	0.0680549	2.00737
348	0.010063	0.0745158	0.425368	0.0089955	0.0101886	0.0711347	2.3711
349	0.0100875	0.0766421	0.425368	0.0089955	0.0100079	0.0744415	4.36813
350	0.0104845	0.0853427	0.582196	0.0164918	0.0100079	0.0861234	12.3706
351	0.0112752	0.0820174	0.578756	0.0134933	0.0100079	0.103887	41.036
352	0.0120659	0.0777026	0.545523	0.0104948	0.0101886	0.121513	43.5834
353	0.0109392	0.0731347	0.425368	0.00749625	0.0101886	0.151131	51.7147
354	0.0109954	0.0705391	0.420416	0.00449775	0.0101886	0.160344	51.7147
355	0.0100875	0.0691396	0.369563	0.0029985	0.0101886	0.18145	61.361
356	0.0109392	0.0677622	0.437317	0.00449775	0.0103714	0.200179	69.6328
357	0.0100875	0.0659883	0.368413	0	0.0101886	0.220809	70.6913
358	0.0100875	0.0661159	0.369563	0.00149925	0.0104078	0.238683	72.8813
359	0.0100247	0.0627123	0.345573	0	0.0101886	0.248155	72.8813
360	0.0100247	0.0609012	0.338181	0	0.0104784	0.267482	74.7538
361	0.0100247	0.0603728	0.338181	0	0.0104784	0.263993	74.7538
362	0.0100247	0.0605376	0.336658	0	0.0117574	0.264097	83.202
363	0.0100247	0.0605232	0.338181	0	0.0117574	0.262785	83.202
364	0.0100247	0.0594237	0.336658	0	0.0118833	0.25205	83.202
365	0.0100247	0.0604691	0.338181	0	0.0114532	0.221738	79.367
366	0.0103611	0.0608454	0.374321	0	0.0114532	0.213497	79.5299
367	0.0103611	0.0605435	0.377037	0	0.0104078	0.203529	72.7668
368	0.010418	0.0607749	0.38404	0	0.0101886	0.198717	68.4859
369	0.0103611	0.0605855	0.380404	0	0.0101886	0.194293	68.4859
370	0.0100247	0.0600385	0.362753	0	0.010145	0.187873	59.7164
371	0.0100247	0.0580928	0.345332	0	0.010508	0.178062	60.8983
372	0.0100247	0.059325	0.369563	0.00449775	0.0101886	0.171711	56.5874
373	0.0100058	0.0609637	0.382501	0.00749625	0.0101886	0.16916	49.6693
374	0.0100058	0.0650424	0.467745	0.0134933	0.010508	0.169807	43.5834
375	0.0100058	0.0733518	0.579775	0.0209895	0.010508	0.170203	43.5834
376	0.0100058	0.0830243	0.807889	0.0374813	0.010508	0.169659	43.5834
377	0.0100875	0.102448	2.26622	0.0704648	0.0102331	0.149679	41.036
378	0.0100058	0.0735291	0.688251	0.023988	0.0102331	0.144618	41.036
379	0.0100058	0.0606501	0.390397	0.0104948	0.0102331	0.134038	26.4031
380	0.0100058	0.0569954	0.369563	0.0089955	0.0102331	0.111397	10.4103
381	0.0100058	0.0552508	0.347464	0.0089955	0.0102331	0.0929581	5.54241
382	0.0100058	0.054618	0.347464	0.0089955	0.0101886	0.0878607	4.27452
383	0.0100058	0.050729	0.320946	0.00449775	0.0104078	0.0810966	4.20725
384	0.0100058	0.0495264	0.299457	0.00449775	0.0101886	0.0751736	3.71649
385	0.0100058	0.0489388	0.280084	0.00449775	0.0101886	0.0680446	2.83294
386	0.0100058	0.0474527	0.262049	0.00149925	0.0102331	0.0653124	2.3711
387	0.0100357	0.0459838	0.233936	0	0.0101886	0.0640846	2.24607
388	0.0100523	0.0463866	0.240814	0	0.0101886	0.0649293	1.62749
389	0.010063	0.0460486	0.231743	0	0.0101886	0.062293	1.35512
390	0.010063	0.044282	0.217143	0	0.0101886	0.0620633	1.20745
391	0.010063	0.0437425	0.217143	0.00149925	0.0101886	0.0626681	1.35512
392	0.010063	0.0428826	0.198958	0.00149925	0.0101886	0.0629877	0.852277
393	0.010063	0.0425858	0.198958	0.0029985	0.0101886	0.0615098	0.671198
394	0.010233	0.0414432	0.198958	0.00449775	0.0101886	0.0616172	0.614265
395	0.0103611	0.0403893	0.1988	0.0029985	0.0101527	0.0608686	0.702287
396	0.0103611	0.0390043	0.1988	0.0029985	0.0101527	0.0611973	0.702287
397	0.0101002	0.0380257	0.185332	0.0029985	0.0101527	0.062839	0.785793
398	0.0101002	0.0382884	0.185332	0.00449775	0.0101886	0.0621169	0.614265
399	0.0100921	0.0377158	0.181269	0.00449775	0.0101527	0.0631758	0.48025
400	0.010063	0.0376189	0.179413	0.00449775	0.0101732	0.06234	0.48025
401	0.010063	0.037701	0.179413	0.00449775	0.0101527	0.0557919	0.33033
402	0.010063	0.0369878	0.165755	0	0.0101732	0.0541665	0.310177
403	0.010063	0.0366467	0.171891	0	0.0101527	0.0528851	0.307657
404	0.010063	0.0362548	0.17257	0	0.0100856	0.0522967	0.309776
405	0.010063	0.036055	0.165755	0	0.0100856	0.0539134	0.319297
406	0.010063	0.0350256	0.162565	0.00149925	0.0100856	0.0554089	0.344039
407	0.010063	0.0345217	0.162565	0.0029985	0.0100856	0.0578967	0.353118
408	0.010063	0.0343481	0.162565	0.00149925	0.0100856	0.0610976	0.383662
409	0.010063	0.0337112	0.160431	0.00149925	0.0100856	0.0655133	0.448177
410	0.010063	0.033023	0.15498	0	0.0100856	0.0694763	0.568656
411	0.010063	0.0329075	0.154203	0	0.0100363	0.0706829	0.604551
412	0.010063	0.033117	0.143727	0	0.0100363	0.0755873	0.768922
413	0.010063	0.0330889	0.144165	0	0.0100856	0.079448	0.793244
414	0.010063	0.0327849	0.148083	0	0.0100856	0.0794095	0.713759
415	0.010063	0.0324735	0.148083	0	0.0100856	0.0794508	0.702287
416	0.0100005	0.0322489	0.143727	0	0.0100856	0.0760771	0.567461
417	0.0100005	0.0320456	0.144165	0	0.0100856	0.0761059	0.551608
418	0.0100005	0.0323637	0.148083	0.0029985	0.0100856	0.0759034	0.527256
419	0.0100005	0.0326692	0.148083	0.00749625	0.0100856	0.0755138	0.551608
420	0.0100005	0.0317262	0.135442	0	0.0100856	0.0730114	0.486997
421	0.0100005	0.0313626	0.134525	0	0.0100189	0.0718362	0.486997
422	0.0100005	0.0317365	0.135442	0	0.0100189	0.0712062	0.486997
423	0.0100005	0.0323852	0.138315	0.0029985	0.0100189	0.0717452	0.492731
424	0.0100005	0.0328431	0.14108	0.0029985	0.0100189	0.070314	0.486997
425	0.0100005	0.0327241	0.136505	0.0029985	0.0100189	0.0714434	0.502746
426	0.0100005	0.0320493	0.136505	0.00149925	0.0100189	0.0714923	0.502746
427	0.0100005	0.0318038	0.143727	0.0029985	0.0100189	0.0812431	0.685515
428	0.0100005	0.0316673	0.14108	0.00149925	0.0100189	0.087199	0.919877
429	0.0100005	0.0315351	0.138315	0	0.0100189	0.0946439	1.41403
430	0.0100005	0.0315914	0.143727	0	0.0100189	0.115642	3.80637
431	0.0100005	0.031284	0.143727	0	0.0100189	0.143753	7.0258
432	0.0100005	0.0305946	0.137985	0	0.0100189	0.16252	9.53599
433	0.0100005	0.0306327	0.136505	0	0.0100189	0.167361	10.6983
434	0.0100005	0.0310898	0.143727	0.00149925	0.0100649	0.218697	17.8935
435	0.0100005	0.0312499	0.138315	0	0.0100856	0.263638	20.8821
436	0.0100005	0.0310836	0.136505	0	0.0100649	0.309335	20.8821
437	0.0100005	0.0309502	0.135442	0	0.0100856	0.352662	24.8361
438	0.0100005	0.0307849	0.135442	0	0.0100649	0.372448	21.0373
439	0.0100005	0.0315956	0.138315	0.00449775	0.0100649	0.435814	38.173
440	0.0100005	0.03137	0.136505	0.00149925	0.0100856	0.464468	40.486
441	0.0100095	0.0311513	0.135442	0	0.0100649	0.44722	36.7456
442	0.0100005	0.0314089	0.135442	0	0.0100649	0.495221	33.2583
443	0.0100005	0.0317553	0.135442	0	0.0100856	0.525239	34.7352
444	0.0100005	0.0317761	0.135442	0	0.0100649	0.52126	34.7912
445	0.0100005	0.0326816	0.14108	0	0.0100856	0.524732	34.7352
446	0.0100095	0.0331272	0.141631	0	0.0100649	0.544397	30.5071
447	0.0100005	0.0343816	0.172513	0.00149925	0.0100649	0.546983	25.69
448	0.0100005	0.0367515	0.239551	0.0149925	0.0100649	0.590172	25.69
449	0.0100005	0.0390052	0.387828	0.023988	0.0100649	0.570131	26.1427
450	0.0100005	0.0407102	0.500202	0.0284858
