		omega		Posterior		rho				Synonymous theta			kappa			phi	
Site	Lower	Point	Higher	prob of +ve	Lower	Point	Higher		Lower	Point	Higher	Lower	Point	Higher	Lower	Point	Higher
	95% HPD	estimate	95% HPD	selection	95% HPD	estimate	95% HPD		95% HPD	estimate	95% HPD	95% HPD	estimate	95% HPD	95% HPD	estimate	95% HPD
0	0.0102042	0.137361	0.708843	0.0269865	0.0106948	0.502128	55.9434		0.0353108	0.0503718	0.0741173	2.39607	5.11919	10.7836	0	0	0
1	0.0102042	0.137754	0.67895	0.023988	0.0106948	0.561882	55.9434
2	0.0114789	0.142926	0.734374	0.0254873	0.0102107	0.533222	56.2889
3	0.0114789	0.147686	0.781412	0.0269865	0.010391	0.531855	56.2889
4	0.0116112	0.157511	0.852255	0.029985	0.0102107	0.546332	57.3081
5	0.0178384	0.169715	1.28526	0.0329835	0.010391	0.531561	55.9434
6	0.0103004	0.182185	0.891216	0.0449775	0.010391	0.562723	57.9749
7	0.0158907	0.197135	1.28526	0.0494753	0.0102107	0.657315	60.9395
8	0.012624	0.190488	1.04604	0.0449775	0.0109597	0.648813	68.4617
9	0.0141638	0.169138	0.891216	0.023988	0.0110737	0.561448	68.4617
10	0.0114789	0.164615	0.734163	0.0209895	0.0110068	0.455433	55.1657
11	0.0116112	0.163997	0.693848	0.0164918	0.0108541	0.336142	55.1657
12	0.0114873	0.161856	0.734163	0.017991	0.0102284	0.247662	42.9087
13	0.0114873	0.158942	0.734163	0.0164918	0.0101299	0.183546	25.2577
14	0.0133843	0.159868	0.891216	0.0194903	0.0101299	0.127957	8.20455
15	0.0123404	0.161138	0.845986	0.0209895	0.0101299	0.11288	6.48484
16	0.0123404	0.164832	0.859861	0.023988	0.0101299	0.0898285	2.0182
17	0.0141459	0.168651	0.996358	0.0194903	0.010258	0.0668753	0.897372
18	0.0118787	0.174892	0.891216	0.029985	0.0101299	0.0627051	0.809009
19	0.012624	0.189777	1.0447	0.041979	0.0102075	0.0591646	0.741041
20	0.0118787	0.216662	1.0447	0.0614693	0.0101299	0.0574253	0.709784
21	0.0259956	0.27111	2.26806	0.109445	0.0101299	0.0571738	0.741041
22	0.0398106	0.318148	2.50941	0.134933	0.0100606	0.0572316	0.788318
23	0.0398106	0.313019	2.22222	0.124438	0.0100606	0.0571216	0.906418
24	0.0431302	0.319855	2.50941	0.130435	0.0100606	0.056265	0.968597
25	0.0232178	0.227909	2.47693	0.0809595	0.01001	0.0550711	0.918977
26	0.0111862	0.174924	1.01431	0.0464768	0.0100606	0.0522028	0.686201
27	0.0110622	0.135536	0.708843	0.0254873	0.01001	0.0498723	0.600616
28	0.0110622	0.114799	0.627445	0.0164918	0.01001	0.0481443	0.542207
29	0.0111782	0.102318	0.61313	0.011994	0.0102149	0.0469044	0.542207
30	0.0108652	0.0957675	0.545115	0.0104948	0.0102149	0.0459324	0.542207
31	0.0111782	0.0919663	0.523593	0.0089955	0.0102075	0.0450076	0.538784
32	0.0110622	0.086589	0.518614	0.0089955	0.0102075	0.0435653	0.502617
33	0.0108652	0.0814469	0.488837	0.0104948	0.01001	0.0425143	0.432185
34	0.010332	0.079388	0.474193	0.0089955	0.01001	0.0416037	0.386701
35	0.0101759	0.0767597	0.435941	0.00749625	0.01001	0.0410887	0.371653
36	0.0101759	0.0761755	0.407531	0.005997	0.01001	0.0409708	0.377299
37	0.0108652	0.0750158	0.407531	0.005997	0.01001	0.0405081	0.371653
38	0.010332	0.0746657	0.395214	0.00449775	0.01001	0.0403307	0.364608
39	0.0101759	0.0746995	0.395214	0.0029985	0.01001	0.0406768	0.377299
40	0.0101759	0.0731037	0.395214	0	0.01001	0.0400593	0.364608
41	0.0101759	0.0729689	0.392224	0	0.01001	0.0393093	0.355854
42	0.0100019	0.0718017	0.392224	0	0.01001	0.0395398	0.357952
43	0.0108652	0.0695259	0.407531	0	0.01001	0.0394524	0.364608
44	0.0110622	0.0699613	0.420853	0	0.01001	0.0395391	0.387441
45	0.0101759	0.0704311	0.395214	0	0.01001	0.0402973	0.398277
46	0.011179	0.0726473	0.44727	0	0.01001	0.0402891	0.398277
47	0.0110622	0.0737983	0.44727	0.00149925	0.01001	0.0405297	0.427707
48	0.0107034	0.0751655	0.44727	0.00149925	0.01001	0.0416773	0.494958
49	0.0110397	0.0778174	0.490161	0.00749625	0.01001	0.0432385	0.505499
50	0.0110622	0.0832463	0.52163	0.0134933	0.01001	0.043686	0.494958
51	0.0110397	0.0912619	0.606191	0.0209895	0.01001	0.0460297	0.502617
52	0.0110397	0.101002	0.876877	0.0374813	0.01001	0.0481517	0.505499
53	0.0110288	0.117863	1.19301	0.0614693	0.01001	0.0487259	0.538784
54	0.0116015	0.149084	1.56892	0.089955	0.0100429	0.0495522	0.538784
55	0.0110397	0.203773	2.38114	0.13943	0.01001	0.0515997	0.578791
56	0.0196424	0.56819	12.4761	0.356822	0.0100429	0.0523896	0.58161
57	0.0230395	0.61886	16.7945	0.377811	0.0100429	0.0539151	0.618647
58	0.166459	4.95194	68.7693	0.815592	0.0100429	0.0543595	0.592982
59	0.0100354	0.105185	3.59558	0.157421	0.0100429	0.0561305	0.630347
60	0.0100354	0.0632981	1.16999	0.0614693	0.0100429	0.0559479	0.599309
61	0.0100354	0.0521008	0.695893	0.0374813	0.0100429	0.0570661	0.630347
62	0.0100354	0.0452202	0.537597	0.0194903	0.0100429	0.0570359	0.58406
63	0.0100354	0.0423224	0.37633	0.011994	0.0100429	0.0552842	0.565195
64	0.0100354	0.0398577	0.339094	0.0089955	0.0100429	0.0537169	0.517412
65	0.0100354	0.0380284	0.269657	0.00149925	0.0100429	0.0531599	0.483831
66	0.0100354	0.0365009	0.232994	0	0.0100429	0.0519061	0.446734
67	0.0100354	0.0360899	0.231429	0	0.0100429	0.0511017	0.438761
68	0.0100354	0.0355368	0.225958	0.00149925	0.0100429	0.0510798	0.438761
69	0.0100354	0.0350976	0.226359	0	0.0100429	0.0506301	0.403777
70	0.0100354	0.0349569	0.228724	0	0.0100429	0.0497852	0.347274
71	0.0100354	0.0349207	0.226359	0	0.0100429	0.0494822	0.343014
72	0.0100354	0.0351566	0.226359	0	0.0100429	0.048844	0.333683
73	0.0100354	0.0340101	0.214738	0	0.0100529	0.0490249	0.335735
74	0.0100354	0.033919	0.209136	0	0.0100429	0.0494976	0.333683
75	0.0100354	0.0340703	0.20539	0	0.0100429	0.0501253	0.336449
76	0.0100354	0.0337004	0.19016	0	0.0100429	0.050676	0.347274
77	0.0100354	0.0330386	0.184992	0	0.0100429	0.0505163	0.347274
78	0.0100354	0.0330276	0.180217	0.00149925	0.0100529	0.050842	0.352189
79	0.0100354	0.0331173	0.180217	0.00149925	0.0100429	0.0520709	0.393823
80	0.0100354	0.0338173	0.19016	0.005997	0.0100429	0.0494192	0.350378
81	0.0100354	0.0334297	0.187048	0.005997	0.0100529	0.0471016	0.335735
82	0.0100354	0.033666	0.184992	0.005997	0.0100413	0.0451566	0.328941
83	0.0100354	0.032626	0.162998	0.00449775	0.0100413	0.0432468	0.300682
84	0.0100354	0.0322099	0.161386	0.00449775	0.0100413	0.0410241	0.266055
85	0.0100354	0.0311735	0.149598	0.0029985	0.0100413	0.0399626	0.230101
86	0.0100354	0.0313081	0.153341	0.00149925	0.0100413	0.0390168	0.222314
87	0.0100354	0.0312259	0.150142	0.0029985	0.0100413	0.038618	0.222314
88	0.0100354	0.0315064	0.153341	0.0029985	0.0100413	0.0387396	0.223376
89	0.0100354	0.0315055	0.158945	0.0029985	0.0100413	0.0380557	0.207907
90	0.0100354	0.0319175	0.158945	0.0029985	0.0100413	0.0378752	0.207907
91	0.0100354	0.0319254	0.158945	0.0029985	0.0100413	0.0365871	0.199134
92	0.0100343	0.0321017	0.158945	0.0029985	0.0100413	0.0360122	0.191079
93	0.0100343	0.0321286	0.158945	0	0.0100413	0.0354738	0.188564
94	0.0100343	0.0318579	0.148767	0	0.0100413	0.0354383	0.190075
95	0.0100343	0.0313793	0.145588	0.00149925	0.0100413	0.0349565	0.191079
96	0.0100343	0.031256	0.142602	0.00149925	0.0100413	0.0338896	0.176394
97	0.0100343	0.0317077	0.142602	0.00149925	0.0100429	0.0330429	0.168928
98	0.0100343	0.030715	0.131422	0	0.0100429	0.0329318	0.171723
99	0.0100343	0.0309887	0.134565	0	0.0100429	0.0326515	0.168928
100	0.0100343	0.0311612	0.142465	0	0.0100429	0.0324637	0.168928
101	0.0100354	0.0316103	0.142602	0	0.0101725	0.0321643	0.168928
102	0.0100354	0.0318659	0.145588	0	0.0100429	0.0319033	0.165443
103	0.0100354	0.0320048	0.145588	0.00149925	0.0100429	0.0318808	0.158591
104	0.0100354	0.032276	0.145588	0.0029985	0.0100607	0.0322581	0.165443
105	0.0100354	0.0322795	0.142601	0.00149925	0.0100429	0.0319186	0.156967
106	0.0100354	0.0319493	0.138472	0	0.0100429	0.0319725	0.162483
107	0.0100354	0.032181	0.138472	0	0.0100429	0.0318484	0.165443
108	0.0100354	0.0322192	0.138472	0.00149925	0.0100212	0.0317532	0.162483
109	0.0100354	0.032194	0.131422	0.00149925	0.0100212	0.031731	0.162483
110	0.0100354	0.0318038	0.127405	0	0.0100429	0.0311991	0.156967
111	0.0100354	0.0315455	0.126963	0	0.0100429	0.0317918	0.165443
112	0.0100354	0.0316386	0.126963	0	0.0100429	0.0311583	0.152671
113	0.0100354	0.032157	0.129571	0	0.0101725	0.0308711	0.147905
114	0.0100354	0.0325447	0.138472	0.00149925	0.0101725	0.0310103	0.147905
115	0.0100354	0.0330685	0.138472	0.00449775	0.0101725	0.0307115	0.146243
116	0.0100354	0.032977	0.137473	0.0029985	0.0101725	0.030402	0.146243
117	0.0100354	0.0326301	0.137473	0.00149925	0.0101725	0.0299699	0.144608
118	0.0100354	0.0326241	0.134565	0	0.0101725	0.029877	0.143612
119	0.0100354	0.0323682	0.129571	0	0.0101725	0.0304483	0.144608
120	0.0100354	0.0321994	0.126963	0	0.0101725	0.0307816	0.146574
121	0.0100354	0.0328551	0.137473	0.0029985	0.0100429	0.0306181	0.143297
122	0.0100354	0.0322575	0.130292	0.00149925	0.0100429	0.0307732	0.143297
123	0.0100354	0.0320188	0.125969	0	0.0100429	0.0307961	0.143612
124	0.0100354	0.0325398	0.133575	0	0.0101122	0.0304864	0.143612
125	0.0100354	0.0321259	0.129571	0	0.0100429	0.0303716	0.134899
126	0.0100354	0.0327801	0.133575	0.0029985	0.0100607	0.0300762	0.129108
127	0.0100354	0.0337643	0.148163	0.00449775	0.0100607	0.0299193	0.129108
128	0.0100354	0.033458	0.148163	0.0029985	0.0100429	0.0302236	0.133189
129	0.0100354	0.0330899	0.142465	0.00149925	0.0100429	0.0311697	0.143612
130	0.0100354	0.0332091	0.148163	0.00149925	0.0100429	0.0312244	0.143612
131	0.0100354	0.0324176	0.133575	0	0.0100429	0.0317276	0.150463
132	0.0100354	0.0327188	0.134565	0.00149925	0.0100429	0.0317356	0.150463
133	0.0100354	0.0327346	0.136016	0.00149925	0.0101122	0.031763	0.150463
134	0.0100354	0.0330592	0.136522	0.00149925	0.0101725	0.03213	0.159989
135	0.0100354	0.0337104	0.14597	0.00149925	0.0101122	0.0326816	0.167858
136	0.0100354	0.0333826	0.137473	0.00149925	0.0100402	0.0341637	0.189214
137	0.0100354	0.0338199	0.137473	0.00149925	0.0100402	0.0483754	2.10735
138	0.0100354	0.0334792	0.134657	0.00149925	0.0100402	0.0661279	7.99241
139	0.0100354	0.0339247	0.136522	0.00149925	0.0100402	0.074367	7.37253
140	0.0100354	0.0337548	0.136522	0.00149925	0.0100709	0.0767505	7.51879
141	0.0100354	0.0338842	0.136522	0	0.0100709	0.0820437	7.37253
142	0.0100354	0.0337869	0.136522	0	0.0104456	0.0939811	8.72508
143	0.0100354	0.0338652	0.136016	0	0.0102909	0.107179	10.7057
144	0.0100354	0.0336232	0.136522	0	0.0101769	0.119042	11.0281
145	0.0100354	0.0336055	0.138463	0.00149925	0.0103507	0.133427	11.0281
146	0.0100354	0.0328633	0.134117	0.00149925	0.0101769	0.144205	11.8182
147	0.0100354	0.0330827	0.134117	0.00149925	0.0103507	0.15045	10.7413
148	0.0100354	0.0328749	0.134565	0	0.0101769	0.159372	11.8182
149	0.0100354	0.0332262	0.137473	0	0.0103507	0.171731	13.4305
150	0.0100354	0.0340224	0.150758	0	0.0103507	0.16939	13.4305
151	0.0100354	0.0347539	0.160252	0.0029985	0.0101769	0.173196	15.8676
152	0.0100354	0.0334227	0.128267	0	0.0101769	0.185333	16.5627
153	0.0100354	0.0336623	0.129871	0.0029985	0.0102219	0.191259	19.6298
154	0.0100354	0.0330505	0.127837	0	0.0104438	0.197545	19.6298
155	0.0100354	0.032906	0.125969	0	0.0104438	0.20963	20.9603
156	0.0100354	0.0333415	0.127837	0.00149925	0.0106431	0.220904	23.9981
157	0.0100354	0.0333416	0.128267	0.0029985	0.010822	0.229622	25.3715
158	0.0100354	0.0330137	0.125969	0.0029985	0.0101769	0.282504	28.0771
159	0.0100354	0.0331661	0.129871	0.0029985	0.0101769	0.325063	34.0814
160	0.0100354	0.0332717	0.128267	0.0029985	0.0103541	0.38133	43.1263
161	0.0100354	0.03357	0.134117	0.0029985	0.0108893	0.427504	48.9475
162	0.0100354	0.0335347	0.129871	0.00149925	0.0106854	0.474203	49.2206
163	0.0100354	0.0335476	0.129871	0	0.0108893	0.498336	52.8911
164	0.0100354	0.0340222	0.137473	0.00449775	0.0103541	0.51877	53.3921
165	0.0100354	0.033192	0.124618	0	0.0135982	0.53755	82.1202
166	0.0100354	0.0332733	0.122747	0	0.0134388	0.533249	82.1202
167	0.0100354	0.0331075	0.12156	0	0.0106284	0.401441	56.3511
168	0.0100354	0.0331724	0.122506	0	0.0106284	0.285454	52.8911
169	0.0100354	0.0333317	0.127696	0	0.0101284	0.180747	32.515
170	0.0100354	0.0333501	0.129871	0	0.0101284	0.123138	9.78714
171	0.0100354	0.0336248	0.133023	0	0.0100524	0.102346	6.46931
172	0.0100354	0.0342412	0.140422	0	0.0100892	0.0921217	4.89703
173	0.0100354	0.0346334	0.142405	0.00149925	0.0100524	0.0889647	3.94815
174	0.0100354	0.0343687	0.145667	0	0.0100524	0.0847734	3.33116
175	0.0100354	0.035229	0.156198	0.00149925	0.0100524	0.0761076	2.79326
176	0.0100354	0.0359079	0.163548	0.00149925	0.0100892	0.073139	2.79326
177	0.0100354	0.0356315	0.163548	0.0029985	0.0100892	0.0675291	2.79326
178	0.0100354	0.0360736	0.178091	0.0029985	0.0100524	0.0638608	2.46203
179	0.0100354	0.0364036	0.178091	0.0029985	0.0100524	0.0576689	1.64509
180	0.0100354	0.0366013	0.18257	0.00149925	0.0100524	0.0523065	0.938189
181	0.0100354	0.0367989	0.18257	0.00149925	0.0100892	0.0465145	0.393352
182	0.0100354	0.037152	0.18257	0.00149925	0.0100486	0.0430524	0.295153
183	0.0100354	0.037154	0.18754	0.00149925	0.0100486	0.0390891	0.223376
184	0.0100354	0.0369836	0.190758	0.00149925	0.0100486	0.0369325	0.193165
185	0.0100354	0.0361691	0.1857	0.00149925	0.0100486	0.0362401	0.177564
186	0.0100354	0.0367226	0.1857	0.00149925	0.0100486	0.0346272	0.167905
187	0.0100354	0.0368762	0.18257	0.00149925	0.0100486	0.0340135	0.154802
188	0.0100354	0.0373506	0.1857	0.00149925	0.0100486	0.0333901	0.149587
189	0.0100354	0.0373944	0.1857	0.00149925	0.0100486	0.0336375	0.149587
190	0.0100354	0.0373262	0.178506	0.00149925	0.0100486	0.0333596	0.147151
191	0.0100354	0.0384753	0.190758	0	0.0100486	0.0331773	0.146282
192	0.0100354	0.0392246	0.203652	0.00149925	0.0100486	0.0333001	0.147151
193	0.0100354	0.0395019	0.203337	0.00149925	0.0100486	0.0336527	0.155706
194	0.0100354	0.039735	0.205028	0.00149925	0.0100486	0.0333746	0.150463
195	0.0100354	0.0399706	0.203652	0	0.0100486	0.0330063	0.150463
196	0.0100354	0.0410186	0.208998	0	0.0100486	0.0326579	0.154643
197	0.0100354	0.0401969	0.203652	0	0.0100486	0.0327941	0.169178
198	0.0100354	0.0415739	0.224801	0	0.0100486	0.032542	0.167626
199	0.0100354	0.0421605	0.221523	0	0.0100486	0.0329483	0.173063
200	0.0100354	0.0435832	0.256808	0.00149925	0.0100486	0.0323298	0.169806
201	0.0100354	0.0443961	0.257443	0.0029985	0.0100486	0.0315859	0.169339
202	0.0100354	0.0441733	0.250824	0.00149925	0.0100486	0.0320199	0.170376
203	0.0100354	0.0442629	0.245263	0.00149925	0.0100486	0.0333371	0.189227
204	0.0100354	0.0446029	0.240189	0.00149925	0.0100486	0.0346389	0.238564
205	0.0100354	0.0446195	0.239243	0.00149925	0.0100486	0.036967	0.3156
206	0.0100354	0.0456502	0.243746	0.00149925	0.0100486	0.0384037	0.441343
207	0.0100354	0.045878	0.243586	0	0.0100486	0.0390828	0.458447
208	0.0101998	0.0465045	0.245263	0	0.0100486	0.0400598	0.558026
209	0.0101998	0.046612	0.245263	0	0.0100486	0.0414561	0.585016
210	0.0100354	0.0480621	0.261339	0	0.0100486	0.0424167	0.630672
211	0.0100354	0.0495205	0.274697	0.00149925	0.0100486	0.0440274	0.687008
212	0.0100354	0.0513616	0.290977	0.0029985	0.0100486	0.0460366	0.699043
213	0.0100354	0.054512	0.322007	0.005997	0.0100486	0.0484673	0.773543
214	0.0106208	0.0570417	0.355231	0.00749625	0.0100486	0.0523317	0.835287
215	0.0107198	0.0579527	0.355231	0.005997	0.0100486	0.0546161	0.88281
216	0.0100354	0.0601202	0.355231	0.0104948	0.0100486	0.0560467	0.994022
217	0.0103557	0.062904	0.397543	0.0104948	0.0100486	0.0647206	1.25202
218	0.0100354	0.0693927	0.474968	0.0269865	0.0100285	0.194634	47.2618
219	0.0100354	0.0731616	0.632923	0.0344828	0.0103908	0.435185	59.4339
220	0.0100354	0.0795621	0.755048	0.0389805	0.0103908	0.429137	60.4664
221	0.0100354	0.0723088	0.535136	0.0284858	0.0103908	0.419643	60.4664
222	0.0100354	0.068017	0.444193	0.017991	0.0124617	0.437612	71.0162
223	0.0100354	0.0641174	0.414128	0.0149925	0.0130437	0.473215	73.5982
224	0.0100354	0.061248	0.37508	0.0104948	0.0130437	0.517866	73.5982
225	0.0105214	0.0579717	0.355231	0.005997	0.0130437	0.545029	73.5982
226	0.0105432	0.0577745	0.355231	0.005997	0.0131481	0.544222	76.4999
227	0.0104953	0.055299	0.326307	0.00149925	0.0131481	0.549803	71.5138
228	0.0104869	0.054084	0.301259	0.00149925	0.0131481	0.575865	71.5138
229	0.0104869	0.0513405	0.266623	0	0.0131481	0.614321	71.5138
230	0.010077	0.0502424	0.248015	0	0.0130437	0.612948	71.5138
231	0.010077	0.0496351	0.233929	0	0.0130437	0.627113	73.5982
232	0.0102883	0.0494452	0.233929	0	0.0100091	0.663925	56.1807
233	0.010077	0.0506239	0.230818	0.00149925	0.0138651	0.641997	76.5306
234	0.0102883	0.0511979	0.248015	0.00149925	0.0100091	0.621163	54.3867
235	0.0112252	0.0518766	0.278431	0	0.0100091	0.619816	54.5141
236	0.0104922	0.0520689	0.266623	0	0.0132102	0.613842	76.5306
237	0.0104922	0.0517634	0.266623	0	0.0150203	0.626564	90.4564
238	0.0102883	0.0519123	0.259641	0	0.0152892	0.643367	91.8294
239	0.0102883	0.0525648	0.266623	0	0.0152892	0.657884	89.3338
240	0.010403	0.0526611	0.278431	0	0.0142777	0.601921	76.5306
241	0.010403	0.0528766	0.290977	0	0.0100091	0.589998	54.0056
242	0.010403	0.0527939	0.291906	0.00149925	0.0100091	0.625621	55.7371
243	0.010403	0.0519382	0.291906	0.00149925	0.0104112	0.638467	55.7371
244	0.0102883	0.0522347	0.297242	0.00149925	0.0104112	0.62772	55.9411
245	0.010403	0.0536582	0.311262	0.00449775	0.0142752	0.625486	81.4075
246	0.010403	0.056944	0.395244	0.0104948	0.0104057	0.605855	53.1593
247	0.0104241	0.0578844	0.455641	0.0164918
