		omega		Posterior		rho				Synonymous theta			kappa			phi	
Site	Lower	Point	Higher	prob of +ve	Lower	Point	Higher		Lower	Point	Higher	Lower	Point	Higher	Lower	Point	Higher
	95% HPD	estimate	95% HPD	selection	95% HPD	estimate	95% HPD		95% HPD	estimate	95% HPD	95% HPD	estimate	95% HPD	95% HPD	estimate	95% HPD
0	0.0102192	0.0763888	0.823625	0.0329835	0.0104227	0.0577731	0.460721		0.00598012	0.0109689	0.0213905	0.658791	2.20848	7.92507	1.00107	12.537	111.663
1	0.0102192	0.0767411	0.823625	0.0329835	0.0101206	0.0546878	0.390801
2	0.0102192	0.0766676	0.823625	0.0329835	0.0101206	0.0540359	0.388982
3	0.0102192	0.0768096	0.823625	0.0329835	0.0101206	0.0538212	0.370893
4	0.0102192	0.0764984	0.816166	0.0329835	0.0101206	0.0528866	0.370893
5	0.010073	0.0764629	0.799078	0.0329835	0.0101206	0.0530506	0.370893
6	0.0102192	0.0768519	0.816166	0.0344828	0.0101206	0.0529207	0.375487
7	0.010073	0.0762896	0.799078	0.0329835	0.0101206	0.0517791	0.33132
8	0.0102468	0.0758234	0.799078	0.029985	0.0101206	0.0525389	0.335274
9	0.0102192	0.0758541	0.78276	0.0284858	0.0101206	0.0522092	0.335274
10	0.0102192	0.0758058	0.78276	0.0284858	0.0101206	0.053232	0.388982
11	0.0102192	0.0760127	0.78276	0.0284858	0.0102544	0.0537223	0.373645
12	0.0102192	0.0754968	0.711923	0.0269865	0.0102603	0.0570488	0.457421
13	0.0102192	0.0748795	0.70335	0.0269865	0.0104227	0.0676958	0.743891
14	0.0102192	0.0748118	0.70335	0.0269865	0.0100508	0.0868448	3.21242
15	0.0102192	0.0721297	0.773068	0.0329835	0.0100508	0.136411	13.9884
16	0.0102192	0.0714177	0.799078	0.0404798	0.0100508	0.186602	23.7517
17	0.0102192	0.0717338	0.809971	0.041979	0.0100508	0.212611	25.6903
18	0.0103552	0.0704824	0.799078	0.0389805	0.0100508	0.28007	31.2296
19	0.0103552	0.0674738	0.676	0.0329835	0.0100508	0.357678	41.4096
20	0.0102192	0.0673234	0.660387	0.0329835	0.0100508	0.442178	45.1471
21	0.0102192	0.0674936	0.676	0.0344828	0.0101206	0.705813	49.7428
22	0.0101973	0.0681682	0.676	0.0344828	0.0182979	1.10479	93.591
23	0.0101973	0.0700964	0.676	0.0329835	0.0224584	1.46816	98.8665
24	0.0101661	0.0707014	0.660387	0.0344828	0.026721	1.78087	98.8665
25	0.0101661	0.069904	0.660387	0.0344828	0.0243823	2.10836	98.8665
26	0.0101661	0.0734849	0.700752	0.0389805	0.0236258	2.02197	98.8665
27	0.0101973	0.0723888	0.655318	0.029985	0.0224584	1.99818	98.8665
28	0.0101973	0.0710317	0.655318	0.029985	0.0187392	2.09084	87.2378
29	0.0101661	0.0709558	0.669999	0.0344828	0.018288	2.17293	87.2378
30	0.0101661	0.0707284	0.669999	0.0344828	0.0186195	2.32845	90.969
31	0.0101661	0.0699435	0.660387	0.0344828	0.0187392	2.49666	93.591
32	0.0101661	0.0702599	0.660387	0.0344828	0.0186195	2.52673	90.969
33	0.0101661	0.0700945	0.640682	0.0284858	0.0224584	2.64047	99.5867
34	0.0101661	0.0715647	0.646906	0.029985	0.0226109	2.72249	99.5867
35	0.0101661	0.0699726	0.580481	0.0269865	0.0240556	2.85014	99.5867
36	0.0101661	0.0686663	0.56842	0.023988	0.0231302	3.04068	99.5867
37	0.0101973	0.0693988	0.580481	0.0269865	0.0240556	2.92652	99.5867
38	0.0101973	0.0686124	0.580481	0.0284858	0.0219951	2.78885	99.5867
39	0.0101661	0.0682132	0.56842	0.0224888	0.0221133	3.14215	99.5867
40	0.0101973	0.0700558	0.580481	0.0209895	0.0219951	3.21059	97.4526
41	0.0101973	0.0728169	0.580481	0.0194903	0.028225	3.54822	99.5867
42	0.0101661	0.0753326	0.611469	0.0224888	0.028225	3.50746	99.374
43	0.0101661	0.0782908	0.626103	0.0254873	0.0323217	3.80853	99.374
44	0.0101661	0.0811806	0.640682	0.0269865	0.0322746	3.82639	99.374
45	0.0101661	0.0827777	0.653337	0.0254873	0.0322746	3.79725	99.8546
46	0.0109259	0.0837699	0.685723	0.023988	0.0266554	3.63132	99.8546
47	0.0114457	0.0832295	0.698319	0.017991	0.0235143	3.48195	99.8546
48	0.0110984	0.0839322	0.685723	0.017991	0.028252	3.45146	99.8546
49	0.0101661	0.0847001	0.580481	0.0209895	0.0274359	3.13557	99.8546
50	0.0101661	0.084995	0.580481	0.0194903	0.0274359	3.05058	99.8546
51	0.0101973	0.0849815	0.580481	0.017991	0.0274359	2.97806	99.8546
52	0.0101661	0.0860126	0.583639	0.0194903	0.0221378	2.79454	99.8546
53	0.0101973	0.0856837	0.583639	0.0164918	0.0204355	2.53902	99.8546
54	0.0101661	0.087544	0.581077	0.0164918	0.0201535	2.34385	99.8546
55	0.0100565	0.0875665	0.583639	0.0149925	0.0184654	2.18578	99.8546
56	0.0101494	0.0917756	0.676	0.0224888	0.0177336	1.93201	99.8546
57	0.0100565	0.0925968	0.676	0.0254873	0.0129512	1.56177	74.3399
58	0.0105436	0.0954182	0.76906	0.0284858	0.0129512	1.44932	74.3399
59	0.0100565	0.0965534	0.746745	0.0329835	0.0127442	1.29902	73.6724
60	0.0100565	0.0963058	0.746745	0.0329835	0.0127442	1.1632	75.9188
61	0.0100565	0.0980496	0.76906	0.035982	0.0116248	1.07299	74.3399
62	0.0100565	0.10165	0.788951	0.0389805	0.0127442	0.984889	83.4513
63	0.0101494	0.104599	0.814043	0.0344828	0.0102482	0.954606	64.7389
64	0.0101494	0.111814	0.958558	0.0464768	0.0109003	0.853704	64.2587
65	0.0101494	0.118972	1.00444	0.0509745	0.0109003	0.756431	61.8972
66	0.0101973	0.122595	1.10361	0.0554723	0.0109003	0.732342	61.8972
67	0.0101494	0.121202	1.10361	0.0569715	0.0109003	0.664518	60.6782
68	0.0101494	0.128745	1.23085	0.0644678	0.0109003	0.662216	61.8972
69	0.0100565	0.13944	1.33531	0.0674663	0.0103411	0.643611	60.1207
70	0.0100565	0.142262	1.23085	0.0644678	0.0103411	0.567051	59.1412
71	0.0141202	0.15197	1.96336	0.077961	0.0103411	0.485605	59.1412
72	0.0134012	0.159762	1.78733	0.0809595	0.0103411	0.439532	58.0271
73	0.0134012	0.171049	1.96336	0.0914543	0.0104816	0.405775	57.2524
74	0.013156	0.190343	2.26611	0.110945	0.0102394	0.374148	55.7286
75	0.0137298	0.212692	2.6931	0.131934	0.0104971	0.338015	55.7286
76	0.0154703	0.253713	3.90359	0.167916	0.0102394	0.278991	53.7955
77	0.0153338	0.351487	8.78163	0.245877	0.0102394	0.220655	39.1034
78	0.0115297	0.249561	4.63977	0.185907	0.0102394	0.233866	42.9182
79	0.0107804	0.19673	2.59028	0.149925	0.0102394	0.270618	45.8018
80	0.010991	0.170323	2.17083	0.133433	0.0111968	0.267901	42.9182
81	0.0115297	0.140982	1.96336	0.107946	0.011069	0.250307	35.0686
82	0.0107804	0.128041	1.6543	0.0974513	0.0102495	0.247242	28.7688
83	0.0106933	0.116519	1.48198	0.0824588	0.0102495	0.231687	28.4407
84	0.0102879	0.106813	1.33959	0.0704648	0.0102495	0.23974	26.5152
85	0.010191	0.0959061	1.05214	0.053973	0.0102495	0.234128	24.3959
86	0.0102879	0.0889183	0.922147	0.041979	0.0102495	0.243581	24.4291
87	0.010191	0.0880901	0.837954	0.0374813	0.0102495	0.241627	24.4291
88	0.0102879	0.0865567	0.917678	0.0389805	0.0102495	0.230062	22.094
89	0.0101009	0.0865363	0.828033	0.0344828	0.0102495	0.218684	21.5247
90	0.0101009	0.0824785	0.783632	0.029985	0.0102495	0.214627	19.8409
91	0.0102879	0.0793013	0.726163	0.0254873	0.0103441	0.199774	16.5268
92	0.0102879	0.077556	0.653337	0.0209895	0.0103441	0.214689	19.3212
93	0.0102879	0.0769589	0.653337	0.0209895	0.0103441	0.222158	18.3872
94	0.0102879	0.0762362	0.638698	0.0224888	0.0108279	0.236521	22.094
95	0.0102879	0.075227	0.638698	0.0209895	0.0105239	0.255408	23.5176
96	0.0101266	0.079151	0.726163	0.029985	0.0103441	0.256968	23.5176
97	0.0101009	0.0789219	0.686107	0.0269865	0.0103441	0.252507	23.5176
98	0.0101009	0.0778057	0.686107	0.0254873	0.0103441	0.242122	23.4818
99	0.0100001	0.0756275	0.672675	0.0254873	0.0103441	0.249826	24.4291
100	0.0100001	0.0747428	0.672675	0.0284858	0.0103441	0.271618	29.5569
101	0.0100001	0.0733741	0.648906	0.0269865	0.0103441	0.279747	30.0635
102	0.0100001	0.0704471	0.629936	0.0254873	0.0103441	0.300352	38.3362
103	0.0101266	0.0655987	0.546373	0.0224888	0.0103441	0.291167	40.4704
104	0.0100001	0.0704486	0.672675	0.0329835	0.0103441	0.288839	41.0345
105	0.0108066	0.0672642	0.628007	0.023988	0.0103441	0.283504	40.4704
106	0.0108066	0.0636777	0.511318	0.017991	0.0103441	0.277377	40.4704
107	0.0104337	0.0625809	0.469465	0.0194903	0.0103441	0.268008	38.8767
108	0.0108378	0.0616693	0.466457	0.0194903	0.0103441	0.26651	37.9906
109	0.0108378	0.0632832	0.511318	0.023988	0.0103441	0.280251	34.7405
110	0.0100001	0.0648976	0.531512	0.029985	0.0103441	0.268377	32.351
111	0.0100001	0.0633535	0.563942	0.0314843	0.0103441	0.251637	25.1864
112	0.0102407	0.0613714	0.512307	0.029985	0.0103441	0.244348	24.3959
113	0.0102407	0.0619354	0.505055	0.0254873	0.0103441	0.244937	23.4818
114	0.0100001	0.0628729	0.505055	0.0269865	0.0103542	0.250014	23.5176
115	0.0102407	0.0644421	0.633004	0.035982	0.0103542	0.267021	26.343
116	0.0100001	0.0646984	0.563942	0.0329835	0.0103542	0.286636	32.7391
117	0.0100001	0.0628636	0.546373	0.0329835	0.0103542	0.291941	37.9906
118	0.0101987	0.0623796	0.505055	0.029985	0.0103542	0.303163	38.8767
119	0.0101987	0.0612336	0.472972	0.0269865	0.0100453	0.301595	38.8767
120	0.0101582	0.0590467	0.443223	0.0224888	0.0103542	0.295792	38.8767
121	0.0100001	0.0586206	0.454383	0.017991	0.0100453	0.304677	38.8767
122	0.0100001	0.060638	0.531512	0.023988	0.0103542	0.326032	41.6576
123	0.0100001	0.0613002	0.547134	0.0254873	0.0103542	0.346088	41.6576
124	0.0101582	0.0612141	0.505055	0.0269865	0.0100453	0.388397	44.692
125	0.0101582	0.0603397	0.472972	0.0194903	0.0103542	0.386952	43.496
126	0.0100001	0.0581808	0.432758	0.0149925	0.0100453	0.405138	43.8556
127	0.0100001	0.0589788	0.432758	0.0164918	0.0100453	0.525352	46.7587
128	0.0100001	0.059075	0.428082	0.0149925	0.0103542	0.583649	50.0838
129	0.0100838	0.0588947	0.414559	0.017991	0.0126245	0.651594	56.7314
130	0.0100001	0.0579966	0.405974	0.0164918	0.0158506	0.676342	77.1818
131	0.0100001	0.0611238	0.443223	0.023988	0.0158071	0.660238	77.1818
132	0.0100001	0.0582414	0.39284	0.0149925	0.0132282	0.63227	64.0782
133	0.0100001	0.058343	0.377622	0.0134933	0.0180653	0.629743	89.4136
134	0.0100001	0.0597716	0.39284	0.0164918	0.0161639	0.639949	77.1818
135	0.0100001	0.0620027	0.470943	0.023988	0.0166689	0.669001	77.1818
136	0.0100001	0.0608807	0.443223	0.0224888	0.0158506	0.681633	70.357
137	0.0100001	0.0581879	0.38526	0.0164918	0.0161639	0.672755	78.1806
138	0.0100001	0.0574174	0.38526	0.0149925	0.0166689	0.786182	80.8198
139	0.0100001	0.0558927	0.358118	0.0089955	0.015591	0.766572	85.4177
140	0.0100001	0.0552151	0.351382	0.0089955	0.0114027	0.697155	62.9286
141	0.0100001	0.0549309	0.339977	0.005997	0.0129343	0.660681	64.5298
142	0.0100001	0.0562442	0.343093	0.00449775	0.0104936	0.662247	46.1317
143	0.0100001	0.0593476	0.377622	0.0104948	0.0104936	0.658853	44.6726
144	0.0100001	0.0604429	0.39284	0.0134933	0.010103	0.634357	41.3897
145	0.0100001	0.0624191	0.443223	0.0194903	0.0104954	0.60789	38.122
146	0.0100001	0.0603014	0.410095	0.0104948	0.0104936	0.635506	38.122
147	0.0100001	0.0611234	0.410095	0.011994	0.0104954	0.598086	38.122
148	0.0100001	0.0617168	0.454383	0.0104948	0.0100816	0.581255	36.1288
149	0.0100001	0.0612905	0.443223	0.00749625	0.0100816	0.556	36.1288
150	0.0100001	0.0614554	0.457956	0.005997	0.0104936	0.568776	36.1288
151	0.0100001	0.0612446	0.469969	0.00749625	0.0100816	0.530892	32.7447
152	0.0100001	0.0635316	0.520781	0.017991	0.0105213	0.531732	30.5819
153	0.0100001	0.0633024	0.520781	0.0194903	0.0100816	0.474244	22.18
154	0.0100001	0.0624116	0.505055	0.017991	0.0105213	0.468532	22.18
155	0.0100001	0.0628574	0.505055	0.0164918	0.0104044	0.45215	20.9944
156	0.0100174	0.0656301	0.520781	0.017991	0.0104044	0.466985	20.9944
157	0.0100001	0.0633127	0.469969	0.0089955	0.0105213	0.456371	22.18
158	0.0100001	0.0617936	0.457956	0.00749625	0.010564	0.503916	28.5828
159	0.0100001	0.0632685	0.505055	0.0104948	0.0104044	0.539364	28.5828
160	0.0100001	0.0619691	0.464707	0.00749625	0.0104044	0.553459	33.8647
161	0.0100001	0.0643933	0.503318	0.0089955	0.0104044	0.500805	33.8647
162	0.0100174	0.0667941	0.525112	0.0134933	0.0104044	0.53002	32.7146
163	0.0103472	0.0691519	0.595415	0.0164918	0.0104044	0.512497	29.9536
164	0.0101895	0.0714153	0.599167	0.0194903	0.0106346	0.484129	28.5828
165	0.0103472	0.0685217	0.599167	0.0149925	0.010564	0.452323	20.9944
166	0.0103344	0.0676759	0.595415	0.0149925	0.0103192	0.398029	20.877
167	0.0101895	0.0675522	0.595415	0.017991	0.0103192	0.375279	20.877
168	0.0100174	0.0671847	0.541506	0.0164918	0.0103192	0.380695	19.9147
169	0.0100174	0.0689288	0.552812	0.017991	0.0103192	0.363304	20.877
170	0.0100174	0.0690642	0.524894	0.0149925	0.0103192	0.350517	19.9147
171	0.0100174	0.0694715	0.520673	0.0164918	0.0103192	0.336318	19.9147
172	0.0100174	0.0711935	0.517647	0.017991	0.0100255	0.306585	19.9147
173	0.0100174	0.0728683	0.505055	0.0149925	0.0100255	0.298415	17.2233
174	0.0100174	0.0745308	0.538189	0.0194903	0.0103192	0.29906	28.5828
175	0.0100174	0.0744352	0.51288	0.017991	0.0103192	0.370356	43.9741
176	0.0101361	0.0743115	0.505055	0.0194903	0.0106346	0.446995	54.1911
177	0.0100642	0.0745231	0.486303	0.017991	0.0104044	0.484866	54.1911
178	0.0100642	0.0744076	0.471318	0.0149925	0.0103192	0.477974	54.1911
179	0.0100642	0.0751336	0.471318	0.0164918	0.0103192	0.513239	58.5814
180	0.0100174	0.0757411	0.466669	0.0164918	0.0103192	0.535796	58.5814
181	0.0100174	0.0764801	0.471336	0.0194903	0.0103192	0.538323	58.5814
182	0.0100174	0.0797915	0.51288	0.023988	0.0103192	0.503621	58.5814
183	0.0100174	0.081481	0.519774	0.0224888	0.0101468	0.478796	58.5814
184	0.0100174	0.0847956	0.601726	0.0269865	0.0101468	0.481711	61.8289
185	0.0100174	0.0865138	0.64036	0.029985	0.0102619	0.438968	58.5814
186	0.0100174	0.0862337	0.616589	0.0284858	0.0103192	0.414467	58.5814
187	0.0100174	0.0844079	0.601726	0.0254873	0.0101468	0.368237	54.3245
188	0.0100642	0.0825489	0.553742	0.017991	0.0103192	0.338091	50.1585
189	0.0100642	0.0821071	0.532389	0.011994	0.0103192	0.34983	50.1585
190	0.0100174	0.0859525	0.56975	0.0164918	0.0106346	0.340059	50.1585
191	0.0100174	0.0862925	0.583207	0.0134933	0.0107366	0.350246	50.1585
192	0.0100174	0.0912396	0.64036	0.0149925	0.0108693	0.361747	50.7011
193	0.0100174	0.0967562	0.7632	0.0284858	0.0111386	0.377852	52.2538
194	0.0100174	0.099604	0.868095	0.035982	0.0106346	0.456576	55.5275
195	0.0100174	0.0997194	0.868095	0.035982	0.0150503	0.537769	98.6895
196	0.0102137	0.102326	0.908644	0.0389805	0.0154981	0.630961	99.6556
197	0.0102137	0.10489	0.908644	0.0404798	0.0152168	0.733989	95.9744
198	0.0105303	0.118293	1.03433	0.0494753	0.0152168	0.865302	95.9744
199	0.0105303	0.133742	1.21309	0.0689655	0.0161646	1.07735	94.8775
200	0.0100642	0.140026	1.21309	0.0749625	0.0161646	1.163	89.6147
201	0.0100642	0.166687	1.73552	0.104948	0.0176593	1.31024	95.9744
202	0.0105783	0.184421	2.03386	0.127436	0.0161646	1.45064	90.9349
203	0.0105783	0.199051	2.03386	0.134933	0.0166222	1.51531	94.8775
204	0.0142157	0.229716	2.60413	0.154423	0.0161646	1.57684	98.0301
205	0.015112	0.276487	3.55325	0.193403	0.0161646	1.58324	98.0301
206	0.0189951	0.36304	4.6819	0.236882	0.0172333	1.67453	94.9683
207	0.0164383	0.294063	3.76846	0.191904	0.0172333	2.03201	98.6895
208	0.0111308	0.254737	2.60413	0.163418	0.0172333	2.11334	98.1817
209	0.0117111	0.251049	2.60413	0.16042	0.0133458	1.95542	98.1817
210	0.0105955	0.225386	2.07699	0.13943	0.0126454	1.91203	96.5313
211	0.0106849	0.204952	2.04134	0.124438	0.0133458	2.09443	98.4881
212	0.010108	0.184586	1.69705	0.106447	0.0161646	2.61073	98.4092
213	0.010108	0.171401	1.52944	0.0914543	0.0172333	3.22242	98.4881
214	0.0102137	0.166654	1.50469	0.0869565	0.0172333	3.50749	98.4881
215	0.0102137	0.161881	1.43234	0.0809595	0.0172333	3.44576	98.4881
216	0.010108	0.155606	1.38661	0.0794603	0.0188487	3.45195	98.4881
217	0.0102137	0.152251	1.43234	0.077961	0.0188487	3.45594	98.4881
218	0.0105955	0.146366	1.38882	0.071964	0.0188487	3.40462	98.4881
219	0.0103061	0.14793	1.43234	0.0764618	0.0199975	3.42058	98.4881
220	0.0103061	0.142146	1.38882	0.071964	0.0199975	3.42811	98.4881
221	0.0102789	0.139141	1.38882	0.071964	0.0215914	3.33363	96.453
222	0.0100923	0.131519	1.19777	0.0629685	0.0215914	3.0005	96.5313
223	0.0102137	0.128389	1.19777	0.0614693	0.0215914	2.6857	98.4881
224	0.0100923	0.121288	1.10139	0.0569715	0.0215914	2.43569	98.1817
225	0.0100923	0.115902	0.964346	0.047976	0.0170166	2.01076	93.7357
226	0.0100923	0.112287	0.870434	0.0374813	0.0148201	1.53213	87.3932
227	0.0102137	0.108899	0.81322	0.0344828	0.014884	1.49159	87.3932
228	0.0102137	0.106501	0.790375	0.0329835	0.0153529	1.36073	87.3932
229	0.0100923	0.104777	0.765357	0.0329835	0.0159461	1.23259	94.9683
230	0.0100923	0.101655	0.741672	0.029985	0.0100345	1.03153	60.124
231	0.0100923	0.0989401	0.741672	0.029985	0.0100345	0.886946	57.9873
232	0.0103519	0.0975237	0.765357	0.029985	0.0100345	0.810323	53.9048
233	0.0102789	0.0991503	0.765357	0.0314843	0.0113068	0.793844	60.3433
234	0.0100923	0.095473	0.672695	0.0209895	0.0113068	0.747583	57.9873
235	0.0105955	0.0984462	0.765357	0.023988	0.0115633	0.889504	60.3433
236	0.0118202	0.0982691	0.874166	0.023988	0.0117349	0.940861	60.1713
237	0.0114017	0.096475	0.811828	0.0194903	0.0115633	1.15279	60.3433
238	0.011783	0.0963383	0.874166	0.0224888	0.0114282	1.17889	58.7061
239	0.0100923	0.0948084	0.724888	0.0194903	0.0114282	1.18395	64.706
240	0.0102137	0.0962894	0.765357	0.0269865	0.0120156	1.06823	72.3284
241	0.0101787	0.0954624	0.765357	0.0284858	0.0117349	1.0203	71.2991
242	0.0100923	0.0949472	0.784472	0.0329835	0.0106427	0.934908	66.8902
243	0.0101787	0.0970867	0.824621	0.0374813	0.0110021	0.779212	64.706
244	0.0100923	0.108445	1.41258	0.0689655
