		omega		Posterior		rho				Synonymous theta			kappa			phi	
Site	Lower	Point	Higher	prob of +ve	Lower	Point	Higher		Lower	Point	Higher	Lower	Point	Higher	Lower	Point	Higher
	95% HPD	estimate	95% HPD	selection	95% HPD	estimate	95% HPD		95% HPD	estimate	95% HPD	95% HPD	estimate	95% HPD	95% HPD	estimate	95% HPD
0	0.01018	0.056325	0.681276	0.0269865	0.0158797	1.31196	91.4575		0.0230131	0.0324238	0.0472145	2.53886	5.29213	11.7317	0	0	0
1	0.010013	0.0525319	0.653077	0.023988	0.0182643	1.41002	94.8536
2	0.01018	0.0498416	0.681276	0.023988	0.0182643	1.46094	94.8536
3	0.01018	0.047447	0.681276	0.0269865	0.0182643	1.45062	94.942
4	0.010013	0.0460665	0.544133	0.0269865	0.0215528	1.58245	94.942
5	0.01001	0.0450985	0.524296	0.0284858	0.0209245	1.74619	94.942
6	0.01001	0.0448459	0.465104	0.0254873	0.0209245	1.60387	97.9538
7	0.01001	0.0423744	0.355058	0.0149925	0.0185222	1.72729	91.4575
8	0.01001	0.0429759	0.401837	0.0149925	0.0185222	1.4948	91.4575
9	0.01001	0.0405892	0.322291	0.0089955	0.0206991	1.49277	91.4575
10	0.01001	0.0393904	0.300268	0.005997	0.0197049	1.47379	99.0183
11	0.01001	0.0381709	0.23849	0.00449775	0.0197049	1.49263	95.5926
12	0.01001	0.0381924	0.227758	0.005997	0.0197049	1.56816	90.9907
13	0.01001	0.0375624	0.210174	0.00449775	0.0301321	1.91458	90.8509
14	0.01001	0.0378975	0.230931	0.0029985	0.0314128	2.18143	91.4897
15	0.01001	0.0375591	0.230931	0.00149925	0.0324193	3.06156	91.4897
16	0.01001	0.0371633	0.230931	0.00149925	0.0326198	3.23221	96.0299
17	0.01001	0.0370443	0.227758	0.00149925	0.032759	3.77039	95.9878
18	0.01001	0.0369224	0.227758	0.00149925	0.0324193	3.84216	99.0183
19	0.01001	0.0371509	0.227802	0.00149925	0.0236756	4.38104	99.0183
20	0.01001	0.0373226	0.229433	0.00149925	0.0204495	3.88614	93.7212
21	0.0100561	0.0368896	0.227802	0.00149925	0.0236756	3.82245	99.0183
22	0.0100561	0.0365265	0.227802	0.00149925	0.0236756	3.49712	99.0183
23	0.01001	0.0360882	0.199709	0.00149925	0.0231415	3.41552	99.0183
24	0.01001	0.0352841	0.193518	0	0.0204495	3.31103	91.4897
25	0.01001	0.0353059	0.193518	0	0.0204495	3.04962	96.8178
26	0.01001	0.0360131	0.193925	0	0.0204495	2.93467	96.8178
27	0.01001	0.0364724	0.200657	0	0.0204495	2.88191	98.5941
28	0.01001	0.0356454	0.193518	0	0.0204495	2.53625	97.1811
29	0.01001	0.0354918	0.200657	0.00149925	0.0204495	2.3027	94.7744
30	0.01001	0.0358239	0.202005	0.00149925	0.0194911	1.97331	97.1811
31	0.01001	0.0357761	0.207784	0.0029985	0.01524	1.50018	90.5392
32	0.01001	0.0351313	0.202401	0.0029985	0.0151498	1.2326	93.0898
33	0.01001	0.0350578	0.202401	0.00449775	0.0120557	0.885544	69.2656
34	0.01001	0.0346837	0.202005	0.0029985	0.0115546	0.823937	62.0846
35	0.01001	0.0344707	0.202005	0.0029985	0.0101528	0.755922	56.8254
36	0.01001	0.0344951	0.20718	0.00149925	0.0101528	0.671755	53.0278
37	0.01001	0.0343932	0.20718	0.00149925	0.0119579	0.684969	69.2656
38	0.01001	0.0346284	0.20718	0.0029985	0.0101528	0.667533	53.0278
39	0.01001	0.034629	0.202401	0.00449775	0.0101528	0.655708	53.0278
40	0.01001	0.0346531	0.202401	0.0029985	0.0101528	0.685278	50.2728
41	0.01001	0.0349842	0.20718	0.00449775	0.0101528	0.728991	50.2433
42	0.01001	0.0347935	0.20718	0.00449775	0.0101528	0.769367	48.571
43	0.01001	0.0352431	0.238698	0.0104948	0.0101528	0.755435	46.6642
44	0.01001	0.033023	0.224529	0.0029985	0.0101528	0.762055	48.571
45	0.01001	0.0326766	0.224529	0	0.0101528	0.87506	50.5809
46	0.01001	0.0327164	0.224529	0	0.0101528	0.868057	51.7937
47	0.01001	0.0331713	0.226379	0	0.0101528	0.92944	53.7792
48	0.0100224	0.0329433	0.227802	0	0.0101528	0.972146	58.515
49	0.01001	0.0329727	0.227802	0.00149925	0.0101528	1.22821	68.2845
50	0.0100224	0.0335488	0.238698	0.00149925	0.0101528	1.30192	70.8164
51	0.01001	0.033557	0.236976	0.00149925	0.0105932	1.46278	71.9342
52	0.0100224	0.0338535	0.238698	0.00149925	0.0105628	1.63192	71.9342
53	0.01001	0.0331774	0.227802	0	0.0119579	1.73396	82.6112
54	0.0100224	0.0330548	0.227802	0	0.0135829	1.65182	88.964
55	0.01001	0.0334599	0.228256	0.00149925	0.016842	1.75271	99.7133
56	0.01001	0.0341915	0.238698	0.00449775	0.0186563	2.1196	99.7133
57	0.01001	0.0343336	0.255444	0.00449775	0.016842	1.70866	88.964
58	0.01001	0.0340362	0.251778	0.0029985	0.016789	1.57061	92.4334
59	0.01001	0.0340807	0.244497	0.00149925	0.0156057	1.54464	84.0878
60	0.01001	0.0344805	0.251778	0.00149925	0.0156057	1.50339	84.0878
61	0.01001	0.0346677	0.255444	0.0029985	0.0131505	1.40017	71.9342
62	0.01001	0.0346029	0.244497	0.0029985	0.0117605	1.1188	63.0694
63	0.01001	0.0344421	0.238698	0.0029985	0.0114489	0.805957	63.0694
64	0.01001	0.0338479	0.227802	0.00149925	0.010872	0.74425	59.6702
65	0.01001	0.0345785	0.236976	0.0029985	0.0105932	0.762016	58.8044
66	0.01001	0.0354473	0.251778	0.00749625	0.0105932	0.673991	58.632
67	0.01001	0.034684	0.230489	0.00449775	0.0105932	0.628842	58.632
68	0.01001	0.0344247	0.230489	0.00449775	0.0103915	0.58747	61.4117
69	0.01001	0.0347382	0.236976	0.00449775	0.0102604	0.503688	59.6702
70	0.01001	0.0344416	0.228256	0.00449775	0.0102604	0.489541	58.632
71	0.01001	0.0340792	0.223348	0	0.0103915	0.45742	58.515
72	0.01001	0.0342485	0.224529	0	0.0103915	0.429715	54.6074
73	0.01001	0.0340018	0.203898	0	0.0103915	0.433665	54.6074
74	0.0100115	0.0342047	0.228256	0.0029985	0.0103915	0.428909	54.6074
75	0.0100115	0.0341516	0.202005	0.0029985	0.0102604	0.45996	63.3139
76	0.0100115	0.0338434	0.18426	0	0.0114489	0.498303	73.1515
77	0.0100115	0.0337004	0.18017	0	0.0119527	0.481906	73.8964
78	0.0100115	0.0336349	0.18017	0.00149925	0.0119579	0.511391	76.8738
79	0.0100115	0.0336007	0.19305	0.0029985	0.0117605	0.644403	79.9505
80	0.0100115	0.0333932	0.18426	0.0029985	0.0103915	0.822763	72.1361
81	0.0100115	0.0340428	0.19305	0.0029985	0.0103915	0.967857	72.1361
82	0.0100115	0.0342893	0.19305	0.0029985	0.0103915	1.12284	72.1361
83	0.0100115	0.0339662	0.18426	0.0029985	0.0135829	1.42326	93.9137
84	0.0100115	0.0333586	0.181628	0.0029985	0.015134	1.79668	93.9137
85	0.0100115	0.0330802	0.18017	0.00149925	0.02198	2.50149	98.0768
86	0.0100206	0.0324366	0.160214	0	0.02198	2.8868	93.9137
87	0.0100206	0.0324565	0.160214	0	0.0292014	2.8996	98.983
88	0.0100206	0.0328924	0.160214	0	0.0319864	3.04229	98.983
89	0.0100115	0.0332816	0.159899	0	0.0314964	2.84448	98.983
90	0.0100115	0.0332639	0.158839	0.00149925	0.0296815	2.7937	98.983
91	0.0100115	0.0340567	0.166017	0.00149925	0.0314964	2.91582	93.9137
92	0.0100115	0.0331317	0.153205	0.00149925	0.0416465	3.43795	98.983
93	0.0100115	0.0342311	0.16708	0.00149925	0.0535055	3.83258	98.983
94	0.0100115	0.033737	0.162474	0.00149925	0.0594205	4.21291	98.983
95	0.0100115	0.0332503	0.160153	0.00149925	0.0490144	4.24467	98.983
96	0.0100115	0.0326187	0.152301	0.00149925	0.0535055	4.33823	98.0768
97	0.0100115	0.0327966	0.160153	0.00149925	0.0535055	3.78166	98.983
98	0.0100115	0.0331231	0.162474	0.00149925	0.0535055	3.56399	98.983
99	0.0100115	0.0329585	0.162474	0.0029985	0.0535055	3.55338	98.0768
100	0.0100115	0.0325394	0.153205	0.0029985	0.0450188	3.30028	98.0768
101	0.0100115	0.0325302	0.153205	0.0029985	0.032417	2.55563	98.983
102	0.0100115	0.0324531	0.152301	0.0029985	0.0296815	2.12887	98.0768
103	0.0100206	0.0324849	0.152301	0.0029985	0.0309454	1.80952	98.0768
104	0.0100115	0.0325578	0.152301	0.0029985	0.0296815	1.44973	97.9808
105	0.0100115	0.0317725	0.147229	0.0029985	0.0243272	1.32561	97.9808
106	0.0100115	0.0316098	0.145197	0.0029985	0.0243068	1.31811	97.9808
107	0.0100206	0.0321052	0.152301	0.0029985	0.0243068	1.33079	97.9808
108	0.0100206	0.0323586	0.152301	0.00449775	0.0238348	1.37147	97.9808
109	0.0100115	0.0323472	0.152301	0.005997	0.0243068	1.28398	97.9808
110	0.0100115	0.0316254	0.139032	0	0.0243068	1.46218	97.9808
111	0.0100115	0.0318003	0.142641	0	0.0296815	1.38047	97.9808
112	0.0100224	0.0322489	0.152301	0	0.0291488	1.37348	98.1016
113	0.0100115	0.032575	0.17179	0	0.0243068	1.27171	97.9808
114	0.0100224	0.0327074	0.181628	0	0.0232344	1.19577	98.1016
115	0.0100115	0.032328	0.17179	0	0.0217272	0.937886	98.1016
116	0.0100115	0.0321052	0.17179	0.00149925	0.0177521	0.794244	71.9759
117	0.0100115	0.031601	0.152301	0.00149925	0.0139096	0.667288	51.133
118	0.0100115	0.0320877	0.168697	0.00149925	0.010113	0.54945	34.7886
119	0.0100115	0.0319078	0.161593	0	0.0108124	0.45355	31.6197
120	0.0100115	0.0321816	0.168697	0	0.0108124	0.387575	30.5825
121	0.0100115	0.0317537	0.152301	0	0.010113	0.300734	21.7682
122	0.0100115	0.0312345	0.145197	0	0.0108124	0.253305	15.3569
123	0.0100115	0.0312241	0.145197	0	0.0108124	0.242979	14.9746
124	0.0100115	0.0313967	0.147229	0	0.0108124	0.238636	15.3569
125	0.0100115	0.0311583	0.147229	0	0.010113	0.234752	17.4369
126	0.0100115	0.0312777	0.145197	0	0.0108124	0.226635	22.2319
127	0.0100115	0.0319152	0.157555	0.00149925	0.010113	0.223689	28.3837
128	0.0100115	0.0321254	0.1625	0.00149925	0.0103827	0.199304	37.1663
129	0.0100115	0.0321476	0.161593	0.00149925	0.0103827	0.18703	37.1663
130	0.0100115	0.0319142	0.153023	0.00149925	0.0103827	0.199885	37.1663
131	0.0100115	0.0318525	0.157555	0.00149925	0.010113	0.193064	41.7035
132	0.0100115	0.0319823	0.153023	0.00149925	0.010113	0.142671	30.2203
133	0.0100115	0.0322804	0.157555	0	0.0101883	0.110761	18.7221
134	0.0100115	0.0323271	0.159412	0	0.0100576	0.0808306	2.22416
135	0.0100115	0.0320392	0.157852	0.00149925	0.0100576	0.0606258	0.548384
136	0.0100224	0.0317804	0.159412	0.00149925	0.0100576	0.0570124	0.460178
137	0.010114	0.0316736	0.161593	0.00149925	0.0101883	0.0574356	0.460178
138	0.010114	0.0315832	0.1625	0.00149925	0.0101394	0.0567968	0.438055
139	0.0100224	0.0317519	0.161593	0.00149925	0.0101394	0.0566806	0.438055
140	0.0100224	0.0319025	0.180844	0.00149925	0.0100576	0.0557198	0.413878
141	0.0100224	0.0312217	0.161192	0.00149925	0.0103827	0.0572901	0.460178
142	0.0100224	0.0316554	0.182063	0.00149925	0.0100576	0.0554505	0.393558
143	0.0100224	0.0316979	0.196923	0.0029985	0.0100576	0.0569753	0.389661
144	0.0100224	0.0312133	0.182063	0.00149925	0.0100576	0.05659	0.375918
145	0.0100224	0.0311868	0.182063	0.00149925	0.0100576	0.0569633	0.389661
146	0.010114	0.0327413	0.204115	0.0089955	0.0100576	0.0564637	0.365344
147	0.010114	0.0323267	0.196923	0.0029985	0.0100576	0.0554777	0.352595
148	0.010114	0.0335339	0.207417	0.0089955	0.0101394	0.0552227	0.352595
149	0.010114	0.0333005	0.204115	0.00449775	0.0101394	0.054742	0.352595
150	0.010114	0.0344587	0.216298	0.0089955	0.0101883	0.0548286	0.375979
151	0.010114	0.0335918	0.197278	0.0089955	0.0100576	0.0570474	0.438328
152	0.010114	0.0337644	0.196661	0.00749625	0.0100576	0.052796	0.365344
153	0.0101183	0.0348077	0.214372	0.00749625	0.0103876	0.0521758	0.383532
154	0.010114	0.035106	0.216298	0.00749625	0.0110728	0.0525031	0.401422
155	0.010114	0.0351213	0.216298	0.00749625	0.0101962	0.0528493	0.394264
156	0.010114	0.0353981	0.214372	0.0089955	0.0100576	0.0515661	0.375979
157	0.010114	0.0349001	0.186758	0.00149925	0.0101394	0.0501495	0.383532
158	0.010114	0.0353952	0.216298	0.00149925	0.0101394	0.0494273	0.383532
159	0.010114	0.0362589	0.257021	0.005997	0.0100576	0.0478039	0.375979
160	0.010114	0.0369565	0.293646	0.0089955	0.0100576	0.0475939	0.375979
161	0.010114	0.0367667	0.31183	0.0089955	0.0100576	0.0466022	0.370023
162	0.010114	0.0369732	0.312371	0.00749625	0.0100576	0.0474617	0.375979
163	0.010114	0.0367622	0.31183	0.0029985	0.0100643	0.0477893	0.383532
164	0.010114	0.0370629	0.31183	0.0029985	0.0100576	0.0524022	0.864134
165	0.01013	0.0379251	0.312371	0.0089955	0.0100334	0.0561513	3.10506
166	0.010114	0.0375638	0.288486	0.005997	0.0100334	0.0512756	0.864134
167	0.010114	0.038698	0.312371	0.0134933	0.0100334	0.0527675	3.00678
168	0.010114	0.0376918	0.288486	0.00449775	0.0100334	0.0549133	4.57992
169	0.010114	0.0379075	0.288486	0.0029985	0.0100334	0.056559	5.76769
170	0.010114	0.0373539	0.254331	0.0029985	0.0100334	0.0565644	5.76769
171	0.010114	0.0378374	0.263545	0.0029985	0.0100334	0.0568576	5.76769
172	0.010114	0.0383162	0.284729	0.0029985	0.0100334	0.0568418	5.76769
173	0.010114	0.0380191	0.288486	0.00149925	0.0100334	0.0561129	5.76769
174	0.010114	0.0378511	0.288486	0.00149925	0.0100334	0.0535277	3.29793
175	0.010114	0.0388739	0.288486	0.00149925	0.0100334	0.0536834	3.10506
176	0.01013	0.0402736	0.312371	0.0029985	0.0100334	0.0528641	3.00678
177	0.010114	0.0403145	0.284729	0.0029985	0.0100334	0.0505099	1.32314
178	0.010114	0.0400242	0.257021	0.0029985	0.0100334	0.048023	0.649808
179	0.010114	0.0409439	0.254565	0.00449775	0.0100334	0.0462559	0.573818
180	0.010114	0.0400417	0.24013	0.0029985	0.0100334	0.0437805	0.33636
181	0.010114	0.0401155	0.241548	0.0029985	0.0100334	0.0446579	0.35215
182	0.010114	0.0405996	0.246582	0.005997	0.0100334	0.0474915	0.33636
183	0.010114	0.0414504	0.263545	0.005997	0.0100334	0.0494276	0.354509
184	0.010114	0.0415581	0.254565	0.005997	0.0102244	0.0524652	0.506378
185	0.010114	0.0419367	0.254565	0.005997	0.0102244	0.0520805	0.483821
186	0.010114	0.0425138	0.263545	0.005997	0.0104846	0.0533633	0.483821
187	0.010114	0.042776	0.263545	0.005997	0.0102244	0.0544758	0.45416
188	0.010114	0.04293	0.265963	0.0089955	0.0102244	0.0543184	0.437192
189	0.010114	0.0420643	0.25076	0.005997	0.0105118	0.0550296	0.45416
190	0.010114	0.0420038	0.25076	0.005997	0.0102244	0.0550917	0.407805
191	0.010114	0.0409593	0.241548	0.00449775	0.0102244	0.0536671	0.319147
192	0.0100278	0.0407156	0.237314	0.00449775	0.0105118	0.0560133	0.408046
193	0.010114	0.0413547	0.241548	0.005997	0.0102244	0.0543428	0.345989
194	0.0100278	0.0419051	0.237314	0.00449775	0.0105118	0.05391	0.341873
195	0.0100278	0.0425033	0.237314	0.00449775	0.0107242	0.0505506	0.284953
196	0.0100209	0.043868	0.249625	0.005997	0.0105118	0.0481275	0.255184
197	0.0100209	0.0453994	0.254565	0.0089955	0.0105118	0.0463523	0.232788
198	0.0100209	0.0454248	0.25076	0.00749625	0.0107978	0.0443452	0.219324
199	0.0100209	0.0451143	0.246582	0.005997	0.0108701	0.0437443	0.213554
200	0.0100209	0.045431	0.246582	0.005997	0.0117595	0.0429569	0.218826
201	0.0100209	0.0461441	0.246582	0.00449775	0.0102244	0.0425767	0.183765
202	0.0100209	0.0468468	0.258551	0.00449775	0.0102244	0.0427752	0.183765
203	0.0100209	0.0469116	0.254565	0	0.0102244	0.0426025	0.183765
204	0.010114	0.0482874	0.283703	0.0029985	0.0102244	0.0424239	0.191067
205	0.0100209	0.0500274	0.291886	0.0029985	0.0102244	0.0421496	0.181683
206	0.0100209	0.051283	0.322037	0.00149925	0.0102244	0.041994	0.174347
207	0.0100209	0.0534019	0.3746	0.00149925	0.0102244	0.0422948	0.174347
208	0.0100209	0.0529495	0.3746	0.00149925	0.0102244	0.0429132	0.191067
209	0.0100209	0.0535193	0.387664	0.00149925	0.0102244	0.0428312	0.183765
210	0.0100209	0.0548041	0.406126	0.00149925	0.010238	0.0426718	0.175466
211	0.0100209	0.0561293	0.422233	0.00149925	0.0104547	0.0420443	0.174347
212	0.0100209	0.0584775	0.406126	0.00149925	0.0102244	0.0411586	0.163782
213	0.0100209	0.0597301	0.443999	0.00149925	0.0104547	0.0402584	0.16031
214	0.0102676	0.0630554	0.473732	0.0029985	0.0103243	0.0401187	0.16031
215	0.0101058	0.0652908	0.470053	0.00449775	0.0103243	0.0404517	0.163782
216	0.0100209	0.0687842	0.516445	0.0104948	0.010238	0.0396231	0.14809
217	0.0100209	0.0707108	0.516445	0.0089955	0.010238	0.0395667	0.14492
218	0.0100209	0.0757216	0.625679	0.0194903	0.0107242	0.0409084	0.163782
219	0.0100209	0.0800397	0.705538	0.0209895	0.0106243	0.0409666	0.16031
220	0.0100209	0.0870361	0.807846	0.0284858	0.0103243	0.0403918	0.14809
221	0.010114	0.0958633	1.04506	0.0524738	0.0104547	0.0410522	0.159767
222	0.0100209	0.12421	2.27426	0.10045	0.0103243	0.0425932	0.16031
223	0.0101481	0.0908788	1.04506	0.0524738	0.0107588	0.0415648	0.16031
224	0.0100209	0.076917	0.634992	0.0284858	0.0115672	0.0422856	0.174347
225	0.0103157	0.0671399	0.469931	0.0149925	0.0115672	0.0427394	0.174347
226	0.0100209	0.0636143	0.422233	0.011994	0.0115672	0.0434696	0.174646
227	0.0100209	0.0607692	0.387664	0.00749625	0.0107425	0.0438907	0.172489
228	0.0100209	0.0604242	0.382149	0.0029985	0.0101225	0.0442265	0.16785
229	0.0100209	0.0585249	0.382149	0.0029985	0.0101225	0.045302	0.172489
230	0.0100209	0.0570741	0.373752	0.00149925	0.0101225	0.0448549	0.171579
231	0.0102825	0.0556099	0.361858	0.00149925	0.0101225	0.0462301	0.174347
232	0.0102825	0.0555414	0.360604	0.0029985	0.0100553	0.0477228	0.204714
233	0.0100838	0.0536115	0.317024	0.00149925	0.0100553	0.0519449	0.253941
234	0.0100838	0.0532281	0.313527	0	0.0101677	0.0585888	0.32992
235	0.0102825	0.0514589	0.297464	0.00149925	0.0100553	0.058784	0.296823
236	0.0100838	0.0512952	0.280967	0.00149925	0.0100553	0.0600796	0.296823
237	0.0102825	0.0503554	0.280967	0.0029985	0.0100553	0.0617287	0.318494
238	0.0100838	0.0496471	0.26672	0.0029985	0.0100553	0.0657017	0.370601
239	0.0102825	0.0485223	0.26344	0.00149925	0.0100553	0.0676512	0.41405
240	0.0100676	0.0477391	0.248245	0.00149925	0.0109308	0.0738694	0.598284
241	0.0102825	0.0475661	0.260091	0	0.0107425	0.0780086	0.598284
242	0.0102825	0.047174	0.26344	0.0029985	0.0107425	0.0802636	0.620604
243	0.0100676	0.0453561	0.260091	0.00149925	0.0100553	0.0840119	0.606287
244	0.0100838	0.0449392	0.26672	0.0029985	0.0100553	0.0903923	0.658792
245	0.0101481	0.0441071	0.261353	0	0.0100553	0.0940497	0.64346
246	0.0103157	0.0438947	0.265531	0	0.0101677	0.0935824	0.658792
247	0.0103157	0.0440325	0.261353	0.00149925	0.0112158	0.0932413	0.796196
248	0.0103157	0.0439339	0.261353	0.00149925	0.0111007	0.0855615	0.612053
249	0.0101649	0.0433777	0.226797	0.00149925	0.0118221	0.0832514	0.623688
250	0.0103157	0.0430345	0.226797	0.00149925	0.0118221	0.0824378	0.623688
251	0.0101649	0.0429375	0.218278	0.00149925	0.0118221	0.0852628	0.623688
252	0.0103157	0.04361	0.231184	0.00149925	0.0112158	0.0854803	0.610727
253	0.0103462	0.0441336	0.237424	0.0029985	0.0112158	0.0881438	0.658792
254	0.0103462	0.0437424	0.237424	0.0029985	0.0108673	0.0927311	0.658792
255	0.0103462	0.0435069	0.237424	0.0029985	0.0101677	0.0976298	0.658792
256	0.0103462	0.0433433	0.238212	0.00149925	0.0106985	0.0978551	0.697509
257	0.0103462	0.0431105	0.238212	0.0029985	0.0109907	0.0991682	0.697509
258	0.0101649	0.0430756	0.231184	0.00449775	0.010344	0.106793	0.8298
259	0.0103462	0.0428007	0.226797	0.0029985	0.0109907	0.114816	1.51751
260	0.0101649	0.0418082	0.226797	0.0029985	0.010344	0.119135	1.61434
261	0.0100045	0.041902	0.230873	0.005997	0.0109907	0.125397	2.09907
262	0.0100123	0.0418067	0.226797	0.005997	0.010344	0.128715	2.13345
263	0.0100045	0.0408513	0.218654	0.005997	0.010344	0.140173	2.62336
264	0.0100045	0.0399013	0.207223	0.00449775	0.010344	0.145172	3.03728
265	0.0100045	0.0407011	0.218278	0.00749625	0.0112158	0.154312	4.26583
266	0.0100045	0.0404958	0.223426	0.005997	0.010344	0.167144	4.36475
267	0.0100045	0.0405703	0.223426	0.005997	0.010344	0.164857	4.69282
268	0.0100045	0.0400551	0.218654	0.0029985	0.010344	0.203212	9.01766
269	0.0103462	0.038408	0.207223	0	0.010392	0.206406	9.24882
270	0.0100045	0.0391157	0.207223	0.00149925	0.010344	0.2066	9.24882
271	0.0100045	0.0388946	0.207223	0.00149925	0.0104286	0.233967	11.6131
272	0.0103462	0.0387958	0.220663	0.00149925	0.0104286	0.252857	11.6131
273	0.0103462	0.038788	0.218654	0	0.0104286	0.276288	14.4438
274	0.0100045	0.0385759	0.207223	0.00149925	0.0104286	0.283689	14.4438
275	0.0100045	0.0383236	0.205554	0.0029985	0.0104286	0.329278	17.3889
276	0.0101178	0.0375235	0.220663	0	0.0104286	0.336926	17.3889
277	0.0100045	0.0371887	0.215709	0	0.0103433	0.318474	17.3889
278	0.0100045	0.0369807	0.207223	0	0.0103433	0.292739	22.8534
279	0.0100045	0.0363884	0.194439	0	0.0103433	0.29332	31.0557
280	0.0100045	0.0369996	0.215709	0.00149925	0.0103433	0.295803	25.245
281	0.0100045	0.0366635	0.207223	0.00149925	0.0103433	0.281817	22.5008
282	0.0101499	0.0370354	0.218654	0.00149925	0.0103433	0.286521	22.8534
283	0.0101178	0.0380151	0.220663	0.00449775	0.0103433	0.244883	17.28
284	0.0103462	0.0376256	0.223426	0.0029985	0.0103433	0.240431	13.4575
285	0.0101649	0.0382404	0.230873	0.00449775	0.0103433	0.264304	13.7738
286	0.0100045	0.0377253	0.223426	0.00149925	0.0103433	0.323382	20.1708
287	0.0101178	0.0375574	0.220663	0	0.0101115	0.331782	20.1708
288	0.0100045	0.0376723	0.218654	0	0.0101115	0.33492	21.5853
289	0.0100045	0.0375587	0.223426	0	0.0101115	0.347148	21.6438
290	0.0100045	0.0374442	0.230873	0	0.0103433	0.361603	27.84
291	0.0100045	0.0372151	0.239549	0	0.0101115	0.330091	25.7927
292	0.0100045	0.0370715	0.242336	0.0029985	0.0101115	0.334351	27.84
293	0.0100045	0.0375455	0.260558	0.00749625	0.0103433	0.317873	32.5076
294	0.0100045	0.0371673	0.260558	0.00749625	0.0101115	0.309241	29.3443
295	0.0100045	0.0369041	0.232421	0.005997	0.0101115	0.30071	29.3443
296	0.0101452	0.0364553	0.218654	0.00449775	0.0101115	0.292716	31.4513
297	0.0100045	0.0362303	0.213129	0.00149925	0.0101115	0.281405	26.4043
298	0.0101452	0.0363034	0.213129	0.00149925	0.0101115	0.277746	21.7602
299	0.0101452	0.0366353	0.218654	0.00149925	0.0101115	0.280055	19.6953
300	0.0100045	0.0367768	0.218654	0.00149925	0.0103433	0.285949	21.9023
301	0.0100045	0.0367669	0.218852	0.00149925	0.0101115	0.290467	21.9023
302	0.0100045	0.0384089	0.262924	0.00449775	0.0101115	0.272442	15.4367
303	0.0100045	0.040227	0.299218	0.0104948	0.0101115	0.283321	18.1804
304	0.0101452	0.0399615	0.299218	0.00749625	0.0101115	0.303523	21.7602
305	0.0100045	0.0391052	0.262924	0.00149925	0.0101115	0.303121	36.1777
306	0.0101452	0.0390414	0.262924	0.00149925	0.0103433	0.315306	51.8932
307	0.0101488	0.0381572	0.230687	0	0.0101115	0.316065	51.8932
308	0.0101488	0.038139	0.230687	0	0.0101689	0.296137	56.7051
309	0.0101488	0.0380703	0.230687	0	0.010148	0.262108	26.7292
310	0.0100045	0.0376362	0.218852	0	0.0101689	0.246143	26.694
311	0.0101452	0.0374159	0.218278	0.00149925	0.010148	0.203971	21.9023
312	0.0100045	0.0380148	0.218852	0.0029985	0.010148	0.165831	20.7866
313	0.0100045	0.0384642	0.223426	0.00149925	0.010148	0.155446	20.7866
314	0.0100045	0.0374481	0.212299	0.00149925	0.010148	0.162246	23.3685
315	0.0101452	0.0373567	0.206663	0.00149925	0.0101689	0.187316	26.7292
316	0.0101488	0.0375388	0.206663	0.00149925	0.0102899	0.192138	26.7292
317	0.0101452	0.0377772	0.205899	0.00149925	0.0101689	0.180292	22.4809
318	0.0101452	0.0380514	0.21581	0.0029985	0.010148	0.187224	20.4348
319	0.0101452	0.0375816	0.205899	0.00449775	0.0100527	0.186632	19.9077
320	0.0101452	0.0374552	0.205899	0.00149925	0.010148	0.198865	22.7321
321	0.0101245	0.037616	0.205899	0.00149925	0.0100894	0.190702	23.3685
322	0.0101245	0.0375368	0.21581	0.00149925	0.0100527	0.208667	23.3485
323	0.0101245	0.0375293	0.21581	0.00149925	0.0100527	0.229329	22.7321
324	0.0101245	0.0386543	0.218852	0.00449775	0.0100527	0.240333	21.7545
325	0.0101245	0.0390173	0.226622	0.005997	0.0100527	0.25328	22.7321
326	0.0101245	0.0390515	0.227945	0.005997	0.0100527	0.25332	22.7321
327	0.0101245	0.0390426	0.227945	0.005997	0.0100894	0.2404	18.9484
328	0.0101245	0.039549	0.240218	0.005997	0.0100894	0.22305	18.9484
329	0.0101488	0.0388339	0.230687	0.00149925	0.0100894	0.200364	16.5864
330	0.0102599	0.0391161	0.230687	0.00149925	0.0101689	0.175708	15.5507
331	0.0101245	0.039107	0.230687	0.00449775	0.0104453	0.163182	15.5507
332	0.0101245	0.0395288	0.237929	0.005997	0.0103782	0.181636	15.5507
333	0.0100921	0.0393073	0.240969	0.00149925	0.0100161	0.22842	19.9077
334	0.0100921	0.0393147	0.243993	0.00149925	0.0100161	0.260519	25.1151
335	0.0100921	0.039655	0.253731	0.00149925	0.0100894	0.303109	38.2439
336	0.0100921	0.0395586	0.253731	0	0.0100161	0.372506	51.9008
337	0.0100921	0.039834	0.257783	0.0029985	0.0100161	0.402525	58.8913
338	0.0100921	0.0392296	0.240969	0.0029985	0.0108587	0.440462	64.0497
339	0.0100921	0.0379665	0.218852	0.00149925	0.0105942	0.505983	64.0497
340	0.0100921	0.0366969	0.199042	0	0.0100161	0.585534	64.0497
341	0.010121	0.0363524	0.208242	0	0.0108969	0.664954	70.7123
342	0.0100263	0.0355829	0.191417	0.00149925	0.0100161	0.602342	64.0497
343	0.0100263	0.0351979	0.199042	0	0.0100561	0.56458	64.6846
344	0.0100263	0.0351155	0.203831	0	0.0100161	0.498652	63.6693
345	0.0100921	0.0351343	0.199042	0	0.0103782	0.503862	63.6693
346	0.0100921	0.0352578	0.197823	0	0.0100161	0.45768	59.807
347	0.0100263	0.0355814	0.199042	0.00149925	0.0101022	0.452984	55.0202
348	0.0100921	0.0360677	0.208242	0.00149925	0.0101022	0.427624	55.0202
349	0.0100921	0.0360654	0.19917	0.00149925	0.0100161	0.361377	40.911
350	0.0100263	0.0365242	0.205056	0	0.0101022	0.346835	34.9092
351	0.0100921	0.0369234	0.218852	0	0.0105942	0.387677	55.0202
352	0.0100921	0.0359689	0.205056	0	0.0100161	0.408527	52.6983
353	0.0100263	0.0365685	0.215557	0.00149925	0.0100161	0.372719	38.9115
354	0.0100921	0.0371568	0.218852	0.0029985	0.0100161	0.391561	43.1752
355	0.0100263	0.0371624	0.227479	0.0029985	0.0105942	0.415746	48.2317
356	0.0100921	0.0377392	0.230081	0.0029985	0.0110088	0.461817	53.9737
357	0.0100263	0.0381039	0.242107	0.00449775	0.0110088	0.440167	53.9737
358	0.0100921	0.0375175	0.230081	0.0029985	0.0109544	0.40319	53.9737
359	0.0100718	0.0378991	0.230081	0.0029985	0.011627	0.359519	51.6321
360	0.0100263	0.0388451	0.240441	0.0029985	0.0104066	0.306405	33.904
361	0.0100263	0.0388528	0.240441	0.00149925	0.0105942	0.259008	23.9998
362	0.0100718	0.0392464	0.244899	0.00149925	0.0101941	0.262244	22.839
363	0.0100263	0.0393906	0.240441	0.00149925	0.0105942	0.249919	22.7851
364	0.0100718	0.0398627	0.240441	0.00149925	0.0101941	0.300766	40.4421
365	0.0100718	0.0399173	0.240441	0.0029985	0.0107728	0.343964	43.7545
366	0.0100718	0.0398279	0.234635	0.0029985	0.0107728	0.37152	43.7545
367	0.0100718	0.0401224	0.240441	0	0.0110088	0.347569	43.6466
368	0.0100718	0.0405871	0.240441	0	0.0100953	0.322734	34.0025
369	0.0100718	0.0408696	0.242542	0	0.0100953	0.324918	27.7153
370	0.0100718	0.0412745	0.245207	0	0.0100953	0.324828	26.1473
371	0.010507	0.0409159	0.253731	0	0.0100953	0.311218	20.6512
372	0.0100718	0.0420168	0.249186	0.00449775	0.0101941	0.301184	18.6552
373	0.0100718	0.0439635	0.272318	0.00749625	0.0104066	0.305433	18.6552
374	0.0101111	0.0446844	0.304906	0.011994	0.0100953	0.322318	15.8545
375	0.0100718	0.0460189	0.324297	0.0134933	0.0107415	0.277731	8.41959
376	0.0100718	0.047626	0.352795	0.017991	0.0107415	0.255695	7.49154
377	0.0105707	0.0492046	0.484076	0.0194903
