		omega		Posterior		rho				Synonymous theta			kappa			phi	
Site	Lower	Point	Higher	prob of +ve	Lower	Point	Higher		Lower	Point	Higher	Lower	Point	Higher	Lower	Point	Higher
	95% HPD	estimate	95% HPD	selection	95% HPD	estimate	95% HPD		95% HPD	estimate	95% HPD	95% HPD	estimate	95% HPD	95% HPD	estimate	95% HPD
0	0.011819	0.591486	50.9478	0.41979	0.0100372	0.0873961	1.21177		0.0636575	0.0962572	0.136768	1.30281	2.6829	5.5872	2.4111e+21	4.95178e+31	1.25189e+43
1	0.0117031	0.595949	50.9478	0.415292	0.0100372	0.0821275	0.962845
2	0.0151151	0.564881	70.3512	0.404798	0.0100372	0.0765659	0.786936
3	0.011672	0.522114	50.9478	0.392804	0.0100372	0.0783933	0.776288
4	0.011672	0.483409	49.6794	0.377811	0.0100372	0.0787201	0.786936
5	0.0121771	0.431629	49.6794	0.35982	0.0100372	0.0793716	0.748219
6	0.011672	0.382296	46.3369	0.335832	0.0100372	0.0781606	0.730296
7	0.0123187	0.345802	49.6794	0.305847	0.0100372	0.0777221	0.748219
8	0.0105842	0.309746	43.2849	0.286357	0.0100372	0.0792254	0.75894
9	0.0105842	0.27025	40.1018	0.25937	0.0100372	0.0807883	0.786936
10	0.010534	0.245799	40.1018	0.238381	0.0100372	0.0812359	0.792752
11	0.0101078	0.22756	32.8866	0.224888	0.0100372	0.082085	0.86773
12	0.0101078	0.19486	24.6361	0.2009	0.0100372	0.0857735	1.09369
13	0.010012	0.148994	17.1171	0.154423	0.0101086	0.0958195	1.44357
14	0.010012	0.109828	8.93625	0.0989505	0.0101086	0.10222	1.89075
15	0.010012	0.0847068	1.35573	0.0524738	0.0101086	0.111959	2.75414
16	0.010399	0.0651752	0.268696	0.0029985	0.0101086	0.131291	4.50032
17	0.0106996	0.064264	0.268696	0.0029985	0.0101086	0.149515	10.5147
18	0.0106996	0.0648354	0.268696	0.00149925	0.0101086	0.16201	13.8357
19	0.0108755	0.0640795	0.268117	0.00149925	0.0101258	0.177666	16.1923
20	0.0109402	0.064893	0.268696	0.00149925	0.0101086	0.19126	17.3123
21	0.0108487	0.0651661	0.257877	0.00149925	0.0101086	0.200304	18.8022
22	0.0108901	0.0679593	0.268696	0.00149925	0.0101086	0.226208	22.6349
23	0.0105773	0.069204	0.268696	0.00149925	0.0101086	0.202136	18.0578
24	0.0108487	0.0776371	0.360025	0.0149925	0.0101086	0.190152	24.4325
25	0.0108487	0.0727305	0.279725	0.00749625	0.0101354	0.175084	26.2418
26	0.0112603	0.0708272	0.268117	0.00149925	0.0101086	0.155258	21.2074
27	0.0116397	0.0692482	0.268696	0	0.0101086	0.140534	16.0338
28	0.0116397	0.0667751	0.257749	0	0.0101086	0.116464	12.1399
29	0.0116397	0.0656455	0.255601	0	0.0101086	0.0979474	6.5452
30	0.0124478	0.064294	0.268696	0	0.0101086	0.0724448	1.9137
31	0.0124478	0.0644766	0.260997	0	0.0101086	0.0519874	0.387521
32	0.0124478	0.0646031	0.257337	0	0.0101086	0.0470544	0.335952
33	0.0124478	0.0655341	0.257337	0	0.0101086	0.0441833	0.298194
34	0.0123636	0.0646323	0.260997	0	0.0101559	0.0423471	0.281726
35	0.0124478	0.0660944	0.268696	0.00149925	0.0101086	0.0412777	0.265211
36	0.0124478	0.0678838	0.268696	0.00149925	0.0100904	0.0410698	0.265211
37	0.0117	0.0697798	0.268696	0.00149925	0.0100904	0.0399598	0.241033
38	0.0113381	0.0711066	0.283195	0.00149925	0.0100904	0.0408941	0.25109
39	0.0113381	0.0725777	0.268696	0.00149925	0.0100904	0.0414325	0.25109
40	0.0113381	0.0708275	0.26966	0.00149925	0.0100904	0.0414799	0.255502
41	0.0117	0.0692386	0.26966	0.00149925	0.0100904	0.0410279	0.25109
42	0.0118937	0.0681265	0.26966	0.00149925	0.0100346	0.041404	0.255502
43	0.0122156	0.0661207	0.26966	0.00149925	0.0100904	0.041237	0.25109
44	0.0118937	0.0653279	0.267743	0	0.0100346	0.0417383	0.25109
45	0.0118937	0.0641727	0.267743	0	0.0100346	0.0420486	0.274998
46	0.0118937	0.0636936	0.267743	0	0.0100346	0.0422829	0.283457
47	0.0118937	0.0634573	0.267743	0	0.0100904	0.0418069	0.281726
48	0.0118937	0.0631568	0.268696	0	0.0100346	0.0422531	0.298194
49	0.0113381	0.0636715	0.26966	0	0.0100346	0.042675	0.308559
50	0.0105087	0.0637136	0.26966	0	0.0100346	0.0434679	0.315328
51	0.0112849	0.0641231	0.293783	0	0.0100904	0.0454073	0.33222
52	0.0112849	0.0652506	0.333876	0.00449775	0.0100904	0.0464287	0.333418
53	0.0105087	0.0675337	0.328441	0.00449775	0.0100904	0.0475855	0.346151
54	0.0101378	0.0695927	0.360025	0.0029985	0.0100904	0.0488743	0.365153
55	0.0118937	0.0782808	0.62514	0.011994	0.0100904	0.0509237	0.375705
56	0.0124478	0.0925833	0.88155	0.023988	0.0100904	0.0515017	0.368789
57	0.0105087	0.112035	0.88866	0.0389805	0.0100904	0.0522995	0.376757
58	0.0123636	0.164894	1.38525	0.0824588	0.0100904	0.0512217	0.36401
59	0.0568698	0.549505	2.79407	0.266867	0.0100904	0.051817	0.368789
60	0.0711845	0.453177	2.26013	0.217391	0.0100904	0.0517509	0.348834
61	0.06683	0.440636	2.18038	0.211394	0.0100904	0.0542118	0.383824
62	0.0711845	0.443057	2.21378	0.211394	0.0100904	0.0583196	0.408045
63	0.0607041	0.423368	2.18038	0.208396	0.0101559	0.0652044	0.528869
64	0.0102698	0.137081	1.16513	0.0704648	0.0101559	0.0733115	0.578226
65	0.0102698	0.0884855	0.828067	0.0254873	0.0105704	0.0896725	0.745839
66	0.0102698	0.0636123	0.626647	0.0089955	0.0102179	0.136397	1.2299
67	0.0100531	0.0555075	0.551407	0.0029985	0.0102179	0.193507	3.09587
68	0.0100531	0.0474487	0.457652	0	0.0105901	0.247355	4.37354
69	0.0100531	0.0423785	0.369911	0	0.0105901	0.211542	1.26911
70	0.0100531	0.0386295	0.304284	0	0.0105901	0.219382	1.15713
71	0.01001	0.0350598	0.260071	0	0.0105901	0.223006	1.05728
72	0.01001	0.0331746	0.241251	0	0.0102179	0.236106	1.09807
73	0.0100531	0.0315165	0.211854	0	0.0105901	0.260832	1.24835
74	0.0100531	0.0308406	0.211854	0	0.0251939	0.263932	1.95023
75	0.01001	0.0295142	0.182962	0	0.0289721	0.294926	2.82413
76	0.01001	0.0293492	0.173425	0	0.0506348	0.334677	3.06741
77	0.01001	0.0284176	0.171122	0	0.0645947	0.390144	2.60092
78	0.01001	0.0272995	0.16175	0	0.0506348	0.375066	2.1096
79	0.01001	0.026863	0.151286	0	0.0565444	0.36654	2.45759
80	0.01001	0.0260051	0.135257	0	0.0339061	0.4481	14.7513
81	0.01001	0.0257014	0.11687	0	0.0565444	0.534339	46.8868
82	0.01001	0.0255633	0.114559	0.00149925	0.0802251	0.643395	90.7437
83	0.01001	0.0248096	0.107701	0	0.0789083	0.739742	90.7437
84	0.01001	0.0243864	0.0999208	0	0.0673374	0.743885	97.1537
85	0.01001	0.024292	0.093913	0	0.0309157	0.679455	62.2269
86	0.01001	0.0241859	0.0999208	0.00149925	0.0405055	0.701768	94.9649
87	0.01001	0.0234419	0.0889454	0	0.0393844	0.723121	97.1537
88	0.01001	0.0229662	0.0813516	0	0.035353	0.760505	99.7194
89	0.0100153	0.0229597	0.0813516	0	0.0319916	0.749256	99.7194
90	0.01001	0.0231182	0.0846427	0	0.0268517	0.677024	99.7194
91	0.0100081	0.022938	0.0846427	0	0.0243584	0.641406	99.7194
92	0.0100081	0.0229465	0.0846427	0	0.0218635	0.645122	99.7194
93	0.0100081	0.0225147	0.0759877	0	0.0181415	0.51774	99.7194
94	0.0100081	0.0226207	0.0786988	0	0.010849	0.496881	64.2037
95	0.0100081	0.0227199	0.0786988	0.00149925	0.0106861	0.445689	64.2999
96	0.0100081	0.0226234	0.0764764	0.00149925	0.0106861	0.390744	63.4456
97	0.0100081	0.022347	0.0756884	0	0.0100972	0.386444	58.5978
98	0.0100081	0.022036	0.0743855	0	0.0103177	0.343353	53.3552
99	0.0100037	0.0218049	0.0729776	0	0.0100972	0.308853	47.9232
100	0.0100037	0.0217179	0.0711845	0	0.0100972	0.281374	45.5793
101	0.0100037	0.0215809	0.0697488	0	0.0100972	0.249871	42.0004
102	0.0100037	0.0215567	0.0684092	0	0.0100972	0.214321	41.3701
103	0.0100037	0.0214215	0.0655576	0	0.0100784	0.181668	41.3701
104	0.0100037	0.0216117	0.0703106	0	0.010013	0.144692	30.8573
105	0.0100037	0.0215318	0.0703106	0	0.0100972	0.109616	12.9314
106	0.0100037	0.0217373	0.0711845	0	0.0100784	0.0940981	7.16673
107	0.0100037	0.0218106	0.0711845	0.00149925	0.0100784	0.0740286	1.33577
108	0.0100037	0.0220082	0.0729776	0	0.0100784	0.0649527	0.841451
109	0.0100037	0.0219412	0.0721797	0	0.0100784	0.0513872	0.418564
110	0.0100037	0.0221383	0.0729394	0	0.0100718	0.0481114	0.349507
111	0.0100037	0.0222471	0.0729394	0	0.0100718	0.0463175	0.296333
112	0.0100037	0.0223719	0.0734431	0	0.0100718	0.045208	0.267147
113	0.0100037	0.0224414	0.0734431	0	0.0100718	0.0451333	0.266119
114	0.0100037	0.0222557	0.0747166	0	0.0100718	0.0452116	0.267147
115	0.0100037	0.0221927	0.0729394	0	0.0100718	0.0453497	0.266119
116	0.0100037	0.0224159	0.0744114	0.00149925	0.0100718	0.044627	0.258575
117	0.0100037	0.0229273	0.0786988	0.00149925	0.0100718	0.0437515	0.245997
118	0.0100037	0.0234011	0.0836195	0.00149925	0.0100718	0.0435385	0.240981
119	0.0100037	0.0231783	0.0836195	0	0.0100718	0.0438667	0.244239
120	0.0100037	0.0231873	0.0823612	0	0.0100718	0.0434307	0.241725
121	0.0100037	0.0233281	0.0836195	0	0.0100718	0.0447299	0.260082
122	0.0100037	0.0234425	0.0838162	0	0.0100718	0.0458092	0.263531
123	0.0100037	0.0235434	0.0904227	0	0.0100718	0.0471257	0.277625
124	0.0100037	0.0237572	0.0904227	0	0.0100718	0.0519158	0.370456
125	0.0100037	0.0240472	0.0962712	0	0.0100718	0.0554222	0.590444
126	0.0100037	0.0241845	0.0994209	0	0.0100718	0.0584954	0.778831
127	0.0100037	0.0239413	0.0975579	0	0.0100718	0.0601205	0.861406
128	0.0100037	0.0242306	0.102183	0	0.0100718	0.0646538	1.12037
129	0.0100547	0.0244858	0.108442	0	0.0100152	0.0683561	1.33077
130	0.0100037	0.0247019	0.109031	0	0.0100152	0.0710178	1.64701
131	0.0100547	0.0248091	0.110883	0	0.0100718	0.0757118	1.78663
132	0.0100547	0.0254691	0.116286	0	0.0100718	0.0865225	3.15566
133	0.0100547	0.0259325	0.124265	0	0.0100718	0.0947656	4.81709
134	0.0100547	0.0261936	0.130579	0	0.0100718	0.110048	14.9853
135	0.0100708	0.0274701	0.156989	0.00449775
