		omega		Posterior		rho				Synonymous theta			kappa			phi	
Site	Lower	Point	Higher	prob of +ve	Lower	Point	Higher		Lower	Point	Higher	Lower	Point	Higher	Lower	Point	Higher
	95% HPD	estimate	95% HPD	selection	95% HPD	estimate	95% HPD		95% HPD	estimate	95% HPD	95% HPD	estimate	95% HPD	95% HPD	estimate	95% HPD
0	0.0112533	0.0733972	1.52114	0.106447	0.0125247	0.129764	1.06247		0.0527203	0.0614246	0.0727158	3.86371	5.85239	8.53249	0.337388	8834.53	6.64855e+08
1	0.0114129	0.0648581	1.38733	0.0824588	0.0125247	0.139299	1.13804
2	0.0102145	0.0487269	0.762946	0.0374813	0.0125247	0.155167	1.6077
3	0.0102145	0.0440238	0.500411	0.029985	0.0125247	0.192226	42.6685
4	0.0102145	0.0425351	0.376605	0.0284858	0.0125247	0.194122	42.6685
5	0.0101786	0.0402563	0.295509	0.023988	0.0125247	0.191485	46.637
6	0.0101786	0.0391695	0.281587	0.0224888	0.0125247	0.196809	46.637
7	0.010078	0.0379973	0.235226	0.017991	0.0104615	0.206514	35.5103
8	0.0105843	0.0357771	0.20079	0.0104948	0.0125247	0.229506	47.1524
9	0.0100445	0.0336657	0.161972	0	0.0137441	0.311854	56.5831
10	0.0100445	0.034227	0.170787	0.0029985	0.015962	0.452924	66.9678
11	0.0106593	0.0346953	0.20079	0.00749625	0.0170449	0.637237	66.9678
12	0.0106593	0.0340079	0.20079	0.00749625	0.0141555	0.647321	77.8671
13	0.0100445	0.0328786	0.181453	0	0.0181557	0.624238	77.8671
14	0.010078	0.0315969	0.154231	0	0.0111491	0.352419	38.1899
15	0.010013	0.0313321	0.148926	0	0.0111491	0.291794	27.3733
16	0.0100445	0.0317628	0.154231	0	0.0111491	0.25297	19.6051
17	0.010078	0.0321969	0.154231	0	0.0118523	0.238958	19.6051
18	0.0100445	0.0319456	0.154231	0	0.0111491	0.275043	27.618
19	0.0100445	0.0320114	0.154231	0.00149925	0.0111491	0.517524	39.0234
20	0.010013	0.0310191	0.147222	0.00149925	0.0190447	0.833671	85.4972
21	0.010013	0.0308915	0.146698	0.00149925	0.0190447	0.926365	85.4972
22	0.010013	0.0309147	0.146698	0	0.0190447	0.939951	85.4972
23	0.0100445	0.0304811	0.142869	0	0.0173709	1.0143	62.1128
24	0.010013	0.0304455	0.141512	0	0.0190447	1.21814	61.5404
25	0.010013	0.0299612	0.128628	0	0.0173709	1.20423	58.5347
26	0.010013	0.0289035	0.107524	0	0.0176509	1.11925	56.2136
27	0.010013	0.0278175	0.105318	0	0.0173709	0.883654	49.0209
28	0.010013	0.0277084	0.106353	0	0.0185327	0.595549	39.6625
29	0.010013	0.0274592	0.105318	0	0.0106339	0.444902	16.7706
30	0.010013	0.0269199	0.103698	0	0.0126647	0.410958	16.7706
31	0.010013	0.0263683	0.101403	0	0.0148131	0.383537	14.2022
32	0.010013	0.0261949	0.100799	0	0.0141354	0.394387	14.2022
33	0.010013	0.0265463	0.106353	0.00149925	0.0141354	0.374893	14.2022
34	0.0100702	0.0270738	0.107524	0.00149925	0.0141354	0.403089	14.2022
35	0.0100702	0.0286814	0.119031	0.00149925	0.0186437	0.416168	17.8099
36	0.0100445	0.0293437	0.126769	0.00149925	0.0201214	0.44595	24.2591
37	0.0100702	0.0287843	0.119031	0.00149925	0.0201214	0.531576	25.7231
38	0.0100702	0.0281389	0.114406	0.00149925	0.0218404	0.579565	33.3672
39	0.0100702	0.027425	0.107189	0.00149925	0.0218404	0.635713	33.3672
40	0.0100445	0.0274237	0.106353	0.00149925	0.0154603	0.648494	25.7231
41	0.0100702	0.0277825	0.107387	0.0029985	0.0129323	0.620352	17.8099
42	0.0100445	0.0274065	0.101403	0.0029985	0.0117176	0.577995	15.8893
43	0.0100445	0.0272258	0.0992192	0.00149925	0.0128537	0.580393	15.8893
44	0.0100445	0.0274666	0.0992192	0.00149925	0.0117176	0.628767	15.8893
45	0.0100445	0.027559	0.0992192	0.00149925	0.0128537	0.64807	17.6936
46	0.0100445	0.0276124	0.0992192	0.00149925	0.0128537	0.689587	17.6936
47	0.0100445	0.0275894	0.0992192	0.00149925	0.0128537	0.665174	17.6936
48	0.0101786	0.0277714	0.10868	0.00149925	0.0129323	0.570533	12.0691
49	0.0100035	0.0296062	0.12474	0.0149925	0.0129323	0.583277	12.0691
50	0.0101397	0.0287639	0.12474	0.0089955	0.0129323	0.567926	11.3813
51	0.0101397	0.0282773	0.124699	0.005997	0.0129323	0.554267	11.6746
52	0.0100035	0.0271442	0.119031	0	0.0129323	0.568226	14.3553
53	0.0100035	0.0270578	0.119031	0	0.0129323	0.550197	17.6493
54	0.0100035	0.0271252	0.119031	0	0.0128491	0.616672	22.6154
55	0.0100035	0.0270601	0.114406	0	0.0128491	0.837779	22.6154
56	0.0100035	0.0270393	0.114406	0	0.043972	0.895394	80.7068
57	0.0100035	0.0273763	0.119031	0	0.0485627	0.929768	80.7068
58	0.0101397	0.0279	0.124699	0	0.0501589	0.89196	80.7068
59	0.0101786	0.0275925	0.12474	0	0.0485627	0.891371	80.7068
60	0.0101397	0.0279017	0.124699	0.00149925	0.0501589	0.836705	80.7068
61	0.0100035	0.0276715	0.114406	0.00449775	0.0503851	0.915533	80.7068
62	0.0100035	0.0271576	0.101472	0.00749625	0.0427578	1.04472	56.0763
63	0.0100445	0.0266068	0.0996239	0.0029985	0.0489044	1.07981	74.5723
64	0.0100445	0.0264759	0.0992192	0.0029985	0.0503851	1.0135	80.7068
65	0.0100035	0.0261047	0.0949728	0.00149925	0.0184005	0.961726	25.9237
66	0.0100035	0.0258675	0.0949728	0.00149925	0.0166996	0.923436	25.9237
67	0.0100035	0.0255974	0.0947628	0.00149925	0.0166724	0.9464	25.9237
68	0.0100035	0.0247456	0.0928235	0	0.0217943	1.04482	33.1302
69	0.0100035	0.0247594	0.0928235	0	0.0217943	1.0668	31.9167
70	0.0100035	0.0247038	0.0928235	0	0.0191776	1.00931	31.9167
71	0.0100035	0.0247252	0.0928235	0	0.0130656	1.00746	21.8877
72	0.0100445	0.0250813	0.0992192	0	0.0106424	0.973711	32.939
73	0.0100035	0.0255165	0.103459	0	0.0106424	0.906604	43.6111
74	0.0100035	0.0258348	0.106353	0	0.0158158	0.936782	86.104
75	0.0100035	0.0255285	0.103459	0	0.0166996	0.884316	86.104
76	0.0100035	0.0255049	0.106353	0	0.0177874	0.920461	98.4027
77	0.0100035	0.0256923	0.10868	0	0.0178143	1.18071	98.4027
78	0.0100445	0.0251964	0.102002	0	0.019624	1.32247	98.4027
79	0.0100035	0.0250143	0.0992192	0	0.019624	1.22564	98.4027
80	0.0100035	0.0250172	0.0992192	0	0.0166996	1.25168	98.4027
81	0.0100035	0.0249829	0.0992192	0	0.0166724	1.26774	98.4027
82	0.0100035	0.0253511	0.0992192	0	0.0166724	1.34344	98.4027
83	0.0100035	0.0255945	0.0992192	0	0.0166996	0.926545	98.4027
84	0.0100035	0.0258665	0.101989	0	0.0166996	0.752232	98.4027
85	0.0100035	0.0258948	0.103459	0	0.0166996	0.643359	98.4027
86	0.0101353	0.026493	0.114406	0	0.0158158	0.497587	98.4027
87	0.0101397	0.0264991	0.114406	0	0.0151586	0.44344	98.4027
88	0.0101353	0.0280251	0.116188	0.017991	0.0100645	0.321257	51.3255
89	0.0100035	0.0262439	0.106037	0.0029985	0.0100645	0.261458	24.9344
90	0.0100035	0.0258801	0.102002	0	0.0100645	0.256422	25.2874
91	0.0100035	0.026269	0.110752	0	0.0100645	0.261868	25.7518
92	0.0103137	0.0262837	0.116188	0	0.0100645	0.214167	13.6486
93	0.0103137	0.0261853	0.116188	0	0.0100645	0.166915	4.42758
94	0.0103137	0.0262221	0.117361	0	0.0106424	0.121448	2.54274
95	0.0100035	0.0280181	0.13116	0.0029985	0.0106424	0.110182	1.9157
96	0.0101353	0.0272338	0.13116	0	0.0104241	0.0944864	1.46374
97	0.0101353	0.0265446	0.12281	0	0.0104241	0.0884115	1.46374
98	0.0100035	0.026267	0.119494	0	0.0102206	0.0734199	0.832741
99	0.0101397	0.0254268	0.116188	0	0.0100785	0.05856	0.382703
100	0.0101353	0.0255362	0.116188	0	0.0100785	0.056607	0.296905
101	0.0101353	0.0263471	0.116188	0	0.0100785	0.0547976	0.283961
102	0.0101397	0.0263004	0.117361	0	0.0102206	0.05153	0.255453
103	0.0100035	0.0265568	0.117361	0	0.0102206	0.0484308	0.250094
104	0.0100035	0.026828	0.12281	0	0.0100785	0.046626	0.244715
105	0.0100035	0.0266971	0.12281	0	0.0100007	0.0447535	0.240469
106	0.0100035	0.0266788	0.119214	0	0.0100785	0.0435608	0.215463
107	0.0100035	0.0262378	0.113934	0	0.0100785	0.0431928	0.215463
108	0.0100035	0.0262362	0.113873	0.0029985	0.0100007	0.0426778	0.204191
109	0.0100035	0.026576	0.115503	0.0029985	0.0100785	0.0423468	0.215463
110	0.0100035	0.0271895	0.132405	0.0029985	0.0100785	0.0421967	0.215463
111	0.0100035	0.0269887	0.130798	0.0029985	0.0100785	0.0424524	0.215463
112	0.0100035	0.0261051	0.112939	0	0.0100007	0.0419912	0.204191
113	0.0100035	0.0261759	0.112938	0	0.0100785	0.0429139	0.215463
114	0.0100035	0.0259422	0.109503	0.00149925	0.0100007	0.0434443	0.215463
115	0.0100035	0.0253481	0.0947628	0.00149925	0.0100007	0.0438745	0.215463
116	0.0100302	0.0256047	0.103554	0	0.0100007	0.0473145	0.244715
117	0.0100302	0.0258986	0.103554	0	0.0100007	0.0476336	0.290256
118	0.0100035	0.0258347	0.0926222	0	0.0100007	0.0493431	0.340797
119	0.0100035	0.0259467	0.0947628	0	0.0100007	0.0890428	19.1609
120	0.0100035	0.0258944	0.0939897	0	0.0104241	0.156447	22.2119
121	0.0100035	0.0258463	0.0964492	0	0.0104241	0.194013	21.0838
122	0.0100035	0.025692	0.0975936	0	0.0101525	0.199359	20.2385
123	0.0100035	0.0256924	0.0964492	0	0.0101525	0.184091	16.4254
124	0.0100035	0.0256109	0.0947628	0	0.0100007	0.223345	21.3178
125	0.0100035	0.0255188	0.0919056	0	0.0100007	0.280463	43.5792
126	0.0100035	0.0255761	0.0914599	0	0.0100007	0.319051	52.3304
127	0.0100035	0.0255905	0.0914599	0	0.0136893	0.400413	73.4932
128	0.0100035	0.0258102	0.0975936	0	0.0136893	0.516874	73.4932
129	0.0100035	0.0260724	0.111047	0	0.0132037	0.632268	73.4932
130	0.0100035	0.0263394	0.111047	0	0.0139193	0.846512	73.4932
131	0.0101397	0.0266723	0.113936	0	0.0139193	0.930456	73.4932
132	0.0101094	0.0268815	0.113936	0	0.0176588	1.14063	89.9734
133	0.0101094	0.0272473	0.113936	0	0.0456165	1.7782	92.3596
134	0.0100035	0.0280358	0.115503	0	0.058432	2.36294	89.9734
135	0.0100035	0.028563	0.115503	0	0.0537851	2.051	88.7248
136	0.0100035	0.029757	0.124332	0	0.0386986	1.50692	91.0267
137	0.0100035	0.0314481	0.132405	0	0.032489	1.09359	95.7733
138	0.0101094	0.0315106	0.128299	0	0.024812	0.779942	95.7733
139	0.0100035	0.0326803	0.139826	0	0.0206993	0.57242	91.0267
140	0.0101094	0.0345117	0.162421	0.00149925	0.0206993	0.421944	88.7248
141	0.0100035	0.035198	0.164694	0.0029985	0.0100373	0.206609	24.7696
142	0.0101094	0.03543	0.165141	0.0029985	0.0103276	0.120054	0.857271
143	0.0100035	0.0356308	0.164694	0	0.0103276	0.111607	0.764655
144	0.0100035	0.0355259	0.158409	0	0.0103276	0.109803	0.723014
145	0.0100035	0.0350957	0.145655	0	0.0124034	0.103427	0.726019
146	0.0100035	0.0353388	0.162134	0	0.0103276	0.101637	0.52083
147	0.0100035	0.0354613	0.168008	0	0.0103276	0.0992915	0.500908
148	0.0100035	0.0356354	0.164694	0	0.0103276	0.0991066	0.500908
149	0.0101094	0.0359465	0.177726	0	0.0103276	0.0956053	0.500908
150	0.0101094	0.0368344	0.192842	0	0.0103276	0.0970153	0.52083
151	0.0100035	0.0374256	0.192328	0.00149925	0.0103276	0.10364	0.521999
152	0.0101094	0.0381712	0.21085	0.00149925	0.0103276	0.10672	0.52083
153	0.0101094	0.0391446	0.211496	0.00149925	0.0103276	0.109138	0.521999
154	0.0101094	0.0399445	0.21085	0.00149925	0.0103276	0.107448	0.521999
155	0.0100035	0.0410765	0.211496	0.00149925	0.0103276	0.105246	0.500908
156	0.0100035	0.0419557	0.211496	0	0.013701	0.110869	0.656738
157	0.0100035	0.0414142	0.204527	0	0.0103276	0.111314	0.513581
158	0.0100035	0.0419038	0.21085	0	0.0105585	0.109998	0.500908
159	0.0101094	0.0452752	0.242553	0	0.0103276	0.110013	0.500908
160	0.0100035	0.0469147	0.244898	0	0.0103276	0.108888	0.521999
161	0.010392	0.0527855	0.263507	0	0.0112975	0.10347	0.500908
162	0.010392	0.0607806	0.365069	0	0.0112975	0.106888	0.500908
163	0.0107779	0.0686657	0.474805	0.0029985	0.0112975	0.107614	0.500908
164	0.0110636	0.0752129	0.57075	0.00749625	0.0143098	0.112664	0.656738
165	0.0107779	0.0857165	0.657982	0.0164918	0.0102934	0.106755	0.521999
166	0.0119094	0.0942439	0.8396	0.0209895	0.0102934	0.103896	0.521999
167	0.0116341	0.100235	0.859342	0.0314843	0.0102934	0.106761	0.578098
168	0.0110636	0.095451	0.71135	0.0194903	0.0103276	0.105356	0.613528
169	0.0110636	0.0915933	0.657982	0.0134933	0.0102934	0.103706	0.61794
170	0.0110636	0.0890993	0.630508	0.0089955	0.0105585	0.0956242	0.578098
171	0.0110636	0.0912884	0.703526	0.0134933	0.0105585	0.0924247	0.578098
172	0.0110636	0.0918221	0.703526	0.011994	0.0101414	0.088731	0.439394
173	0.0110636	0.0927173	0.703526	0.011994	0.0101414	0.0870094	0.475859
174	0.0108	0.0819882	0.615214	0.00749625	0.0101414	0.0861792	0.540353
175	0.0110636	0.0672197	0.553098	0.00749625	0.0103276	0.0786853	0.381466
176	0.0100643	0.0586159	0.412456	0.00749625	0.0103276	0.0763563	0.381466
177	0.0107867	0.0555445	0.397686	0.00749625	0.0103276	0.0734998	0.381466
178	0.0100643	0.0488915	0.258765	0.00749625	0.0101414	0.0738306	0.381466
179	0.0106406	0.0463002	0.24465	0.00449775	0.0101414	0.0724137	0.371537
180	0.0106406	0.0439823	0.239666	0.00449775	0.0103276	0.0713194	0.381466
181	0.0107867	0.0417108	0.233187	0.00449775	0.0101414	0.0700147	0.369287
182	0.010567	0.0400393	0.19883	0.0029985	0.0103276	0.067567	0.371537
183	0.010567	0.0390418	0.19883	0.0029985	0.0101414	0.0663301	0.369287
184	0.0100643	0.0377667	0.169446	0.00449775	0.0101414	0.0649193	0.369287
185	0.0100643	0.0373275	0.169446	0.005997	0.0103276	0.0644589	0.371537
186	0.0101994	0.0359921	0.169713	0.0029985	0.0101414	0.0620969	0.331448
187	0.0107867	0.0345878	0.169713	0.00149925	0.0101414	0.0612163	0.319838
188	0.0107867	0.0341167	0.169446	0	0.0101414	0.0606034	0.306954
189	0.0103227	0.0338852	0.162271	0	0.0112975	0.0578324	0.319838
190	0.0100643	0.0339636	0.162134	0	0.0101414	0.0570572	0.277953
191	0.0102876	0.0332735	0.162271	0	0.0105585	0.0546192	0.259417
192	0.0100643	0.0321815	0.154411	0	0.0103276	0.0549791	0.256529
193	0.0101676	0.0318801	0.154411	0	0.0105585	0.0533338	0.256529
194	0.0107477	0.0316214	0.162271	0	0.0105585	0.0526168	0.256529
195	0.0102876	0.0315951	0.154411	0	0.0112975	0.0516404	0.259012
196	0.0100643	0.030938	0.144246	0	0.0112975	0.0525981	0.267642
197	0.0100643	0.0299618	0.140877	0	0.0112975	0.0524084	0.259417
198	0.0100643	0.0295971	0.140877	0	0.0112975	0.0511383	0.253773
199	0.0100643	0.0295877	0.140877	0	0.0105585	0.0544963	0.25596
200	0.0100643	0.0295587	0.140877	0	0.0112975	0.0526579	0.259012
201	0.0100643	0.029762	0.149873	0.00149925	0.0112975	0.0530895	0.259814
202	0.0101676	0.0294228	0.140877	0	0.0103276	0.0555411	0.259814
203	0.0101994	0.028985	0.140877	0.0029985	0.0100416	0.054298	0.259814
204	0.0101984	0.0287101	0.14073	0.00149925	0.0100416	0.0544855	0.269932
205	0.0101676	0.028398	0.134619	0	0.0102459	0.0560531	0.288641
206	0.0100643	0.0281753	0.127205	0	0.0101194	0.0565152	0.288641
207	0.0100643	0.0282442	0.126994	0	0.0101194	0.0551892	0.259814
208	0.0101984	0.027651	0.123742	0	0.0101194	0.0571658	0.299946
209	0.0100643	0.0270827	0.114972	0	0.0101194	0.0560161	0.288641
210	0.0100643	0.0271766	0.114517	0	0.0101194	0.0569271	0.306288
211	0.0100643	0.0264951	0.105872	0	0.0101194	0.0565304	0.306288
212	0.0100643	0.0263883	0.105872	0	0.0110603	0.0561953	0.319114
213	0.0100643	0.0261685	0.105872	0	0.0103276	0.0556557	0.288641
214	0.0100643	0.0259833	0.105872	0	0.0110019	0.0562754	0.319114
215	0.0100643	0.0259675	0.105867	0	0.0103276	0.0551162	0.275398
216	0.0101042	0.0258819	0.106221	0	0.0103276	0.0526377	0.238498
217	0.0100643	0.0256004	0.104376	0	0.0103276	0.0521446	0.236329
218	0.0100643	0.0258386	0.104376	0	0.0103276	0.0504394	0.212126
219	0.0100643	0.0261979	0.106221	0	0.0103276	0.0504928	0.20788
220	0.0100643	0.0256604	0.0992688	0	0.0103276	0.0517187	0.238498
221	0.0100643	0.0258862	0.105872	0	0.0105585	0.0512611	0.247284
222	0.0100643	0.0263281	0.111978	0	0.0103276	0.051426	0.242036
223	0.0100643	0.0263564	0.111978	0	0.0103276	0.0518007	0.244691
224	0.0101042	0.0268695	0.123229	0	0.0102718	0.0521473	0.259814
225	0.0101042	0.026923	0.123229	0	0.0102718	0.0524596	0.259814
226	0.0101042	0.0267177	0.123229	0	0.0102718	0.0514766	0.242036
227	0.0101042	0.0260855	0.113406	0	0.0102718	0.0508509	0.244691
228	0.0101042	0.0266021	0.150389	0.0029985	0.0103276	0.0523652	0.244691
229	0.0101042	0.0271553	0.155862	0.0104948	0.0103276	0.052199	0.244691
230	0.0101042	0.0255312	0.11791	0.0029985	0.0103276	0.0528905	0.247284
231	0.0101042	0.0259311	0.11791	0.005997	0.0103276	0.0536986	0.252416
232	0.0101042	0.0258965	0.118979	0.0029985	0.0103276	0.0542798	0.252914
233	0.0101042	0.0257468	0.140448	0.0029985	0.0102718	0.0540074	0.247284
234	0.0101676	0.0262296	0.144675	0.0029985	0.0103276	0.055657	0.252914
235	0.0101042	0.0259864	0.13545	0.0029985	0.0102718	0.0566773	0.268569
236	0.0101042	0.0255952	0.113406	0.0029985	0.0105585	0.0584035	0.353857
237	0.0101676	0.0251809	0.10883	0.0029985	0.0103276	0.0566154	0.277373
238	0.0101042	0.0254838	0.106221	0.0029985	0.0102718	0.0557682	0.252416
239	0.0101676	0.0253339	0.10883	0.0029985	0.0103276	0.0563551	0.264114
240	0.0101042	0.0256708	0.111978	0.0029985	0.0103276	0.0555155	0.264114
241	0.0101042	0.0254013	0.111978	0.0029985	0.0103276	0.0551961	0.271199
242	0.0101042	0.0248161	0.103879	0.0029985	0.0103276	0.0556818	0.277373
243	0.0101676	0.0245663	0.0992688	0.0029985	0.0104586	0.0575652	0.353857
244	0.0101676	0.0248345	0.105872	0.0029985	0.0103276	0.0579719	0.353857
245	0.0101833	0.0249875	0.10883	0.0029985	0.0104586	0.0574672	0.353857
246	0.0101676	0.0248478	0.105872	0	0.0100668	0.0572326	0.301892
247	0.0101676	0.0248556	0.105872	0	0.0100668	0.0565616	0.277373
248	0.0101833	0.024544	0.0992688	0	0.0100668	0.0564578	0.277373
249	0.0101833	0.02457	0.0965822	0	0.0100668	0.0561905	0.277373
250	0.0101676	0.0245818	0.0965822	0	0.0103276	0.0549233	0.2809
251	0.0101676	0.0245109	0.0965822	0	0.0103276	0.0541384	0.2809
252	0.0101676	0.0249934	0.100042	0.0029985	0.0105585	0.0523034	0.2809
253	0.0101833	0.025856	0.10883	0.00149925	0.0105585	0.0520251	0.2809
254	0.0101676	0.0265431	0.113445	0.0029985	0.0100049	0.0481992	0.242036
255	0.0101676	0.0260147	0.104462	0	0.0103276	0.0476128	0.247284
256	0.0101676	0.0260016	0.105872	0	0.0103276	0.0461772	0.242036
257	0.0101676	0.0259084	0.104462	0	0.010556	0.04642	0.247284
258	0.0101676	0.0261406	0.105872	0	0.0100049	0.0455518	0.228856
259	0.0101676	0.0260536	0.104462	0	0.0100049	0.0436683	0.221913
260	0.0101676	0.0258075	0.102832	0	0.0100668	0.0428073	0.195149
261	0.0101676	0.0258364	0.103879	0	0.0100668	0.0430935	0.221913
262	0.0101676	0.0257252	0.103879	0	0.0100049	0.0441068	0.242009
263	0.0101676	0.0257721	0.103373	0	0.010556	0.044052	0.282628
264	0.0101676	0.0260693	0.103879	0	0.0101303	0.0435284	0.282628
265	0.0101833	0.0259199	0.103373	0	0.0104586	0.0432381	0.282628
266	0.0101676	0.0265935	0.103964	0	0.010556	0.0430407	0.282628
267	0.0101833	0.0269955	0.10883	0	0.0100049	0.0421113	0.247284
268	0.0101676	0.0265954	0.107092	0	0.0100049	0.0412703	0.247284
269	0.0101676	0.0263892	0.103964	0	0.0100503	0.0403141	0.20788
270	0.0101676	0.0272047	0.105872	0	0.0100049	0.0405801	0.191581
271	0.0101676	0.0274918	0.107092	0	0.0100049	0.0390456	0.175114
272	0.0101833	0.0279868	0.11525	0.00149925	0.0100503	0.0385931	0.178281
273	0.0101833	0.0276151	0.112328	0	0.0103094	0.0380284	0.178281
274	0.0101676	0.0274515	0.109592	0	0.0103094	0.036634	0.178281
275	0.0101833	0.0273059	0.10883	0	0.0100668	0.0369361	0.178003
276	0.0101833	0.0277448	0.109592	0	0.0102351	0.0366334	0.178281
277	0.0101833	0.0271314	0.104462	0	0.010556	0.0362446	0.178281
278	0.0101833	0.0263873	0.102552	0	0.0109349	0.0363779	0.178003
279	0.010098	0.0261861	0.100456	0	0.0100049	0.0342409	0.127931
280	0.0101833	0.0264422	0.103373	0	0.0100049	0.0339971	0.121861
281	0.010098	0.0265802	0.104462	0	0.0100049	0.0341517	0.126578
282	0.010098	0.0263705	0.104462	0	0.0100049	0.0336922	0.123188
283	0.0101833	0.0265558	0.10883	0	0.0100198	0.0334954	0.12101
284	0.0101833	0.0264521	0.10883	0	0.0100049	0.0340039	0.126578
285	0.010098	0.0262101	0.103373	0.00149925	0.0100049	0.0339607	0.121861
286	0.010098	0.0244237	0.0863978	0	0.0100049	0.0343169	0.121861
287	0.010098	0.0244417	0.0868041	0	0.0100049	0.0349233	0.126578
288	0.010098	0.0247891	0.0926829	0	0.0100198	0.0351496	0.132598
289	0.010098	0.0247376	0.0926829	0	0.0100049	0.0353174	0.132598
290	0.010098	0.0245332	0.0926829	0	0.0100049	0.0349029	0.13214
291	0.010098	0.0247442	0.094359	0	0.0100049	0.034607	0.126578
292	0.010098	0.0245889	0.0926829	0	0.0100049	0.0351578	0.132598
293	0.0101386	0.0245253	0.0926829	0	0.0100049	0.0346941	0.129404
294	0.010098	0.0246308	0.0926829	0	0.0100049	0.0352048	0.129404
295	0.010098	0.0251193	0.0976015	0	0.0100198	0.0350242	0.12101
296	0.010098	0.0252009	0.0976015	0	0.0100198	0.0341718	0.111832
297	0.010098	0.0248924	0.0926829	0	0.0100198	0.0337833	0.11165
298	0.010098	0.0241473	0.0875819	0	0.0100198	0.0337304	0.11165
299	0.010098	0.0245089	0.0891443	0	0.0100198	0.0330675	0.11165
300	0.010098	0.0241961	0.0863978	0	0.0100198	0.0327227	0.11165
301	0.010098	0.0247048	0.0976015	0	0.0100198	0.0330892	0.111656
302	0.010098	0.0249299	0.100557	0	0.0100198	0.0355778	0.132598
303	0.010098	0.0245502	0.0978163	0	0.0100198	0.0344766	0.116715
304	0.010098	0.0246031	0.0880726	0	0.0100198	0.0337775	0.11165
305	0.010098	0.02451	0.0863978	0	0.0100198	0.0333381	0.111213
306	0.010098	0.0247344	0.0875819	0.00149925	0.0100462	0.0330168	0.111656
307	0.010098	0.0249328	0.0880726	0.0029985	0.0100198	0.0328439	0.10927
308	0.010098	0.0256752	0.102518	0.0029985	0.0100198	0.0323703	0.106125
309	0.010098	0.0260183	0.103373	0.0029985	0.0100198	0.032817	0.111656
310	0.010098	0.0262416	0.102518	0.0029985	0.0100198	0.0321514	0.105796
311	0.010098	0.0257774	0.0976015	0.0029985	0.0100198	0.0319253	0.101016
312	0.010098	0.0254877	0.0863978	0.0029985	0.0100198	0.0323005	0.10461
313	0.010098	0.0252804	0.0863978	0	0.0100198	0.0317697	0.10461
314	0.010098	0.0253953	0.0863978	0	0.0100135	0.0316752	0.103791
315	0.010098	0.0252843	0.0863978	0	0.0100135	0.0311305	0.10054
316	0.010098	0.0256838	0.0976015	0	0.0100135	0.0309758	0.099073
317	0.010098	0.0256272	0.0904559	0	0.0100135	0.0308663	0.0959972
318	0.010098	0.0247774	0.08448	0	0.0100135	0.0309935	0.0959972
319	0.0101386	0.0246667	0.08448	0	0.0100135	0.0309398	0.0959972
320	0.010098	0.0243175	0.0765489	0.00149925	0.0100135	0.0309144	0.099073
321	0.010098	0.0256476	0.08448	0.00449775	0.0100135	0.0321261	0.120154
322	0.010098	0.0256474	0.08448	0.00449775	0.0100135	0.0324429	0.133533
323	0.010098	0.0256875	0.08448	0.00449775	0.0100135	0.032469	0.129063
324	0.010098	0.025766	0.084963	0.00449775	0.0100135	0.032357	0.129063
325	0.010098	0.025692	0.0863978	0.00149925	0.0100198	0.0334002	0.130342
326	0.010098	0.026071	0.0875819	0.00449775	0.0100198	0.0341637	0.129063
327	0.010098	0.0253025	0.084963	0.00149925	0.0100198	0.0342545	0.120154
328	0.010098	0.0253087	0.0854571	0	0.0100198	0.0349489	0.120154
329	0.010098	0.025349	0.0863978	0	0.0100198	0.035263	0.125165
330	0.010098	0.0255347	0.0880726	0	0.0100198	0.035793	0.128594
331	0.0101386	0.0256601	0.100203	0	0.0100462	0.0363664	0.125165
332	0.0101386	0.0258853	0.100557	0	0.0100462	0.0363939	0.128594
333	0.010098	0.0262844	0.101674	0	0.0100462	0.0365489	0.125165
334	0.010098	0.0260127	0.100557	0	0.010159	0.0381902	0.141498
335	0.010098	0.0257167	0.101113	0	0.0100462	0.0377493	0.129063
336	0.010098	0.0254286	0.088622	0	0.0100462	0.0373795	0.120154
337	0.010098	0.0255011	0.0975242	0	0.0100462	0.0384633	0.126728
338	0.010098	0.0254052	0.0975242	0	0.0100462	0.0373823	0.117258
339	0.010098	0.0253504	0.0975242	0	0.0100462	0.0387898	0.139848
340	0.010098	0.0251634	0.0997273	0	0.0100462	0.0390738	0.131231
341	0.010098	0.0253452	0.0997273	0	0.0100462	0.0405743	0.14117
342	0.010098	0.0255328	0.101674	0	0.010159	0.0372006	0.117566
343	0.010098	0.0256907	0.104915	0	0.0103055	0.0366159	0.117258
344	0.010098	0.0256979	0.110254	0	0.0100462	0.0353753	0.109281
345	0.010098	0.0257523	0.110254	0	0.0100462	0.034809	0.0974359
346	0.010098	0.0255275	0.102417	0	0.0103055	0.0370166	0.117258
347	0.010098	0.0256116	0.102417	0	0.0103055	0.0371452	0.117258
348	0.010098	0.025868	0.110254	0	0.0103055	0.036944	0.114747
349	0.010098	0.0257988	0.102728	0	0.0103055	0.0377653	0.116798
350	0.010098	0.0255988	0.101674	0	0.0103055	0.0378026	0.114747
351	0.010098	0.0252406	0.101674	0	0.0103055	0.0380446	0.116798
352	0.0101508	0.0257751	0.110808	0	0.0103055	0.0382834	0.117258
353	0.010098	0.0255368	0.102728	0	0.0103055	0.0382907	0.117258
354	0.010098	0.0253916	0.104137	0	0.0103055	0.0387788	0.117566
355	0.010098	0.025463	0.102728	0	0.0103055	0.0388252	0.117258
356	0.010098	0.025168	0.0997273	0	0.0100462	0.0396083	0.120154
357	0.010098	0.0251033	0.101113	0	0.0100462	0.0396884	0.124203
358	0.010098	0.0249617	0.101674	0	0.0100462	0.0403149	0.131231
359	0.010098	0.025431	0.110254	0	0.0100462	0.0402167	0.131317
360	0.010098	0.0255184	0.110254	0	0.0103055	0.0406938	0.137835
361	0.010098	0.0253111	0.110254	0	0.0100462	0.0408616	0.134803
362	0.010098	0.0249436	0.101113	0	0.0100462	0.0409729	0.134803
363	0.010098	0.0245961	0.0954671	0	0.0103055	0.0417428	0.140599
364	0.010098	0.0244275	0.0897833	0	0.0103055	0.0421332	0.14117
365	0.010098	0.0244734	0.0880726	0	0.0103055	0.0425756	0.14117
366	0.010098	0.0243575	0.0859646	0	0.0103316	0.0447614	0.151321
367	0.010098	0.0241672	0.0842499	0	0.0100362	0.0453441	0.155507
368	0.010098	0.0241891	0.0852884	0	0.0103316	0.044877	0.155507
369	0.010098	0.0244015	0.0859646	0	0.0100046	0.0444652	0.152027
370	0.010098	0.0247293	0.0920732	0	0.0100046	0.0447926	0.155507
371	0.010098	0.0245864	0.0920732	0	0.0100046	0.0448767	0.150613
372	0.010098	0.0246531	0.0920732	0	0.0100046	0.0444454	0.150613
373	0.010098	0.024933	0.0954671	0	0.0100046	0.0455339	0.160806
374	0.010098	0.0254684	0.102728	0	0.0100046	0.0468813	0.193593
375	0.010098	0.0252484	0.101674	0	0.0100046	0.0488689	0.221266
376	0.010098	0.0252622	0.1245	0	0.0100046	0.04894	0.279559
377	0.010098	0.0250026	0.102816	0	0.0100046	0.049028	0.279559
378	0.010098	0.024979	0.102728	0	0.0100046	0.0504287	0.326528
379	0.010098	0.0251084	0.105158	0	0.0100046	0.0511938	0.342327
380	0.010098	0.0248604	0.105158	0	0.0100046	0.0508459	0.328539
381	0.010098	0.0249326	0.102816	0	0.0100046	0.0532129	0.364494
382	0.010098	0.0249334	0.102816	0	0.0100046	0.0530386	0.364494
383	0.010098	0.0247687	0.0946366	0	0.0100046	0.0533945	0.372236
384	0.010098	0.0248147	0.0954671	0	0.0100046	0.0522038	0.372236
385	0.010098	0.024993	0.102816	0	0.0100046	0.0530719	0.389844
386	0.010098	0.0250808	0.102816	0	0.0105968	0.0522283	0.408618
387	0.010098	0.0248109	0.0955388	0	0.0100046	0.0523246	0.372236
388	0.010098	0.0246964	0.102816	0	0.0100046	0.0527656	0.371988
389	0.010098	0.0251385	0.105158	0	0.0103316	0.059458	0.483992
390	0.010098	0.0253745	0.1245	0	0.0100046	0.070063	0.657667
391	0.010098	0.0252177	0.1245	0	0.0100046	0.103036	0.917424
392	0.010098	0.0248614	0.102816	0	0.0130178	0.22932	2.32866
393	0.010098	0.0248519	0.102728	0	0.0239747	0.398133	3.17859
394	0.010098	0.0251171	0.105158	0	0.0475274	0.641562	4.78664
395	0.010098	0.025584	0.123012	0	0.185254	0.858089	5.13845
396	0.010098	0.0257428	0.105158	0.00449775	0.185254	0.958794	4.25247
397	0.010098	0.0252667	0.0954671	0.00449775	0.0988667	1.2139	17.1327
398	0.010098	0.025172	0.0946366	0.00749625	0.079338	0.954075	75.519
399	0.010098	0.0259099	0.123129	0.00749625	0.0159994	0.699233	28.8987
400	0.010098	0.0261106	0.1245	0.00749625	0.0127556	0.470652	7.88817
401	0.010098	0.0265994	0.12876	0.00749625	0.0109659	0.280967	2.4792
402	0.010098	0.0265772	0.12876	0.00749625	0.0114107	0.170439	1.65395
403	0.010098	0.0261929	0.121038	0.00749625	0.0101477	0.130503	1.19892
404	0.010098	0.0251514	0.0946366	0	0.0101477	0.11968	1.18993
405	0.010098	0.0250715	0.0859726	0	0.0107952	0.103398	1.22401
406	0.010098	0.0251244	0.0946366	0	0.0112901	0.0977554	1.22401
407	0.010098	0.0247926	0.0842499	0	0.0101506	0.0852538	1.06931
408	0.010098	0.0247371	0.0842499	0	0.0101506	0.0695723	0.93783
409	0.010098	0.0249818	0.0842186	0	0.0101506	0.0578755	0.695994
410	0.010098	0.0248807	0.082497	0	0.0101506	0.0531737	0.559522
411	0.010098	0.0249938	0.082497	0	0.0101506	0.0472708	0.437504
412	0.010098	0.0242209	0.0768915	0	0.0100468	0.0457228	0.477856
413	0.010098	0.0243854	0.0795218	0	0.0101506	0.0446612	0.404204
414	0.010098	0.0244093	0.0802286	0	0.0100468	0.0428632	0.344734
415	0.010098	0.0240487	0.0795218	0	0.0101506	0.0417768	0.231328
416	0.010098	0.0242776	0.0795218	0	0.0101506	0.0418348	0.231328
417	0.010098	0.0240941	0.0795218	0	0.0101506	0.0405222	0.222003
418	0.010098	0.0241499	0.0795218	0	0.0101506	0.040314	0.215962
419	0.010098	0.024102	0.0795218	0	0.0101506	0.0405548	0.213565
420	0.0101163	0.0240573	0.0802777	0	0.0101506	0.0409138	0.215962
421	0.010098	0.0240338	0.0795218	0	0.0101506	0.040556	0.222003
422	0.010098	0.0240702	0.0795218	0	0.0101506	0.0403658	0.236885
423	0.0101163	0.0241125	0.0802777	0	0.0101506	0.0401529	0.274002
424	0.010098	0.0275104	0.136718	0.0254873	0.0101506	0.0403551	0.274002
425	0.010098	0.0243544	0.0859646	0	0.0101506	0.0403162	0.274002
426	0.010098	0.0247085	0.0955388	0	0.0101506	0.0407299	0.285267
427	0.010098	0.0245652	0.0941805	0	0.0101506	0.0404576	0.253355
428	0.010098	0.0242461	0.0859646	0	0.0101506	0.0408148	0.285267
429	0.010098	0.024252	0.0941805	0	0.0101506	0.0410122	0.253355
430	0.010098	0.0241449	0.0941805	0	0.0101506	0.0395028	0.222003
431	0.010098	0.0244341	0.112978	0	0.0106256	0.0386213	0.222003
432	0.010098	0.0242839	0.112978	0	0.0101506	0.0385001	0.215962
433	0.010098	0.0241384	0.0956182	0	0.0101506	0.0394658	0.222003
434	0.010098	0.0241095	0.112978	0	0.0106256	0.0393162	0.228081
435	0.010098	0.0242441	0.114373	0	0.0106256	0.038938	0.222003
436	0.010098	0.0248531	0.117243	0.00449775	0.0106256	0.0387523	0.222003
437	0.010098	0.0247112	0.117243	0.0029985	0.0106256	0.037998	0.222003
438	0.010098	0.0246414	0.121228	0	0.0106256	0.0383918	0.222003
439	0.010098	0.02461	0.121228	0	0.0106256	0.039995	0.227463
440	0.0101163	0.0248677	0.139326	0	0.0101506	0.0398085	0.194932
441	0.010098	0.0250753	0.139326	0	0.0101506	0.0405901	0.213565
442	0.010098	0.0252196	0.139326	0	0.0100211	0.0430841	0.218995
443	0.010098	0.0244546	0.121228	0	0.0101506	0.0432703	0.264758
444	0.010098	0.024467	0.121228	0	0.0101506	0.0460082	0.291806
445	0.010098	0.0244017	0.117243	0	0.0100211	0.0495766	0.362949
446	0.010098	0.0244879	0.113982	0	0.0100211	0.0524077	0.440813
447	0.0101163	0.0247969	0.113982	0	0.0100211	0.053898	0.413922
448	0.0101163	0.0245499	0.112978	0	0.0101506	0.0571293	0.463402
449	0.0101163	0.0242229	0.103432	0	0.0102218	0.0577191	0.487147
450	0.0101278	0.0242676	0.103432	0	0.0101506	0.0564762	0.420128
451	0.0101278	0.0243031	0.103402	0	0.0101506	0.0570912	0.368014
452	0.0101163	0.024921	0.109197	0	0.0101506	0.0573523	0.348177
453	0.0100036	0.0250782	0.109197	0	0.0101506	0.0563028	0.291806
454	0.0100036	0.0253095	0.109197	0	0.0101506	0.0569009	0.291806
455	0.0101082	0.0253013	0.109197	0	0.0101946	0.0564675	0.292073
456	0.0101082	0.0255533	0.109197	0	0.0101506	0.0602845	0.368014
457	0.0101285	0.0261415	0.11796	0	0.0101506	0.0605494	0.370751
458	0.0101163	0.0262434	0.11796	0	0.0101506	0.0620563	0.370751
459	0.0101285	0.0258103	0.11796	0	0.0101506	0.064434	0.46559
460	0.0101285	0.0257896	0.11796	0	0.0130894	0.0675206	0.616492
461	0.0100036	0.0263383	0.118392	0.00149925	0.0122	0.069414	0.616492
462	0.0100036	0.0261682	0.12327	0.00149925	0.0101506	0.0650835	0.362949
463	0.0100036	0.0260924	0.120229	0.00149925	0.0101506	0.0665483	0.365949
464	0.0101163	0.0260261	0.120229	0.00149925	0.0101506	0.0675283	0.370751
465	0.0101163	0.0257518	0.113982	0.00149925	0.0118986	0.0664355	0.411276
466	0.0101163	0.0268489	0.12327	0.00149925	0.0113938	0.0656874	0.411276
467	0.0101163	0.0266786	0.12327	0.00149925	0.0101506	0.0662021	0.384767
468	0.0101163	0.0267752	0.12327	0.00149925	0.0101506	0.0669314	0.384767
469	0.0101163	0.0280624	0.173845	0.011994	0.0130623	0.0677575	0.493438
470	0.0101285	0.0261278	0.112548	0.00149925	0.0117696	0.0684519	0.411276
471	0.0100036	0.0253744	0.100796	0.00149925	0.0165287	0.0677445	0.493438
472	0.0101163	0.0255206	0.106464	0	0.0165684	0.0678678	0.482388
473	0.0101163	0.025466	0.106773	0	0.0165287	0.0683261	0.482388
474	0.0101285	0.0254778	0.106773	0	0.0167132	0.0679122	0.493438
475	0.0100036	0.0255458	0.106773	0	0.0167132	0.0681467	0.482388
476	0.0102682	0.0261328	0.113982	0.0029985	0.0117412	0.0677598	0.304132
477	0.0102717	0.0260308	0.112548	0.0029985	0.0117412	0.0647862	0.304132
478	0.0102717	0.0262294	0.112548	0.0029985	0.0117412	0.0635738	0.304132
479	0.0102717	0.0262356	0.112548	0.0029985	0.0116799	0.0630395	0.298925
480	0.0102717	0.0261809	0.112548	0	0.0116799	0.0624079	0.286552
481	0.0102682	0.0262196	0.111733	0	0.0123761	0.0617789	0.298925
482	0.0102717	0.0264868	0.112548	0.00149925	0.0125092	0.0610754	0.297716
483	0.0101285	0.0269615	0.112978	0.0029985	0.0125092	0.060968	0.298033
484	0.0101285	0.026877	0.112548	0	0.0125092	0.062315	0.298925
485	0.0102682	0.0266797	0.112978	0	0.0123761	0.0649923	0.298925
486	0.0102682	0.0265615	0.112978	0	0.0125092	0.0659004	0.298925
487	0.0101573	0.0269764	0.118689	0	0.0120762	0.0651006	0.298925
488	0.0101573	0.0271456	0.118689	0	0.0116799	0.0676472	0.304132
489	0.0101285	0.0271603	0.120161	0	0.0116799	0.0691158	0.317377
490	0.0101285	0.0284151	0.139008	0	0.0101404	0.0700615	0.296062
491	0.0101285	0.028093	0.132663	0	0.0101404	0.071523	0.314127
492	0.0101285	0.0284899	0.13696	0	0.0101404	0.0721272	0.297716
493	0.0101573	0.0294446	0.155849	0	0.0101404	0.0740542	0.29451
494	0.0102682	0.030178	0.19335	0	0.010574	0.0738856	0.298925
495	0.0102682	0.0303953	0.19317	0	0.010574	0.0727132	0.298925
496	0.0101573	0.0300784	0.18838	0	0.010574	0.0740785	0.304132
497	0.0101573	0.0305013	0.19335	0	0.0101404	0.0743966	0.29451
498	0.0102682	0.0308806	0.198951	0	0.0101404	0.0802093	0.338561
499	0.0102682	0.0311856	0.198951	0	0.0101404	0.0866569	0.377896
500	0.0101573	0.0319331	0.224004	0.005997	0.0101404	0.0866206	0.370751
501	0.0102576	0.0315506	0.202075	0	0.0116799	0.0890313	0.405267
502	0.0102576	0.0319606	0.202075	0	0.0147001	0.0962429	0.461255
503	0.0102576	0.0320866	0.202075	0	0.0104039	0.0990571	0.405267
504	0.0102576	0.0323643	0.202075	0	0.0136999	0.100893	0.51595
505	0.0102576	0.0330123	0.224162	0	0.013018	0.107423	0.51595
506	0.0102576	0.0378393	0.337187	0.0209895	0.0112361	0.112277	0.461255
507	0.0102576	0.0447471	0.874784	0.0434783	0.0152032	0.126032	0.578303
508	4.13095	17.5734	75.0784	1	0.0147001	0.130345	0.573339
509	0.0102341	0.0879181	1.00838	0.0509745	0.0147001	0.135758	0.578303
510	0.0117612	0.0745828	0.514528	0.0209895	0.0147001	0.1399	0.578303
511	0.0117612	0.0727952	0.441314	0.00749625	0.0178062	0.147185	0.695802
512	0.0117612	0.069847	0.358797	0.00149925	0.0178062	0.149492	0.695802
513	0.0117612	0.0680627	0.358541	0	0.0160839	0.153424	0.672812
514	0.0121379	0.0667018	0.360011	0.00149925	0.0160839	0.156197	0.672812
515	0.0117612	0.0653189	0.334888	0.00149925	0.0160839	0.161995	0.672812
516	0.0117612	0.0655947	0.325063	0.00149925	0.0154865	0.170462	0.672812
517	0.0117612	0.0667024	0.334888	0.00449775	0.0154865	0.174192	0.672812
518	0.0117612	0.0665505	0.32904	0.00149925	0.0154865	0.184439	0.672812
519	0.0117612	0.0672776	0.294279	0.00149925	0.0152275	0.190124	0.695802
520	0.0117612	0.0672314	0.294279	0.00149925	0.0154865	0.19897	0.805004
521	0.0117612	0.0670723	0.294279	0.00149925	0.0174759	0.211563	0.94407
522	0.0117612	0.0667408	0.294279	0	0.0241098	0.225503	1.29715
523	0.0117612	0.0671101	0.294279	0	0.0316397	0.231085	1.29715
524	0.0101658	0.0692048	0.276967	0	0.0366863	0.23557	1.29715
525	0.0117612	0.0720601	0.334888	0	0.0270161	0.239536	1.26788
526	0.0137549	0.0746015	0.408257	0	0.0265785	0.256587	1.29715
527	0.0117612	0.0761122	0.368215	0.00149925	0.0660388	0.295447	4.62299
528	0.011545	0.074882	0.368215	0.00149925	0.0500171	0.260972	1.12358
529	0.0101658	0.0743922	0.334888	0.00149925	0.0500171	0.238086	1.12358
530	0.0101658	0.0737342	0.334888	0.00149925	0.0454901	0.215275	1.10828
531	0.0100162	0.0720019	0.328194	0.00449775	0.0270161	0.193252	1.12358
532	0.0101658	0.0734001	0.328194	0.00449775	0.0224088	0.191703	1.12358
533	0.0101658	0.075158	0.328194	0.00449775	0.0155279	0.190079	0.906062
534	0.0109626	0.0766273	0.368215	0.00449775	0.0158188	0.189028	0.933186
535	0.0109626	0.0761486	0.368215	0.00449775	0.0155279	0.185799	0.896369
536	0.0109167	0.076268	0.368215	0.005997	0.0155279	0.185117	0.896369
537	0.0108196	0.0784072	0.382595	0.005997	0.0155279	0.185456	0.896369
538	0.0108196	0.0819924	0.418309	0.0089955	0.0149142	0.186081	0.805004
539	0.0101757	0.0841469	0.376717	0.0089955	0.0306386	0.195987	1.14801
540	0.0109167	0.0853013	0.382595	0.005997	0.0270161	0.193529	1.10828
541	0.0121323	0.0915982	0.418309	0.005997	0.0265785	0.188957	1.28155
542	0.0149281	0.0939538	0.494283	0.00749625	0.0265785	0.188565	1.28155
543	0.0149281	0.0949462	0.494283	0.00749625	0.0155279	0.185048	0.906062
544	0.0146687	0.0981437	0.494283	0.0089955	0.0154024	0.179455	0.875177
545	0.0131975	0.119744	0.799812	0.0434783	0.0158391	0.180971	0.937524
546	0.016467	0.0961293	0.487608	0.0149925	0.0125806	0.172517	0.710208
547	0.0127549	0.0856252	0.336076	0.0029985	0.0125806	0.167953	0.695802
548	0.0130254	0.0805148	0.321872	0.0029985	0.0125806	0.165926	0.695802
549	0.0127713	0.0775396	0.321872	0.00149925	0.0106883	0.163664	0.576151
550	0.0127549	0.0727415	0.336076	0.00149925	0.0106883	0.162096	0.579196
551	0.0114611	0.0688984	0.275658	0	0.0149142	0.168691	0.906062
552	0.0114611	0.0671845	0.256472	0	0.0149142	0.169503	0.96329
553	0.0114611	0.0672677	0.256472	0	0.0306386	0.18218	1.5314
554	0.0114611	0.0671375	0.256472	0	0.0321609	0.203541	1.88371
555	0.0114611	0.0683521	0.256472	0.0029985	0.0306386	0.202048	1.81802
556	0.0114611	0.0687248	0.275658	0.00749625	0.0165712	0.19247	1.56601
557	0.0114611	0.0682696	0.282944	0.0089955	0.0150298	0.173933	0.906062
558	0.0114611	0.0643874	0.256472	0.0089955	0.012226	0.167372	0.680912
559	0.0114611	0.0623129	0.256472	0	0.0150298	0.168862	0.893926
560	0.011214	0.0617303	0.256472	0	0.012226	0.154044	0.691497
561	0.0114611	0.0627835	0.256472	0	0.012226	0.148152	0.680912
562	0.0114611	0.0632555	0.249916	0	0.012226	0.148295	0.630329
563	0.0114611	0.0614506	0.248069	0	0.012226	0.152067	0.630329
564	0.010174	0.0614931	0.207812	0	0.012226	0.152256	0.642798
565	0.010313	0.0612979	0.207812	0	0.012226	0.152963	0.642798
566	0.010313	0.0608847	0.207812	0	0.012226	0.155126	0.642798
567	0.0120392	0.0613595	0.258835	0	0.0146266	0.152922	0.642798
568	0.010603	0.0636535	0.249916	0	0.0146266	0.149255	0.642798
569	0.010603	0.0628645	0.249916	0	0.0150298	0.147356	0.642798
570	0.010603	0.0618654	0.249916	0.0029985	0.0150298	0.152228	0.691497
571	0.010603	0.0619228	0.258835	0.0029985	0.0150298	0.148862	0.680912
572	0.010603	0.0616465	0.26319	0.00149925	0.0150298	0.147666	0.680912
573	0.010174	0.0639374	0.288783	0.00149925	0.0150298	0.145181	0.676584
574	0.011214	0.0647679	0.368278	0	0.0150298	0.146885	0.661788
575	0.011214	0.0649359	0.381301	0	0.0150298	0.144845	0.676584
576	0.0110593	0.0658325	0.381301	0.00149925	0.0150298	0.157551	0.741865
577	0.010603	0.067838	0.381301	0.0029985	0.0146256	0.17526	1.19627
578	0.0110593	0.0718072	0.479943	0.0089955	0.013946	0.187008	1.73527
579	0.0128039	0.0753159	0.564415	0.011994	0.0150298	0.194046	1.96505
580	0.0110593	0.0699706	0.404833	0.011994	0.0102409	0.179244	1.31577
581	0.0110593	0.0651934	0.35484	0.00749625	0.0106597	0.159831	0.741865
582	0.0108409	0.0589752	0.296703	0.00449775	0.0146256	0.153678	0.893926
583	0.0108164	0.0563379	0.288783	0.00749625	0.0146256	0.154628	0.761013
584	0.0120619	0.0542253	0.296703	0.00449775	0.013946	0.162077	0.813806
585	0.0120619	0.0552342	0.296703	0.00449775	0.0150298	0.162779	0.893926
586	0.0119093	0.0542293	0.288783	0.0029985	0.0150298	0.169322	0.893926
587	0.0108164	0.0520289	0.249916	0.0029985	0.0146256	0.16463	0.893926
588	0.011214	0.0508211	0.249916	0	0.0116924	0.152366	0.741865
589	0.0108164	0.050285	0.239923	0.0029985	0.0116924	0.141909	0.718041
590	0.0103524	0.0488858	0.214465	0.00449775	0.0102409	0.138215	0.579196
591	0.0103524	0.0479812	0.214465	0.0089955	0.0102409	0.132241	0.482076
592	0.0120619	0.0439096	0.214465	0	0.0113208	0.129195	0.507438
593	0.0110593	0.0434534	0.194951	0	0.0102409	0.128139	0.482076
594	0.011214	0.0429103	0.194951	0	0.0119578	0.126918	0.558369
595	0.0108164	0.0426266	0.178878	0	0.0112211	0.127762	0.490375
596	0.0120619	0.0425093	0.201353	0	0.0112211	0.12489	0.490375
597	0.0120619	0.0416333	0.194951	0	0.0119578	0.122483	0.493248
598	0.0103524	0.0400341	0.15526	0	0.0120061	0.117169	0.493248
599	0.0103524	0.0391041	0.15153	0	0.0119578	0.112319	0.478878
600	0.010382	0.0383156	0.15153	0	0.0119578	0.109008	0.466756
601	0.0103908	0.0381572	0.15153	0	0.0119578	0.108685	0.466756
602	0.0120619	0.0383263	0.178878	0	0.0119578	0.106109	0.477421
603	0.0103524	0.0383212	0.15526	0.00149925	0.0120061	0.105799	0.477421
604	0.0103524	0.0371255	0.15153	0.00149925	0.0119578	0.10081	0.477421
605	0.010382	0.0361863	0.15153	0.00149925	0.0120061	0.101663	0.477421
606	0.0104226	0.036072	0.15153	0	0.0146256	0.0963636	0.514849
607	0.0104226	0.0361062	0.15153	0	0.0102409	0.0956807	0.397478
608	0.0104226	0.0365643	0.15153	0.0029985	0.0102409	0.0847233	0.329721
609	0.0110593	0.03552	0.155982	0	0.0106657	0.0815252	0.335834
610	0.0108742	0.0357098	0.155982	0.0029985	0.0102409	0.0817011	0.324909
611	0.0108742	0.0355832	0.155982	0.00449775	0.0102409	0.0803412	0.324909
612	0.0108742	0.0356	0.155982	0.00449775	0.0102409	0.0793024	0.316263
613	0.0110593	0.0344409	0.15153	0.00149925	0.0102409	0.0765689	0.295551
614	0.010066	0.0342818	0.136821	0.00149925	0.0102409	0.0743695	0.293724
615	0.0100445	0.0339367	0.14072	0	0.0119243	0.0777081	0.329721
616	0.0100445	0.0341029	0.14375	0	0.0119243	0.0786717	0.319303
617	0.010066	0.0342436	0.14375	0	0.0119243	0.077401	0.319303
618	0.0108742	0.0339067	0.15153	0	0.0119243	0.0760783	0.324909
619	0.0110911	0.0337855	0.15153	0	0.0119243	0.0754014	0.319303
620	0.0110911	0.0342675	0.15153	0	0.0119243	0.0750319	0.324909
621	0.0108742	0.0346515	0.15153	0	0.0119243	0.0727361	0.316263
622	0.0110593	0.03437	0.15153	0	0.0119243	0.0740616	0.30708
623	0.0110911	0.0342974	0.15153	0	0.0119578	0.0737327	0.305014
624	0.0108742	0.0346764	0.15153	0.00149925	0.0119578	0.0728231	0.305014
625	0.0108742	0.0347299	0.15153	0.00149925	0.0110032	0.0773823	0.309066
626	0.0111531	0.0347862	0.15153	0.00149925	0.0111699	0.0832467	0.333303
627	0.0108742	0.0346025	0.15153	0.00149925	0.0107514	0.0943902	0.397478
628	0.0105059	0.0351135	0.15153	0.00149925	0.0114141	0.0999662	0.486452
629	0.011214	0.0351059	0.163991	0.00149925	0.0107514	0.101428	0.486452
630	0.0111234	0.0354356	0.163991	0.00149925	0.0107514	0.102508	0.486452
631	0.010508	0.0362212	0.163991	0.00149925	0.0121404	0.101732	0.488218
632	0.0105703	0.0358656	0.163991	0	0.0114141	0.106224	0.486452
633	0.0103524	0.0365788	0.163991	0	0.0114141	0.106982	0.486452
634	0.010508	0.0365471	0.163991	0	0.0107514	0.107301	0.488218
635	0.0100445	0.0387487	0.163991	0.00149925	0.0107514	0.109226	0.555073
636	0.0103684	0.0401125	0.18908	0.0029985	0.0107514	0.110296	0.568696
637	0.0105059	0.0404377	0.18908	0	0.0121404	0.129611	1.02147
638	0.0100445	0.0407831	0.18908	0	0.0107514	0.129228	0.864245
639	0.0100943	0.0418684	0.214586	0	0.0107514	0.19076	15.7608
640	0.0105059	0.0428969	0.225606	0	0.0221272	0.295531	55.5282
641	0.0110911	0.0455172	0.249627	0	0.0286787	0.451965	56.0727
642	0.0122584	0.0490721	0.309653	0.005997	0.0480584	0.662315	59.1347
643	0.0121283	0.0526839	0.367873	0.0164918	0.053454	0.661559	56.0727
644	0.0104676	0.0520012	0.309653	0.0164918	0.053454	0.647768	56.0727
645	0.0103684	0.0489514	0.293039	0.011994	0.0458375	0.653364	49.0955
646	0.0104487	0.0453435	0.261845	0.00449775	0.0480584	0.675038	48.9506
647	0.0111531	0.0431773	0.261845	0	0.0478365	0.686723	49.0955
648	0.0100079	0.0420661	0.240481	0	0.0496231	0.69343	49.0955
649	0.0100079	0.0409423	0.214586	0	0.0496231	0.663118	49.0955
650	0.0100079	0.0398141	0.212878	0	0.0434663	0.637225	46.0207
651	0.0100079	0.0408612	0.240481	0.0029985	0.0406498	0.577572	46.0207
652	0.0102433	0.0400337	0.240481	0.00149925	0.0434663	0.527566	46.0207
653	0.0100079	0.0378053	0.203373	0	0.0434663	0.532354	46.0207
654	0.0100079	0.0371368	0.198375	0	0.0406498	0.527486	53.942
655	0.0100079	0.0374191	0.203373	0	0.0115082	0.336887	26.1956
656	0.0100079	0.0372408	0.203373	0	0.010283	0.289695	14.3725
657	0.0100079	0.0371372	0.203373	0	0.0115082	0.243523	12.7427
658	0.0100079	0.0365476	0.203373	0	0.0115082	0.197796	12.7427
659	0.0100079	0.0369084	0.203373	0	0.0115082	0.174375	12.7427
660	0.0101985	0.0373969	0.214586	0.00149925	0.0108792	0.147831	12.929
661	0.0100079	0.0370778	0.203622	0	0.0101105	0.112495	6.89438
662	0.0100079	0.0368734	0.203373	0	0.0101105	0.075167	0.644664
663	0.0103684	0.0365802	0.203622	0	0.0101105	0.0630917	0.444308
664	0.0103769	0.0359341	0.203622	0	0.0101105	0.0558272	0.314502
665	0.0103684	0.0357491	0.203373	0	0.0101105	0.0554046	0.314502
666	0.0103684	0.0360349	0.203373	0	0.0101105	0.0538808	0.312752
667	0.0104487	0.0362379	0.203622	0	0.0101105	0.0523204	0.283034
668	0.0103684	0.0355132	0.198375	0	0.0101105	0.0522297	0.283034
669	0.0100079	0.0356985	0.178176	0	0.0101105	0.0496806	0.280534
670	0.0100079	0.0355673	0.178176	0	0.0102664	0.0495724	0.318311
671	0.0100079	0.035402	0.179023	0	0.0101105	0.0490194	0.280534
672	0.0100079	0.0346775	0.163418	0	0.0101105	0.047631	0.270672
673	0.0100079	0.0339443	0.163418	0	0.0101105	0.0471796	0.270672
674	0.0100079	0.0333473	0.163418	0	0.0101105	0.0462029	0.260306
675	0.0100079	0.0339543	0.174065	0.00149925	0.0101105	0.046343	0.275438
676	0.0100079	0.0337167	0.162205	0.00149925	0.0101105	0.0466144	0.266948
677	0.0100079	0.032999	0.160369	0.00149925	0.0101105	0.0443531	0.221073
678	0.0100079	0.0321695	0.157479	0.00149925	0.0101105	0.0434577	0.195569
679	0.0100079	0.0313471	0.13494	0	0.0101105	0.0424786	0.192974
680	0.0100079	0.0312967	0.13494	0	0.0101105	0.0414257	0.187675
681	0.0100079	0.0305485	0.132044	0	0.0102664	0.0417843	0.195569
682	0.0100079	0.0296253	0.127388	0	0.0101105	0.0401994	0.186242
683	0.0100079	0.0290553	0.12103	0	0.0101105	0.041992	0.195569
684	0.0100079	0.0291392	0.124951	0	0.0101105	0.0450172	0.260306
685	0.0100079	0.0292255	0.127293	0	0.0101105	0.0452171	0.266948
686	0.0100079	0.0291417	0.124951	0	0.0101105	0.0432644	0.241761
687	0.0100079	0.028953	0.124951	0	0.0101105	0.0420901	0.195569
688	0.0100079	0.0288287	0.124951	0	0.0101105	0.0384121	0.176471
689	0.0100079	0.0284401	0.112881	0	0.0101105	0.0379687	0.176471
690	0.0100079	0.0283415	0.112881	0	0.0101105	0.0372975	0.172905
691	0.0100079	0.0283624	0.114864	0	0.0101105	0.0372563	0.172905
692	0.0100079	0.0284382	0.112881	0	0.0101105	0.037417	0.172905
693	0.0100079	0.0288022	0.111649	0	0.0101105	0.0373469	0.172905
694	0.0100079	0.0288497	0.110531	0	0.0101105	0.0373915	0.176471
695	0.0100079	0.029046	0.111649	0	0.0101105	0.0370582	0.176471
696	0.0100079	0.0287797	0.110115	0	0.0102664	0.0365299	0.187675
697	0.0100079	0.029095	0.122015	0	0.0102664	0.036673	0.187675
698	0.0100079	0.0290731	0.122015	0.00149925	0.0101105	0.0375494	0.185274
699	0.0100079	0.0286186	0.114864	0	0.0101105	0.0374312	0.186242
700	0.0100079	0.0283634	0.114864	0	0.0101105	0.0368732	0.185274
701	0.0100079	0.0280085	0.109987	0	0.0101105	0.0366465	0.186242
702	0.0100079	0.0284678	0.119128	0.00149925	0.0101105	0.0363723	0.186242
703	0.0100079	0.0284373	0.109414	0.005997	0.0101105	0.0367223	0.179348
704	0.0100079	0.0277741	0.102974	0.00449775	0.0101105	0.0365278	0.15399
705	0.0100079	0.0272559	0.0997772	0.00149925	0.0101105	0.0373417	0.15315
706	0.0100079	0.0274016	0.102524	0.00149925	0.0100734	0.0370097	0.152768
707	0.0100079	0.0272587	0.0997772	0	0.0100734	0.0369402	0.149638
708	0.0100079	0.0270997	0.0997772	0	0.0100734	0.0365133	0.149638
709	0.0100079	0.026187	0.0895405	0	0.0100734	0.0361514	0.140715
710	0.0100079	0.0260911	0.0840721	0	0.0100734	0.0358125	0.140715
711	0.0100079	0.0264143	0.0850423	0	0.0100734	0.0364982	0.140715
712	0.0100079	0.0267847	0.0912948	0	0.0101105	0.036568	0.140715
713	0.0100079	0.0269394	0.0983332	0	0.0102664	0.0366934	0.140715
714	0.0100079	0.0266183	0.0895405	0.00149925	0.0101105	0.0366797	0.135677
715	0.0100079	0.0271229	0.0961482	0.0029985	0.0102664	0.0369425	0.140715
716	0.0100079	0.0273296	0.0997772	0.00449775	0.0102664	0.0371104	0.140806
717	0.0100079	0.0274669	0.102825	0.00449775	0.0101105	0.0375811	0.140012
718	0.0100079	0.0258537	0.0895405	0	0.0101105	0.0383026	0.152768
719	0.0100079	0.0261665	0.0983332	0.00149925	0.0101105	0.0389505	0.15544
720	0.0100079	0.0259346	0.0983332	0.00149925	0.0101105	0.0399991	0.172905
721	0.0100079	0.0253515	0.087698	0	0.0101105	0.0396136	0.15315
722	0.0100079	0.0248716	0.0837289	0	0.0101105	0.0406739	0.15544
723	0.0101347	0.0245063	0.0837289	0	0.0101105	0.0410771	0.170362
724	0.0100079	0.0242917	0.0822558	0	0.0101105	0.041507	0.172905
725	0.0100079	0.0244871	0.0837289	0	0.0101105	0.0410407	0.172905
726	0.0100079	0.0245047	0.0837289	0	0.0102664	0.0435823	0.243305
727	0.0100079	0.0246557	0.0837289	0	0.0101105	0.0443639	0.24126
728	0.0101347	0.0244305	0.0840721	0	0.0101105	0.0456735	0.241747
729	0.0101347	0.0245135	0.0840721	0	0.0101105	0.0450112	0.262955
730	0.0100079	0.0246068	0.0837289	0	0.0101105	0.0411386	0.170362
731	0.0100079	0.0245681	0.0837289	0	0.0101105	0.0410302	0.170362
732	0.0100079	0.0246086	0.0837289	0	0.0101105	0.0412008	0.168391
733	0.0100014	0.0257802	0.0903348	0.0029985	0.0101105	0.0411843	0.168391
734	0.0100014	0.0255636	0.09013	0.0029985	0.0101105	0.0420892	0.180664
735	0.0100014	0.0252112	0.0861772	0.00149925	0.0101105	0.0436263	0.204637
736	0.0100014	0.025035	0.0840721	0	0.0101105	0.0420853	0.198526
737	0.0100014	0.0252928	0.0877152	0	0.0101105	0.0438657	0.204637
738	0.0100014	0.0250091	0.087698	0	0.0101105	0.0430262	0.197315
739	0.0100014	0.0251205	0.0879945	0	0.0101105	0.0427191	0.197315
740	0.0100014	0.0249458	0.087698	0	0.0101105	0.0433407	0.204637
741	0.0100014	0.0245199	0.0850423	0	0.0101105	0.0435326	0.204637
742	0.0100014	0.0243231	0.0850423	0	0.0101105	0.0439596	0.211752
743	0.0100014	0.0245029	0.0850423	0	0.0101105	0.0436791	0.197315
744	0.0100014	0.024526	0.0861772	0	0.0102143	0.0436984	0.219905
745	0.0100014	0.0245912	0.0857391	0	0.0101105	0.0475785	0.253263
746	0.0100014	0.0245168	0.0861772	0	0.0101105	0.0474942	0.255096
747	0.0100014	0.0248968	0.0877152	0	0.0102143	0.0467456	0.255096
748	0.0100014	0.0251127	0.086867	0	0.0104252	0.0499813	0.256443
749	0.0100014	0.0254016	0.087698	0	0.0102143	0.0508681	0.255096
750	0.0100014	0.0256037	0.087698	0	0.0102143	0.0629098	0.498398
751	0.0100014	0.0258766	0.0877152	0	0.0102143	0.0653145	0.498398
752	0.0100014	0.0257782	0.087698	0	0.0102143	0.0635065	0.410367
753	0.0100014	0.0260403	0.0896762	0	0.0102143	0.064073	0.539362
754	0.0100014	0.0263217	0.086867	0	0.0102143	0.0683736	1.02671
755	0.0100014	0.0264521	0.0877152	0	0.0104764	0.0781295	1.67552
756	0.0100014	0.0258457	0.0857391	0	0.0104339	0.0925868	1.69336
757	0.0100014	0.0259533	0.087698	0	0.0104183	0.175879	5.87938
758	0.0100014	0.0263076	0.0903348	0	0.0105611	0.203773	9.05688
759	0.0100014	0.0270702	0.098633	0	0.0116137	0.246765	24.5003
760	0.0100014	0.0275676	0.0998087	0	0.0104183	0.336603	27.0263
761	0.0100079	0.0274075	0.0998087	0	0.0104183	0.382978	32.9625
762	0.0100014	0.02727	0.098633	0	0.0116137	0.379065	27.0263
763	0.0100079	0.0273409	0.0998087	0	0.0137575	0.344769	24.5003
764	0.0100011	0.0268683	0.0998087	0	0.0116137	0.313839	20.0547
765	0.0100011	0.0271763	0.099952	0	0.0116137	0.234245	8.51492
766	0.0100011	0.0274109	0.102524	0.00149925	0.0137575	0.195243	4.90581
767	0.0100011	0.0273888	0.106484	0	0.0116137	0.217858	7.25255
768	0.0100011	0.0269405	0.103851	0	0.0122362	0.300915	35.0991
769	0.0100011	0.0271627	0.106484	0	0.0205871	0.356937	45.4717
770	0.0100011	0.0272462	0.107595	0	0.0119438	0.380813	35.4966
771	0.0100011	0.0282114	0.108966	0.00149925	0.0107021	0.373998	35.0991
772	0.0100011	0.0275766	0.106484	0	0.0107021	0.357124	35.0991
773	0.0100011	0.0275487	0.106484	0	0.0115115	0.312999	35.0991
774	0.0100011	0.0274116	0.106401	0	0.0107021	0.282904	30.1985
775	0.0100011	0.0274857	0.106401	0	0.0101321	0.24345	17.9296
776	0.0100011	0.0275932	0.106484	0	0.0107021	0.233178	14.8434
777	0.0100011	0.0277787	0.108821	0	0.0101321	0.218725	15.5386
778	0.0100011	0.0278266	0.108821	0	0.0101321	0.186501	14.8434
779	0.0100011	0.0278505	0.108821	0	0.0101321	0.161681	17.9296
780	0.0100011	0.0278438	0.108966	0	0.0101321	0.156156	17.9296
781	0.0100011	0.0281659	0.110952	0	0.0101321	0.155255	14.4335
782	0.0100011	0.0282123	0.108821	0	0.0107021	0.15676	14.8434
783	0.0100011	0.0292499	0.119279	0.00149925	0.0107021	0.151764	14.5235
784	0.0100011	0.0292071	0.119279	0.00149925	0.0107021	0.153562	17.6264
785	0.0100011	0.0292436	0.119279	0.00149925	0.0107021	0.146982	18.1208
786	0.0100011	0.0282522	0.108821	0	0.0107021	0.126898	6.31547
787	0.0100011	0.0280852	0.108821	0	0.0107021	0.124863	4.77736
788	0.0100011	0.0281771	0.108966	0	0.0103035	0.112857	2.12542
789	0.0100011	0.0281001	0.110952	0	0.0107021	0.113069	2.12542
790	0.0100011	0.0282972	0.112972	0	0.0107021	0.108917	1.80984
791	0.0100011	0.0283932	0.112972	0	0.0114648	0.0954145	1.76122
792	0.0100011	0.0281475	0.110952	0	0.0103035	0.0861638	0.955929
793	0.0100011	0.0283958	0.108966	0	0.0107021	0.0783361	0.541648
794	0.0100011	0.0289001	0.111047	0	0.0107021	0.0783538	0.556785
795	0.0100011	0.0291924	0.111047	0	0.0107021	0.0757084	0.541648
796	0.0100011	0.0299346	0.115396	0	0.0103035	0.0736823	0.493226
797	0.0100011	0.030483	0.115396	0	0.0103035	0.0784578	0.955929
798	0.0100011	0.0313091	0.126596	0.0029985	0.0107021	0.0811438	1.24268
799	0.0100011	0.0316742	0.130334	0.0029985	0.0100375	0.086167	1.40199
800	0.0100011	0.031551	0.130334	0	0.0100375	0.0912058	5.37876
801	0.0100011	0.0318497	0.130334	0	0.0100375	0.101772	9.0484
802	0.0100011	0.0323517	0.131682	0	0.0105915	0.107725	11.132
803	0.0100011	0.0329149	0.139295	0	0.0107021	0.110705	11.132
804	0.0100011	0.0334328	0.139295	0	0.0103035	0.119064	11.132
805	0.0100011	0.0339139	0.131682	0	0.0103035	0.116378	11.132
806	0.0100011	0.0349121	0.143721	0	0.0113791	0.131155	18.572
807	0.0100011	0.0358735	0.15196	0	0.0107021	0.14855	23.4519
808	0.0100011	0.0366203	0.158985	0	0.0100375	0.156662	23.4519
809	0.0100011	0.0371705	0.159252	0	0.0107021	0.193077	26.3302
810	0.0100011	0.038123	0.158985	0	0.0107021	0.196382	25.9902
811	0.0100011	0.0386655	0.159252	0	0.0103035	0.141658	18.572
812	0.0100011	0.041121	0.179589	0	0.0107021	0.135081	17.2467
813	0.0100011	0.0423263	0.183949	0.00149925	0.011237	0.135851	17.2467
814	0.0100011	0.0436594	0.19491	0.005997	0.0107021	0.131447	17.2467
815	0.0100011	0.0447732	0.197751	0.0029985	0.0107021	0.130959	17.2467
816	0.0100011	0.0458319	0.207381	0.00149925	0.0100375	0.111774	12.9509
817	0.0100011	0.0458393	0.207381	0.00149925	0.0103035	0.108122	11.132
818	0.0100011	0.0473029	0.212125	0	0.0103035	0.112607	10.7874
819	0.0100011	0.0472101	0.209071	0	0.0120807	0.154916	43.8048
820	0.0100011	0.0502728	0.213602	0	0.0120807	0.213096	45.3362
821	0.0100011	0.0541552	0.227571	0	0.0120807	0.244546	45.3362
822	0.0100011	0.0554931	0.239219	0	0.0120057	0.288862	43.8048
823	0.0100011	0.0575969	0.258342	0.00149925	0.0120057	0.293769	43.8048
824	0.0104669	0.0647175	0.305499	0.0089955	0.0120765	0.257765	45.3362
825	0.0100079	0.0676011	0.321393	0.0134933	0.0120057	0.247121	45.3362
826	0.0104669	0.0678756	0.348055	0.0134933	0.0120057	0.213826	45.3362
827	0.0116157	0.0724209	0.382418	0.0134933	0.0104958	0.160199	40.325
828	0.0116157	0.0756796	0.483953	0.0149925	0.0104958	0.135572	40.325
829	0.0116157	0.0765327	0.412549	0.0134933	0.0100403	0.115313	32.5166
830	0.0116157	0.0780005	0.412549	0.0134933	0.0100375	0.0967391	15.8971
831	0.0116157	0.0842809	0.440917	0.017991	0.0100375	0.0712516	0.76134
832	0.0116157	0.0863417	0.444887	0.0134933	0.0104958	0.0640926	0.528029
833	0.015428	0.0965877	0.771426	0.0209895	0.0104958	0.0675727	0.525767
834	0.0116157	0.103074	0.545828	0.0209895	0.0100403	0.0637259	0.386958
835	0.0116157	0.0950752	0.444887	0.00449775	0.0104958	0.0627395	0.386958
836	0.0153068	0.0933242	0.45636	0.0029985	0.0100403	0.0600601	0.35301
837	0.015428	0.090806	0.412549	0.0029985	0.0104958	0.0628441	0.386958
838	0.0115923	0.0858619	0.382418	0.0029985	0.010291	0.0627874	0.373831
839	0.0115923	0.0840895	0.37134	0.00149925	0.0111146	0.0616307	0.386958
840	0.0115923	0.0838537	0.37134	0.00149925	0.0111146	0.0599578	0.386958
841	0.0115923	0.0830689	0.359895	0	0.0111146	0.0601099	0.386958
842	0.0115923	0.0820054	0.355124	0	0.0104958	0.0625306	0.386958
843	0.0115923	0.0821476	0.355124	0	0.0104958	0.067104	0.510357
844	0.0115923	0.0825686	0.355124	0	0.0104958	0.0703525	0.564204
845	0.012791	0.083334	0.382418	0	0.0104958	0.0739493	0.61573
846	0.012791	0.0835363	0.382418	0	0.0100403	0.0789427	0.626223
847	0.0115923	0.0852029	0.377621	0.0029985	0.0104958	0.0795773	0.62816
848	0.0115923	0.0856955	0.37134	0	0.0104958	0.0832648	0.804217
849	0.0115923	0.0892025	0.377621	0.0029985	0.0104958	0.0886831	0.933995
850	0.0103359	0.0936274	0.382418	0	0.0105869	0.0880934	0.677701
851	0.0103359	0.0967965	0.396619	0	0.0111146	0.0873509	0.615777
852	0.0128672	0.102364	0.591742	0.00149925	0.011046	0.0773624	0.423912
853	0.0115923	0.106721	0.545148	0.0029985	0.0111146	0.0781969	0.580505
854	0.015428	0.118469	0.771211	0.011994	0.0115331	0.0798738	0.620968
855	0.0117288	0.133389	0.822053	0.035982	0.0111146	0.0850038	0.620968
856	0.0236644	0.156478	1.76379	0.065967	0.0111146	0.0939182	0.626384
857	0.0380068	0.232977	3.95385	0.166417	0.0115331	0.107194	0.814914
858	0.0364086	0.252778	3.95385	0.194903	0.0100051	0.146695	1.84859
859	0.0113979	0.159149	1.80942	0.0944528	0.0119295	0.21813	40.6082
860	0.0100746	0.123989	0.763198	0.0404798	0.0100051	0.2419	23.4245
861	0.0100746	0.102895	0.535554	0.011994	0.0100051	0.296509	23.4245
862	0.011109	0.0933318	0.535554	0	0.0119295	0.323059	28.2166
863	0.0100746	0.0860558	0.440917	0.0029985	0.0125553	0.418393	28.2166
864	0.0100746	0.0814965	0.440917	0.0029985	0.0154444	0.472897	40.8949
865	0.0100746	0.0776965	0.396619	0.0029985	0.0183879	0.514821	40.8949
866	0.0105712	0.0728146	0.398745	0.0029985	0.0353623	0.55367	75.1075
867	0.0100746	0.0665444	0.355245	0.00149925	0.0450667	0.554499	94.9462
868	0.0100746	0.0619494	0.331447	0.00149925	0.0430463	0.567929	87.4997
869	0.0100746	0.0607603	0.331447	0.00149925	0.0430463	0.566118	87.4997
870	0.0100746	0.0602133	0.331195	0.00149925	0.0534994	0.597092	94.9462
871	0.0100746	0.0589021	0.331195	0.00149925	0.0486353	0.600226	75.1075
872	0.0100746	0.0583216	0.331195	0.00149925	0.0512418	0.61031	75.1075
873	0.0100746	0.0553929	0.320727	0.00149925	0.0477398	0.61762	75.1075
874	0.0100746	0.0545666	0.31423	0	0.0477398	0.642732	75.1075
875	0.0100746	0.0545896	0.319084	0	0.0477398	0.644976	75.1075
876	0.0100746	0.0541701	0.31423	0	0.0514185	0.651853	94.9462
877	0.0100746	0.0537638	0.293744	0	0.0730359	0.918496	94.9462
878	0.0100746	0.0550191	0.319084	0.0029985	0.0633644	0.965714	94.9462
879	0.0100746	0.0533583	0.293744	0	0.0730359	1.11089	98.9073
880	0.0100746	0.0510739	0.286239	0	0.0793941	1.44481	94.9462
881	0.0100746	0.0512477	0.286239	0	0.0923685	1.72233	94.9462
882	0.0100746	0.0496539	0.264611	0	0.188509	2.37493	94.9462
883	0.0100746	0.0507772	0.270495	0	0.226584	2.75465	76.0667
884	0.0100746	0.0499946	0.270495	0	0.220572	2.56608	76.0667
885	0.0100746	0.0494025	0.273688	0	0.288967	2.68517	94.9462
886	0.0100746	0.0498669	0.294212	0	0.226584	2.55021	88.0832
887	0.0100746	0.0502386	0.301208	0	0.238462	2.5387	99.8524
888	0.0100746	0.0493153	0.294212	0	0.105455	2.19666	99.8524
889	0.0100746	0.0473073	0.264611	0	0.145205	2.16442	98.9073
890	0.0100746	0.0463694	0.237343	0	0.145205	2.05348	99.8524
891	0.0100746	0.0463135	0.237343	0	0.145205	2.14789	94.9462
892	0.0100746	0.0458845	0.235864	0	0.145205	2.14925	94.9462
893	0.0100746	0.0450358	0.214733	0	0.143089	2.05805	94.9462
894	0.0100746	0.0435628	0.20455	0	0.143089	1.96055	94.9462
895	0.0100746	0.0433991	0.20455	0	0.143089	2.19779	90.4691
896	0.0100746	0.0440402	0.204748	0	0.143089	2.52131	90.4691
897	0.0100765	0.0455476	0.214733	0	0.167789	2.48794	95.4765
898	0.0100746	0.0466905	0.262211	0.00449775	0.167789	2.84957	90.4691
899	0.0100746	0.0447497	0.212269	0	0.145205	3.36712	99.3226
900	0.0100746	0.0446122	0.204748	0	0.143089	3.8791	90.4691
901	0.0100746	0.0451001	0.214733	0.00149925	0.162959	4.35999	99.3226
902	0.0100765	0.0444424	0.214733	0.00149925	0.143089	4.4387	90.4691
903	0.0100746	0.043755	0.204748	0.00149925	0.128321	3.95261	99.3226
904	0.0100746	0.0440471	0.214733	0.0029985	0.0519472	3.46398	92.0098
905	0.0100746	0.0455597	0.240596	0.005997	0.0519472	3.40651	99.3226
906	0.0100746	0.0466437	0.270495	0.00749625	0.041947	3.40395	99.3226
907	0.0100746	0.0476049	0.318404	0.0089955	0.041947	3.26232	99.3226
908	0.0100981	0.0492814	0.376577	0.017991	0.0223978	2.90902	99.3226
909	0.0100746	0.0511855	0.391039	0.023988
