		omega		Posterior		rho				Synonymous theta			kappa			phi	
Site	Lower	Point	Higher	prob of +ve	Lower	Point	Higher		Lower	Point	Higher	Lower	Point	Higher	Lower	Point	Higher
	95% HPD	estimate	95% HPD	selection	95% HPD	estimate	95% HPD		95% HPD	estimate	95% HPD	95% HPD	estimate	95% HPD	95% HPD	estimate	95% HPD
0	0.0105021	0.122981	31.0622	0.127436	0.010122	0.0429814	0.384568		0.0429442	0.0537814	0.0715292	2.44059	3.7555	6.27083	9.06823e+15	1.04518e+27	3.67853e+39
1	0.0105647	0.122352	34.3699	0.124438	0.0100193	0.0438161	0.439889
2	0.0105021	0.115144	33.3998	0.110945	0.0100193	0.0389064	0.327033
3	0.0102636	0.098349	19.7984	0.0929535	0.010122	0.0375201	0.306507
4	0.0100166	0.084661	3.14895	0.071964	0.0100193	0.0376208	0.316796
5	0.0101656	0.0718172	1.06872	0.0509745	0.010122	0.0366963	0.306507
6	0.0105021	0.0662932	0.490271	0.0404798	0.0100193	0.0354268	0.291325
7	0.0100166	0.0640421	0.406909	0.0329835	0.0100193	0.0334638	0.244741
8	0.0105802	0.0580157	0.366029	0.0164918	0.0100193	0.0332798	0.239494
9	0.0105647	0.058437	0.365234	0.0134933	0.0100193	0.0320417	0.213112
10	0.0105021	0.0581646	0.355842	0.0089955	0.0100341	0.0310779	0.202233
11	0.0105021	0.0576699	0.332013	0.0029985	0.0100193	0.0310703	0.202131
12	0.0105021	0.0603167	0.347365	0.0029985	0.0100193	0.0303761	0.194999
13	0.0100166	0.0611578	0.327251	0	0.0100341	0.0293693	0.18288
14	0.0100166	0.0628751	0.332013	0.00449775	0.0100193	0.0286381	0.166878
15	0.0100166	0.0633625	0.327251	0.00449775	0.0100193	0.0280284	0.150804
16	0.0105802	0.0659975	0.35542	0.00449775	0.0100193	0.0274118	0.1316
17	0.0105802	0.0670973	0.358326	0.00449775	0.0100193	0.0265555	0.129264
18	0.0103804	0.0688558	0.358326	0.00449775	0.0100193	0.0260131	0.120948
19	0.0105802	0.0692039	0.366029	0.00449775	0.0100193	0.0258619	0.116848
20	0.0105021	0.0707684	0.370026	0.00149925	0.0100193	0.0255833	0.109676
21	0.0105802	0.0718138	0.365234	0.00149925	0.0100341	0.0257289	0.116848
22	0.0105802	0.0723255	0.365234	0	0.0100193	0.0252292	0.109454
23	0.0105021	0.0729402	0.365234	0.00149925	0.0100193	0.0249806	0.104848
24	0.0103804	0.0757736	0.370026	0.00149925	0.0100341	0.0246084	0.104848
25	0.0105802	0.0809794	0.391256	0.00149925	0.0100341	0.0245232	0.0992072
26	0.0105802	0.0856855	0.394444	0.00149925	0.0100193	0.0239685	0.0903005
27	0.0105021	0.0914208	0.406909	0.00149925	0.0101157	0.0239342	0.0903005
28	0.0103804	0.0967905	0.427804	0.005997	0.0101157	0.0243648	0.0943381
29	0.0105021	0.101329	0.463999	0	0.0100193	0.0243696	0.0912177
30	0.0108503	0.106136	0.474445	0	0.0100193	0.0244761	0.0943381
31	0.0130992	0.114086	0.605897	0.00149925	0.0101157	0.0243758	0.0992072
32	0.0131776	0.121546	0.605897	0.00149925	0.0100193	0.0242716	0.0943381
33	0.0134089	0.13638	0.605897	0.005997	0.0100193	0.0239808	0.0903005
34	0.0224408	0.150393	0.892369	0.0089955	0.0101157	0.0237643	0.0898858
35	0.043937	0.191118	0.892369	0.0149925	0.0100193	0.023821	0.0903005
36	0.043937	0.191337	0.892369	0.0149925	0.0101157	0.0237785	0.0903005
37	0.0417345	0.183782	0.892369	0.0104948	0.0101157	0.0239707	0.105522
38	0.0345554	0.175079	0.832957	0.00749625	0.0100193	0.0240213	0.0943381
39	0.0342805	0.167474	0.935712	0.00449775	0.0101157	0.0240989	0.105522
40	0.0216567	0.155331	0.605897	0.00449775	0.0101157	0.0241074	0.105522
41	0.0225338	0.151513	0.605897	0.00449775	0.0101157	0.0240421	0.0943381
42	0.0225338	0.150331	0.605897	0.005997	0.0100193	0.0240241	0.0949044
43	0.0238344	0.149648	0.605897	0.00449775	0.0100193	0.0240572	0.096622
44	0.0238344	0.147297	0.561135	0.00449775	0.0101157	0.0243766	0.106284
45	0.0222596	0.145747	0.539342	0.00449775	0.0100193	0.0256635	0.119718
46	0.0225338	0.144622	0.539342	0.00449775	0.0100193	0.0270959	0.127299
47	0.0225338	0.144672	0.539342	0.00449775	0.0101157	0.0276359	0.133071
48	0.0222596	0.145002	0.539342	0.00449775	0.0101157	0.0283004	0.158428
49	0.0240968	0.144523	0.539342	0.00449775	0.010122	0.0292916	0.18431
50	0.0240968	0.145214	0.539342	0.00449775	0.0101157	0.0300804	0.202594
51	0.0240968	0.144297	0.536087	0.00449775	0.0101157	0.0291249	0.18431
52	0.0240968	0.146112	0.536087	0.00449775	0.0100193	0.0302228	0.209486
53	0.0250577	0.150526	0.605897	0.00449775	0.0101154	0.0324235	0.291753
54	0.0343275	0.160083	0.789249	0.0089955	0.0101154	0.0335261	0.317067
55	0.0275926	0.165484	0.708481	0.0134933	0.0101154	0.0387307	0.458091
56	0.0343275	0.160833	0.745403	0.0089955	0.0101154	0.0458476	0.571229
57	0.032618	0.153006	0.708481	0.00449775	0.0101154	0.0506138	0.665225
58	0.0282808	0.151009	0.640897	0.0029985	0.0101154	0.0580597	0.959373
59	0.0282808	0.151062	0.640897	0.0029985	0.0101154	0.0736672	1.11839
60	0.0282808	0.150848	0.640897	0.0029985	0.0101154	0.0886466	1.5271
61	0.0250577	0.14984	0.626486	0.00749625	0.0101154	0.109887	1.92242
62	0.0242076	0.149184	0.626486	0.005997	0.0101154	0.117425	1.92242
63	0.0240968	0.152978	0.626486	0.0104948	0.0101154	0.136833	2.69753
64	0.0242076	0.156777	0.626486	0.011994	0.0101154	0.147831	1.85491
65	0.0324019	0.162532	0.788429	0.011994	0.0101154	0.158825	1.56759
66	0.028319	0.175437	0.776942	0.0254873	0.0106589	0.177905	1.96201
67	0.0304631	0.166592	0.784224	0.0194903	0.0107785	0.187513	1.85491
68	0.0324019	0.161284	0.784224	0.0149925	0.0107785	0.205935	1.87476
69	0.0371819	0.159459	1.17571	0.0194903	0.0222795	0.224122	3.51917
70	0.0222596	0.157028	0.758457	0.0194903	0.0231333	0.251895	3.51917
71	0.023732	0.157653	0.784732	0.017991	0.0179822	0.267226	3.51917
72	0.0255342	0.160289	1.12411	0.0284858	0.0131819	0.271975	3.36413
73	0.0222303	0.159062	0.926406	0.0284858	0.0165002	0.2569	3.51917
74	0.0153323	0.137273	0.704308	0.0164918	0.0152143	0.219216	3.51917
75	0.0153323	0.123338	0.70357	0.011994	0.0106522	0.202202	2.37391
76	0.0107506	0.11284	0.50335	0.00749625	0.0100038	0.169614	1.95415
77	0.0113548	0.0994038	0.46466	0.0029985	0.0100038	0.141038	1.04731
78	0.0108873	0.0851879	0.377308	0.0029985	0.0100038	0.124044	0.791286
79	0.0100579	0.0752869	0.329999	0.00149925	0.0100038	0.11068	0.623159
80	0.0107506	0.0657069	0.328121	0.00449775	0.0105798	0.10224	0.606216
81	0.0104455	0.0610236	0.309248	0.0029985	0.0100038	0.120339	0.764901
82	0.0104113	0.0583581	0.295417	0.0029985	0.0100038	0.106699	0.611565
83	0.0104113	0.0539231	0.276611	0.0029985	0.0105566	0.096401	0.611565
84	0.0104455	0.0504592	0.261524	0.00149925	0.0104049	0.0929907	0.611565
85	0.010384	0.0471146	0.226267	0	0.0105566	0.0904048	0.606216
86	0.010384	0.0456085	0.215215	0	0.0102883	0.0886452	0.606216
87	0.010384	0.0447735	0.212116	0	0.0100038	0.0866563	0.572461
88	0.010384	0.0431345	0.209987	0	0.0100038	0.0787211	0.458925
89	0.010384	0.0424934	0.209987	0	0.0101278	0.0767729	0.458925
90	0.010384	0.0421915	0.21068	0	0.0105566	0.0729535	0.458925
91	0.010384	0.0413418	0.206858	0	0.0100038	0.0698941	0.41154
92	0.010384	0.0399436	0.194227	0	0.0100038	0.0656527	0.383752
93	0.0102903	0.0393778	0.194227	0	0.0100038	0.0638766	0.383752
94	0.0100965	0.0385482	0.18217	0	0.0100038	0.0637607	0.391382
95	0.0101286	0.0377224	0.17634	0	0.0100038	0.060592	0.376001
96	0.0102903	0.0362462	0.173652	0	0.0100038	0.0587172	0.364907
97	0.0102903	0.0357348	0.168887	0	0.0100038	0.0574619	0.376001
98	0.0102903	0.0356064	0.168887	0.00149925	0.0100038	0.0555895	0.365685
99	0.0100965	0.0347024	0.158572	0	0.0100038	0.0526955	0.331313
100	0.0100965	0.0346353	0.156703	0	0.0101278	0.0514871	0.331313
101	0.0102517	0.0343652	0.156703	0.00149925	0.0100038	0.0502118	0.311159
102	0.0100965	0.0347012	0.161654	0	0.0100038	0.0495872	0.311159
103	0.0102517	0.0340566	0.15625	0	0.0101278	0.0502742	0.330845
104	0.0102517	0.033676	0.154304	0	0.0100038	0.0505614	0.330845
105	0.0100965	0.0329449	0.13376	0	0.0100038	0.0455602	0.284237
106	0.0100965	0.0326048	0.13376	0	0.0100038	0.0439659	0.265113
107	0.0100965	0.0324392	0.133048	0	0.0100038	0.0432448	0.265113
108	0.0100965	0.0324163	0.133048	0	0.0100038	0.0415006	0.230925
109	0.0102517	0.032084	0.133048	0	0.0100038	0.039676	0.193746
110	0.0100965	0.0315747	0.133048	0	0.0100038	0.0382002	0.174499
111	0.0100965	0.0315617	0.133048	0	0.0100038	0.0364941	0.152384
112	0.0100544	0.0310203	0.129787	0	0.0101071	0.0357497	0.148936
113	0.0100544	0.0311489	0.127222	0	0.0100038	0.0350408	0.147651
114	0.0100544	0.0313139	0.125232	0	0.0100038	0.0346385	0.147651
115	0.0102517	0.0317459	0.13376	0.0029985	0.0100038	0.0341996	0.142785
116	0.0101286	0.0317751	0.133048	0	0.0100038	0.0336483	0.137
117	0.0101286	0.0318255	0.133048	0	0.0101071	0.0333772	0.137
118	0.0100544	0.0324758	0.13376	0	0.0100822	0.033549	0.136328
119	0.0100544	0.032754	0.137201	0	0.0100038	0.0338979	0.137
120	0.0100544	0.0330313	0.142845	0	0.0100038	0.0337102	0.136827
121	0.0100544	0.0332451	0.136321	0	0.0101071	0.0339533	0.137
122	0.0100544	0.033133	0.136321	0	0.0100232	0.0346199	0.140428
123	0.0100544	0.0336899	0.144509	0	0.0101071	0.0355683	0.144643
124	0.0100544	0.0344184	0.149358	0	0.0101368	0.036283	0.148447
125	0.0100544	0.0348378	0.152922	0	0.0101071	0.0362709	0.145381
126	0.0101146	0.0351388	0.156717	0	0.0100232	0.0366409	0.145381
127	0.0101286	0.0362583	0.166692	0	0.0101071	0.0368616	0.145381
128	0.0100544	0.037988	0.190798	0	0.0101071	0.0374775	0.148447
129	0.0100544	0.0392929	0.221495	0.00149925	0.0100232	0.0385143	0.154077
130	0.0100544	0.0418494	0.288242	0	0.0100232	0.0399702	0.160458
131	0.0100544	0.0442077	0.357127	0.0089955	0.0102259	0.0414191	0.174046
132	0.0101286	0.0528747	0.694772	0.0314843	0.0100232	0.0429867	0.220113
133	0.0101146	0.0698787	2.60844	0.0764618	0.0100232	0.0447469	0.244409
134	0.0100544	0.0603312	1.40578	0.0569715	0.0102883	0.0461619	0.284237
135	0.0100317	0.0478956	0.343832	0.011994	0.0100232	0.0472595	0.301384
136	0.0100544	0.0456317	0.288242	0.00749625	0.0100232	0.0484776	0.309738
137	0.0102517	0.04459	0.288242	0.005997	0.0100232	0.0497673	0.309738
138	0.0100544	0.0418685	0.206769	0.00449775	0.0100232	0.051087	0.309738
139	0.0100317	0.0399384	0.172298	0	0.0100232	0.0496303	0.27842
140	0.0100317	0.0396416	0.172298	0	0.0100232	0.048892	0.235437
141	0.0102456	0.039548	0.170892	0	0.0100628	0.0505581	0.256051
142	0.0100317	0.0392689	0.168306	0	0.0100232	0.0516891	0.256051
143	0.0100317	0.0391035	0.17043	0	0.0100628	0.0521691	0.256051
144	0.0100317	0.0370219	0.163294	0	0.0100628	0.0514924	0.243947
145	0.0100544	0.0368928	0.166692	0	0.0100232	0.0518425	0.23877
146	0.0100317	0.0373086	0.172298	0	0.0115258	0.0535642	0.277054
147	0.0100317	0.0372162	0.170892	0	0.0111541	0.0542481	0.244479
148	0.0100317	0.036293	0.166692	0	0.0115258	0.0562461	0.277054
149	0.0100317	0.0364821	0.163937	0	0.0115258	0.0566393	0.27394
150	0.0100317	0.0363714	0.163937	0.00149925	0.0100232	0.0577368	0.244479
151	0.0101146	0.0364873	0.163937	0	0.0115258	0.0587559	0.25937
152	0.010307	0.0360173	0.163294	0	0.0117616	0.0589522	0.25937
153	0.010307	0.0355528	0.163937	0	0.0131782	0.0589911	0.301384
154	0.0100317	0.0352211	0.156717	0	0.0117616	0.0578589	0.244479
155	0.0100317	0.0346794	0.156717	0	0.0117616	0.0574254	0.244479
156	0.010307	0.0344169	0.163937	0	0.0106851	0.0568975	0.203258
157	0.0100317	0.032846	0.15175	0	0.0104593	0.0567987	0.203258
158	0.0100317	0.0318319	0.140845	0	0.0100055	0.0579038	0.199458
159	0.0100317	0.0319734	0.152985	0	0.0100055	0.0594464	0.199458
160	0.0100317	0.0321606	0.15567	0	0.0104593	0.0605521	0.203258
161	0.0100317	0.0318657	0.15567	0	0.0134661	0.0629371	0.271025
162	0.0100317	0.0318368	0.152985	0	0.0132293	0.0623679	0.271025
163	0.0100767	0.0318764	0.152985	0	0.0132293	0.0629367	0.271025
164	0.0100767	0.0320284	0.15567	0.00149925	0.0134661	0.0639357	0.271025
165	0.0100317	0.0327187	0.160537	0.005997	0.0114163	0.0640746	0.271025
166	0.0100315	0.0315726	0.144784	0	0.0118341	0.062471	0.25937
167	0.0100315	0.0317384	0.155394	0	0.0134661	0.0605518	0.271025
168	0.0100315	0.0319155	0.143013	0	0.0134661	0.0596979	0.25937
169	0.0100767	0.0321919	0.143013	0.00149925	0.0134661	0.0591285	0.256051
170	0.0101146	0.0321253	0.143013	0.00149925	0.012501	0.0594238	0.256051
171	0.0102038	0.0320047	0.143013	0.00149925	0.010666	0.0568834	0.196845
172	0.0100315	0.032513	0.143013	0.00149925	0.0121677	0.054986	0.196845
173	0.0100315	0.0325234	0.155394	0.00149925	0.012501	0.0536719	0.195812
174	0.0100315	0.0326584	0.158197	0	0.0132293	0.0531783	0.196845
175	0.0100315	0.0334407	0.163937	0	0.0136673	0.0517614	0.197943
176	0.0100315	0.0331185	0.162245	0	0.0136673	0.0507449	0.193041
177	0.0102042	0.0334396	0.169414	0	0.0141852	0.0505156	0.197943
178	0.0100953	0.0344639	0.170968	0.00149925	0.0136673	0.0495951	0.193041
179	0.010041	0.0351784	0.170968	0.00449775	0.0101117	0.0485055	0.137
180	0.0102042	0.0365584	0.192939	0.00749625	0.0101117	0.0483209	0.137
181	0.0102042	0.0371844	0.192939	0.0029985	0.0100232	0.0479695	0.137
182	0.0100315	0.0378898	0.192939	0.0029985	0.0114163	0.048455	0.159728
183	0.0102456	0.0384171	0.201007	0.00149925	0.0118219	0.0484801	0.159728
184	0.0102042	0.038438	0.203758	0	0.0118923	0.048786	0.159728
185	0.0100315	0.0385703	0.203758	0	0.0123646	0.0497599	0.180403
186	0.0102042	0.0404424	0.241555	0.00749625	0.0111135	0.0486655	0.159728
187	0.0102456	0.0416982	0.262588	0.00749625	0.0123646	0.0484504	0.169993
188	0.0102223	0.0421442	0.262588	0.00749625	0.0124728	0.0487444	0.180403
189	0.0100315	0.0437574	0.300457	0.0029985	0.0123646	0.0498307	0.201402
190	0.0100315	0.0455115	0.343389	0.00449775	0.0123646	0.049417	0.201402
191	0.0102223	0.0485528	0.391672	0.00449775	0.0123646	0.0492214	0.201402
192	0.0102996	0.0520587	0.431051	0.00449775	0.0124728	0.0492123	0.193835
193	0.0102223	0.0589816	0.52524	0.0134933	0.0124728	0.0496673	0.188741
194	0.0102996	0.0644074	0.570833	0.0149925	0.0123646	0.0496582	0.193835
195	0.0102456	0.0712585	0.583673	0.011994	0.0123646	0.0500053	0.196189
196	0.0102996	0.0777207	0.596447	0.017991	0.0101117	0.0505804	0.167471
197	0.010747	0.0875313	0.675325	0.0194903	0.0106535	0.0501566	0.169993
198	0.0104686	0.0937814	0.675325	0.0224888	0.0101117	0.0491411	0.158695
199	0.010747	0.0988013	0.675325	0.0209895	0.0106535	0.0478115	0.164494
200	0.0113336	0.106167	0.766994	0.0224888	0.0104593	0.0473859	0.158695
201	0.0149874	0.121993	0.917519	0.029985	0.0105429	0.0474778	0.158695
202	0.0139821	0.136187	0.917519	0.0374813	0.0106333	0.0470488	0.156284
203	0.0149769	0.180985	1.2279	0.0614693	0.0105429	0.0467057	0.15433
204	0.0447799	0.278067	4.16914	0.131934	0.0106333	0.0464759	0.15433
205	0.0465575	0.278224	4.16914	0.131934	0.0106535	0.0463614	0.15433
206	0.0163689	0.210598	1.82798	0.0824588	0.0106333	0.0464263	0.15433
207	0.0163689	0.187367	1.74783	0.071964	0.0105429	0.0466928	0.15433
208	0.0163689	0.167002	1.51483	0.0509745	0.0106535	0.0463247	0.156284
209	0.0148964	0.146408	0.949705	0.0269865	0.0105429	0.0475232	0.159074
210	0.0163689	0.136576	0.949705	0.017991	0.0105429	0.048682	0.162227
211	0.0148964	0.131688	0.830304	0.0149925	0.0101117	0.0500124	0.165038
212	0.0148964	0.126032	0.808445	0.0104948	0.0105429	0.0503524	0.174116
213	0.0148964	0.126484	0.816965	0.0089955	0.0105429	0.050685	0.174116
214	0.0163689	0.124336	0.847431	0.0104948	0.0101117	0.0521057	0.180751
215	0.0163689	0.123881	0.847431	0.0104948	0.0104593	0.0538761	0.19465
216	0.0148964	0.104605	0.847431	0.00449775	0.0104593	0.0557149	0.212799
217	0.0118049	0.0962824	0.696342	0.005997	0.0106333	0.0578416	0.214383
218	0.0114836	0.082053	0.667386	0.005997	0.0105429	0.0589432	0.214383
219	0.0100504	0.0763671	0.563531	0.005997	0.0118923	0.0611903	0.245678
220	0.0100018	0.0707124	0.487014	0.0089955	0.0118923	0.0622822	0.24885
221	0.0100018	0.0591928	0.413259	0.0029985	0.0126629	0.0629837	0.252945
222	0.0103957	0.0528432	0.355025	0.00149925	0.012189	0.0640424	0.252945
223	0.0100018	0.0476488	0.279238	0	0.012189	0.0649484	0.252945
224	0.0103957	0.0471577	0.318012	0.0089955	0.0131613	0.0652162	0.293241
225	0.0103957	0.0443727	0.271144	0	0.0134536	0.0654185	0.300458
226	0.0100018	0.0430861	0.23535	0	0.0136053	0.0655937	0.300458
227	0.0100018	0.0420123	0.227494	0	0.0134536	0.0658367	0.28682
228	0.0100018	0.0418369	0.227494	0	0.0136053	0.0701997	0.300458
229	0.0100018	0.0404314	0.211594	0	0.0134536	0.0708588	0.300458
230	0.0100018	0.0388838	0.206465	0	0.0126629	0.0726594	0.325807
231	0.0100018	0.0379423	0.195534	0	0.0104593	0.0702845	0.27354
232	0.0100504	0.0371793	0.195534	0	0.01019	0.0693462	0.28513
233	0.0100018	0.0358561	0.189954	0	0.01019	0.0704022	0.292742
234	0.0101654	0.0354777	0.187147	0	0.01019	0.0678804	0.292742
235	0.0103957	0.0350173	0.18629	0	0.01019	0.0670065	0.292742
236	0.0101654	0.0349942	0.187147	0	0.01019	0.0638635	0.253817
237	0.0100018	0.0342797	0.17611	0	0.01019	0.0621476	0.251275
238	0.0100504	0.0333081	0.161897	0	0.01019	0.0616626	0.244557
239	0.0100504	0.0318921	0.153237	0	0.01019	0.0616215	0.244557
240	0.0100504	0.0313524	0.138747	0	0.01019	0.0613156	0.245678
241	0.0100504	0.0309451	0.140931	0	0.01019	0.0583352	0.212657
242	0.0100504	0.0309987	0.140931	0	0.01019	0.0572367	0.212657
243	0.0100504	0.0309678	0.138747	0	0.01019	0.05602	0.212657
244	0.0100504	0.0303855	0.137825	0	0.01019	0.0554771	0.209772
245	0.0101933	0.0301477	0.138072	0	0.01019	0.0535294	0.209772
246	0.0100504	0.0304751	0.137825	0	0.01019	0.0524106	0.209982
247	0.0100504	0.0306873	0.138072	0	0.01019	0.0515343	0.196407
248	0.0100504	0.0302697	0.134267	0	0.0102956	0.0502828	0.195282
249	0.0100504	0.0301764	0.136148	0.0029985	0.0104593	0.0495326	0.19465
250	0.0100504	0.0311001	0.150983	0.0104948	0.01019	0.048547	0.18813
251	0.0100504	0.0304912	0.138072	0.005997	0.0101353	0.0476931	0.183389
252	0.0100504	0.0303516	0.138072	0.00149925	0.0101353	0.0473902	0.175595
253	0.0100504	0.0302963	0.138072	0	0.0101353	0.0468867	0.175595
254	0.0100504	0.0302603	0.136148	0	0.0101353	0.0468664	0.176675
255	0.0100504	0.0306517	0.138072	0	0.0101353	0.047427	0.180204
256	0.0100504	0.0306904	0.130329	0	0.01019	0.0479807	0.188438
257	0.0100504	0.0308981	0.129446	0	0.0101353	0.0483626	0.18813
258	0.0100504	0.0312423	0.130329	0	0.0100502	0.0490084	0.190033
259	0.0100504	0.0316485	0.134267	0	0.0101353	0.0497676	0.195282
260	0.0100504	0.0316514	0.134267	0	0.0100502	0.0502567	0.196407
261	0.0100504	0.0315813	0.134267	0	0.0101353	0.0517253	0.222083
262	0.0101933	0.0324634	0.141956	0	0.0100502	0.0523283	0.226604
263	0.0100504	0.0330306	0.141956	0	0.0101353	0.0531819	0.226604
264	0.0100504	0.0333358	0.141259	0	0.0101353	0.0555249	0.24127
265	0.0107225	0.0333361	0.153237	0	0.0100502	0.057155	0.255026
266	0.0112961	0.0336229	0.166009	0	0.0104593	0.058495	0.289291
267	0.0112391	0.0338516	0.166009	0	0.0100502	0.0604498	0.289291
268	0.0108912	0.0339043	0.161994	0	0.0104593	0.0621523	0.330158
269	0.0107639	0.033462	0.157907	0	0.0100502	0.0643976	0.330158
270	0.0107639	0.0335137	0.157907	0	0.0104593	0.0699621	0.382301
271	0.0107639	0.0336618	0.157907	0.00149925	0.0103336	0.0735799	0.461176
272	0.0107225	0.0334046	0.153237	0.00149925	0.0107535	0.0811585	0.550844
273	0.0100504	0.0337002	0.141259	0.00149925	0.0104593	0.0934913	0.640871
274	0.0100504	0.0335989	0.141259	0.00149925	0.0109115	0.119294	1.25512
275	0.0100504	0.0343651	0.150389	0	0.0131613	0.149099	2.18189
276	0.0106073	0.0343386	0.163382	0.00149925	0.0126222	0.158092	2.18189
277	0.0106073	0.0344294	0.163382	0.00149925	0.0114197	0.14537	1.61023
278	0.0109672	0.034959	0.167384	0.00149925	0.011972	0.130591	1.56261
279	0.0109672	0.0347758	0.167384	0	0.0114197	0.121689	1.08756
280	0.0101933	0.0356815	0.166965	0	0.0114197	0.110825	1.01258
281	0.0101933	0.0356447	0.176795	0	0.0114197	0.0992073	0.769522
282	0.0100504	0.035714	0.171128	0	0.0113156	0.0874125	0.634211
283	0.0100504	0.0367874	0.176795	0.00149925	0.0106836	0.0787563	0.513427
284	0.0100504	0.0393465	0.195241	0	0.0104316	0.0730709	0.490312
285	0.0101933	0.0415472	0.211246	0	0.0102347	0.0644661	0.358514
286	0.0101933	0.0435687	0.234789	0	0.0102347	0.0609864	0.339015
287	0.0100504	0.0448983	0.239545	0	0.0102472	0.0567614	0.339015
288	0.0101878	0.0452169	0.241597	0.0029985	0.0102347	0.0529115	0.299358
289	0.0101878	0.0448975	0.241597	0	0.0102347	0.050568	0.294125
290	0.0100504	0.0458463	0.242998	0	0.0106409	0.0499666	0.289291
291	0.0101878	0.0479318	0.259563	0	0.0100511	0.0486386	0.255092
292	0.0106344	0.0487648	0.266632	0	0.0102347	0.0468646	0.246188
293	0.0102938	0.0522644	0.275453	0.00449775	0.0102347	0.0456101	0.23149
294	0.0100504	0.0572702	0.304238	0.0029985	0.0103909	0.044408	0.226604
295	0.0102019	0.058542	0.27606	0.00449775	0.0101532	0.0425678	0.218527
296	0.0100962	0.0601612	0.304238	0.00449775	0.0101836	0.0423963	0.218527
297	0.0106344	0.0636282	0.341391	0.005997	0.0101532	0.0401331	0.197333
298	0.0106344	0.0656776	0.367959	0.005997	0.0100511	0.0397437	0.192666
299	0.0106344	0.0678438	0.37715	0.005997	0.0100771	0.0407233	0.218527
300	0.0107639	0.0719785	0.394061	0.005997	0.0100511	0.040299	0.220998
301	0.0109672	0.0742081	0.394061	0.00449775	0.0100511	0.0395341	0.2183
302	0.0109672	0.0759939	0.394061	0.00449775	0.0100511	0.0386591	0.197333
303	0.0107285	0.0795027	0.394061	0.0029985	0.0100511	0.0369776	0.178954
304	0.0106344	0.0824407	0.443402	0.00149925	0.0100511	0.0362784	0.178195
305	0.0106344	0.0997888	0.553461	0.0209895	0.0100511	0.0357703	0.168042
306	0.0106344	0.0938484	0.519597	0.0149925	0.0100511	0.034624	0.158772
307	0.0120871	0.0948058	0.553461	0.011994	0.0100511	0.0341071	0.159074
308	0.0125935	0.0924292	0.553461	0.0104948	0.0100511	0.0331623	0.137824
309	0.0137086	0.0924152	0.553461	0.005997	0.0100511	0.032672	0.135294
310	0.012516	0.0930805	0.512288	0.0089955	0.0100542	0.0324303	0.135294
311	0.0134652	0.0930376	0.512288	0.00749625	0.0100511	0.0313632	0.125623
312	0.0134652	0.0960275	0.541668	0.0089955	0.0100511	0.0307742	0.114768
313	0.0133817	0.0996057	0.553365	0.0149925	0.0100511	0.0304014	0.108902
314	0.0137086	0.096291	0.54176	0.0104948	0.0100511	0.0298763	0.106084
315	0.0134652	0.090233	0.54176	0.00749625	0.0100511	0.0297074	0.101735
316	0.0100962	0.0864142	0.394061	0.00749625	0.0100511	0.0298299	0.101735
317	0.0110273	0.0839304	0.394061	0.005997	0.0100511	0.0296882	0.100837
318	0.011032	0.0791436	0.394061	0.0029985	0.0103909	0.0290706	0.101155
319	0.0108459	0.0763407	0.394061	0.0029985	0.0104316	0.028827	0.101155
320	0.0105349	0.0710345	0.36107	0.00149925	0.0104316	0.028559	0.101155
321	0.0100911	0.0656502	0.34386	0.00449775	0.0100742	0.0285415	0.0994644
322	0.0100911	0.0600664	0.335518	0.005997	0.0100511	0.0281969	0.0987578
323	0.0103024	0.0569999	0.335518	0.005997	0.0100542	0.0279429	0.096127
324	0.0103024	0.0530001	0.290661	0.00449775	0.0100542	0.0276556	0.0944584
325	0.0100061	0.0514644	0.268371	0.00149925	0.0100542	0.0278275	0.096127
326	0.0100061	0.0498232	0.272424	0.0029985	0.0100511	0.0279264	0.0970882
327	0.0103024	0.0478725	0.268371	0.00149925	0.0100511	0.0276043	0.096127
328	0.0100414	0.0443062	0.241597	0	0.0100542	0.0277414	0.096127
329	0.0100414	0.0429974	0.236473	0	0.0101836	0.0275043	0.0944584
330	0.0100061	0.0414972	0.226044	0	0.0100511	0.0274361	0.0926017
331	0.0100414	0.0406101	0.221523	0.0029985	0.0100511	0.0272806	0.0926017
332	0.0100061	0.0395889	0.211978	0.005997	0.0100511	0.0272615	0.0926017
333	0.0100061	0.0391658	0.211978	0.005997	0.0100511	0.0269493	0.0903868
334	0.0100414	0.0384856	0.20904	0.00449775	0.0100511	0.0270785	0.0926017
335	0.0100414	0.0379009	0.209442	0.00449775	0.0100511	0.0270869	0.0926017
336	0.0100414	0.0373995	0.209442	0.00149925	0.0100511	0.0270972	0.0920241
337	0.0100061	0.0368028	0.20809	0	0.0100511	0.027217	0.0926017
338	0.0100414	0.0355411	0.186606	0	0.0100511	0.0272625	0.0939549
339	0.0100414	0.0343604	0.186302	0	0.0100511	0.0268002	0.0891075
340	0.0100061	0.0342717	0.156019	0	0.0100511	0.0269924	0.0903868
341	0.0100414	0.0337435	0.153381	0	0.0100511	0.0269129	0.0879346
342	0.0100061	0.0330288	0.144953	0	0.0100511	0.0272377	0.0926017
343	0.0100061	0.0318724	0.134324	0	0.0100511	0.027419	0.0939549
344	0.0100061	0.0322975	0.140609	0	0.0100511	0.0277601	0.0987578
345	0.0100061	0.0320824	0.134324	0	0.0100511	0.0275321	0.0941346
346	0.0100414	0.0319422	0.140609	0	0.0100511	0.0279596	0.0987578
347	0.0100414	0.0316408	0.140609	0.00149925	0.0100087	0.0279181	0.0987578
348	0.0100061	0.0336256	0.18053	0.0149925	0.0100087	0.0277789	0.0926017
349	0.0100061	0.0328659	0.145915	0.011994	0.0100087	0.0280884	0.0994576
350	0.0100061	0.0322936	0.145915	0.00449775	0.0100087	0.0281716	0.0994576
351	0.0100414	0.0310849	0.140609	0	0.0100087	0.0284167	0.101568
352	0.0100061	0.0309872	0.134242	0	0.0100087	0.0287519	0.116191
353	0.0100061	0.0309808	0.133435	0	0.0100542	0.0287874	0.118369
354	0.0100061	0.0320755	0.145136	0.00749625	0.0100087	0.0287881	0.107147
355	0.0100061	0.0312933	0.134242	0.00149925	0.0100511	0.0295634	0.121457
356	0.0100061	0.0310931	0.133435	0	0.0100087	0.030278	0.121457
357	0.0100061	0.0313996	0.140609	0	0.0100087	0.0302738	0.118922
358	0.0100414	0.0316856	0.142759	0.00149925	0.0100087	0.0313044	0.125838
359	0.0100414	0.0309543	0.133435	0.00149925	0.0100511	0.0311561	0.126952
360	0.0100414	0.0308549	0.133435	0.00149925	0.0100542	0.0312146	0.132164
361	0.0100414	0.0303332	0.13294	0	0.0100087	0.0314203	0.130438
362	0.0100414	0.0312611	0.140609	0	0.0100087	0.0314621	0.128955
363	0.0100414	0.0312967	0.140609	0	0.0100087	0.0314743	0.129069
364	0.0100414	0.0311881	0.140609	0	0.0100087	0.032805	0.136864
365	0.0100414	0.0314449	0.140609	0	0.0100511	0.033487	0.15277
366	0.0100414	0.0317733	0.144298	0	0.0100511	0.0337028	0.154182
367	0.0100414	0.0330013	0.165104	0	0.0100542	0.0340605	0.174403
368	0.0100414	0.0338119	0.171963	0	0.0100511	0.0349849	0.179282
369	0.0100414	0.0348306	0.178996	0	0.0103346	0.0367714	0.204378
370	0.0100414	0.0372737	0.232316	0.00149925	0.0100571	0.0388847	0.204328
371	0.0100414	0.0372926	0.234045	0	0.0100511	0.0407537	0.236892
372	0.0100414	0.0378195	0.270538	0	0.0100511	0.0402736	0.204378
373	0.0100414	0.0398682	0.339098	0	0.0100511	0.041214	0.217971
374	0.0100414	0.0414191	0.373536	0.00449775	0.0100511	0.0418013	0.217971
375	0.0102169	0.0465456	0.479823	0.011994	0.0100571	0.0440556	0.239005
376	0.0100594	0.0545032	0.65996	0.029985	0.0100194	0.0464336	0.244465
377	0.0100594	0.063249	0.870676	0.0404798	0.0100571	0.0484892	0.285103
378	0.0102605	0.0762603	1.16835	0.0629685	0.0100194	0.0516821	0.30577
379	0.0104741	0.11546	2.89847	0.148426	0.0100194	0.0555799	0.424829
380	0.0100594	0.223224	3.49777	0.277361	0.0100571	0.0604587	0.499958
381	0.175166	1.85568	10.9056	0.725637	0.0100571	0.0610686	0.471505
382	0.0905363	1.41064	8.44868	0.649175	0.0104474	0.0597581	0.424829
383	0.0113608	0.238013	3.81664	0.211394	0.0104474	0.0590371	0.375882
384	0.0105663	0.164831	2.49209	0.118441	0.0100771	0.0614788	0.351983
385	0.0105663	0.133884	1.48839	0.071964	0.0104474	0.0636879	0.375882
386	0.0105038	0.121942	0.944558	0.0464768	0.0104474	0.0647363	0.326931
387	0.0110915	0.107712	0.646455	0.0164918	0.0104474	0.0642024	0.326002
388	0.0105663	0.107293	0.530604	0.0089955	0.0104474	0.0635772	0.315611
389	0.0106846	0.106808	0.530604	0.005997	0.0103968	0.063294	0.315611
390	0.0105038	0.111232	0.541925	0.0104948	0.0103968	0.0666291	0.328181
391	0.010611	0.115851	0.541925	0.005997	0.0102537	0.0689541	0.3952
392	0.0106846	0.122921	0.586931	0.00749625	0.0104858	0.0706132	0.414716
393	0.0106846	0.129408	0.646455	0.0149925	0.0102537	0.0705851	0.3952
394	0.0110915	0.138788	0.713898	0.017991	0.0104858	0.0728705	0.414716
395	0.0112699	0.155838	0.752313	0.029985	0.0104858	0.0759175	0.434774
396	0.0198789	0.141446	0.98949	0.0104948	0.0108819	0.0798567	0.455945
397	0.0198789	0.13802	0.907308	0.0029985	0.0104858	0.0852127	0.459359
398	0.0198789	0.134829	0.896011	0.0029985	0.0104858	0.0934889	0.506327
399	0.0112699	0.127432	0.54053	0.00149925	0.0109033	0.0995313	0.538334
400	0.0112699	0.126691	0.541925	0.0029985	0.0107107	0.106128	0.54482
401	0.0112699	0.122224	0.54053	0.00449775	0.010809	0.113573	0.60146
402	0.0110328	0.123789	0.518284	0.005997	0.0109033	0.118767	0.618409
403	0.0112699	0.123118	0.512066	0.00449775	0.0109033	0.121503	0.618409
404	0.0112699	0.122775	0.518284	0.005997	0.0107107	0.124971	0.649675
405	0.0112699	0.127522	0.560735	0.0089955	0.0109563	0.129058	0.729182
406	0.0112699	0.128308	0.58218	0.00749625	0.0107107	0.134284	0.782022
407	0.0112699	0.130268	0.600877	0.0104948	0.0109033	0.140042	0.835416
408	0.0112699	0.136528	0.63207	0.0164918	0.0109033	0.144574	0.782022
409	0.011387	0.143884	0.729784	0.023988	0.0109563	0.149832	0.80172
410	0.0198789	0.170179	1.31084	0.0464768	0.0221276	0.177624	2.16196
411	0.037939	0.276944	3.20634	0.133433	0.0188657	0.204995	2.18596
412	0.0301649	0.247925	1.94867	0.103448	0.0116035	0.240955	2.18596
413	0.0305056	0.231209	1.94867	0.10045	0.0102537	0.269756	3.12331
414	0.0249608	0.231393	2.02586	0.113943	0.0100043	0.290975	7.42741
415	0.0103754	0.152695	1.25728	0.0734633	0.0163526	0.325615	28.2618
416	0.0101206	0.11384	0.8226	0.0404798	0.0163526	0.331438	28.2618
417	0.0109129	0.10066	0.74544	0.0254873	0.0236972	0.347025	44.537
418	0.0103754	0.0855865	0.610151	0.0134933	0.0236972	0.366188	44.537
419	0.0103754	0.0739878	0.509921	0.0104948	0.0254242	0.413831	63.1095
420	0.0101696	0.0690912	0.39011	0.00749625	0.025796	0.419697	68.2908
421	0.0103754	0.0648731	0.377668	0.00449775	0.0254242	0.386394	49.6216
422	0.0103754	0.0615597	0.337544	0.0029985	0.0109534	0.348928	22.4942
423	0.0101206	0.0580927	0.283788	0.0029985	0.0107141	0.30996	16.0568
424	0.0103754	0.0553305	0.270739	0.00449775	0.0110269	0.305365	16.0568
425	0.0101206	0.0533405	0.251729	0.005997	0.0107141	0.308781	16.0568
426	0.0103754	0.0512149	0.247472	0.00149925	0.0107141	0.315192	16.0568
427	0.0101206	0.0497168	0.234045	0	0.0110544	0.302384	14.8086
428	0.0101696	0.0482855	0.22504	0.0029985	0.0164506	0.262183	17.8702
429	0.0101696	0.0479566	0.220091	0.00149925	0.0107141	0.232003	4.78223
430	0.0101765	0.0484313	0.22504	0	0.0110544	0.220554	3.42977
431	0.0101696	0.0467917	0.220091	0	0.0107141	0.214459	3.01769
432	0.0101765	0.0474969	0.22504	0	0.0105859	0.207406	2.66505
433	0.0101696	0.0479354	0.225545	0	0.010471	0.203258	2.72769
434	0.0101765	0.0477282	0.22504	0	0.0109046	0.166272	2.08552
435	0.010971	0.0481412	0.247472	0	0.0107141	0.141212	1.49249
436	0.0101765	0.0472063	0.229284	0	0.0102718	0.107112	0.88786
437	0.0101765	0.0461546	0.22504	0	0.0102718	0.103885	0.760751
438	0.0101765	0.0447599	0.212836	0	0.0102882	0.100572	0.782464
439	0.0101765	0.045124	0.215062	0	0.0102718	0.0981273	0.807397
440	0.0101765	0.0446516	0.20819	0	0.0102718	0.0980928	0.807397
441	0.0101765	0.0439144	0.208152	0	0.0102718	0.0986282	0.807397
442	0.0101765	0.0432441	0.208016	0	0.0102882	0.104955	0.94694
443	0.0101765	0.043541	0.20819	0	0.0102882	0.112949	1.06825
444	0.0101765	0.0429793	0.208152	0	0.0102882	0.117457	1.18909
445	0.0101765	0.0427717	0.203478	0	0.0102882	0.120874	1.54056
446	0.0101591	0.0421318	0.203478	0	0.0102882	0.132389	2.29069
447	0.0103754	0.0425356	0.20819	0	0.0102882	0.132984	2.4635
448	0.0104155	0.0426865	0.20819	0	0.0102882	0.128671	2.4635
449	0.0103754	0.0450109	0.22614	0.00749625	0.0102882	0.127765	2.26311
450	0.0101591	0.0449956	0.20819	0.005997	0.0101243	0.127288	2.29069
451	0.0103754	0.0435471	0.20819	0.00149925	0.0101243	0.13017	2.4635
452	0.0103754	0.0435124	0.20819	0.00149925	0.010471	0.135568	2.66981
453	0.0103754	0.0429675	0.20819	0.00149925	0.010471	0.149847	4.06964
454	0.0103754	0.0436304	0.22614	0.005997	0.010471	0.16838	6.04101
455	0.0103754	0.0422399	0.20819	0.00149925	0.0100719	0.200478	11.6824
456	0.0103754	0.0420145	0.20819	0.00149925	0.0100719	0.210179	12.0356
457	0.0103754	0.045506	0.26428	0.00149925	0.0100719	0.228811	13.1919
458	0.0103754	0.0508453	0.471942	0.0029985	0.0100719	0.257677	14.2391
459	0.0103754	0.0544681	0.508209	0.0029985	0.0108803	0.277953	22.9012
460	0.0103754	0.0626875	0.613183	0.0104948	0.0100719	0.290053	24.7745
461	0.0109756	0.0734736	0.791354	0.017991	0.0117704	0.309494	30.9365
462	0.0104717	0.0931522	0.8954	0.0404798	0.0117704	0.308769	30.9365
463	0.0113713	0.104671	1.09511	0.053973	0.0117704	0.314954	31.2361
464	0.011814	0.132895	1.4958	0.0929535	0.0117704	0.31802	30.9365
465	0.0104717	0.170113	1.71316	0.137931	0.0122686	0.336236	30.9365
466	0.0190864	0.275846	3.95562	0.238381	0.0122686	0.330961	30.9365
467	0.0482724	0.600776	4.37502	0.386807	0.0120398	0.345394	30.9365
468	0.052733	0.614001	4.26486	0.391304	0.0115632	0.399675	30.9365
469	0.052127	0.659282	4.37502	0.418291
