		omega		Posterior		rho				Synonymous theta			kappa			phi	
Site	Lower	Point	Higher	prob of +ve	Lower	Point	Higher		Lower	Point	Higher	Lower	Point	Higher	Lower	Point	Higher
	95% HPD	estimate	95% HPD	selection	95% HPD	estimate	95% HPD		95% HPD	estimate	95% HPD	95% HPD	estimate	95% HPD	95% HPD	estimate	95% HPD
0	0.0101567	0.0416747	0.266187	0.00449775	0.0127874	0.523643	86.7064		0.0577743	0.0727169	0.0897364	2.50178	3.88769	6.02603	0	0	0
1	0.0101196	0.0384702	0.187181	0	0.0127874	0.354016	83.8909
2	0.0101196	0.0375714	0.182458	0	0.0116672	0.305732	73.5101
3	0.0101196	0.0370562	0.178004	0	0.0116672	0.275311	73.5101
4	0.0101196	0.0363397	0.175265	0	0.0116672	0.257084	73.5101
5	0.0101196	0.0363439	0.175265	0	0.0101517	0.205031	48.7448
6	0.0101196	0.0356131	0.16433	0.00149925	0.0101517	0.147915	30.8628
7	0.0101196	0.0357651	0.16433	0.00449775	0.0101191	0.111399	12.6503
8	0.0101567	0.0352144	0.15901	0	0.0101191	0.0852316	3.07008
9	0.0101196	0.0351664	0.15901	0	0.0101191	0.0733944	2.19686
10	0.0100581	0.0349897	0.156516	0	0.0101191	0.0646046	1.45819
11	0.0100581	0.0351682	0.15901	0.00149925	0.0101191	0.0600526	0.721756
12	0.0101196	0.0356979	0.162604	0.00149925	0.0103244	0.0584939	0.673593
13	0.0100581	0.0352363	0.15901	0.00149925	0.0103244	0.055408	0.494602
14	0.0100581	0.0351995	0.15901	0.00149925	0.0103989	0.0535178	0.490726
15	0.0101481	0.0361755	0.167206	0.0029985	0.0103244	0.0494353	0.27672
16	0.0100581	0.0370018	0.16875	0.00149925	0.0103244	0.0495469	0.266022
17	0.0101481	0.0365527	0.168051	0.00149925	0.0103244	0.0492702	0.261445
18	0.0101481	0.0376357	0.16875	0.00149925	0.0108025	0.0479152	0.254336
19	0.0101481	0.0384323	0.176764	0.0029985	0.0109143	0.046942	0.244964
20	0.0101481	0.0396846	0.182458	0.005997	0.0109143	0.0470868	0.24486
21	0.0101481	0.0389211	0.178004	0.00149925	0.0108777	0.0474109	0.244964
22	0.0101481	0.0397979	0.182458	0.00149925	0.0109726	0.047771	0.244964
23	0.0100581	0.0395882	0.178004	0.00149925	0.0101297	0.0466213	0.221883
24	0.0101567	0.039779	0.179023	0	0.0110529	0.0472215	0.244964
25	0.0101567	0.0408241	0.180899	0	0.0103244	0.0464049	0.221883
26	0.0106287	0.041821	0.215617	0	0.0104917	0.046067	0.221883
27	0.0101665	0.0426756	0.210274	0	0.0103244	0.0459997	0.221883
28	0.0101665	0.0437507	0.215539	0	0.0101297	0.047084	0.221883
29	0.010265	0.0439505	0.215617	0.0029985	0.0105844	0.0484018	0.246966
30	0.0101665	0.0439707	0.210274	0	0.0101191	0.0499235	0.24486
31	0.0100581	0.0444008	0.210379	0.00149925	0.0101191	0.0513841	0.269879
32	0.0100581	0.0451407	0.215617	0.00149925	0.0101191	0.0507442	0.246966
33	0.0100581	0.0458824	0.222653	0	0.0101191	0.0496912	0.242461
34	0.0103219	0.0497995	0.250656	0.00149925	0.0101191	0.0486145	0.232418
35	0.010265	0.0537054	0.272668	0.0029985	0.0101191	0.0489968	0.232418
36	0.0100581	0.0560684	0.294998	0.0029985	0.0101191	0.0493739	0.232418
37	0.0100581	0.0599834	0.336518	0.0089955	0.0101191	0.0502782	0.235282
38	0.0100581	0.0679065	0.554376	0.0224888	0.0101191	0.0499562	0.240308
39	0.0104037	0.234275	15.016	0.235382	0.0101191	0.0501543	0.240308
40	0.0101901	0.0857163	0.591896	0.0314843	0.0101191	0.052139	0.279201
41	0.0113847	0.0771947	0.349628	0.00749625	0.0101762	0.0523817	0.384307
42	0.0121473	0.0737769	0.318067	0	0.0101191	0.0532789	0.384307
43	0.0113847	0.0719257	0.278693	0	0.0101762	0.0533246	0.384307
44	0.0125025	0.0719744	0.315421	0	0.0101191	0.0502101	0.279201
45	0.0133967	0.0734031	0.318067	0	0.0101191	0.0487043	0.249321
46	0.0122019	0.0779156	0.315845	0.0029985	0.0101762	0.0477683	0.240308
47	0.0125025	0.0799018	0.336518	0.00149925	0.0101521	0.046262	0.235282
48	0.0121473	0.082528	0.336518	0.00149925	0.0101191	0.0443509	0.224886
49	0.0130472	0.0858548	0.392489	0	0.0101191	0.0442091	0.23045
50	0.0122019	0.0875637	0.387681	0	0.0100376	0.0439732	0.240308
51	0.0132798	0.0931973	0.450432	0.00449775	0.0100376	0.0432629	0.23045
52	0.0132798	0.0949146	0.451938	0	0.0101191	0.0431373	0.232567
53	0.0125025	0.099421	0.447004	0	0.0100376	0.0422721	0.221621
54	0.0132798	0.103918	0.48701	0.0029985	0.0100376	0.0412708	0.214933
55	0.0131167	0.107715	0.503503	0.005997	0.0100376	0.0404966	0.209449
56	0.0131167	0.114782	0.498339	0.005997	0.0101191	0.038606	0.20355
57	0.0226115	0.131341	0.925898	0.005997	0.0101191	0.0374989	0.19386
58	0.0294562	0.153949	1.15219	0.0209895	0.0100376	0.0367294	0.186415
59	0.0463912	0.214376	2.23304	0.0749625	0.0100376	0.0365468	0.188491
60	0.0273554	0.195168	1.15219	0.053973	0.0100376	0.0364662	0.188491
61	0.044328	0.181419	1.14172	0.029985	0.0100987	0.0359003	0.192539
62	0.0449951	0.190977	1.21701	0.0389805	0.0100376	0.0362645	0.194508
63	0.035438	0.159689	1.02865	0.011994	0.0100376	0.03569	0.195748
64	0.0163335	0.146291	0.613468	0.0089955	0.0100376	0.035738	0.195748
65	0.0163335	0.138605	0.654986	0.0089955	0.0100376	0.0348401	0.186415
66	0.0163335	0.131117	0.493564	0.00449775	0.0100376	0.0345357	0.17514
67	0.0163335	0.124462	0.48523	0.00449775	0.0100376	0.034437	0.190424
68	0.0163335	0.119671	0.48884	0.0029985	0.01005	0.0346633	0.190424
69	0.0163335	0.120178	0.485797	0.00149925	0.01005	0.0336129	0.171921
70	0.0163335	0.120673	0.535606	0	0.0100987	0.0328754	0.168244
71	0.0163335	0.1209	0.538706	0.00149925	0.01005	0.0329019	0.170805
72	0.0157375	0.121059	0.538706	0	0.01005	0.0326433	0.168244
73	0.0141266	0.120693	0.538706	0.00149925	0.01005	0.0325395	0.168244
74	0.0150827	0.123492	0.58544	0.00149925	0.01005	0.0323852	0.162242
75	0.0155423	0.128581	0.594636	0.005997	0.0100987	0.0328309	0.171921
76	0.0106434	0.133692	0.455812	0.0104948	0.0100987	0.0328818	0.171921
77	0.0272256	0.149156	1.07098	0.0149925	0.01005	0.0326561	0.163542
78	0.0421486	0.176596	1.34687	0.035982	0.0101521	0.0326105	0.171921
79	0.0273554	0.162237	0.594636	0.017991	0.01005	0.0323061	0.163542
80	0.035961	0.155785	0.675272	0.0089955	0.0100987	0.032319	0.171921
81	0.035961	0.154316	0.721297	0.00749625	0.0100909	0.0314391	0.171321
82	0.038193	0.157366	0.675272	0.00749625	0.01005	0.0310456	0.163542
83	0.038193	0.15234	0.707489	0.00749625	0.01005	0.0305942	0.148214
84	0.040867	0.149538	0.675272	0.00749625	0.01005	0.0311375	0.163542
85	0.0355169	0.145577	0.650629	0.0089955	0.01005	0.0304779	0.153932
86	0.0341911	0.134539	0.555262	0.0029985	0.01005	0.0303683	0.148214
87	0.0281398	0.12656	0.537033	0.0029985	0.01005	0.0301696	0.148214
88	0.0281398	0.120873	0.537033	0	0.01005	0.029978	0.141779
89	0.0210793	0.118072	0.490449	0	0.0100211	0.0300139	0.153932
90	0.0206349	0.113916	0.444591	0	0.0100211	0.02992	0.148214
91	0.0206349	0.111585	0.421116	0	0.0100211	0.0303515	0.155381
92	0.0210793	0.10767	0.482528	0	0.0100211	0.0305361	0.163542
93	0.0210793	0.107069	0.430209	0	0.0100211	0.0316897	0.171921
94	0.0201907	0.104016	0.430209	0	0.0100211	0.0320064	0.175641
95	0.0201907	0.10329	0.387638	0	0.0100211	0.0314344	0.163542
96	0.0201907	0.103458	0.390329	0	0.0100211	0.0319839	0.171921
97	0.0210793	0.105325	0.374416	0	0.0100211	0.0324274	0.175032
98	0.0210793	0.104794	0.371855	0	0.0100211	0.0319395	0.173905
99	0.0210793	0.105317	0.371855	0	0.0100211	0.0313068	0.175641
100	0.0210793	0.104169	0.394926	0	0.0100211	0.0310125	0.181266
101	0.0201907	0.105837	0.394926	0	0.0100211	0.0313153	0.181266
102	0.0201907	0.107855	0.383667	0	0.0100211	0.030681	0.175641
103	0.0212381	0.110073	0.421116	0.00149925	0.0100211	0.0313882	0.216609
104	0.0201907	0.111679	0.417983	0.00149925	0.0100211	0.0312631	0.216609
105	0.0212381	0.115302	0.503142	0.00449775	0.0100704	0.0315156	0.283905
106	0.0201907	0.119684	0.531521	0.005997	0.0100211	0.0321695	0.293556
107	0.0252957	0.12703	0.696863	0.0104948	0.01005	0.0329718	0.493614
108	0.0233466	0.124096	0.675272	0.0089955	0.0100211	0.032767	0.493614
109	0.0213356	0.121985	0.666766	0.011994	0.0100211	0.0317801	0.473268
110	0.0212381	0.122154	0.658047	0.0089955	0.0100211	0.0311555	0.379506
111	0.0212381	0.122052	0.666766	0.00749625	0.0100211	0.0286033	0.189379
112	0.0212381	0.121356	0.658047	0.005997	0.0100211	0.0258309	0.137714
113	0.0212381	0.119053	0.675272	0.005997	0.0100211	0.0258284	0.13412
114	0.0160335	0.10423	0.531521	0.00149925	0.0100211	0.0250779	0.12994
115	0.0134473	0.0931556	0.429874	0.00149925	0.0100211	0.0249334	0.127529
116	0.0107801	0.0846385	0.350081	0.00149925	0.0100111	0.0246868	0.127529
117	0.0103743	0.0779607	0.320681	0.00149925	0.0100211	0.0239267	0.11543
118	0.0107464	0.0734586	0.314068	0.00149925	0.0100111	0.0238409	0.107055
119	0.0103743	0.0678952	0.284714	0.00149925	0.0100111	0.0237263	0.107055
120	0.0103401	0.0631372	0.255932	0.00149925	0.0100111	0.0237203	0.107055
121	0.0102922	0.0603447	0.255932	0.00149925	0.0100111	0.0234464	0.102667
122	0.0101517	0.0572324	0.243498	0.00149925	0.0100111	0.0230525	0.0955776
123	0.0101517	0.0546573	0.240447	0.00149925	0.0100111	0.0227713	0.0938421
124	0.0101517	0.0532624	0.226759	0.00149925	0.0100111	0.0226966	0.0875326
125	0.0101517	0.0501598	0.218776	0	0.0100111	0.0227563	0.0844628
126	0.0101517	0.0489818	0.215507	0	0.0100111	0.0224782	0.0827556
127	0.0101517	0.0474842	0.211734	0	0.0100111	0.022339	0.0827556
128	0.0100395	0.0450651	0.204766	0	0.0100111	0.0221593	0.0795942
129	0.0100395	0.0431684	0.197585	0	0.0100111	0.0222005	0.0795942
130	0.0100395	0.0421665	0.200212	0	0.0100111	0.0222988	0.082042
131	0.0100395	0.040958	0.189711	0	0.0100111	0.0224047	0.082042
132	0.0100395	0.0397751	0.186184	0	0.0100111	0.0223361	0.082042
133	0.0100395	0.0390701	0.180379	0	0.0100111	0.0221297	0.082042
134	0.0101517	0.0383155	0.172545	0	0.0100111	0.0221665	0.0795942
135	0.0101517	0.0373585	0.171122	0	0.0100111	0.0215845	0.0750211
136	0.0100913	0.0363212	0.149085	0	0.0100111	0.0211899	0.0719892
137	0.0100913	0.0363936	0.149085	0	0.0100094	0.0209964	0.0697473
138	0.0101517	0.0361909	0.149085	0.00149925	0.0100094	0.0205382	0.0666882
139	0.0101517	0.0355014	0.145321	0.00149925	0.0100094	0.0204446	0.0660679
140	0.0101517	0.0354371	0.142731	0.00149925	0.0100094	0.0204572	0.0664802
141	0.0101517	0.0352068	0.142731	0.00149925	0.0100094	0.0203629	0.0664802
142	0.0101517	0.0352426	0.142492	0.0029985	0.0100094	0.0203711	0.0666882
143	0.0100913	0.0352199	0.141038	0.0029985	0.0100094	0.0202267	0.0666882
144	0.0101517	0.0349939	0.141038	0.0029985	0.0100094	0.0200007	0.0660679
145	0.0101517	0.0341868	0.136841	0	0.0100094	0.0200874	0.0666882
146	0.0100913	0.0337875	0.133896	0	0.0100094	0.0200261	0.0667223
147	0.0100913	0.0333567	0.133896	0	0.0100094	0.0201966	0.0668932
148	0.0100913	0.0337181	0.136841	0	0.0100094	0.0203549	0.0687165
149	0.0100913	0.0334568	0.133896	0	0.0100094	0.0206632	0.074754
150	0.0100913	0.0335518	0.135709	0	0.0100094	0.0208826	0.0750211
151	0.0100913	0.0335185	0.137591	0	0.0100094	0.020825	0.0738467
152	0.0100913	0.0331699	0.135709	0	0.0100094	0.0208098	0.0720864
153	0.0100913	0.0335053	0.137591	0.00149925	0.0100094	0.0209682	0.0738467
154	0.0100461	0.0337906	0.138803	0.0029985	0.0100094	0.0211199	0.0770836
155	0.0100913	0.0336744	0.137591	0.0029985	0.0100094	0.0210895	0.074754
156	0.0100461	0.0335373	0.137591	0	0.0100094	0.0210757	0.074754
157	0.0100461	0.0334807	0.135927	0	0.0100094	0.0211017	0.0750211
158	0.0100461	0.0335518	0.135927	0	0.0100094	0.0210378	0.0750211
159	0.0101594	0.0333944	0.137591	0	0.0100094	0.0210847	0.0755561
160	0.010327	0.0329401	0.137591	0	0.0100094	0.0214886	0.0774747
161	0.0102922	0.0331079	0.137591	0	0.0100111	0.0218381	0.0826047
162	0.0101594	0.0331206	0.137591	0	0.0100094	0.0228424	0.0965068
163	0.0100461	0.0331504	0.137591	0	0.0100094	0.0234502	0.0990278
164	0.0100346	0.033111	0.138803	0	0.0100094	0.0243254	0.12654
165	0.0100346	0.0334071	0.145947	0	0.0100094	0.0250417	0.138686
166	0.0100461	0.0337214	0.138803	0	0.0100094	0.0255691	0.142031
167	0.0100461	0.0336875	0.145947	0.00149925	0.0100094	0.026542	0.158628
168	0.0101594	0.0347039	0.148972	0.00149925	0.0100094	0.0273158	0.162196
169	0.0100461	0.0356187	0.15293	0	0.0100094	0.0282889	0.177336
170	0.0100461	0.0362917	0.159657	0	0.0100111	0.0301451	0.18526
171	0.0100913	0.0365956	0.16552	0	0.0100111	0.0308368	0.197652
172	0.0100913	0.0385068	0.177749	0	0.0100111	0.0310631	0.197652
173	0.0100913	0.0393443	0.177749	0	0.0100909	0.0320346	0.197829
174	0.0100461	0.0409073	0.188424	0.00149925	0.0100111	0.0328242	0.209271
175	0.0100913	0.0425777	0.200212	0.00149925	0.0100111	0.0341274	0.211981
176	0.0100461	0.0447924	0.21119	0.00149925	0.0100909	0.036262	0.217912
177	0.0100461	0.0471715	0.238423	0.0029985	0.0100912	0.037147	0.217912
178	0.0100913	0.0484627	0.26393	0.00149925	0.0100912	0.0381022	0.219314
179	0.0100461	0.0518139	0.291073	0.00149925	0.0100111	0.0404523	0.240177
180	0.0100461	0.0540618	0.291073	0	0.0100111	0.0448426	0.303989
181	0.0102469	0.0578465	0.327824	0	0.0100111	0.0474291	0.343197
182	0.0102469	0.0615394	0.327824	0	0.0100111	0.0537077	0.406366
183	0.0100461	0.0674739	0.337535	0	0.0100255	0.0578427	0.491071
184	0.0102469	0.0728709	0.372243	0	0.0100255	0.0617089	0.525564
185	0.0100461	0.0808489	0.381163	0.00149925	0.0100111	0.0663617	0.608107
186	0.010327	0.0928794	0.522748	0.00749625	0.0100111	0.0753561	0.79846
187	0.0102952	0.111187	0.628919	0.0104948	0.0101207	0.0808338	0.825717
188	0.0104726	0.131929	0.741276	0.0209895	0.0101207	0.0906743	0.857295
189	0.0187838	0.16512	1.58741	0.0464768	0.0101207	0.101489	1.00728
190	0.0454207	0.239897	1.50489	0.0809595	0.0101207	0.109521	1.03705
191	0.0542394	0.240587	1.50489	0.0734633	0.0101207	0.113541	1.08396
192	0.0559718	0.241892	1.50489	0.0689655	0.0101207	0.118815	1.09636
193	0.0559718	0.248748	1.47989	0.065967	0.0101207	0.126131	1.15823
194	0.0421125	0.207595	1.22885	0.0329835	0.0101207	0.129569	1.09636
195	0.0400592	0.182747	1.18414	0.0194903	0.0101207	0.125651	0.959997
196	0.0249927	0.159981	0.820059	0.0149925	0.0101207	0.129563	1.08396
197	0.0249927	0.146393	0.689449	0.0089955	0.0101207	0.121534	0.934722
198	0.0249927	0.143113	0.636829	0.00449775	0.0114098	0.118021	0.857295
199	0.0238402	0.141006	0.64957	0.00449775	0.0114098	0.116144	0.835818
200	0.0249927	0.138491	0.64957	0	0.0114098	0.12637	0.897195
201	0.0238402	0.135897	0.583587	0.00149925	0.0114098	0.125148	0.959997
202	0.0244768	0.133491	0.524102	0	0.0114098	0.128456	1.22445
203	0.0249927	0.133491	0.518157	0	0.0102423	0.13116	1.46998
204	0.0244768	0.13054	0.568229	0	0.0102423	0.137212	10.0349
205	0.0244768	0.131136	0.583307	0.00149925	0.0102423	0.13392	10.0349
206	0.0249927	0.134633	0.617401	0.00149925	0.0102423	0.126693	5.79819
207	0.0281169	0.141416	0.672641	0.0029985	0.0102423	0.123738	2.47737
208	0.0287799	0.145873	0.683455	0.005997	0.0102423	0.123994	2.47737
209	0.0307778	0.151377	0.683455	0.00749625	0.0102423	0.120918	2.47737
210	0.0330804	0.158276	0.683455	0.0104948	0.0102423	0.119621	2.78018
211	0.0306489	0.171765	0.683455	0.0209895	0.0102423	0.12748	18.4861
212	0.0421555	0.167224	0.801017	0.0134933	0.0102423	0.127179	18.4861
213	0.0421555	0.169391	0.714734	0.0134933	0.0102423	0.126837	17.4798
214	0.0421555	0.168574	0.719867	0.0134933	0.0102423	0.128182	17.4798
215	0.0421555	0.151474	0.719867	0.00149925	0.010432	0.115418	2.53709
216	0.0398176	0.149706	0.719867	0.00149925	0.0102423	0.103283	1.01255
217	0.0398176	0.145723	0.719867	0	0.0102423	0.0881452	0.481755
218	0.0259395	0.140937	0.498499	0	0.0116313	0.0857206	0.481755
219	0.0259395	0.135386	0.498499	0	0.0116313	0.085434	0.440972
220	0.0249927	0.131707	0.498499	0.0029985	0.0116313	0.0838998	0.440972
221	0.0259395	0.129132	0.508472	0.00149925	0.0102393	0.0837446	0.380435
222	0.0249927	0.126571	0.457837	0.00149925	0.0102393	0.0847033	0.397488
223	0.0259395	0.124221	0.457837	0.00149925	0.0116313	0.0840307	0.398109
224	0.0259395	0.123555	0.443668	0.0029985	0.0116813	0.0864438	0.398109
225	0.0253999	0.120481	0.457837	0.0029985	0.0119189	0.0879774	0.398109
226	0.0249927	0.118348	0.413766	0	0.0102393	0.0972462	0.746614
227	0.0253999	0.11854	0.413766	0	0.0102393	0.0923133	0.440972
228	0.0227617	0.119748	0.413766	0	0.0121564	0.087412	0.378374
229	0.0227617	0.119843	0.42536	0	0.0121564	0.0831616	0.335284
230	0.0239236	0.121659	0.406603	0	0.0119189	0.0813239	0.310254
231	0.0253999	0.124078	0.42596	0.00149925	0.0121564	0.0791016	0.299775
232	0.026007	0.123991	0.42596	0.00149925	0.0119189	0.0759174	0.277621
233	0.0253999	0.124404	0.42596	0.0029985	0.0126512	0.0720625	0.269094
234	0.0274393	0.128268	0.43854	0.0029985	0.0126512	0.0714705	0.269776
235	0.0274393	0.133277	0.453979	0.0089955	0.0121564	0.0693894	0.254742
236	0.026007	0.127178	0.457837	0.0029985	0.0127187	0.0696531	0.269776
237	0.0253999	0.126301	0.410884	0.0029985	0.0127187	0.0693856	0.269776
238	0.0253999	0.123616	0.43854	0.0029985	0.0126512	0.0685768	0.264858
239	0.0253999	0.119184	0.435848	0	0.0121564	0.0701786	0.262463
240	0.0253999	0.11827	0.43854	0.00149925	0.0121564	0.0719915	0.277621
241	0.0243641	0.118465	0.435848	0.0029985	0.0121564	0.0749502	0.313485
242	0.0222027	0.117462	0.435848	0.0029985	0.0121564	0.074668	0.313485
243	0.0222027	0.116443	0.435848	0.0029985	0.0121564	0.0740089	0.313485
244	0.0165874	0.115194	0.339561	0.0029985	0.0121564	0.0734366	0.310254
245	0.0162193	0.114327	0.324168	0.00149925	0.0116511	0.0755978	0.313485
246	0.0167284	0.115828	0.339561	0	0.0111859	0.0799887	0.37836
247	0.0203458	0.121423	0.400781	0	0.0109048	0.0814635	0.436993
248	0.0326577	0.1256	0.572047	0	0.0109048	0.0808451	0.37836
249	0.0326577	0.131052	0.399402	0	0.0109048	0.0800329	0.37836
250	0.0326577	0.135347	0.435848	0	0.010931	0.0814396	0.412125
251	0.0296802	0.138029	0.42842	0	0.0104369	0.0810209	0.34126
252	0.0326577	0.135913	0.42842	0	0.0106912	0.0792257	0.34126
253	0.0326577	0.132824	0.42842	0	0.0116511	0.0774876	0.34126
254	0.0326577	0.131839	0.44618	0	0.0116511	0.077279	0.34126
255	0.0326577	0.131126	0.489392	0	0.0116511	0.0771908	0.346734
256	0.0326577	0.13134	0.489392	0	0.0104369	0.0766347	0.335284
257	0.0326577	0.132211	0.503945	0.00149925	0.0105981	0.0769942	0.412125
258	0.0299628	0.128499	0.503945	0.00149925	0.0104369	0.0774153	0.412125
259	0.0218574	0.121843	0.455997	0.00149925	0.0102503	0.0736551	0.335284
260	0.0238435	0.117524	0.585112	0.00149925	0.010274	0.0708448	0.319774
261	0.0170037	0.110484	0.435848	0	0.0102503	0.0715612	0.29241
262	0.0109928	0.101217	0.275147	0.00149925	0.010378	0.0714228	0.29241
263	0.0107599	0.0923568	0.263049	0	0.0116511	0.0744436	0.335284
264	0.0107599	0.0900701	0.266733	0	0.0115372	0.0737873	0.335284
265	0.0135425	0.0870495	0.318029	0.00149925	0.0105981	0.0729646	0.332821
266	0.0135425	0.0858094	0.324168	0.00149925	0.0115372	0.0725446	0.335284
267	0.0107599	0.0835836	0.252681	0.00149925	0.0115372	0.0738761	0.335284
268	0.0107599	0.0825323	0.248333	0.00149925	0.0122518	0.0733694	0.346734
269	0.0125818	0.0811231	0.277154	0	0.0122518	0.0734138	0.346734
270	0.0109928	0.0804862	0.252681	0.00149925	0.0115372	0.0747361	0.339209
271	0.0107599	0.0813672	0.247882	0.00149925	0.0126512	0.0737912	0.34581
272	0.0107599	0.081923	0.249264	0.00149925	0.0116511	0.0752679	0.346734
273	0.0107599	0.0803661	0.247665	0	0.0114053	0.0746899	0.346734
274	0.0107599	0.079868	0.247882	0	0.0114053	0.0742696	0.348307
275	0.0107599	0.0799376	0.247882	0	0.0100968	0.0723063	0.292318
276	0.0107599	0.0802591	0.247882	0	0.0100968	0.0687285	0.236837
277	0.0107599	0.0822505	0.250836	0	0.0100968	0.0660769	0.231511
278	0.0107068	0.0824851	0.250836	0	0.0100968	0.0640216	0.226243
279	0.0107068	0.0839369	0.250836	0	0.0114053	0.0635096	0.244898
280	0.0107599	0.085937	0.255573	0	0.0104236	0.0613773	0.22666
281	0.0107599	0.0870323	0.255573	0	0.0100968	0.060488	0.218149
282	0.0107068	0.0885553	0.263049	0	0.0104236	0.0587448	0.223006
283	0.0107068	0.0908024	0.275558	0.00149925	0.0104236	0.057067	0.221131
284	0.0107599	0.0925627	0.281659	0.00149925	0.0104236	0.0566356	0.223006
285	0.0107889	0.0989453	0.316728	0.0029985	0.011344	0.0556305	0.236063
286	0.0141825	0.106326	0.39858	0.0029985	0.011344	0.0553172	0.22666
287	0.0188147	0.112649	0.39858	0.00149925	0.011344	0.0555321	0.229837
288	0.0188147	0.116941	0.44109	0.00449775	0.0104236	0.0568908	0.221003
289	0.0259635	0.122027	0.747231	0.0134933	0.0103041	0.0582454	0.221003
290	0.01849	0.117282	0.39858	0.00749625	0.0100968	0.0587566	0.218149
291	0.0194423	0.113882	0.39858	0.00449775	0.0104236	0.0599007	0.22666
292	0.0195133	0.111911	0.388232	0.00149925	0.0100968	0.0606556	0.223006
293	0.0223794	0.112141	0.44109	0	0.0100968	0.0614678	0.233949
294	0.0195364	0.111671	0.388232	0	0.0100968	0.0616503	0.235129
295	0.0261286	0.116092	0.728177	0.00449775	0.0100968	0.0632729	0.253158
296	0.0249373	0.122268	0.827336	0.0149925	0.0100968	0.065174	0.277082
297	0.0249373	0.125593	1.0285	0.0209895	0.0100968	0.0686344	0.299794
298	0.0279027	0.132564	1.0285	0.023988	0.0100968	0.0705665	0.321505
299	0.0194423	0.124763	0.806435	0.0194903	0.012946	0.0745654	0.440159
300	0.01746	0.110835	0.467533	0.00449775	0.012946	0.0758819	0.437748
301	0.01746	0.107481	0.467533	0.00149925	0.0123463	0.076391	0.424777
302	0.0136035	0.105086	0.374158	0	0.0127938	0.0770571	0.4448
303	0.0136035	0.103664	0.374158	0	0.0119501	0.0793557	0.424758
304	0.0136035	0.101218	0.351891	0	0.0119501	0.0802625	0.440159
305	0.0138745	0.0987876	0.329435	0	0.0119501	0.0814705	0.447859
306	0.0141825	0.0974043	0.351891	0	0.0119501	0.0825635	0.457177
307	0.0143563	0.0966792	0.379783	0.0029985	0.0119501	0.0838536	0.459032
308	0.0143563	0.100924	0.467533	0.011994	0.0119501	0.0876	0.497484
309	0.011206	0.110156	0.747231	0.0404798	0.0119501	0.0994471	0.559934
310	0.0100991	0.089021	0.38721	0.023988	0.0119501	0.109822	0.691754
311	0.0100991	0.075677	0.295455	0.0104948	0.0100968	0.12617	0.95238
312	0.0106831	0.0673231	0.289197	0.00149925	0.012946	0.14156	1.29759
313	0.0101078	0.0626118	0.263049	0.00149925	0.0150196	0.152561	1.29759
314	0.0100991	0.0597573	0.25927	0.00149925	0.0171947	0.150774	1.22575
315	0.0101394	0.0566948	0.254004	0.00149925	0.0133223	0.140488	0.938447
316	0.0100991	0.0529028	0.230976	0.0029985	0.0133223	0.132291	0.938447
317	0.0100131	0.0498036	0.22452	0.00149925	0.0100424	0.126718	0.703314
318	0.0100991	0.0461644	0.217786	0.00149925	0.0100424	0.11991	0.647522
319	0.0103156	0.0454902	0.218851	0.0029985	0.0100968	0.12126	0.668386
320	0.0103156	0.0442861	0.217786	0	0.0100424	0.121229	0.647522
321	0.0100131	0.0419731	0.205389	0	0.0100424	0.119775	0.647522
322	0.0100131	0.0408773	0.201398	0.0029985	0.0100968	0.116431	0.647522
323	0.0100131	0.0395587	0.196447	0	0.0100968	0.117186	0.711755
324	0.0100131	0.0386469	0.190373	0	0.0100968	0.11174	0.702453
325	0.0100131	0.0391136	0.201398	0.00449775	0.0100968	0.109069	0.711755
326	0.0100131	0.0373108	0.178456	0.00149925	0.0100968	0.103644	0.668559
327	0.0100807	0.0367506	0.178456	0	0.0100968	0.104444	0.702453
328	0.0100807	0.0362522	0.173915	0	0.0100968	0.101279	0.702453
329	0.0100131	0.0346168	0.157669	0	0.0100968	0.102425	0.771042
330	0.0100684	0.0339728	0.152897	0	0.0100968	0.102442	0.703314
331	0.0100131	0.033174	0.146296	0	0.0100968	0.0989609	0.636446
332	0.0100684	0.0323617	0.141165	0	0.0100968	0.099762	0.636446
333	0.0100807	0.0318504	0.138716	0	0.0100968	0.096426	0.624603
334	0.0100684	0.0308519	0.129142	0	0.0100968	0.0950071	0.623964
335	0.0100018	0.0303956	0.126779	0	0.0100939	0.093932	0.623964
336	0.0100018	0.0296109	0.122041	0	0.0100968	0.0965556	0.631703
337	0.0100018	0.0293259	0.119333	0	0.0100968	0.104467	0.668559
338	0.0100018	0.029063	0.117327	0	0.0100939	0.113614	0.738227
339	0.0100018	0.0289882	0.116728	0	0.0100939	0.117782	0.738227
340	0.0100018	0.0284376	0.112292	0	0.0100968	0.11869	0.751261
341	0.0100018	0.0277982	0.102368	0	0.0100939	0.121045	0.76038
342	0.0100018	0.0277684	0.102368	0	0.0100939	0.129237	0.905088
343	0.0100018	0.0277592	0.104951	0	0.0100968	0.14564	1.18848
344	0.0100018	0.0280874	0.110431	0	0.0100968	0.174591	1.47925
345	0.0100018	0.0277706	0.107796	0	0.0116243	0.224622	2.64334
346	0.0100018	0.0269671	0.0953525	0	0.0100968	0.285003	3.01104
347	0.0100018	0.0274759	0.110431	0	0.0118976	0.332864	4.74447
348	0.0100018	0.0280444	0.113474	0	0.0118976	0.335782	3.39702
349	0.0100018	0.0285856	0.127482	0.00149925	0.0119066	0.359293	3.05226
350	0.0100018	0.0282708	0.117327	0.00149925	0.0144593	0.414881	3.57416
351	0.0100018	0.0281199	0.122041	0.0029985	0.0144593	0.424729	3.57416
352	0.0100018	0.0283138	0.122041	0.00149925	0.0209524	0.459493	7.15208
353	0.0100018	0.0284795	0.12392	0.00149925	0.0209524	0.513836	9.62514
354	0.0100018	0.028529	0.127482	0.00149925	0.0247869	0.556309	9.11863
355	0.0100018	0.028256	0.112839	0.00149925	0.0228143	0.550794	9.62514
356	0.0100018	0.0276757	0.110458	0.00149925	0.0247869	0.551631	12.1121
357	0.0100018	0.0275426	0.110458	0.00149925	0.0228143	0.573222	14.1298
358	0.0100018	0.0273409	0.112256	0	0.0239488	0.656125	22.5638
359	0.0100018	0.0274394	0.112292	0	0.0168134	0.656515	28.2715
360	0.0100018	0.0277252	0.118855	0	0.0138853	0.676814	26.2942
361	0.0100018	0.0273863	0.112839	0	0.0149155	0.726623	30.5554
362	0.0100018	0.027193	0.110458	0	0.0255532	0.760177	40.997
363	0.0100018	0.027135	0.112839	0	0.0247869	0.759154	40.997
364	0.0100018	0.0272498	0.113313	0	0.0222296	0.800211	44.999
365	0.0100018	0.0273193	0.113474	0	0.0246283	0.863222	64.0618
366	0.0100018	0.0271747	0.112839	0.00149925	0.0246283	0.829154	68.5976
367	0.0100018	0.0271123	0.113313	0.00149925	0.0134549	0.780513	39.5406
368	0.0100018	0.0270997	0.112839	0.00149925	0.0134549	0.73739	34.2733
369	0.0100018	0.0269809	0.112827	0.00149925	0.0119212	0.774317	32.6077
370	0.0100018	0.0267954	0.110458	0.00149925	0.0104613	0.788093	30.7203
371	0.0100018	0.0271088	0.113474	0.00449775	0.0133161	0.814374	41.1989
372	0.0100018	0.0265779	0.110431	0.00449775	0.0119212	0.774773	30.2809
373	0.0100018	0.0263535	0.104951	0.00149925	0.0119212	0.715683	30.7203
374	0.0100018	0.0260468	0.104128	0.00149925	0.0116964	0.730911	30.0337
375	0.0100018	0.0260872	0.104128	0.00149925	0.0104613	0.805769	30.7203
376	0.0100018	0.026118	0.104021	0.00149925	0.0116964	0.842559	42.6782
377	0.0100018	0.0262292	0.104951	0.00149925	0.0138853	0.918044	61.3618
378	0.0100018	0.0260295	0.0989435	0.0029985	0.0116964	0.934399	61.3618
379	0.0100018	0.0261361	0.093379	0.0029985	0.0116964	0.948023	57.9352
380	0.0100018	0.0265071	0.0989435	0.0029985	0.0138853	1.05836	68.7278
381	0.0100018	0.0264759	0.0983714	0.00149925	0.0138853	1.1758	72.3537
382	0.0100018	0.0263766	0.093379	0	0.0114067	1.18079	64.0271
383	0.0100018	0.0263964	0.0936533	0	0.0114067	1.09905	64.0271
384	0.0100018	0.026519	0.0989435	0	0.0109618	1.05306	64.0271
385	0.0100018	0.0266464	0.100996	0	0.0101506	1.03758	57.8622
386	0.0100018	0.0264434	0.0983714	0	0.0101506	0.967033	55.5191
387	0.0100018	0.026547	0.0983714	0	0.0101506	0.831095	55.5191
388	0.0100018	0.0270819	0.100996	0	0.0101506	0.624033	53.7131
389	0.0100018	0.0273992	0.104763	0.00149925	0.0101506	0.500564	47.7047
390	0.0100018	0.0273978	0.109062	0.00149925	0.0101506	0.458224	47.7047
391	0.0100018	0.0276602	0.112839	0	0.0101506	0.443613	46.0232
392	0.0100018	0.0282816	0.114382	0.00149925	0.0101506	0.441119	47.7047
393	0.0100018	0.0292463	0.136463	0.00149925	0.0101506	0.455524	51.9747
394	0.0100018	0.0304938	0.143207	0.00449775	0.0101506	0.470458	51.9747
395	0.0100977	0.0313714	0.17533	0.00449775	0.0101506	0.501902	51.9747
396	0.0100977	0.0325782	0.202697	0.005997	0.0101386	0.508328	53.9266
397	0.0100977	0.0342135	0.212542	0.0134933	0.0101386	0.513967	53.7131
398	0.0103608	0.0352236	0.304773	0.017991	0.0101386	0.535891	53.9266
399	0.0103937	0.0361449	0.374674	0.0194903	0.0101506	0.522259	49.6595
400	0.0100122	0.0389786	0.52742	0.0329835
