		omega		Posterior		rho				Synonymous theta			kappa			phi	
Site	Lower	Point	Higher	prob of +ve	Lower	Point	Higher		Lower	Point	Higher	Lower	Point	Higher	Lower	Point	Higher
	95% HPD	estimate	95% HPD	selection	95% HPD	estimate	95% HPD		95% HPD	estimate	95% HPD	95% HPD	estimate	95% HPD	95% HPD	estimate	95% HPD
0	0.0100776	0.0545948	0.294896	0.0029985	0.0101083	0.180725	37.3145		0.0705195	0.0893243	0.112506	1.33095	2.09614	3.35847	1.30132	10.9249	85.9265
1	0.0101367	0.054216	0.286019	0.0029985	0.0100346	0.147288	34.3331
2	0.0100776	0.0535722	0.262385	0.0029985	0.0101083	0.129372	34.3331
3	0.0100776	0.0528464	0.243757	0.00149925	0.0100346	0.1034	28.2235
4	0.0100776	0.0525274	0.237409	0.00149925	0.0100346	0.0845154	19.7723
5	0.0100776	0.0525236	0.231215	0	0.0101083	0.0687626	13.294
6	0.0100776	0.0530144	0.225673	0	0.0101083	0.0624226	9.79922
7	0.0100776	0.053607	0.219667	0	0.0100346	0.0496344	3.31899
8	0.0101367	0.0538473	0.216701	0	0.0100346	0.0422032	1.08134
9	0.0100776	0.053962	0.219667	0.00149925	0.0100522	0.0362864	0.456665
10	0.0101367	0.0536247	0.214739	0	0.0100346	0.0338353	0.405916
11	0.0100776	0.0554609	0.222631	0	0.0100346	0.0318852	0.344942
12	0.0101779	0.0578503	0.237409	0	0.0100346	0.0297152	0.221622
13	0.0114013	0.0612183	0.276109	0	0.0100346	0.0299773	0.221622
14	0.0116138	0.06578	0.293185	0	0.0100346	0.0288697	0.150218
15	0.0116138	0.0739457	0.320596	0.00749625	0.0101067	0.0267413	0.0966801
16	0.0116527	0.0850842	0.485736	0.017991	0.0100346	0.0255505	0.0858479
17	0.0129807	0.0744002	0.297055	0.00149925	0.0100346	0.0253577	0.0858479
18	0.0156504	0.0692998	0.287958	0.00149925	0.0101067	0.0249269	0.0816078
19	0.0136303	0.0665988	0.229571	0	0.0100346	0.0245089	0.0751817
20	0.013648	0.0660533	0.225957	0	0.0101067	0.0242024	0.0751817
21	0.013648	0.0651074	0.229571	0	0.0100369	0.0241499	0.0750019
22	0.013648	0.0647066	0.237409	0	0.0100346	0.0243289	0.0750019
23	0.0137657	0.0657516	0.276109	0.005997	0.0100346	0.0243236	0.0736799
24	0.013648	0.0647855	0.284909	0.00149925	0.0100346	0.0243659	0.0734704
25	0.013648	0.063109	0.276109	0	0.0100522	0.0246351	0.0768412
26	0.010752	0.0636337	0.225957	0	0.0100346	0.024255	0.0734704
27	0.010752	0.063115	0.229571	0	0.0100346	0.0240105	0.0719375
28	0.0129807	0.0636349	0.287958	0	0.0100346	0.0243703	0.0719375
29	0.0129807	0.0653894	0.293185	0.00149925	0.0100346	0.024423	0.072001
30	0.0129807	0.0660347	0.299517	0.00149925	0.0100346	0.024403	0.072001
31	0.0117782	0.0678244	0.299517	0.00449775	0.0100346	0.0245484	0.0751817
32	0.0120529	0.0690604	0.338786	0.0104948	0.0101083	0.0247975	0.0804115
33	0.0100103	0.0751214	0.412521	0.0269865	0.0101083	0.0253367	0.0886768
34	0.0100103	0.066484	0.298666	0.005997	0.0100346	0.025671	0.0930853
35	0.0100103	0.0627869	0.256467	0.00149925	0.0100346	0.0254015	0.0930853
36	0.0100103	0.0595363	0.229571	0	0.0100346	0.0256262	0.0930853
37	0.0100103	0.0579424	0.225673	0	0.0101083	0.0255368	0.094379
38	0.0100103	0.057118	0.229571	0	0.0100346	0.0260112	0.0966801
39	0.0100103	0.0551082	0.225673	0	0.0100346	0.0269015	0.109436
40	0.0100103	0.0551103	0.221697	0	0.0100346	0.0276442	0.114868
41	0.0100103	0.0544446	0.225957	0	0.0101966	0.0283456	0.118017
42	0.0100103	0.054695	0.225957	0.00149925	0.0101412	0.0287381	0.118017
43	0.0100103	0.0534591	0.216494	0	0.0102255	0.0298208	0.12649
44	0.0100103	0.0542181	0.221697	0	0.0102255	0.0304936	0.12649
45	0.0100103	0.0534871	0.225957	0.00149925	0.0102255	0.0307915	0.126704
46	0.0100103	0.0534425	0.238527	0.00149925	0.0101412	0.0318008	0.140331
47	0.0100103	0.0609388	0.483718	0.0224888	0.0101412	0.0329927	0.157165
48	0.0100103	0.0512813	0.238527	0.0089955	0.0102765	0.0345751	0.169194
49	0.0100103	0.0467288	0.206672	0.0029985	0.0102255	0.0357706	0.17545
50	0.0100103	0.0421959	0.174889	0.0029985	0.0102255	0.0409063	0.23959
51	0.0100103	0.0401085	0.168321	0	0.0102765	0.0399708	0.219151
52	0.0100103	0.0390573	0.156155	0	0.0102765	0.0416995	0.246762
53	0.0100103	0.0385424	0.155339	0	0.0100346	0.0445187	0.267198
54	0.0100471	0.0373129	0.154937	0	0.0102496	0.0447453	0.25363
55	0.0100103	0.036051	0.141232	0	0.0100346	0.0460919	0.267198
56	0.0100103	0.0341211	0.130865	0	0.0102496	0.0493582	0.358415
57	0.0100103	0.0334387	0.125946	0	0.0102496	0.0502109	0.353979
58	0.0100103	0.0324855	0.121013	0	0.0103513	0.0532867	0.384378
59	0.0100103	0.0316482	0.12339	0	0.0100346	0.0565518	0.40183
60	0.0100103	0.0305471	0.120264	0	0.0102496	0.0563275	0.358415
61	0.0100103	0.0298716	0.10844	0	0.0103513	0.0570169	0.359658
62	0.0100103	0.0296745	0.109036	0.00149925	0.0103513	0.0537149	0.325349
63	0.0100103	0.0294142	0.109036	0	0.0103513	0.0543472	0.353979
64	0.0100103	0.0285763	0.10266	0	0.0103513	0.0546852	0.35466
65	0.0100103	0.0283098	0.10223	0	0.0103139	0.0546651	0.359658
66	0.0100103	0.0273492	0.0986433	0	0.0101118	0.0565584	0.359658
67	0.0100103	0.0268849	0.095724	0.00149925	0.0101118	0.0600284	0.382489
68	0.0100103	0.0264686	0.0924228	0	0.0103139	0.0622481	0.40183
69	0.0100089	0.0261658	0.0924228	0	0.0103902	0.0626402	0.399365
70	0.0100089	0.0261119	0.0956575	0	0.0102496	0.0656802	0.399365
71	0.0100089	0.0262199	0.0956575	0.00149925	0.0102496	0.0737015	0.481608
72	0.0100089	0.0258339	0.0927694	0.00149925	0.0105892	0.0841847	0.583164
73	0.0100089	0.0256835	0.0924228	0.00149925	0.0105892	0.102216	0.745659
74	0.0100089	0.025473	0.0924228	0	0.0130559	0.146	2.07432
75	0.0100089	0.0252223	0.0924228	0	0.0141826	0.238995	5.09137
76	0.0100089	0.0249796	0.0924228	0	0.0166117	0.314776	10.9059
77	0.0100089	0.0244134	0.0853667	0	0.0150254	0.248794	5.59273
78	0.0100089	0.0240055	0.0810941	0	0.014358	0.14404	1.41123
79	0.0100089	0.023491	0.0781358	0	0.0132876	0.123878	1.05727
80	0.0100089	0.0230471	0.0781358	0.00149925	0.0122334	0.112724	0.798872
81	0.0100089	0.0226084	0.0772405	0	0.0122334	0.0979357	0.623052
82	0.0100089	0.0224751	0.0751389	0	0.0122334	0.0882504	0.512706
83	0.0100089	0.022464	0.0751389	0	0.0110982	0.0865034	0.486508
84	0.0100089	0.0222909	0.0743399	0	0.0110982	0.0868502	0.486508
85	0.0100089	0.0219685	0.0728264	0	0.0110982	0.0869584	0.500565
86	0.0100089	0.0218898	0.0728264	0	0.0108815	0.0860073	0.500565
87	0.0100089	0.0219466	0.0728264	0	0.0100452	0.0841325	0.433945
88	0.0100089	0.0218982	0.0717419	0	0.0100452	0.0831119	0.404951
89	0.0100089	0.0218313	0.0728264	0	0.0100452	0.0829415	0.407578
90	0.0100089	0.0218149	0.0728264	0	0.0100452	0.0830465	0.433945
91	0.0100089	0.0214207	0.0693813	0	0.0100452	0.0820718	0.363867
92	0.0100089	0.0214323	0.070535	0	0.0100452	0.0814785	0.363867
93	0.0100103	0.021198	0.0693813	0	0.010067	0.0807638	0.354
94	0.0100089	0.0208996	0.0662018	0	0.0107511	0.0804713	0.363867
95	0.0100103	0.02112	0.0693813	0	0.0102015	0.0817233	0.354
96	0.0100089	0.0211513	0.0664931	0	0.0102015	0.0820146	0.349793
97	0.0100089	0.0210129	0.0660578	0	0.0102473	0.0833511	0.352782
98	0.0100089	0.0208032	0.0620121	0	0.0110982	0.078583	0.315537
99	0.0100089	0.0205793	0.0608432	0	0.0110982	0.0730855	0.277389
100	0.0100089	0.0206193	0.0608432	0	0.0110982	0.070024	0.258916
101	0.0100089	0.0205177	0.0608432	0	0.0110982	0.0682747	0.248182
102	0.0100089	0.0203149	0.0602901	0	0.0110982	0.0669181	0.236361
103	0.0100089	0.0205264	0.0602901	0	0.0110982	0.0666592	0.238532
104	0.0100089	0.0206022	0.0585269	0	0.0110982	0.0647856	0.237329
105	0.0100089	0.020669	0.0585269	0	0.0110982	0.0649666	0.238532
106	0.0100089	0.0205904	0.0560971	0	0.0111395	0.06601	0.254626
107	0.0100089	0.0207217	0.0548549	0	0.0111395	0.0686024	0.269266
108	0.0100089	0.0205462	0.0540363	0	0.0123391	0.0712848	0.352782
109	0.0100089	0.0206956	0.0548549	0	0.0111395	0.0734948	0.340778
110	0.0100089	0.0205175	0.0540611	0	0.0111395	0.0764423	0.352782
111	0.0100089	0.0205086	0.0540363	0	0.0118672	0.0813602	0.46873
112	0.0100089	0.0203621	0.0540611	0	0.0111395	0.0958144	0.636868
113	0.0100089	0.0202063	0.0519818	0	0.0110103	0.112224	1.10944
114	0.0100089	0.0205171	0.0548549	0	0.0110103	0.136941	2.36138
115	0.0100089	0.0205307	0.0558317	0	0.0110103	0.183369	11.1954
116	0.0100089	0.0203025	0.0540363	0	0.0146733	0.260273	27.0652
117	0.0100089	0.0202545	0.0539129	0	0.0115988	0.297871	27.0652
118	0.0100089	0.0204596	0.0540363	0	0.0102507	0.266934	24.2196
119	0.0100089	0.0204837	0.0540363	0	0.0102507	0.252055	24.2196
120	0.0100089	0.020549	0.0540611	0	0.0102327	0.246179	24.5831
121	0.0100089	0.0208141	0.0560971	0	0.0101948	0.244769	29.0817
122	0.0100089	0.0199885	0.0519818	0	0.0101948	0.24743	27.0652
123	0.0100089	0.0199337	0.0515943	0	0.0101948	0.222497	23.6293
124	0.0100089	0.020002	0.0519818	0	0.0101948	0.202775	23.0023
125	0.0100089	0.0200876	0.0528883	0	0.0102327	0.198412	20.6797
126	0.0100089	0.0199856	0.0515943	0	0.0102327	0.189428	20.6797
127	0.0100089	0.0201858	0.0519818	0	0.0102327	0.177218	18.7082
128	0.0100089	0.0204897	0.0540611	0	0.0102327	0.150218	15.1838
129	0.0100089	0.0205517	0.0560971	0	0.0101762	0.129988	13.2678
130	0.0100089	0.0202749	0.0540363	0	0.0101762	0.116091	9.33149
131	0.0100089	0.020287	0.0540611	0	0.0101762	0.0989068	5.87085
132	0.0100089	0.0204959	0.0602901	0	0.0101762	0.0833124	3.23575
133	0.0100089	0.0205082	0.0602901	0	0.0101762	0.0691465	1.00693
134	0.0100089	0.0204891	0.0540611	0	0.0101948	0.0540815	0.530943
135	0.0100089	0.0203677	0.0531353	0	0.0101762	0.0493867	0.290334
136	0.0100089	0.0205016	0.0540363	0.00149925	0.0101325	0.0468884	0.258536
137	0.0100089	0.0202798	0.0540363	0	0.0101762	0.0456435	0.246788
138	0.0100089	0.0202142	0.0539129	0	0.0101325	0.0447054	0.224403
139	0.0100089	0.02041	0.0560971	0	0.0101325	0.0439976	0.221656
140	0.0100089	0.0205411	0.0602092	0	0.0101325	0.0426722	0.215603
141	0.0100089	0.0207151	0.0607827	0	0.0101325	0.0415479	0.202316
142	0.0100089	0.020833	0.0609371	0	0.0101325	0.0400913	0.186163
143	0.0100089	0.0210887	0.0621241	0	0.0101325	0.0395654	0.185545
144	0.0100089	0.0214046	0.0667467	0	0.0101325	0.0385707	0.161137
145	0.0100089	0.0219202	0.0733421	0	0.0101325	0.0380695	0.159624
146	0.0100089	0.0224998	0.0836774	0	0.0101325	0.0371284	0.152614
147	0.0100089	0.0230491	0.0906509	0	0.0101325	0.0367663	0.152614
148	0.0100089	0.0232757	0.0935662	0	0.0101325	0.0365467	0.143386
149	0.0100089	0.0232442	0.0895087	0	0.0101325	0.0367329	0.143386
150	0.0100089	0.0232859	0.0895087	0	0.0101325	0.0361981	0.142553
151	0.0100089	0.0234963	0.0932803	0	0.0101325	0.0362105	0.14184
152	0.0100089	0.0239133	0.0965097	0	0.0101325	0.0363874	0.137258
153	0.0100089	0.0236776	0.0965097	0	0.0101325	0.0365198	0.142553
154	0.0100089	0.0238282	0.0988956	0	0.0100857	0.0365455	0.152614
155	0.0100089	0.0241987	0.104385	0	0.0101325	0.0369699	0.158425
156	0.0100089	0.0249414	0.106172	0	0.0100857	0.0368906	0.151488
157	0.0100089	0.0250618	0.105067	0	0.0100857	0.0371979	0.155606
158	0.0100089	0.0247806	0.10384	0	0.0101325	0.0374559	0.158425
159	0.0100089	0.0256017	0.119602	0.00149925	0.0101325	0.0373163	0.157723
160	0.0100089	0.0257186	0.12018	0.00149925	0.0100857	0.0372995	0.155606
161	0.0100089	0.0258416	0.12505	0	0.0100857	0.0379124	0.159624
162	0.0100103	0.0262663	0.12505	0	0.0100857	0.0385921	0.169032
163	0.0100089	0.0274108	0.130138	0	0.0100857	0.0386935	0.16411
164	0.0100089	0.0286029	0.144622	0.00449775	0.0100857	0.0381284	0.155606
165	0.0100089	0.0301203	0.158889	0.00449775	0.0100857	0.0370302	0.139595
166	0.0100089	0.03197	0.181718	0.0089955	0.0100857	0.0370766	0.139595
167	0.0100089	0.0323518	0.186364	0.00749625	0.0100857	0.0375357	0.14184
168	0.0100103	0.0328661	0.218549	0.00749625	0.0100857	0.0376022	0.14184
169	0.0100089	0.0309307	0.1645	0.00449775	0.0100857	0.0375922	0.148668
170	0.0100089	0.0290922	0.133519	0	0.0100857	0.0384299	0.157374
171	0.0100089	0.0288741	0.128936	0.00149925	0.0100857	0.0396842	0.165166
172	0.0100089	0.0285873	0.128936	0.00149925	0.0100857	0.040815	0.173202
173	0.0100089	0.0280279	0.125136	0	0.0100857	0.0433942	0.18388
174	0.0100089	0.0274405	0.119602	0	0.0100857	0.0427937	0.180126
175	0.0100089	0.0269487	0.116236	0	0.0100857	0.0437735	0.18388
176	0.0100101	0.0263927	0.109374	0	0.0101325	0.0464999	0.205108
177	0.0100089	0.0260669	0.107148	0	0.0101325	0.0468929	0.205108
178	0.0100089	0.0256203	0.10384	0	0.0101325	0.0476076	0.210245
179	0.0100089	0.0258239	0.109374	0	0.0101325	0.0498472	0.228815
180	0.0100101	0.0259621	0.109374	0.00149925	0.0101325	0.051469	0.280389
181	0.0100089	0.0256229	0.100828	0	0.0101325	0.0532178	0.297446
182	0.0100089	0.0255768	0.10384	0	0.0101325	0.0566121	0.325944
183	0.0100089	0.0249999	0.100402	0	0.0101325	0.0610144	0.410771
184	0.0100089	0.0244423	0.0935662	0	0.0101325	0.0641984	0.472786
185	0.0100089	0.0246254	0.0935662	0	0.0101325	0.0697288	0.510696
186	0.0100089	0.0247448	0.0935662	0	0.0101325	0.0758598	0.624759
187	0.0100089	0.0245388	0.0906509	0	0.0101325	0.0812363	0.704377
188	0.0100089	0.024343	0.0890842	0	0.0101325	0.0843967	1.05384
189	0.0100089	0.0243243	0.0890842	0	0.0101325	0.0911211	1.19698
190	0.0100089	0.0242441	0.0876806	0	0.0101325	0.110712	4.16697
191	0.0100089	0.0244974	0.090949	0	0.0103399	0.124386	7.60307
192	0.0100089	0.0246487	0.092205	0	0.0103399	0.14148	14.2506
193	0.0100089	0.0245948	0.0900983	0	0.0103399	0.134655	10.0107
194	0.0100089	0.0244656	0.0876806	0	0.0102949	0.121384	4.32535
195	0.0100089	0.0245509	0.0900983	0	0.0102949	0.11696	1.8144
196	0.0100089	0.0248775	0.0900983	0	0.0117115	0.0948339	0.791822
197	0.0100089	0.0249013	0.0900983	0	0.0102949	0.0817681	0.39254
198	0.0100089	0.0250302	0.0890842	0	0.0103399	0.0788466	0.39254
199	0.0100089	0.0251119	0.0890842	0	0.0117115	0.0719191	0.302646
200	0.0100089	0.0251198	0.0900983	0	0.0117115	0.0698819	0.301998
201	0.0100089	0.0251372	0.0890842	0	0.0117115	0.0670357	0.266544
202	0.0100089	0.0251861	0.0900983	0	0.0117115	0.0641429	0.249822
203	0.0100089	0.025144	0.0876516	0	0.0117115	0.0631017	0.244123
204	0.0100089	0.0253551	0.0900983	0	0.0115077	0.0628252	0.244123
205	0.0100089	0.0253993	0.0900983	0	0.0115077	0.0634112	0.251487
206	0.0100089	0.02552	0.0900983	0	0.0117115	0.0631011	0.249822
207	0.0100089	0.0253744	0.0876516	0	0.0117115	0.063478	0.244123
208	0.0100089	0.0256381	0.0916438	0.00149925	0.0113815	0.0643397	0.259351
209	0.0100089	0.0253804	0.0876516	0	0.0102949	0.0658434	0.251487
210	0.0100089	0.0254015	0.0875409	0	0.0103399	0.0699258	0.302149
211	0.0100089	0.0252358	0.0845819	0	0.0117115	0.0740251	0.411776
212	0.0100089	0.0253722	0.0842451	0	0.0102694	0.0765684	0.389787
213	0.0100089	0.0252504	0.0845819	0	0.0102694	0.0765466	0.355862
214	0.0100089	0.0254517	0.0845819	0	0.0102694	0.077708	0.368192
215	0.0100089	0.0256176	0.0875409	0	0.0102307	0.0789706	0.393169
216	0.0100089	0.0256004	0.0862492	0	0.0102307	0.0828621	0.478263
217	0.0100089	0.0258472	0.0875409	0	0.0102307	0.0812633	0.422022
218	0.0100089	0.0263109	0.0900983	0	0.0102694	0.082447	0.411776
219	0.0100089	0.0264255	0.0880073	0	0.0102694	0.0860746	0.478263
220	0.0100089	0.0267421	0.0880073	0	0.0102694	0.0891098	0.641263
221	0.0100089	0.0269051	0.0909774	0	0.0107462	0.0907206	0.817173
222	0.0100089	0.0278858	0.0960684	0	0.0102886	0.0963442	0.817173
223	0.0100089	0.0278945	0.0935453	0	0.0113382	0.119679	2.33402
224	0.0100089	0.0283263	0.0942395	0	0.0102694	0.139263	4.16204
225	0.0100101	0.0288308	0.0985554	0	0.0102886	0.144205	5.35197
226	0.0100101	0.0288963	0.0985554	0	0.0102694	0.140113	3.92263
227	0.0100089	0.0294266	0.106191	0.00149925	0.0102886	0.144307	4.52222
228	0.0100089	0.0297419	0.106191	0.00149925	0.0102886	0.14658	3.71265
229	0.0100089	0.0302188	0.104384	0	0.0102694	0.141055	3.47147
230	0.0100089	0.0309497	0.108492	0	0.0102886	0.124195	2.2961
231	0.0100089	0.0314058	0.110848	0	0.0100952	0.0917767	0.479436
232	0.0100089	0.032206	0.115256	0	0.0100952	0.0835379	0.356119
233	0.0100089	0.0331583	0.128936	0	0.0100952	0.0786756	0.292453
234	0.0100089	0.0335692	0.130307	0	0.0100952	0.0763175	0.292453
235	0.0100089	0.0344555	0.140767	0	0.0100952	0.0752089	0.265661
236	0.0100089	0.0354379	0.145394	0	0.0102886	0.075071	0.265661
237	0.0100089	0.036435	0.159633	0	0.0100952	0.0739214	0.253478
238	0.0100089	0.0388302	0.186572	0.00149925	0.0102694	0.0741322	0.260845
239	0.0100089	0.0417195	0.207506	0.0029985	0.0100952	0.0739298	0.253478
240	0.0100089	0.0430141	0.212073	0.0029985	0.0100952	0.0736865	0.253478
241	0.0100089	0.0458063	0.264808	0.00449775	0.0102886	0.0745923	0.265661
242	0.0100089	0.0438857	0.207702	0	0.0102886	0.0756298	0.265661
243	0.0100089	0.0434637	0.205478	0	0.0100952	0.0771966	0.260845
244	0.0100089	0.0420724	0.185852	0	0.0102886	0.0778549	0.265661
245	0.0100089	0.0422168	0.18058	0	0.0100952	0.0794502	0.265449
246	0.0100089	0.0427674	0.18058	0	0.0100952	0.0867439	0.32476
247	0.0100089	0.042825	0.176118	0	0.0100952	0.0855666	0.309738
248	0.0100089	0.0433749	0.18058	0	0.0100952	0.0874737	0.337261
249	0.0100089	0.0431896	0.176118	0	0.0100952	0.0926728	0.403693
250	0.0100089	0.0435437	0.18058	0	0.0100952	0.0960325	0.455233
251	0.0100089	0.0439752	0.18058	0	0.0116308	0.0972662	0.520623
252	0.0100089	0.0452305	0.18058	0	0.0102886	0.0959932	0.4082
253	0.0100089	0.0464886	0.185852	0	0.0100952	0.0992639	0.4082
254	0.0100089	0.0468888	0.185852	0	0.0148417	0.10243	0.645271
255	0.0100089	0.0482445	0.202274	0.00149925	0.0148417	0.103427	0.65034
256	0.0100089	0.0510013	0.245774	0.00449775	0.0148417	0.105671	0.65034
257	0.0100492	0.0561698	0.272661	0.0104948	0.0117712	0.107248	0.540621
258	0.0100101	0.0511056	0.235545	0.00149925	0.0148417	0.111849	0.736812
259	0.0100492	0.0503419	0.229556	0.00149925	0.0121053	0.120957	0.736812
260	0.0100492	0.0481374	0.199585	0.00149925	0.0117712	0.122498	0.794479
261	0.0100101	0.0472868	0.190557	0.00149925	0.0113227	0.12209	0.794479
262	0.0100101	0.0460073	0.177189	0	0.0117712	0.12143	0.794479
263	0.0100101	0.0443745	0.158177	0	0.0114676	0.121105	0.710616
264	0.0100492	0.0440632	0.151287	0	0.0114676	0.120537	0.794479
265	0.0106601	0.0429795	0.151287	0	0.0119067	0.109439	0.71652
266	0.0106601	0.0429451	0.151287	0	0.0117712	0.104157	0.686852
267	0.01042	0.0423787	0.151287	0	0.0117712	0.103128	0.73277
268	0.0101901	0.0424648	0.151287	0	0.0101347	0.0981537	0.621027
269	0.0100492	0.0427507	0.151152	0	0.0101347	0.0943191	0.458617
270	0.0109114	0.0429744	0.162224	0	0.010121	0.090857	0.433046
271	0.0107581	0.0427629	0.157236	0	0.010121	0.0850101	0.315422
272	0.0109114	0.0431581	0.162224	0	0.010121	0.0838496	0.309122
273	0.0109114	0.0430243	0.162224	0	0.010121	0.0825645	0.293746
274	0.0109114	0.0435341	0.162224	0	0.010121	0.0837014	0.282454
275	0.0100492	0.0445403	0.152906	0.0029985	0.0118524	0.0824383	0.313965
276	0.0109114	0.0439264	0.163092	0	0.0122768	0.0809494	0.309122
277	0.0109114	0.0439817	0.162224	0	0.0122949	0.080087	0.309122
278	0.0100492	0.0442132	0.152906	0	0.010121	0.0799699	0.256679
279	0.0100492	0.0445604	0.152906	0	0.010121	0.0802609	0.252043
280	0.0100492	0.0449582	0.149548	0	0.010121	0.0807808	0.255202
281	0.0100492	0.0453642	0.149738	0	0.0118524	0.0814156	0.295757
282	0.0100492	0.0460792	0.152906	0	0.0118524	0.0832802	0.29892
283	0.0100492	0.0472134	0.159874	0	0.0118524	0.0855417	0.295757
284	0.0100492	0.0479275	0.160847	0	0.0118524	0.0870915	0.303205
285	0.0105056	0.0490604	0.170082	0.00149925	0.010121	0.0904167	0.295228
286	0.0105056	0.0490222	0.168166	0	0.0118524	0.0948705	0.358973
287	0.0111516	0.0500988	0.186572	0	0.012424	0.0977124	0.367646
288	0.0105056	0.0501799	0.172317	0	0.0138622	0.0988505	0.394657
289	0.0109114	0.0505869	0.170082	0	0.0167172	0.101163	0.471585
290	0.011044	0.0510412	0.178784	0	0.0170912	0.103668	0.471585
291	0.0111516	0.0519034	0.186572	0	0.0200939	0.107219	0.522001
292	0.0121138	0.0523443	0.203501	0	0.0207412	0.113324	0.535708
293	0.0109114	0.0534486	0.186572	0	0.0207412	0.117356	0.559568
294	0.0119005	0.0556017	0.212073	0	0.0211112	0.122188	0.51885
295	0.0113878	0.0563619	0.208524	0	0.023608	0.126478	0.55722
296	0.0106138	0.0599287	0.212073	0	0.0211112	0.131048	0.52981
297	0.011044	0.0647308	0.270188	0	0.023608	0.136872	0.594334
298	0.0121138	0.0692599	0.30737	0.00149925	0.023608	0.138101	0.594334
299	0.0123356	0.0684403	0.30737	0.00149925	0.023608	0.144971	0.566173
300	0.0132852	0.0686274	0.326802	0.00149925	0.0276393	0.14837	0.607038
301	0.0137629	0.0685562	0.30737	0.00149925	0.0376333	0.153188	0.740509
302	0.0132852	0.0687429	0.303824	0.0029985	0.0376333	0.158253	0.639575
303	0.0152363	0.0685982	0.344453	0.0029985	0.0376333	0.162432	0.602416
304	0.0152363	0.0689198	0.346551	0.00149925	0.0383814	0.163327	0.602416
305	0.0149061	0.0702896	0.361343	0.00449775	0.046895	0.160805	0.718173
306	0.0124841	0.0672682	0.303824	0.005997	0.0435418	0.160121	0.718173
307	0.0119952	0.0650119	0.261136	0.00449775	0.0414721	0.166052	0.718173
308	0.0124841	0.0624314	0.261136	0.0029985	0.0458639	0.17172	0.812255
309	0.0115673	0.0604455	0.229068	0.0029985	0.0442876	0.175319	0.812255
310	0.0121138	0.0578229	0.229068	0	0.0442876	0.182559	0.820259
311	0.0100492	0.056964	0.19171	0	0.043622	0.182852	0.871661
312	0.0104921	0.0558795	0.19171	0	0.0458639	0.183564	1.00659
313	0.0100492	0.0551081	0.174324	0	0.0394724	0.166896	0.885546
314	0.0100492	0.0542265	0.170082	0	0.0341872	0.152663	0.885546
315	0.0100492	0.0549048	0.174324	0.00449775	0.0249693	0.144531	0.800386
316	0.010482	0.0532708	0.1685	0	0.0221778	0.133372	0.784985
317	0.0100492	0.052958	0.166482	0	0.0221778	0.127622	0.784985
318	0.010482	0.0531258	0.170082	0	0.0150222	0.122346	0.5693
319	0.0100492	0.0533024	0.167706	0	0.0147312	0.11491	0.5693
320	0.0100492	0.0537507	0.174324	0	0.010173	0.113104	0.458433
321	0.0100492	0.0540913	0.186955	0	0.0147312	0.10245	0.586853
322	0.0100492	0.0540938	0.186955	0	0.010173	0.0965825	0.403685
323	0.0100492	0.0543317	0.186955	0	0.0101175	0.0920047	0.394657
324	0.0100492	0.0540047	0.191396	0	0.0101175	0.0885238	0.36812
325	0.0100492	0.0541386	0.200971	0	0.0121838	0.082895	0.404175
326	0.011044	0.0555339	0.232492	0.00149925	0.010173	0.0767572	0.301963
327	0.0104921	0.057515	0.232492	0.005997	0.0101175	0.073278	0.281782
328	0.0100824	0.0607489	0.237031	0.0134933	0.0100892	0.0711987	0.265958
329	0.0100492	0.0638164	0.269833	0.0254873	0.0100892	0.0698922	0.263101
330	0.0106138	0.0564513	0.232492	0.0029985	0.0101175	0.070941	0.27511
331	0.0100492	0.0546436	0.221192	0.00149925	0.0100316	0.0690575	0.265958
332	0.0100027	0.0528141	0.213012	0	0.0100316	0.0680929	0.256953
333	0.0100492	0.0514042	0.213012	0	0.0100316	0.067104	0.252565
334	0.0100027	0.0502834	0.213012	0	0.0100316	0.0675488	0.256953
335	0.0100027	0.050495	0.212901	0	0.0100316	0.0669108	0.263101
336	0.0100027	0.0498962	0.193225	0	0.0100316	0.0708805	0.284207
337	0.0100022	0.0497451	0.193225	0	0.0100316	0.0718434	0.293746
338	0.0100022	0.0500433	0.193221	0.0029985	0.010133	0.0755262	0.311656
339	0.0100022	0.0493996	0.186955	0.0029985	0.0101175	0.0765332	0.336522
340	0.0100022	0.0496326	0.193221	0.0029985	0.0100316	0.080766	0.441383
341	0.0100022	0.0515454	0.229635	0.0029985	0.0100316	0.0832155	0.496727
342	0.0100022	0.0537915	0.276384	0.00449775	0.0100316	0.0857618	0.563241
343	0.0100022	0.0607427	0.405924	0.029985	0.0100316	0.0916094	0.615315
344	0.401167	9.0265	78.3077	0.941529	0.010133	0.0993455	0.75628
345	0.0109408	0.0660406	0.532395	0.0134933	0.0100316	0.100918	0.754101
346	0.0103921	0.0639243	0.420383	0	0.010133	0.102657	0.876588
347	0.0103921	0.0641603	0.420383	0	0.0100316	0.100048	0.757319
348	0.0101298	0.063953	0.420383	0	0.0100316	0.101844	0.876588
349	0.0106895	0.0635787	0.420383	0	0.0100316	0.104182	0.876588
350	0.0106895	0.0635861	0.420383	0
