		omega		Posterior		rho				Synonymous theta			kappa			phi	
Site	Lower	Point	Higher	prob of +ve	Lower	Point	Higher		Lower	Point	Higher	Lower	Point	Higher	Lower	Point	Higher
	95% HPD	estimate	95% HPD	selection	95% HPD	estimate	95% HPD		95% HPD	estimate	95% HPD	95% HPD	estimate	95% HPD	95% HPD	estimate	95% HPD
0	0.0274325	0.245328	2.82489	0.0734633	0.0190874	0.798381	97.0494		0.0463097	0.0604033	0.0825699	3.33772	5.50834	9.43507	0	0	0
1	0.0284321	0.252414	2.1998	0.0704648	0.019131	0.705044	97.0494
2	0.0284321	0.21481	0.979219	0.0329835	0.019131	0.682343	97.0494
3	0.0286539	0.202857	0.79614	0.0164918	0.0193796	0.623715	97.9445
4	0.0284321	0.20197	0.748008	0.0149925	0.0206392	0.537339	98.5225
5	0.0284321	0.199741	0.710478	0.0134933	0.0107175	0.495713	47.0594
6	0.0284321	0.199786	0.674844	0.011994	0.0107175	0.407838	43.4771
7	0.0284321	0.194045	0.641725	0.0104948	0.0109187	0.379581	37.2
8	0.0267272	0.188515	0.79614	0.0104948	0.0107175	0.34784	30.2002
9	0.0267272	0.192818	0.79614	0.0104948	0.0107175	0.338846	19.8048
10	0.0284321	0.192286	0.79614	0.00449775	0.0107175	0.333818	6.52329
11	0.0253171	0.196109	0.79614	0.005997	0.0107175	0.329793	4.48827
12	0.0187636	0.197592	0.715867	0.0149925	0.0107175	0.35572	4.80801
13	0.0267272	0.205543	1.0219	0.0164918	0.0111841	0.367904	4.3943
14	0.0284321	0.21728	1.00281	0.0164918	0.0136439	0.369425	4.80801
15	0.0302772	0.230232	1.0219	0.0209895	0.0201178	0.365186	4.80801
16	0.0318004	0.242758	1.0219	0.023988	0.0384045	0.35718	4.09201
17	0.0421683	0.269515	1.47398	0.0404798	0.0425552	0.348808	4.52272
18	0.0318004	0.266886	1.01452	0.0374813	0.0345324	0.331104	2.00374
19	0.047632	0.271356	1.51897	0.0404798	0.0443026	0.331575	2.00374
20	0.0421683	0.286646	1.51897	0.0509745	0.0443026	0.327244	2.23679
21	0.0311126	0.303061	1.47398	0.0644678	0.0377808	0.3224	2.00374
22	0.041408	0.255788	1.01452	0.0314843	0.0365874	0.30927	1.6819
23	0.041408	0.241919	0.8247	0.0209895	0.0365874	0.314121	1.45266
24	0.041408	0.239001	0.8247	0.0209895	0.0377808	0.326441	1.37143
25	0.0425192	0.236621	0.8247	0.0194903	0.0377808	0.32849	1.37143
26	0.0425192	0.234523	0.813297	0.017991	0.0477286	0.329237	1.6819
27	0.0441534	0.23412	0.813297	0.0149925	0.0357185	0.316914	1.56628
28	0.0453178	0.239228	0.826972	0.017991	0.0251038	0.299782	1.37143
29	0.0503369	0.239132	1.01917	0.023988	0.0350396	0.285915	1.6819
30	0.0318004	0.208233	0.826972	0.0164918	0.0238562	0.26365	1.18403
31	0.0293539	0.183063	0.747458	0.005997	0.0217844	0.255922	1.26569
32	0.0236963	0.170802	0.747458	0.00449775	0.0227689	0.249786	1.44275
33	0.0218607	0.165115	0.716349	0.0029985	0.0217844	0.244781	1.6819
34	0.0214348	0.160608	0.716349	0.0029985	0.0130817	0.236565	1.16157
35	0.0213657	0.159831	0.735713	0.00449775	0.0123975	0.229332	1.16157
36	0.0195521	0.162382	0.747458	0.0089955	0.0120956	0.218312	1.26569
37	0.0195521	0.158147	0.747458	0.00449775	0.0151336	0.215976	1.57079
38	0.0186012	0.148059	0.735713	0.00449775	0.0123766	0.199264	1.18403
39	0.0174416	0.145839	0.747458	0.005997	0.0123975	0.171164	1.16157
40	0.014411	0.142246	0.621079	0.00449775	0.0100864	0.162081	0.980827
41	0.0164254	0.144729	0.747458	0.00449775	0.0115937	0.154741	1.06692
42	0.0174416	0.145529	0.780843	0.0029985	0.01002	0.157919	1.01053
43	0.0174416	0.144898	0.747458	0.00149925	0.0116862	0.147446	1.06767
44	0.0174416	0.150932	0.781601	0.00149925	0.0100079	0.143112	0.917492
45	0.0165688	0.15601	0.781601	0.005997	0.0100079	0.136474	0.905424
46	0.0158579	0.164602	0.783578	0.011994	0.01002	0.13515	0.905424
47	0.0164254	0.172084	0.783578	0.0149925	0.01002	0.133948	0.905424
48	0.0200283	0.180888	0.902268	0.017991	0.0100079	0.131168	0.88299
49	0.0246148	0.198828	0.986501	0.023988	0.0100079	0.130002	0.963991
50	0.0278943	0.214833	1.34711	0.0389805	0.0100079	0.128638	0.963991
51	0.0334817	0.23564	1.49058	0.0509745	0.0100079	0.135698	1.05297
52	0.0358429	0.258084	1.57166	0.0689655	0.0100079	0.128681	1.11592
53	0.0278943	0.251039	1.52269	0.0704648	0.0100079	0.130515	1.44282
54	0.0246148	0.248652	1.49058	0.0704648	0.0100079	0.123887	1.11592
55	0.0218607	0.260443	1.49058	0.089955	0.0100079	0.127775	1.57079
56	0.0218607	0.278822	1.78452	0.104948	0.0100079	0.123623	1.81858
57	0.0200878	0.351607	2.44631	0.166417	0.0100079	0.119201	2.23507
58	0.135406	0.86121	9.22575	0.406297	0.0100079	0.120045	2.4739
59	0.136425	1.02847	9.70651	0.46027	0.0100079	0.121948	4.75429
60	0.0101	0.222716	2.59427	0.176912	0.0100079	0.127031	6.07858
61	0.0101	0.121386	1.13347	0.065967	0.0100079	0.130011	6.94905
62	0.0101	0.100939	0.938608	0.0464768	0.0100079	0.142522	10.8044
63	0.010073	0.0829905	0.78922	0.0224888	0.01002	0.144174	10.9738
64	0.010073	0.0707753	0.645706	0.0104948	0.01002	0.147009	11.733
65	0.0101	0.065541	0.632787	0.011994	0.01002	0.153959	13.2722
66	0.010073	0.0601579	0.581466	0.00749625	0.01002	0.171714	16.594
67	0.0101	0.0573003	0.581157	0.00749625	0.0100864	0.190319	19.995
68	0.010073	0.0542725	0.562174	0.0029985	0.01002	0.206973	21.3256
69	0.010073	0.0525455	0.556906	0.00449775	0.0100864	0.226854	26.4979
70	0.0101	0.0498946	0.531131	0.00449775	0.01002	0.260191	30.154
71	0.010073	0.0453429	0.437865	0.00449775	0.01002	0.281736	29.8777
72	0.010073	0.043781	0.431891	0.0029985	0.01002	0.304594	30.154
73	0.010073	0.0424568	0.394793	0	0.01002	0.305402	30.9586
74	0.010073	0.0404302	0.278214	0	0.0104074	0.331913	38.7509
75	0.010073	0.0387744	0.271453	0	0.012284	0.363674	45.5134
76	0.0100101	0.0374706	0.231294	0	0.012284	0.367933	45.5134
77	0.0100101	0.0356637	0.193963	0	0.01002	0.379669	34.5595
78	0.0101	0.0344775	0.189686	0	0.01002	0.385232	34.5595
79	0.0100101	0.033517	0.172155	0.00149925	0.0118991	0.394456	37.8491
80	0.0100101	0.0338298	0.172155	0.00149925	0.01002	0.407853	37.4751
81	0.010073	0.0332924	0.171041	0	0.013281	0.425073	53.3797
82	0.010073	0.0324828	0.162134	0	0.0118991	0.439096	56.5836
83	0.010073	0.032341	0.150472	0	0.013281	0.46969	64.9552
84	0.0101	0.0318167	0.150472	0	0.0129374	0.496992	62.3367
85	0.0100101	0.0320544	0.150472	0	0.0129374	0.501272	60.7621
86	0.010073	0.0320155	0.155803	0	0.0129374	0.514128	58.684
87	0.0100101	0.0326063	0.150472	0.00149925	0.0129818	0.495299	58.684
88	0.0100101	0.032521	0.150472	0	0.012839	0.446478	54.3731
89	0.0100101	0.0325717	0.150472	0	0.012839	0.415699	51.0743
90	0.010073	0.0337915	0.161439	0.00149925	0.0124627	0.370284	40.6311
91	0.010073	0.0338633	0.162195	0.0029985	0.0124627	0.338381	34.787
92	0.0101117	0.0335465	0.161439	0.00149925	0.0118991	0.342004	29.8273
93	0.0101117	0.0332839	0.161439	0.00149925	0.0124627	0.307049	28.5283
94	0.010073	0.0329336	0.155669	0.00149925	0.0124627	0.313683	30.5216
95	0.010073	0.0328788	0.150472	0.00149925	0.0122979	0.323992	29.8273
96	0.010073	0.0330069	0.155669	0.00149925	0.0122979	0.333582	29.8273
97	0.010073	0.0333633	0.161439	0.00149925	0.0124627	0.329521	29.8273
98	0.0101117	0.0341908	0.16872	0.00149925	0.0124627	0.325277	28.3402
99	0.010073	0.033688	0.16659	0	0.0129243	0.322166	28.3402
100	0.010073	0.0330983	0.161439	0	0.0129374	0.305728	27.3899
101	0.0101117	0.0331586	0.161439	0	0.0106179	0.292392	21.8371
102	0.0101117	0.0336286	0.161439	0.00149925	0.011062	0.277643	21.8472
103	0.0101117	0.0341223	0.161439	0.0029985	0.0100245	0.235463	13.2722
104	0.0101117	0.0340695	0.161439	0	0.0100245	0.209367	5.85443
105	0.0100346	0.0338659	0.155521	0	0.0100245	0.216833	5.32965
106	0.0100346	0.0340258	0.160059	0	0.0100245	0.233055	5.41967
107	0.0100346	0.0341425	0.161439	0	0.011062	0.255432	6.15181
108	0.0100346	0.0338161	0.152029	0	0.0111241	0.264936	6.64789
109	0.0100346	0.0334751	0.150158	0	0.0111241	0.268078	6.23558
110	0.0100346	0.0336363	0.150158	0	0.0111241	0.282401	6.71692
111	0.0100346	0.0339593	0.150158	0	0.0100245	0.31288	10.9728
112	0.0101109	0.0355581	0.171041	0	0.0111241	0.356734	13.698
113	0.010073	0.0364527	0.171473	0	0.0182453	0.400859	24.1973
114	0.010073	0.0376187	0.175858	0	0.0189988	0.490723	21.793
115	0.010073	0.0383899	0.189686	0	0.0191423	0.465341	21.7082
116	0.0101109	0.0388255	0.193934	0	0.0159835	0.394247	20.3001
117	0.0101109	0.0383331	0.178937	0	0.0138488	0.294195	16.1694
118	0.0101109	0.0390754	0.193	0	0.0100245	0.185306	5.08812
119	0.0101109	0.0392124	0.189686	0	0.0100245	0.168976	4.49907
120	0.0101109	0.0406611	0.199809	0.00149925	0.0102169	0.157662	4.49907
121	0.0101726	0.0404746	0.194391	0.0029985	0.0100404	0.145873	3.05506
122	0.0101726	0.0420384	0.217103	0.00449775	0.0100404	0.133407	2.50394
123	0.0101726	0.0418639	0.217103	0.0029985	0.0100245	0.119261	1.64709
124	0.0101018	0.0420827	0.228101	0.00449775	0.0100245	0.111376	1.52742
125	0.0101018	0.0431512	0.231299	0.005997	0.0100245	0.104671	1.18028
126	0.0101018	0.0450041	0.253154	0.005997	0.0100245	0.097387	0.969212
127	0.0101018	0.0464241	0.265657	0.005997	0.0100245	0.0938874	0.953712
128	0.01013	0.049016	0.309316	0.005997	0.0100245	0.0905843	0.769648
129	0.0101726	0.0516362	0.335395	0.005997	0.0100245	0.0875594	0.708763
130	0.0101726	0.0551425	0.354801	0.0134933	0.010014	0.0857041	0.823466
131	0.0102923	0.057707	0.367431	0.00749625	0.010014	0.0831986	0.731247
132	0.0102923	0.0626697	0.486484	0.011994	0.010014	0.0792525	0.579254
133	0.0102923	0.0675048	0.556	0.0134933	0.010014	0.0775307	0.540186
134	0.0106929	0.078313	0.807208	0.0284858	0.010014	0.0764904	0.523244
135	0.0100385	0.0697963	0.634129	0.0194903	0.010014	0.0754352	0.524553
136	0.0100385	0.0650117	0.491409	0.0089955	0.010014	0.0748392	0.50776
137	0.0103441	0.0602772	0.368529	0.00149925	0.0102169	0.0745792	0.508655
138	0.0104357	0.0586597	0.368529	0.00149925	0.0102169	0.0733006	0.491811
139	0.0100385	0.0565677	0.341546	0.0029985	0.0102169	0.0749444	0.50776
140	0.0103441	0.0553316	0.334521	0.00149925	0.010014	0.0798339	0.50776
141	0.0103441	0.0525232	0.273349	0.0029985	0.010014	0.082287	0.540186
142	0.0106929	0.0509859	0.266218	0	0.0105423	0.0889993	0.619316
143	0.0100385	0.0498109	0.238166	0	0.0106348	0.0995812	0.830019
144	0.0110301	0.0489702	0.266296	0	0.0100245	0.0984923	0.765813
145	0.0103441	0.0488769	0.2514	0	0.0100245	0.100334	0.830019
146	0.0106929	0.0492357	0.261735	0	0.0100245	0.101615	0.792394
147	0.0107927	0.049067	0.266296	0.00149925	0.0101094	0.108118	0.85135
148	0.010027	0.0485825	0.247931	0	0.0106348	0.113413	0.912748
149	0.010027	0.048227	0.229469	0	0.0106348	0.121324	0.963397
150	0.0100385	0.047551	0.229469	0	0.0100245	0.127945	0.963397
151	0.010027	0.0466448	0.229469	0	0.0101094	0.128585	0.953712
152	0.010027	0.0464963	0.229469	0	0.0104886	0.133356	1.05072
153	0.0100035	0.0469257	0.229469	0	0.0102928	0.138243	1.08266
154	0.0100035	0.0473886	0.238166	0.00149925	0.0106348	0.137626	1.08266
155	0.010027	0.045973	0.226655	0.0029985	0.0102928	0.137378	0.979519
156	0.0103441	0.045286	0.226655	0.0029985	0.0100245	0.137917	0.979519
157	0.0100035	0.0475738	0.247931	0.0089955	0.0100245	0.139683	0.979519
158	0.010027	0.0472091	0.226655	0.00449775	0.0102437	0.148566	1.08266
159	0.0100035	0.046741	0.224781	0.0029985	0.0100245	0.172974	1.67749
160	0.010027	0.0468519	0.226744	0	0.0100245	0.174641	1.64746
161	0.0100035	0.0471096	0.226744	0	0.0100245	0.170333	1.67749
162	0.0100035	0.047805	0.226744	0.00149925	0.0100245	0.174974	1.72749
163	0.0100035	0.0484028	0.24121	0.00149925	0.0100245	0.17127	1.7671
164	0.0100035	0.0499604	0.247931	0	0.0100245	0.157152	1.67749
165	0.010027	0.0524794	0.266545	0	0.0100245	0.142727	1.49315
166	0.0100035	0.0541714	0.272271	0.00149925	0.0100421	0.12835	1.39854
167	0.0102426	0.0562059	0.290831	0.00149925	0.0100245	0.11754	1.20795
168	0.0101868	0.0570478	0.290831	0	0.0100421	0.097519	1.09566
169	0.0102426	0.0586801	0.328891	0	0.0100245	0.0842517	0.905263
170	0.0102426	0.0614531	0.330365	0	0.0100245	0.063666	0.548765
171	0.0102426	0.0619702	0.332174	0	0.0100245	0.0546047	0.380314
172	0.0107594	0.0647392	0.355321	0	0.0100245	0.0529018	0.380314
173	0.0107594	0.0681242	0.371811	0	0.0100245	0.0495365	0.359293
174	0.0107594	0.0730832	0.378847	0	0.0100245	0.0472335	0.355634
175	0.0107594	0.0777571	0.378847	0.00449775	0.0100245	0.0447476	0.329929
176	0.0116842	0.0784208	0.3975	0	0.0100421	0.0427548	0.305373
177	0.0107594	0.0809139	0.371811	0.00149925	0.0100245	0.0412875	0.301832
178	0.0107594	0.0875032	0.385578	0.00749625	0.0100245	0.0397303	0.274196
179	0.0107594	0.0917355	0.3975	0.00749625	0.0100245	0.0388532	0.250622
180	0.0107594	0.101202	0.419747	0.00749625	0.0100245	0.0377933	0.247486
181	0.0139195	0.119024	0.616263	0.0134933	0.0100245	0.0373594	0.226193
182	0.0139195	0.143689	0.644435	0.0224888	0.0100245	0.0371481	0.226034
183	0.0167648	0.142826	0.683041	0.0134933	0.0100421	0.0359971	0.204979
184	0.0167648	0.145602	0.683041	0.0149925	0.0100245	0.0350901	0.200475
185	0.0167648	0.147	0.683041	0.0149925	0.0100245	0.0348356	0.202644
186	0.0168239	0.143839	0.674362	0.0134933	0.0100245	0.0346052	0.201717
187	0.0170862	0.147412	0.624907	0.0149925	0.0100245	0.0339772	0.199616
188	0.0167648	0.150156	0.619863	0.0134933	0.0100245	0.0327952	0.186571
189	0.0167648	0.148712	0.583912	0.00749625	0.0100245	0.0320184	0.177613
190	0.0167648	0.153177	0.608398	0.0104948	0.0100245	0.0311755	0.166927
191	0.0195058	0.163769	0.803417	0.0209895	0.0100245	0.0304164	0.162746
192	0.0188204	0.147018	0.592515	0.0104948	0.0100421	0.0302562	0.158563
193	0.0188204	0.14459	0.548205	0.00749625	0.0100245	0.0296278	0.143124
194	0.0188204	0.144091	0.543147	0.005997	0.0100245	0.0293357	0.143124
195	0.0188204	0.141983	0.534534	0.005997	0.0100421	0.0288659	0.133236
196	0.0203623	0.139439	0.543147	0.005997	0.0100421	0.0288973	0.131761
197	0.0200147	0.137959	0.543147	0.00449775	0.0100421	0.0284889	0.130721
198	0.0188204	0.13728	0.531266	0.0029985	0.0100421	0.0281829	0.130427
199	0.0180875	0.133682	0.543147	0.00149925	0.0100436	0.0280566	0.129818
200	0.0180875	0.131648	0.543147	0.00149925	0.0100436	0.0281161	0.129818
201	0.0180875	0.133571	0.543147	0.00149925	0.0100421	0.0279285	0.12925
202	0.0176461	0.13485	0.509848	0	0.0100421	0.0275454	0.129818
203	0.0168878	0.134405	0.503529	0.00149925	0.0100421	0.0269705	0.127323
204	0.0168878	0.13556	0.503015	0.00149925	0.0100421	0.0267754	0.123328
205	0.0176461	0.137811	0.550797	0.0029985	0.0100312	0.0269161	0.126008
206	0.0176461	0.139103	0.550797	0.0029985	0.0100421	0.0270978	0.126008
207	0.0168239	0.14432	0.550797	0.0029985	0.0100421	0.0267826	0.123328
208	0.0168239	0.156561	0.650228	0.005997	0.0100421	0.0265202	0.124367
209	0.0168239	0.165068	0.650228	0.005997	0.0100421	0.0262191	0.124367
210	0.0168239	0.173795	0.782427	0.011994	0.0100421	0.0258344	0.120796
211	0.0184223	0.204234	1.05808	0.0314843	0.0100419	0.0257559	0.120796
212	0.0195058	0.234762	1.32066	0.053973	0.0100419	0.025512	0.119539
213	0.0726184	0.307772	2.62398	0.106447	0.0100419	0.0252226	0.116061
214	0.0536544	0.307363	1.95442	0.10045	0.0100419	0.0248989	0.116061
215	0.0439409	0.255013	2.62398	0.0614693	0.0100419	0.0251882	0.117455
216	0.0107852	0.222795	0.764745	0.0314843	0.0100419	0.0256427	0.120796
217	0.0133715	0.204894	0.754489	0.0134933	0.0100419	0.0259224	0.123297
218	0.0133715	0.205559	0.754489	0.0134933	0.0100419	0.0266543	0.124411
219	0.0133715	0.203471	0.744653	0.0104948	0.0100419	0.0267207	0.124367
220	0.0133715	0.200291	0.707497	0.00749625	0.0100419	0.0269737	0.124411
221	0.023711	0.20266	1.10211	0.005997	0.0100419	0.0270536	0.124411
222	0.0226877	0.204673	1.10211	0.00749625	0.0100419	0.0269466	0.124411
223	0.0298451	0.215829	1.10211	0.011994	0.0100419	0.0265026	0.120796
224	0.0452845	0.221374	1.10211	0.0104948	0.0100419	0.0270173	0.125221
225	0.0566786	0.240472	1.01755	0.0134933	0.0100419	0.027294	0.124411
226	0.0579378	0.247455	0.82538	0.0104948	0.0100419	0.0275799	0.125221
227	0.0784678	0.258383	0.967974	0.0134933	0.0100419	0.0276534	0.125221
228	0.0767256	0.256376	0.845716	0.0104948	0.0100419	0.02753	0.123328
229	0.0767256	0.256086	0.845716	0.0089955	0.0100419	0.0272843	0.121281
230	0.0784678	0.253942	0.836015	0.00749625	0.0100419	0.0273572	0.121281
231	0.0784678	0.253122	0.809951	0.00749625	0.0100419	0.0280651	0.124411
232	0.0784678	0.254749	0.809951	0.005997	0.0100419	0.027895	0.121981
233	0.0784678	0.258053	0.809951	0.005997	0.0100419	0.0281342	0.1302
234	0.0784678	0.264685	0.822347	0.0104948	0.0100419	0.0281576	0.1302
235	0.0784678	0.269206	0.787819	0.011994	0.0100419	0.028452	0.132428
236	0.0784678	0.268688	0.795683	0.011994	0.0100419	0.0291559	0.148171
237	0.0784678	0.26751	0.787819	0.011994	0.0100419	0.0300045	0.17193
238	0.0821293	0.270384	0.795683	0.0134933	0.0100419	0.030259	0.169525
239	0.0708978	0.261707	0.861865	0.0164918	0.0100419	0.0308441	0.169525
240	0.061998	0.250176	0.822347	0.0134933	0.0100419	0.0314137	0.178206
241	0.061998	0.245948	0.836015	0.0104948	0.0100419	0.0318658	0.178206
242	0.0566786	0.239201	0.795683	0.0089955	0.0100419	0.0318249	0.17193
243	0.0575713	0.236178	0.845716	0.0104948	0.0100419	0.0315172	0.163263
244	0.0464975	0.23382	0.786672	0.011994	0.0100419	0.031334	0.165705
245	0.0566786	0.233035	0.923948	0.0104948	0.0100419	0.0322089	0.18016
246	0.0546466	0.232453	0.845716	0.0104948	0.0100419	0.0336749	0.219568
247	0.0481385	0.233118	0.845716	0.011994	0.0100419	0.0344029	0.232255
248	0.04463	0.229374	0.845716	0.011994	0.0100419	0.0359453	0.234747
249	0.0464975	0.229424	0.845716	0.0134933	0.0100419	0.0374467	0.245307
250	0.0546466	0.233939	0.845716	0.0104948	0.0100419	0.0380781	0.246676
251	0.0580414	0.239534	0.845716	0.0104948	0.0100419	0.0380847	0.245307
252	0.0580414	0.24598	0.845716	0.0164918	0.0100419	0.0386997	0.252767
253	0.0580414	0.243722	0.845716	0.0149925	0.0100419	0.0407182	0.307195
254	0.0575713	0.241975	0.836987	0.011994	0.0100419	0.0419713	0.313061
255	0.0575713	0.238558	0.836987	0.0104948	0.0100419	0.0432731	0.323372
256	0.0586898	0.238511	0.845716	0.0089955	0.0100419	0.0471069	0.406275
257	0.0573751	0.236487	0.845716	0.0089955	0.0100419	0.0492206	0.495764
258	0.0473689	0.234427	0.845716	0.0104948	0.0100419	0.0514084	0.541363
259	0.0464975	0.232561	0.845716	0.0104948	0.0100419	0.0532651	0.57056
260	0.04463	0.232785	0.845716	0.011994	0.0100419	0.0552948	0.58871
261	0.0411003	0.233428	0.845716	0.0164918	0.0100383	0.0560826	0.608159
262	0.0326243	0.234754	0.845716	0.0194903	0.0100419	0.0609449	0.676471
263	0.0326243	0.229495	0.845716	0.017991	0.0100419	0.0650628	0.680967
264	0.032039	0.224663	0.845716	0.017991	0.0100419	0.0679993	0.802943
265	0.0341445	0.214781	1.0246	0.017991	0.0100419	0.0727526	0.968256
266	0.0314982	0.200947	0.845716	0.0104948	0.0100419	0.0788112	1.32704
267	0.030981	0.198289	0.845716	0.0104948	0.0100419	0.0911725	2.6361
268	0.027249	0.194356	0.83572	0.011994	0.0100419	0.102041	6.51811
269	0.027249	0.190817	0.83572	0.0134933	0.0100419	0.115319	9.15849
270	0.0264533	0.186618	0.845716	0.0134933	0.0100419	0.129503	15.3832
271	0.0264533	0.180873	0.845716	0.011994	0.0100419	0.160609	18.406
272	0.0257331	0.18236	0.845716	0.0134933	0.0100419	0.2451	33.1587
273	0.0257331	0.188426	0.845716	0.0194903	0.0100419	0.330632	40.02
274	0.0270283	0.192394	1.03265	0.0269865	0.0100419	0.546661	61.1002
275	0.0202249	0.165529	0.833822	0.017991	0.014415	0.990355	97.2698
276	0.0129367	0.13965	0.637876	0.00749625	0.0189426	1.82643	97.4155
277	0.0140034	0.129148	0.676196	0.005997	0.0256706	2.93327	98.9867
278	0.0119351	0.11892	0.576024	0.00449775	0.0759448	4.79134	98.9867
279	0.0119351	0.11061	0.563859	0.00449775	0.107107	5.64978	98.9867
280	0.0107448	0.102236	0.477094	0.00449775	0.0947966	5.71988	97.4155
281	0.0107448	0.100854	0.477094	0.00749625	0.0759448	5.37978	98.9867
282	0.0107448	0.0941696	0.441839	0.00449775	0.0926351	5.71091	97.4155
283	0.0107356	0.0876915	0.441839	0.00749625	0.0892073	5.78077	98.9867
284	0.0107356	0.0836681	0.416724	0.005997	0.0841044	5.98377	98.9867
285	0.0107356	0.0794528	0.386726	0.00449775	0.0652445	6.04832	95.756
286	0.0107356	0.0762151	0.370293	0.00449775	0.0759448	5.81767	98.9867
287	0.0107356	0.0756681	0.395675	0.00449775	0.0940312	6.05794	98.9867
288	0.0107356	0.0746831	0.393758	0.00449775	0.0789437	5.88721	99.4313
289	0.0107356	0.0718966	0.370293	0.00449775	0.0789815	5.96701	99.4313
290	0.0107356	0.0727426	0.412044	0.00449775	0.0789815	5.70723	99.4313
291	0.0107356	0.0737145	0.477094	0.005997	0.0789437	5.73526	99.4313
292	0.0107356	0.0726939	0.477094	0.005997	0.105906	6.21513	99.4313
293	0.0103321	0.0735858	0.489833	0.0089955	0.108073	6.55286	98.9867
294	0.0107356	0.0742258	0.513026	0.0104948	0.123435	7.22407	99.4313
295	0.0107356	0.0737316	0.527667	0.0104948	0.123435	7.44749	98.9867
296	0.0107356	0.0796253	0.651494	0.023988
