		omega		Posterior		rho				Synonymous theta			kappa			phi	
Site	Lower	Point	Higher	prob of +ve	Lower	Point	Higher		Lower	Point	Higher	Lower	Point	Higher	Lower	Point	Higher
	95% HPD	estimate	95% HPD	selection	95% HPD	estimate	95% HPD		95% HPD	estimate	95% HPD	95% HPD	estimate	95% HPD	95% HPD	estimate	95% HPD
0	0.0100688	0.0703433	0.584358	0.0209895	0.0123161	0.984388	55.4044		0.027302	0.0352886	0.0486654	2.41282	4.06843	7.60006	0	0	0
1	0.0100688	0.0719063	0.65518	0.0224888	0.0123161	1.05965	55.8652
2	0.0100688	0.0719842	0.584358	0.0209895	0.0123161	1.1159	55.4044
3	0.0100688	0.068762	0.503599	0.0134933	0.0123161	1.16366	55.8652
4	0.0100688	0.0687496	0.381176	0.011994	0.0123161	1.33349	57.2958
5	0.0100688	0.0677552	0.381176	0.011994	0.01632	1.50521	84.4901
6	0.0100866	0.0677549	0.381176	0.0104948	0.0158282	1.31846	84.4901
7	0.0100688	0.06776	0.386881	0.0104948	0.0158282	1.19265	84.4901
8	0.0100688	0.0665834	0.381176	0.0104948	0.0155996	1.03522	84.4901
9	0.0106361	0.0665027	0.386881	0.0104948	0.0122791	0.90557	71.0612
10	0.0100688	0.066828	0.381176	0.0089955	0.0122791	0.873405	71.0612
11	0.0100688	0.0682424	0.397607	0.00749625	0.0122791	0.842313	74.2184
12	0.0100688	0.0679419	0.395095	0.0029985	0.0105335	0.758063	57.2958
13	0.0100688	0.068738	0.407235	0.0029985	0.0102615	0.646773	53.2021
14	0.0100688	0.0682849	0.393434	0.0029985	0.0105335	0.563746	55.1168
15	0.0100866	0.0749947	0.450289	0.017991	0.0115243	0.482234	59.4858
16	0.0100866	0.0802682	0.532055	0.023988	0.0115243	0.426856	59.4858
17	0.0104971	0.083079	0.455223	0.0089955	0.0115243	0.380255	55.8652
18	0.0112782	0.0829479	0.455223	0.00449775	0.0115543	0.355116	55.1168
19	0.0107631	0.0853443	0.455223	0.005997	0.0115543	0.349265	55.1168
20	0.0110161	0.0869684	0.455223	0.005997	0.0122791	0.339762	57.2958
21	0.0104971	0.0902111	0.455223	0.005997	0.0122791	0.345905	57.2958
22	0.011165	0.0988513	0.569471	0.0134933	0.0122791	0.33565	57.2958
23	0.0125129	0.108477	0.723137	0.023988	0.0122791	0.328664	57.2958
24	0.0131581	0.11843	0.860612	0.0284858	0.0122355	0.331569	55.8652
25	0.0155056	0.138697	1.26444	0.0524738	0.0115243	0.326	51.9671
26	0.0190086	0.164705	1.53571	0.0764618	0.0102916	0.266716	41.9452
27	0.0174655	0.143106	0.905549	0.035982	0.0103058	0.250748	38.5897
28	0.0205694	0.131339	0.860612	0.0164918	0.0103058	0.199548	20.0749
29	0.0205694	0.125643	0.854524	0.0104948	0.0103058	0.186208	16.7866
30	0.0205694	0.126006	0.854524	0.0104948	0.0103058	0.164212	11.2556
31	0.0221587	0.124323	0.854524	0.0104948	0.0103058	0.16449	11.3877
32	0.0190086	0.123247	0.719737	0.0089955	0.0103058	0.164882	15.4137
33	0.0190086	0.121551	0.719737	0.0089955	0.0103058	0.17778	18.5249
34	0.0184048	0.119816	0.719737	0.0089955	0.0103058	0.181161	18.6339
35	0.0182302	0.119412	0.709031	0.0104948	0.0103058	0.197197	32.9979
36	0.0182302	0.12002	0.709031	0.0104948	0.0101779	0.19314	32.9979
37	0.0178322	0.118341	0.742196	0.0134933	0.0101779	0.183765	32.9979
38	0.0194081	0.120846	0.813873	0.0134933	0.0101779	0.190716	32.9979
39	0.0194081	0.124443	0.813936	0.0134933	0.0101779	0.217306	37.1827
40	0.0194081	0.127382	0.854524	0.0164918	0.0108149	0.243032	50.98
41	0.0194081	0.133048	0.854524	0.0224888	0.0108149	0.247792	50.98
42	0.0203721	0.14862	1.2336	0.0464768	0.0103058	0.237215	44.4244
43	0.0203721	0.134399	0.854524	0.0269865	0.0103058	0.254055	39.8049
44	0.0205694	0.129668	0.854524	0.023988	0.0108149	0.256965	41.581
45	0.0157325	0.122357	0.707433	0.0194903	0.0108149	0.281327	41.581
46	0.0116413	0.112237	0.573029	0.0134933	0.0108149	0.286692	41.581
47	0.0116413	0.10734	0.484974	0.0104948	0.0103058	0.276376	36.5411
48	0.0116413	0.102585	0.455223	0.0089955	0.0103058	0.269629	34.5772
49	0.012394	0.099436	0.475321	0.0104948	0.0103058	0.260069	32.4025
50	0.0116413	0.0945021	0.470558	0.0134933	0.0103058	0.251308	26.3524
51	0.0112422	0.0883225	0.475321	0.0149925	0.0108974	0.235877	27.0642
52	0.0130427	0.0813882	0.465208	0.0029985	0.0103058	0.234831	24.1491
53	0.0130427	0.0795886	0.475321	0.0029985	0.0103058	0.235063	24.1491
54	0.0116413	0.0785491	0.419163	0.00449775	0.0103058	0.228717	24.1491
55	0.0116413	0.0767973	0.376918	0.00449775	0.0108974	0.202776	17.6056
56	0.0116413	0.0746403	0.364386	0.00449775	0.0108974	0.194562	17.6056
57	0.0116413	0.0739965	0.334051	0.0029985	0.0108974	0.19463	17.9558
58	0.0116413	0.0719022	0.326645	0.0029985	0.0100333	0.186852	14.3457
59	0.0108171	0.0700995	0.298318	0.0029985	0.0100333	0.178481	13.7479
60	0.0115934	0.0680343	0.298318	0.00149925	0.0103058	0.172094	13.7479
61	0.0110393	0.0672499	0.298318	0.0029985	0.0109047	0.177143	17.9558
62	0.0110393	0.065978	0.298318	0.0029985	0.0100333	0.182114	17.9558
63	0.0113114	0.0650746	0.2981	0.00149925	0.0103058	0.18982	24.1491
64	0.0108341	0.0666042	0.298318	0.0089955	0.0103058	0.19223	25.8512
65	0.0114294	0.064571	0.298318	0	0.0103058	0.185251	22.5425
66	0.0114294	0.063997	0.298318	0	0.0100333	0.166689	14.8394
67	0.0114294	0.0643439	0.298318	0	0.0103058	0.166618	13.0413
68	0.0114294	0.065344	0.298318	0	0.0103058	0.165468	11.3326
69	0.0113116	0.065991	0.298318	0.00149925	0.0100333	0.167882	10.849
70	0.0114294	0.0656184	0.298318	0.00149925	0.0100333	0.172853	12.3823
71	0.0108341	0.0660262	0.298318	0.0029985	0.0100333	0.184246	17.4814
72	0.0108171	0.0667657	0.32933	0.0029985	0.0103058	0.198583	23.1037
73	0.0108171	0.0676435	0.322959	0.0029985	0.0100333	0.19807	18.6475
74	0.0108171	0.0682654	0.312564	0.00149925	0.0100333	0.201392	17.9216
75	0.0108171	0.0687886	0.298318	0.00149925	0.0100333	0.199295	17.9216
76	0.0108341	0.0689434	0.298318	0	0.0103008	0.205015	17.4814
77	0.0108171	0.0703828	0.308596	0	0.0115779	0.187772	23.7096
78	0.0108171	0.0702033	0.312564	0	0.0115779	0.172644	23.7096
79	0.0108171	0.0703722	0.312564	0	0.0100333	0.14485	12.1408
80	0.0108387	0.0705821	0.299688	0	0.0104875	0.123341	5.87251
81	0.0115173	0.0716183	0.334004	0	0.010618	0.113498	3.86209
82	0.0108387	0.0727811	0.319941	0.0029985	0.0100333	0.106376	2.74688
83	0.0108387	0.0761498	0.33833	0.0029985	0.0100333	0.0932249	1.31828
84	0.0108387	0.0757856	0.32933	0	0.0104875	0.0924694	1.24961
85	0.0108387	0.07786	0.344309	0	0.0101694	0.0960279	1.32444
86	0.0108387	0.079867	0.366001	0.0029985	0.0101694	0.0946279	1.32444
87	0.0104273	0.0805681	0.353678	0.00149925	0.0100333	0.0941802	1.45421
88	0.0104273	0.0807872	0.353678	0	0.0100333	0.0996875	1.73504
89	0.0100829	0.0830629	0.35641	0.0029985	0.0100333	0.0984548	1.53693
90	0.0100829	0.082579	0.353385	0.00149925	0.0100333	0.0977817	1.45421
91	0.0100829	0.0821363	0.33833	0	0.0100333	0.0975396	1.45421
92	0.0100829	0.0836225	0.346955	0.00149925	0.0104875	0.101543	1.67863
93	0.0125472	0.0850186	0.426356	0.00149925	0.0100333	0.111106	2.12017
94	0.0125472	0.0875417	0.426356	0	0.0100333	0.1204	3.35454
95	0.0108387	0.0917224	0.425937	0.0029985	0.0101694	0.138268	6.97316
96	0.0100829	0.0945591	0.412598	0.0089955	0.0104875	0.147041	9.04068
97	0.0100829	0.0961293	0.425937	0.011994	0.0104875	0.161312	12.0603
98	0.0108407	0.100716	0.626469	0.017991	0.0101694	0.181342	23.7298
99	0.0100829	0.102685	0.576392	0.0149925	0.0101694	0.190945	25.651
100	0.0100876	0.105643	0.600098	0.0149925	0.0101694	0.20311	30.2183
101	0.0125472	0.110528	0.729504	0.0149925	0.010618	0.210363	41.9641
102	0.0134183	0.11347	0.729504	0.0134933	0.010618	0.220955	49.5792
103	0.0208613	0.121186	0.974768	0.0149925	0.0109309	0.230159	50.0696
104	0.0140448	0.11429	0.721548	0.0104948	0.0116676	0.258595	59.8003
105	0.0173134	0.108107	0.729504	0.005997	0.0112787	0.28607	59.8003
106	0.016197	0.106592	0.721548	0.005997	0.0112254	0.311349	59.8003
107	0.0110815	0.10192	0.44994	0.00449775	0.0109309	0.376308	63.4926
108	0.0110815	0.0974858	0.434611	0.00149925	0.0115934	0.412663	73.228
109	0.0110815	0.0949828	0.417331	0	0.0145893	0.440932	94.4398
110	0.0111607	0.0933432	0.412886	0.00149925	0.0103107	0.406275	70.1386
111	0.0110815	0.0910389	0.412886	0.0029985	0.0103107	0.386743	65.5156
112	0.0109303	0.0877808	0.3836	0.0029985	0.0103107	0.392532	65.4167
113	0.0110815	0.0857762	0.379398	0	0.0103107	0.439808	70.1386
114	0.0111607	0.0852778	0.379398	0	0.0103107	0.447778	66.0822
115	0.0109303	0.0833704	0.327233	0	0.0103107	0.457636	66.8216
116	0.0109018	0.0818333	0.325092	0	0.0104338	0.462964	70.1386
117	0.0109018	0.0817605	0.327233	0	0.0137653	0.461756	92.3859
118	0.0109018	0.0826208	0.33833	0	0.0139512	0.460106	92.3859
119	0.0109018	0.0828239	0.347906	0	0.0139512	0.450304	92.3859
120	0.0109018	0.0859495	0.371646	0	0.0103107	0.419235	69.5103
121	0.0109018	0.0870115	0.371646	0	0.0102676	0.405397	65.7883
122	0.0109018	0.0883113	0.379398	0	0.0102676	0.394153	65.4167
123	0.0109018	0.0905533	0.384051	0	0.0105501	0.400431	67.7796
124	0.0109018	0.0917862	0.384051	0	0.016486	0.420983	98.092
125	0.0108151	0.0927507	0.384051	0	0.0166423	0.43911	98.092
126	0.0108151	0.093505	0.385141	0	0.0189337	0.482678	98.092
127	0.01068	0.0933651	0.38923	0.00149925	0.0197014	0.53417	98.092
128	0.01068	0.0974071	0.432871	0.00449775	0.020585	0.552765	98.092
129	0.012333	0.101673	0.467919	0.005997	0.020585	0.568847	98.092
130	0.012333	0.102405	0.482594	0.00749625	0.020585	0.590303	96.7943
131	0.012333	0.103274	0.493413	0.005997	0.020585	0.590892	96.7943
132	0.0119453	0.10433	0.493413	0.00449775	0.021437	0.600624	98.092
133	0.01068	0.1073	0.493413	0.0089955	0.0207139	0.575959	96.7943
134	0.0101504	0.11516	0.525388	0.0149925	0.0210449	0.561192	96.7943
135	0.0162703	0.120017	0.861409	0.0089955	0.021437	0.57379	98.092
136	0.0139251	0.129064	0.842324	0.0224888	0.0205465	0.581973	92.3859
137	0.0123928	0.139471	0.861409	0.035982	0.0178423	0.522924	98.092
138	0.0179159	0.148294	1.3957	0.0464768	0.0173468	0.510985	98.092
139	0.0118492	0.130694	0.842324	0.0314843	0.0119288	0.475155	67.7796
140	0.0109303	0.124517	0.734738	0.0269865	0.0122201	0.42207	67.7796
141	0.0109303	0.121408	0.706349	0.0254873	0.0119288	0.384855	65.4167
142	0.0101504	0.113351	0.53081	0.0134933	0.0101458	0.337374	55.2747
143	0.0104692	0.110603	0.493413	0.0134933	0.0101458	0.295806	44.3289
144	0.0104692	0.108848	0.493413	0.0149925	0.0105583	0.249136	43.6173
145	0.0109303	0.106783	0.495525	0.0134933	0.0105583	0.191164	21.5675
146	0.0109303	0.10349	0.468372	0.00749625	0.0106171	0.131446	10.104
147	0.0111298	0.1033	0.493413	0.011994	0.0105583	0.0962815	6.55647
148	0.0109303	0.102487	0.495525	0.0134933	0.0106171	0.0799079	4.48786
149	0.0104692	0.101648	0.483026	0.0134933	0.0104703	0.0613777	1.80462
150	0.0101504	0.100384	0.495525	0.023988	0.0104703	0.0546594	0.594247
151	0.0104692	0.0970767	0.468372	0.023988	0.0104703	0.0483241	0.377562
152	0.0109303	0.0930457	0.448082	0.0134933	0.0106171	0.0451985	0.28899
153	0.0104692	0.0925507	0.447879	0.0164918	0.0104703	0.0426322	0.235627
154	0.0109303	0.0908959	0.448082	0.0164918	0.0104703	0.0406195	0.195249
155	0.0109303	0.0898061	0.448082	0.0149925	0.0103853	0.0405616	0.188398
156	0.0104692	0.0885164	0.419748	0.0134933	0.0103853	0.0405833	0.17646
157	0.0104349	0.0918985	0.447879	0.0254873	0.0103853	0.0391719	0.167565
158	0.0104349	0.0852933	0.419748	0.0104948	0.0103853	0.0384215	0.164592
159	0.0100448	0.0820487	0.40163	0.00449775	0.0103853	0.0375798	0.148742
160	0.0104349	0.0829327	0.412886	0.005997	0.0104703	0.0368687	0.143929
161	0.0112136	0.0843025	0.448082	0.0089955	0.0106171	0.0367257	0.143929
162	0.0112136	0.0839871	0.445133	0.00449775	0.0104703	0.0377043	0.143929
163	0.0112136	0.0898703	0.448082	0.00749625	0.0106171	0.0377122	0.143929
164	0.0109303	0.0940885	0.448082	0.00749625	0.0106171	0.0372563	0.142138
165	0.0112136	0.0961939	0.455097	0.00749625	0.0106171	0.0374907	0.142138
166	0.0112136	0.101557	0.483026	0.011994	0.0103853	0.0374187	0.137879
167	0.0109303	0.107414	0.503949	0.0134933	0.0106171	0.0374829	0.13322
168	0.0107408	0.1079	0.483026	0.0104948	0.0106171	0.0379303	0.137879
169	0.0109303	0.112731	0.533878	0.0149925	0.0103853	0.0386224	0.137879
170	0.0109303	0.114736	0.53797	0.0149925	0.0103853	0.039137	0.138534
171	0.0114954	0.121786	0.57092	0.0164918	0.0106171	0.0391848	0.137879
172	0.0114954	0.126178	0.626834	0.0209895	0.0103853	0.0388312	0.13322
173	0.0103361	0.135851	0.641251	0.017991	0.0106171	0.0395263	0.137879
174	0.0103361	0.141148	0.666577	0.0209895	0.0106171	0.0392216	0.133189
175	0.0151685	0.149921	0.943658	0.0194903	0.0106171	0.0398863	0.141085
176	0.0162557	0.170786	0.979557	0.0254873	0.0106171	0.0403342	0.14186
177	0.0196843	0.194463	0.911244	0.0344828	0.0106171	0.040808	0.142138
178	0.0190276	0.187603	1.12691	0.0344828	0.0106171	0.0413086	0.143929
179	0.0219204	0.1863	1.2427	0.0314843	0.0102537	0.0466441	0.17269
180	0.0219204	0.186223	1.2282	0.029985	0.0102537	0.0479627	0.213515
181	0.0219204	0.188245	1.21712	0.029985	0.0106171	0.0476679	0.237004
182	0.0219204	0.193923	1.2427	0.0284858	0.0107215	0.0439006	0.213515
183	0.0251772	0.198812	1.45779	0.0314843	0.0102537	0.0440293	0.19479
184	0.0218303	0.195965	1.31035	0.0284858	0.0103585	0.0438553	0.19479
185	0.0218303	0.201237	1.2427	0.029985	0.0107215	0.0421315	0.171084
186	0.0219204	0.20581	1.2427	0.0329835	0.0107215	0.0412594	0.171084
187	0.0252038	0.220323	1.45779	0.047976	0.0103585	0.0408428	0.159031
188	0.0244451	0.242525	1.38065	0.0689655	0.0107215	0.0395832	0.151405
189	0.0459338	0.278742	1.96898	0.089955	0.0103578	0.0381745	0.13038
190	0.0709979	0.334416	1.96898	0.131934	0.0100849	0.0374609	0.12591
191	0.0703139	0.334975	1.96898	0.131934	0.0103578	0.0369964	0.12591
192	0.0703139	0.338256	1.96898	0.130435	0.0105382	0.0369057	0.12591
193	0.0679894	0.339121	1.92029	0.137931	0.0103578	0.0368998	0.1256
194	0.0508606	0.289409	2.87219	0.110945	0.0103578	0.0365614	0.1256
195	0.0241668	0.238173	1.92029	0.0884558	0.0105382	0.0364454	0.13038
196	0.012482	0.209128	1.08897	0.0629685	0.0105382	0.0365201	0.13322
197	0.0120137	0.186728	1.05786	0.0524738	0.0105382	0.03612	0.13322
198	0.0131929	0.16246	0.850442	0.023988	0.0103578	0.0363273	0.133961
199	0.012482	0.149784	0.736134	0.0104948	0.0105382	0.0365221	0.139736
200	0.0117347	0.146292	0.649551	0.005997	0.0105382	0.0363511	0.139736
201	0.0119099	0.144687	0.649551	0.005997	0.0105382	0.0360114	0.139736
202	0.0119099	0.143589	0.640773	0.005997	0.0100849	0.0355127	0.13322
203	0.0130966	0.139756	0.736134	0.00749625	0.0100849	0.0354819	0.13322
204	0.0120137	0.139029	0.640773	0.00749625	0.0105226	0.0359371	0.139736
205	0.0123995	0.139758	0.664205	0.0104948	0.0105226	0.0365606	0.140883
206	0.0123995	0.139747	0.649551	0.011994	0.0101314	0.0366298	0.140883
207	0.0123995	0.143859	0.670303	0.011994	0.0101314	0.0361033	0.136794
208	0.0131929	0.144817	0.703987	0.011994	0.0101314	0.0354668	0.12591
209	0.0131929	0.143063	0.703987	0.011994	0.0102927	0.0349014	0.124559
210	0.0131929	0.143777	0.736134	0.011994	0.0101314	0.0350323	0.124559
211	0.0130966	0.143343	0.736134	0.011994	0.0101314	0.0341361	0.11405
212	0.0123995	0.144244	0.743372	0.0164918	0.0101779	0.0338823	0.118996
213	0.0200155	0.152069	1.14323	0.0224888	0.0102927	0.0339007	0.12591
214	0.0200155	0.162089	1.32428	0.0389805	0.0101314	0.0341059	0.128757
215	0.0154642	0.172512	1.32428	0.0614693	0.0101314	0.0329979	0.121346
216	0.0126287	0.183893	1.32428	0.0809595	0.0105226	0.0330975	0.126958
217	0.0100689	0.145019	0.80891	0.0449775	0.0100189	0.032556	0.112128
218	0.0110324	0.119656	0.743372	0.0284858	0.0101314	0.0320864	0.109479
219	0.0119558	0.105207	0.736134	0.023988	0.0101314	0.0314454	0.108562
220	0.0100689	0.0973698	0.536129	0.0149925	0.0103578	0.0305059	0.103928
221	0.0100689	0.0871052	0.478156	0.011994	0.0105226	0.0295339	0.102361
222	0.0104258	0.0802385	0.429706	0.005997	0.0105226	0.0293892	0.102361
223	0.0100689	0.0758219	0.384664	0.00449775	0.010485	0.0291009	0.101525
224	0.0101337	0.0689474	0.37103	0.0029985	0.010485	0.0286375	0.0984987
225	0.0100689	0.067268	0.363228	0.0029985	0.0101314	0.028009	0.0930912
226	0.0100689	0.065349	0.331583	0.00149925	0.0101314	0.0279725	0.0930912
227	0.0100689	0.0642053	0.327708	0	0.0100189	0.0279033	0.0930912
228	0.0102388	0.0634062	0.331583	0	0.0100189	0.0277497	0.0930912
229	0.0100689	0.0626158	0.327708	0	0.0100189	0.0277314	0.0930912
230	0.0102388	0.0619145	0.331583	0	0.0101618	0.0275499	0.0926005
231	0.0102388	0.0619689	0.331583	0.00149925	0.0101314	0.0276288	0.0926005
232	0.0100689	0.0617326	0.331583	0.00449775	0.0101779	0.0277012	0.100025
233	0.0100689	0.0615931	0.335696	0.00749625	0.0101779	0.0277965	0.100025
234	0.0102388	0.0580795	0.331583	0.005997	0.0100189	0.0278718	0.0969666
235	0.0102388	0.0552169	0.327708	0.0029985	0.0101618	0.0275466	0.0926005
236	0.0102388	0.0538624	0.327708	0.00149925	0.0100189	0.0277845	0.0926005
237	0.0100689	0.053303	0.322502	0.00449775	0.0100189	0.027872	0.0926005
238	0.0102388	0.0521319	0.325079	0.00449775	0.0101314	0.0283475	0.0995764
239	0.0102388	0.0526713	0.327708	0.005997	0.0100189	0.0284666	0.0998215
240	0.0100689	0.0513763	0.291468	0.005997	0.0101314	0.0287463	0.102361
241	0.0100689	0.0512413	0.322502	0.0089955	0.0101779	0.0288695	0.10299
242	0.0100689	0.0518434	0.322502	0.011994	0.0101779	0.0287819	0.10299
243	0.0102419	0.0522142	0.325079	0.011994	0.0101779	0.0298852	0.108499
244	0.0102419	0.0519494	0.320556	0.011994	0.0100189	0.0299988	0.108617
245	0.0102419	0.0499867	0.266513	0.0029985	0.0101618	0.0302035	0.11432
246	0.0102419	0.0489985	0.257356	0.0029985	0.0101618	0.0304904	0.115409
247	0.0102419	0.049785	0.266513	0.0029985	0.0100189	0.0308571	0.108617
248	0.0104439	0.0503667	0.282708	0.0029985	0.0103564	0.0313569	0.124604
249	0.0102419	0.0503219	0.266513	0.0029985	0.0100189	0.0318663	0.124604
250	0.0103833	0.0516757	0.2799	0.0029985	0.0101618	0.0330146	0.134368
251	0.0103833	0.0517392	0.262959	0.0029985	0.0101618	0.0343926	0.15849
252	0.0105978	0.0522073	0.282708	0.0029985	0.0101779	0.0360186	0.169305
253	0.0104439	0.0531297	0.283966	0.0029985	0.0100189	0.0368854	0.182889
254	0.0104439	0.0535106	0.283966	0.0029985	0.0101618	0.0363992	0.218466
255	0.0103833	0.053655	0.283966	0.0029985	0.0100189	0.0357156	0.229037
256	0.0102399	0.0541291	0.296948	0.0029985	0.0100189	0.0381887	0.306578
257	0.0104439	0.0529677	0.282708	0.00449775	0.0100189	0.0386	0.316696
258	0.0103023	0.0525704	0.282708	0.00449775	0.0100189	0.0402821	0.48327
259	0.0102399	0.0531832	0.283966	0.00749625	0.0100107	0.0401847	0.494719
260	0.0104439	0.0530761	0.314606	0.0089955	0.0100107	0.0412053	0.758969
261	0.0103023	0.0531626	0.322502	0.0089955	0.0100107	0.0432707	0.998327
262	0.0103023	0.0524546	0.283966	0.0029985	0.0100107	0.0458574	1.16232
263	0.0104439	0.0541456	0.322502	0.00449775	0.0100107	0.05366	1.70972
264	0.0104439	0.0552265	0.322502	0.00449775	0.0100107	0.0553031	2.3932
265	0.0105978	0.0574516	0.369976	0.00749625	0.0100107	0.0570599	3.01111
266	0.0105978	0.0583967	0.385603	0.0104948	0.0100107	0.0625178	5.43533
267	0.0105978	0.0594472	0.414575	0.011994	0.0100107	0.0638951	5.50361
268	0.0100193	0.0622183	0.452139	0.0194903	0.0100107	0.0640259	5.50361
269	0.0105978	0.066765	0.560901	0.023988	0.0100107	0.0664687	5.70119
270	0.0104576	0.0701261	0.642509	0.0284858	0.0100107	0.0678228	5.70119
271	0.0104576	0.0760207	0.720487	0.0404798	0.0100189	0.0699456	6.91553
272	0.0104576	0.0852855	1.10754	0.0584708	0.0100189	0.0689511	6.4732
273	0.0104576	0.113775	3.4339	0.118441	0.0100189	0.0692773	6.4732
274	0.0103153	0.0805249	1.10754	0.0554723	0.0100189	0.0652074	4.39937
275	0.0100431	0.0680052	0.590657	0.0329835	0.0100189	0.0666319	3.01111
276	0.0103153	0.0624718	0.590657	0.0314843	0.0100189	0.067588	1.87719
277	0.0100431	0.0606341	0.441164	0.0269865	0.0100189	0.0690328	2.08872
278	0.0100431	0.0592897	0.393162	0.0269865	0.0101779	0.0658746	2.08872
279	0.0103153	0.0544539	0.325822	0.0089955	0.0101779	0.0644654	1.70972
280	0.0100431	0.0524083	0.264601	0.00149925	0.0101779	0.0647314	1.70972
281	0.0103153	0.0505828	0.264601	0.0029985	0.0101779	0.0656075	1.66693
282	0.0100166	0.0488843	0.254801	0	0.0101779	0.0650656	1.69166
283	0.0100166	0.0482807	0.258512	0	0.0101779	0.0669813	1.70972
284	0.0100166	0.0484517	0.258512	0	0.0100189	0.0699572	2.13057
285	0.0100166	0.048335	0.260816	0.0029985	0.0101779	0.0710822	2.27091
286	0.0100166	0.0479719	0.242681	0.00449775	0.0101779	0.0712614	2.32553
287	0.0103153	0.0470574	0.233104	0	0.0101779	0.07111	2.32553
288	0.0100166	0.0471766	0.225827	0.00149925	0.0101779	0.0697716	2.27091
289	0.0100414	0.0462099	0.225827	0.0029985	0.0101779	0.0691313	2.27091
290	0.0100166	0.0469595	0.233104	0.0089955	0.0101779	0.066234	1.87719
291	0.0103153	0.0454326	0.233104	0.0029985	0.0101779	0.0649338	1.69166
292	0.0103153	0.0445252	0.233104	0	0.0101147	0.0648617	1.69166
293	0.0100166	0.0441417	0.226839	0	0.0101147	0.0642191	1.69166
294	0.0100414	0.0431948	0.225827	0	0.0101147	0.0634455	1.87719
295	0.0100166	0.0420824	0.216787	0	0.0101147	0.0639229	1.87719
296	0.0100166	0.0403977	0.200548	0.00149925	0.0101147	0.0634565	1.87719
297	0.0100166	0.0399229	0.200548	0.00149925	0.0101147	0.0669826	2.04781
298	0.0100414	0.0398081	0.196572	0.00149925	0.0101147	0.0683756	2.21687
299	0.0100166	0.0392111	0.181513	0	0.0101147	0.0684139	2.18298
300	0.0100166	0.0387357	0.180136	0	0.0101147	0.0675817	2.18298
301	0.0100414	0.0379556	0.180136	0	0.0101147	0.0679504	2.13057
302	0.0100166	0.0375985	0.180136	0	0.0101147	0.0669825	1.87719
303	0.0100166	0.0382389	0.182071	0.00449775	0.0101147	0.0697189	2.13057
304	0.0100166	0.0387741	0.196392	0.00749625	0.0101147	0.0704402	1.87719
305	0.0100166	0.0384533	0.200548	0.00449775	0.0101147	0.0694832	1.69166
306	0.0100166	0.0389288	0.208704	0.0029985	0.0101147	0.068755	1.69166
307	0.0100166	0.0386593	0.208704	0.00149925	0.0101147	0.0687726	1.33484
308	0.0100166	0.0378087	0.187242	0.00149925	0.0101147	0.0656144	1.05729
309	0.0100414	0.0366973	0.150299	0.00149925	0.0101147	0.0681509	1.05729
310	0.0100166	0.0367656	0.146014	0.00449775	0.0100246	0.0738806	1.19501
311	0.0100166	0.036759	0.152094	0.0029985	0.0101147	0.0793299	1.42384
312	0.0100166	0.0364045	0.170642	0.00149925	0.0100246	0.0852186	1.50027
313	0.0100166	0.0360547	0.146014	0.00149925	0.0101147	0.086102	1.35364
314	0.0100166	0.0360311	0.150299	0.00149925	0.0100246	0.0870208	1.26673
315	0.0100166	0.0350063	0.144084	0.00149925	0.0101147	0.0905157	1.08585
316	0.0100166	0.0348755	0.138372	0.00149925	0.0100246	0.0911735	0.843527
317	0.0100414	0.0351365	0.145694	0.00149925	0.0100246	0.0940909	0.829591
318	0.0100166	0.0347726	0.146014	0.0029985	0.0109078	0.0975365	0.841942
319	0.0100419	0.0346744	0.145694	0.0029985	0.0113814	0.101416	0.806327
320	0.0100166	0.0345622	0.170642	0.0029985	0.0126922	0.10441	0.843527
321	0.0100166	0.0346322	0.147675	0.0029985	0.0116419	0.112298	0.843527
322	0.0100166	0.0343338	0.147675	0.00149925	0.0100246	0.127211	1.03862
323	0.0100419	0.0352205	0.1757	0.0029985	0.0126475	0.130835	1.33484
324	0.0100166	0.0347567	0.152094	0.0029985	0.0137749	0.138215	1.35708
325	0.0100166	0.0345701	0.152094	0.00149925	0.012219	0.143407	1.35708
326	0.0100166	0.0345029	0.153614	0.00449775	0.0137064	0.146598	1.41316
327	0.0100166	0.0341134	0.144084	0.00149925	0.0147899	0.162368	1.64334
328	0.0100166	0.0338806	0.134315	0.00149925	0.0159493	0.182851	1.78288
329	0.0100166	0.0334232	0.132616	0	0.0160388	0.188153	1.61818
330	0.0100166	0.0334051	0.132438	0	0.0180609	0.182597	1.61818
331	0.0100431	0.0334399	0.132438	0	0.018918	0.186327	1.61818
332	0.0100246	0.0335152	0.132283	0	0.018918	0.189542	1.61818
333	0.0100166	0.0337608	0.132438	0	0.0161797	0.183057	1.36658
334	0.0100166	0.0338508	0.132438	0	0.0165689	0.179617	1.61818
335	0.0100166	0.0343852	0.178293	0.00149925	0.0175425	0.178447	1.61818
336	0.0100166	0.0344067	0.178293	0.0029985	0.0160388	0.173732	1.56821
337	0.0100166	0.0338791	0.177034	0.00149925	0.0161797	0.173024	1.61163
338	0.0100166	0.0328129	0.132438	0	0.0124287	0.183593	2.18647
339	0.0100166	0.0328239	0.130471	0	0.0100579	0.214098	7.62932
340	0.0100166	0.0330962	0.132438	0	0.0153849	0.238235	22.8419
341	0.0100246	0.0331504	0.132438	0	0.0139538	0.249974	23.6522
342	0.0100246	0.0325952	0.119912	0	0.0100579	0.243887	17.064
343	0.0100246	0.0330551	0.132438	0	0.0124287	0.248275	25.5125
344	0.0100246	0.0327517	0.119912	0	0.0124287	0.240478	25.5125
345	0.0100246	0.032247	0.119912	0	0.0109187	0.246636	23.6522
346	0.0100246	0.0328618	0.132438	0	0.0100579	0.243235	22.1346
347	0.0100246	0.0339697	0.14385	0.00149925	0.0101509	0.249244	22.8419
348	0.010009	0.0355861	0.197246	0.0104948	0.0100579	0.251484	17.2551
349	0.010009	0.0341085	0.177034	0.0089955	0.0100579	0.251325	16.6867
350	0.010009	0.0333673	0.14385	0.0029985	0.0100579	0.234591	14.2309
351	0.010009	0.0337761	0.146956	0.00149925	0.0100579	0.23966	14.2309
352	0.010009	0.0342706	0.168258	0.00149925	0.0101509	0.242564	13.6531
353	0.010009	0.0347467	0.164644	0.00149925	0.0101509	0.252397	12.69
354	0.010009	0.0349017	0.164644	0.00149925	0.0100579	0.252526	13.6531
355	0.010009	0.0351065	0.168258	0	0.0100579	0.264744	13.6531
356	0.010009	0.0361114	0.168258	0	0.0100579	0.267796	14.2309
357	0.010009	0.0357741	0.164644	0	0.0100579	0.263203	13.6531
358	0.010009	0.036152	0.168258	0	0.0100579	0.25892	12.69
359	0.010009	0.0365577	0.178914	0	0.0100579	0.274684	12.69
360	0.0100431	0.0371481	0.190347	0	0.0102945	0.272635	13.6531
361	0.0100431	0.0374472	0.191738	0	0.0100579	0.267925	12.8893
362	0.0100431	0.0372994	0.190347	0	0.0100579	0.27279	13.6531
363	0.0100431	0.0374036	0.191738	0	0.0100579	0.257475	15.6994
364	0.0100431	0.0378816	0.193851	0.00149925	0.0109573	0.239888	13.6531
365	0.0100431	0.0376487	0.204764	0.00149925	0.0109187	0.248825	14.2309
366	0.0100431	0.0372702	0.191738	0	0.0118844	0.231936	12.5337
367	0.0100431	0.0376592	0.191738	0.0029985	0.0109187	0.229055	13.2806
368	0.0100431	0.0376378	0.191738	0.00149925	0.0157299	0.216698	23.353
369	0.0100431	0.0385631	0.181056	0.00149925	0.0109187	0.204712	12.6957
370	0.0100431	0.0388507	0.1827	0	0.0104075	0.215502	12.6957
371	0.0100431	0.0389897	0.1827	0	0.0109187	0.207829	12.6957
372	0.0100431	0.0398121	0.188348	0.00149925	0.0109187	0.189158	9.39026
373	0.0100431	0.0397112	0.1827	0	0.0118844	0.170507	7.18918
374	0.0100431	0.0404427	0.186815	0.00149925	0.0109187	0.14502	3.82351
375	0.0100431	0.0404786	0.187694	0.00149925	0.0100215	0.122475	1.83278
376	0.0100431	0.040105	0.187694	0.00149925	0.0119433	0.111662	1.18703
377	0.0100431	0.0397688	0.187694	0.00149925	0.0100215	0.102336	0.666611
378	0.0100431	0.0403352	0.19156	0.00449775	0.0118844	0.100489	0.659353
379	0.0100431	0.0414485	0.203127	0.00449775	0.0118844	0.100063	0.637294
380	0.0100431	0.0415004	0.203127	0.0029985	0.0118844	0.101345	0.666611
381	0.0100431	0.0425862	0.210218	0.0029985	0.0140918	0.102714	0.769655
382	0.0100431	0.043257	0.210227	0.00149925	0.0149402	0.0993135	0.625641
383	0.0100431	0.0437543	0.214481	0.00149925	0.0149402	0.102424	0.666611
384	0.0101002	0.0448248	0.222287	0.00149925	0.0149402	0.102382	0.601842
385	0.0101002	0.0452642	0.222287	0.00149925	0.0153907	0.103852	0.573021
386	0.0100431	0.0452914	0.214481	0	0.0148986	0.104149	0.528731
387	0.0100431	0.0472189	0.240902	0.00149925	0.0153907	0.105015	0.605753
388	0.0100431	0.0484926	0.262122	0.00149925	0.0148986	0.106307	0.602049
389	0.0101002	0.049644	0.268246	0.00149925	0.0148986	0.10383	0.673231
390	0.0100165	0.0507756	0.277065	0	0.0149402	0.100314	0.602049
391	0.0100165	0.0508018	0.268246	0	0.0148986	0.0988546	0.602049
392	0.0100165	0.0532091	0.301676	0.00749625	0.0105168	0.0985357	0.401463
393	0.0100165	0.0539164	0.301676	0.00749625	0.0133534	0.0995035	0.505858
394	0.0100165	0.0577163	0.343311	0.0134933	0.0105168	0.0979463	0.401463
395	0.0100165	0.0588071	0.353537	0.0089955	0.0105168	0.0963141	0.401463
396	0.0100165	0.0624595	0.424424	0.00749625	0.0105168	0.0950865	0.401237
397	0.0101002	0.0645852	0.496137	0.0089955	0.0133161	0.0987621	0.533303
398	0.0100165	0.069563	0.581133	0.017991	0.0154686	0.100312	0.578427
399	0.0101002	0.0734662	0.677629	0.0209895	0.0133161	0.10619	0.533303
400	0.0101002	0.0747153	0.661037	0.0194903	0.0154686	0.104458	0.578427
401	0.012595	0.0789657	0.841249	0.0209895	0.0133161	0.105553	0.515518
402	0.0101002	0.0776788	0.661037	0.0224888	0.0133161	0.109871	0.578427
403	0.0106876	0.0749616	0.661037	0.0164918	0.0110554	0.10931	0.578427
404	0.0100949	0.0705001	0.52733	0.00749625	0.0122722	0.110166	0.754621
405	0.0100949	0.0676938	0.463141	0.00449775	0.0118662	0.110406	0.754621
406	0.0100807	0.0607854	0.387392	0.00149925	0.0115372	0.11159	0.782045
407	0.0100807	0.0586894	0.335496	0	0.0115372	0.110874	0.782045
408	0.0100807	0.0576237	0.332573	0	0.0122722	0.111528	1.14365
409	0.0100807	0.0555909	0.299792	0	0.0105033	0.112046	1.24498
410	0.0100949	0.0555224	0.299792	0	0.0107105	0.109464	1.90263
411	0.0100949	0.0540882	0.299792	0	0.0106703	0.0987065	1.24498
412	0.0100807	0.0538968	0.318766	0.00149925	0.0101741	0.106716	1.31913
413	0.0100807	0.0525062	0.299792	0.00149925	0.0103222	0.107542	3.04161
414	0.0100224	0.0487481	0.255584	0	0.0105033	0.106424	3.35106
415	0.0100807	0.0474198	0.240571	0	0.0103222	0.0963409	2.64342
416	0.0100807	0.0469004	0.235728	0	0.0103222	0.0914513	1.89112
417	0.0100807	0.0468359	0.240571	0.00149925	0.0100789	0.0818625	1.14365
418	0.0100224	0.0467732	0.240571	0.0029985	0.0103222	0.0695725	0.650715
419	0.0100224	0.0472966	0.265972	0.0029985	0.0100789	0.0532566	0.375914
420	0.0100224	0.046568	0.250608	0.0029985	0.0103222	0.0487406	0.286845
421	0.0100807	0.0465556	0.240571	0.0029985	0.0100789	0.0464459	0.265811
422	0.0100224	0.0454345	0.231927	0.0029985	0.0100789	0.0457405	0.265811
423	0.0104131	0.0438114	0.235728	0	0.0103222	0.0434005	0.265811
424	0.0100362	0.0425146	0.222077	0	0.0100789	0.0415943	0.246999
425	0.0100362	0.0424369	0.222077	0	0.0100789	0.038185	0.213323
426	0.0100713	0.0415278	0.222077	0	0.0100789	0.0347941	0.162685
427	0.0100169	0.0413374	0.219087	0	0.0102172	0.0324241	0.146389
428	0.0100169	0.0405049	0.214481	0	0.0101273	0.0317993	0.139915
429	0.0100169	0.0396036	0.195275	0	0.0102172	0.030407	0.130594
430	0.0100169	0.0393851	0.195275	0	0.0100789	0.0296656	0.116469
431	0.0100169	0.0386949	0.191825	0	0.0101273	0.0292949	0.107177
432	0.0100169	0.0388284	0.190441	0	0.0100789	0.0285618	0.0992873
433	0.0100362	0.037832	0.184183	0	0.0100998	0.0284362	0.0989115
434	0.0100169	0.0371494	0.170744	0	0.0100789	0.0280979	0.0969432
435	0.0100807	0.0366621	0.170744	0	0.0100998	0.0280698	0.0974234
436	0.0100169	0.0368009	0.1827	0	0.0100789	0.0285154	0.0988164
437	0.0100169	0.0358962	0.170019	0	0.0100998	0.0283409	0.0988164
438	0.0100362	0.0368143	0.184183	0.005997	0.0101273	0.0282183	0.0988164
439	0.0100362	0.0349124	0.165438	0	0.0101273	0.0283299	0.0988164
440	0.0100169	0.0346813	0.165438	0.00149925	0.0101273	0.0283692	0.0988164
441	0.0100169	0.0340339	0.157071	0.00149925	0.0101273	0.0282793	0.0988164
442	0.0100362	0.0339461	0.165438	0.00149925	0.0100998	0.0282256	0.0988164
443	0.0100169	0.0337547	0.146766	0.00149925	0.0101273	0.0279576	0.0988164
444	0.0100169	0.034002	0.152132	0.0029985	0.0101465	0.0277948	0.0988164
445	0.0100169	0.0334359	0.143004	0.00149925	0.0101465	0.0276787	0.0988164
446	0.0100169	0.0333255	0.143004	0.00149925	0.0101465	0.0275789	0.0988164
447	0.0100169	0.0334187	0.13944	0.00149925	0.0101273	0.0275123	0.0988164
448	0.0100362	0.0340474	0.145582	0	0.0100998	0.027572	0.0988164
449	0.0100362	0.034609	0.145582	0	0.0100789	0.0276165	0.0988164
450	0.0100807	0.0351674	0.158119	0	0.0100088	0.0279541	0.100779
451	0.0100362	0.0352687	0.170019	0	0.0100088	0.0283127	0.105769
452	0.0100807	0.0348592	0.175473	0	0.0100998	0.0282363	0.10721
453	0.0100562	0.0341424	0.158119	0	0.0100088	0.0284071	0.105769
454	0.0100562	0.0347882	0.170019	0	0.0100088	0.0283875	0.104113
455	0.0100362	0.034342	0.158119	0	0.0100088	0.0286005	0.104113
456	0.0100562	0.0354184	0.210358	0.00149925	0.0100088	0.0284958	0.104113
457	0.0100362	0.0361779	0.221322	0	0.0100088	0.0285322	0.104113
458	0.0100362	0.0363029	0.24427	0.00749625	0.0100088	0.0284696	0.104113
459	0.0100362	0.0345744	0.222077	0.00449775	0.0100088	0.028866	0.107177
460	0.0100362	0.0334739	0.199923	0.00449775	0.0100998	0.0292558	0.114781
461	0.0100562	0.0321794	0.170019	0.00149925	0.0100789	0.0295019	0.114781
462	0.0100362	0.031616	0.167126	0.00149925	0.0100789	0.0295155	0.114781
463	0.0100562	0.0308568	0.158119	0	0.0100789	0.0295043	0.114781
464	0.0100362	0.0307905	0.157071	0.00149925	0.0100789	0.0302265	0.121853
465	0.0100362	0.0308489	0.177346	0.00149925	0.0100998	0.0306881	0.129458
466	0.0100362	0.0310305	0.191825	0.0029985	0.0100998	0.0306687	0.129458
467	0.0100362	0.0312483	0.191825	0.0029985	0.0100998	0.0306434	0.129458
468	0.0100362	0.0306696	0.157071	0.0029985	0.0100789	0.03118	0.133157
469	0.0100362	0.0304039	0.177346	0.005997	0.0100789	0.0312383	0.134027
470	0.0100362	0.0299073	0.16158	0.00449775	0.0100789	0.0315934	0.139988
471	0.0100362	0.0292951	0.151927	0	0.0100789	0.0317426	0.139988
472	0.0100362	0.0292869	0.151927	0	0.0100789	0.0318515	0.139988
473	0.0100362	0.0292214	0.148541	0	0.0100401	0.0324175	0.14296
474	0.0100362	0.0294249	0.153928	0	0.0100789	0.0317873	0.139988
475	0.0100362	0.0302114	0.200071	0.00449775	0.0100401	0.0319332	0.139988
476	0.0100362	0.0300681	0.190824	0.00449775	0.0100789	0.03175	0.139988
477	0.0100362	0.030762	0.200071	0.005997	0.0100401	0.0323865	0.14296
478	0.0100362	0.0300693	0.157071	0.00449775	0.0102478	0.0326992	0.15271
479	0.0100362	0.0294209	0.157071	0	0.0101273	0.0330024	0.160598
480	0.0100362	0.0293964	0.148541	0	0.0101273	0.0333699	0.160598
481	0.0100592	0.0298561	0.165072	0	0.0101273	0.0339876	0.180603
482	0.0100362	0.0304028	0.167084	0	0.0101273	0.0367256	0.239266
483	0.0100362	0.0309236	0.182456	0.00149925	0.0103119	0.0381177	0.323181
484	0.0100362	0.0314165	0.231144	0.0029985	0.0103119	0.0388224	0.334363
485	0.0100362	0.0315535	0.217013	0	0.010433	0.039906	0.372998
486	0.0100362	0.031182	0.205888	0	0.0103119	0.0427594	0.468867
487	0.0100362	0.0320292	0.220299	0.00149925	0.0103119	0.0436304	0.468867
488	0.0101368	0.0333695	0.251506	0.00449775	0.0101273	0.0419022	0.375571
489	0.0100499	0.0342721	0.256276	0.005997	0.0101273	0.0409313	0.337474
490	0.0100362	0.0354319	0.278322	0.00749625	0.0101273	0.0423832	0.350132
491	0.0100499	0.0353205	0.278322	0.011994	0.0103119	0.0462574	0.416902
492	0.0100362	0.0378883	0.303982	0.017991	0.0103119	0.0514822	0.574467
493	0.0100499	0.0391951	0.32514	0.0194903	0.0103119	0.0512827	0.582454
494	0.0100362	0.0395117	0.32514	0.0194903	0.010369	0.0509566	0.743628
495	0.0100129	0.0404176	0.331509	0.0194903	0.0103119	0.0548233	1.10413
496	0.0100192	0.0402421	0.32514	0.0194903	0.0103119	0.0554537	1.0819
497	0.0100362	0.0399301	0.32514	0.0164918	0.0103119	0.0582848	1.15961
498	0.0100192	0.0406424	0.32514	0.011994	0.010433	0.0575678	1.15961
499	0.0100362	0.0412052	0.32514	0.011994	0.0104215	0.0567521	1.15961
500	0.0100362	0.0430323	0.32514	0.011994	0.0104215	0.0573991	1.11389
501	0.0100192	0.0440451	0.332193	0.0134933	0.0104215	0.0618959	1.50535
502	0.0100129	0.0443795	0.332193	0.0134933	0.0104215	0.0661713	1.86651
503	0.0100129	0.045061	0.351514	0.0209895	0.0104215	0.0805344	5.66988
504	0.0100192	0.0460644	0.415419	0.023988	0.0104215	0.104526	21.8256
505	0.0100129	0.0467262	0.426359	0.023988
