		omega		Posterior		rho				Synonymous theta			kappa			phi	
Site	Lower	Point	Higher	prob of +ve	Lower	Point	Higher		Lower	Point	Higher	Lower	Point	Higher	Lower	Point	Higher
	95% HPD	estimate	95% HPD	selection	95% HPD	estimate	95% HPD		95% HPD	estimate	95% HPD	95% HPD	estimate	95% HPD	95% HPD	estimate	95% HPD
0	0.0102627	0.0609887	1.30294	0.071964	0.0114009	1.71652	92.2959		0.026072	0.0326912	0.0414157	2.35776	3.8566	5.79073	0	0	0
1	0.0100574	0.0501551	0.636967	0.041979	0.0110649	0.985562	68.6039
2	0.0100901	0.0463899	0.370918	0.029985	0.010611	0.855966	56.8713
3	0.0102627	0.0433046	0.311838	0.023988	0.010611	0.592323	50.6392
4	0.0102627	0.0424103	0.311475	0.0209895	0.010611	0.418689	43.7036
5	0.0100574	0.0414805	0.266489	0.0209895	0.010611	0.317372	20.3624
6	0.0100574	0.0401263	0.200877	0.0134933	0.010611	0.281535	15.7963
7	0.0100574	0.0364783	0.165423	0.00149925	0.0100987	0.26591	15.7963
8	0.0101773	0.0354902	0.161518	0.00149925	0.0100987	0.271186	15.7963
9	0.0100574	0.0348532	0.152139	0	0.0100987	0.261006	15.7963
10	0.0100574	0.0349237	0.151861	0	0.0100987	0.253079	14.432
11	0.0100574	0.0350164	0.151861	0	0.0100987	0.257337	14.432
12	0.0101413	0.034346	0.151861	0	0.0101203	0.223481	11.6829
13	0.0101773	0.0342709	0.151861	0	0.0105641	0.211903	11.7682
14	0.0100901	0.0338443	0.147279	0	0.0105641	0.251063	11.7682
15	0.0101773	0.0333938	0.147279	0	0.0100987	0.393026	22.8102
16	0.0101773	0.0329274	0.146882	0	0.0105641	0.517205	38.6842
17	0.0100574	0.0331384	0.147279	0	0.0139671	0.572916	57.2895
18	0.0100574	0.0339402	0.151861	0	0.0123596	0.702256	57.2895
19	0.0100901	0.0345426	0.158565	0	0.0245911	0.887699	94.5452
20	0.0100901	0.0345703	0.158565	0	0.023538	1.06019	89.6159
21	0.0100574	0.0351287	0.161518	0	0.0243294	1.11624	94.5452
22	0.0100574	0.0359563	0.175221	0	0.0243294	1.11628	94.5452
23	0.0100574	0.0366061	0.179082	0	0.0245911	1.1767	94.5452
24	0.0100574	0.0379837	0.198245	0.00149925	0.023538	1.11855	94.5452
25	0.0101413	0.0383246	0.200877	0.00149925	0.0166053	0.9615	99.8695
26	0.0100574	0.039615	0.200877	0.00449775	0.0133604	0.894676	94.5452
27	0.0100574	0.0400782	0.229614	0.00449775	0.0125762	0.847744	89.6159
28	0.0100901	0.0392604	0.200877	0	0.0125762	0.81398	93.9065
29	0.0101413	0.0390973	0.200877	0	0.0125762	0.779321	92.5649
30	0.0101413	0.0386112	0.200877	0	0.0137569	0.757082	99.8695
31	0.0100574	0.0387738	0.198627	0.00449775	0.0125762	0.86529	89.4489
32	0.0100574	0.0374741	0.179082	0.00149925	0.0168859	1.08502	99.8695
33	0.0100901	0.0364946	0.175221	0	0.016691	1.41651	94.5452
34	0.0100574	0.0373138	0.185203	0	0.0180699	1.5125	99.8695
35	0.0101413	0.0370819	0.188625	0.00149925	0.0193327	1.3353	99.8695
36	0.0100574	0.0369233	0.185203	0	0.016691	1.02862	99.8695
37	0.0100574	0.0370191	0.17683	0	0.016691	0.875428	99.8695
38	0.0100901	0.0377167	0.188625	0	0.0145869	0.71794	94.5452
39	0.0100901	0.0382732	0.193356	0	0.0145869	0.670775	94.5452
40	0.0100901	0.0385606	0.193356	0.0029985	0.0145869	0.585391	94.5452
41	0.0101773	0.039102	0.198245	0.005997	0.0144072	0.572478	94.5452
42	0.0100574	0.038726	0.193356	0.00449775	0.0144072	0.582843	94.5452
43	0.0100574	0.0381034	0.188625	0	0.0144072	0.584263	94.5452
44	0.0100901	0.0378713	0.193356	0	0.0145869	0.59479	94.5452
45	0.0100574	0.0367816	0.179945	0	0.0158601	0.588539	99.8695
46	0.0100901	0.0368422	0.180406	0	0.0158601	0.598222	99.8695
47	0.0100574	0.0362384	0.168374	0	0.0145869	0.568533	94.5452
48	0.0101773	0.036801	0.173682	0	0.0145869	0.572422	94.5452
49	0.0100901	0.037026	0.173682	0	0.0145869	0.469169	99.8695
50	0.0100901	0.0370296	0.180406	0	0.0104196	0.418179	74.1589
51	0.0100562	0.0369956	0.179945	0	0.0100912	0.318888	56.0485
52	0.0100562	0.036705	0.173682	0	0.0100533	0.264907	39.4778
53	0.0100562	0.036225	0.173682	0	0.0100533	0.221972	14.6653
54	0.0100562	0.0365868	0.179014	0.0029985	0.0100295	0.158832	4.05797
55	0.0100562	0.0367649	0.179945	0.0029985	0.0100295	0.165536	4.544
56	0.0100562	0.0349524	0.179014	0.00149925	0.0100295	0.192306	6.85028
57	0.0100562	0.0344193	0.173682	0	0.0100295	0.221338	18.7305
58	0.0100562	0.034852	0.173682	0	0.0100515	0.230544	28.2251
59	0.0100574	0.0343794	0.173682	0	0.0100515	0.203951	33.9096
60	0.0100574	0.0343632	0.173682	0	0.0100515	0.192856	33.9096
61	0.0100562	0.0338007	0.16618	0	0.0100515	0.181237	33.9096
62	0.0100562	0.0333315	0.163122	0	0.0100515	0.167148	33.9096
63	0.0100562	0.0330449	0.16618	0	0.0100515	0.160931	33.9096
64	0.0100562	0.032652	0.163122	0	0.0100515	0.156197	33.9096
65	0.0100562	0.0326689	0.16618	0.00149925	0.0100515	0.154909	33.9096
66	0.0100562	0.0326141	0.16618	0.0029985	0.0100515	0.144517	33.9096
67	0.0100562	0.0322944	0.16618	0.00449775	0.0100884	0.13951	33.9096
68	0.0100562	0.0321457	0.163122	0.005997	0.0100515	0.142804	39.0569
69	0.0100562	0.0316431	0.160942	0.005997	0.0100515	0.14321	39.0569
70	0.0100562	0.0309306	0.145098	0	0.0100515	0.143594	39.0569
71	0.0100562	0.0311098	0.151939	0	0.0100515	0.141795	39.0569
72	0.0100562	0.0308545	0.160942	0	0.0100515	0.139712	39.0569
73	0.0100562	0.0308538	0.151939	0	0.0100515	0.14075	39.0569
74	0.0100562	0.0314231	0.161911	0.00149925	0.0100515	0.134852	39.0569
75	0.0100562	0.0322909	0.163122	0.00149925	0.0100515	0.120901	39.0569
76	0.0100562	0.0317633	0.161198	0.0029985	0.0100515	0.118721	39.0569
77	0.0100095	0.0318952	0.151939	0.00149925	0.0100515	0.121425	29.6196
78	0.0100095	0.0312912	0.143262	0	0.0100515	0.121639	29.6196
79	0.0100562	0.0313872	0.156952	0	0.0100515	0.106588	18.3631
80	0.0100095	0.0307547	0.150882	0	0.0100515	0.111123	18.7305
81	0.0100095	0.0300661	0.134546	0	0.0100884	0.121108	18.7305
82	0.0100562	0.0293483	0.13296	0	0.0100515	0.143563	22.7688
83	0.0100562	0.0287389	0.124343	0	0.0100884	0.167758	30.0494
84	0.0100095	0.0287019	0.124343	0	0.0100515	0.18953	31.7861
85	0.0100095	0.0286135	0.124343	0	0.0100884	0.229452	40.7691
86	0.0100095	0.0290321	0.142063	0	0.0100515	0.34108	45.1053
87	0.0100095	0.0289353	0.142063	0	0.0100912	0.451825	52.8514
88	0.0100095	0.0291932	0.150882	0	0.0100912	0.463649	54.6012
89	0.0100095	0.0284742	0.134546	0	0.0100884	0.486601	62.0883
90	0.0100095	0.0282128	0.124343	0	0.0100912	0.531291	63.8611
91	0.0100562	0.0279972	0.124343	0	0.0102647	0.497569	63.8611
92	0.0100095	0.0267967	0.101604	0	0.0102647	0.530035	63.8611
93	0.0100095	0.0267726	0.100779	0	0.0100884	0.490551	53.377
94	0.0100562	0.0268072	0.100779	0	0.0100515	0.559616	54.2711
95	0.0100562	0.0268883	0.100779	0	0.0100884	0.664965	56.6291
96	0.0100574	0.0278012	0.111252	0	0.0100515	0.613802	53.377
97	0.0100095	0.0278288	0.106082	0	0.0100912	0.559112	50.9535
98	0.0100574	0.0281403	0.111252	0.00149925	0.0100884	0.445808	41.6263
99	0.0100095	0.0281416	0.106082	0.0029985	0.0100515	0.361683	36.7972
100	0.0100095	0.0278543	0.101604	0.0029985	0.0100515	0.273387	32.3531
101	0.0100095	0.0276093	0.101568	0.00449775	0.0100884	0.228697	30.3214
102	0.0100095	0.0274709	0.100779	0.00449775	0.0100884	0.184599	30.0134
103	0.0100574	0.0273829	0.100779	0.00449775	0.0100515	0.206426	30.3214
104	0.0100095	0.0270501	0.0991619	0.0029985	0.0100515	0.260486	41.6263
105	0.0100095	0.0270524	0.0970954	0.0029985	0.0100515	0.284385	42.0237
106	0.0100095	0.0264495	0.0895314	0	0.0100515	0.291407	42.0237
107	0.0100095	0.0273055	0.0970954	0.0029985	0.0100515	0.293518	42.0237
108	0.0100095	0.026639	0.0905188	0	0.0100515	0.296291	42.0237
109	0.0100095	0.0260909	0.0888101	0	0.0100515	0.287476	41.6263
110	0.0100574	0.0260053	0.0888101	0	0.0100515	0.283496	37.6787
111	0.0100574	0.0263823	0.0905188	0	0.0100884	0.287572	41.6263
112	0.0100574	0.0262705	0.0888101	0	0.0100884	0.286284	41.6263
113	0.0100574	0.0263093	0.0888101	0	0.0100884	0.300082	43.3395
114	0.0100574	0.0262452	0.0888101	0	0.0100912	0.31556	58.2398
115	0.0100574	0.0265433	0.0898638	0	0.0100912	0.316341	58.2398
116	0.0100574	0.0264904	0.0895314	0	0.0100884	0.30875	58.2398
117	0.0100574	0.0263043	0.0895314	0	0.0100515	0.278718	43.3395
118	0.0100677	0.026175	0.0888101	0	0.0100515	0.301399	41.6263
119	0.0100574	0.025639	0.0871282	0	0.0100515	0.373364	41.6263
120	0.0100574	0.0257135	0.0878542	0	0.0100912	0.332505	37.9787
121	0.0100574	0.0250859	0.0801136	0	0.0100912	0.312572	31.6883
122	0.0100574	0.0253836	0.0872123	0	0.010049	0.262567	30.5008
123	0.0100574	0.0255551	0.0878542	0.0029985	0.010049	0.192977	28.0922
124	0.0100574	0.0256406	0.0884381	0	0.010049	0.156262	24.3548
125	0.0100574	0.0257254	0.0884381	0	0.010049	0.102231	7.62422
126	0.0100677	0.0253105	0.0872123	0	0.010049	0.104711	6.05637
127	0.0100574	0.025693	0.0872123	0	0.010049	0.0850421	4.53052
128	0.0100574	0.0258358	0.0884381	0	0.010049	0.0792069	4.60032
129	0.0100419	0.0256354	0.0872123	0	0.010049	0.0715078	2.88525
130	0.0100419	0.0255338	0.0871282	0	0.010049	0.0726857	7.18478
131	0.0100419	0.0254224	0.0805801	0	0.010049	0.0784308	33.0526
132	0.0100419	0.0256516	0.0805801	0.00149925	0.010049	0.0794664	33.0526
133	0.0100419	0.0254978	0.08038	0	0.010049	0.0824829	33.0526
134	0.0100215	0.0254857	0.0805801	0	0.010049	0.0837467	20.3356
135	0.0100215	0.0254055	0.0813394	0	0.010049	0.0874273	17.3579
136	0.0100215	0.0257387	0.0901632	0	0.010049	0.0987468	24.2527
137	0.0100215	0.025456	0.0845932	0	0.010049	0.12442	34.8314
138	0.0100215	0.025752	0.0895314	0	0.0100884	0.158921	40.746
139	0.0100215	0.0260831	0.0991619	0	0.0102891	0.1769	47.2776
140	0.0100215	0.0261713	0.0991619	0	0.0101581	0.179773	47.2776
141	0.0100215	0.0262294	0.0991619	0	0.0100912	0.182619	47.2776
142	0.0100215	0.0269487	0.106448	0.00449775	0.0100814	0.172249	46.343
143	0.0100215	0.02761	0.112151	0.0104948	0.0101581	0.16914	47.2776
144	0.0100215	0.0269975	0.106448	0.00749625	0.0101581	0.17152	47.2776
145	0.0100215	0.0269334	0.106448	0.005997	0.0100912	0.178688	47.2776
146	0.0100199	0.0265209	0.0997419	0.0029985	0.0100912	0.178725	47.2776
147	0.0100199	0.0263508	0.0997419	0	0.0100912	0.175631	47.2776
148	0.0100199	0.0269317	0.106448	0	0.0100912	0.174824	47.2776
149	0.0100199	0.0270901	0.112151	0	0.0100515	0.172994	39.7026
150	0.0100199	0.0273857	0.112554	0	0.0100515	0.159747	38.7004
151	0.0100199	0.0273413	0.10689	0	0.0100515	0.135349	31.1658
152	0.0100199	0.0274928	0.106448	0.00149925	0.0100814	0.133589	31.3008
153	0.0100199	0.027989	0.10689	0	0.0100515	0.124365	29.8801
154	0.0100199	0.0286074	0.123101	0	0.0100515	0.131263	31.3008
155	0.0100199	0.0288545	0.123101	0	0.0100814	0.157454	31.3008
156	0.0100199	0.0287698	0.129469	0	0.0100814	0.167103	30.2248
157	0.0100574	0.0294029	0.129469	0	0.0100814	0.170172	26.6635
158	0.0100677	0.0309262	0.162004	0	0.0100515	0.172911	25.5177
159	0.0100677	0.0324179	0.194394	0.00449775	0.0100814	0.173947	26.6635
160	0.0100103	0.0314818	0.1802	0	0.0100515	0.179034	36.5593
161	0.0100574	0.0319614	0.194394	0	0.0100515	0.161254	26.6635
162	0.0100103	0.0328074	0.245352	0	0.0100515	0.160157	31.8075
163	0.0100574	0.0323494	0.194394	0	0.0100515	0.168072	50.7081
164	0.0100103	0.0318465	0.1802	0	0.0100515	0.171783	58.95
165	0.0100103	0.032207	0.194394	0	0.0100515	0.183694	61.4236
166	0.0100103	0.0328389	0.249262	0.0029985	0.0100515	0.193623	64.4127
167	0.0100574	0.0325423	0.194394	0	0.0100515	0.198535	64.4127
168	0.0100574	0.0315187	0.162004	0	0.0100515	0.199627	64.4127
169	0.0100103	0.0303906	0.136934	0	0.0100515	0.167065	64.4127
170	0.0100677	0.0296057	0.109202	0	0.0100814	0.160574	64.4127
171	0.0100103	0.0300332	0.109202	0	0.0100814	0.162298	64.4127
172	0.0100574	0.029938	0.109202	0	0.0100814	0.165997	64.4127
173	0.0100103	0.0299345	0.109202	0	0.0100814	0.187512	64.4127
174	0.0100071	0.0299615	0.109202	0	0.0100814	0.192082	64.4127
175	0.0100071	0.0297913	0.109202	0	0.0100814	0.187023	61.4236
176	0.0100071	0.0299228	0.109202	0	0.0100814	0.179983	56.7287
177	0.0100071	0.0293064	0.100204	0	0.0100884	0.162782	27.3423
178	0.0100071	0.0285695	0.0984735	0	0.0100814	0.144681	25.5177
179	0.0100071	0.028078	0.0921422	0	0.0100884	0.134806	23.2622
180	0.0100071	0.0282098	0.0920611	0	0.0100515	0.123868	19.1148
181	0.0100071	0.0283437	0.0921422	0	0.0100515	0.10973	17.8941
182	0.0100071	0.0281608	0.0920611	0	0.0100675	0.107389	13.7163
183	0.0100677	0.0280899	0.0921708	0	0.0100675	0.103687	12.0662
184	0.0100071	0.0281027	0.0920611	0	0.0100515	0.0990964	10.7886
185	0.0100071	0.0286821	0.0951274	0.0029985	0.0100675	0.0946097	9.06565
186	0.0100071	0.0304918	0.100204	0.011994	0.0100675	0.0812398	7.12231
187	0.0100071	0.0292154	0.0987479	0.00149925	0.0100675	0.0665894	5.63528
188	0.0100071	0.0306675	0.109202	0.00149925	0.0100515	0.0630388	4.25329
189	0.0100071	0.0309269	0.123101	0	0.0100515	0.0551887	1.20862
190	0.0100071	0.0289371	0.100204	0	0.0100675	0.0558408	1.20862
191	0.0100071	0.0296363	0.109202	0	0.0100515	0.0554057	1.10173
192	0.0100071	0.0296503	0.122842	0	0.0100675	0.0522358	1.09057
193	0.0100071	0.02973	0.118118	0	0.0100675	0.0516039	1.09057
194	0.0100071	0.0299952	0.122842	0	0.0100675	0.0513805	1.02392
195	0.0100071	0.0300432	0.118118	0	0.0100675	0.0503715	1.02392
196	0.0100071	0.0295213	0.108541	0	0.0100675	0.0455372	0.830663
197	0.0100071	0.0297765	0.106025	0	0.0100515	0.0441941	0.773233
198	0.0100071	0.029764	0.100204	0.00149925	0.0100515	0.0425164	0.665718
199	0.0100071	0.0297076	0.100204	0.00149925	0.0100675	0.0411951	0.594934
200	0.0100677	0.0296151	0.100698	0.00149925	0.0100515	0.0410978	0.5224
201	0.0100071	0.0303374	0.111945	0.00149925	0.0100515	0.0409304	0.486403
202	0.0100071	0.030919	0.118118	0.00149925	0.0100675	0.0416411	0.5224
203	0.0100677	0.0322248	0.130828	0.0029985	0.0100814	0.0427662	0.594934
204	0.0100071	0.0311091	0.106025	0	0.0100814	0.0430595	0.594934
205	0.0100677	0.0304969	0.100698	0	0.0100814	0.0435333	0.594934
206	0.0100071	0.0300945	0.0966194	0	0.0100814	0.0432119	0.594934
207	0.0100071	0.0301583	0.0966194	0	0.0100814	0.0461419	0.665718
208	0.0100677	0.030061	0.100698	0	0.0100814	0.0482324	0.830663
209	0.0100071	0.0303197	0.100698	0	0.0100515	0.0509643	1.02392
210	0.0100071	0.0300292	0.0984735	0	0.0100515	0.0525907	1.69662
211	0.0100071	0.0299248	0.100698	0.00149925	0.0100515	0.0504029	1.19427
212	0.0100071	0.0300051	0.100698	0.00149925	0.0100515	0.0497982	1.43326
213	0.0100071	0.0303657	0.112316	0.00149925	0.0100515	0.0519175	2.11155
214	0.0100071	0.0301721	0.112049	0	0.0100566	0.0510937	3.78256
215	0.0100071	0.0298326	0.112511	0.00149925	0.0100515	0.047107	3.38356
216	0.0100071	0.0301363	0.12147	0.00149925	0.0100515	0.0451205	1.11897
217	0.0100987	0.0308533	0.130828	0.0029985	0.0100566	0.0436629	0.582173
218	0.0100565	0.0316426	0.130828	0.0029985	0.0100566	0.0422495	0.564352
219	0.0100071	0.033758	0.146773	0.00449775	0.0100566	0.0422629	0.491971
220	0.0100565	0.0354586	0.164928	0.00449775	0.0100515	0.0427166	0.508687
221	0.0100565	0.0365831	0.169447	0.00449775	0.0100814	0.0424536	0.771014
222	0.0100677	0.0374021	0.207239	0.00449775	0.0100515	0.0412121	0.508687
223	0.0100565	0.0372464	0.195283	0.0029985	0.0100515	0.0406909	0.491971
224	0.0100565	0.0366123	0.16698	0	0.010067	0.0381691	0.421768
225	0.0100565	0.0372217	0.184272	0	0.0100515	0.0352816	0.254354
226	0.0100677	0.0355895	0.16321	0	0.0100515	0.0344047	0.244244
227	0.0100565	0.0361122	0.16698	0	0.0100515	0.0341374	0.234197
228	0.0100565	0.0365247	0.184272	0	0.0100515	0.0340939	0.221839
229	0.0100677	0.037277	0.207239	0	0.0100566	0.0334826	0.211426
230	0.0100565	0.0375943	0.207239	0	0.0100566	0.0329938	0.206753
231	0.0100677	0.0382308	0.235831	0.00149925	0.0100515	0.0327605	0.205692
232	0.0100677	0.037976	0.207239	0.00149925	0.0100515	0.0332327	0.206753
233	0.0100677	0.0373154	0.184272	0.00149925	0.0100515	0.0337573	0.210788
234	0.0102015	0.0359649	0.164928	0.00149925	0.0100515	0.0334987	0.206753
235	0.0100677	0.035769	0.151397	0	0.0100515	0.033114	0.206753
236	0.0100677	0.0354824	0.151397	0	0.0100515	0.0323179	0.204182
237	0.0100677	0.0354169	0.151397	0	0.0100515	0.0323719	0.204182
238	0.0102015	0.0361131	0.16321	0	0.0100306	0.0321462	0.204182
239	0.0102015	0.0365646	0.164928	0	0.0100306	0.0319572	0.179013
240	0.0100622	0.0362313	0.16657	0	0.0100306	0.0329667	0.171322
241	0.0100622	0.0366249	0.169509	0	0.0100306	0.0333024	0.171322
242	0.0101285	0.0374949	0.203797	0.00149925	0.0100306	0.0327093	0.136466
243	0.0100622	0.037786	0.202695	0.00149925	0.0100306	0.0328495	0.136466
244	0.0100622	0.0384457	0.214197	0.00149925	0.0100515	0.032819	0.136255
245	0.0100622	0.0388334	0.241583	0.00149925	0.0100306	0.0327086	0.13069
246	0.0100622	0.0398821	0.267839	0.00149925	0.0100566	0.0331653	0.139782
247	0.0100622	0.0394529	0.241583	0.00149925	0.0100306	0.0339824	0.139782
248	0.0100622	0.038773	0.203797	0.00149925	0.0100306	0.0343638	0.139782
249	0.0100622	0.0381124	0.195283	0.00149925	0.0100306	0.0346377	0.139782
250	0.0100622	0.0373478	0.193346	0	0.0100306	0.0350775	0.142761
251	0.0100622	0.0375473	0.193346	0	0.0100306	0.0363314	0.158384
252	0.0100622	0.038154	0.195283	0	0.0100306	0.0366288	0.166482
253	0.0100622	0.0384225	0.195283	0	0.010067	0.0362098	0.158384
254	0.0100622	0.0382905	0.195283	0	0.0100306	0.0364204	0.15174
255	0.0100622	0.0373737	0.195283	0	0.0100306	0.0392629	0.184445
256	0.0100622	0.0377738	0.203797	0	0.0100306	0.0408176	0.19074
257	0.0100622	0.0382321	0.241583	0	0.0100814	0.0474628	0.283991
258	0.0100622	0.037003	0.195283	0	0.0100306	0.0479844	0.283991
259	0.0100622	0.0360023	0.187076	0	0.0100306	0.0505675	1.56748
260	0.0100622	0.0363748	0.187076	0	0.0100306	0.0536921	1.56748
261	0.0100622	0.036025	0.184272	0	0.0100306	0.0563643	1.56748
262	0.0100622	0.0357362	0.187076	0	0.0100306	0.0594578	1.56748
263	0.0100622	0.0360552	0.193346	0	0.0100306	0.0630027	1.56748
264	0.0100622	0.037173	0.195283	0.00449775	0.0100515	0.0713715	4.16104
265	0.0100622	0.037944	0.216114	0.00749625	0.0100306	0.0718911	1.56748
266	0.0100622	0.0386639	0.219719	0.0134933	0.0100306	0.0632029	0.542618
267	0.0100622	0.0365869	0.19556	0.005997	0.0101819	0.0654789	0.649851
268	0.0100622	0.0360527	0.19389	0	0.0101819	0.0630141	0.525652
269	0.0100622	0.0357685	0.195283	0	0.0100306	0.063664	0.467049
270	0.0100622	0.0349599	0.193346	0	0.0100306	0.0665624	0.467049
271	0.0100622	0.0358021	0.19556	0.0029985	0.0100306	0.0730418	0.616532
272	0.0100622	0.0353379	0.202973	0	0.0100306	0.0771076	0.775466
273	0.0100622	0.0353086	0.195283	0.0029985	0.0100306	0.0816125	0.842268
274	0.0100622	0.0345374	0.191429	0.0029985	0.0100306	0.111737	1.96184
275	0.0100622	0.0325284	0.168087	0	0.0100306	0.124558	2.66031
276	0.0100622	0.0336848	0.195283	0.0029985	0.0100515	0.141745	2.95539
277	0.0100622	0.03468	0.200564	0.011994	0.010242	0.178027	6.54679
278	0.0100622	0.0356899	0.216269	0.0134933	0.0104324	0.202311	6.54679
279	0.0100622	0.034657	0.200564	0.0089955	0.0104324	0.213476	6.54679
280	0.0100622	0.0336098	0.184272	0	0.0114695	0.230557	7.89444
281	0.0100622	0.0329481	0.168087	0	0.0104324	0.241048	7.89444
282	0.0100622	0.0331225	0.184116	0	0.0104324	0.2493	9.26694
283	0.0100622	0.033158	0.184272	0.00149925	0.0104324	0.25221	9.96703
284	0.0100622	0.0326926	0.183357	0.00149925	0.0104324	0.274397	14.5231
285	0.0100622	0.0332229	0.184272	0	0.0142543	0.438642	40.8933
286	0.0100622	0.0328451	0.184116	0	0.0104324	0.537629	41.1525
287	0.0100622	0.0329167	0.184272	0	0.0104324	0.633582	41.2775
288	0.0100622	0.0320368	0.184272	0	0.0101724	0.624032	42.0883
289	0.0100174	0.0311623	0.184272	0	0.0168777	0.649306	80.6871
290	0.0100174	0.0311992	0.188147	0	0.0168777	0.625389	80.6871
291	0.0100174	0.0313733	0.192114	0	0.0168723	0.638816	85.0478
292	0.0100174	0.0321718	0.195283	0.00149925	0.0124212	0.676641	57.8256
293	0.0100622	0.0324454	0.200564	0.0029985	0.0124212	0.633237	57.8256
294	0.0100174	0.0323676	0.200002	0.0029985	0.012678	0.618083	57.1369
295	0.0100174	0.0323395	0.200002	0.00449775	0.019574	0.692906	86.7644
296	0.0100622	0.0321291	0.200564	0.0029985	0.019574	0.881686	86.7644
297	0.0100174	0.0318501	0.200002	0	0.0212234	1.16522	93.0036
298	0.0100174	0.031838	0.200002	0	0.0225285	1.47357	93.0036
299	0.0100174	0.0319063	0.200002	0	0.0211442	1.46135	99.8069
300	0.0100174	0.0317499	0.200002	0	0.0308029	1.78969	99.8069
301	0.0100174	0.0319676	0.200002	0	0.0308029	2.11778	94.8261
302	0.0100174	0.0312989	0.195283	0	0.0333001	2.26291	99.8069
303	0.0100174	0.0314638	0.195283	0	0.0524056	2.85841	99.8069
304	0.0100174	0.0321531	0.195283	0	0.0525785	3.30918	99.8069
305	0.0100174	0.0323826	0.200002	0	0.0399983	3.54849	99.8069
306	0.0100174	0.0332587	0.200002	0	0.0399983	3.56404	99.8069
307	0.0100174	0.0331219	0.200002	0	0.0181499	2.63555	98.9666
308	0.0100174	0.0328742	0.195283	0.00149925	0.0143452	2.55715	99.8069
309	0.0100174	0.0328839	0.195283	0	0.0123921	2.38622	91.4064
310	0.0100174	0.0335012	0.208235	0.00149925	0.0123921	2.18549	91.4064
311	0.0100174	0.0337098	0.229332	0	0.0117515	1.6426	83.7887
312	0.0100174	0.0333449	0.228534	0	0.010633	0.913652	67.1222
313	0.0100174	0.0327824	0.228534	0	0.0108245	0.819533	67.1222
314	0.0100174	0.0320359	0.228534	0	0.0108245	0.513689	52.5347
315	0.0100174	0.0335918	0.364473	0.0104948	0.0101309	0.396255	46.9243
316	0.0100174	0.0324832	0.242535	0.011994	0.0101309	0.264725	37.0548
317	0.0100174	0.0327579	0.242535	0.0134933	0.0101309	0.218613	30.0155
318	0.0100174	0.0307674	0.19024	0.00149925	0.0101309	0.218713	30.1875
319	0.0100174	0.0302913	0.176457	0	0.0101309	0.235735	30.1875
320	0.0100174	0.0297854	0.168072	0	0.010633	0.289451	27.7658
321	0.0100174	0.0297274	0.168072	0	0.0110284	0.402661	27.7658
322	0.0100174	0.0301994	0.168072	0	0.0114425	0.444528	33.5991
323	0.0100174	0.0301857	0.151055	0	0.0123292	0.439022	39.3609
324	0.0100622	0.0304252	0.168072	0	0.0123292	0.630176	56.7334
325	0.0100174	0.0316913	0.170982	0	0.0185771	0.758396	85.0865
326	0.0100622	0.0308769	0.168072	0	0.0200274	1.03344	85.0865
327	0.0100622	0.0301697	0.168072	0	0.0207616	1.15853	85.0865
328	0.0100174	0.030275	0.168072	0	0.0207616	1.21028	85.0865
329	0.0100174	0.0303952	0.168072	0	0.0210839	1.12384	85.0865
330	0.0100174	0.0309782	0.17605	0	0.022036	1.04876	93.3025
331	0.0100174	0.0316354	0.183343	0	0.0200274	1.0203	85.0865
332	0.0100174	0.031407	0.17605	0	0.0212463	0.96667	93.3025
333	0.0100174	0.0313091	0.170982	0	0.0210839	0.960113	93.3025
334	0.0100174	0.0314438	0.168072	0	0.0185771	0.900135	93.3025
335	0.0100174	0.0327645	0.170982	0.00749625	0.0155196	0.858302	85.0865
336	0.0100174	0.0332671	0.183343	0.00749625	0.0165917	0.743437	93.3025
337	0.0100174	0.0320868	0.188147	0.00149925	0.0111274	0.628896	65.7739
338	0.0100174	0.0324093	0.188147	0.00149925	0.0110684	0.509878	56.7334
339	0.0100174	0.0323924	0.18992	0.00149925	0.0110684	0.411912	48.5778
340	0.0100174	0.0319755	0.18992	0.00149925	0.0110684	0.426693	49.2251
341	0.0100174	0.0325861	0.19037	0.00149925	0.0110684	0.419669	56.7334
342	0.0100174	0.0323439	0.193659	0	0.011095	0.356816	48.5778
343	0.0100174	0.0324344	0.193659	0	0.011095	0.309141	48.5778
344	0.0100174	0.0321232	0.19037	0	0.011095	0.317778	45.7723
345	0.0100174	0.0319467	0.19037	0	0.011095	0.296819	45.7723
346	0.0100174	0.0322498	0.193659	0.005997	0.0114757	0.290601	45.7723
347	0.0100174	0.0311813	0.188147	0.00149925	0.0111852	0.282011	37.1451
348	0.0100174	0.0295509	0.156796	0	0.0112148	0.21085	12.6603
349	0.0100622	0.0293159	0.145154	0	0.0112148	0.179775	9.17681
350	0.0100622	0.0287074	0.124482	0	0.011595	0.176601	9.17681
351	0.0100622	0.0285049	0.114246	0	0.0112148	0.181492	9.51547
352	0.0100622	0.0295591	0.130484	0.0029985	0.012618	0.189653	11.6572
353	0.0100622	0.0300575	0.14779	0.0029985	0.012618	0.182312	11.6572
354	0.0100622	0.0303055	0.14779	0.005997	0.0125848	0.14981	11.6572
355	0.0100622	0.0301809	0.147568	0.005997	0.0118946	0.133422	11.3233
356	0.0100622	0.0302202	0.155154	0.005997	0.0125848	0.120841	11.6572
357	0.0100622	0.0294166	0.131012	0	0.011595	0.112486	9.09207
358	0.0100622	0.0288961	0.13318	0	0.0119576	0.10323	9.09207
359	0.0100622	0.0304593	0.168072	0	0.0120991	0.0978843	9.09207
360	0.01006	0.0305923	0.170982	0	0.0112897	0.0856317	3.44131
361	0.01006	0.0301499	0.165936	0	0.0112897	0.0801083	3.44131
362	0.0100622	0.0301781	0.168072	0	0.0118946	0.0767518	3.89028
363	0.01006	0.0308723	0.168072	0	0.0118946	0.0737249	3.89028
364	0.01006	0.0302316	0.168072	0	0.0111703	0.0696566	3.02733
365	0.01006	0.0303379	0.17129	0	0.0106995	0.0607579	1.7553
366	0.01006	0.0301152	0.170982	0	0.0106995	0.0560651	0.886281
367	0.0100622	0.029819	0.170982	0	0.0102836	0.0511217	0.398682
368	0.0101285	0.0295816	0.17129	0	0.0102836	0.0498855	0.438197
369	0.0102503	0.029365	0.17129	0	0.0102836	0.0502109	0.519722
370	0.0101652	0.0300418	0.175388	0.00449775	0.0102836	0.051797	0.72081
371	0.0101652	0.0320297	0.2019	0.011994	0.0102836	0.0503909	0.398682
372	0.0102835	0.0324592	0.230671	0.011994	0.0106995	0.0485711	0.348224
373	0.01006	0.0310016	0.175388	0.00149925	0.0106995	0.0444507	0.229186
374	0.01006	0.0312145	0.177305	0	0.0106995	0.0431813	0.212977
375	0.0102678	0.0304741	0.17129	0	0.0102836	0.0401371	0.179807
376	0.0102678	0.0302354	0.17129	0	0.0106995	0.0379446	0.16558
377	0.0100163	0.0304655	0.165936	0	0.0102836	0.0378469	0.165257
378	0.0100163	0.0304898	0.165936	0	0.0102836	0.0381395	0.16558
379	0.0102678	0.0307312	0.17129	0	0.0102836	0.0381531	0.16558
380	0.0100163	0.0312099	0.169233	0	0.0102836	0.0387309	0.16558
381	0.01006	0.030891	0.140815	0	0.0101183	0.0377275	0.160816
382	0.0100163	0.0300659	0.127021	0	0.0101183	0.0380816	0.15594
383	0.0100163	0.0298824	0.127021	0	0.0101183	0.038129	0.15594
384	0.0100163	0.0295475	0.113842	0	0.0101183	0.0390129	0.161481
385	0.0100163	0.0295721	0.113842	0	0.0102836	0.0390313	0.16558
386	0.0100163	0.0300179	0.128828	0.00149925	0.0102836	0.0391146	0.16558
387	0.0102678	0.0304423	0.140815	0.00149925	0.0106995	0.0390678	0.16558
388	0.01006	0.0308314	0.140815	0.0029985	0.0101183	0.0389438	0.157585
389	0.01006	0.0312831	0.140815	0.0029985	0.0101183	0.0390833	0.157585
390	0.0100163	0.0316759	0.13715	0.0029985	0.0101183	0.0389897	0.141427
391	0.0102678	0.0321877	0.140815	0.00449775	0.0101183	0.0391372	0.142298
392	0.0102835	0.0320598	0.140815	0.00449775	0.0101183	0.0393861	0.151832
393	0.0104207	0.0313796	0.140815	0.0029985	0.0101183	0.0394651	0.151832
394	0.0103839	0.031275	0.140815	0	0.0101183	0.0392589	0.151832
395	0.0104341	0.031433	0.140815	0	0.0101183	0.0394903	0.151832
396	0.0100909	0.0311323	0.133812	0	0.0109762	0.0417008	0.173832
397	0.0102678	0.030902	0.130992	0	0.0110279	0.0422788	0.174702
398	0.0102678	0.0307163	0.128828	0	0.0102836	0.0420625	0.16558
399	0.0100057	0.0304731	0.122343	0	0.0101183	0.0432255	0.170275
400	0.0102835	0.0302973	0.128521	0	0.0101183	0.045233	0.179807
401	0.0102835	0.0306757	0.128521	0	0.0102836	0.0469237	0.215108
402	0.0102678	0.031219	0.128828	0	0.0104205	0.048774	0.219118
403	0.0100057	0.031102	0.12056	0	0.0101183	0.0499055	0.219118
404	0.0100057	0.0314953	0.128828	0	0.0101183	0.0492972	0.219118
405	0.0102678	0.0321148	0.141925	0.00149925	0.0106995	0.0489974	0.219118
406	0.0100909	0.0317738	0.128828	0.00149925	0.0106995	0.0557879	0.51187
407	0.0100909	0.0320455	0.128828	0.00149925	0.0101183	0.0641199	0.765072
408	0.0102678	0.0316145	0.128521	0	0.0101183	0.0676321	0.951216
409	0.0100909	0.0312425	0.123271	0	0.0106995	0.0882231	2.54431
410	0.0102678	0.030589	0.123271	0	0.0104205	0.137384	21.7784
411	0.0100189	0.0297553	0.114438	0	0.0104601	0.129441	17.5964
412	0.0102678	0.029877	0.122498	0	0.0104205	0.125989	13.5948
413	0.0100909	0.0301649	0.123271	0	0.0106995	0.129969	11.372
414	0.0102678	0.0302195	0.128326	0	0.0104601	0.125597	4.04779
415	0.0100909	0.0302728	0.123271	0	0.0104601	0.120595	2.54431
416	0.0102678	0.0302876	0.123271	0	0.0104601	0.100359	1.31269
417	0.0100189	0.0295992	0.116588	0	0.0104601	0.0950537	1.2778
418	0.0100189	0.0296493	0.116588	0	0.0104601	0.0873732	1.06497
419	0.0100189	0.0298344	0.116588	0	0.0104601	0.0891258	1.06497
420	0.0100189	0.029695	0.118054	0	0.0132715	0.081702	1.12239
421	0.0100909	0.0303014	0.123271	0	0.0132715	0.07908	1.06497
422	0.0102678	0.0303995	0.123271	0	0.0125586	0.0745654	0.992999
423	0.0102678	0.0306538	0.123033	0.00149925	0.0117862	0.0728903	0.910912
424	0.0102678	0.0305948	0.122498	0.00149925	0.0117862	0.0736662	0.900467
425	0.0102678	0.0309544	0.123271	0.00449775	0.0113343	0.0740348	0.892061
426	0.0102678	0.0306969	0.122498	0.00149925	0.0104601	0.0802679	1.06497
427	0.0102499	0.030835	0.122498	0.00149925	0.0104601	0.094012	2.81414
428	0.0100909	0.0311821	0.123271	0.005997	0.0104601	0.0837318	1.33485
429	0.0100189	0.031174	0.125539	0.0104948	0.0104601	0.0808036	1.0784
430	0.0100909	0.0308313	0.128326	0.00749625	0.0104601	0.0780755	0.900467
431	0.0100189	0.0303457	0.128326	0.005997	0.0104556	0.0644913	0.757921
432	0.0100189	0.0300501	0.123033	0.00449775	0.0103968	0.0611792	0.77804
433	0.0100189	0.0289846	0.118054	0.00449775	0.0103968	0.0605421	0.757921
434	0.0100189	0.0291612	0.115491	0.00449775	0.0103968	0.059589	0.757921
435	0.0100189	0.0298579	0.123033	0.00449775	0.0103968	0.0582868	0.729184
436	0.0100585	0.0304253	0.133509	0.00149925	0.0103968	0.0567965	0.663327
437	0.0100585	0.0302074	0.133509	0	0.0103968	0.051068	0.437569
438	0.0100189	0.0305839	0.13927	0	0.0104556	0.0503058	0.437569
439	0.0100585	0.0312763	0.147349	0	0.0103968	0.0468983	0.338385
440	0.0100585	0.0314423	0.147349	0	0.0101373	0.0404655	0.176258
441	0.0100189	0.0310773	0.144957	0	0.0103968	0.0406507	0.176258
442	0.0100189	0.0306662	0.137454	0	0.0103968	0.0402722	0.176258
443	0.0100189	0.0322604	0.147349	0.0089955	0.0103968	0.0381794	0.164924
444	0.0100585	0.0320594	0.147349	0.0104948	0.0101373	0.0377938	0.152745
445	0.0100189	0.0320517	0.150158	0.0104948	0.0101373	0.0377532	0.152745
446	0.0100189	0.0326607	0.156169	0.0104948	0.0103968	0.0386908	0.166191
447	0.0100585	0.032407	0.156169	0.00749625	0.0103968	0.0386564	0.169425
448	0.0100189	0.0319424	0.152385	0.00449775	0.0101373	0.039038	0.166191
449	0.0100585	0.0322236	0.167622	0.00449775	0.0101373	0.0388863	0.166191
450	0.0100189	0.0313332	0.156169	0.0029985	0.0101373	0.0385381	0.166191
451	0.0100585	0.0306087	0.152385	0.0029985	0.0103968	0.0379594	0.166191
452	0.0100585	0.0295079	0.145208	0.0029985	0.0103968	0.0377097	0.163998
453	0.0100585	0.0293084	0.145208	0.0029985	0.010073	0.0373838	0.156365
454	0.0100189	0.0286449	0.135642	0.0029985	0.0103968	0.0372898	0.15594
455	0.0100189	0.0283358	0.129112	0.0029985	0.0104388	0.0369401	0.151612
456	0.0100189	0.02855	0.132215	0.0029985	0.0103968	0.0375143	0.156365
457	0.0100189	0.0285392	0.132215	0.0029985	0.010073	0.0369776	0.14615
458	0.0100189	0.0287094	0.137454	0.0029985	0.0103968	0.0370697	0.156365
459	0.0100189	0.0289553	0.143585	0.0029985	0.010073	0.0372525	0.156365
460	0.0100585	0.029229	0.147138	0.005997	0.0104388	0.0374798	0.166191
461	0.0100585	0.0290727	0.147138	0.005997	0.0103968	0.0388651	0.178495
462	0.0100585	0.0287898	0.145208	0.0029985	0.0104388	0.0410533	0.199736
463	0.0100189	0.0291576	0.145208	0.0029985	0.0104388	0.0414866	0.199736
464	0.0100189	0.0290224	0.143585	0	0.0104556	0.0418544	0.199736
465	0.0100585	0.0290934	0.144957	0.00449775	0.0104388	0.0412679	0.178691
466	0.0100585	0.0306341	0.152385	0.0134933	0.0104388	0.0411408	0.178691
467	0.0102499	0.0288044	0.144957	0	0.0104556	0.0419089	0.199736
468	0.0100189	0.0286382	0.13945	0	0.0104556	0.0456753	0.21986
469	0.0102499	0.0283377	0.145208	0.0029985	0.0103968	0.0584524	0.581786
470	0.0102499	0.0281752	0.145208	0.0029985	0.0103968	0.0772955	6.79953
471	0.0102499	0.0283176	0.145208	0.0029985	0.0103968	0.0913288	9.68965
472	0.0100189	0.0282302	0.142935	0.0029985	0.0103968	0.100421	9.48516
473	0.0100585	0.0285664	0.145208	0.0029985	0.0105466	0.101628	9.45336
474	0.0100585	0.028556	0.145208	0.0029985	0.0103968	0.13355	11.8485
475	0.0102469	0.0289937	0.152385	0.0029985	0.0103968	0.193638	17.4593
476	0.0102469	0.0293986	0.152385	0.0029985	0.0105466	0.173747	9.46838
477	0.0100189	0.0299803	0.15155	0.0029985	0.0103968	0.139866	7.39298
478	0.0100189	0.0302438	0.152385	0	0.0105466	0.126433	7.12634
479	0.0100585	0.0306718	0.167622	0	0.0109726	0.125261	7.39298
480	0.0100585	0.0307766	0.167622	0	0.0105466	0.121407	7.12634
481	0.0100585	0.0305236	0.167622	0	0.0103968	0.126737	7.39298
482	0.0102469	0.0301077	0.167622	0	0.0105466	0.126961	7.12634
483	0.0100189	0.0302288	0.163874	0	0.0101445	0.123737	7.12634
484	0.0100585	0.0305891	0.167622	0	0.0101445	0.126511	8.3249
485	0.0100189	0.0308906	0.207715	0.00449775	0.0102813	0.113755	20.4853
486	0.0100189	0.0306008	0.188703	0.00449775	0.0102813	0.104419	20.4853
487	0.0100189	0.0304015	0.173916	0.00449775	0.0102813	0.102506	20.4853
488	0.0100189	0.0299238	0.173916	0	0.0102813	0.0885617	20.4853
489	0.0100189	0.0304525	0.207715	0	0.0102813	0.0773551	1.03868
490	0.0100189	0.0314848	0.219206	0	0.0100098	0.0687153	0.443008
491	0.0100189	0.0314643	0.20903	0	0.0100098	0.0594379	0.373676
492	0.0100189	0.0317954	0.20903	0	0.0100098	0.0540975	0.27907
493	0.0100189	0.0311022	0.199189	0	0.0100098	0.0549299	0.302974
494	0.0100189	0.0309433	0.183056	0	0.0100098	0.0550917	0.302974
495	0.0100189	0.0302445	0.173916	0	0.0100098	0.0548882	0.283482
496	0.0100585	0.0298162	0.167405	0	0.0100098	0.0552624	0.283548
497	0.0100189	0.030311	0.167622	0.0029985	0.0100098	0.0544726	0.302974
498	0.0100189	0.0304033	0.167622	0.0029985	0.0100098	0.0538364	0.283548
499	0.0100585	0.0299601	0.167622	0	0.0100098	0.0526047	0.233453
500	0.0100585	0.0290578	0.142935	0	0.0100098	0.0528601	0.233453
501	0.0100189	0.0289497	0.139136	0	0.0100098	0.0527043	0.224448
502	0.0100585	0.0282074	0.137811	0	0.0100098	0.0541932	0.264383
503	0.0100189	0.0277524	0.132082	0	0.0100098	0.0601654	0.435545
504	0.0100585	0.0276903	0.132082	0	0.0100098	0.0655056	0.488722
505	0.0100585	0.0276205	0.132082	0.0029985	0.0100098	0.0697384	0.559357
506	0.0100585	0.0277285	0.137811	0	0.0100098	0.0709752	0.677339
507	0.0100585	0.0280676	0.137811	0	0.0100098	0.0706876	0.677339
508	0.0100189	0.0285653	0.137811	0.00149925	0.0100098	0.0772486	0.935546
509	0.0100189	0.0286379	0.132082	0.00449775	0.0100098	0.0827039	1.14746
510	0.0100189	0.0277459	0.123784	0.00149925	0.0100098	0.0936294	6.59056
511	0.0100189	0.0287733	0.132082	0.00149925	0.0100098	0.100376	7.84884
512	0.0100585	0.0286801	0.132082	0.00149925	0.0100098	0.108252	10.5559
513	0.0100189	0.0279911	0.125626	0	0.0100098	0.123945	12.4914
514	0.0102499	0.0273678	0.12131	0	0.0100098	0.13383	16.2037
515	0.0102499	0.0272735	0.126103	0	0.0106952	0.139547	12.4914
516	0.0102499	0.0273388	0.127151	0.00149925	0.0106952	0.143559	7.84884
517	0.0100189	0.0272083	0.12131	0.00149925	0.0106952	0.159138	7.84884
518	0.0100842	0.02773	0.127736	0.0029985	0.0106169	0.145132	7.45829
519	0.0100189	0.0276829	0.127736	0.00449775	0.0106169	0.130241	7.91435
520	0.0100189	0.0278962	0.133335	0.0029985	0.0106952	0.128417	8.19542
521	0.0100189	0.027896	0.133335	0.00149925	0.0106952	0.124687	8.19542
522	0.0100189	0.027861	0.133335	0.0029985	0.0106169	0.118961	8.19542
523	0.0102499	0.0283908	0.167241	0.0029985	0.0106169	0.114579	8.19542
524	0.0100842	0.0281131	0.152679	0	0.0106169	0.0958345	5.03236
525	0.0102499	0.0274415	0.133335	0	0.0106169	0.0870012	1.78785
526	0.0102499	0.0275097	0.133335	0	0.0106169	0.0839083	1.63766
527	0.0102499	0.0274727	0.133335	0	0.0106169	0.0822533	1.6325
528	0.0101591	0.0278112	0.152799	0	0.0106169	0.0751132	0.714133
529	0.0100189	0.0276915	0.142935	0	0.0106952	0.0730861	0.714133
530	0.0102499	0.0268279	0.133335	0	0.0107906	0.0711511	0.719832
531	0.0100189	0.0263343	0.125626	0.00149925	0.0106952	0.0707495	0.714003
532	0.0101591	0.0257962	0.12131	0	0.0108446	0.0691716	0.719832
533	0.0100189	0.0259099	0.12131	0	0.0106169	0.064444	0.598889
534	0.0100842	0.0262795	0.127736	0	0.0106169	0.066026	0.714003
535	0.0102499	0.026843	0.132825	0.00149925	0.0106952	0.0696626	2.32716
536	0.0100842	0.0270541	0.132825	0.0104948	0.0106952	0.0687425	2.32716
537	0.0100189	0.0263239	0.127956	0.00749625	0.0106952	0.0670856	2.32716
538	0.0100842	0.025872	0.127736	0.005997	0.0106952	0.0658017	2.32716
539	0.0100189	0.0257759	0.125626	0.0029985	0.0106952	0.0635396	2.32716
540	0.0100189	0.0258552	0.125626	0.0029985	0.0106169	0.061488	2.59437
541	0.0100189	0.0261586	0.131389	0.00149925	0.0106169	0.0621588	7.90264
542	0.0102499	0.0267947	0.134584	0.00149925	0.0106169	0.0634021	9.62419
543	0.010118	0.0273092	0.134584	0	0.0106952	0.0655699	11.3506
544	0.0102499	0.0270239	0.134584	0	0.0106169	0.0645759	10.0096
545	0.0102499	0.0267739	0.133335	0	0.0106169	0.0642546	9.62419
546	0.0102499	0.0269823	0.132825	0	0.0106952	0.0636979	11.3506
547	0.0100842	0.0267881	0.127151	0	0.0106169	0.0607323	4.81643
548	0.0100842	0.0265261	0.116928	0	0.0106169	0.0533152	0.356411
549	0.0100842	0.0265381	0.115579	0	0.0106169	0.0473691	0.285525
550	0.0101018	0.0264596	0.115579	0	0.0106169	0.0433964	0.212686
551	0.0101018	0.02648	0.115579	0	0.0106169	0.042635	0.20576
552	0.0101018	0.0268887	0.122216	0	0.0108922	0.0435945	0.20576
553	0.0101018	0.026628	0.122216	0	0.0108922	0.0444315	0.20576
554	0.0101018	0.0269407	0.122216	0	0.0108922	0.0446716	0.20576
555	0.0101165	0.0269153	0.131389	0	0.0108922	0.0450638	0.212686
556	0.010093	0.0263934	0.127151	0	0.0108922	0.0460507	0.20576
557	0.0101018	0.026765	0.131389	0	0.0108922	0.0466747	0.20576
558	0.0101018	0.026621	0.131389	0	0.0108922	0.0476886	0.20576
559	0.0101165	0.0264406	0.131389	0	0.011325	0.0467393	0.20576
560	0.0101018	0.026606	0.131389	0	0.0116404	0.0463623	0.20576
561	0.010093	0.0270523	0.132825	0	0.011325	0.0471331	0.20576
562	0.0100381	0.0273422	0.132825	0	0.011325	0.047095	0.20576
563	0.0100381	0.0269948	0.132825	0	0.0116404	0.0472461	0.20576
564	0.0100381	0.0269423	0.132825	0	0.0116404	0.0483365	0.20576
565	0.010093	0.0265747	0.132825	0	0.0111614	0.0489803	0.20576
566	0.0100381	0.0271643	0.141153	0.00149925	0.0110137	0.0480838	0.20576
567	0.0100381	0.027062	0.137454	0.0029985	0.0110137	0.0481835	0.20576
568	0.0100381	0.0270327	0.134356	0.0029985	0.0108214	0.04878	0.21264
569	0.0100381	0.0277431	0.147809	0.00149925	0.0108214	0.0487484	0.21264
570	0.0100381	0.0283338	0.149494	0.00149925	0.0108214	0.0490907	0.21264
571	0.0100381	0.0281767	0.149494	0.00149925	0.010428	0.0498326	0.205654
572	0.010093	0.0279407	0.149494	0	0.010428	0.051684	0.226405
573	0.0101018	0.0282567	0.149494	0	0.010428	0.0524517	0.22654
574	0.010093	0.0281995	0.141153	0	0.010428	0.0525593	0.254937
575	0.0101018	0.0286566	0.149494	0	0.010428	0.0541726	0.285525
576	0.010093	0.0287624	0.147809	0	0.010428	0.0548027	0.285525
577	0.0101018	0.0290046	0.149494	0	0.010428	0.058205	0.331899
578	0.010093	0.0292433	0.154318	0	0.0108922	0.0588046	0.346416
579	0.010093	0.0290844	0.154318	0	0.0102451	0.0597383	0.316237
580	0.010093	0.0288672	0.151683	0	0.010428	0.0587541	0.307186
581	0.0101018	0.0280874	0.149494	0	0.0102451	0.0580455	0.291573
582	0.0100437	0.0277758	0.142677	0	0.010428	0.0647042	0.427132
583	0.0100437	0.0280959	0.147809	0	0.010428	0.074358	0.956116
584	0.0100437	0.0273471	0.138818	0	0.0100992	0.0752409	0.956116
585	0.0100437	0.027015	0.127956	0	0.0100992	0.0771193	1.08228
586	0.0100437	0.026967	0.134356	0	0.0100992	0.0784813	0.995595
587	0.0100437	0.027066	0.141153	0	0.0108854	0.079194	0.995595
588	0.010093	0.027699	0.148604	0	0.0100992	0.0783893	0.717884
589	0.0100437	0.0276719	0.141153	0	0.0100992	0.0850072	1.43903
590	0.0100437	0.0279754	0.141153	0	0.0102451	0.0811323	1.43903
591	0.0100437	0.0291066	0.14992	0	0.0100992	0.0835368	1.63681
592	0.0100437	0.0294142	0.156643	0	0.0100992	0.092143	2.42633
593	0.010093	0.0299191	0.163022	0.00449775	0.0104798	0.113174	6.03721
594	0.0100437	0.031097	0.185286	0.011994	0.0102451	0.112807	4.41864
595	0.0100437	0.0313305	0.185286	0.0104948	0.0102451	0.123616	5.65296
596	0.0100437	0.0305896	0.163022	0	0.0104798	0.133324	6.63723
597	0.0101245	0.0310118	0.185286	0	0.0147086	0.163009	50.3425
598	0.0100437	0.0313199	0.185286	0	0.0147086	0.175087	50.3425
599	0.010093	0.0314103	0.185286	0	0.0239442	0.18402	50.3425
600	0.010093	0.0306493	0.163022	0	0.024813	0.191205	50.3425
601	0.010093	0.030625	0.163022	0	0.0251057	0.219097	50.3425
602	0.010093	0.0307426	0.161199	0	0.0104798	0.196839	19.325
603	0.0101573	0.0302646	0.157214	0	0.0104798	0.160777	5.63498
604	0.010093	0.030675	0.157214	0	0.0104798	0.154768	5.63498
605	0.0101245	0.031069	0.163022	0	0.0103025	0.148187	3.57731
606	0.0101245	0.031971	0.184583	0.00149925	0.0103025	0.13854	2.72911
607	0.010093	0.0329399	0.187153	0.00449775	0.0103025	0.100052	0.829158
608	0.010093	0.0341711	0.20361	0.005997	0.0103025	0.0983022	0.743722
609	0.010093	0.0351988	0.218556	0.005997	0.0104798	0.0908239	0.644901
610	0.010093	0.0348064	0.206309	0.00749625	0.0127942	0.0858397	0.743722
611	0.010093	0.0351724	0.206309	0.0104948	0.0104798	0.084859	0.580925
612	0.010093	0.0341613	0.190405	0.00749625	0.0104798	0.0812208	0.555625
613	0.0101573	0.0336048	0.184537	0.005997	0.0104798	0.0771802	0.541102
614	0.0101573	0.0338701	0.190405	0.0104948	0.0104798	0.0763239	0.541102
615	0.0101591	0.0318349	0.181872	0.0029985	0.0104798	0.0756875	0.541102
616	0.0101573	0.0317706	0.197447	0.0029985	0.0104798	0.0749414	0.541102
617	0.0101573	0.0326198	0.219651	0.00149925	0.0104798	0.0769864	0.560119
618	0.0101573	0.0320013	0.204158	0	0.0104798	0.0776222	0.580453
619	0.0101573	0.0321101	0.204158	0	0.0104798	0.0809063	0.580453
620	0.0101573	0.0326301	0.216184	0	0.0104798	0.0827454	0.694312
621	0.0101573	0.0330762	0.223539	0	0.0104798	0.0815723	0.580453
622	0.0101573	0.0331472	0.218556	0	0.0104798	0.0785935	0.541102
623	0.0101573	0.0334906	0.218556	0	0.0104798	0.0770499	0.521623
624	0.0101573	0.033765	0.218556	0.00149925	0.0103259	0.0750214	0.494314
625	0.0101573	0.0338996	0.216184	0.0029985	0.0104798	0.0715607	0.383904
626	0.0101573	0.0337977	0.204158	0.0029985	0.0104798	0.0708924	0.383904
627	0.0101573	0.0342237	0.216184	0.0029985	0.0104798	0.0713133	0.383904
628	0.0101573	0.0365006	0.242756	0.00449775	0.0103259	0.0675528	0.363997
629	0.0102351	0.0394498	0.391221	0.0089955	0.0103259	0.0669202	0.360431
630	0.010117	0.0391386	0.331814	0.00749625	0.0105413	0.0704455	0.383904
631	0.0101573	0.0415317	0.391221	0.0194903	0.0104798	0.0675891	0.352677
632	0.0102047	0.0398849	0.362972	0.0104948	0.0103259	0.0684777	0.352677
633	0.010117	0.0395262	0.318501	0.00749625	0.0101848	0.0682082	0.360431
634	0.010117	0.0387603	0.284695	0.0029985	0.0101848	0.0652444	0.243131
635	0.0102047	0.0389797	0.263885	0.0029985	0.0101547	0.0628234	0.230362
636	0.010117	0.0392648	0.284695	0.0029985	0.0101547	0.0614131	0.230362
637	0.010117	0.0395991	0.270635	0.0029985	0.0101547	0.0618508	0.234757
638	0.010117	0.039035	0.270635	0.0029985	0.0101547	0.0623196	0.240739
639	0.010117	0.0410731	0.318501	0.00449775	0.0101547	0.0564812	0.192761
640	0.010117	0.0413912	0.340558	0.0029985	0.0101547	0.0560742	0.179033
641	0.010117	0.0418201	0.331814	0.0089955	0.0101547	0.0558211	0.190732
642	0.010117	0.0419034	0.353806	0.0089955	0.0103259	0.0569593	0.195376
643	0.010117	0.0424078	0.331814	0.0089955	0.0103259	0.0568165	0.195376
644	0.010117	0.0445924	0.338126	0.0134933	0.011614	0.0572629	0.210965
645	0.0101573	0.045737	0.355661	0.0149925	0.0118704	0.0571249	0.213551
646	0.010117	0.046257	0.340558	0.0164918	0.012338	0.0556255	0.213551
647	0.0101573	0.0470938	0.338126	0.017991	0.011614	0.0559764	0.213551
648	0.0106681	0.0487206	0.362972	0.0149925	0.0101547	0.0566196	0.192761
649	0.0106681	0.0494456	0.362972	0.0089955	0.0101547	0.0568704	0.198052
650	0.0101231	0.0521276	0.362972	0.0089955	0.0101547	0.0576489	0.207378
651	0.0101231	0.0527763	0.362903	0.0089955	0.0103259	0.056226	0.213551
652	0.0101231	0.0530937	0.362903	0.00749625	0.0101547	0.0535527	0.182677
653	0.0106681	0.0577433	0.446311	0.00749625	0.0101547	0.052923	0.179033
654	0.0106681	0.0727204	0.761784	0.0314843	0.0101547	0.0528175	0.182677
655	0.0109691	0.0818509	0.819992	0.0344828	0.0101547	0.0529283	0.200444
656	0.0106681	0.0854502	0.806289	0.035982	0.0101547	0.0535284	0.224207
657	0.0106681	0.0949007	0.839773	0.0389805	0.0101547	0.0519908	0.173379
658	0.0110664	0.109943	1.0464	0.0554723	0.0101929	0.0528855	0.22225
659	0.0124865	0.126808	1.77776	0.0869565	0.0101547	0.0497136	0.154052
660	0.0110664	0.104461	1.2383	0.065967	0.0101547	0.0486055	0.153134
661	0.010655	0.0910781	1.13593	0.0569715	0.0101547	0.0493493	0.156221
662	0.0102202	0.0865463	1.03681	0.0524738	0.0101547	0.0486928	0.164953
663	0.0110664	0.0829184	0.927226	0.041979	0.0101547	0.0476672	0.158348
664	0.0102202	0.07624	0.709332	0.0284858	0.0101547	0.0471111	0.155961
665	0.0102202	0.0688296	0.482919	0.0194903	0.0101547	0.0473952	0.156221
666	0.0112694	0.0660569	0.453682	0.0134933	0.0101547	0.0475908	0.155961
667	0.0110664	0.0625597	0.371092	0.00449775	0.0101929	0.0487111	0.158348
668	0.011622	0.0597677	0.362903	0	0.0101929	0.0484114	0.158348
669	0.011622	0.0588616	0.362903	0	0.0103259	0.0481792	0.157223
670	0.0103356	0.0576278	0.322956	0.00149925	0.0111781	0.0475378	0.159802
671	0.0106121	0.0564158	0.322956	0.00149925	0.0111781	0.0474525	0.158348
672	0.0123761	0.054132	0.362903	0.00149925	0.0101929	0.0468278	0.154052
673	0.0123761	0.0508248	0.322956	0	0.0101929	0.0475182	0.156221
674	0.0123761	0.0493931	0.303834	0	0.0103259	0.0470393	0.157223
675	0.0123761	0.0505467	0.316174	0.00449775	0.0101929	0.0469333	0.155961
676	0.0123761	0.0490694	0.306273	0.00149925	0.0102061	0.0468472	0.155961
677	0.0100898	0.0481035	0.236588	0	0.0102061	0.0473439	0.155961
678	0.0103356	0.0479815	0.236588	0	0.0101929	0.0477693	0.153134
679	0.0103356	0.0480121	0.236588	0	0.0111781	0.0479827	0.158348
680	0.0103356	0.0479597	0.236588	0	0.0111781	0.0484046	0.164953
681	0.0100898	0.0464525	0.21457	0	0.0102061	0.0488273	0.156221
682	0.010581	0.0464728	0.236588	0.0029985	0.0102061	0.0485366	0.158348
683	0.0100898	0.0468447	0.245999	0.005997	0.0109983	0.0481621	0.164449
684	0.0103356	0.0489444	0.322956	0.0224888	0.0102061	0.0499132	0.179208
685	0.0103356	0.0455248	0.271511	0.0089955	0.0102061	0.0498812	0.179208
686	0.0100898	0.0437794	0.21457	0.0029985	0.0100963	0.0487848	0.164953
687	0.010581	0.0425303	0.21457	0.0029985	0.0100112	0.0474362	0.159776
688	0.0103803	0.0422439	0.208395	0	0.0100963	0.0466764	0.159776
689	0.010581	0.0418631	0.208395	0	0.0111421	0.0440268	0.159776
690	0.0114998	0.040654	0.21457	0	0.0109214	0.0430001	0.159776
691	0.0113078	0.0403288	0.208395	0	0.0102061	0.0445452	0.176615
692	0.0103356	0.0387621	0.179552	0	0.0108417	0.041385	0.158348
693	0.0114717	0.0389523	0.202043	0	0.0112895	0.0401765	0.159776
694	0.0114717	0.0396498	0.202043	0	0.0106546	0.0398701	0.150851
695	0.011622	0.0396755	0.20299	0	0.0100963	0.040161	0.148634
696	0.0114717	0.0401018	0.202043	0	0.0106546	0.0394673	0.150851
697	0.0114717	0.0396148	0.198831	0	0.0100057	0.038905	0.14541
698	0.0114717	0.0396617	0.198831	0	0.0100057	0.0377819	0.137857
699	0.0122193	0.0395132	0.208395	0	0.0100963	0.0373822	0.130633
700	0.0100898	0.038631	0.159684	0	0.0100057	0.0377903	0.134733
701	0.0100898	0.0384575	0.159684	0	0.0100057	0.0384438	0.137857
702	0.0100898	0.0380777	0.159684	0	0.0100057	0.0384269	0.134904
703	0.010581	0.0388613	0.187153	0	0.0100057	0.038455	0.134904
704	0.010581	0.0386202	0.187153	0	0.0100057	0.0377645	0.134733
705	0.0100898	0.0382301	0.174166	0	0.0100057	0.0375387	0.138528
706	0.0100898	0.0373107	0.14421	0	0.0102061	0.037678	0.149578
707	0.0100898	0.0373581	0.14421	0	0.0100057	0.0374982	0.149578
708	0.0103356	0.0370455	0.142585	0	0.0102061	0.0370409	0.157904
709	0.0100898	0.0370998	0.142585	0	0.0102061	0.0360324	0.157904
710	0.0103356	0.0368829	0.142585	0	0.0102061	0.0361463	0.159313
711	0.0100898	0.037512	0.154567	0	0.0100057	0.035234	0.149578
712	0.0100898	0.037479	0.163439	0	0.0100057	0.0348702	0.149578
713	0.0100898	0.0388456	0.188246	0.00149925	0.0102061	0.0346281	0.149578
714	0.0100898	0.0400807	0.217305	0.0029985	0.0100057	0.0336621	0.1392
715	0.0100898	0.0402319	0.248933	0.00149925	0.0100057	0.0330098	0.134733
716	0.0103356	0.0411748	0.289886	0.00149925	0.0100057	0.0305901	0.115058
717	0.0100898	0.0406987	0.267091	0.00149925	0.0100057	0.0300366	0.111253
718	0.0100898	0.040754	0.235794	0	0.0100057	0.0298664	0.112857
719	0.0106278	0.0403885	0.22129	0	0.0100057	0.0297159	0.112857
720	0.0106278	0.0396779	0.22129	0	0.0100752	0.0291797	0.115058
721	0.0106278	0.0397878	0.22129	0	0.0100057	0.0287537	0.111253
722	0.0106278	0.0400701	0.22129	0	0.0100057	0.0284036	0.111253
723	0.0106278	0.0403941	0.22129	0	0.0100057	0.028777	0.111311
724	0.0103356	0.0405532	0.22129	0	0.0100057	0.0294078	0.125971
725	0.0100898	0.0405616	0.210471	0	0.0102061	0.029927	0.132504
726	0.0100843	0.0398356	0.188246	0	0.0100057	0.030129	0.134733
727	0.0100843	0.0400228	0.181184	0	0.0100057	0.0298211	0.132504
728	0.0100843	0.0398862	0.168204	0	0.0100752	0.0291392	0.132504
729	0.0100843	0.0404887	0.1636	0	0.0100752	0.0289948	0.132504
730	0.0100843	0.0395608	0.162272	0	0.0100057	0.0283592	0.125971
731	0.0100843	0.0398641	0.1636	0	0.0102061	0.0288695	0.132504
732	0.0100843	0.0402099	0.171397	0	0.0100057	0.0284499	0.125971
733	0.0100843	0.0407347	0.181243	0.00149925	0.0102061	0.0287557	0.132504
734	0.0100843	0.0407901	0.181243	0.00149925	0.0100057	0.0284237	0.115058
735	0.0100843	0.0413939	0.181243	0.0029985	0.0100057	0.0283637	0.115058
736	0.0100843	0.0407305	0.168204	0.0029985	0.0100057	0.0286582	0.125971
737	0.0100843	0.0403419	0.168204	0.00149925	0.0100057	0.0289162	0.125971
738	0.0100843	0.0403498	0.166764	0.00149925	0.0100057	0.0285792	0.125971
739	0.0100843	0.0395249	0.1636	0.00149925	0.0100057	0.0284044	0.125971
740	0.0100843	0.0399573	0.171397	0	0.0100057	0.0283243	0.121905
741	0.0100843	0.041678	0.188246	0.0029985	0.0100057	0.0288715	0.115058
742	0.0100843	0.0416798	0.193298	0.0029985	0.0100748	0.0287091	0.11489
743	0.0100843	0.0415988	0.183118	0.0029985	0.0100752	0.0283032	0.112363
744	0.0100843	0.0419479	0.193298	0.0029985	0.0100748	0.0283401	0.11489
745	0.0100843	0.041131	0.188246	0.0029985	0.0100752	0.0283045	0.112363
746	0.0100843	0.0412845	0.183118	0.0029985	0.0100752	0.0280615	0.112363
747	0.0100843	0.040303	0.178406	0.00449775	0.0100752	0.0279992	0.112363
748	0.0100843	0.0395496	0.171397	0.00449775	0.0100752	0.0278287	0.112363
749	0.0100843	0.0388481	0.170095	0.00449775	0.0100748	0.0268433	0.100618
750	0.0100843	0.0374325	0.155935	0.00449775	0.0100748	0.0270895	0.100618
751	0.0100843	0.0374966	0.155935	0.00449775	0.0100748	0.0273041	0.103921
752	0.0100843	0.037788	0.160035	0.00749625	0.0100748	0.0278073	0.112363
753	0.0100843	0.03778	0.160035	0.00749625	0.0100748	0.0279063	0.140786
754	0.010008	0.037468	0.160035	0.00749625	0.0100748	0.0273789	0.128195
755	0.010008	0.0375894	0.1636	0.00749625	0.0100748	0.0280166	0.140786
756	0.010008	0.0372354	0.160035	0.00149925	0.0100748	0.0279213	0.128195
757	0.010008	0.0372678	0.155935	0.00149925	0.0102368	0.0284421	0.15483
758	0.010008	0.0383313	0.160035	0.0104948	0.0100748	0.0285397	0.15483
759	0.010008	0.0370412	0.146408	0.0029985	0.0100748	0.0286409	0.167458
760	0.010008	0.0368493	0.141704	0	0.0100748	0.0288653	0.171574
761	0.0109636	0.0365411	0.150216	0	0.0100748	0.0291666	0.176919
762	0.0109636	0.0367381	0.150216	0	0.0102368	0.0302616	0.176919
763	0.010008	0.0376652	0.138925	0	0.0102368	0.0302566	0.176919
764	0.010008	0.0381936	0.143169	0.00149925	0.0100748	0.0314129	0.202478
765	0.0102057	0.0390674	0.150216	0.005997	0.0100748	0.0326178	0.202478
766	0.010008	0.0397812	0.150216	0.005997	0.0100748	0.0345017	0.249977
767	0.010008	0.0409351	0.178406	0.005997	0.0100748	0.0443601	0.35835
768	0.0103093	0.0436385	0.248954	0.005997	0.0100748	0.0463268	0.35835
769	0.010008	0.0453269	0.259482	0.005997	0.0100748	0.0498373	0.598427
770	0.0101683	0.0459222	0.264173	0.005997	0.0100748	0.0574582	3.81768
771	0.0102057	0.0459833	0.261434	0.005997	0.0100748	0.104323	17.8466
772	0.0103093	0.0452673	0.249779	0.005997	0.0100748	0.170206	35.8042
773	0.0105425	0.0447626	0.249779	0.00449775	0.0105312	0.377262	52.9489
774	0.0103093	0.0465673	0.249779	0.00749625	0.0105715	0.787872	69.5597
775	0.0101683	0.0465412	0.239502	0.00149925	0.0105715	1.25392	69.5597
776	0.0101683	0.0464901	0.238037	0.00149925	0.0223535	2.6708	99.5008
777	0.010008	0.0461946	0.224673	0.00149925	0.0360062	3.81566	99.5008
778	0.010008	0.0452121	0.204367	0.0029985	0.100618	5.92612	99.5008
779	0.010008	0.0459268	0.224673	0.00449775	0.224356	7.11114	99.4884
780	0.0101683	0.0472051	0.239502	0.00449775	0.422286	7.73887	99.5008
781	0.0105574	0.048155	0.264198	0.0029985	0.0671261	5.26991	99.5008
782	0.010008	0.0475603	0.249779	0.0029985	0.013586	4.62268	76.6855
783	0.0103356	0.048391	0.264198	0.0029985	0.0167517	4.7814	99.4884
784	0.010008	0.0489151	0.275367	0.00149925	0.062958	5.45713	99.5721
785	0.010008	0.0505984	0.334038	0.0029985	0.0735465	6.76879	99.5721
786	0.0101301	0.0518011	0.359883	0.00449775	0.0735465	7.21127	99.5721
787	0.0105574	0.0541329	0.430088	0.0104948	0.0735465	6.93572	99.5721
788	0.0102057	0.0549884	0.430088	0.0134933	0.0735465	6.94923	99.5721
789	0.0101683	0.0582401	0.47372	0.017991	0.110518	6.85853	99.5721
790	0.0102057	0.0596894	0.49975	0.0209895	0.110518	6.81972	99.5008
791	0.0102057	0.0586052	0.430088	0.0089955	0.0816505	6.53992	99.5008
792	0.0101683	0.0579338	0.405394	0.00749625	0.211238	7.68369	99.5008
793	0.0114355	0.0634748	0.605925	0.0104948	0.211238	8.02248	99.5008
794	0.0101683	0.062772	0.528183	0.00449775	0.176118	8.23549	99.5008
795	0.0101676	0.0618657	0.559144	0.005997	0.111944	7.48138	99.5008
796	0.0101676	0.0657765	0.595845	0.0149925	0.0513317	6.40356	99.5008
797	0.0101676	0.0665086	0.592274	0.0134933	0.0415713	5.52123	99.5008
798	0.0101683	0.0673381	0.605925	0.0149925	0.0286565	5.59301	99.5008
799	0.0101676	0.0699586	0.629861	0.0164918	0.0166959	4.87446	99.5008
800	0.0101676	0.077803	0.703948	0.0284858	0.0148196	4.3194	99.5008
801	0.0101683	0.0915011	0.920713	0.041979	0.0148196	4.25946	99.5008
802	0.0109655	0.127357	2.30057	0.0989505	0.0148196	4.23878	99.5008
803	0.0109655	0.156302	2.75304	0.128936	0.0148196	4.20118	99.5008
804	0.0101097	0.11291	2.30057	0.0914543	0.0148196	4.19739	99.5008
805	0.0101097	0.081423	1.07448	0.0554723	0.0148196	3.88526	99.5008
806	0.0101097	0.0668478	0.713238	0.029985	0.0148196	3.7605	99.5008
807	0.0101097	0.0631786	0.69702	0.0209895	0.0148196	3.13012	99.5008
808	0.0101097	0.0583243	0.658485	0.011994	0.0148196	3.05889	99.5008
809	0.0101097	0.0549009	0.629861	0.011994	0.0148196	3.07921	99.4884
810	0.0101097	0.052286	0.629861	0.0089955	0.0140281	3.21375	99.4884
811	0.0101097	0.049175	0.482549	0.00449775	0.0140281	2.63828	99.4884
812	0.0101097	0.04814	0.482549	0.00149925	0.0140281	1.92148	99.4884
813	0.0101097	0.046804	0.47372	0.00449775	0.0124582	1.7784	99.4884
814	0.0101097	0.0465026	0.47372	0.005997	0.0124582	1.77116	99.4884
815	0.0103448	0.0449338	0.47372	0.00449775	0.0124582	1.77447	99.4884
816	0.0103448	0.0443008	0.467626	0.00149925	0.0124582	1.75796	99.4884
817	0.0100298	0.0437655	0.467626	0.00149925	0.0105455	2.40341	81.4618
818	0.0100298	0.04298	0.354833	0.00149925	0.0105455	2.66359	81.4618
819	0.0100298	0.0415739	0.325814	0.00149925	0.0105455	2.63315	80.0544
820	0.0100298	0.0408026	0.318691	0.00149925	0.0105455	2.64898	80.0544
821	0.0100298	0.0393854	0.279597	0	0.0114702	2.75333	90.4034
822	0.0100298	0.0385735	0.279579	0	0.0105455	2.79962	80.6967
823	0.0103448	0.0380215	0.28722	0	0.0105455	2.60594	80.0544
824	0.0100298	0.0363871	0.254111	0	0.0105455	2.82486	81.4618
825	0.0100298	0.0362502	0.245576	0	0.0115811	3.84842	90.4034
826	0.0100298	0.0360415	0.245576	0	0.0140281	4.12308	99.4884
827	0.0100298	0.0355512	0.241566	0	0.0151208	4.52927	99.4884
828	0.0100298	0.0354676	0.241566	0	0.0185277	5.47964	99.4884
829	0.0100298	0.0354233	0.226512	0	0.06036	7.08085	99.4884
830	0.0100298	0.0358607	0.241566	0	0.172682	9.06171	99.4884
831	0.0100298	0.0366172	0.254111	0	0.172682	9.82067	98.3378
832	0.0100298	0.035761	0.243468	0	0.28643	10.456	98.3378
833	0.0100298	0.0352802	0.204658	0	0.472437	11.4983	90.908
834	0.0100298	0.0358783	0.20965	0	0.479235	10.9978	93.4004
835	0.0103212	0.037146	0.209784	0	0.472437	10.9867	94.6058
836	0.0103212	0.0376814	0.212145	0.0029985	0.443423	10.0875	99.1806
837	0.0100707	0.0382403	0.218968	0.005997	0.402001	9.17245	99.1806
838	0.0100707	0.0382114	0.231928	0.00749625	0.28643	8.31216	98.3378
839	0.0100707	0.037768	0.212145	0.00749625	0.192596	7.20371	99.1806
840	0.0103212	0.0375717	0.209784	0.00149925	0.177822	6.98377	99.1806
841	0.0103212	0.0383216	0.212145	0.00149925	0.134167	6.382	99.1806
842	0.0103212	0.0382524	0.212145	0.00149925	0.134167	5.83402	99.1806
843	0.0103448	0.0380846	0.209784	0.00149925	0.145588	6.16227	90.908
844	0.010371	0.038037	0.209784	0.00149925	0.210705	7.05839	98.638
845	0.0103448	0.0380348	0.209784	0.00149925	0.435303	8.44619	98.638
846	0.0103212	0.0380902	0.212145	0.00149925	0.472437	8.85561	98.638
847	0.0100707	0.0387946	0.212145	0.0029985	0.0706596	7.44283	98.6128
848	0.0103212	0.0397914	0.243468	0.00449775	0.0204727	5.78241	94.6058
849	0.0100707	0.0398338	0.218968	0.0029985	0.0128255	5.03763	74.3436
850	0.0103448	0.0385462	0.209784	0	0.0156893	3.74372	97.9387
851	0.0103212	0.0392053	0.212145	0.00149925	0.0125098	3.04499	74.3436
852	0.0100707	0.042615	0.243468	0.0089955	0.0128255	2.42705	73.472
853	0.0100707	0.0437619	0.254772	0.011994	0.0128255	2.23951	73.472
854	0.0103212	0.0445565	0.267891	0.0029985	0.0128255	1.97873	73.472
855	0.0103212	0.0453695	0.267891	0	0.0125098	1.47374	69.3903
856	0.0100707	0.0458101	0.243468	0	0.0128255	1.09472	67.8119
857	0.0100707	0.046486	0.267891	0	0.0125098	0.895127	65.0656
858	0.0103448	0.0466508	0.291108	0	0.0125098	0.781891	61.8916
859	0.0103448	0.0470555	0.296979	0	0.0128255	0.585795	55.3583
860	0.0103448	0.0480269	0.296979	0	0.0100213	0.477257	32.2668
861	0.0106724	0.0475604	0.305699	0	0.0125098	0.426009	20.1796
862	0.0103212	0.0485902	0.321239	0.005997	0.0100269	0.368318	7.91963
863	0.0100707	0.0482584	0.308733	0.00149925	0.0128255	0.445438	20.1796
864	0.0100707	0.049513	0.321239	0	0.0128255	0.496087	20.9925
865	0.0100707	0.0497041	0.339521	0	0.0126495	0.496368	21.0211
866	0.0100707	0.0498593	0.321239	0	0.0126495	0.511444	21.0211
867	0.0100707	0.0507701	0.321239	0	0.0126495	0.546315	20.6686
868	0.0100707	0.0510067	0.321239	0	0.0126495	0.606552	20.1796
869	0.0100707	0.0508371	0.320855	0	0.0127769	0.588928	20.1796
870	0.0103448	0.0504491	0.321239	0	0.0127769	0.552681	17.1208
871	0.0100707	0.0500605	0.305699	0	0.013926	0.53188	14.921
872	0.0100707	0.051092	0.296979	0	0.0178881	0.510995	18.0346
873	0.0104336	0.0520921	0.305699	0	0.0178881	0.544083	18.0346
874	0.0100707	0.0544254	0.320855	0	0.0178881	0.553081	19.7296
875	0.0100707	0.0561251	0.402386	0.00149925	0.015754	0.537322	17.4872
876	0.0100707	0.0571809	0.402386	0.0029985	0.015754	0.483974	20.6786
877	0.0100707	0.0569119	0.402386	0.005997	0.0143005	0.422458	20.1796
878	0.0100707	0.0586624	0.436956	0.00749625	0.0131704	0.394576	20.1796
879	0.0100707	0.0594164	0.450192	0.00749625	0.0131704	0.359695	20.1796
880	0.0100707	0.0616118	0.47494	0.00749625	0.0118525	0.33595	18.0346
881	0.0107663	0.0629135	0.52586	0.00749625	0.0115956	0.311817	15.8499
882	0.0111066	0.0649852	0.555573	0.0104948	0.0115956	0.278511	14.4937
883	0.0109863	0.070425	0.564681	0.0149925	0.0105035	0.268792	11.1098
884	0.0107663	0.0731727	0.564681	0.017991	0.0105035	0.242661	11.1098
885	0.0107663	0.0789188	0.624658	0.0209895	0.0115956	0.271192	19.7296
886	0.0103333	0.0845037	0.672702	0.029985	0.0127769	0.30271	33.0786
887	0.0103333	0.100216	0.874664	0.0434783	0.0131704	0.329667	34.2451
888	0.0120659	0.0943556	0.874664	0.0284858	0.0127769	0.335397	34.2451
889	0.0113269	0.0923684	0.805396	0.023988	0.0131704	0.334799	36.4405
890	0.0113269	0.0953741	0.805396	0.0254873	0.0131704	0.322388	36.4405
891	0.0113269	0.0917695	0.805396	0.0254873	0.0121424	0.321131	34.2451
892	0.0104336	0.0857883	0.622472	0.0254873	0.0121424	0.315818	34.2451
893	0.0104336	0.0804644	0.534765	0.0224888	0.0131704	0.316195	36.4405
894	0.0104336	0.0772959	0.534765	0.017991	0.0131704	0.30844	36.4405
895	0.0104336	0.0749153	0.514875	0.0134933	0.0121424	0.314858	34.2451
896	0.0104336	0.073792	0.514875	0.0134933	0.0115956	0.341962	34.2451
897	0.0105222	0.0707464	0.50895	0.0104948	0.0115956	0.411139	37.5758
898	0.0104336	0.0696927	0.468472	0.0104948	0.0115956	0.421645	38.632
899	0.0104336	0.068916	0.450192	0.0104948	0.0115956	0.473677	41.5119
900	0.0106221	0.0670249	0.450192	0.00749625	0.0115956	0.480812	41.5119
901	0.0106221	0.0650792	0.425939	0.00149925	0.010895	0.467745	40.7831
902	0.0104336	0.0637347	0.396189	0.00149925	0.0108591	0.464134	41.5119
903	0.0100056	0.0631842	0.396189	0	0.0108591	0.465548	41.5119
904	0.0105224	0.0635736	0.431686	0.00149925	0.0116651	0.49635	44.9315
905	0.0106221	0.0655678	0.445862	0.00149925	0.0115956	0.520593	44.9315
906	0.0106221	0.0644552	0.444235	0.00149925	0.0115956	0.536596	46.5764
907	0.0100056	0.0619739	0.352429	0.00149925	0.0115683	0.473562	47.3358
908	0.0100056	0.0618527	0.364335	0.00149925	0.0115956	0.417335	47.3358
909	0.0100056	0.0632223	0.364335	0.0029985	0.0115956	0.363577	47.3358
910	0.0100056	0.0624642	0.380094	0.00449775	0.0115956	0.340639	47.3358
911	0.0100056	0.064936	0.424836	0.005997	0.0115683	0.286309	50.1772
912	0.0100056	0.0645815	0.424836	0.005997	0.0115683	0.270122	50.1772
913	0.0100056	0.0672126	0.445051	0.005997	0.0109113	0.257261	46.5764
914	0.0103451	0.0640848	0.559434	0.011994	0.0115956	0.23897	47.3358
915	0.0103451	0.0644733	0.559434	0.011994	0.0115956	0.224804	47.3358
916	0.0100056	0.0633331	0.559434	0.0164918	0.0116651	0.228367	46.5764
917	0.0100056	0.0790235	1.11769	0.0569715
