		omega		Posterior		rho				Synonymous theta			kappa			phi	
Site	Lower	Point	Higher	prob of +ve	Lower	Point	Higher		Lower	Point	Higher	Lower	Point	Higher	Lower	Point	Higher
	95% HPD	estimate	95% HPD	selection	95% HPD	estimate	95% HPD		95% HPD	estimate	95% HPD	95% HPD	estimate	95% HPD	95% HPD	estimate	95% HPD
0	0.0100012	0.0665424	0.455177	0.0164918	0.0109353	0.0934925	0.672162		0.0306215	0.0455474	0.0724806	2.28797	5.1921	12.7546	0.641407	6.19799	59.046
1	0.0100012	0.0660427	0.428654	0.0149925	0.0118632	0.092158	0.545032
2	0.0100012	0.0657165	0.423403	0.0104948	0.0118632	0.0942808	0.532506
3	0.0100012	0.0655119	0.412475	0.0104948	0.0141684	0.093268	0.545032
4	0.0100012	0.0641251	0.392271	0.005997	0.0138397	0.098126	0.545032
5	0.0100012	0.0628483	0.358192	0.005997	0.0118632	0.104032	0.531963
6	0.0100012	0.0623238	0.356871	0.005997	0.0118632	0.105133	0.501383
7	0.0100012	0.0623979	0.350047	0.005997	0.0118632	0.103649	0.493674
8	0.0100012	0.0613504	0.323972	0.005997	0.0126568	0.103796	0.504371
9	0.0100204	0.060731	0.321092	0.005997	0.0118632	0.110104	0.545032
10	0.0100204	0.0614052	0.333242	0.00749625	0.0118632	0.111994	0.532247
11	0.0100204	0.0619354	0.323972	0.00749625	0.0126568	0.109607	0.545032
12	0.0101957	0.0620286	0.321092	0.00449775	0.0126568	0.110471	0.534624
13	0.0101957	0.06153	0.321092	0.00449775	0.0150862	0.121908	0.856409
14	0.010001	0.0610016	0.302203	0.00149925	0.0126568	0.116968	0.547456
15	0.010001	0.0611217	0.306198	0.00149925	0.0126568	0.110378	0.532247
16	0.010001	0.0620312	0.310963	0.00149925	0.0145348	0.106322	0.547456
17	0.010001	0.0613934	0.310963	0.00149925	0.0118632	0.100759	0.420431
18	0.0101957	0.0622736	0.337941	0.00149925	0.0126568	0.0967928	0.40244
19	0.010001	0.0631776	0.347472	0.00449775	0.0126568	0.0974383	0.403698
20	0.010001	0.0652342	0.377085	0.0089955	0.0126568	0.097574	0.404973
21	0.010001	0.066982	0.388762	0.0089955	0.0139454	0.0955417	0.430837
22	0.010001	0.0723844	0.472698	0.017991	0.0139454	0.0935101	0.413635
23	0.010001	0.0823903	0.745006	0.0389805	0.0142897	0.0935179	0.41569
24	0.0101957	0.0923845	1.02036	0.0524738	0.0126568	0.0930835	0.400553
25	0.0101957	0.101784	1.37407	0.071964	0.0126568	0.0912384	0.40244
26	0.010001	0.084134	0.708785	0.0404798	0.0126568	0.0897197	0.407607
27	0.0100204	0.0758826	0.543381	0.0269865	0.0112877	0.0863913	0.382798
28	0.0101957	0.0671542	0.467645	0.0164918	0.0112877	0.0852722	0.36059
29	0.010001	0.0656656	0.415533	0.011994	0.0100841	0.0835798	0.345501
30	0.010001	0.0637735	0.374729	0.0104948	0.0112877	0.0830422	0.40119
31	0.0100204	0.0615971	0.36644	0.0089955	0.0100841	0.0820265	0.36059
32	0.0100357	0.0607524	0.36644	0.0089955	0.0100007	0.08183	0.382798
33	0.010001	0.0590326	0.347472	0.0089955	0.0100007	0.0807371	0.382798
34	0.010001	0.0582081	0.337258	0.0104948	0.0104981	0.0826443	0.409515
35	0.010001	0.0549502	0.301003	0.005997	0.0104981	0.0831638	0.409515
36	0.0100204	0.0533424	0.270261	0.0029985	0.0100841	0.0846338	0.409515
37	0.010001	0.0522548	0.266698	0.0029985	0.0103148	0.0874028	0.499026
38	0.010001	0.0509492	0.258812	0.0029985	0.0112877	0.0826964	0.493634
39	0.010001	0.0499876	0.256441	0.00149925	0.0104981	0.0780962	0.409515
40	0.010001	0.0497019	0.256441	0.00149925	0.0113103	0.0752034	0.409515
41	0.0100204	0.0492155	0.258812	0.00149925	0.0101481	0.0751412	0.356437
42	0.010001	0.0484483	0.253649	0.00149925	0.0101481	0.0743746	0.345501
43	0.010001	0.0476932	0.237618	0.00149925	0.0103148	0.0764845	0.409515
44	0.0100204	0.0466025	0.236057	0.00149925	0.0100941	0.0747954	0.404973
45	0.010001	0.0455743	0.222526	0	0.0100941	0.0750368	0.414787
46	0.010001	0.045257	0.227519	0	0.0100941	0.0745851	0.503159
47	0.010001	0.0455316	0.23307	0	0.0100941	0.0712618	0.409046
48	0.010001	0.0455833	0.237618	0	0.0100941	0.0687338	0.357637
49	0.010001	0.044992	0.227519	0	0.0100136	0.0651411	0.339215
50	0.010001	0.0447668	0.220212	0	0.0100941	0.0621609	0.302144
51	0.010001	0.0441472	0.212389	0	0.0100941	0.0616231	0.30319
52	0.010001	0.0445879	0.213379	0	0.0100941	0.0590735	0.293515
53	0.010001	0.0451203	0.213379	0	0.0100941	0.0581535	0.284937
54	0.010001	0.0455466	0.208853	0	0.0100136	0.057535	0.289033
55	0.010001	0.0456427	0.208853	0	0.0100136	0.0574451	0.289033
56	0.010001	0.0463674	0.217905	0	0.0100136	0.0575427	0.297832
57	0.010001	0.0463072	0.213379	0	0.0100941	0.0600145	0.339215
58	0.010001	0.0464197	0.217905	0	0.0100941	0.0598747	0.342631
59	0.010001	0.0487066	0.239233	0.005997	0.0100136	0.0581112	0.309921
60	0.010001	0.0476221	0.2333	0.00149925	0.0100941	0.0570755	0.302379
61	0.0100155	0.0478043	0.239233	0.0029985	0.0100941	0.0572687	0.30319
62	0.010001	0.0488741	0.256417	0.0029985	0.0100136	0.0578236	0.309921
63	0.010001	0.0511676	0.266698	0.0029985	0.0100941	0.0576551	0.319783
64	0.010001	0.0517209	0.266698	0.00149925	0.0100941	0.0563625	0.31303
65	0.0101277	0.0524459	0.27311	0.00149925	0.0100941	0.0562804	0.318414
66	0.0100155	0.0533877	0.271586	0.0029985	0.0100941	0.0556541	0.318414
67	0.010001	0.0545288	0.271586	0.0029985	0.0100941	0.0552793	0.31303
68	0.010001	0.0562072	0.296277	0.0029985	0.0100941	0.055699	0.318414
69	0.0100155	0.058228	0.332897	0.00449775	0.0100941	0.0554738	0.319783
70	0.010001	0.0603732	0.338844	0.00449775	0.0100941	0.0560609	0.339986
71	0.010001	0.062671	0.349278	0.00449775	0.0100941	0.055983	0.339986
72	0.010001	0.0650664	0.364491	0.00449775	0.0100941	0.057092	0.364139
73	0.010001	0.0679223	0.37544	0.00749625	0.0100941	0.0616336	0.546549
74	0.010001	0.0706501	0.388442	0.00749625	0.0100941	0.0665534	0.682852
75	0.010001	0.0744767	0.400413	0.0089955	0.0100941	0.0724545	0.915105
76	0.010001	0.077868	0.41528	0.00749625	0.0100941	0.0788982	1.48804
77	0.010001	0.0804711	0.425048	0.005997	0.0100941	0.0867004	1.88286
78	0.0101957	0.0901179	0.479599	0.0089955	0.0100941	0.091861	1.89069
79	0.010001	0.0925924	0.478018	0.00749625	0.0100941	0.100537	3.84164
80	0.010001	0.107315	0.567215	0.0134933	0.0100941	0.116624	7.52551
81	0.0111739	0.125528	0.741874	0.0254873	0.0100941	0.12076	7.4082
82	0.0154164	0.146128	1.10688	0.035982	0.0100941	0.141463	8.19755
83	0.0247271	0.167831	1.49519	0.0509745	0.0100941	0.169613	11.3135
84	0.0241624	0.163805	1.34255	0.0434783	0.0100941	0.208236	15.1718
85	0.0247271	0.160376	1.52793	0.0449775	0.0100941	0.236899	17.4224
86	0.0209378	0.159271	1.49519	0.0464768	0.0101891	0.242312	20.456
87	0.0209378	0.161888	1.46353	0.0494753	0.0108753	0.23286	23.178
88	0.0209378	0.160811	1.34255	0.0464768	0.010166	0.200603	20.2185
89	0.0196565	0.174222	1.38787	0.05997	0.010166	0.201768	24.9043
90	0.0191085	0.18772	1.58176	0.0734633	0.010166	0.152173	6.60037
91	0.0130586	0.144224	0.899046	0.0389805	0.010166	0.150974	8.18333
92	0.0135339	0.134767	0.819842	0.029985	0.0110339	0.154772	12.0665
93	0.012827	0.121294	0.626044	0.017991	0.0108745	0.155164	12.0665
94	0.0137137	0.114242	0.626044	0.0149925	0.0108745	0.159487	14.1591
95	0.0145678	0.11018	0.629573	0.011994	0.0104142	0.161988	14.6579
96	0.0145678	0.109019	0.629573	0.0089955	0.010166	0.152149	12.1843
97	0.0116272	0.106355	0.500744	0.0104948	0.0108745	0.151862	12.1843
98	0.0116272	0.104029	0.492152	0.0104948	0.010166	0.143226	7.9184
99	0.0126654	0.100533	0.506081	0.00749625	0.010166	0.145672	7.71265
100	0.0116272	0.0990975	0.468603	0.0104948	0.0108745	0.152798	12.1843
101	0.0125207	0.0974031	0.489715	0.00749625	0.010166	0.160036	16.1757
102	0.0126654	0.0945988	0.482677	0.0029985	0.010166	0.165354	23.1095
103	0.0125207	0.0932692	0.468603	0.00149925	0.010166	0.157178	23.1095
104	0.0134593	0.0915545	0.489715	0.00149925	0.0108745	0.159923	32.2977
105	0.0125207	0.0914574	0.441789	0.00149925	0.011323	0.16177	34.2746
106	0.0125207	0.0916338	0.450364	0.00149925	0.010166	0.160895	31.5015
107	0.0134593	0.091242	0.480975	0	0.010166	0.162066	31.5015
108	0.0109386	0.0906842	0.364491	0	0.010166	0.163584	32.2977
109	0.0106376	0.0908595	0.364693	0	0.0101281	0.168806	33.5535
110	0.0100707	0.0911695	0.364693	0.00149925	0.010166	0.170323	34.2746
111	0.0106376	0.0911876	0.400413	0.005997	0.0101281	0.176607	38.5039
112	0.0106376	0.0896645	0.402338	0.00449775	0.0101281	0.184786	43.3821
113	0.0106376	0.0906706	0.402338	0.00449775	0.0101281	0.183628	47.8234
114	0.0109386	0.0902905	0.402338	0.00449775	0.0101281	0.18195	51.4603
115	0.0106376	0.0933473	0.408996	0.0089955	0.0101281	0.178768	47.8234
116	0.0106376	0.0958669	0.426039	0.0089955	0.0101281	0.17439	49.8805
117	0.0126654	0.0973052	0.503812	0.005997	0.0101281	0.172431	53.5672
118	0.0107873	0.100015	0.441789	0.0089955	0.0101281	0.160737	47.8234
119	0.0106376	0.103394	0.450364	0.0089955	0.0101281	0.159884	43.3821
120	0.0114363	0.109318	0.503812	0.0089955	0.0101281	0.135008	28.039
121	0.0114363	0.116732	0.553615	0.0134933	0.0101224	0.119383	16.6853
122	0.0116132	0.125085	0.631628	0.0209895	0.0101224	0.107462	12.3593
123	0.0149448	0.13437	0.848911	0.0194903	0.0101224	0.100953	5.94824
124	0.0149448	0.13213	0.848911	0.017991	0.0101224	0.102307	4.74407
125	0.0117093	0.128705	0.624331	0.017991	0.0101224	0.0964079	4.19417
126	0.0146179	0.124828	0.690648	0.0134933	0.0101224	0.0916821	1.77423
127	0.014097	0.124406	0.646823	0.011994	0.0101224	0.090125	1.2111
128	0.0148808	0.121425	0.600127	0.00749625	0.0101224	0.0844576	0.782708
129	0.0148808	0.118905	0.620814	0.00749625	0.0100123	0.0853642	0.90712
130	0.0146179	0.117921	0.595254	0.00749625	0.0100123	0.0859177	0.954292
131	0.0146179	0.115198	0.576599	0.005997	0.0100123	0.0882805	1.0244
132	0.01438	0.117105	0.553602	0.005997	0.0100123	0.0898582	1.29476
133	0.0146179	0.119461	0.541335	0.005997	0.0100123	0.0911003	1.34818
134	0.014097	0.117871	0.515573	0.005997	0.0100123	0.0943731	1.29476
135	0.0148808	0.118982	0.541335	0.005997	0.0100123	0.0955721	1.29476
136	0.0143702	0.11837	0.491991	0.00449775	0.0100123	0.100595	1.78568
137	0.0149448	0.119111	0.551115	0.00149925	0.0100123	0.104247	2.23807
138	0.0148808	0.121287	0.541335	0.00149925	0.0100123	0.107628	6.58363
139	0.0150557	0.121695	0.551115	0.0029985	0.0101281	0.115789	9.56211
140	0.0143702	0.124614	0.551115	0.00449775	0.0101281	0.125178	11.4848
141	0.0170103	0.128683	0.696669	0.005997	0.0100123	0.128066	11.4848
142	0.0188895	0.134707	0.696669	0.00749625	0.0100123	0.126527	11.4848
143	0.0201876	0.144224	0.696669	0.0089955	0.0100123	0.13206	16.3917
144	0.0201876	0.15304	0.756712	0.0149925	0.0103341	0.135257	21.0138
145	0.021858	0.16949	0.886422	0.0254873	0.0103341	0.135525	21.0138
146	0.021858	0.165854	0.85617	0.0209895	0.0103341	0.13913	21.0138
147	0.021858	0.161699	0.874742	0.017991	0.0101281	0.144629	20.7233
148	0.0218512	0.161219	0.85617	0.017991	0.0100123	0.145676	20.7233
149	0.0218512	0.159778	0.907778	0.017991	0.0100123	0.14132	16.3917
150	0.0211117	0.158874	0.907778	0.0164918	0.0100123	0.136815	8.05644
151	0.0164653	0.156306	0.735776	0.0149925	0.0100123	0.145933	7.15183
152	0.0211117	0.160053	0.978275	0.0164918	0.0100123	0.155575	8.05644
153	0.0218512	0.164489	0.997381	0.0164918	0.0100123	0.175817	16.3917
154	0.0196476	0.172222	0.978275	0.023988	0.0100123	0.179359	8.65246
155	0.0218512	0.179914	1.0738	0.0254873	0.0100509	0.183312	9.72958
156	0.0218512	0.186933	1.07786	0.0284858	0.0100123	0.16603	6.16479
157	0.0218512	0.193797	1.17025	0.0374813	0.0100123	0.159042	2.44024
158	0.0267361	0.216479	1.48564	0.0524738	0.0100123	0.162976	2.44024
159	0.0278495	0.241291	1.56937	0.0734633	0.0114228	0.163399	2.53041
160	0.0267361	0.229448	1.72886	0.065967	0.0119898	0.167335	2.53041
161	0.0190977	0.227523	1.3046	0.065967	0.0100123	0.167681	2.15444
162	0.0193764	0.227658	1.3046	0.0674663	0.0120957	0.167668	2.49544
163	0.0211117	0.228099	1.35118	0.065967	0.0100123	0.184289	2.49544
164	0.0201655	0.227921	1.30895	0.065967	0.0114228	0.198116	5.13357
165	0.0218512	0.229412	1.53189	0.0689655	0.0107522	0.21829	6.78261
166	0.0201655	0.237061	1.48564	0.077961	0.0120957	0.223274	7.80474
167	0.0223493	0.255005	1.87378	0.0974513	0.0100509	0.234659	7.03404
168	0.0203923	0.27711	1.87378	0.11994	0.0100509	0.251075	7.80474
169	0.0190977	0.321792	1.87378	0.16042	0.0120957	0.25864	9.1888
170	0.0391272	0.431726	3.97933	0.236882	0.0120957	0.267934	10.2515
171	0.120582	0.675942	5.49568	0.35982	0.0107522	0.294285	12.8252
172	0.144846	0.721832	6.24134	0.382309	0.0107522	0.316497	17.2354
173	0.144846	0.836573	5.89841	0.431784	0.0120957	0.315636	17.3453
174	0.092573	0.743741	6.78593	0.404798
