		omega		Posterior		rho				Synonymous theta			kappa			phi	
Site	Lower	Point	Higher	prob of +ve	Lower	Point	Higher		Lower	Point	Higher	Lower	Point	Higher	Lower	Point	Higher
	95% HPD	estimate	95% HPD	selection	95% HPD	estimate	95% HPD		95% HPD	estimate	95% HPD	95% HPD	estimate	95% HPD	95% HPD	estimate	95% HPD
0	0.0100164	0.0361844	0.272871	0.00749625	0.0100853	0.230411	38.0665		0.0409855	0.0580865	0.0797883	2.19913	4.65902	11.0445	0	0	0
1	0.0100164	0.0358168	0.293642	0.00749625	0.0100194	0.208935	38.0665
2	0.0100164	0.034163	0.248322	0.00449775	0.0100853	0.20013	39.1506
3	0.0100164	0.0327106	0.212468	0.0029985	0.0100194	0.203005	38.0665
4	0.0100164	0.0328121	0.221368	0.005997	0.0100853	0.214513	39.6899
5	0.0100164	0.032693	0.217371	0.005997	0.0100194	0.227218	39.6899
6	0.0100164	0.0311435	0.188801	0.00449775	0.0100194	0.193528	38.0665
7	0.0100164	0.0307725	0.178589	0.00449775	0.0100194	0.183974	38.1788
8	0.0100523	0.0304764	0.172841	0.005997	0.0100194	0.163239	38.9181
9	0.0100164	0.0291894	0.136147	0.00449775	0.0100194	0.146461	38.0665
10	0.0100164	0.029246	0.139756	0.005997	0.0100194	0.1346	38.0665
11	0.0100164	0.0287076	0.132656	0.005997	0.0100194	0.111959	29.2324
12	0.0100972	0.0279301	0.127564	0.00149925	0.0100194	0.0888813	22.2194
13	0.0100972	0.0281168	0.127177	0.00149925	0.0100194	0.0713504	18.215
14	0.0100164	0.0278239	0.121062	0.00149925	0.0100194	0.0547943	6.49247
15	0.0100164	0.0278556	0.120622	0.00149925	0.0100194	0.043513	0.828887
16	0.0100164	0.027799	0.119122	0.00149925	0.0100194	0.0342794	0.259171
17	0.0100164	0.0275017	0.115674	0.00149925	0.0100194	0.0331424	0.217634
18	0.0100164	0.0270212	0.112063	0	0.0100194	0.0316335	0.151129
19	0.0100164	0.0272301	0.117135	0	0.0100194	0.0309613	0.140314
20	0.0100164	0.0271872	0.121062	0	0.0100194	0.0304332	0.13165
21	0.0100164	0.0271767	0.119122	0	0.0100194	0.0299258	0.121135
22	0.0100164	0.0269825	0.119122	0	0.0100194	0.0292367	0.114777
23	0.0100164	0.0270344	0.121062	0	0.0100194	0.0288098	0.110793
24	0.0100164	0.0270549	0.121062	0	0.0100194	0.0290371	0.110793
25	0.0100164	0.0271281	0.120334	0	0.0100194	0.0286301	0.108488
26	0.0100164	0.026636	0.115164	0	0.0100194	0.0283365	0.108488
27	0.0100164	0.0268783	0.117165	0	0.0100225	0.0282836	0.108488
28	0.0100164	0.0266361	0.115164	0	0.0100225	0.0274834	0.105414
29	0.0100164	0.026968	0.117165	0.00149925	0.0100225	0.0274766	0.103483
30	0.0100164	0.0268648	0.112063	0.00149925	0.0100225	0.0274926	0.105414
31	0.0100164	0.0265806	0.115164	0.0029985	0.0100225	0.0277576	0.105414
32	0.0100546	0.0262102	0.112247	0.00149925	0.0100225	0.0280009	0.107201
33	0.0100164	0.0257658	0.111134	0.00149925	0.0100225	0.0279901	0.107201
34	0.0100546	0.0259284	0.115164	0.00149925	0.0100225	0.0278914	0.106873
35	0.0100164	0.0254843	0.111134	0	0.0100225	0.0280606	0.107201
36	0.0100164	0.0255838	0.109596	0	0.0100225	0.0282825	0.110812
37	0.0100164	0.0254431	0.108502	0	0.0100225	0.0283502	0.115158
38	0.0100164	0.0255965	0.109121	0.00149925	0.0100225	0.0290696	0.118027
39	0.0100164	0.0256016	0.112247	0	0.0100225	0.029166	0.121275
40	0.0100164	0.0255112	0.111134	0	0.0100225	0.0290861	0.121275
41	0.0100164	0.0252069	0.108502	0	0.0100225	0.0289791	0.123098
42	0.0100164	0.0253609	0.109121	0.00149925	0.0100225	0.0288969	0.136441
43	0.0100106	0.0248102	0.101387	0.00149925	0.0100225	0.0287295	0.134089
44	0.0100106	0.0244165	0.0983202	0.00149925	0.0100225	0.0282949	0.118027
45	0.0100106	0.0244091	0.0983202	0.0029985	0.0100225	0.0286268	0.121275
46	0.0100106	0.0239182	0.0927345	0.00149925	0.0100366	0.0290269	0.134089
47	0.0100106	0.0239535	0.0878616	0	0.0100225	0.0291496	0.146337
48	0.0100106	0.0240672	0.0886418	0	0.0100225	0.0294892	0.149701
49	0.0100106	0.0243733	0.0902447	0	0.0100442	0.0297632	0.154128
50	0.0100106	0.0240531	0.0895906	0	0.0100225	0.0298194	0.150707
51	0.0100164	0.0239374	0.0902447	0	0.0100225	0.029989	0.150707
52	0.0100106	0.0240324	0.0902447	0	0.0100225	0.0296209	0.149701
53	0.0100106	0.0241765	0.0927345	0.00149925	0.0100225	0.0304132	0.158013
54	0.0100106	0.0243593	0.098559	0.00149925	0.0100225	0.0307686	0.179242
55	0.0100106	0.0245677	0.101387	0	0.0100225	0.0310628	0.183447
56	0.0100106	0.0246717	0.112247	0	0.0100225	0.0309627	0.180186
57	0.0100106	0.024405	0.101387	0	0.0100442	0.0312811	0.196391
58	0.0100106	0.0242935	0.099205	0	0.0100225	0.0303805	0.180186
59	0.0100106	0.0244247	0.099205	0	0.0100225	0.030208	0.171993
60	0.0100106	0.0242326	0.097576	0	0.0100225	0.0298693	0.152197
61	0.0100106	0.0244988	0.098559	0	0.0100225	0.0304767	0.15635
62	0.0100106	0.0242795	0.0955443	0	0.0100225	0.0310134	0.175381
63	0.0100106	0.0243012	0.098559	0.00149925	0.0100225	0.0310879	0.175381
64	0.0100106	0.0241111	0.106406	0	0.0100225	0.0308127	0.150707
65	0.0100106	0.0239206	0.106406	0	0.0101062	0.030391	0.134089
66	0.0100106	0.0238317	0.106406	0	0.010137	0.030177	0.130636
67	0.0100106	0.0236633	0.098559	0	0.0101062	0.0306276	0.140604
68	0.0100106	0.0233568	0.0945391	0	0.0101062	0.0302318	0.134089
69	0.0100106	0.023299	0.0882974	0	0.0101062	0.0301723	0.129279
70	0.0100106	0.0234746	0.0945391	0	0.010137	0.0298602	0.125736
71	0.0100106	0.023956	0.098559	0	0.0101736	0.0293054	0.121393
72	0.0100106	0.0239698	0.098559	0	0.010137	0.0295184	0.121142
73	0.0100106	0.0238139	0.0945391	0	0.010137	0.0296782	0.121252
74	0.0100106	0.0236679	0.0882974	0	0.010137	0.0300767	0.123098
75	0.0100106	0.0234854	0.0880091	0	0.010137	0.0304913	0.125736
76	0.0100106	0.0234654	0.0880091	0	0.010137	0.0303454	0.121393
77	0.0100106	0.0237154	0.0945391	0.00149925	0.010137	0.0302763	0.121299
78	0.0100106	0.0234148	0.0882974	0	0.010137	0.0305939	0.124662
79	0.0100106	0.0235621	0.0955654	0	0.010137	0.0306789	0.124662
80	0.0100106	0.0234055	0.0898788	0	0.010137	0.0309193	0.124662
81	0.0100106	0.0233356	0.0916383	0	0.010137	0.0316315	0.130531
82	0.0100362	0.0234677	0.0936094	0	0.010137	0.0320754	0.135672
83	0.0100362	0.0237064	0.0936094	0.00149925	0.010137	0.0326371	0.146552
84	0.0100362	0.023754	0.0982242	0	0.010137	0.0326242	0.145048
85	0.0100362	0.0236456	0.0982242	0	0.010137	0.0331877	0.154128
86	0.0100362	0.0236265	0.0982242	0	0.010137	0.0340569	0.17707
87	0.0100362	0.0237802	0.0982242	0.00149925	0.010137	0.0348083	0.194644
88	0.0100362	0.0243988	0.106406	0.00149925	0.010137	0.0354784	0.193218
89	0.0100362	0.0243422	0.106406	0.00149925	0.010137	0.0355406	0.193218
90	0.0100704	0.0240042	0.106406	0	0.010137	0.0356683	0.193218
91	0.0100362	0.0237683	0.098559	0	0.010137	0.0359846	0.194986
92	0.0100362	0.0238851	0.0945432	0.00449775	0.010137	0.0360876	0.194644
93	0.0100704	0.0234331	0.0882974	0.00149925	0.010137	0.0360403	0.193218
94	0.0100362	0.0233791	0.0849278	0.00149925	0.010137	0.03597	0.186628
95	0.0100362	0.0233142	0.0842562	0.00149925	0.010137	0.036133	0.186628
96	0.0100704	0.0233194	0.0882974	0.00149925	0.010137	0.037089	0.194644
97	0.0100704	0.0234586	0.0882974	0.00149925	0.010137	0.0373435	0.205051
98	0.0100362	0.0232806	0.0842562	0.00149925	0.010137	0.037249	0.205051
99	0.0100362	0.0232466	0.0838985	0.00149925	0.010137	0.0372842	0.207066
100	0.0100362	0.0232906	0.0832115	0.00149925	0.010137	0.0367059	0.204512
101	0.0100362	0.0231211	0.0832115	0.00149925	0.010137	0.0366687	0.194986
102	0.0100362	0.0226162	0.0772448	0	0.010137	0.0359791	0.178456
103	0.0100468	0.0227779	0.0820607	0	0.0101522	0.0361667	0.17707
104	0.0100468	0.0229059	0.0820607	0	0.010137	0.0357303	0.171834
105	0.0100362	0.0229969	0.0820607	0	0.010137	0.0353256	0.159694
106	0.0100286	0.0230572	0.0820607	0	0.010137	0.0345281	0.155137
107	0.0100286	0.0230948	0.0823661	0	0.010137	0.0345154	0.152936
108	0.0100286	0.0233419	0.083728	0	0.010137	0.0336156	0.145048
109	0.0100286	0.0235235	0.0842435	0.00149925	0.010137	0.0336976	0.145048
110	0.0100286	0.0235295	0.0838985	0	0.0101522	0.0340378	0.145048
111	0.0100286	0.0234616	0.0832115	0.00149925	0.010137	0.0338851	0.135045
112	0.0100286	0.0237112	0.083728	0.00149925	0.0101105	0.033767	0.132374
113	0.0100286	0.0237067	0.083728	0.00149925	0.0101105	0.0338254	0.12993
114	0.0100286	0.0235604	0.0820099	0	0.0101105	0.0336304	0.126684
115	0.0100286	0.023707	0.0832115	0	0.0101105	0.0337253	0.126684
116	0.0100286	0.0235692	0.0809745	0	0.010137	0.0334359	0.125781
117	0.0100286	0.0235458	0.0820099	0	0.0101105	0.033658	0.126684
118	0.0100286	0.0237895	0.0838985	0	0.0101105	0.0329996	0.120946
119	0.0100286	0.0236885	0.0832115	0.00149925	0.0101522	0.0331166	0.124882
120	0.0100286	0.0235462	0.0772448	0	0.0101522	0.0332916	0.124882
121	0.0100286	0.0236834	0.0772448	0	0.0101105	0.0332481	0.124882
122	0.0100286	0.0234179	0.0736629	0	0.0100644	0.0331404	0.122363
123	0.0100286	0.0235925	0.0761299	0.00149925	0.0100644	0.0331921	0.119866
124	0.0100286	0.0236987	0.0891513	0.00149925	0.0101105	0.0335248	0.125406
125	0.0100286	0.0235909	0.0891513	0	0.0100644	0.0340734	0.125781
126	0.0100286	0.0233373	0.0881565	0.00149925	0.0101233	0.0345722	0.12712
127	0.0100286	0.0232	0.0847363	0.00149925	0.0101233	0.0351869	0.12712
128	0.0100286	0.0232712	0.0881565	0.0029985	0.0101105	0.035607	0.132721
129	0.0100286	0.0230642	0.0809943	0.00149925	0.0100644	0.0372696	0.144
130	0.0100286	0.0230439	0.0787749	0.00149925	0.0101105	0.0372467	0.144
131	0.0100286	0.0230751	0.0820099	0	0.0101105	0.0371216	0.138839
132	0.0100286	0.0227544	0.0761299	0	0.0101233	0.0378134	0.145048
133	0.0100286	0.0227593	0.0761299	0	0.0101233	0.0379296	0.145048
134	0.0100286	0.0229835	0.0761299	0	0.0100644	0.0385318	0.145048
135	0.0100286	0.0227227	0.0720676	0	0.0101233	0.0386939	0.145862
136	0.0100286	0.0230179	0.0787749	0	0.0100644	0.039862	0.169678
137	0.0100286	0.0232759	0.0851794	0.00149925	0.0100644	0.0398434	0.158143
138	0.0100286	0.0234533	0.0905976	0.00149925	0.0100644	0.0401175	0.153822
139	0.0100286	0.0238197	0.0948001	0.00149925	0.0100644	0.0397615	0.145048
140	0.0100286	0.0244804	0.0997313	0.005997	0.0101233	0.039884	0.145048
141	0.0100286	0.0242823	0.0987379	0.005997	0.0101233	0.0407246	0.145048
142	0.0100286	0.023826	0.0948001	0.00149925	0.0101233	0.0404215	0.148317
143	0.0100033	0.023821	0.0984362	0	0.0101233	0.0413256	0.153822
144	0.0100033	0.0236303	0.0923942	0	0.0101233	0.0416294	0.153822
145	0.0100033	0.023685	0.0984362	0	0.0101233	0.0417546	0.153822
146	0.0100033	0.0237991	0.0987379	0	0.0101233	0.0426433	0.158143
147	0.0100033	0.0238008	0.106353	0	0.0101233	0.0433987	0.169678
148	0.0100033	0.0238123	0.0984362	0	0.0101233	0.0439381	0.159865
149	0.0100033	0.0236766	0.0966614	0	0.0101233	0.0446097	0.177251
150	0.0100033	0.0238805	0.107644	0	0.0101233	0.0449978	0.197088
151	0.0100033	0.0240066	0.108669	0	0.0101233	0.0448165	0.184117
152	0.0100033	0.0237203	0.107644	0	0.0101233	0.0456232	0.197088
153	0.0100033	0.0239048	0.0987379	0	0.0101233	0.0466222	0.204336
154	0.0100033	0.0238878	0.0966614	0.00149925	0.0101233	0.047257	0.203603
155	0.0100033	0.0241085	0.100507	0.00149925	0.0101233	0.0469303	0.195941
156	0.0100033	0.0242495	0.106234	0.0029985	0.0101233	0.0489189	0.204336
157	0.0100033	0.0241042	0.0984362	0.00149925	0.0101233	0.0509159	0.216338
158	0.0100033	0.0242899	0.100507	0.00149925	0.0101233	0.0531619	0.256397
159	0.0100033	0.0242983	0.100507	0.00149925	0.0101233	0.0553117	0.304667
160	0.0100033	0.0243213	0.106234	0.00149925	0.0101233	0.0562166	0.317397
161	0.0100033	0.0240424	0.0905976	0.00149925	0.0104204	0.0587062	0.358323
162	0.0100033	0.0245479	0.0988203	0.00149925	0.0104204	0.0600641	0.359972
163	0.0100033	0.0242535	0.0988203	0	0.0104204	0.0607461	0.359972
164	0.0100033	0.0240057	0.0911931	0	0.0103343	0.0606777	0.359972
165	0.0100033	0.02428	0.0988203	0	0.0101233	0.0610904	0.358323
166	0.0100033	0.0243712	0.106234	0	0.0101233	0.0607546	0.358323
167	0.0100033	0.0240637	0.0905976	0	0.0101233	0.0596749	0.358323
168	0.0100033	0.0240328	0.0892822	0	0.0101635	0.0593365	0.358323
169	0.0100033	0.0244106	0.0923942	0	0.0105145	0.0582046	0.355279
170	0.0100033	0.0242942	0.0886299	0	0.0105145	0.058607	0.355279
171	0.0100033	0.0242641	0.0873354	0	0.0105979	0.0583962	0.359972
172	0.0100033	0.0242837	0.0845583	0	0.0101635	0.0567701	0.327202
173	0.0100033	0.0242478	0.0866113	0	0.0100059	0.055482	0.304667
174	0.0100033	0.0243283	0.0866113	0	0.0100059	0.0546041	0.289019
175	0.0100033	0.0245196	0.0873354	0	0.0100059	0.0540207	0.285666
176	0.0100033	0.0248949	0.0905976	0	0.0100059	0.0544011	0.289019
177	0.0100033	0.0250242	0.0908082	0	0.0101635	0.0537831	0.285935
178	0.0100033	0.0251395	0.0892822	0	0.0100059	0.0546301	0.289019
179	0.0100033	0.0250715	0.0866113	0	0.0101233	0.0564222	0.332938
180	0.0100033	0.0252448	0.0845583	0.00149925	0.0101635	0.0565051	0.331288
181	0.0100033	0.0254439	0.0855502	0.00149925	0.0100059	0.0572271	0.331288
182	0.0100033	0.0253688	0.0845583	0	0.0101233	0.058144	0.338296
183	0.0100033	0.0252087	0.0819769	0	0.0101233	0.0588207	0.341117
184	0.0100033	0.0255796	0.0855502	0	0.0101635	0.0583022	0.331288
185	0.0100033	0.0266593	0.0911931	0.00749625	0.0101233	0.0586962	0.326639
186	0.0100033	0.0265626	0.0923942	0.0029985	0.0101514	0.058856	0.331288
187	0.0100033	0.0265006	0.0923942	0.00149925	0.0101233	0.059989	0.331288
188	0.0100033	0.0268052	0.0947599	0	0.0101233	0.0605124	0.341117
189	0.0100033	0.0273681	0.117699	0.0029985	0.0101233	0.0622243	0.352573
190	0.0100033	0.0278245	0.134515	0.0029985	0.0101233	0.0630679	0.357574
191	0.0100033	0.0280111	0.139801	0.0029985	0.0101233	0.0640401	0.392718
192	0.0100033	0.0289976	0.153855	0.0029985	0.0101233	0.0667546	0.458613
193	0.0100033	0.0291423	0.153855	0.0029985	0.0101635	0.0672411	0.435201
194	0.0100033	0.029487	0.161687	0.0029985	0.0101635	0.0698844	0.48549
195	0.0100033	0.0294291	0.154805	0.0029985	0.0101635	0.0732016	0.564831
196	0.0100033	0.0305403	0.173164	0.00149925	0.010152	0.0760941	0.611432
197	0.0100033	0.031485	0.199373	0.00449775	0.010152	0.0784391	0.670675
198	0.0100033	0.0308122	0.176383	0.00149925	0.010152	0.0852381	0.886327
199	0.0100033	0.0312939	0.196852	0.00149925	0.010152	0.0899644	1.19076
200	0.0100033	0.0314368	0.197354	0.0029985	0.0101635	0.0972546	2.81087
201	0.0100033	0.0324291	0.235761	0.00449775	0.010152	0.0975741	2.81087
202	0.0100033	0.0331002	0.253691	0.0029985	0.010152	0.099124	2.81087
203	0.0100033	0.0337306	0.256764	0.0029985	0.010152	0.11834	6.26643
204	0.0100033	0.035003	0.275199	0.005997
