		omega		Posterior		rho				Synonymous theta			kappa			phi	
Site	Lower	Point	Higher	prob of +ve	Lower	Point	Higher		Lower	Point	Higher	Lower	Point	Higher	Lower	Point	Higher
	95% HPD	estimate	95% HPD	selection	95% HPD	estimate	95% HPD		95% HPD	estimate	95% HPD	95% HPD	estimate	95% HPD	95% HPD	estimate	95% HPD
0	0.0153666	0.338098	2.44465	0.182909	0.0100164	0.148169	14.0116		0.0231649	0.0355173	0.0509373	1.91144	4.04004	9.14793	0	0	0
1	0.0176353	0.350847	2.73398	0.184408	0.0104841	0.129514	5.88262
2	0.0324633	0.409832	3.38621	0.203898	0.0104841	0.110831	2.52768
3	0.0707649	0.56352	2.77967	0.269865	0.0100164	0.104276	1.97098
4	0.0707649	0.552499	2.96355	0.269865	0.0100164	0.103331	1.4951
5	0.0707649	0.551876	3.39385	0.274363	0.0100164	0.101123	1.40016
6	0.028902	0.373724	3.39385	0.182909	0.0100164	0.100528	1.33333
7	0.0229273	0.302827	2.44465	0.137931	0.0100164	0.09987	1.22397
8	0.0220428	0.269752	2.44465	0.118441	0.0100164	0.102631	1.24832
9	0.0133905	0.220661	1.51687	0.0809595	0.0104841	0.108323	1.47011
10	0.0116681	0.194396	1.12034	0.0644678	0.0104841	0.139507	5.86514
11	0.0116681	0.179305	1.06639	0.053973	0.0100164	0.164033	10.3293
12	0.0116681	0.167284	0.961273	0.0404798	0.0100164	0.198394	19.7794
13	0.0116681	0.160036	0.881931	0.0329835	0.0100164	0.259833	36.7961
14	0.0116681	0.164608	0.943678	0.0389805	0.0118911	0.303835	57.379
15	0.0116681	0.157612	0.876069	0.0329835	0.0100164	0.289222	43.9674
16	0.011865	0.14847	0.849366	0.023988	0.0101072	0.260898	35.7292
17	0.0116681	0.136872	0.795171	0.0149925	0.0114088	0.243468	38.4484
18	0.0116681	0.130531	0.752352	0.0089955	0.0104841	0.24062	35.7292
19	0.0116681	0.132756	0.722208	0.0104948	0.0100164	0.243599	31.8586
20	0.0119673	0.127587	0.730663	0.00449775	0.0104841	0.258125	35.7292
21	0.0111704	0.124238	0.687721	0.00449775	0.0101072	0.265057	31.8586
22	0.0112582	0.120672	0.683245	0.00149925	0.0104841	0.286605	35.7292
23	0.0112582	0.121069	0.67438	0.00149925	0.0108889	0.355868	43.9674
24	0.0111704	0.120372	0.683245	0.00149925	0.0135675	0.505022	61.5067
25	0.0113046	0.125052	0.722208	0.005997	0.0135675	0.639827	59.7793
26	0.0112582	0.129205	0.722208	0.0089955	0.019537	0.807206	92.1072
27	0.0120655	0.13465	0.804858	0.0089955	0.0224714	1.03403	91.6255
28	0.0133905	0.137979	0.876725	0.0089955	0.0349316	1.34503	92.1072
29	0.0133905	0.147342	0.93791	0.011994	0.0477792	1.49224	92.1072
30	0.0124655	0.158177	0.950029	0.017991	0.0697355	1.70016	92.1072
31	0.0100705	0.182652	0.963657	0.047976	0.104171	1.8271	92.1072
32	0.0111704	0.227333	1.45611	0.0794603	0.120214	1.90639	92.1072
33	0.0189327	0.269628	2.97912	0.110945	0.128505	1.91332	92.1072
34	0.0515277	0.468268	7.27146	0.223388	0.169378	2.03193	92.1072
35	0.0537027	0.45655	7.48083	0.217391	0.128505	1.92454	92.1072
36	0.0260152	0.320876	3.31087	0.136432	0.0553142	1.52049	54.4936
37	0.0253183	0.268271	2.97912	0.106447	0.0802354	1.38737	81.4639
38	0.0159201	0.230406	1.85374	0.0824588	0.0802354	1.31031	91.6255
39	0.017629	0.209719	1.91219	0.071964	0.0802354	1.25587	91.6255
40	0.0114847	0.191697	1.19868	0.05997	0.0691167	1.14308	81.4639
41	0.0110791	0.177645	1.01619	0.0509745	0.0691167	1.15361	81.4639
42	0.0119599	0.165554	0.911281	0.035982	0.0854751	1.02818	81.4639
43	0.0154949	0.156206	1.10355	0.0314843	0.105471	1.06121	72.8028
44	0.0154949	0.148348	1.00102	0.0269865	0.110728	1.04391	81.4639
45	0.0154363	0.144863	0.936364	0.0224888	0.105471	1.01975	45.3479
46	0.0154363	0.143549	0.904844	0.0194903	0.109338	0.975546	43.9674
47	0.0154949	0.139472	0.911281	0.017991	0.109338	0.957217	43.9674
48	0.0154363	0.135576	0.871932	0.0149925	0.105471	0.94102	47.9395
49	0.0159201	0.134842	0.911281	0.0164918	0.109417	0.90402	44.4205
50	0.0154949	0.138421	0.860554	0.0194903	0.056174	0.859351	23.9305
51	0.0154949	0.138417	0.911281	0.0209895	0.0541254	0.714995	23.9305
52	0.0144439	0.146987	0.911281	0.0314843	0.0531944	0.584854	48.2288
53	0.0114947	0.201548	3.49886	0.095952	0.0118588	0.402854	10.174
54	0.0114947	0.144242	0.911281	0.041979	0.0199742	0.269231	1.75707
55	0.0110791	0.117942	0.694937	0.0209895	0.0199742	0.25394	1.42556
56	0.0114947	0.10463	0.658718	0.0134933	0.0199742	0.243156	1.31365
57	0.0114947	0.0954053	0.64844	0.0089955	0.0196902	0.225752	1.37396
58	0.0114947	0.0885688	0.608144	0.005997	0.0135523	0.223578	1.1191
59	0.01001	0.0832966	0.477143	0.00749625	0.0135523	0.217383	1.1142
60	0.01001	0.0799581	0.445688	0.0134933	0.0148128	0.202265	1.14086
61	0.01001	0.0741653	0.382913	0.00749625	0.0130093	0.194859	1.14086
62	0.01001	0.0730515	0.378447	0.005997	0.0117251	0.183203	1.14086
63	0.01001	0.0687059	0.360385	0.00449775	0.0101504	0.174396	1.06668
64	0.01001	0.0675873	0.359082	0.005997	0.0101504	0.16551	1.1142
65	0.01001	0.0663057	0.360034	0.005997	0.0101504	0.156791	1.08959
66	0.01001	0.0653711	0.356403	0.005997	0.0101504	0.148873	1.03929
67	0.01001	0.0643738	0.360034	0.005997	0.0101504	0.145218	1.06668
68	0.01001	0.064593	0.364556	0.0029985	0.0101504	0.14123	1.08959
69	0.01001	0.0624737	0.360385	0.0029985	0.0102555	0.144797	1.31365
70	0.01001	0.0620251	0.36655	0.005997	0.0101504	0.146696	2.70109
71	0.01001	0.0584597	0.328783	0.005997	0.0102555	0.137672	2.70109
72	0.01001	0.0572681	0.320383	0.0029985	0.0102555	0.145099	26.4442
73	0.01001	0.0574548	0.322051	0.0029985	0.0102555	0.141322	27.8959
74	0.01001	0.0563355	0.315787	0	0.0102555	0.139814	26.4442
75	0.01001	0.0560545	0.315528	0.0029985	0.0102555	0.13683	25.737
76	0.01001	0.0553485	0.303213	0.0029985	0.0104073	0.137087	25.737
77	0.01001	0.0568932	0.315528	0.005997	0.0104073	0.134092	25.737
78	0.01001	0.0549702	0.293663	0.00149925	0.0104073	0.134506	25.737
79	0.01001	0.0547261	0.307106	0.00149925	0.0104073	0.134885	25.737
80	0.01001	0.0546157	0.300766	0.00149925	0.0104073	0.135277	25.737
81	0.01001	0.053195	0.269529	0	0.0104073	0.136275	25.737
82	0.01001	0.0548153	0.299315	0.00449775	0.0104073	0.137106	25.737
83	0.01001	0.0532473	0.271708	0.00149925	0.0104073	0.137537	26.4442
84	0.01001	0.0534623	0.293663	0.00449775	0.0100186	0.131861	7.20361
85	0.01001	0.0524476	0.271708	0.0029985	0.0100186	0.132044	4.91798
86	0.01001	0.0522681	0.271708	0.005997	0.0100186	0.120935	2.95729
87	0.01001	0.0525019	0.272791	0.005997	0.0100186	0.115901	1.68285
88	0.01001	0.0523292	0.268089	0.0029985	0.0100186	0.100853	1.04113
89	0.01001	0.052559	0.268089	0.0029985	0.0100203	0.10343	1.03635
90	0.01001	0.0520527	0.271708	0.0029985	0.0100203	0.103267	1.03635
91	0.01001	0.0528037	0.282019	0.00449775	0.0105037	0.0994725	1.04113
92	0.0100438	0.0538452	0.285138	0.00449775	0.0100186	0.102068	1.06241
93	0.0100438	0.0545082	0.293663	0.005997	0.0100186	0.112485	2.14107
94	0.0100438	0.0554604	0.300766	0.0089955	0.0100186	0.119817	2.95274
95	0.0100438	0.055023	0.293663	0.005997	0.0100186	0.131123	4.2644
96	0.0100438	0.0559022	0.293663	0.00449775	0.0100186	0.135594	4.99466
97	0.0100438	0.0573512	0.307106	0.00149925	0.0100186	0.136486	4.99466
98	0.0100299	0.0598693	0.346566	0.00449775	0.0100186	0.140683	4.99466
99	0.0100299	0.0618758	0.3805	0.005997	0.0100186	0.147313	5.12889
100	0.0100299	0.0622512	0.383181	0.005997	0.0100186	0.158105	7.56364
101	0.0100299	0.0637345	0.383181	0.00449775	0.0100186	0.161018	7.56364
102	0.0100299	0.064211	0.340273	0.005997	0.0100186	0.182591	17.5466
103	0.0100299	0.0687373	0.391304	0.011994	0.0100186	0.186156	17.0565
104	0.0100438	0.0717271	0.412391	0.0104948	0.0100186	0.194517	13.671
105	0.0100438	0.0763074	0.493957	0.0134933	0.0100186	0.217101	26.0787
106	0.0100438	0.0815148	0.684307	0.0209895	0.0100186	0.232698	28.6862
107	0.0100438	0.0864025	0.744792	0.0284858	0.0100186	0.253664	32.2675
108	0.010108	0.0975572	1.00303	0.0509745	0.0100186	0.333901	45.4273
109	0.0133824	0.147834	4.60193	0.13943	0.0100186	0.377445	47.5218
110	0.0100438	0.112304	1.84966	0.0869565	0.0100186	0.398497	49.3719
111	0.0100438	0.0930471	1.18732	0.0584708	0.0100186	0.435631	55.3271
112	0.0100438	0.0799601	0.734479	0.0329835	0.0100186	0.496582	61.5227
113	0.0100438	0.0735198	0.573824	0.0254873	0.0100661	0.558525	69.1632
114	0.0100438	0.0690862	0.519354	0.017991	0.0139951	0.712729	91.7762
115	0.0100438	0.0653609	0.458324	0.0104948	0.0141503	0.794449	91.7762
116	0.0100438	0.0633994	0.454653	0.00749625	0.0152506	0.910649	91.7762
117	0.0100438	0.0607425	0.412391	0.0089955	0.0189421	1.06932	99.8034
118	0.0100438	0.0594912	0.360263	0.00749625	0.0189421	1.05806	99.4567
119	0.0100422	0.0530531	0.319574	0.00149925	0.0152506	1.02819	93.7267
120	0.0100422	0.0516421	0.293663	0.00149925	0.0156669	1.11821	93.7267
121	0.0100422	0.0511121	0.280201	0.00149925	0.0150648	1.10521	99.4567
122	0.0100422	0.0503629	0.280201	0.00149925	0.0155139	1.04764	99.4567
123	0.0100422	0.0494283	0.276726	0.00149925	0.0159657	1.0461	99.4567
124	0.0100422	0.0484222	0.268009	0.00149925	0.0159657	1.01682	99.4567
125	0.0100422	0.0480692	0.276726	0.00149925	0.0100186	0.912471	65.3223
126	0.0100422	0.0473714	0.258575	0.00149925	0.0146478	1.05084	91.6805
127	0.0100422	0.0470355	0.258575	0.00149925	0.0171416	1.11421	93.7267
128	0.0100422	0.0459821	0.2444	0	0.0171416	1.10611	99.4567
129	0.0100422	0.0456022	0.239794	0	0.018514	1.11968	99.4567
130	0.010054	0.0458305	0.2444	0	0.018514	1.19597	91.5917
131	0.0103205	0.0451949	0.2444	0.00149925	0.0199501	1.17417	91.5917
132	0.0100959	0.0451412	0.239121	0.00449775	0.0199501	1.07521	91.6805
133	0.010054	0.0443031	0.232169	0.00149925	0.0195015	1.05645	91.6805
134	0.010054	0.0433492	0.21813	0.00149925	0.0205275	1.10145	91.6805
135	0.010054	0.0427462	0.21813	0	0.020697	1.05526	91.6805
136	0.010054	0.0417342	0.207599	0	0.0239976	1.09719	96.7068
137	0.010054	0.0417495	0.211814	0	0.0199501	1.03719	91.5917
138	0.010054	0.0416569	0.202379	0	0.0188589	0.916051	97.0742
139	0.0100959	0.0414976	0.207599	0	0.013769	0.834358	82.0282
140	0.010054	0.0415899	0.202379	0	0.013769	0.754373	82.0282
141	0.0102882	0.0406245	0.198654	0	0.013769	0.67598	82.0282
142	0.010054	0.0406527	0.186482	0	0.0139524	0.610534	82.0282
143	0.0101643	0.0413359	0.198654	0	0.013769	0.621743	82.0282
144	0.010054	0.0424375	0.198654	0.00449775	0.0110582	0.649776	67.3345
145	0.010054	0.0421655	0.198654	0.0029985	0.010874	0.608933	63.1575
146	0.010054	0.0427542	0.203292	0.00749625	0.010874	0.570198	62.1844
147	0.010054	0.0427701	0.211814	0.00749625	0.0119248	0.538338	67.3345
148	0.010054	0.0429441	0.207019	0.00449775	0.0119248	0.50604	67.3345
149	0.010054	0.0435244	0.220825	0.0029985	0.0109881	0.496401	62.1844
150	0.010054	0.0433248	0.236474	0.00149925	0.0109881	0.464077	56.2371
151	0.010054	0.044891	0.257546	0.0029985	0.010874	0.412399	51.666
152	0.010054	0.0446156	0.257546	0.0029985	0.010874	0.382425	48.6962
153	0.0100844	0.0435782	0.253212	0.00149925	0.0109881	0.317396	35.2796
154	0.010054	0.0442098	0.257546	0.00149925	0.0110582	0.299703	35.2796
155	0.0103733	0.0448798	0.286325	0.0029985	0.0104791	0.284159	32.9129
156	0.010054	0.0463371	0.286325	0.0029985	0.0108208	0.261252	27.1315
157	0.010054	0.0475484	0.301598	0.00449775	0.0108208	0.220504	14.68
158	0.010054	0.0477333	0.301598	0.00449775	0.0110582	0.198923	13.3656
159	0.0100844	0.0493734	0.323448	0.00449775	0.0109881	0.179053	11.0915
160	0.010054	0.0492943	0.301598	0.00449775	0.0108208	0.155966	3.26622
161	0.010054	0.0485758	0.288583	0.00449775	0.0108208	0.130086	2.97941
162	0.010054	0.0502231	0.301598	0.005997	0.0109881	0.118012	2.5074
163	0.010054	0.0501416	0.301598	0.0029985	0.0102451	0.107291	1.85953
164	0.0100844	0.050687	0.32407	0.00149925	0.0102451	0.103833	1.92161
165	0.010054	0.0515091	0.323448	0.00149925	0.0102451	0.102891	1.92161
166	0.010054	0.0526777	0.344925	0.00149925	0.0102451	0.104944	1.92161
167	0.010054	0.0530564	0.348343	0.00149925	0.0102451	0.10341	1.85953
168	0.0100844	0.054513	0.378765	0.00449775	0.0102451	0.102403	1.85953
169	0.010054	0.0595509	0.470201	0.011994	0.010305	0.102984	2.83585
170	0.010054	0.0614716	0.490792	0.0104948	0.010305	0.102201	2.83585
171	0.010054	0.0637346	0.490792	0.00749625	0.0102451	0.0994205	2.83585
172	0.0105074	0.0657377	0.557935	0.0089955	0.0102451	0.0961471	3.07253
173	0.0103733	0.0695608	0.561794	0.011994	0.0102451	0.0943948	3.7442
174	0.0103733	0.076637	0.642817	0.0224888	0.0102451	0.0945145	6.23981
175	0.0100438	0.0817277	0.67275	0.0314843	0.0102451	0.0981805	11.2901
176	0.0100844	0.0703572	0.557935	0.0194903	0.0102451	0.102532	11.5425
177	0.0102303	0.0675692	0.557935	0.017991	0.0103136	0.101047	11.5425
178	0.0100438	0.064454	0.532488	0.0104948	0.0103489	0.0998524	11.5425
179	0.0100438	0.0601011	0.453882	0.00749625	0.0103136	0.0977476	10.8337
180	0.0100438	0.0564069	0.404642	0.005997	0.0103136	0.0983427	10.8337
181	0.0100402	0.0532744	0.371633	0.005997	0.0103136	0.0979726	8.8825
182	0.0100402	0.050675	0.302354	0.0029985	0.0103291	0.100034	8.8825
183	0.0100402	0.0490035	0.293805	0.0029985	0.0103291	0.0972467	8.8825
184	0.0100402	0.0479696	0.283015	0.0029985	0.0103136	0.0984684	7.32864
185	0.0100402	0.046839	0.283015	0.0029985	0.0103136	0.103603	7.49542
186	0.0100402	0.0454227	0.281689	0.00149925	0.0103136	0.104286	7.32864
187	0.0100402	0.04398	0.26682	0.00149925	0.0103136	0.109818	7.32864
188	0.0100402	0.0436264	0.26682	0.0029985	0.0103136	0.109674	6.18148
189	0.0100402	0.0436734	0.28027	0.00449775	0.0103136	0.118211	7.57607
190	0.0100402	0.042847	0.262674	0.0029985	0.0103136	0.136514	11.4869
191	0.0100402	0.0420767	0.262674	0.00149925	0.0101107	0.149518	13.7385
192	0.0100402	0.0412741	0.249235	0.00149925	0.0111606	0.162807	17.9495
193	0.0100402	0.0398841	0.228092	0	0.0101107	0.170936	16.3769
194	0.0100402	0.0394947	0.228092	0	0.011061	0.185632	18.4933
195	0.0100402	0.0395006	0.220786	0	0.0108287	0.194143	18.4933
196	0.0100402	0.0386845	0.208863	0	0.0103291	0.205443	17.9495
197	0.0100402	0.0384168	0.207019	0.00149925	0.0103136	0.230976	24.4073
198	0.0100402	0.0380255	0.204002	0	0.0103291	0.242743	27.3005
199	0.0100402	0.0374299	0.193429	0	0.0103136	0.270189	30.9653
200	0.0100402	0.0374335	0.204002	0	0.0103291	0.268128	35.541
201	0.0100402	0.0370656	0.204002	0	0.0102637	0.281859	35.1195
202	0.0100402	0.0371426	0.207019	0	0.0102637	0.283386	40.0415
203	0.0100402	0.037379	0.220786	0	0.0102637	0.292222	40.0415
204	0.0100402	0.0369072	0.211111	0	0.0102637	0.428522	47.1741
205	0.0100402	0.0369967	0.207019	0.00149925	0.0102637	0.586505	62.7897
206	0.0100402	0.0382008	0.231805	0.0029985	0.0146161	0.674123	91.9641
207	0.0100402	0.0385624	0.231805	0.00449775	0.0163605	0.790239	95.1183
208	0.0100402	0.0391101	0.231805	0.00749625	0.0181396	0.865182	96.0092
209	0.0100402	0.0397963	0.249987	0.00749625	0.0239732	1.08801	90.5074
210	0.0100402	0.039374	0.222529	0.00449775	0.0271776	1.23893	91.9641
211	0.0100402	0.0385777	0.217669	0.00149925	0.0386036	1.51468	91.9641
212	0.0100402	0.0385292	0.226184	0	0.0404571	1.68199	98.8553
213	0.0100402	0.0386321	0.226184	0	0.0335445	1.53927	95.1183
214	0.0100402	0.0387492	0.226184	0.00149925	0.0271776	1.49169	89.6901
215	0.0100402	0.0394465	0.230065	0.0029985	0.0252562	1.35481	91.9641
216	0.0100402	0.0400546	0.249987	0.00449775	0.0198361	1.19143	89.6901
217	0.0100402	0.0406419	0.251937	0.00449775	0.0189136	1.11671	90.5074
218	0.0100402	0.0411157	0.256912	0.00449775	0.0147805	0.979929	75.3391
219	0.0100402	0.0406277	0.251937	0.00449775	0.0167076	0.843438	89.3233
220	0.0100402	0.040777	0.252827	0.00449775	0.0167076	0.73766	89.3233
221	0.0100402	0.0407443	0.252827	0.00149925	0.0143573	0.71892	76.3286
222	0.0100402	0.0403505	0.251937	0	0.0149203	0.719219	74.1394
223	0.0100402	0.0401673	0.236658	0.00149925	0.0144503	0.783195	69.7584
224	0.0100402	0.0404139	0.251937	0.0029985	0.0143573	0.874029	65.9557
225	0.0100402	0.0402333	0.230065	0.00149925	0.0173489	0.867247	76.7777
226	0.0100402	0.040597	0.251937	0.00449775	0.0167076	0.893525	76.7777
227	0.0100402	0.0400529	0.230065	0.00149925	0.0167076	0.85057	80.0452
228	0.0100402	0.0402095	0.252827	0	0.0142526	0.763035	69.7584
229	0.0100402	0.0411601	0.281689	0	0.0149203	0.638005	76.3286
230	0.0100402	0.0416764	0.299478	0	0.0149203	0.641841	76.3286
231	0.0100402	0.0409664	0.263402	0.00149925	0.0123213	0.616637	66.6123
232	0.0100402	0.0405944	0.26149	0.00149925	0.0123213	0.674904	65.3296
233	0.0100402	0.0414046	0.263402	0.00149925	0.0149203	0.779971	82.4323
234	0.0100402	0.041237	0.261625	0.00149925	0.0123213	0.922571	73.9488
235	0.0100402	0.0416156	0.291781	0.0029985	0.0149203	1.03689	80.2226
236	0.0100402	0.0420651	0.307669	0.00449775	0.0149203	1.25576	80.897
237	0.0100402	0.0422821	0.314368	0.00449775	0.0192834	1.55405	98.8226
238	0.0100402	0.0428565	0.314368	0.0029985	0.0215508	1.81266	98.8226
239	0.0100402	0.0435313	0.318374	0.0029985	0.0209686	1.81851	98.8226
240	0.0100402	0.04412	0.320631	0.00449775	0.019571	1.89657	98.8226
241	0.0100402	0.0451569	0.343297	0.0029985	0.0213751	1.97413	98.8226
242	0.0100402	0.0450284	0.349832	0.0029985	0.019571	1.91896	98.8226
243	0.0100402	0.0456034	0.354649	0.005997	0.0160804	1.79237	98.8226
244	0.0100402	0.0476545	0.387124	0.0149925	0.0172477	1.99903	98.8226
245	0.0100402	0.0478463	0.41743	0.017991
