		omega		Posterior		rho				Synonymous theta			kappa			phi	
Site	Lower	Point	Higher	prob of +ve	Lower	Point	Higher		Lower	Point	Higher	Lower	Point	Higher	Lower	Point	Higher
	95% HPD	estimate	95% HPD	selection	95% HPD	estimate	95% HPD		95% HPD	estimate	95% HPD	95% HPD	estimate	95% HPD	95% HPD	estimate	95% HPD
0	0.0100431	0.0363741	0.173267	0	0.0211673	0.471411	99.4306		0.0766797	0.0994808	0.129331	1.39853	2.32242	3.95873	0	0	0
1	0.0100431	0.035766	0.169404	0	0.0202391	0.507947	99.4306
2	0.0100431	0.0352014	0.165376	0	0.0202391	0.532248	99.4306
3	0.0100127	0.0350892	0.165376	0.00149925	0.0193931	0.436267	99.4306
4	0.0100127	0.0349829	0.165376	0	0.0193931	0.404798	99.4306
5	0.0100127	0.0347103	0.165376	0	0.0171988	0.352464	87.7959
6	0.0100127	0.0337855	0.156204	0	0.0101293	0.281516	46.2183
7	0.0100431	0.033402	0.148841	0	0.011581	0.219871	33.5066
8	0.0100127	0.0329961	0.135898	0	0.0101293	0.176651	10.571
9	0.0100127	0.0330773	0.13379	0.00149925	0.0120586	0.128512	0.956395
10	0.0100127	0.0325657	0.128304	0	0.011581	0.132293	0.924317
11	0.0100127	0.0326573	0.13379	0	0.011581	0.135174	0.986623
12	0.0100127	0.0323296	0.129458	0	0.011581	0.145324	1.15847
13	0.0100127	0.0326824	0.135898	0	0.0102453	0.152851	1.17488
14	0.0100431	0.0328695	0.13379	0	0.0117646	0.164153	1.76393
15	0.0100431	0.0331701	0.134109	0	0.0102453	0.175383	1.94078
16	0.0100431	0.0333485	0.140763	0	0.0102453	0.176492	3.05169
17	0.0100431	0.0340891	0.151678	0	0.011581	0.166218	1.57414
18	0.0100431	0.0339668	0.148841	0	0.0102453	0.165504	1.38433
19	0.0100431	0.0343061	0.151678	0	0.010748	0.149272	0.947782
20	0.0100431	0.0353362	0.165376	0.00149925	0.0117646	0.13154	0.489123
21	0.0100431	0.0364347	0.173764	0.0029985	0.0129092	0.11661	0.391816
22	0.0100431	0.0383106	0.196916	0.0029985	0.0132326	0.113143	0.391816
23	0.0100431	0.035793	0.173764	0	0.0133042	0.112754	0.391816
24	0.0100717	0.0335651	0.161791	0	0.0131237	0.111198	0.360392
25	0.0100431	0.032452	0.145385	0	0.0145268	0.109317	0.391816
26	0.0100717	0.0311906	0.134109	0	0.0136235	0.112515	0.391816
27	0.0100431	0.0304797	0.127193	0	0.0145268	0.115641	0.40823
28	0.0100431	0.0296915	0.114321	0	0.0171988	0.117259	0.51166
29	0.0100431	0.0287884	0.108238	0.00149925	0.0173726	0.120087	0.504436
30	0.0100431	0.0284085	0.101428	0	0.0184328	0.125676	0.504436
31	0.0100717	0.028038	0.0996025	0	0.0184978	0.134267	0.504436
32	0.0100431	0.0276562	0.0996025	0	0.0199962	0.137042	0.504985
33	0.0100363	0.0270763	0.0909581	0	0.0215787	0.141226	0.504985
34	0.0100363	0.0267311	0.0866154	0	0.0215787	0.14388	0.51166
35	0.0100087	0.0268555	0.0909233	0.00149925	0.0261267	0.151161	0.51166
36	0.0100087	0.0262912	0.0837236	0	0.0315125	0.153016	0.504985
37	0.0100087	0.0261021	0.0837236	0	0.0308701	0.156695	0.504985
38	0.0100087	0.0258825	0.0809053	0	0.0374264	0.161185	0.679241
39	0.0100087	0.0258755	0.0842822	0	0.0311216	0.165794	0.504985
40	0.0100087	0.0257607	0.08417	0	0.0334	0.165252	0.504985
41	0.0100087	0.0252732	0.0803091	0	0.0374264	0.164113	0.529213
42	0.0100087	0.0250224	0.0809053	0	0.0374264	0.162571	0.529213
43	0.0100087	0.0249529	0.0809709	0	0.0374264	0.164741	0.504985
44	0.0100087	0.0245955	0.0755044	0	0.0436974	0.16443	0.679241
45	0.0100087	0.0243157	0.0721766	0	0.0308701	0.164274	0.504985
46	0.0100087	0.0241952	0.071588	0	0.0382765	0.160995	0.679241
47	0.0100087	0.0242235	0.071588	0	0.0402416	0.158826	0.725839
48	0.0100087	0.0243187	0.071588	0	0.0376575	0.157251	0.69923
49	0.0100087	0.0242912	0.071588	0	0.0344369	0.156029	0.679241
50	0.0100087	0.0241776	0.071588	0	0.024989	0.148859	0.47457
51	0.0100087	0.024171	0.071588	0	0.0264448	0.147548	0.47457
52	0.0100087	0.0241224	0.071588	0	0.0268151	0.144136	0.47457
53	0.0100087	0.0240384	0.0721766	0	0.0265849	0.143861	0.47457
54	0.0100087	0.0238911	0.0722776	0	0.0314363	0.145682	0.47457
55	0.0100087	0.0237846	0.0724081	0	0.0320293	0.142971	0.47457
56	0.0100087	0.0237692	0.0722776	0	0.0320293	0.143729	0.449712
57	0.0100087	0.0237838	0.0722776	0.00149925	0.0325632	0.143993	0.449712
58	0.0100087	0.0236863	0.0687374	0.00149925	0.0320293	0.144191	0.462366
59	0.0100041	0.0235023	0.0687374	0	0.0314363	0.143202	0.47457
60	0.0100087	0.0236346	0.0722776	0.00149925	0.0320293	0.144825	0.47457
61	0.0100041	0.0234191	0.0722776	0.00149925	0.0343244	0.145557	0.462366
62	0.0100041	0.0238597	0.0741775	0.005997	0.0343244	0.146118	0.462366
63	0.0100041	0.0234659	0.0722776	0.00149925	0.0343244	0.147306	0.45619
64	0.0100041	0.0234002	0.0721766	0	0.0325632	0.148187	0.45619
65	0.0100087	0.0236784	0.0722776	0	0.0325632	0.152587	0.462366
66	0.0100087	0.0237989	0.0722776	0	0.0343244	0.157186	0.462366
67	0.0100087	0.0242564	0.07899	0.0029985	0.0436307	0.159817	0.564931
68	0.0100087	0.0246782	0.086636	0.0029985	0.0436307	0.163445	0.579521
69	0.0100087	0.0248829	0.086636	0.00449775	0.0551917	0.173291	0.589179
70	0.0100087	0.0249083	0.0916224	0	0.0551917	0.180986	0.603824
71	0.0100087	0.024984	0.0918176	0	0.0542872	0.181387	0.603824
72	0.0100087	0.0251352	0.0923781	0	0.0423557	0.180365	0.603824
73	0.0100087	0.0254138	0.0966737	0	0.0423557	0.179136	0.699592
74	0.0100087	0.0260234	0.099237	0	0.0423557	0.176113	0.800859
75	0.0100087	0.0260873	0.101786	0	0.0327335	0.172396	0.816027
76	0.0100087	0.026321	0.105215	0	0.0205172	0.170127	0.603824
77	0.0100087	0.0264629	0.105215	0	0.0185728	0.168325	0.579521
78	0.0100087	0.0266779	0.107552	0	0.0185728	0.166739	0.603824
79	0.0100087	0.0272079	0.10944	0	0.0185728	0.171535	0.603824
80	0.0100087	0.027585	0.112776	0	0.044881	0.174759	1.17698
81	0.0100087	0.027921	0.116759	0	0.0432743	0.176408	1.17698
82	0.0100087	0.0285604	0.123212	0	0.044881	0.180912	1.17698
83	0.0100087	0.0294089	0.126209	0	0.0418716	0.187369	1.19655
84	0.0100087	0.0300843	0.12759	0	0.0209962	0.198817	0.78929
85	0.0100087	0.0306223	0.128573	0	0.0290363	0.201968	1.17698
86	0.0100087	0.0311087	0.131251	0	0.0289458	0.218872	1.17698
87	0.0100087	0.0315726	0.131251	0	0.0253602	0.242466	1.86692
88	0.0100087	0.0323076	0.131796	0	0.0118039	0.239663	1.12739
89	0.0100087	0.033391	0.138193	0	0.0118039	0.258588	6.31526
90	0.0100087	0.0339977	0.141281	0	0.0118039	0.257642	6.31526
91	0.0100087	0.0354753	0.146758	0	0.0118039	0.259121	6.79361
92	0.0100087	0.0366793	0.157246	0	0.016419	0.259121	6.79361
93	0.0100087	0.0382086	0.164768	0	0.0131953	0.251403	2.14946
94	0.0100087	0.0395871	0.171163	0	0.0131953	0.239261	1.12739
95	0.0100087	0.0413812	0.177375	0	0.0175317	0.229831	1.31824
96	0.0100087	0.0459167	0.195574	0.00149925	0.0286695	0.216419	1.14514
97	0.0100087	0.047549	0.198096	0.00149925	0.0305663	0.212188	1.18167
98	0.0100087	0.0511492	0.216735	0.0029985	0.0288995	0.212326	1.13251
99	0.0100087	0.0567977	0.250348	0.00149925	0.0318953	0.207007	1.13251
100	0.0100087	0.063202	0.277933	0	0.0392783	0.208715	1.31824
101	0.0100087	0.0733178	0.35191	0.00449775	0.0392783	0.212429	1.18167
102	0.0126183	0.0829483	0.497596	0.0104948	0.0412825	0.223004	1.18167
103	0.0147947	0.11368	1.07401	0.041979	0.0462768	0.228476	1.14891
104	0.0143339	0.115821	0.815351	0.0329835	0.0462968	0.237698	1.50715
105	0.0162949	0.119517	1.00058	0.0374813	0.0402043	0.259723	2.24046
106	0.0159392	0.0990726	0.462617	0.00449775	0.0270848	0.266907	2.24046
107	0.0163785	0.094072	0.454486	0.00149925	0.0151993	0.267486	1.50715
108	0.0163785	0.0939047	0.456009	0.00149925	0.0151993	0.254023	1.50715
109	0.016673	0.0944111	0.462617	0.00149925	0.0151396	0.239961	1.19922
110	0.0165334	0.093763	0.456009	0.00149925	0.0151396	0.212432	0.811166
111	0.0174993	0.093997	0.462617	0	0.0151396	0.2006	0.736881
112	0.0174993	0.0944304	0.456009	0	0.0213937	0.185779	0.743009
113	0.0176067	0.0982834	0.456009	0.00149925	0.027926	0.181334	0.811166
114	0.0162949	0.0999908	0.462617	0.00149925	0.027926	0.176656	0.783618
115	0.0192845	0.104788	0.486524	0.00149925	0.0256163	0.174581	0.743009
116	0.0228452	0.108101	0.494791	0.0029985	0.0213937	0.157109	0.743009
117	0.0244259	0.112228	0.486524	0.005997	0.0173193	0.14177	0.752835
118	0.0220037	0.119553	0.545897	0.0104948	0.0145835	0.131736	0.673649
119	0.0271226	0.132388	0.776328	0.0254873	0.0110629	0.124825	0.483845
120	0.0250288	0.132467	0.776328	0.0284858	0.011495	0.116689	0.483845
121	0.0249372	0.114983	0.732741	0.0134933	0.0114389	0.111869	0.463011
122	0.016254	0.100514	0.494791	0.0104948	0.0114389	0.116469	0.56515
123	0.0153507	0.0896549	0.474182	0.00449775	0.0101796	0.134929	0.699681
124	0.0115661	0.0862082	0.35191	0.00449775	0.0101796	0.145628	10.3463
125	0.0118692	0.0782526	0.303795	0.00149925	0.0101796	0.158542	14.7228
126	0.0118692	0.076044	0.314566	0.00149925	0.0104064	0.158519	16.7226
127	0.0118692	0.0731637	0.301914	0.00149925	0.0101796	0.152966	16.7226
128	0.0109268	0.0717502	0.282193	0.0029985	0.0101796	0.159003	22.0439
129	0.0118692	0.0700147	0.30357	0.0029985	0.0105512	0.160941	26.7519
130	0.0121543	0.0684612	0.284439	0.0029985	0.0105414	0.153728	26.7519
131	0.0121543	0.067872	0.279975	0.00149925	0.0101796	0.150794	22.0439
132	0.0123095	0.0662389	0.279975	0	0.0102956	0.146115	22.0673
133	0.0121543	0.065569	0.272019	0	0.0102956	0.145139	22.0673
134	0.0121543	0.0647685	0.265884	0	0.0106779	0.146002	26.9798
135	0.0100962	0.0645041	0.217496	0	0.0105512	0.144773	26.9798
136	0.0118692	0.0650833	0.250427	0	0.0105512	0.145855	28.1851
137	0.0118692	0.0651551	0.254003	0	0.0102956	0.158699	31.6259
138	0.0118692	0.0650715	0.254003	0	0.0105455	0.161024	34.3064
139	0.0118692	0.0650136	0.250427	0.00149925	0.0105455	0.164383	39.4654
140	0.0118692	0.0644788	0.241769	0	0.0102104	0.16474	39.4654
141	0.0121543	0.0666856	0.272019	0	0.0102956	0.164135	41.6439
142	0.0118692	0.067782	0.272019	0	0.0110147	0.157602	41.6439
143	0.0118692	0.0737808	0.379944	0.0134933	0.0105455	0.148718	39.4654
144	0.0116719	0.0656754	0.272019	0.00149925	0.0109676	0.141871	39.4654
145	0.01139	0.062674	0.254003	0	0.0105455	0.13395	37.4248
146	0.0109391	0.0607291	0.241769	0	0.0105455	0.119739	37.4248
147	0.01139	0.0578207	0.217496	0	0.0102104	0.116308	35.4777
148	0.01139	0.0567991	0.217496	0	0.0102104	0.108075	29.9287
149	0.01139	0.0555612	0.217496	0.00149925	0.0102039	0.0932315	20.8601
150	0.0116719	0.0542076	0.217496	0	0.0101719	0.0830894	12.7162
151	0.01139	0.0543748	0.217496	0	0.0101719	0.0783334	8.10231
152	0.0115998	0.0531693	0.217496	0	0.0100166	0.0765758	1.94089
153	0.0117672	0.0522799	0.217496	0	0.0100166	0.0755567	2.13093
154	0.0121928	0.0517589	0.217496	0	0.0100166	0.0729626	1.80676
155	0.0100564	0.0518898	0.183442	0.00149925	0.0100166	0.068398	1.13264
156	0.0100564	0.0518296	0.183442	0.00149925	0.0102039	0.0642951	0.85638
157	0.0100564	0.0510561	0.18083	0.00149925	0.0100166	0.0602804	0.660223
158	0.0113461	0.051241	0.199355	0	0.0100166	0.0539978	0.377303
159	0.0100962	0.0503754	0.18083	0	0.0102039	0.0485829	0.256385
160	0.0100564	0.0505776	0.18083	0.00149925	0.0102039	0.0493152	0.260779
161	0.0100564	0.0511441	0.187605	0.00149925	0.0100166	0.0498185	0.261732
162	0.0113163	0.0506179	0.210962	0.00149925	0.0102039	0.0503165	0.298195
163	0.0113163	0.0511879	0.217496	0	0.0102039	0.0514337	0.339901
164	0.0113163	0.0514816	0.214555	0	0.010199	0.0505712	0.339901
165	0.0113163	0.0521441	0.221529	0.00149925	0.0100166	0.0491932	0.307227
166	0.0100564	0.0531866	0.206983	0.00149925	0.0100166	0.0521871	0.366086
167	0.0100564	0.0546065	0.206983	0.00149925	0.010199	0.0610384	0.645855
168	0.0113163	0.056786	0.260581	0.00149925	0.010199	0.0656167	0.782172
169	0.0113163	0.0601278	0.307267	0.0029985	0.0100166	0.0705119	1.55747
170	0.0113163	0.065447	0.380433	0.00449775	0.0100166	0.0782036	3.74214
171	0.0113461	0.0767248	0.600215	0.023988	0.0100166	0.0812323	4.72113
172	0.0116719	0.0971732	1.18002	0.05997	0.0100166	0.0830428	3.24646
173	0.0193989	0.20891	5.42127	0.203898	0.0100166	0.0903784	9.00923
174	0.0102292	0.090271	1.25081	0.065967	0.010199	0.105538	18.9726
175	0.0102292	0.0653302	0.573481	0.0254873	0.010199	0.121973	20.3659
176	0.0102292	0.0541677	0.393036	0.0089955	0.010199	0.140595	20.3659
177	0.0102292	0.0484281	0.321922	0.0029985	0.010199	0.16417	28.6914
178	0.0100925	0.0431945	0.25537	0.00149925	0.010199	0.175366	33.8549
179	0.0100925	0.0417701	0.218826	0	0.0100388	0.183211	33.8549
180	0.0100925	0.0394034	0.196253	0	0.010199	0.190449	35.1968
181	0.0100925	0.0370625	0.163117	0	0.0100388	0.205922	33.8549
182	0.0100925	0.036092	0.157757	0	0.010199	0.203629	35.1968
183	0.0102292	0.0354113	0.157853	0	0.0100388	0.197265	33.8549
184	0.010063	0.0343557	0.141015	0	0.0100388	0.20188	29.5524
185	0.010063	0.0340822	0.144148	0	0.0100388	0.198068	27.0136
186	0.010063	0.0332517	0.138975	0	0.0100388	0.200605	29.5524
187	0.010063	0.0324254	0.131851	0	0.0100388	0.192898	29.5524
188	0.010063	0.0317779	0.127409	0	0.0100388	0.193272	29.5524
189	0.010063	0.0318627	0.127409	0	0.0100388	0.217876	32.7463
190	0.010063	0.0316497	0.127326	0	0.0100388	0.229866	32.7747
191	0.010063	0.0308479	0.111403	0	0.0100388	0.243913	35.797
192	0.010063	0.0308132	0.113739	0	0.0103637	0.262257	37.4565
193	0.010063	0.030455	0.111047	0	0.0123363	0.296162	42.0635
194	0.010063	0.0306749	0.111047	0	0.0123363	0.304296	42.0635
195	0.010063	0.0307256	0.10447	0	0.0110572	0.329074	43.0611
196	0.010063	0.030536	0.10447	0	0.0110572	0.331153	43.0611
197	0.010063	0.0300339	0.0976346	0	0.0111175	0.35957	43.0611
198	0.010063	0.0300721	0.104769	0	0.0109843	0.354995	44.1902
199	0.010063	0.0297004	0.101771	0	0.013002	0.375877	55.2826
200	0.010063	0.0298522	0.102847	0	0.0131257	0.407298	54.0483
201	0.010063	0.0297779	0.102564	0	0.0123796	0.464605	54.1173
202	0.010063	0.0300449	0.102564	0	0.0123796	0.474131	54.0483
203	0.010063	0.0300131	0.102564	0	0.0107831	0.51131	49.773
204	0.010063	0.0298184	0.101771	0	0.010158	0.510256	48.2869
205	0.010063	0.02978	0.102564	0	0.0107831	0.535063	48.2869
206	0.010063	0.0300427	0.119313	0	0.0107831	0.549183	48.2869
207	0.0100238	0.0305689	0.120958	0	0.0109843	0.466066	49.773
208	0.0100238	0.0306394	0.120958	0	0.0109843	0.482218	49.773
209	0.0100238	0.0307004	0.120229	0	0.010158	0.47984	48.2887
210	0.010063	0.0310658	0.12249	0	0.0100375	0.48369	48.2887
211	0.0100238	0.0302524	0.120229	0	0.0110526	0.492071	59.4227
212	0.0100238	0.0306188	0.12249	0	0.0110526	0.527928	55.2814
213	0.0100238	0.0311278	0.128931	0.00149925	0.0113772	0.537434	59.4708
214	0.0100238	0.0314986	0.140974	0	0.0100375	0.544985	49.773
215	0.0100238	0.0309798	0.140334	0.00149925	0.0103249	0.575659	49.773
216	0.0100238	0.0318439	0.147594	0.005997	0.0104111	0.597022	49.773
217	0.0100238	0.0325634	0.163117	0.0089955	0.0112828	0.628217	55.2814
218	0.0100238	0.0335008	0.196269	0.011994
