		omega		Posterior		rho				Synonymous theta			kappa			phi	
Site	Lower	Point	Higher	prob of +ve	Lower	Point	Higher		Lower	Point	Higher	Lower	Point	Higher	Lower	Point	Higher
	95% HPD	estimate	95% HPD	selection	95% HPD	estimate	95% HPD		95% HPD	estimate	95% HPD	95% HPD	estimate	95% HPD	95% HPD	estimate	95% HPD
0	0.01139	0.242631	3.19669	0.235382	0.0208539	1.01826	98.4591		0.00909829	0.0233697	0.0565651	1.11777	6.30793	35.9968	0	0	0
1	0.0113542	0.255977	3.27189	0.247376	0.0208539	1.03323	91.86
2	0.0104948	0.26397	3.15388	0.253373	0.0208539	1.02358	98.7428
3	0.0100981	0.276959	3.19669	0.269865	0.0206469	0.959579	98.7428
4	0.0110448	0.319151	3.69714	0.29985	0.0133774	0.924447	64.8666
5	0.0104964	0.368145	3.92908	0.331334	0.0133774	0.751081	57.1214
6	0.0123776	0.47679	5.34698	0.386807	0.0101594	0.571043	21.1976
7	0.0127663	0.717054	9.6979	0.484258	0.0101594	0.609662	18.9129
8	0.13867	1.76053	19.6796	0.677661	0.164424	3.69544	98.7428
9	0.13867	1.82175	19.6796	0.691154	0.181476	3.7805	97.0322
10	0.105155	1.6266	19.6796	0.656672	0.142486	3.59716	97.0322
11	0.131958	1.60975	24.8305	0.650675	0.0655896	3.04236	97.0322
12	0.0117707	0.520399	6.0309	0.397301	0.0530299	2.83208	94.3629
13	0.0100338	0.277864	3.5353	0.262369	0.0338511	2.72035	79.9516
14	0.0100338	0.206715	2.77744	0.194903	0.0320107	2.58253	78.6409
15	0.0100338	0.159894	2.35019	0.13943	0.0338511	2.37749	94.3629
16	0.0100338	0.129119	1.83777	0.095952	0.0298268	2.34909	97.0322
17	0.0100338	0.113048	1.4045	0.077961	0.0347664	2.47724	97.0322
18	0.0100338	0.1029	1.32763	0.0704648	0.032745	2.47323	97.2249
19	0.0100338	0.0924724	1.05092	0.0554723	0.0331326	2.44543	97.2249
20	0.0100338	0.0852948	0.875758	0.0389805	0.033179	2.45895	97.2249
21	0.0100338	0.0799684	0.817087	0.0329835	0.0305603	2.46342	96.3016
22	0.0100338	0.0739344	0.687049	0.0224888	0.0305603	2.41771	97.2249
23	0.0101928	0.0733609	0.687049	0.0209895	0.0305603	2.33973	96.3016
24	0.0101928	0.069322	0.595027	0.0149925	0.0305603	2.31739	97.2249
25	0.0101928	0.0660911	0.557841	0.0134933	0.0288346	2.39845	99.8431
26	0.0102204	0.065751	0.557841	0.011994	0.0281174	2.40444	97.2249
27	0.0101928	0.0646368	0.546632	0.011994	0.0256671	2.42067	99.8431
28	0.0104849	0.0637711	0.557841	0.0104948	0.0256671	2.35308	98.3287
29	0.0104849	0.0620717	0.557841	0.0089955	0.0230265	2.27497	97.2249
30	0.0101928	0.0604903	0.492973	0.005997	0.0211743	2.01677	98.3287
31	0.0101928	0.0585748	0.464327	0.00449775	0.0211743	1.87156	98.3287
32	0.0101928	0.0583315	0.464327	0.00449775	0.0155669	1.57578	79.9516
33	0.0101928	0.0564484	0.454213	0.0029985	0.0156584	1.50418	83.231
34	0.0101928	0.0557222	0.435	0.0029985	0.0155669	1.48315	83.231
35	0.0100383	0.0553998	0.423052	0.0029985	0.0141408	1.4759	76.4372
36	0.0100383	0.0534422	0.402954	0.00149925	0.0142748	1.46966	80.6314
37	0.0100383	0.0538868	0.412432	0.0029985	0.0124245	1.46569	68.7372
38	0.0100383	0.0549199	0.441681	0.00449775	0.0142748	1.49087	80.6314
39	0.0102204	0.0545328	0.435	0.00449775	0.0141408	1.47131	80.6314
40	0.0103663	0.0561857	0.47975	0.00749625	0.0124245	1.36638	74.0315
41	0.0103663	0.057132	0.47975	0.00449775	0.0141408	1.35587	80.6314
42	0.0100383	0.0580174	0.47975	0.005997	0.0142748	1.35434	80.6314
43	0.0100383	0.0574026	0.491526	0.005997	0.0138162	1.32126	76.4372
44	0.0100383	0.0574337	0.491526	0.0104948	0.0134895	1.36032	78.6409
45	0.0100383	0.0563571	0.47975	0.005997	0.0170146	1.33882	95.0734
46	0.0103604	0.0569493	0.47975	0.00449775	0.0137662	1.44547	72.8677
47	0.0104896	0.0593289	0.539686	0.0134933	0.019481	1.48019	97.2249
48	0.0102204	0.0590474	0.508277	0.0089955	0.0189407	1.50526	95.0734
49	0.0102204	0.0605235	0.518933	0.0149925	0.0140069	1.46561	69.1226
50	0.0103604	0.060845	0.5432	0.0164918	0.0137593	1.37655	69.3437
51	0.0106041	0.0609103	0.559282	0.0209895	0.0158256	1.40679	78.6409
52	0.0102204	0.0631728	0.563238	0.0224888	0.0155669	1.33508	78.6409
53	0.0102204	0.0635647	0.614807	0.0209895	0.0136858	1.31541	71.4886
54	0.0102735	0.0664481	0.705521	0.0284858	0.0170146	1.42864	90.41
55	0.0104896	0.0697722	0.873744	0.0389805	0.0155669	1.32197	78.6409
56	0.0102204	0.0737043	0.950742	0.047976
