		omega		Posterior		rho				Synonymous theta			kappa			phi	
Site	Lower	Point	Higher	prob of +ve	Lower	Point	Higher		Lower	Point	Higher	Lower	Point	Higher	Lower	Point	Higher
	95% HPD	estimate	95% HPD	selection	95% HPD	estimate	95% HPD		95% HPD	estimate	95% HPD	95% HPD	estimate	95% HPD	95% HPD	estimate	95% HPD
0	0.0100463	0.0438145	0.450595	0.023988	0.0106462	0.269564	43.8183		0.0240185	0.0350105	0.053246	5.02676	18.924	69.0004	0	0	0
1	0.0100113	0.0409879	0.33918	0.011994	0.010074	0.212945	28.8073
2	0.0100113	0.0403516	0.321197	0.0104948	0.010053	0.181053	26.0346
3	0.0100113	0.0398433	0.305964	0.00749625	0.010053	0.134243	23.8772
4	0.0100191	0.0391977	0.25903	0.00749625	0.010074	0.102899	9.63499
5	0.0100113	0.0394375	0.25903	0.00749625	0.0102779	0.086041	3.50933
6	0.0100113	0.0394306	0.25903	0.011994	0.010074	0.0790061	2.57981
7	0.0100113	0.0393786	0.277057	0.0134933	0.0101306	0.0715203	2.15533
8	0.0100113	0.0383378	0.254268	0.0104948	0.010053	0.0663171	1.78432
9	0.0100113	0.0381487	0.243666	0.0104948	0.010053	0.0612968	1.43424
10	0.0100113	0.0373313	0.228554	0.00449775	0.010053	0.0581234	1.25647
11	0.0100113	0.0368492	0.235086	0.00449775	0.010053	0.054868	1.04156
12	0.0100113	0.0359712	0.219961	0.0029985	0.010053	0.0533856	0.935472
13	0.0100113	0.0354101	0.214428	0.0029985	0.010053	0.0525899	0.974184
14	0.0100113	0.0355086	0.214428	0.0029985	0.010053	0.0516725	0.880931
15	0.0100113	0.0348781	0.207266	0	0.010053	0.0487383	0.771219
16	0.0100113	0.0349017	0.205513	0	0.010053	0.046688	0.686408
17	0.0100113	0.0351912	0.207266	0.00149925	0.010053	0.0444609	0.536161
18	0.0100113	0.0347289	0.20643	0.00149925	0.010053	0.0423902	0.491853
19	0.0100113	0.0348333	0.205513	0.0029985	0.010053	0.0405803	0.435344
20	0.0100113	0.034826	0.205513	0.00149925	0.010053	0.0389084	0.308604
21	0.0100113	0.0352012	0.2097	0	0.010053	0.0373378	0.28369
22	0.0100232	0.035588	0.2097	0	0.010053	0.0365453	0.28369
23	0.0100232	0.0355578	0.214428	0.0029985	0.010074	0.0352618	0.277468
24	0.0100232	0.0354561	0.217577	0.0029985	0.010053	0.0346188	0.239655
25	0.0100232	0.0353842	0.219961	0.0029985	0.010074	0.0341749	0.239655
26	0.0100232	0.0348862	0.217422	0.00149925	0.010074	0.03308	0.231617
27	0.0100232	0.0349902	0.222681	0.00449775	0.010074	0.0318481	0.18223
28	0.0100232	0.0352591	0.224923	0.005997	0.010074	0.0310937	0.17572
29	0.0100232	0.0349163	0.220553	0.005997	0.010074	0.0306756	0.165052
30	0.0100232	0.0358295	0.222681	0.0089955	0.010074	0.0302232	0.146484
31	0.0100282	0.0361126	0.224923	0.0089955	0.010074	0.0300602	0.140893
32	0.0100282	0.0360621	0.224923	0.00749625	0.010074	0.0294758	0.134833
33	0.0100282	0.0359926	0.228554	0.0089955	0.010074	0.028767	0.121724
34	0.0100282	0.0356529	0.224099	0.005997	0.010074	0.0280063	0.115151
35	0.0100282	0.0353115	0.220732	0.005997	0.010074	0.0276507	0.114613
36	0.0100282	0.0350379	0.220553	0.005997	0.010074	0.0271858	0.112238
37	0.0100282	0.0352763	0.222681	0.0089955	0.010074	0.0267602	0.107575
38	0.0100282	0.0343666	0.205398	0.00449775	0.010074	0.026922	0.113256
39	0.0100282	0.0344011	0.20643	0.0029985	0.010074	0.0268707	0.114613
40	0.0100282	0.034542	0.20643	0.00149925	0.010074	0.0266244	0.116031
41	0.0100282	0.0345616	0.199443	0	0.010074	0.0261828	0.10786
42	0.0100282	0.0339396	0.189824	0	0.010074	0.0253858	0.096298
43	0.0100282	0.0338724	0.189824	0	0.010074	0.0252717	0.096298
44	0.0100282	0.0334032	0.189824	0	0.0100749	0.024964	0.0953979
45	0.0100282	0.0328995	0.189824	0	0.010074	0.0246854	0.0924485
46	0.0100282	0.032821	0.189824	0	0.010074	0.0246621	0.0924485
47	0.0100282	0.0333093	0.189824	0	0.010074	0.0244066	0.0902441
48	0.0100282	0.0335025	0.189824	0	0.010074	0.0240225	0.0837639
49	0.0100282	0.0333404	0.195409	0	0.010074	0.0241268	0.0852114
50	0.0100282	0.0343085	0.20643	0.0029985	0.010074	0.0239373	0.080956
51	0.0100282	0.0354118	0.211665	0.0029985	0.010074	0.0237987	0.0797205
52	0.0100282	0.0355942	0.212662	0.0029985	0.010074	0.0236212	0.0793378
53	0.0100282	0.0363089	0.220553	0.00449775	0.0100631	0.0235014	0.0780295
54	0.0100282	0.0371041	0.220553	0.00149925	0.010074	0.0237922	0.0799432
55	0.0100282	0.0378403	0.225277	0.00149925	0.0100631	0.0241252	0.0866775
56	0.0100616	0.038819	0.233316	0.00149925	0.0100631	0.0240893	0.0863379
57	0.0100616	0.03939	0.240216	0.00149925	0.0100631	0.023924	0.0837639
58	0.0100616	0.0407556	0.252106	0.00149925	0.0100631	0.0239484	0.0837639
59	0.0100616	0.0415109	0.252106	0.00149925	0.0100631	0.0242037	0.0852114
60	0.0100616	0.0415256	0.242198	0	0.0100631	0.0244625	0.0887896
61	0.0100616	0.0416785	0.242198	0.00149925	0.0100631	0.0241382	0.0863379
62	0.0100616	0.0410784	0.242198	0	0.0100631	0.0240195	0.0866775
63	0.0100616	0.041263	0.242198	0	0.0101306	0.0241449	0.0888909
64	0.0100616	0.0412791	0.236749	0	0.0100631	0.0237891	0.0863379
65	0.0100868	0.0421098	0.251053	0.005997	0.0100631	0.0240242	0.0884116
66	0.0100868	0.0421235	0.251053	0.00449775	0.0100631	0.0238063	0.0869658
67	0.0100868	0.0423597	0.266739	0.00449775	0.0100631	0.0242714	0.0887896
68	0.0100868	0.0428155	0.251053	0.00449775	0.0100631	0.0242636	0.0902441
69	0.0100868	0.043039	0.242198	0.0029985	0.0100631	0.024776	0.0978478
70	0.0100868	0.0428882	0.23871	0.00449775	0.0100631	0.0256651	0.12196
71	0.0100868	0.0426632	0.23871	0.0029985	0.0100631	0.0263193	0.131937
72	0.0100868	0.0431767	0.241645	0.00449775	0.0100631	0.0266972	0.146371
73	0.0100868	0.0451996	0.256484	0.00749625	0.0100631	0.0278353	0.171106
74	0.0100868	0.0450516	0.245673	0.00449775	0.0100631	0.0289988	0.217175
75	0.0101754	0.0454241	0.245673	0.00449775	0.0100631	0.0294205	0.223202
76	0.0101754	0.045382	0.241645	0.00149925	0.0100631	0.0295809	0.223202
77	0.0101189	0.0470674	0.271675	0	0.0101434	0.0311666	0.24308
78	0.0101754	0.0481874	0.276236	0.0029985	0.0100631	0.0319835	0.258972
79	0.0101754	0.048543	0.276236	0.00149925	0.0102669	0.0329552	0.277626
80	0.0101189	0.0489616	0.276236	0.00149925	0.0101258	0.0334493	0.274384
81	0.0101754	0.0493671	0.276236	0.00149925	0.0100631	0.0342392	0.274384
82	0.0101189	0.0505603	0.285888	0.00149925	0.0100631	0.0352829	0.29065
83	0.0101754	0.0519925	0.308191	0	0.0100631	0.0383291	0.350347
84	0.0102303	0.0538052	0.317098	0.00149925	0.0100631	0.0409226	0.385976
85	0.0101754	0.056178	0.339556	0.005997	0.0100631	0.0474146	0.670171
86	0.0101754	0.0566205	0.317967	0.00149925	0.0100631	0.101421	6.90298
87	0.0102311	0.0599819	0.357513	0.0029985	0.0100631	0.213879	31.0633
88	0.0101189	0.0638568	0.368453	0.00749625	0.0107175	0.446317	44.074
89	0.0102303	0.0659536	0.388785	0.005997	0.0113813	0.909402	62.579
90	0.0101189	0.0688921	0.442887	0.0104948	0.0233851	1.72517	98.3795
91	0.0102562	0.0724006	0.511614	0.0134933	0.0452703	2.20923	98.3795
92	0.0102311	0.072706	0.49481	0.0104948	0.0879533	2.98232	92.3649
93	0.0102562	0.0748349	0.49481	0.00749625	0.0853803	2.83021	92.3649
94	0.0101754	0.0783964	0.511614	0.0104948	0.0831168	2.91286	92.3649
95	0.0102311	0.0860552	0.609471	0.0194903	0.0833546	2.76655	98.3795
96	0.0102311	0.0988768	0.78673	0.035982	0.0758582	2.67334	92.3649
97	0.0102562	0.114469	0.915162	0.0434783	0.0758582	2.57775	98.3795
98	0.0102311	0.134635	1.19284	0.0584708	0.0785041	2.49776	98.3795
99	0.0102562	0.163533	1.55586	0.083958	0.0546472	2.34897	74.2046
100	0.0101276	0.147101	1.27596	0.0644678	0.0651728	2.27586	86.9162
101	0.0104624	0.136386	1.05783	0.0524738	0.0655192	2.25438	82.5855
102	0.0128494	0.122357	1.0434	0.0374813	0.0559327	1.90254	83.0924
103	0.0123535	0.118985	0.914027	0.0344828	0.0461248	1.7797	83.0924
104	0.0128494	0.109821	0.78673	0.0224888	0.0441058	1.44385	83.0924
105	0.0128494	0.106701	0.703842	0.0164918	0.0370893	1.31332	83.0924
106	0.0121903	0.104902	0.635252	0.0149925	0.0339144	1.18649	83.0924
107	0.0121903	0.102387	0.635252	0.0134933	0.0339144	1.09582	83.0924
108	0.0116972	0.10072	0.624319	0.0149925	0.028155	0.932772	88.2769
109	0.0124949	0.0989795	0.625808	0.0104948	0.0214126	0.893253	83.8423
110	0.0116972	0.0984311	0.616901	0.011994	0.0214126	0.811772	83.8423
111	0.0121774	0.0975415	0.625808	0.0104948	0.0215921	0.762087	88.2769
112	0.0128494	0.0951913	0.625808	0.0089955	0.0233113	0.665985	92.9728
113	0.0121774	0.0965717	0.624319	0.0104948	0.020689	0.610615	83.8423
114	0.0102311	0.0945472	0.516679	0.0089955	0.020689	0.596107	83.0924
115	0.0102311	0.0941711	0.516679	0.00749625	0.02007	0.552273	83.8423
116	0.0104624	0.0940062	0.516679	0.00749625	0.0167592	0.495713	72.772
117	0.0103727	0.0927429	0.516679	0.005997	0.0135519	0.456191	54.1259
118	0.0102311	0.0918732	0.513636	0.00449775	0.0120345	0.415768	42.8922
119	0.0102311	0.0950806	0.516679	0.00449775	0.0113735	0.368884	34.6776
120	0.0102311	0.0957927	0.513636	0.00149925	0.0113735	0.348205	38.6617
121	0.0104624	0.0970414	0.526982	0.0029985	0.0113735	0.349961	37.4093
122	0.0102311	0.100168	0.536574	0.00749625	0.0113735	0.348229	41.9328
123	0.0101276	0.105542	0.604375	0.0149925	0.0113735	0.322426	41.9328
124	0.0101276	0.108136	0.626154	0.0149925	0.0108321	0.293908	35.349
125	0.0130447	0.110728	0.83007	0.017991	0.0108321	0.27145	24.9815
126	0.0133083	0.115348	0.881335	0.0209895	0.0113735	0.244363	21.9152
127	0.0130447	0.116403	0.881335	0.0224888	0.0113735	0.22515	21.9152
128	0.0114014	0.122813	0.881335	0.0329835	0.0102315	0.195153	12.8775
129	0.0101722	0.143582	1.26163	0.05997	0.0102315	0.196585	12.8775
130	0.0109574	0.119087	0.881335	0.0344828	0.0102315	0.198745	10.9463
131	0.0121403	0.105558	0.872497	0.0164918	0.0106554	0.206954	10.9463
132	0.0103727	0.101694	0.720087	0.0164918	0.0106554	0.200415	11.1843
133	0.0101482	0.0934046	0.657758	0.0149925	0.0113735	0.175653	9.11421
134	0.0101482	0.0838272	0.522191	0.0089955	0.0114843	0.168628	9.52811
135	0.0101482	0.0773112	0.489791	0.005997	0.0105757	0.169424	11.9616
136	0.0101514	0.073915	0.493797	0.005997	0.0105757	0.167409	10.9463
137	0.0101291	0.0700114	0.489791	0.005997	0.0108321	0.177442	13.4392
138	0.0100313	0.0679637	0.478744	0.0029985	0.0105737	0.220101	22.7979
139	0.0100313	0.0638515	0.454869	0.00149925	0.010522	0.264882	31.9973
140	0.0101514	0.0628013	0.454869	0.00149925	0.010522	0.300099	45.2063
141	0.0100167	0.0615356	0.430882	0.00149925	0.0105737	0.313524	63.6823
142	0.0100167	0.0599687	0.357513	0	0.010522	0.312421	63.6823
143	0.0100313	0.0589052	0.357513	0	0.010522	0.299594	57.4814
144	0.0100167	0.0577655	0.331692	0	0.010522	0.298128	57.4814
145	0.0100167	0.0566836	0.330736	0.00149925	0.010522	0.306499	57.4814
146	0.0100167	0.0549178	0.330736	0.0029985	0.0104714	0.315867	56.4891
147	0.0100313	0.0538959	0.318817	0.00449775	0.0104714	0.320754	56.4891
148	0.0101545	0.0535495	0.342953	0.00149925	0.0155032	0.335605	82.957
149	0.0101511	0.051926	0.331692	0.00149925	0.0156088	0.331997	82.957
150	0.0101511	0.0508682	0.331692	0	0.0155032	0.324484	82.957
151	0.0101511	0.0502378	0.318817	0	0.0105737	0.293893	51.3384
152	0.0101511	0.0485534	0.318817	0	0.010423	0.273866	44.8791
153	0.0101511	0.0473813	0.318384	0.00149925	0.010423	0.259764	48.6949
154	0.0100059	0.0451986	0.274391	0.00149925	0.0101364	0.230381	43.2206
155	0.0100059	0.0451431	0.28492	0.0029985	0.0101364	0.204874	44.8791
156	0.0100059	0.0434334	0.267938	0.0029985	0.0101364	0.175163	29.5731
157	0.0100059	0.0431651	0.271682	0.005997	0.010423	0.144399	27.549
158	0.0100059	0.0432474	0.274391	0.0089955	0.0101364	0.119198	15.4223
159	0.0100059	0.0414312	0.241729	0.005997	0.0101364	0.105072	4.24234
160	0.0100059	0.0412797	0.260157	0.0104948	0.0101364	0.0958887	3.40957
161	0.0100059	0.039374	0.215198	0.005997	0.0101364	0.0941833	3.1064
162	0.0100059	0.0386216	0.20013	0.0029985	0.0101364	0.0860443	2.18831
163	0.0100059	0.0381828	0.19638	0.0029985	0.0102669	0.0832978	2.84523
164	0.0100059	0.0374358	0.187876	0.00149925	0.0101364	0.0818029	2.78603
165	0.0101511	0.0366375	0.187406	0.00149925	0.0101364	0.0824007	3.1064
166	0.0100059	0.0364071	0.180431	0.005997	0.0101364	0.0789394	2.78603
167	0.0101511	0.0354344	0.179289	0.0029985	0.0101364	0.0784834	1.68842
168	0.0100059	0.0352699	0.164476	0.00449775	0.0101364	0.075495	1.50141
169	0.0101511	0.0346843	0.163867	0.0029985	0.0101364	0.0734329	1.269
170	0.0100059	0.0346105	0.164476	0.00149925	0.0101364	0.0686664	0.769477
171	0.0101511	0.0348656	0.180431	0.0029985	0.0101364	0.0645028	0.601265
172	0.0100059	0.0345614	0.172596	0.0029985	0.0100112	0.0603491	0.508646
173	0.0100059	0.0338054	0.169811	0.0029985	0.0101364	0.0541852	0.379261
174	0.0100059	0.0338005	0.169811	0.005997	0.0100112	0.0535942	0.367942
175	0.0100059	0.033095	0.169811	0.00449775	0.0100112	0.0535221	0.365805
176	0.0100059	0.0329433	0.169811	0.00449775	0.0100112	0.0534425	0.365805
177	0.0100059	0.0326874	0.169811	0.005997	0.0100112	0.0528565	0.350425
178	0.0100059	0.031441	0.161659	0.0029985	0.0100112	0.0528339	0.365805
179	0.0100059	0.031045	0.157954	0.0029985	0.0100112	0.0591268	0.533886
180	0.0100059	0.0306075	0.155307	0.0029985	0.0101364	0.0668048	1.04408
181	0.0100059	0.0299729	0.149494	0.00149925	0.0100112	0.0692636	1.19856
182	0.0100059	0.0302958	0.157954	0.00149925	0.0100112	0.0768418	1.66523
183	0.0100059	0.0307829	0.164476	0.005997	0.0100112	0.0921777	5.74219
184	0.0100059	0.0303394	0.157954	0.0029985	0.0100112	0.104844	9.02313
185	0.0100059	0.0300222	0.149202	0.00149925	0.0100112	0.11398	10.623
186	0.0100059	0.0305498	0.168132	0.0029985	0.0100112	0.13071	12.5734
187	0.0100059	0.0305618	0.172596	0.00149925	0.0100112	0.157591	20.376
188	0.0100059	0.0306459	0.169811	0.0029985	0.0102669	0.172405	22.7081
189	0.0100059	0.0309303	0.18623	0.0029985	0.0102669	0.184868	22.7081
190	0.010007	0.0311575	0.194882	0.0029985	0.0102669	0.187171	22.7081
191	0.010007	0.031145	0.204781	0.0029985	0.0102669	0.190601	22.7081
192	0.010007	0.0312153	0.201658	0.00449775	0.0102669	0.200228	22.7081
193	0.010007	0.0311182	0.194882	0.0029985	0.0102669	0.211185	22.7081
194	0.010007	0.0311591	0.201658	0.0029985	0.0102669	0.220375	22.7081
195	0.010007	0.0315864	0.204781	0.0029985	0.0111707	0.232233	28.4993
196	0.010007	0.031519	0.204781	0.005997	0.0111707	0.255245	29.1694
197	0.010007	0.0318457	0.209843	0.005997	0.0108381	0.275009	31.0399
198	0.010007	0.0320808	0.224094	0.0104948	0.0108381	0.279113	34.7711
199	0.010007	0.0317129	0.209843	0.0104948	0.0102669	0.308622	34.7711
200	0.010007	0.0314275	0.194893	0.005997	0.010425	0.351417	43.0113
201	0.010007	0.0309016	0.173428	0.005997	0.0102669	0.389596	48.496
202	0.010007	0.0309685	0.173428	0.00449775	0.0111707	0.450282	66.8366
203	0.010007	0.0301641	0.16914	0.0029985	0.0111707	0.540951	68.8894
204	0.010007	0.0302281	0.16914	0.00149925	0.010425	0.567337	66.8366
205	0.010007	0.0306181	0.16914	0	0.010425	0.634746	66.8366
206	0.010007	0.0302417	0.167886	0	0.0101665	0.648774	66.997
207	0.010007	0.0302671	0.167708	0	0.0108077	0.689447	68.4369
208	0.0100167	0.0298286	0.16173	0	0.0108077	0.790083	68.4369
209	0.010007	0.0301795	0.164476	0.0029985	0.010871	0.875934	66.997
210	0.010007	0.0306402	0.164476	0.00449775	0.0166247	0.869072	99.0905
211	0.0100167	0.03039	0.159635	0.00149925	0.01684	0.967094	97.0624
212	0.010081	0.0312843	0.162212	0.0029985	0.0166247	0.885733	97.6962
213	0.0100167	0.0308923	0.154793	0.0029985	0.0164816	0.837221	97.6962
214	0.0100167	0.0311571	0.159389	0.0029985	0.0164816	0.826816	97.0624
215	0.0100167	0.0307287	0.154793	0.0029985	0.0155042	0.747914	97.0624
216	0.0100167	0.0312705	0.164476	0.00449775	0.0120623	0.689517	78.3131
217	0.0100167	0.0317919	0.16914	0.00449775	0.0128781	0.719312	79.9195
218	0.0100167	0.0321218	0.16914	0.005997	0.0126664	0.751393	79.0936
219	0.0100167	0.0317429	0.164476	0.0029985	0.0126664	0.693831	80.9483
220	0.0100167	0.0312133	0.16173	0.0029985	0.0126664	0.720722	80.9483
221	0.0100167	0.0308049	0.155777	0.00149925	0.0126664	0.774657	78.3131
222	0.0100167	0.0305942	0.154793	0.00149925	0.0155042	0.81354	96.3669
223	0.0100167	0.0303729	0.14631	0	0.0155042	0.853064	96.844
224	0.0100167	0.0307139	0.151453	0.00149925	0.0155042	0.922722	98.6348
225	0.0100167	0.031516	0.155777	0.0029985	0.0155042	1.01599	98.6348
226	0.0100167	0.0312393	0.162212	0.00149925	0.0153509	1.14863	96.844
227	0.0100167	0.0316184	0.168132	0.0029985	0.0161046	1.22397	98.6348
228	0.0100167	0.0318142	0.168132	0.0029985	0.0161046	1.24594	98.6348
229	0.0100167	0.0332841	0.183915	0.0089955	0.0161046	1.32087	99.5691
230	0.0100167	0.0326096	0.16914	0.0029985	0.0166527	1.39425	99.5691
231	0.0100167	0.0325905	0.170243	0.00149925	0.0171242	1.45455	99.5691
232	0.0100167	0.0324451	0.16914	0.00149925	0.0175874	1.50077	99.5691
233	0.0100167	0.0327393	0.17034	0.00449775	0.01869	1.56279	99.5691
234	0.0100167	0.0330408	0.170805	0.005997	0.0189782	1.55203	99.5691
235	0.0100167	0.0332264	0.171312	0.005997	0.0193633	1.53724	99.5691
236	0.0100167	0.0339524	0.182625	0.00749625	0.0199486	1.56059	99.5691
237	0.0100167	0.034464	0.183915	0.005997	0.0199486	1.61377	99.5691
238	0.0100167	0.0352382	0.192837	0.0104948	0.0199486	1.73869	99.5691
239	0.0100167	0.0357332	0.211301	0.0089955	0.02126	1.97589	99.5691
240	0.0100167	0.0354258	0.194893	0.005997	0.0234831	2.07922	99.5691
241	0.0100167	0.0356568	0.211301	0.00749625	0.0234831	2.07206	99.5691
242	0.0100167	0.0353092	0.190347	0.005997	0.02126	2.05567	99.5691
243	0.0100167	0.0355271	0.190347	0.00449775	0.0220358	2.2182	99.5691
244	0.0100167	0.0357823	0.214836	0.00749625	0.0241138	2.21257	99.5691
245	0.0100167	0.0349966	0.190347	0.0029985	0.0241138	2.02917	99.5691
246	0.0100167	0.0360762	0.219032	0.00749625	0.0234987	1.78875	96.3669
247	0.0100167	0.0363995	0.224741	0.005997	0.0238691	1.70638	97.1969
248	0.0100167	0.0363084	0.224741	0.005997	0.0259243	1.67651	98.6348
249	0.0100167	0.0368104	0.231398	0.00749625	0.0259243	1.59823	98.6348
250	0.0100167	0.0382664	0.271695	0.0104948	0.0241138	1.556	98.6348
251	0.0100167	0.0376134	0.256617	0.005997	0.0234987	1.44439	98.6348
252	0.0100167	0.0375048	0.257994	0.00749625	0.0198811	1.17984	98.6348
253	0.0100167	0.0373322	0.256617	0.005997	0.0193406	1.17127	97.1969
254	0.0100222	0.0366245	0.256617	0.0029985	0.0194816	1.11588	98.6348
255	0.0100167	0.0370157	0.257994	0.00449775	0.0193406	1.03552	98.6348
256	0.0100167	0.0391072	0.35189	0.011994	0.0193406	0.957076	97.1969
257	0.0100167	0.0387935	0.348908	0.005997	0.0190587	0.974733	98.6348
258	0.0100167	0.0380004	0.347007	0.0029985	0.0196728	0.983793	98.6348
259	0.0100167	0.0384149	0.347007	0.00449775	0.0196728	0.966383	98.6348
260	0.0100167	0.0386783	0.348908	0.005997	0.0196728	0.928339	98.2627
261	0.0100167	0.0394793	0.348908	0.00749625	0.019335	0.932355	98.2627
262	0.0100167	0.039479	0.352141	0.00749625	0.019335	0.866216	98.2627
263	0.0100167	0.0411163	0.409918	0.011994	0.0162799	0.75061	88.5889
264	0.0100167	0.0425781	0.443668	0.0149925	0.0156261	0.703954	90.0343
265	0.0100167	0.0411442	0.390591	0.00749625	0.0100357	0.635496	53.7097
266	0.0100167	0.0426236	0.440614	0.00749625	0.0105356	0.623863	52.7503
267	0.0100167	0.0425907	0.431705	0.00449775	0.0111438	0.627965	52.7503
268	0.0100167	0.0439961	0.45564	0.00749625	0.0104944	0.695978	52.7503
269	0.0100167	0.0449818	0.459746	0.0104948	0.0104944	0.721479	53.7097
270	0.0100167	0.0456161	0.469856	0.0089955	0.0104944	0.7285	53.7097
271	0.0100167	0.0460822	0.474868	0.011994	0.0104944	0.745412	51.135
272	0.0100167	0.0455802	0.474868	0.011994	0.0107133	0.704815	51.4805
273	0.0100167	0.0465411	0.494233	0.0149925	0.0101761	0.656474	47.0059
274	0.0100167	0.049161	0.607329	0.0254873	0.0102403	0.571877	46.7294
275	0.0100167	0.0535822	0.653231	0.0254873
