		omega		Posterior		rho				Synonymous theta			kappa			phi	
Site	Lower	Point	Higher	prob of +ve	Lower	Point	Higher		Lower	Point	Higher	Lower	Point	Higher	Lower	Point	Higher
	95% HPD	estimate	95% HPD	selection	95% HPD	estimate	95% HPD		95% HPD	estimate	95% HPD	95% HPD	estimate	95% HPD	95% HPD	estimate	95% HPD
0	0.0183626	0.231987	2.27525	0.110945	0.0106793	0.484017	31.251		0.0851464	0.0998927	0.117441	2.76761	3.63923	4.93972	0	0	0
1	0.0187518	0.253603	2.27525	0.116942	0.0106793	0.467151	29.0374
2	0.0306749	0.265938	3.03845	0.121439	0.0106793	0.45583	29.0374
3	0.0462142	0.426913	3.09224	0.244378	0.0102043	0.429123	26.5244
4	0.0436065	0.440222	4.13077	0.256372	0.0104411	0.329143	11.8154
5	0.0101947	0.167186	1.62831	0.0884558	0.0104841	0.32817	11.8154
6	0.0102322	0.0936824	0.675007	0.0284858	0.0108404	0.309668	11.914
7	0.0101045	0.0641253	0.521894	0.005997	0.0104841	0.297993	10.6763
8	0.0101045	0.0482762	0.399598	0.00149925	0.0104841	0.28727	10.6763
9	0.0101045	0.0428094	0.371011	0.00149925	0.0104411	0.294095	11.5751
10	0.0100453	0.0385305	0.333394	0.00149925	0.0104411	0.283078	11.5751
11	0.0101045	0.0354691	0.248023	0.00149925	0.0102043	0.292318	14.3183
12	0.0102215	0.0341774	0.248023	0.00149925	0.0104411	0.311416	22.2922
13	0.0101045	0.0339488	0.202401	0	0.0108404	0.311284	27.6693
14	0.0101045	0.0336184	0.186533	0.00149925	0.0102043	0.284379	22.2922
15	0.0101024	0.0331498	0.186533	0	0.0102043	0.269185	22.2922
16	0.0101024	0.0328109	0.185351	0	0.0102043	0.261809	22.2922
17	0.0100453	0.032657	0.160724	0	0.0102043	0.251221	21.9029
18	0.0101024	0.0323976	0.146316	0	0.0102043	0.236536	17.3792
19	0.0101024	0.0319386	0.146316	0	0.0102043	0.215445	12.4498
20	0.0100453	0.0317037	0.137211	0	0.0104352	0.196822	11.5751
21	0.0100453	0.0319091	0.137211	0	0.0102043	0.179483	11.3011
22	0.0101024	0.0319092	0.137211	0	0.0102043	0.187508	12.7837
23	0.0100453	0.0327714	0.144023	0	0.0104352	0.175498	11.7223
24	0.0100453	0.0331265	0.141426	0	0.0104352	0.155108	8.10042
25	0.0100453	0.0330762	0.137667	0	0.0104352	0.149811	8.10042
26	0.0100453	0.0331559	0.137667	0	0.0102043	0.131428	4.55062
27	0.0100453	0.033665	0.137667	0	0.0102043	0.121681	4.87808
28	0.0100453	0.0338429	0.137667	0	0.0102043	0.110673	3.87174
29	0.0101024	0.0343467	0.144023	0	0.0102043	0.105987	3.63989
30	0.0101024	0.0359702	0.145824	0	0.0102043	0.0881167	2.1086
31	0.0101024	0.0366345	0.146316	0	0.0104352	0.082999	2.00252
32	0.0101024	0.0379734	0.151923	0	0.0102043	0.0733192	0.999215
33	0.0101024	0.0386107	0.148177	0	0.0104352	0.0643874	0.716153
34	0.0101024	0.0405453	0.152693	0	0.0104352	0.0645688	0.716153
35	0.0101024	0.0419064	0.160724	0.00149925	0.0104352	0.0634938	0.716153
36	0.0101024	0.042729	0.163257	0.0029985	0.0104352	0.0632119	0.716153
37	0.0101024	0.04209	0.160724	0	0.0104352	0.0610854	0.716153
38	0.0101024	0.0423956	0.160724	0	0.0104352	0.0625908	0.722799
39	0.0101024	0.0426256	0.160724	0	0.0104352	0.0735413	0.875562
40	0.0101024	0.0433815	0.163994	0	0.0104352	0.0866734	1.16305
41	0.0101024	0.0460116	0.181603	0.0029985	0.0102043	0.121073	1.93193
42	0.0101024	0.0482154	0.198728	0.00449775	0.0131745	0.313957	4.37567
43	0.0101024	0.0585022	0.259573	0.0164918	0.0148984	0.694771	5.71512
44	0.0101024	0.0666913	0.337388	0.0209895	0.0969289	1.28347	15.8293
45	0.0101024	0.0753187	0.494531	0.0209895	0.212516	1.57698	10.2906
46	0.0148802	0.107446	1.02851	0.035982	0.238951	1.67463	10.8153
47	0.0152167	0.106717	1.08863	0.035982	0.25567	1.69214	15.8293
48	0.0152481	0.105917	1.02851	0.0329835	0.241347	1.6925	18.4324
49	0.0145919	0.103617	1.02851	0.029985	0.249458	1.81506	22.3982
50	0.0145919	0.101223	1.02851	0.029985	0.249458	1.8935	26.9537
51	0.0124865	0.0907079	0.560453	0.023988	0.267295	2.00827	42.0142
52	0.0105664	0.0766958	0.312839	0.00449775	0.261005	2.08057	42.0142
53	0.0103512	0.0666085	0.246903	0	0.345649	2.24911	76.903
54	0.0108561	0.0630953	0.246903	0	0.3371	2.26227	80.0388
55	0.0108206	0.06176	0.245495	0	0.25567	2.16689	80.0388
56	0.0105664	0.0614896	0.245495	0	0.20172	2.13166	98.608
57	0.0105664	0.0611049	0.245495	0	0.14234	2.10747	80.0388
58	0.0103512	0.0604745	0.246903	0	0.0226358	1.73234	42.0142
59	0.0100618	0.0612694	0.240566	0	0.0106431	1.422	21.758
60	0.0105664	0.0597526	0.246903	0.00149925	0.0106431	1.17045	21.932
61	0.0105664	0.0586617	0.246903	0.00149925	0.0106431	1.04464	15.8099
62	0.0100618	0.0555606	0.227185	0	0.0106798	0.984933	15.8099
63	0.0100618	0.0546099	0.219836	0	0.0106798	0.924551	18.6693
64	0.0100618	0.0537931	0.215613	0	0.0106431	0.802072	21.2261
65	0.0100618	0.0538069	0.211117	0	0.0106431	0.798183	39.0855
66	0.0100618	0.0534403	0.211117	0	0.0104625	0.680743	39.0855
67	0.0100618	0.0528564	0.208828	0	0.0106431	0.60161	40.5527
68	0.0100618	0.0525319	0.211117	0	0.0106431	0.539036	40.3138
69	0.0100618	0.0527985	0.211117	0	0.0106114	0.428218	39.0855
70	0.0100618	0.0539533	0.211117	0	0.0100687	0.374177	35.3012
71	0.0100618	0.0552279	0.215613	0	0.0100687	0.339021	35.3012
72	0.0100618	0.0576889	0.236554	0.00149925	0.0100687	0.327459	27.5721
73	0.0100618	0.0637423	0.249958	0.005997	0.0100687	0.355288	27.5721
74	0.0100618	0.0692173	0.278835	0.00149925	0.0100687	0.359786	27.5721
75	0.0100618	0.0798204	0.348172	0.00749625	0.0100687	0.312253	27.5475
76	0.0100618	0.0966165	0.475466	0.0104948	0.0100687	0.261825	27.059
77	0.0100618	0.113484	0.548422	0.00749625	0.0100687	0.22246	24.0795
78	0.0171822	0.139311	0.838882	0.005997	0.0100687	0.190145	24.0795
79	0.0216505	0.148958	0.838882	0.00749625	0.0103426	0.143609	24.2301
80	0.0404739	0.189084	0.816986	0.017991	0.0103426	0.149374	24.2301
81	0.0477134	0.180739	0.816986	0.011994	0.0101739	0.142575	26.4976
82	0.0362414	0.169259	0.606535	0.005997	0.0100687	0.141553	36.446
83	0.038893	0.16008	0.674653	0.00449775	0.0100687	0.132094	39.0855
84	0.038893	0.156034	0.57962	0	0.0101739	0.113235	39.0855
85	0.038893	0.15667	0.568884	0	0.0100687	0.0837798	16.0878
86	0.0307783	0.154294	0.41248	0	0.0100687	0.0622334	0.409679
87	0.0368568	0.154663	0.568884	0	0.0106114	0.0493868	0.253955
88	0.0307783	0.155249	0.47694	0	0.0106114	0.0491798	0.255264
89	0.0365931	0.163302	0.568884	0.0029985	0.0106114	0.0495957	0.253955
90	0.0359891	0.166381	0.568884	0.0089955	0.0106114	0.0483698	0.2432
91	0.0359891	0.152641	0.496558	0	0.0106114	0.0476671	0.2432
92	0.0307783	0.150587	0.460879	0	0.0106114	0.0475891	0.2432
93	0.028849	0.149815	0.42596	0	0.0106114	0.0472476	0.2432
94	0.028849	0.145993	0.460879	0	0.0106114	0.0475044	0.2432
95	0.028849	0.145728	0.496558	0	0.010607	0.0473538	0.2432
96	0.0307783	0.148136	0.565167	0	0.010607	0.0472088	0.2432
97	0.0365339	0.151377	0.568884	0.00149925	0.010607	0.0471083	0.2432
98	0.0361796	0.150131	0.568884	0	0.010607	0.0473094	0.2432
99	0.0365931	0.15365	0.568884	0.00149925	0.010607	0.0480077	0.2432
100	0.0365931	0.158283	0.520573	0.00149925	0.0106431	0.0497784	0.243458
101	0.0445967	0.170446	0.568884	0.00749625	0.0106114	0.0532208	0.248175
102	0.0551762	0.176076	0.547474	0.005997	0.0106114	0.0542292	0.253955
103	0.0660278	0.186477	0.520573	0.00149925	0.0106114	0.056445	0.2637
104	0.071946	0.188118	0.568884	0.00149925	0.0106114	0.0574472	0.2637
105	0.0731887	0.195165	0.568884	0.005997	0.0106114	0.0599016	0.267731
106	0.0772723	0.19378	0.568884	0.005997	0.0106114	0.0635865	0.34184
107	0.078857	0.195026	0.592981	0.00149925	0.0106114	0.0701996	0.377949
108	0.0700844	0.192155	0.592981	0.0029985	0.0106114	0.073906	0.422289
109	0.0555084	0.187811	0.592981	0.005997	0.0126077	0.0753527	0.537977
110	0.0677718	0.20982	0.592981	0.017991	0.0106431	0.0755794	0.462268
111	0.0551762	0.196091	0.653191	0.0149925	0.0126077	0.0760892	0.546628
112	0.0660278	0.192388	0.692462	0.005997	0.0126077	0.0751927	0.552285
113	0.0660278	0.195356	0.90847	0.011994	0.010244	0.0748614	0.472433
114	0.0660278	0.205935	1.10245	0.0209895	0.0105627	0.0752278	0.472433
115	0.0495281	0.185824	0.535719	0.00449775	0.0105627	0.0756878	0.462268
116	0.0274742	0.175487	0.459626	0.00449775	0.0105627	0.074972	0.461869
117	0.0273334	0.17021	0.459626	0.00149925	0.0105627	0.0732999	0.462268
118	0.0279966	0.17136	0.459626	0	0.010244	0.0717895	0.444202
119	0.0279966	0.172286	0.459626	0	0.010244	0.0686371	0.422289
120	0.0304034	0.173483	0.481943	0	0.010244	0.0691973	0.444202
121	0.0494211	0.178969	0.50053	0	0.0103957	0.0708696	0.461869
122	0.0691007	0.187454	0.528795	0	0.010244	0.0733875	0.462268
123	0.0674208	0.191282	0.506228	0	0.0103957	0.0746931	0.472433
124	0.0700844	0.193326	0.528795	0	0.010244	0.0770393	0.507613
125	0.0704416	0.201101	0.582705	0.00149925	0.0103957	0.0834575	0.594773
126	0.0674208	0.200259	0.540319	0.00149925	0.0100066	0.0971435	0.688773
127	0.0674208	0.199324	0.540319	0.00149925	0.0103957	0.107641	0.77968
128	0.0647407	0.19912	0.540319	0.00149925	0.0103957	0.134579	0.890863
129	0.0700844	0.203015	0.540319	0.00149925	0.015232	0.183348	1.40553
130	0.0700844	0.209831	0.540319	0.00449775	0.0326068	0.280259	1.57398
131	0.0815342	0.210914	0.567991	0	0.0344936	0.29099	1.64396
132	0.0829718	0.225388	0.630941	0.0029985	0.0306278	0.335007	1.64396
133	0.0815342	0.226842	0.606597	0.0029985	0.0325175	0.384385	1.64396
134	0.0815342	0.228739	0.606597	0.0029985	0.043496	0.387357	2.1346
135	0.0826274	0.231292	0.606597	0.0029985	0.0383632	0.415282	2.56584
136	0.0826274	0.235232	0.630941	0.0029985	0.0510924	0.437821	4.3682
137	0.0783081	0.231652	0.606597	0.0029985	0.0608345	0.461535	6.66934
138	0.0772723	0.22618	0.635019	0.0029985	0.0510924	0.511307	6.66934
139	0.0783081	0.229353	0.714544	0.00449775	0.0532316	0.533855	6.66934
140	0.103223	0.231302	0.995403	0.005997	0.0413023	0.563656	6.66934
141	0.103223	0.237717	1.03064	0.0089955	0.0661327	0.596528	6.66934
142	0.0740582	0.250511	0.851164	0.0209895	0.0560142	0.598295	6.66934
143	0.0752194	0.255416	0.995403	0.0344828	0.0608345	0.609771	6.66934
144	0.0704416	0.297854	1.56855	0.0704648	0.0383632	0.586558	6.66934
145	0.0536438	0.228723	0.995403	0.0254873	0.0408749	0.550536	8.19182
146	0.0450293	0.228619	0.995403	0.0314843	0.0203479	0.520971	6.66934
147	0.0230087	0.16605	0.577387	0.00449775	0.015006	0.451353	4.98761
148	0.0212497	0.134493	0.528795	0.00149925	0.0126303	0.364976	4.09616
149	0.0212497	0.122758	0.528795	0.00149925	0.0126303	0.28761	3.04003
150	0.0138995	0.109331	0.477517	0.00149925	0.0113392	0.261572	2.10445
151	0.0129542	0.101404	0.424071	0	0.0126303	0.247035	2.51547
152	0.0129542	0.0983751	0.424071	0	0.0126303	0.261402	3.56403
153	0.0129542	0.0943268	0.385039	0	0.0126303	0.273601	4.32559
154	0.0129542	0.094522	0.375033	0	0.0117678	0.276954	4.32559
155	0.0129542	0.0938364	0.374654	0	0.0117678	0.293988	6.48515
156	0.0190824	0.0928774	0.528795	0	0.0117678	0.305032	9.89972
157	0.0190824	0.0946443	0.461089	0	0.0117678	0.282015	9.89972
158	0.0190824	0.0966099	0.461089	0.0029985	0.0117678	0.26223	9.89972
159	0.0212497	0.0987583	0.516835	0.005997	0.0117678	0.25591	9.89972
160	0.0212497	0.0997493	0.516835	0.005997	0.0117678	0.246698	9.89972
161	0.0173947	0.0892985	0.438319	0	0.0117678	0.227174	9.89972
162	0.0164771	0.080812	0.438319	0	0.0113392	0.212197	6.0016
163	0.0164771	0.0779142	0.436506	0	0.0113392	0.172226	2.60979
164	0.0164771	0.0726695	0.438319	0	0.0116661	0.163453	1.68012
165	0.0164771	0.070481	0.436506	0	0.0117678	0.180837	2.60979
166	0.0155582	0.06846	0.412012	0	0.0119865	0.19822	4.45418
167	0.0164771	0.0679332	0.412012	0	0.0117678	0.192725	4.48925
168	0.014794	0.0653445	0.371078	0.00149925	0.0117678	0.18933	4.48925
169	0.0107533	0.062932	0.226148	0	0.0117678	0.183654	4.45418
170	0.0107533	0.0611089	0.220401	0	0.0111646	0.184907	4.45418
171	0.0107533	0.0598258	0.210753	0	0.0102881	0.191074	4.45418
172	0.0107533	0.0594062	0.209285	0	0.0114858	0.193061	4.88144
173	0.0107533	0.058368	0.207014	0	0.0102881	0.196648	4.88144
174	0.0107533	0.0578545	0.204501	0	0.0102881	0.194531	4.88144
175	0.0107533	0.0576083	0.204501	0	0.0117678	0.210275	6.72044
176	0.0107533	0.0574631	0.204501	0	0.0102881	0.212653	6.2957
177	0.0107533	0.0571247	0.20402	0	0.013235	0.223673	6.72044
178	0.0107533	0.0564033	0.198728	0	0.013235	0.231833	7.81457
179	0.0107533	0.057441	0.204501	0	0.0101113	0.227248	6.2957
180	0.0107533	0.0584183	0.207963	0	0.0101113	0.22268	5.18107
181	0.0107533	0.0600946	0.209285	0	0.0124822	0.231735	7.14523
182	0.010572	0.0620951	0.209285	0	0.0109845	0.240992	6.2957
183	0.0107533	0.0621497	0.207963	0	0.0109845	0.246717	5.18107
184	0.0107533	0.0633176	0.209027	0	0.013235	0.204254	3.39767
185	0.0159201	0.0661032	0.302975	0	0.0109027	0.171019	1.89484
186	0.0159201	0.0661792	0.302975	0	0.0109027	0.164199	1.89484
187	0.010572	0.0699541	0.225747	0	0.013235	0.157554	1.89484
188	0.0169107	0.0738201	0.362422	0	0.0124822	0.155677	1.89484
189	0.0168084	0.0797776	0.317403	0	0.013235	0.155911	1.89484
190	0.0168084	0.0871896	0.322002	0	0.013235	0.16062	2.79543
191	0.0187983	0.0902639	0.371067	0	0.010531	0.161606	2.8781
192	0.0189585	0.0936232	0.372691	0	0.010531	0.144629	1.88846
193	0.0187983	0.103414	0.490584	0.0134933	0.010531	0.123204	0.945452
194	0.0250955	0.127201	0.934337	0.0374813	0.010531	0.115698	0.93902
195	0.0205208	0.0993064	0.611913	0.0104948	0.010448	0.109038	0.764178
196	0.0164336	0.0895919	0.340467	0.00449775	0.010448	0.0991221	0.596738
197	0.0164336	0.0853192	0.340467	0.00149925	0.010448	0.100392	0.570616
198	0.0147732	0.0828869	0.320915	0.00449775	0.010448	0.101701	0.596738
199	0.0161983	0.0810816	0.324984	0.00449775	0.010448	0.100459	0.596738
200	0.0147341	0.0784364	0.280236	0.00149925	0.0128283	0.104446	0.764178
201	0.0147341	0.0774786	0.280236	0.00149925	0.0128283	0.10801	0.781918
202	0.0147341	0.0766496	0.266837	0.00149925	0.0128283	0.111464	0.845536
203	0.0147341	0.0770668	0.250711	0.00149925	0.0128283	0.111029	0.862466
204	0.0146539	0.0758408	0.266837	0.00149925	0.0108509	0.112919	0.773047
205	0.0146539	0.0748063	0.250711	0	0.010531	0.117594	0.773047
206	0.0160084	0.075352	0.289261	0	0.010531	0.121861	0.778986
207	0.0146539	0.0749475	0.250711	0	0.010448	0.125727	0.867998
208	0.0123745	0.0720159	0.227486	0	0.010448	0.132773	0.778986
209	0.0119739	0.0716082	0.227486	0	0.010448	0.148472	1.0927
210	0.0147732	0.0729465	0.280236	0	0.010448	0.156413	1.14689
211	0.0146539	0.0734851	0.279291	0	0.010448	0.168214	1.14689
212	0.0146539	0.0773118	0.279291	0	0.010448	0.183761	1.44643
213	0.0161279	0.0789418	0.299396	0	0.010531	0.205703	1.9709
214	0.0161911	0.0805706	0.299396	0	0.0131728	0.230527	3.33103
215	0.0160745	0.0813931	0.320915	0	0.0131728	0.257325	2.85125
216	0.0160745	0.0797013	0.320915	0	0.0131728	0.26705	2.88995
217	0.0161279	0.0826619	0.310861	0	0.0132172	0.280633	2.88995
218	0.0161279	0.084983	0.317403	0.00149925	0.0132172	0.284259	2.88995
219	0.0145927	0.0897215	0.326606	0.00749625	0.0254675	0.285015	4.39171
220	0.0230424	0.0945271	0.340739	0	0.0254675	0.273056	3.43985
221	0.0239821	0.097441	0.326606	0	0.0292424	0.278601	4.97526
222	0.0284388	0.0982995	0.383858	0	0.0284666	0.265613	3.47274
223	0.0279766	0.0995569	0.350025	0	0.0313193	0.261075	3.43985
224	0.0298966	0.102298	0.340739	0	0.0176682	0.223181	1.71849
225	0.0248902	0.1057	0.327604	0.011994	0.0176682	0.213425	1.6376
226	0.0245413	0.0994922	0.320915	0	0.0136305	0.193866	1.30852
227	0.0239821	0.0986241	0.314335	0	0.0120624	0.199376	1.29475
228	0.0239821	0.0983231	0.314335	0	0.0124281	0.15358	0.863246
229	0.0239821	0.0957447	0.327604	0	0.0124281	0.145563	0.887729
230	0.0239821	0.0953638	0.327604	0	0.0108868	0.131418	0.830276
231	0.0235395	0.0926282	0.350025	0	0.0124281	0.128665	0.830276
232	0.0233631	0.0940783	0.383858	0.00449775	0.0124281	0.126157	0.830276
233	0.0233824	0.0933551	0.416065	0	0.0108868	0.1207	0.689338
234	0.0233824	0.0931349	0.416065	0	0.0108868	0.112437	0.689338
235	0.0233631	0.0922231	0.422166	0	0.0117088	0.106131	0.689338
236	0.0161911	0.0895303	0.324984	0.00149925	0.0117088	0.0976995	0.689338
237	0.0161911	0.0884385	0.320915	0	0.0117088	0.0875443	0.557168
238	0.0161942	0.0858824	0.327604	0	0.010889	0.084325	0.392608
239	0.0161543	0.0859998	0.327604	0	0.0117088	0.0805123	0.335402
240	0.0161543	0.0876706	0.349081	0	0.0119445	0.0781205	0.311476
241	0.0161543	0.0906765	0.3389	0	0.0117088	0.0778949	0.291166
242	0.0161543	0.0929182	0.345242	0	0.0119445	0.0768837	0.273232
243	0.0148327	0.0951712	0.324984	0	0.0119445	0.075821	0.268642
244	0.0207546	0.113535	0.417107	0	0.0120624	0.0754029	0.268819
245	0.0302744	0.123114	0.511841	0	0.0124281	0.0769156	0.268206
246	0.0370581	0.133159	0.623454	0	0.0124281	0.0771013	0.268206
247	0.0359314	0.136085	0.623454	0.00449775	0.0124281	0.0800758	0.268819
248	0.0333908	0.138781	0.623454	0.0104948	0.0124281	0.0796419	0.260053
249	0.0302744	0.141047	0.602701	0.0149925	0.0153486	0.0815392	0.311476
250	0.0245413	0.143227	0.468036	0.0149925	0.0153486	0.0816813	0.292829
251	0.0337247	0.143143	0.666173	0.0149925	0.0153486	0.0827986	0.297021
252	0.0385473	0.145277	0.71147	0.0149925	0.0153486	0.0839525	0.297021
253	0.0409815	0.146645	0.666173	0.0164918	0.0153486	0.0859859	0.298265
254	0.0337247	0.140147	0.468036	0.00449775	0.0124281	0.0920632	0.291166
255	0.030408	0.135806	0.430429	0	0.0114249	0.0966232	0.298265
256	0.0408357	0.135991	0.623908	0	0.0179371	0.0959187	0.415455
257	0.0245413	0.134725	0.430429	0	0.0179371	0.0992743	0.433323
258	0.0345506	0.139512	0.583297	0	0.0166408	0.103479	0.485477
259	0.0345506	0.141915	0.623908	0	0.0189879	0.099034	0.433323
260	0.0234662	0.142608	0.501495	0.00449775	0.0189879	0.0948938	0.433323
261	0.0377959	0.15565	0.968007	0.0089955	0.0189879	0.0946155	0.433323
262	0.0583636	0.192095	1.41577	0.041979	0.0160661	0.0927186	0.350518
263	0.0508118	0.193242	1.41577	0.0434783	0.0169402	0.0932167	0.335402
264	0.0508118	0.199613	1.41577	0.0449775	0.0169402	0.0920862	0.298265
265	0.0308198	0.176254	1.35436	0.0269865	0.0166408	0.091163	0.298265
266	0.0202231	0.163207	0.998813	0.0209895	0.0182303	0.0906645	0.298265
267	0.0100807	0.109134	0.616483	0.0149925	0.0182303	0.0911444	0.34003
268	0.0100807	0.0784864	0.509178	0.005997	0.0166408	0.0906084	0.308846
269	0.0100807	0.0574674	0.320013	0	0.0182303	0.0907241	0.34003
270	0.0100807	0.0488331	0.263175	0	0.0151468	0.0896337	0.283301
271	0.0100807	0.0452975	0.241883	0	0.0182303	0.0927482	0.318294
272	0.0101437	0.0417874	0.22318	0.00149925	0.0203889	0.0942729	0.350518
273	0.0101182	0.0395507	0.204797	0.00149925	0.020751	0.0953116	0.34003
274	0.0101182	0.0374627	0.191125	0	0.0216327	0.0972567	0.335402
275	0.0101182	0.036951	0.185877	0	0.0190049	0.096993	0.331639
276	0.0101182	0.0371395	0.183309	0	0.019148	0.0979235	0.387107
277	0.0101182	0.0370244	0.183309	0	0.0203889	0.100995	0.387107
278	0.0101182	0.0363441	0.176862	0	0.020751	0.105997	0.433736
279	0.0101182	0.0358167	0.174764	0	0.0292613	0.111161	0.478063
280	0.0101182	0.0351561	0.172805	0	0.0356901	0.115866	0.478063
281	0.0101182	0.0329863	0.161528	0	0.0356901	0.117143	0.478063
282	0.0101182	0.0324822	0.14621	0	0.035437	0.117261	0.470862
283	0.0101182	0.0329717	0.149152	0	0.0356901	0.119448	0.470862
284	0.0101182	0.0325399	0.143698	0	0.0356901	0.117293	0.478063
285	0.0101182	0.0305823	0.120364	0	0.035437	0.1207	0.578005
286	0.0101182	0.0300363	0.119043	0	0.0349195	0.122613	0.597494
287	0.0101182	0.0296856	0.115964	0	0.020751	0.128018	0.507566
288	0.0101182	0.0298792	0.115964	0	0.0192692	0.130465	0.486553
289	0.0101182	0.0297636	0.108019	0	0.0192692	0.130363	0.486553
290	0.0101182	0.0298171	0.110434	0	0.0194335	0.130293	0.507566
291	0.0101182	0.0300158	0.112561	0	0.021049	0.117365	0.438641
292	0.0101182	0.0294269	0.111154	0	0.0219862	0.114615	0.481747
293	0.0101182	0.0291749	0.111154	0	0.0219862	0.111753	0.481747
294	0.0101182	0.0296392	0.115964	0.00149925	0.0199393	0.104764	0.486553
295	0.0101182	0.0294559	0.116549	0	0.0127681	0.0982775	0.325234
296	0.0101182	0.0290857	0.116549	0	0.0150729	0.0908527	0.325234
297	0.0101182	0.0288356	0.112561	0	0.0150729	0.0884399	0.314743
298	0.0101182	0.0290071	0.111154	0	0.0150729	0.0862659	0.298921
299	0.0101182	0.0292816	0.116549	0	0.0150729	0.085069	0.296153
300	0.0101182	0.0298991	0.117479	0	0.0155108	0.0815672	0.296153
301	0.0101182	0.0298806	0.117479	0	0.0150729	0.0814184	0.296153
302	0.0101182	0.0297586	0.119043	0	0.0155108	0.0828464	0.298921
303	0.0101182	0.0293632	0.119043	0	0.0155108	0.0822868	0.296153
304	0.0101182	0.0294482	0.119043	0	0.0155108	0.0833542	0.298921
305	0.0101182	0.0291233	0.117273	0	0.0155108	0.0835176	0.298921
306	0.0101182	0.0297416	0.12033	0	0.0155108	0.0862088	0.296153
307	0.0101182	0.0293367	0.117273	0	0.0155108	0.0937434	0.291531
308	0.0101182	0.0302381	0.126393	0	0.0155108	0.0987185	0.308276
309	0.0101182	0.0305516	0.136634	0	0.0155108	0.101218	0.308276
310	0.0101182	0.0308344	0.136634	0	0.0242923	0.11082	0.397719
311	0.0101182	0.0310873	0.136726	0	0.0273497	0.11639	0.36176
312	0.0101182	0.0314581	0.136726	0.00149925	0.0273497	0.114067	0.383769
313	0.0101182	0.0318005	0.136726	0.00149925	0.0273292	0.112766	0.397719
314	0.0101182	0.0323082	0.145715	0	0.0235632	0.110353	0.36176
315	0.0101182	0.0322097	0.143698	0	0.0237859	0.111842	0.36176
316	0.0101182	0.031978	0.136726	0	0.0231821	0.113748	0.36176
317	0.0101182	0.0326348	0.143698	0	0.0248886	0.116063	0.397719
318	0.0101182	0.0336248	0.151944	0	0.0199393	0.115841	0.325234
319	0.0101182	0.0344477	0.154563	0	0.019408	0.114245	0.314743
320	0.0101182	0.0355691	0.158759	0	0.019408	0.113891	0.314743
321	0.0101182	0.0393792	0.243281	0	0.019408	0.114231	0.345299
322	0.0101182	0.0426539	0.286124	0	0.0199393	0.113773	0.36176
323	0.0101182	0.0518557	0.341584	0	0.019408	0.122154	0.460555
324	0.0116027	0.0604542	0.452157	0	0.019408	0.126955	0.542991
325	0.0116906	0.0700925	0.488358	0.00149925	0.0199393	0.130981	0.707659
326	0.0128067	0.0811432	0.577923	0.0029985	0.0131579	0.127721	0.573572
327	0.0112714	0.109196	0.637181	0.0254873	0.013456	0.134169	0.707659
328	0.0194954	0.17118	1.19206	0.0629685	0.0149162	0.142786	0.907947
329	0.0183165	0.173147	1.19206	0.0614693	0.0149162	0.144038	0.952911
330	0.0194954	0.168065	1.16977	0.0584708	0.0149162	0.130988	0.690831
331	0.0212962	0.184458	1.16977	0.0614693	0.0149162	0.130657	0.690831
332	0.0215083	0.210187	1.16977	0.0674663	0.0186211	0.141543	0.690831
333	0.0255177	0.250693	1.4915	0.0944528	0.0213865	0.143007	0.740343
334	0.0587194	0.374333	1.9464	0.161919	0.0229088	0.154203	1.09226
335	0.0695689	0.381209	2.18611	0.166417	0.0213865	0.157244	1.09226
336	0.0721817	0.37236	2.36076	0.163418	0.0229088	0.158943	1.55205
337	0.0695689	0.376153	2.18611	0.164918	0.0213865	0.150865	1.48749
338	0.0829001	0.42507	2.16689	0.181409	0.0213865	0.155065	1.71733
339	0.0143434	0.215664	1.40198	0.089955	0.0213865	0.155106	1.71733
340	0.0143434	0.150481	1.14342	0.0509745	0.0138803	0.149366	1.12966
341	0.0129122	0.101223	0.830098	0.0209895	0.0138803	0.145164	1.09226
342	0.0106203	0.0879408	0.664054	0.0134933	0.0138803	0.142813	1.09226
343	0.0106203	0.07447	0.458086	0.00149925	0.0138803	0.137709	1.02444
344	0.0106203	0.0684237	0.416172	0.00149925	0.0138803	0.135705	0.865501
345	0.010444	0.0629517	0.387505	0.00149925	0.0138803	0.133667	0.757141
346	0.0106203	0.0622381	0.387505	0.00149925	0.0154182	0.134104	0.952911
347	0.0110446	0.0602944	0.387505	0.00149925	0.0138803	0.146959	1.24983
348	0.0104867	0.0594869	0.380038	0.00149925	0.0138803	0.15141	1.55205
349	0.0104354	0.0582157	0.354523	0	0.010611	0.160811	2.96133
350	0.0110446	0.0546172	0.297777	0	0.010611	0.163806	5.01733
351	0.0102607	0.052973	0.267027	0	0.010611	0.170894	7.73986
352	0.0104867	0.0519622	0.257464	0	0.010611	0.177435	9.48541
353	0.0102607	0.0524497	0.229947	0	0.0105817	0.184336	12.3738
354	0.0104354	0.0535696	0.257464	0	0.010611	0.170491	7.73898
355	0.0101733	0.0537643	0.224257	0	0.0112955	0.160059	7.48067
356	0.0104867	0.0539549	0.257464	0	0.0151626	0.168438	7.79943
357	0.0102607	0.0531694	0.208064	0	0.0143045	0.163693	5.99159
358	0.0101733	0.0532255	0.205553	0	0.0141583	0.168023	5.99159
359	0.0101733	0.0542643	0.219152	0	0.0115959	0.16194	4.07735
360	0.0101733	0.0562786	0.224257	0	0.0118723	0.155357	2.70876
361	0.0101733	0.0553346	0.224257	0	0.0115959	0.156507	1.94999
362	0.0101733	0.0541223	0.205553	0	0.0115959	0.161446	2.11346
363	0.0101733	0.0549751	0.205553	0	0.0128873	0.176773	4.07735
364	0.0101733	0.0587401	0.219152	0	0.0132461	0.182771	4.07735
365	0.0110446	0.0612065	0.257464	0	0.0115959	0.183214	3.89743
366	0.0110446	0.0622084	0.257464	0	0.0128873	0.184124	4.07735
367	0.0110446	0.0627315	0.257464	0	0.0141583	0.190665	5.36053
368	0.0110076	0.0651481	0.257705	0	0.0143045	0.175735	5.36053
369	0.0110076	0.0701652	0.272448	0	0.0123757	0.168471	3.89743
370	0.0121807	0.0776039	0.297699	0	0.0123757	0.165407	3.89743
371	0.0123509	0.0922767	0.298337	0.00449775	0.0123757	0.162247	3.89743
372	0.0133232	0.103636	0.323532	0.005997	0.0122459	0.158567	3.89743
373	0.0190303	0.120015	0.520809	0.0149925	0.0121094	0.153707	4.06122
374	0.0253021	0.113854	0.412471	0	0.0139908	0.156612	5.98937
375	0.0253021	0.116402	0.412471	0	0.0123757	0.161262	6.02182
376	0.0253021	0.119088	0.39858	0.00149925	0.0121094	0.164366	8.25258
377	0.0253021	0.124255	0.412471	0.00149925	0.0115959	0.160618	6.32309
378	0.0279804	0.126099	0.444122	0.00149925	0.0115959	0.159926	6.02182
379	0.0328181	0.124693	0.591758	0.00149925	0.0115959	0.162011	6.02182
380	0.0328181	0.123637	0.591758	0	0.0115959	0.166486	6.02182
381	0.0324664	0.122344	0.591758	0	0.0115959	0.170102	6.02182
382	0.0279863	0.120855	0.520809	0	0.0121065	0.165342	6.02182
383	0.0265054	0.120372	0.492084	0	0.0136613	0.162617	6.02182
384	0.0279804	0.119973	0.520809	0	0.0136711	0.165198	6.32309
385	0.0279804	0.121879	0.492084	0	0.0151817	0.167658	6.32309
386	0.0279804	0.122977	0.492084	0	0.011388	0.179501	8.25258
387	0.0279804	0.125344	0.492084	0	0.0128873	0.17696	9.28711
388	0.0263941	0.124017	0.471911	0	0.013805	0.178089	9.28711
389	0.0279863	0.128515	0.520809	0.00149925	0.0151817	0.180005	6.32309
390	0.0279863	0.137179	0.528661	0.00149925	0.0151817	0.181826	6.02182
391	0.0300927	0.140755	0.568479	0.00149925	0.0167696	0.175974	6.02182
392	0.0279863	0.140416	0.567529	0	0.012735	0.170563	2.6247
393	0.0219151	0.140119	0.567529	0	0.012735	0.173034	0.999407
394	0.0208829	0.140968	0.558865	0.0029985	0.0167696	0.174596	1.00551
395	0.0219151	0.140863	0.550289	0.00149925	0.026043	0.184541	1.63307
396	0.0219151	0.145389	0.550289	0	0.026043	0.184431	1.46851
397	0.0208829	0.149053	0.558865	0.0029985	0.0319901	0.189657	1.63307
398	0.0173837	0.153672	0.580367	0.0104948	0.0327861	0.211261	2.75495
399	0.0193023	0.177878	0.995546	0.0329835	0.028338	0.232688	2.75495
400	0.0718406	0.347351	6.12357	0.17991	0.0327861	0.220933	3.35739
401	0.050253	0.322834	3.60468	0.152924	0.0122162	0.147757	0.871842
402	0.0101587	0.184356	0.995546	0.047976	0.0115868	0.122622	0.411538
403	0.0101539	0.129015	0.55246	0.0164918	0.0137867	0.110978	0.406279
404	0.0101539	0.107495	0.520112	0.00749625	0.0131992	0.106377	0.358155
405	0.0101587	0.0950627	0.495811	0.0029985	0.0158872	0.103011	0.379873
406	0.0101539	0.0854978	0.471911	0.0029985	0.0182034	0.103705	0.395825
407	0.0101539	0.0764202	0.431491	0.0029985	0.0182034	0.101372	0.395825
408	0.0101539	0.0676625	0.397267	0	0.018373	0.0983279	0.395825
409	0.0100405	0.0660134	0.397267	0	0.0202201	0.0991682	0.395825
410	0.0101539	0.0638753	0.406177	0.00149925	0.0196621	0.100232	0.358445
411	0.0101539	0.0640899	0.406177	0	0.0198432	0.102014	0.358445
412	0.0100405	0.0638251	0.397267	0	0.0249072	0.103658	0.407213
413	0.0101539	0.0606524	0.397267	0	0.0249072	0.104016	0.395825
414	0.0101539	0.0616735	0.397267	0.00149925	0.0271815	0.105135	0.411538
415	0.0101539	0.0620159	0.397267	0.00149925	0.0249072	0.104887	0.411538
416	0.0100405	0.0629049	0.397267	0.00149925	0.0197414	0.107021	0.379873
417	0.0100405	0.0616346	0.397267	0	0.0197414	0.108026	0.379873
418	0.0101539	0.0615967	0.406177	0	0.0197414	0.109439	0.395825
419	0.0100405	0.0634454	0.406177	0.00149925	0.0196621	0.11093	0.431828
420	0.0100405	0.0685454	0.431331	0.005997	0.0196621	0.111862	0.431828
421	0.0101539	0.0746303	0.493933	0.00449775	0.0196621	0.114698	0.440466
422	0.0100405	0.0942186	0.567369	0.0149925	0.0202201	0.118433	0.464709
423	0.0100405	0.110591	0.662483	0.0269865	0.0202201	0.115839	0.464709
424	0.0101539	0.155691	1.10629	0.0584708	0.0198432	0.117848	0.431828
425	0.0101539	0.215992	1.32824	0.077961	0.0295308	0.122335	0.536029
426	0.141362	0.650295	9.56339	0.23988	0.028338	0.121385	0.536029
427	0.141362	0.441923	2.71402	0.0989505	0.0236109	0.120446	0.464709
428	0.13929	0.417584	1.98676	0.0764618	0.028338	0.120662	0.516377
429	0.137783	0.421167	1.53608	0.0764618	0.0236109	0.11762	0.474695
430	0.141362	0.392625	1.33493	0.0509745	0.0198432	0.118842	0.474695
431	0.13929	0.396329	1.18363	0.047976	0.0283078	0.123723	0.677871
432	0.13929	0.401826	1.22948	0.053973	0.0283078	0.129376	0.723477
433	0.152169	0.416112	1.5708	0.0689655	0.0283078	0.14727	1.41858
434	0.141362	0.433259	1.70523	0.083958	0.0267207	0.144754	0.933825
435	0.0893345	0.366244	1.22948	0.0464768	0.0368227	0.143434	0.85101
436	0.0893345	0.335368	1.18363	0.0329835	0.0374978	0.14217	0.85101
437	0.0893345	0.330818	1.10256	0.0329835	0.0368227	0.14085	0.85101
438	0.0893345	0.32793	1.09184	0.029985	0.0368227	0.136655	0.85101
439	0.0887201	0.323148	1.0719	0.023988	0.0259968	0.133736	0.677871
440	0.0887201	0.341734	1.06499	0.0344828	0.0198258	0.1198	0.595743
441	0.0887201	0.322308	1.08129	0.029985	0.0182838	0.113083	0.508816
442	0.0893345	0.317012	1.06495	0.0269865	0.0203996	0.111045	0.508816
443	0.101383	0.31868	1.18363	0.029985	0.0201267	0.107159	0.508816
444	0.103566	0.322795	1.18363	0.0344828	0.0196835	0.106305	0.508816
445	0.0911159	0.288288	1.10256	0.023988	0.0198432	0.105915	0.508816
446	0.077497	0.264539	1.10256	0.0089955	0.0198432	0.104614	0.508816
447	0.0704662	0.253009	0.922035	0.00149925	0.0201267	0.104113	0.508816
448	0.077497	0.251842	0.922035	0.00149925	0.0201267	0.103788	0.508816
449	0.0822667	0.250448	0.922035	0.00149925	0.0196835	0.102086	0.524677
450	0.0822667	0.252614	0.879261	0.00149925	0.0168583	0.10104	0.508816
451	0.0822667	0.251831	0.879261	0.00149925	0.0165123	0.100194	0.508816
452	0.082956	0.25491	0.868886	0.0029985	0.0161472	0.102008	0.446321
453	0.0822667	0.259884	0.786927	0.0029985	0.0161472	0.102602	0.446321
454	0.0700873	0.280056	0.922035	0.0284858	0.0165123	0.0996002	0.446321
455	0.0482618	0.370585	7.62809	0.109445	0.0162822	0.0930026	0.41666
456	0.0153666	0.203417	0.727066	0.017991	0.0161472	0.0894476	0.366304
457	0.0181582	0.181217	0.673061	0	0.0161472	0.0848738	0.408123
458	0.0181582	0.171323	0.650804	0	0.0161472	0.0844836	0.389891
459	0.0181582	0.163778	0.650804	0	0.0161472	0.0843726	0.411538
460	0.0187206	0.159868	0.650804	0	0.0148562	0.083466	0.366304
461	0.0187206	0.15878	0.650804	0	0.014072	0.0822095	0.363822
462	0.0202651	0.159088	0.650804	0	0.013289	0.0834422	0.366304
463	0.0208992	0.156654	0.647956	0	0.0128035	0.083993	0.363822
464	0.0240939	0.155145	0.64538	0	0.0109813	0.0849716	0.340144
465	0.0240939	0.158139	0.6258	0.00149925	0.0105463	0.0860521	0.337927
466	0.028858	0.165752	0.646731	0.00149925	0.0104681	0.0884373	0.341022
467	0.0270058	0.153833	0.646731	0	0.0103196	0.0893393	0.357499
468	0.028858	0.144469	0.6258	0	0.0103196	0.0872964	0.341022
469	0.028858	0.141776	0.624951	0	0.0165123	0.0902787	0.596622
470	0.0245844	0.134972	0.533101	0.00149925	0.017945	0.0943789	0.596622
471	0.0245844	0.133026	0.515556	0.00149925	0.0198432	0.099573	0.803872
472	0.0245844	0.13093	0.505578	0.00149925	0.0188943	0.0998404	0.803872
473	0.0221846	0.115995	0.49418	0	0.0198432	0.0997559	0.870273
474	0.0193874	0.105972	0.489522	0	0.01137	0.101127	0.596622
475	0.0170443	0.0971852	0.483708	0.00149925	0.0104681	0.0875321	0.357571
476	0.0128342	0.0866957	0.327431	0	0.0104681	0.0837431	0.327288
477	0.0128342	0.0838528	0.318658	0	0.0103677	0.0803291	0.30883
478	0.0128342	0.0803087	0.300676	0	0.0103677	0.0781557	0.292169
479	0.0151812	0.0796003	0.327431	0	0.0103677	0.0772452	0.278127
480	0.0151812	0.0742009	0.318658	0	0.0104681	0.0733189	0.236905
481	0.013825	0.0716658	0.293695	0.00149925	0.0104681	0.072546	0.235109
482	0.0150154	0.0706804	0.318658	0.00149925	0.0104666	0.0724129	0.246601
483	0.0128342	0.0692194	0.276237	0.00149925	0.0104666	0.0731485	0.246601
484	0.012071	0.0698524	0.26363	0.0029985	0.0104666	0.073503	0.239413
485	0.012071	0.0700499	0.253552	0	0.0104666	0.0737883	0.241708
486	0.0150154	0.0719532	0.281606	0	0.0104666	0.0748455	0.241708
487	0.014183	0.0733979	0.282372	0	0.0111267	0.0767008	0.336105
488	0.0126866	0.0726692	0.276237	0	0.0111267	0.0761273	0.336105
489	0.0128342	0.0735238	0.281606	0	0.0111267	0.0761028	0.336105
490	0.0128342	0.0758662	0.282372	0	0.0127398	0.0816863	0.446321
491	0.0117766	0.0802994	0.282372	0.0134933	0.0104681	0.088347	0.446321
492	0.014183	0.0850627	0.404762	0.0224888	0.0130421	0.105459	0.843788
493	0.012071	0.0904411	0.448761	0.0329835	0.0159184	0.103707	0.843788
494	0.0115938	0.0789185	0.347397	0.023988	0.0160964	0.105086	0.843788
495	0.0101262	0.0713323	0.276237	0.0194903	0.0147972	0.107242	0.728099
496	0.0101262	0.0685628	0.278678	0.0194903	0.0148562	0.111025	0.728099
497	0.0101262	0.0584325	0.206857	0.0089955	0.0160964	0.110438	0.843788
498	0.0101262	0.0515794	0.195191	0.005997	0.0148785	0.104826	0.843788
499	0.0115938	0.0507322	0.222471	0.005997	0.0107891	0.0926605	0.515091
500	0.0115938	0.0497235	0.208181	0	0.0114352	0.0879404	0.520815
501	0.0115938	0.0491171	0.217824	0	0.0107891	0.0870708	0.520815
502	0.0101262	0.0473281	0.179995	0	0.0100251	0.0792738	0.449526
503	0.0101262	0.0460471	0.176533	0	0.0100251	0.0686885	0.35572
504	0.0103581	0.0457858	0.17782	0	0.0100251	0.0624901	0.293743
505	0.0101262	0.0451266	0.165823	0	0.0100251	0.0604903	0.252144
506	0.0101262	0.0454265	0.166715	0.00149925	0.0100732	0.0584244	0.234723
507	0.0101262	0.0446182	0.155475	0.00149925	0.0100251	0.0566549	0.205638
508	0.0103581	0.0438931	0.155475	0.00149925	0.0100732	0.054893	0.193084
509	0.0100207	0.0439174	0.152169	0.00149925	0.0100251	0.0536642	0.189557
510	0.0101262	0.044356	0.153091	0	0.0100251	0.0521914	0.183918
511	0.0100207	0.0450384	0.162142	0	0.0100732	0.050428	0.167677
512	0.0100207	0.0466096	0.17782	0	0.0100732	0.050545	0.167677
513	0.0100207	0.0457221	0.173805	0	0.0100251	0.0519028	0.16835
514	0.0100207	0.0470303	0.192761	0	0.0100251	0.0516917	0.162892
515	0.0100207	0.0486146	0.226489	0	0.0100515	0.0516723	0.159611
516	0.0100207	0.0493792	0.22661	0	0.0100732	0.0514913	0.145683
517	0.0100207	0.0541124	0.297965	0	0.0100251	0.0514574	0.145683
518	0.0100207	0.0584695	0.332596	0	0.0100251	0.0516084	0.145683
519	0.0116233	0.063531	0.391443	0	0.0100251	0.0520512	0.145683
520	0.0105592	0.0687889	0.399232	0	0.0100251	0.0530671	0.146994
521	0.0100207	0.0804368	0.431914	0.00449775	0.0117526	0.0540244	0.166289
522	0.0117525	0.0868299	0.560636	0.00449775	0.0112217	0.0549564	0.157789
523	0.0117225	0.0978073	0.560636	0.005997	0.0112217	0.0554405	0.157789
524	0.0114416	0.11177	0.569342	0.00749625	0.0117526	0.0567029	0.166289
525	0.0120621	0.151279	0.681044	0.0089955	0.0110607	0.0591989	0.162892
526	0.0349984	0.210492	0.977322	0.0089955	0.0117526	0.060714	0.192986
527	0.0317773	0.210276	0.977322	0.0089955	0.0117526	0.0586533	0.162892
528	0.0353915	0.223285	0.977322	0.0104948	0.0143387	0.0611317	0.230445
529	0.0372236	0.251595	0.977322	0.0194903	0.0100732	0.0649531	0.230445
530	0.050515	0.267691	0.977322	0.0149925	0.0117794	0.0625114	0.206966
531	0.0891674	0.299508	0.977322	0.011994	0.0104069	0.0592728	0.159548
532	0.100109	0.324308	0.977322	0.0194903	0.0104069	0.0555305	0.145683
533	0.0959322	0.325167	0.875345	0.0209895	0.0122929	0.0547077	0.166289
534	0.0622568	0.277456	0.94391	0.0104948	0.0121716	0.0527914	0.159548
535	0.028647	0.247844	0.875345	0.00449775	0.0104069	0.0531456	0.14172
536	0.0244521	0.22746	0.873344	0.0029985	0.0104069	0.053031	0.141359
537	0.0230374	0.217241	0.873344	0.00149925	0.0104069	0.052354	0.142836
538	0.0230374	0.210408	0.94391	0.00149925	0.0104069	0.0523313	0.145683
539	0.0161868	0.204443	0.673755	0	0.0104069	0.053519	0.144621
540	0.0161868	0.201691	0.673755	0	0.0121834	0.0537298	0.165064
541	0.0168751	0.206533	0.70051	0	0.0122929	0.0544596	0.16021
542	0.0161868	0.207008	0.70051	0	0.0121834	0.0548229	0.16021
543	0.0168751	0.219654	0.761586	0	0.0122929	0.0545439	0.16021
544	0.0161868	0.23613	0.845231	0.0149925	0.0104069	0.056099	0.150364
545	0.0168751	0.250249	0.845231	0.0164918	0.0106428	0.0569618	0.155805
546	0.0282578	0.29052	1.5007	0.0314843	0.0106428	0.0566482	0.155805
547	0.101576	0.414528	1.5007	0.089955	0.0106428	0.0571693	0.156333
548	0.101504	0.426697	1.4119	0.0929535	0.0106428	0.0567379	0.155805
549	0.118402	0.412737	1.45154	0.0824588	0.0106428	0.0577164	0.157789
550	0.114628	0.419144	1.5007	0.0854573	0.0106428	0.0586183	0.159611
551	0.108606	0.41243	1.5007	0.0854573	0.0106428	0.0588688	0.159611
552	0.118402	0.416957	1.65595	0.0914543	0.0104069	0.0600763	0.181889
553	0.159663	0.528386	2.3041	0.151424	0.0106428	0.0660605	0.205544
554	0.129781	0.494071	1.65595	0.127436	0.0104069	0.0641328	0.190553
555	0.126977	0.481392	1.96353	0.127436	0.0107222	0.0653248	0.204188
556	0.145658	0.487446	2.5121	0.136432	0.0107222	0.0663994	0.204188
557	0.148364	0.52514	2.85061	0.173913	0.0106428	0.0685964	0.206414
558	0.146783	0.703399	2.86987	0.281859	0.0120657	0.0701785	0.249226
559	0.012604	0.227838	1.18814	0.077961	0.0111579	0.0839013	0.378195
560	0.0131238	0.139031	0.933447	0.0269865	0.0122032	0.080269	0.301892
561	0.0131238	0.113147	0.932111	0.0194903	0.013169	0.0748475	0.279656
562	0.0143701	0.103123	0.956083	0.017991	0.0129284	0.0750606	0.287403
563	0.0106772	0.0896645	0.609807	0.0164918	0.013479	0.0767131	0.287403
564	0.0106772	0.0844965	0.521808	0.0104948	0.0111579	0.079887	0.287403
565	0.0131238	0.0794394	0.521808	0.005997	0.0133468	0.0805908	0.312716
566	0.0144426	0.0722061	0.521808	0	0.0102734	0.0823365	0.287909
567	0.0100338	0.0708387	0.329347	0	0.0178143	0.0861422	0.472973
568	0.0106772	0.0699121	0.287506	0	0.0184607	0.0874408	0.472973
569	0.0106772	0.0709772	0.283578	0	0.0206844	0.0915719	0.412043
570	0.0124706	0.0680481	0.283578	0	0.0222064	0.094358	0.412043
571	0.0144426	0.0671018	0.283578	0	0.0222064	0.0958201	0.412043
572	0.0148498	0.0676556	0.287216	0	0.0229322	0.100392	0.406465
573	0.0144426	0.0670574	0.281942	0	0.0229322	0.100977	0.363559
574	0.0143701	0.0671615	0.274024	0	0.0229322	0.100134	0.363559
575	0.0143701	0.0686246	0.26633	0	0.0226774	0.0994219	0.352113
576	0.0144426	0.0725872	0.274024	0.00449775	0.0239002	0.101349	0.378195
577	0.0144426	0.074132	0.26633	0	0.0255651	0.0997659	0.363559
578	0.0144426	0.0760874	0.26633	0	0.0223531	0.0983314	0.293165
579	0.0144426	0.0809621	0.291364	0.0029985	0.0229322	0.0974701	0.312716
580	0.0144426	0.0816852	0.292577	0	0.0223531	0.0977587	0.293165
581	0.0144426	0.0837375	0.30161	0	0.0229322	0.0995964	0.293165
582	0.0144426	0.0870261	0.300845	0	0.0229322	0.100216	0.314063
583	0.0144426	0.0933544	0.318056	0	0.0226774	0.100043	0.312716
584	0.0144426	0.0919618	0.343149	0	0.0247406	0.0992951	0.314063
585	0.0144426	0.0897647	0.318056	0	0.0255651	0.100912	0.328986
586	0.0144426	0.0896958	0.318056	0	0.0278254	0.0995043	0.328986
587	0.0144426	0.0900936	0.312746	0	0.0285238	0.100449	0.328986
588	0.0144426	0.0912821	0.312746	0	0.0294145	0.103179	0.328986
589	0.0144426	0.0920482	0.318056	0	0.0304904	0.103891	0.328986
590	0.0144426	0.0934972	0.343149	0	0.0311682	0.104586	0.328986
591	0.014643	0.0948914	0.32611	0	0.0315024	0.10543	0.328986
592	0.014643	0.0982981	0.32611	0	0.0319004	0.106523	0.328986
593	0.0148523	0.106109	0.312746	0	0.0323266	0.106368	0.328986
594	0.0228195	0.1166	0.453667	0	0.0333939	0.106671	0.328986
595	0.0296778	0.124997	0.516439	0	0.0315024	0.105589	0.328986
596	0.0297471	0.13115	0.453667	0	0.0323105	0.105873	0.328017
597	0.0488376	0.131822	0.683614	0	0.0315024	0.106717	0.300505
598	0.0494474	0.134609	0.683614	0	0.0315024	0.109565	0.300505
599	0.0297471	0.129094	0.453667	0	0.0333939	0.109853	0.328986
600	0.0280241	0.126259	0.453667	0	0.0294145	0.108429	0.298533
601	0.026315	0.122926	0.453667	0.00149925	0.0294145	0.10894	0.293165
602	0.0296778	0.121118	0.552197	0.00149925	0.0295458	0.106669	0.293165
603	0.0296778	0.12267	0.635499	0.005997	0.0294145	0.109315	0.300505
604	0.0298269	0.122655	0.683614	0.00749625	0.0294145	0.108723	0.342127
605	0.0304629	0.128283	0.683614	0.0134933	0.0308341	0.108192	0.373673
606	0.0225249	0.12352	0.573533	0.0134933	0.0308341	0.108328	0.365584
607	0.0225249	0.118125	0.545351	0.011994	0.029738	0.108095	0.376366
608	0.0192289	0.113653	0.516439	0.0104948	0.0308341	0.108818	0.376366
609	0.0225249	0.111619	0.562913	0.005997	0.0294145	0.108447	0.376366
610	0.0225249	0.111067	0.562913	0.00749625	0.0279493	0.107156	0.360085
611	0.0178547	0.112547	0.502452	0.0089955	0.0279493	0.107338	0.365584
612	0.0177492	0.104638	0.448541	0.00149925	0.0279493	0.105641	0.376366
613	0.0158984	0.0975462	0.359995	0	0.0277843	0.105181	0.365584
614	0.0165693	0.0940567	0.35588	0	0.0277843	0.105576	0.361168
615	0.0165693	0.0893367	0.35588	0	0.0277843	0.106179	0.361168
616	0.0177492	0.0863565	0.359995	0	0.0277099	0.106636	0.365584
617	0.0177492	0.0851314	0.359995	0	0.0277843	0.108102	0.361168
618	0.0165693	0.0822318	0.35588	0	0.0277099	0.106634	0.361168
619	0.0164275	0.0787274	0.35588	0	0.0253023	0.104809	0.361168
620	0.0150273	0.0772937	0.404176	0	0.026897	0.107959	0.495665
621	0.0141891	0.073738	0.35588	0	0.017541	0.100157	0.361168
622	0.0141891	0.0697863	0.35588	0	0.0215213	0.098483	0.413505
623	0.0104179	0.0682377	0.248349	0	0.0218631	0.0986971	0.413505
624	0.0118538	0.0651539	0.248617	0	0.0218706	0.0984084	0.413505
625	0.0118538	0.0631424	0.236963	0	0.0218706	0.097946	0.413505
626	0.0118538	0.0623959	0.236963	0	0.0218706	0.0977818	0.413505
627	0.0118538	0.0617637	0.236963	0	0.0218631	0.0981958	0.412073
628	0.0120739	0.0597244	0.23078	0	0.0244813	0.100214	0.434209
629	0.0128826	0.0579993	0.236963	0	0.0244813	0.10122	0.434209
630	0.012982	0.0585264	0.248617	0	0.0218631	0.105979	0.413505
631	0.0120925	0.0573451	0.254347	0	0.019972	0.105786	0.413505
632	0.0112217	0.0570682	0.236963	0	0.0215213	0.10597	0.473915
633	0.0112217	0.0567728	0.240333	0	0.0199039	0.10732	0.473915
634	0.0106505	0.0584288	0.240333	0.005997	0.0199039	0.106454	0.624092
635	0.0104179	0.0587954	0.240333	0.0089955	0.0156179	0.106845	0.546869
636	0.0109752	0.0570419	0.240333	0.0089955	0.0156179	0.107846	0.624092
637	0.0104179	0.0562357	0.238763	0.0089955	0.0121936	0.110407	0.719684
638	0.0112217	0.053406	0.226434	0.00449775	0.0156179	0.112384	1.11229
639	0.0106211	0.0483407	0.183992	0	0.0156179	0.113343	1.13112
640	0.0101507	0.0459663	0.16189	0	0.0130184	0.115932	1.13112
641	0.0101507	0.0444091	0.16189	0	0.0121936	0.136834	2.81053
642	0.0106211	0.0429015	0.16189	0	0.0156179	0.157949	5.97552
643	0.0106505	0.0423538	0.16189	0	0.0148997	0.157683	5.97552
644	0.0106211	0.0420068	0.16189	0	0.0121936	0.156153	5.97552
645	0.0109317	0.0417773	0.164859	0	0.0111152	0.154747	5.90243
646	0.0106505	0.0395646	0.164859	0	0.0111152	0.156042	5.90243
647	0.0101507	0.03861	0.15147	0	0.0127831	0.150324	6.44293
648	0.0101507	0.0372582	0.148342	0	0.0115376	0.145793	5.97552
649	0.0101507	0.0364537	0.148038	0	0.0134373	0.135985	5.97552
650	0.0102535	0.0362323	0.16189	0.00149925	0.0121936	0.110715	1.8824
651	0.0106211	0.0361206	0.16718	0.005997	0.0127831	0.100282	1.28958
652	0.0106211	0.036329	0.16718	0.005997	0.0127831	0.0888076	0.688967
653	0.0106211	0.0360852	0.16718	0.005997	0.0121936	0.0861375	0.635963
654	0.0101507	0.0360929	0.156617	0.005997	0.0121936	0.0828837	0.635963
655	0.0101507	0.0356556	0.156237	0.005997	0.010988	0.0825869	0.635963
656	0.0101507	0.0358192	0.156237	0.005997	0.0127831	0.0802097	0.635963
657	0.0101507	0.0349528	0.147172	0	0.0127831	0.0777726	0.609454
658	0.0101507	0.0352922	0.147356	0	0.0127831	0.0776132	0.609454
659	0.0101507	0.0354698	0.148342	0	0.010988	0.0763727	0.466649
660	0.0102288	0.0362539	0.155998	0	0.0121936	0.0761799	0.544572
661	0.0102288	0.0361936	0.155998	0	0.0121936	0.0766457	0.609454
662	0.0102288	0.036602	0.156617	0	0.0125139	0.0800041	0.87297
663	0.0109317	0.0367986	0.164859	0	0.0120537	0.0838726	0.874867
664	0.0102288	0.0381878	0.164859	0	0.0107615	0.0882433	0.90789
665	0.0102288	0.0391407	0.18412	0.0029985	0.010988	0.0968059	1.12468
666	0.0102288	0.0397306	0.218944	0	0.0107615	0.108792	2.77692
667	0.0103158	0.039872	0.230557	0
