		omega		Posterior		rho				Synonymous theta			kappa			phi	
Site	Lower	Point	Higher	prob of +ve	Lower	Point	Higher		Lower	Point	Higher	Lower	Point	Higher	Lower	Point	Higher
	95% HPD	estimate	95% HPD	selection	95% HPD	estimate	95% HPD		95% HPD	estimate	95% HPD	95% HPD	estimate	95% HPD	95% HPD	estimate	95% HPD
0	0.0102963	0.0652051	0.450781	0.00749625	0.0108942	0.381514	24.4475		0.0387474	0.0521767	0.0710974	2.12651	3.87261	7.18	0	0	0
1	0.0102963	0.0656555	0.440216	0.005997	0.0108942	0.38241	23.0998
2	0.0100245	0.0657751	0.408343	0.00449775	0.0100278	0.432765	25.8373
3	0.0102963	0.0658758	0.43781	0.005997	0.0100278	0.428615	25.8373
4	0.0102963	0.0668561	0.430427	0.005997	0.0100278	0.435731	24.1156
5	0.0100245	0.0668521	0.408343	0.0029985	0.0101577	0.43361	34.0722
6	0.0102843	0.0673433	0.43781	0.0029985	0.0101577	0.425546	34.0722
7	0.0102843	0.0680199	0.441158	0.0029985	0.0100278	0.424037	24.4475
8	0.0102963	0.0672076	0.430427	0.00449775	0.0100278	0.408296	27.6118
9	0.0102963	0.0669093	0.408343	0.005997	0.0101577	0.396655	27.6118
10	0.0102963	0.0697454	0.452854	0.0089955	0.0109261	0.377461	24.1156
11	0.0102963	0.0715825	0.463456	0.0104948	0.0109511	0.370902	21.4205
12	0.0100245	0.0737946	0.48122	0.011994	0.0109511	0.369054	22.7372
13	0.0100245	0.0777045	0.576273	0.0194903	0.0109511	0.35149	21.4205
14	0.0100245	0.0770189	0.524596	0.0089955	0.0100278	0.32574	15.6384
15	0.0102963	0.0795805	0.552943	0.011994	0.0103514	0.278539	10.1208
16	0.0102963	0.0814203	0.557937	0.011994	0.0108277	0.256088	10.1208
17	0.0102963	0.0858599	0.62099	0.017991	0.0100278	0.220293	7.63334
18	0.0102963	0.0940577	0.676055	0.0254873	0.0109502	0.214076	7.37647
19	0.0102963	0.10777	0.752926	0.0344828	0.0109502	0.199589	2.52116
20	0.0116745	0.13331	1.08939	0.0494753	0.0109502	0.194285	1.88143
21	0.0135199	0.165343	1.70931	0.0749625	0.0109502	0.173968	1.12615
22	0.0183553	0.22416	2.51552	0.122939	0.0103514	0.168741	0.900282
23	0.0188555	0.222801	2.51552	0.124438	0.0143896	0.177004	1.16632
24	0.0169783	0.220982	2.47084	0.130435	0.0143896	0.202197	1.23491
25	0.0129629	0.245863	2.51552	0.154423	0.0143896	0.23546	1.94922
26	0.0205615	0.268374	4.63955	0.176912	0.0116319	0.255264	2.5778
27	0.0104017	0.146816	1.35945	0.089955	0.0101825	0.266496	4.26148
28	0.0103111	0.107529	0.941108	0.0449775	0.0103514	0.295001	12.5507
29	0.0106858	0.093062	0.775964	0.0329835	0.0101825	0.280335	7.88204
30	0.0104017	0.082206	0.696147	0.023988	0.0101825	0.259076	5.30213
31	0.0100465	0.0753314	0.577222	0.017991	0.0103514	0.21866	2.18977
32	0.0100465	0.0692449	0.5166	0.011994	0.0109511	0.185017	1.44914
33	0.0100465	0.0638063	0.431824	0.005997	0.0101215	0.166247	1.21722
34	0.0101219	0.0611184	0.408425	0.00449775	0.0101215	0.152379	1.18573
35	0.0100465	0.0578433	0.378472	0.0029985	0.0101215	0.140561	0.981203
36	0.0100465	0.0544041	0.32384	0.0029985	0.0101215	0.133926	0.977217
37	0.0100465	0.0519078	0.294342	0.00149925	0.0101215	0.129605	0.971821
38	0.0100465	0.0495703	0.28924	0.00149925	0.0101215	0.125522	0.959396
39	0.0100465	0.047276	0.246914	0.00149925	0.0101215	0.122431	0.955792
40	0.0105611	0.0452474	0.24386	0.00149925	0.0101215	0.118079	0.883256
41	0.0100032	0.043653	0.214732	0.00149925	0.0101215	0.115696	0.874639
42	0.0100032	0.0430038	0.195836	0.00149925	0.0101215	0.114359	0.781433
43	0.0100465	0.0423693	0.1916	0.00149925	0.0101215	0.110676	0.772222
44	0.0100032	0.0417967	0.187504	0.0029985	0.0100846	0.108509	0.715086
45	0.0100032	0.0406069	0.183408	0.0029985	0.0100846	0.104429	0.659826
46	0.0100032	0.0401296	0.183408	0.0029985	0.0100846	0.102443	0.642315
47	0.0100032	0.0395411	0.183408	0.00149925	0.0100846	0.103761	0.659826
48	0.0100465	0.0396511	0.183408	0	0.0100846	0.101453	0.656328
49	0.0100032	0.0389097	0.173164	0	0.0100846	0.0987424	0.659826
50	0.0100032	0.0383226	0.169979	0	0.0100846	0.0994461	0.656328
51	0.0100465	0.0381579	0.169979	0.00149925	0.0100846	0.09968	0.656328
52	0.0100032	0.0378434	0.17106	0.00149925	0.0100846	0.102875	0.698423
53	0.0100465	0.0383954	0.183408	0.00149925	0.0100846	0.104556	0.755076
54	0.0100465	0.0387014	0.185281	0.0029985	0.0100846	0.105999	0.762767
55	0.0100032	0.0385876	0.183408	0.00149925	0.0100846	0.104219	0.762767
56	0.0100032	0.0395804	0.187504	0.00449775	0.0100846	0.104775	0.772222
57	0.0100032	0.040604	0.218051	0.00749625	0.0100846	0.104044	0.699213
58	0.0100032	0.0396021	0.202745	0.0029985	0.0100846	0.102659	0.699213
59	0.0100032	0.0390369	0.187504	0.0029985	0.0100846	0.115615	0.885972
60	0.0100032	0.0387251	0.18587	0.00149925	0.0100846	0.129518	1.29354
61	0.0100032	0.0383273	0.176905	0.00149925	0.0100846	0.149948	1.91149
62	0.0100032	0.0381179	0.173164	0	0.0100846	0.165338	3.14214
63	0.0103111	0.0380036	0.177712	0.00149925	0.0100846	0.188775	3.8399
64	0.0100032	0.0387853	0.180029	0.00149925	0.0100846	0.198825	7.31739
65	0.0103111	0.0392386	0.187504	0.00149925	0.0100846	0.200674	6.39233
66	0.0100032	0.0400317	0.187504	0.00149925	0.0100846	0.208614	7.31739
67	0.0100032	0.0407617	0.189513	0.0029985	0.0101215	0.227399	13.2192
68	0.0103111	0.0405277	0.187504	0.0029985	0.0100846	0.240968	22.3963
69	0.0103111	0.0403311	0.187504	0.0029985	0.0100846	0.26011	30.312
70	0.0102922	0.0399239	0.177712	0.0029985	0.0100245	0.278715	38.0942
71	0.0102922	0.0397473	0.177712	0.0029985	0.0135401	0.3158	66.0106
72	0.0100032	0.040417	0.177712	0.00449775	0.013594	0.402934	66.0106
73	0.0104309	0.0405326	0.186233	0.00149925	0.0164181	0.442593	74.9979
74	0.0104309	0.0408144	0.187504	0.00149925	0.0164181	0.512651	71.3898
75	0.0104309	0.041038	0.187446	0.00149925	0.0166566	0.531153	74.9979
76	0.0104309	0.0416241	0.189513	0.00149925	0.0164181	0.540703	71.3898
77	0.0102922	0.042465	0.189513	0.00149925	0.0188667	0.626393	81.8954
78	0.0101334	0.042586	0.189513	0.00149925	0.0181971	0.702844	66.0106
79	0.0100032	0.0435998	0.189513	0.00149925	0.0200117	0.788834	66.0106
80	0.0100644	0.0436219	0.189513	0.00149925	0.0366428	0.733188	96.693
81	0.0100032	0.0442231	0.193904	0.0029985	0.0366428	0.592795	90.9258
82	0.0100032	0.0445392	0.193904	0.0029985	0.0134693	0.504831	21.3965
83	0.0100644	0.0454365	0.199624	0.00449775	0.0200117	0.421462	14.9233
84	0.0100032	0.0462213	0.207132	0.005997	0.0166566	0.310285	2.92709
85	0.0100032	0.0472079	0.22446	0.0029985	0.0134693	0.289626	2.44264
86	0.0100032	0.0481917	0.234068	0.0029985	0.0135571	0.263489	2.44264
87	0.0102922	0.0487821	0.234068	0.00149925	0.0132279	0.236425	2.26744
88	0.0101334	0.0515764	0.270051	0.00149925	0.0132279	0.216179	2.16997
89	0.0101334	0.0557242	0.344227	0.00449775	0.0132279	0.202745	2.08186
90	0.0102922	0.0587519	0.406797	0.0134933	0.0132279	0.197675	2.16997
91	0.0101334	0.0626914	0.462373	0.011994	0.0131994	0.196023	2.26744
92	0.0104309	0.0660275	0.601153	0.0209895	0.0118092	0.196167	1.93512
93	0.0101334	0.0750847	0.820619	0.0404798	0.0102483	0.191454	1.93512
94	0.0104936	0.066122	0.65028	0.0224888	0.0102621	0.193444	2.44264
95	0.0102922	0.0613411	0.49211	0.011994	0.0102483	0.200819	3.00661
96	0.0101334	0.058504	0.406797	0.0089955	0.0111438	0.207324	4.65946
97	0.0101334	0.0560191	0.350507	0.0029985	0.0102738	0.213364	4.55065
98	0.0101334	0.0544787	0.317986	0.0029985	0.0102621	0.225301	6.467
99	0.0104309	0.0531199	0.30341	0.0029985	0.0111438	0.25277	12.3367
100	0.0106126	0.0508674	0.279391	0.00149925	0.0102738	0.264515	19.051
101	0.0104936	0.04894	0.241647	0.00149925	0.0102738	0.259466	25.7045
102	0.0106126	0.0478276	0.240817	0.00149925	0.0102738	0.259976	23.5426
103	0.0106126	0.0466243	0.237336	0.00149925	0.0102738	0.22871	10.9116
104	0.0101334	0.0459098	0.213607	0.005997	0.0102738	0.229919	10.9116
105	0.0106126	0.0442779	0.199624	0.00149925	0.0102738	0.236446	14.8243
106	0.0106126	0.0425727	0.189513	0	0.0102738	0.243086	15.5248
107	0.010063	0.0416574	0.177359	0	0.0102738	0.251064	15.5248
108	0.0104422	0.0409695	0.177359	0	0.0102738	0.255607	18.395
109	0.010063	0.0400641	0.170154	0	0.0102738	0.260729	23.0253
110	0.010063	0.0390147	0.163277	0.00149925	0.0102738	0.287531	25.2948
111	0.010063	0.0391085	0.17106	0.00149925	0.0111438	0.315143	36.0636
112	0.010063	0.0399766	0.17286	0.00449775	0.0102738	0.338752	36.0636
113	0.010063	0.0396593	0.17106	0.00149925	0.0159429	0.372845	52.5117
114	0.010063	0.0398693	0.17286	0	0.0159429	0.448697	51.5978
115	0.010063	0.0396716	0.173164	0	0.0166972	0.49592	56.8835
116	0.010063	0.0393039	0.177972	0	0.0200736	0.637078	75.7873
117	0.010063	0.0393144	0.177359	0	0.024976	0.755229	86.0057
118	0.010063	0.0390415	0.17286	0	0.024976	0.892075	86.0057
119	0.010063	0.0390345	0.177359	0	0.0261263	0.882421	91.2777
120	0.0101822	0.0386241	0.177972	0.00149925	0.028284	0.954784	90.0001
121	0.010063	0.0384161	0.173164	0.00149925	0.0284611	1.03979	91.2777
122	0.010063	0.0382362	0.171652	0.00149925	0.0261263	0.953617	90.0001
123	0.010063	0.0380568	0.17106	0.00149925	0.024976	0.865175	91.2777
124	0.010063	0.038286	0.170154	0.0029985	0.024976	0.77145	91.2777
125	0.010063	0.0389722	0.17106	0.0029985	0.0231876	0.624766	96.1003
126	0.010063	0.0390579	0.17106	0.0029985	0.0159547	0.477629	68.7648
127	0.010063	0.0388796	0.170154	0.0029985	0.0166641	0.394621	74.0723
128	0.010063	0.038673	0.166081	0.00149925	0.0166972	0.285201	68.0904
129	0.010063	0.0392584	0.170154	0.00149925	0.0100229	0.212609	37.8725
130	0.010063	0.0389424	0.163464	0.00149925	0.0100229	0.175472	30.0406
131	0.0101334	0.0390024	0.166081	0.00149925	0.0100583	0.160866	27.7515
132	0.010063	0.0390084	0.163995	0	0.0100229	0.148536	6.84376
133	0.010063	0.0385917	0.1631	0.00149925	0.0100229	0.145974	6.43025
134	0.010063	0.0389874	0.163464	0	0.0100229	0.128674	1.34246
135	0.010063	0.0396969	0.16565	0	0.011409	0.114704	1.14148
136	0.010063	0.0398096	0.166081	0.00149925	0.0100229	0.109817	0.977982
137	0.010063	0.0396621	0.170154	0.00149925	0.0100229	0.106861	0.93808
138	0.010063	0.0400548	0.176163	0.00149925	0.0100229	0.0994301	0.799858
139	0.010063	0.0400915	0.176163	0	0.0100229	0.0836424	0.656555
140	0.010063	0.040577	0.180043	0.00149925	0.0105042	0.0702809	0.538493
141	0.0101334	0.0414979	0.19136	0.0029985	0.0105042	0.0585628	0.378131
142	0.0101822	0.0413252	0.19136	0.00149925	0.0105042	0.0551397	0.365733
143	0.0101822	0.041448	0.19136	0.0029985	0.0100593	0.0469181	0.284258
144	0.0101822	0.0409705	0.186808	0.0029985	0.0100229	0.0451551	0.258915
145	0.0101822	0.0407379	0.186488	0.00149925	0.0100593	0.0431684	0.236293
146	0.0101822	0.0416541	0.19136	0.00149925	0.0100119	0.0409376	0.187508
147	0.0101822	0.0417583	0.19136	0	0.0100119	0.039626	0.177871
148	0.0101822	0.0420732	0.19972	0	0.0100119	0.038761	0.164757
149	0.0101822	0.0424161	0.207437	0	0.0100119	0.0381136	0.163066
150	0.0101822	0.0430434	0.209463	0	0.0100119	0.037214	0.154698
151	0.0101822	0.0437613	0.209492	0	0.0100119	0.0364792	0.146962
152	0.0101822	0.0437721	0.210205	0	0.0100119	0.0358436	0.140521
153	0.0101822	0.0448744	0.222659	0	0.0100119	0.0356652	0.137949
154	0.0101822	0.0457539	0.237336	0	0.0100119	0.0351741	0.136783
155	0.0101822	0.0463891	0.237336	0.00149925	0.0100119	0.0351133	0.136673
156	0.0101822	0.0476111	0.245373	0	0.0100119	0.0351138	0.136673
157	0.0101822	0.0497304	0.261986	0.0029985	0.0100119	0.034745	0.13559
158	0.0101612	0.0510103	0.268401	0.00149925	0.0100119	0.0349604	0.13559
159	0.0101612	0.0509945	0.268401	0	0.0100119	0.0354459	0.137397
160	0.0101612	0.0529026	0.272661	0	0.0100119	0.0352481	0.13559
161	0.0101612	0.0549085	0.28756	0.0029985	0.0100119	0.0348544	0.13559
162	0.0101612	0.0559405	0.304909	0.0029985	0.0100119	0.0347763	0.133859
163	0.0101976	0.0597116	0.331963	0.0029985	0.0100119	0.0345546	0.133859
164	0.0105482	0.0627653	0.363422	0.0029985	0.0100119	0.0349276	0.13559
165	0.0105482	0.063946	0.360566	0.0029985	0.0100119	0.0344507	0.132947
166	0.0105482	0.0666204	0.363745	0	0.0100119	0.0346612	0.13559
167	0.010559	0.0716084	0.363745	0.00149925	0.0100119	0.0353005	0.140521
168	0.0110523	0.0772511	0.396468	0.0029985	0.0100119	0.0352481	0.139834
169	0.0110523	0.0839913	0.436667	0.0029985	0.0100119	0.0357604	0.140521
170	0.0109754	0.09025	0.445042	0.00449775	0.0100119	0.035895	0.151515
171	0.0125109	0.100673	0.55425	0.0104948	0.0100119	0.0357741	0.14973
172	0.0123375	0.109585	0.574167	0.0164918	0.0100119	0.0365112	0.154698
173	0.0165774	0.129717	0.814495	0.023988	0.0100119	0.0373905	0.180685
174	0.0234377	0.154557	1.23805	0.0374813	0.0103883	0.0381935	0.190648
175	0.0271297	0.183576	1.36227	0.0524738	0.0102917	0.0408318	0.214689
176	0.0261397	0.184702	1.23805	0.0509745	0.0102917	0.0435616	0.238506
177	0.0303308	0.181103	1.36227	0.0494753	0.0102917	0.0444846	0.238506
178	0.0271297	0.181723	1.23805	0.0494753	0.0101801	0.0464502	0.283099
179	0.0275168	0.188355	1.23805	0.053973	0.0102917	0.0486325	0.340133
180	0.0267313	0.17289	1.23805	0.041979	0.0102917	0.0500509	0.371411
181	0.0216822	0.15968	0.802479	0.0269865	0.0101801	0.0537357	0.402295
182	0.0197299	0.15315	0.802479	0.0269865	0.0101801	0.0565109	0.435694
183	0.0216822	0.145866	0.756491	0.017991	0.0101801	0.0596167	0.457917
184	0.0235562	0.136353	0.802479	0.0134933	0.0101801	0.0612054	0.578015
185	0.020508	0.130011	0.665739	0.00749625	0.0101801	0.0624808	0.653098
186	0.021677	0.124946	0.663417	0.005997	0.0101801	0.0654672	0.795587
187	0.0185441	0.122242	0.608543	0.0029985	0.0102741	0.0684048	1.23575
188	0.0185441	0.1195	0.638146	0.0029985	0.0101801	0.0709432	0.975252
189	0.0188939	0.120668	0.663417	0.00449775	0.0100918	0.0749671	0.795587
190	0.0188939	0.120523	0.663417	0.00449775	0.0100918	0.07511	0.759639
191	0.020508	0.11906	0.665739	0.00449775	0.0100918	0.0761485	0.795587
192	0.0198072	0.118053	0.645507	0.00449775	0.0100918	0.0754864	0.778572
193	0.0201953	0.118322	0.645507	0.005997	0.0102741	0.0722802	0.724723
194	0.0198072	0.120197	0.645507	0.0089955	0.0100918	0.0736069	0.720168
195	0.010174	0.138144	0.802479	0.0434783	0.0100918	0.0734827	0.751068
196	0.0112646	0.112491	0.55425	0.017991	0.0100918	0.0731406	0.806609
197	0.011741	0.0988448	0.555809	0.0134933	0.0100918	0.0754923	1.9239
198	0.010174	0.0845025	0.439959	0.0089955	0.0100918	0.0736398	1.23575
199	0.0110853	0.0775757	0.442689	0.0029985	0.0100918	0.070314	1.01959
200	0.010174	0.0731507	0.390732	0.00149925	0.0101801	0.068818	0.908246
201	0.010174	0.0678799	0.376546	0.00149925	0.0100918	0.0670759	0.806609
202	0.0100433	0.0638226	0.346225	0	0.0100448	0.0691299	1.32448
203	0.010174	0.0620049	0.345234	0	0.0100918	0.0676717	1.23575
204	0.010174	0.0585244	0.352441	0.00149925	0.0100048	0.0668459	1.14418
205	0.0100433	0.0551877	0.321665	0.0029985	0.0100048	0.0659032	1.61835
206	0.0100433	0.0532957	0.298241	0	0.0100048	0.0645135	1.28972
207	0.0100433	0.0521355	0.298241	0.00149925	0.010037	0.064497	1.35428
208	0.010174	0.0505834	0.298241	0	0.010037	0.06491	1.35428
209	0.0100433	0.0474743	0.250112	0	0.010037	0.0640114	1.23575
210	0.0101758	0.0464493	0.250112	0	0.010037	0.0639555	1.01959
211	0.0100433	0.046042	0.24539	0	0.010037	0.0638122	0.806609
212	0.0100433	0.0450538	0.24539	0.00149925	0.010037	0.0636692	0.796772
213	0.0102331	0.0441409	0.24539	0	0.010037	0.0638497	0.685054
214	0.0100433	0.0443148	0.24539	0.00449775	0.010037	0.0653791	0.963213
215	0.0101758	0.0422396	0.230938	0.00149925	0.010037	0.0648148	0.963213
216	0.0100433	0.0398735	0.218561	0	0.010037	0.0648726	0.790127
217	0.0100433	0.0388214	0.208178	0	0.010037	0.067098	0.963213
218	0.0100433	0.0379587	0.198076	0	0.010037	0.071189	1.23575
219	0.0100714	0.0376626	0.198076	0.00149925	0.0100918	0.0726248	1.23575
220	0.0100714	0.0369923	0.198076	0.00149925	0.010037	0.0736825	1.23575
221	0.0100433	0.0354091	0.184551	0	0.010037	0.0725503	1.2363
222	0.0100433	0.0352142	0.182844	0	0.010037	0.0711659	1.2363
223	0.0100433	0.0345114	0.178893	0	0.010032	0.0697455	1.01959
224	0.0100433	0.0341041	0.175036	0	0.010032	0.0688197	0.803096
225	0.0100714	0.0333744	0.172047	0	0.010032	0.071612	0.941674
226	0.0100714	0.0330392	0.165737	0	0.010032	0.070627	0.729207
227	0.0100714	0.0331347	0.165737	0	0.0101801	0.0703945	0.606539
228	0.0100433	0.0328121	0.159259	0	0.010032	0.0708987	0.554933
229	0.0100433	0.0325042	0.162188	0	0.010032	0.0713575	0.535126
230	0.0100714	0.0325352	0.165737	0	0.010032	0.0692734	0.475023
231	0.0100714	0.0324581	0.165737	0	0.0101801	0.0680966	0.475023
232	0.0100714	0.0329455	0.165737	0	0.010032	0.0729973	0.516165
233	0.0100433	0.0330941	0.165737	0	0.0103231	0.0773253	0.484564
234	0.0100433	0.0332187	0.166958	0.00149925	0.0103231	0.079542	0.484564
235	0.0100433	0.0328222	0.162188	0.00149925	0.0102944	0.081965	0.535126
236	0.0100433	0.0327465	0.163739	0.00149925	0.0102944	0.0827058	0.484564
237	0.0100714	0.0321413	0.165737	0	0.0106527	0.086923	0.484564
238	0.0100714	0.0320004	0.165737	0	0.0106527	0.0891498	0.520413
239	0.0100714	0.0320581	0.165737	0	0.0102944	0.088213	0.474391
240	0.0100433	0.0314832	0.159259	0	0.0100276	0.091245	0.484564
241	0.0100433	0.0319993	0.165737	0	0.010657	0.0913582	0.474391
242	0.0100433	0.0319283	0.166958	0	0.0108637	0.0917412	0.474391
243	0.0100433	0.0325379	0.178816	0	0.010657	0.0941779	0.484564
244	0.0100433	0.0317292	0.173239	0	0.010657	0.0962963	0.473758
245	0.0100433	0.0315691	0.172047	0	0.010657	0.098919	0.474391
246	0.0100433	0.0311349	0.166958	0.00149925	0.0100276	0.10369	0.487069
247	0.0100074	0.0305213	0.158568	0.00149925	0.0107126	0.115546	0.557858
248	0.0100074	0.0300068	0.155682	0.00149925	0.0100276	0.123396	0.562579
249	0.0100074	0.0301833	0.156329	0.0029985	0.0126469	0.133933	0.765144
250	0.0100074	0.0309757	0.178816	0.00449775	0.0137195	0.150567	0.953564
251	0.0100074	0.030571	0.163739	0.0029985	0.0133948	0.159499	0.953564
252	0.0100433	0.0302942	0.158568	0.00449775	0.0126469	0.176955	0.997118
253	0.0100433	0.0295169	0.144005	0	0.0137195	0.183555	0.997118
254	0.0100433	0.0293962	0.139364	0.00149925	0.0137195	0.181902	1.04455
255	0.0100433	0.0290147	0.136533	0.00449775	0.0156826	0.164138	1.05307
256	0.0100433	0.0281522	0.132622	0	0.0148362	0.143316	0.881862
257	0.0100433	0.0279006	0.129845	0	0.0151639	0.141968	1.05307
258	0.0100433	0.0276628	0.119062	0	0.0100026	0.169841	1.04455
259	0.0100433	0.0275774	0.116098	0	0.0100026	0.210244	4.28215
260	0.0100433	0.0278217	0.121192	0.00149925	0.0104828	0.243685	23.0337
261	0.0100433	0.028326	0.135228	0.00149925	0.0102069	0.278055	24.2371
262	0.0100433	0.0284443	0.135665	0.00149925	0.0102069	0.311331	33.4908
263	0.0100536	0.028849	0.139197	0.00149925	0.0103779	0.373784	44.8426
264	0.0100433	0.0285719	0.135228	0	0.016353	0.417847	68.1075
265	0.0100433	0.0285315	0.135228	0	0.0248196	0.524003	91.1342
266	0.0100433	0.0284464	0.133484	0	0.0346032	0.62356	91.1342
267	0.0100433	0.0284035	0.13287	0	0.0521719	0.829132	84.8454
268	0.0100433	0.028611	0.133657	0	0.0680994	1.0649	91.1342
269	0.0100433	0.0290379	0.135665	0	0.0669464	1.12422	91.1342
270	0.0100433	0.0294299	0.136644	0	0.0543736	0.993922	91.1342
271	0.0100433	0.0293167	0.135228	0	0.0410663	0.868279	91.1342
272	0.0100433	0.0300376	0.138372	0	0.0346032	0.910627	91.1173
273	0.0100536	0.0300188	0.139197	0	0.0297845	0.799822	91.1342
274	0.0100536	0.0299794	0.139197	0.00149925	0.0241013	0.711877	74.806
275	0.0100536	0.0299263	0.138372	0.00149925	0.0249466	0.672732	75.8458
276	0.0100433	0.0301847	0.138372	0	0.0248753	0.593292	75.8458
277	0.0100433	0.030598	0.139197	0.00149925	0.0151179	0.489828	44.8329
278	0.0100433	0.0304845	0.139197	0	0.0106393	0.362279	24.9231
279	0.0100536	0.0306094	0.138372	0	0.0106393	0.336934	26.6038
280	0.0100536	0.030438	0.137447	0	0.0135285	0.325029	32.2347
281	0.0100536	0.0310883	0.142868	0	0.0102145	0.317849	24.9231
282	0.0100536	0.0313497	0.149484	0	0.0100084	0.297198	23.0337
283	0.0100536	0.0316609	0.165618	0.00149925	0.0106393	0.295931	23.0337
284	0.0100647	0.0319363	0.170093	0.0029985	0.0106393	0.289127	20.7442
285	0.0100536	0.032051	0.170093	0.0029985	0.0106393	0.278089	17.943
286	0.0100536	0.0317357	0.170093	0.0029985	0.0141394	0.304354	24.9937
287	0.0100536	0.0323511	0.178792	0.0029985	0.0104401	0.288733	11.4956
288	0.0100536	0.0334112	0.195752	0.0029985	0.0129127	0.319456	28.2731
289	0.0100536	0.0330135	0.180408	0	0.0141394	0.352472	33.3282
290	0.0100536	0.0334623	0.18366	0	0.0158731	0.439562	52.9072
291	0.010029	0.0331981	0.189657	0	0.0104401	0.43943	32.6345
292	0.0100086	0.0334182	0.195752	0	0.0151183	0.466048	44.3466
293	0.010029	0.0339491	0.201354	0	0.0104401	0.476772	32.6345
294	0.0100086	0.0350586	0.211035	0.00149925	0.021031	0.533083	67.301
295	0.0100086	0.0352906	0.219652	0.0029985	0.0104401	0.521832	33.3282
296	0.0100049	0.0359381	0.212831	0.00449775	0.0222627	0.535183	67.301
297	0.0100049	0.0367269	0.222016	0.00749625	0.0104401	0.514897	29.8327
298	0.0100049	0.0375802	0.233877	0.0089955
