		omega		Posterior		rho				Synonymous theta			kappa			phi	
Site	Lower	Point	Higher	prob of +ve	Lower	Point	Higher		Lower	Point	Higher	Lower	Point	Higher	Lower	Point	Higher
	95% HPD	estimate	95% HPD	selection	95% HPD	estimate	95% HPD		95% HPD	estimate	95% HPD	95% HPD	estimate	95% HPD	95% HPD	estimate	95% HPD
0	0.0101244	0.0505527	0.238122	0.00149925	0.0100751	0.112488	6.28072		0.0685506	0.111357	0.170349	1.98173	4.99583	14.0919	0	0	0
1	0.0100128	0.048816	0.224866	0.00149925	0.0100388	0.0938254	2.21542
2	0.0100128	0.0479649	0.20438	0	0.0100388	0.0785135	1.43961
3	0.0100128	0.0473511	0.19159	0	0.0100388	0.0743587	1.16617
4	0.0100128	0.0475646	0.182957	0	0.0100388	0.0718231	0.898967
5	0.0100128	0.0473744	0.177997	0	0.0100077	0.0660747	0.643674
6	0.0100128	0.0475934	0.174598	0	0.0100077	0.0637734	0.637528
7	0.0100128	0.0479541	0.180343	0	0.0100077	0.0622492	0.538794
8	0.0100128	0.0497633	0.19159	0.00149925	0.0100077	0.0614665	0.52594
9	0.0100669	0.0509051	0.20438	0.00149925	0.0100077	0.058804	0.471121
10	0.0100669	0.0514929	0.210309	0.00149925	0.0100077	0.0587993	0.480869
11	0.010018	0.0516834	0.22358	0.00149925	0.0100388	0.0560176	0.420156
12	0.0106728	0.0542563	0.252236	0.00149925	0.0100077	0.0550583	0.429952
13	0.0100669	0.0557917	0.237868	0	0.0100307	0.0543982	0.420156
14	0.0106501	0.0588576	0.252236	0	0.0100307	0.0540841	0.420156
15	0.0103219	0.0612876	0.256352	0	0.0100077	0.0521379	0.394737
16	0.0106728	0.0644012	0.289196	0	0.0100077	0.0508698	0.37875
17	0.010244	0.0707427	0.348815	0.00449775	0.0100077	0.0486188	0.338233
18	0.010244	0.0772655	0.418553	0.005997	0.0100307	0.0486268	0.338233
19	0.0139761	0.0925539	0.843638	0.0254873	0.0100307	0.0479581	0.334497
20	0.0148261	0.0845475	0.565535	0.00749625	0.0100077	0.0478043	0.321686
21	0.014264	0.0829672	0.472301	0	0.0100077	0.0460144	0.285019
22	0.0146148	0.0826521	0.465282	0	0.0100077	0.0446493	0.276711
23	0.014264	0.0840931	0.472301	0	0.0100307	0.0434059	0.267081
24	0.0146148	0.0850455	0.472301	0	0.0100077	0.0419882	0.232325
25	0.0139761	0.0798945	0.438101	0	0.0100077	0.0410321	0.222717
26	0.0146148	0.0773082	0.447797	0.00149925	0.0100307	0.0403582	0.222717
27	0.0100112	0.0741465	0.289196	0	0.0100077	0.0394221	0.2143
28	0.0110377	0.0715155	0.294028	0	0.0100307	0.0384873	0.204649
29	0.0110377	0.0696691	0.279799	0	0.0100077	0.0374768	0.187979
30	0.0103421	0.0685637	0.258415	0	0.0100077	0.0362905	0.15275
31	0.0103421	0.067436	0.261281	0	0.0100077	0.0361774	0.15275
32	0.0110377	0.0680384	0.281012	0	0.0100307	0.0353726	0.150996
33	0.010465	0.0672319	0.261281	0	0.0100077	0.0353986	0.149275
34	0.0100112	0.0665662	0.261281	0	0.0100077	0.0353449	0.148709
35	0.010465	0.066707	0.283395	0.00149925	0.0100077	0.0352974	0.147578
36	0.010465	0.0673155	0.27938	0.00449775	0.0100388	0.0358093	0.149608
37	0.010465	0.0693972	0.30947	0.00749625	0.0100077	0.0358273	0.147578
38	0.010465	0.0648585	0.257406	0.00449775	0.0100077	0.0368115	0.155245
39	0.0106928	0.0624368	0.258415	0.00449775	0.0100077	0.0361291	0.148709
40	0.0111038	0.0597151	0.258415	0.00149925	0.0100077	0.0351713	0.143319
41	0.010465	0.0561541	0.219952	0.00149925	0.0100077	0.0350555	0.137938
42	0.0104093	0.0537543	0.197728	0	0.0100451	0.0345223	0.13341
43	0.0102085	0.0524439	0.184804	0	0.0101067	0.034168	0.13341
44	0.0108432	0.051134	0.184804	0	0.0100077	0.033778	0.128128
45	0.010465	0.049945	0.180412	0.00149925	0.0100077	0.0336736	0.128128
46	0.010465	0.0491931	0.180412	0	0.0100077	0.0336224	0.127243
47	0.0103994	0.048657	0.173684	0	0.0101067	0.0337158	0.13341
48	0.0112274	0.0481293	0.184804	0	0.0101067	0.0341343	0.133594
49	0.0102085	0.0474243	0.155881	0	0.0100451	0.0343807	0.133594
50	0.0102085	0.0472766	0.155881	0	0.0101067	0.0342592	0.133594
51	0.0102085	0.0473918	0.159048	0	0.0100451	0.0346833	0.133594
52	0.0103876	0.0468262	0.152968	0	0.0100077	0.0350569	0.133594
53	0.0103994	0.0467845	0.152873	0	0.0100451	0.0351499	0.133594
54	0.0103994	0.0465125	0.152873	0	0.0100077	0.0352237	0.138468
55	0.0102085	0.0462767	0.147686	0	0.0100077	0.0351388	0.138468
56	0.0104011	0.0459289	0.147365	0	0.0100077	0.0351786	0.138468
57	0.0102085	0.0460377	0.147686	0	0.0100077	0.0349289	0.141259
58	0.0103665	0.0459821	0.147686	0	0.0100451	0.0350944	0.143319
59	0.0101053	0.0464244	0.147686	0	0.0100077	0.0353567	0.151148
60	0.0104011	0.0471912	0.152968	0	0.0100379	0.0350419	0.152485
61	0.0101053	0.0474574	0.158396	0	0.0100077	0.03532	0.156402
62	0.0101053	0.0474626	0.158396	0	0.0100379	0.036564	0.178213
63	0.0104011	0.0482534	0.180412	0	0.0100077	0.0367585	0.178213
64	0.010006	0.0491786	0.182957	0	0.0100077	0.0369812	0.178213
65	0.010006	0.0507194	0.202445	0	0.0100077	0.0379131	0.181917
66	0.010006	0.0517325	0.210745	0.00149925	0.0100077	0.0398717	0.208752
67	0.0101785	0.0542165	0.273579	0	0.0100077	0.0421511	0.255378
68	0.0103876	0.0569442	0.288298	0	0.0100077	0.0447047	0.332201
69	0.0104011	0.0618497	0.335621	0.0029985	0.0100077	0.0480193	0.595986
70	0.010465	0.0669906	0.376189	0.005997	0.0100077	0.054416	0.855126
71	0.010465	0.0725958	0.426588	0.00749625	0.0100077	0.0665047	3.55356
72	0.0103394	0.0708394	0.416071	0.005997	0.0100077	0.0733085	6.70184
73	0.0103394	0.0708868	0.426588	0.005997	0.0100379	0.0864715	11.9646
74	0.0103394	0.0707946	0.426588	0.005997	0.0100077	0.0967772	15.1235
75	0.0103394	0.0694237	0.389829	0.005997	0.0100077	0.105664	18.5769
76	0.0103394	0.0685999	0.400353	0.005997	0.0100077	0.124024	23.1794
77	0.0104981	0.0718017	0.463554	0.0134933
