		omega		Posterior		rho				Synonymous theta			kappa			phi	
Site	Lower	Point	Higher	prob of +ve	Lower	Point	Higher		Lower	Point	Higher	Lower	Point	Higher	Lower	Point	Higher
	95% HPD	estimate	95% HPD	selection	95% HPD	estimate	95% HPD		95% HPD	estimate	95% HPD	95% HPD	estimate	95% HPD	95% HPD	estimate	95% HPD
0	0.0102713	0.191482	6.97796	0.238381	0.0114159	0.988311	66.879		0.000386042	0.00298153	0.0148812	1149.76	2.14165e+10	5.25815e+19	0	0	0
1	0.0100383	0.174035	5.91397	0.215892	0.0116681	1.00906	66.3941
2	0.0102713	0.157702	4.8858	0.2009	0.0158266	1.04526	88.0592
3	0.0102713	0.148648	4.15494	0.187406	0.0114159	1.01378	64.2063
4	0.0100383	0.143724	4.11346	0.182909	0.0110069	0.955178	66.3986
5	0.0100383	0.14959	4.72334	0.193403	0.0105612	0.91055	63.5547
6	0.0100383	0.142039	4.11346	0.181409	0.0100754	0.900141	60.1436
7	0.0100383	0.145377	4.20942	0.184408	0.0114159	0.931257	66.3986
8	0.0100383	0.143151	4.3024	0.181409	0.0115188	0.960998	66.3986
9	0.0100383	0.13498	3.82022	0.167916	0.0114159	0.967643	63.5547
10	0.0100383	0.142524	4.38306	0.17991	0.0127674	1.07218	66.3986
11	0.0100383	0.139867	4.1585	0.175412	0.0152836	1.1293	87.2403
12	0.0100383	0.133974	4.03769	0.163418	0.0114159	1.07862	64.3732
13	0.0101538	0.130564	3.84686	0.157421	0.0121609	1.06405	67.4803
14	0.0101538	0.129695	3.37978	0.151424	0.012594	1.05254	67.4803
15	0.0100383	0.132466	3.77092	0.155922	0.0100754	1.1226	49.1925
16	0.0100383	0.133969	3.51444	0.155922	0.0158033	1.13133	87.6142
17	0.0100383	0.132817	3.77092	0.152924	0.0100754	1.08906	48.1308
18	0.0100383	0.129248	3.51444	0.145427	0.0102207	1.01097	47.2049
19	0.0100383	0.12679	3.21726	0.14093	0.0102207	1.01418	47.1262
20	0.0100383	0.123538	3.10211	0.133433	0.0100754	1.02121	48.0528
21	0.0101538	0.127995	3.21726	0.137931	0.0192983	1.11564	95.4237
22	0.0101538	0.131309	3.37978	0.14093	0.0185628	1.33892	91.6268
23	0.0100383	0.138464	3.51444	0.149925	0.0170774	1.40833	95.4237
24	0.0101538	0.139037	3.21726	0.146927	0.0159912	1.39382	95.4237
25	0.0101538	0.141623	3.21393	0.149925	0.0158693	1.40722	93.3451
26	0.0101538	0.140055	3.10211	0.145427	0.0187468	1.46919	95.4237
27	0.0101538	0.133971	3.06641	0.136432	0.0181163	1.50482	95.4237
28	0.0101538	0.131983	3.06641	0.137931	0.0170774	1.50238	99.1012
29	0.0101538	0.132911	3.29629	0.142429	0.0112525	1.38213	68.8677
30	0.0101538	0.132463	3.51444	0.143928	0.0102257	1.22403	62.8619
31	0.0101538	0.124727	3.21393	0.133433	0.0102257	1.19954	62.8619
32	0.0101538	0.126687	3.37978	0.13943	0.0102257	1.20452	64.2336
33	0.010105	0.124124	3.29629	0.131934	0.0102257	1.07229	59.9492
34	0.010105	0.128177	3.29629	0.134933	0.0112389	1.05144	62.8619
35	0.010105	0.131408	3.64758	0.142429	0.010607	0.960816	59.9492
36	0.010105	0.131668	3.35276	0.136432	0.0100544	0.960847	54.1493
37	0.010105	0.133196	3.51444	0.137931	0.0100544	0.905627	54.1493
38	0.010105	0.133947	3.37978	0.13943	0.0100544	0.869676	58.4509
39	0.0100545	0.126269	2.99129	0.124438	0.0100932	0.848245	59.4662
40	0.0100545	0.119096	2.61295	0.110945	0.0100544	0.787412	58.4509
41	0.0100545	0.117861	2.55775	0.107946	0.0100544	0.761782	58.4509
42	0.0101538	0.116987	2.65855	0.107946	0.0100544	0.790147	62.6954
43	0.0101538	0.118527	2.65855	0.104948	0.0100544	0.787292	62.6954
44	0.0100545	0.116006	2.4844	0.095952	0.0100544	0.805415	63.045
45	0.0100361	0.113435	2.27222	0.089955	0.0100932	0.907941	64.7201
46	0.0100361	0.112243	2.27222	0.0914543	0.0128444	0.958108	86.8778
47	0.0100361	0.111724	2.23303	0.0914543	0.0100932	0.990751	68.4668
48	0.0100361	0.111249	2.28399	0.0914543	0.0100932	1.1392	71.801
49	0.0102963	0.111215	2.28399	0.0884558	0.0147956	1.2271	99.2703
50	0.0100361	0.10637	1.71361	0.0794603	0.0152029	1.30532	99.7385
51	0.0100545	0.102747	1.56939	0.0734633	0.0162159	1.36207	99.7385
52	0.0100545	0.101453	1.56939	0.0749625	0.0162159	1.41095	98.7836
53	0.0100545	0.100774	1.56939	0.0749625	0.0162159	1.43137	98.7836
54	0.0100545	0.0972408	1.38888	0.0689655	0.0170512	1.56986	99.7385
55	0.0100545	0.0952489	1.28021	0.065967	0.0164415	1.61865	98.7836
56	0.0101496	0.095327	1.28021	0.0674663	0.0164415	1.69676	98.7836
57	0.0101693	0.100902	1.57038	0.0794603	0.0169873	1.68373	99.7385
58	0.0101496	0.104486	1.71361	0.0869565	0.016537	1.69612	99.7385
59	0.0101496	0.107853	2.30353	0.0944528	0.0169873	1.70012	99.7385
60	0.0101496	0.107774	2.30353	0.0974513	0.0169873	1.69838	99.7385
61	0.0101496	0.110172	2.24896	0.104948	0.0167103	1.80229	99.7385
62	0.0101496	0.108451	2.23303	0.104948	0.016537	1.79369	98.7836
63	0.0101496	0.10977	2.23303	0.107946	0.016537	1.83208	98.7836
64	0.0101496	0.110062	2.23303	0.104948	0.0166527	1.86667	98.7836
65	0.0101496	0.111843	2.24896	0.101949	0.016537	1.86308	99.7385
66	0.0101496	0.112403	2.32048	0.103448	0.0161819	1.79235	98.3629
67	0.0101496	0.115126	3.02905	0.106447	0.0161819	1.77479	98.7836
68	0.0101496	0.118671	3.46624	0.116942	0.0161819	1.71712	98.7836
69	0.0101496	0.119836	3.46624	0.116942	0.0158213	1.62371	99.7385
70	0.0101496	0.120894	3.15068	0.115442	0.0161819	1.64081	99.7385
71	0.0101496	0.121775	3.15068	0.11994	0.0162159	1.56283	98.3629
72	0.0101496	0.12457	3.15068	0.118441	0.0162159	1.64185	96.8925
73	0.0101496	0.125672	3.62159	0.122939	0.0164368	1.82623	96.8925
74	0.0101496	0.123724	3.62159	0.124438	0.0162159	1.77033	95.4922
75	0.0101496	0.133674	3.83447	0.143928	0.0167103	1.97424	96.8925
76	0.0101496	0.138031	4.02386	0.146927	0.0197172	2.10942	99.2789
77	0.0101496	0.146351	4.54689	0.16042	0.0202965	2.14872	99.2789
78	0.0101496	0.141008	4.54689	0.157421	0.0206287	2.13275	99.2789
79	0.0101496	0.146077	5.41795	0.163418	0.0202965	1.97803	99.2789
80	0.0101496	0.152481	5.56186	0.173913	0.0202832	1.73741	99.2789
81	0.0101496	0.151914	5.41795	0.169415	0.0202832	1.75005	97.6808
82	0.0101496	0.155798	5.56186	0.172414	0.0202832	1.62155	99.2789
83	0.0101496	0.159625	5.56186	0.178411	0.0206287	1.61511	99.2789
84	0.0111743	0.162997	6.48614	0.178411	0.0169873	1.52468	99.9015
85	0.010869	0.170526	6.53722	0.196402	0.0176391	1.45303	99.9015
86	0.0101496	0.173533	5.97395	0.197901	0.0165334	1.31716	99.9015
87	0.0106894	0.176687	6.53722	0.202399	0.0166527	1.32859	99.9015
88	0.0101496	0.176578	5.97395	0.208396	0.0165334	1.26732	99.6018
89	0.0101496	0.178168	5.91355	0.202399	0.0181983	1.23393	99.6018
90	0.0104627	0.187594	5.91355	0.22039	0.0176857	1.1627	99.6018
91	0.0103013	0.204077	6.48614	0.238381
