		omega		Posterior		rho				Synonymous theta			kappa			phi	
Site	Lower	Point	Higher	prob of +ve	Lower	Point	Higher		Lower	Point	Higher	Lower	Point	Higher	Lower	Point	Higher
	95% HPD	estimate	95% HPD	selection	95% HPD	estimate	95% HPD		95% HPD	estimate	95% HPD	95% HPD	estimate	95% HPD	95% HPD	estimate	95% HPD
0	0.0100971	0.0496075	0.775912	0.0389805	0.0105282	0.490035	53.2826		0.0436947	0.0558811	0.0755581	2.57968	5.08537	9.4508	81167.3	1.67788e+21	6.22396e+37
1	0.0100341	0.0479275	0.784449	0.041979	0.0110316	0.597313	74.7022
2	0.0100341	0.0437983	0.439088	0.035982	0.0110316	0.682504	75.5089
3	0.0100341	0.0395463	0.318434	0.0209895	0.0110316	0.7216	75.5089
4	0.0100341	0.0374714	0.263924	0.0164918	0.010988	0.718976	74.755
5	0.0100341	0.0356251	0.234883	0.0089955	0.0110316	0.765719	74.755
6	0.0100341	0.035087	0.231315	0.0089955	0.0110979	0.744399	74.7022
7	0.0100341	0.0342972	0.227447	0.00749625	0.0135405	0.787975	84.9754
8	0.0100341	0.0341139	0.231315	0.0089955	0.0145919	1.01044	91.7505
9	0.0100545	0.0332277	0.216859	0.005997	0.0155219	1.08323	91.7505
10	0.0100341	0.0323735	0.177484	0.00449775	0.0168616	1.38129	91.7505
11	0.0100341	0.0318312	0.168501	0.00449775	0.0168616	1.44888	87.5781
12	0.0100341	0.0306592	0.166121	0	0.0168616	1.33541	87.5781
13	0.010118	0.0303753	0.166874	0	0.0168616	1.17918	91.7505
14	0.0100341	0.0294172	0.163108	0	0.0155219	1.12561	88.336
15	0.0100341	0.0287629	0.124388	0	0.0160656	1.1113	91.7505
16	0.0100341	0.0280349	0.113506	0	0.0160656	1.09994	91.7505
17	0.0101396	0.0277911	0.111793	0	0.0109924	1.03569	64.0552
18	0.0100341	0.0271524	0.104751	0	0.0110316	1.10768	56.1178
19	0.0100341	0.0269246	0.101668	0	0.0110316	1.08212	54.1468
20	0.0100545	0.026835	0.0976266	0	0.0118692	1.02297	56.2726
21	0.0100341	0.0261601	0.0881429	0	0.0101877	0.900745	43.7766
22	0.0100341	0.0258805	0.0876091	0	0.0137941	0.874978	59.6156
23	0.0100341	0.0259005	0.0876091	0	0.0139063	0.776026	59.6156
24	0.0100341	0.026216	0.0900379	0	0.0125195	0.784117	56.9459
25	0.0100341	0.0259295	0.0881429	0	0.0128447	0.727242	59.6156
26	0.0100341	0.0265222	0.0935895	0.00149925	0.0125195	0.651788	59.6156
27	0.0100341	0.0269741	0.0995616	0.00449775	0.0101239	0.61571	43.2095
28	0.0100545	0.0271098	0.109177	0.005997	0.0101239	0.575675	43.2095
29	0.0100341	0.027309	0.110737	0.0089955	0.0101877	0.603112	38.7612
30	0.0100341	0.02639	0.0935895	0.00149925	0.0101239	0.534215	38.7612
31	0.0100341	0.0261409	0.0935895	0.00149925	0.0101239	0.448171	41.3035
32	0.0100341	0.026062	0.0980581	0.00149925	0.0101877	0.374444	36.2218
33	0.0100341	0.0263139	0.103342	0.00449775	0.0101239	0.340882	31.786
34	0.0100341	0.0256155	0.0915954	0	0.0100594	0.283339	31.5082
35	0.0100341	0.0263039	0.100609	0	0.0101515	0.216734	24.9417
36	0.0100545	0.0265437	0.109177	0	0.0101239	0.201961	23.9178
37	0.010136	0.0265077	0.109461	0	0.0101515	0.198316	24.0606
38	0.0100341	0.0266362	0.109461	0	0.0101515	0.18829	24.0606
39	0.0100843	0.0263207	0.109461	0	0.0101515	0.188509	24.9417
40	0.010136	0.0259113	0.109461	0	0.0100594	0.183038	24.9417
41	0.0100843	0.0257819	0.109461	0	0.0100594	0.153337	17.408
42	0.0100341	0.0257909	0.103342	0	0.0101837	0.128933	12.5953
43	0.0100341	0.0257711	0.100609	0	0.0100594	0.114769	10.4879
44	0.010136	0.0259261	0.109625	0	0.0100594	0.107577	6.35992
45	0.0100341	0.0264516	0.111133	0	0.0100594	0.103933	5.66557
46	0.0100341	0.0265235	0.112427	0.00449775	0.0100594	0.0997291	5.3835
47	0.0100341	0.0262155	0.111634	0.00449775	0.0101837	0.0907728	4.91095
48	0.0100341	0.0258671	0.108556	0.00449775	0.0100594	0.0904371	3.71545
49	0.0100341	0.0255797	0.0980581	0	0.0101515	0.0889449	3.71545
50	0.0100545	0.0258527	0.105599	0	0.0100594	0.0711716	2.14421
51	0.0100341	0.0261287	0.105599	0	0.0100594	0.0631795	1.09793
52	0.0100341	0.0262513	0.105599	0	0.0100594	0.056951	0.48568
53	0.0100545	0.0264664	0.109177	0	0.0100492	0.0539224	0.408851
54	0.0100545	0.0264569	0.109177	0	0.0100492	0.0510055	0.283512
55	0.0100341	0.0268906	0.114953	0	0.0100492	0.0495956	0.252792
56	0.0100843	0.0271877	0.117973	0	0.0100492	0.0472687	0.237826
57	0.0100341	0.0270323	0.114953	0	0.0100492	0.0474616	0.246546
58	0.0100843	0.0268747	0.117973	0	0.0100492	0.0469754	0.205443
59	0.0100843	0.026614	0.114953	0	0.0100492	0.046932	0.204061
60	0.0100341	0.0269242	0.114953	0	0.0100492	0.0472736	0.205443
61	0.0100159	0.026888	0.114953	0	0.0100448	0.047445	0.237826
62	0.0100108	0.0266454	0.114699	0	0.0100448	0.0471319	0.205443
63	0.0100108	0.0265829	0.114953	0	0.0100448	0.0475183	0.204061
64	0.0100159	0.0266113	0.114699	0	0.0100448	0.0484186	0.205443
65	0.0100108	0.0264359	0.111609	0	0.0100448	0.0484022	0.197662
66	0.0100108	0.02641	0.111609	0.0029985	0.0100448	0.0484609	0.197662
67	0.0100159	0.0265645	0.114699	0	0.0105292	0.0478089	0.205443
68	0.0100108	0.0264492	0.111325	0	0.0105292	0.0481657	0.205443
69	0.0100108	0.0262523	0.100609	0.00149925	0.0100448	0.0489742	0.196712
70	0.0100108	0.0258692	0.0981768	0.00149925	0.0100448	0.0489537	0.196712
71	0.0100108	0.0256967	0.0968351	0	0.0100492	0.0487011	0.192507
72	0.0100108	0.025379	0.0925856	0	0.0106772	0.0486772	0.192507
73	0.0100108	0.0253264	0.0903279	0	0.0104089	0.0510415	0.194122
74	0.0100108	0.0248193	0.0850694	0	0.0104089	0.0531476	0.209586
75	0.0100108	0.0249178	0.0850694	0	0.0100228	0.054169	0.224586
76	0.0100108	0.0246684	0.0837261	0	0.0101731	0.0553769	0.238582
77	0.0100108	0.0245762	0.0847863	0	0.0104089	0.0583369	0.279293
78	0.0100108	0.0249668	0.0903279	0	0.0100228	0.0604098	0.28805
79	0.0100108	0.0251462	0.0955894	0	0.0100228	0.0630762	0.312161
80	0.0100108	0.0249349	0.0925856	0.00149925	0.0127859	0.0656994	0.432491
81	0.0100108	0.0246482	0.0879522	0	0.0125632	0.0665725	0.400271
82	0.0100108	0.0241642	0.0836101	0	0.0127859	0.0681329	0.416958
83	0.0100108	0.0243383	0.0847863	0.00149925	0.0107379	0.0706694	0.385932
84	0.0100108	0.0242982	0.0837261	0.0029985	0.0104877	0.0728818	0.385932
85	0.0100108	0.0244163	0.0837261	0.0029985	0.0139217	0.0775025	0.5349
86	0.0100108	0.0243512	0.0847863	0.00149925	0.0101843	0.082956	0.473817
87	0.0100108	0.0243045	0.0837261	0.00149925	0.0107379	0.0874813	0.5349
88	0.0100108	0.0246213	0.0879522	0.00149925	0.0103739	0.0907701	0.5349
89	0.0100108	0.0252652	0.102709	0.00149925	0.0100938	0.0932231	0.5349
90	0.010011	0.0253752	0.105949	0.00149925	0.0103739	0.0963726	0.692664
91	0.010011	0.0254575	0.105949	0.00149925	0.0103739	0.0956481	0.692664
92	0.010011	0.0256332	0.114699	0.00149925	0.0100938	0.0994896	0.722759
93	0.010011	0.0255221	0.113299	0	0.0100938	0.10264	0.847458
94	0.010011	0.0256382	0.117584	0	0.0104877	0.109193	1.15949
95	0.010011	0.0254965	0.115028	0	0.0103739	0.113715	1.31345
96	0.010011	0.0255287	0.117584	0	0.0103739	0.116732	1.4082
97	0.010011	0.0256798	0.115028	0.00149925	0.0100938	0.118748	2.04571
98	0.010011	0.0255895	0.115028	0.00149925	0.0102084	0.120926	2.44182
99	0.010011	0.0256849	0.117584	0.00149925	0.0100938	0.127591	2.96201
100	0.010011	0.0256749	0.118309	0.00149925	0.0104964	0.127432	3.15746
101	0.010011	0.0255487	0.117584	0.00149925	0.010449	0.129544	3.15746
102	0.010011	0.0259223	0.125793	0.00149925	0.0100938	0.13373	5.78099
103	0.010011	0.0257739	0.117584	0	0.0100938	0.13655	3.84307
104	0.010011	0.0259747	0.118309	0	0.0100938	0.137559	9.82103
105	0.010011	0.0258762	0.117584	0	0.0100634	0.136811	8.47816
106	0.010011	0.0258338	0.117037	0	0.0100938	0.129192	4.23799
107	0.010011	0.0258965	0.117584	0	0.0101544	0.110007	3.07973
108	0.0100159	0.0258822	0.118309	0	0.0100634	0.0947775	1.83546
109	0.0100159	0.0262312	0.129718	0	0.0100634	0.0843256	1.01483
110	0.0100159	0.0263847	0.129761	0	0.0100634	0.0830192	1.33003
111	0.0100159	0.0262027	0.129718	0	0.0100634	0.0822367	1.33003
112	0.0100159	0.026882	0.135827	0.00449775	0.0100938	0.0771991	0.931514
113	0.0100159	0.0276759	0.139654	0.0029985	0.0101544	0.0723323	0.919807
114	0.0100159	0.0276228	0.139591	0	0.0100634	0.0660271	0.869866
115	0.0100159	0.0274534	0.1341	0	0.0100634	0.0595644	0.625786
116	0.0100159	0.0274658	0.129761	0	0.0100634	0.0548345	0.430757
117	0.0100159	0.0278143	0.137227	0	0.0100634	0.0508346	0.325203
118	0.0100159	0.0284557	0.143752	0.00149925	0.0100634	0.0464472	0.253801
119	0.0100159	0.0284717	0.142428	0.00149925	0.0100634	0.0416715	0.184511
120	0.0100159	0.0283851	0.139591	0	0.0100854	0.0404042	0.167734
121	0.0100159	0.0280413	0.1341	0	0.0100634	0.0386782	0.157642
122	0.0100159	0.0282889	0.129718	0	0.0100634	0.0375681	0.150388
123	0.0100159	0.0282627	0.129761	0	0.0100854	0.0368608	0.149126
124	0.0100159	0.0285845	0.1341	0	0.0100854	0.0363687	0.148881
125	0.0100341	0.0286911	0.135827	0	0.0100274	0.035476	0.146399
126	0.0100341	0.0290066	0.139591	0	0.0100634	0.0361087	0.150388
127	0.010013	0.0291678	0.142428	0	0.0100634	0.0356966	0.149372
128	0.010013	0.0300824	0.152172	0	0.0100274	0.0345712	0.144827
129	0.010013	0.0305474	0.154242	0	0.0100274	0.0338987	0.141008
130	0.010013	0.0307601	0.152172	0	0.0100274	0.0331928	0.129156
131	0.010013	0.0304471	0.144828	0	0.0100274	0.032201	0.125451
132	0.010013	0.0303114	0.143752	0	0.0100634	0.03159	0.125451
133	0.010013	0.0299291	0.142428	0	0.0100634	0.0315747	0.126536
134	0.010013	0.0305651	0.143752	0.00449775	0.0100274	0.0317198	0.129156
135	0.010013	0.0301656	0.139591	0.00149925	0.0100274	0.0316829	0.127044
136	0.010013	0.0302858	0.139591	0.00149925	0.0100274	0.0310454	0.127044
137	0.0100815	0.030883	0.145647	0	0.0100274	0.0298485	0.122564
138	0.010013	0.031326	0.142428	0	0.0100274	0.0298693	0.12383
139	0.010013	0.0319077	0.145647	0	0.0100274	0.029916	0.120664
140	0.010013	0.0325561	0.154242	0	0.0100274	0.0298792	0.118295
141	0.010013	0.0335081	0.162252	0.00149925	0.0100274	0.0298943	0.118295
142	0.010013	0.0342927	0.166501	0.00449775	0.0100274	0.030025	0.118295
143	0.010013	0.0346613	0.174203	0.00449775	0.0100274	0.0302088	0.120664
144	0.010013	0.035508	0.175932	0.00449775	0.0100274	0.0314208	0.126536
145	0.010013	0.0352826	0.15903	0.00149925	0.0100634	0.0324131	0.148881
146	0.010013	0.0354897	0.15903	0	0.0100274	0.0331707	0.166873
147	0.010013	0.0376262	0.174519	0.00149925	0.0100854	0.0334393	0.175238
148	0.010013	0.0387871	0.186098	0.00149925	0.0100634	0.0337294	0.175238
149	0.010013	0.039393	0.186858	0	0.0100274	0.0339823	0.175238
150	0.010013	0.0410331	0.194341	0	0.0100274	0.0340349	0.175238
151	0.010013	0.043363	0.209618	0.00449775	0.0100274	0.0349507	0.189587
152	0.010013	0.0438565	0.209618	0.0029985	0.0100274	0.0355638	0.197325
153	0.010013	0.0451508	0.226728	0.0029985	0.0100854	0.0363763	0.201639
154	0.010013	0.0480712	0.284252	0.0089955	0.0100854	0.0377364	0.206192
155	0.010013	0.0505811	0.357962	0.00749625	0.0100274	0.0400717	0.242453
156	0.0100843	0.0533174	0.364007	0.0089955	0.0100854	0.0470392	0.440422
157	0.010013	0.0493051	0.280259	0.005997	0.0100854	0.0614496	1.06705
158	0.010013	0.0493885	0.284252	0.00749625	0.0100854	0.103036	6.05092
159	0.010013	0.0479979	0.276527	0.005997	0.0100562	0.176766	21.069
160	0.010013	0.0462383	0.2708	0.00749625	0.0100562	0.319462	30.0952
161	0.010013	0.0448813	0.236139	0.0089955	0.0104939	0.448453	40.5023
162	0.010013	0.0426728	0.226728	0.005997	0.0100562	0.706376	45.4995
163	0.010013	0.0406205	0.205287	0.005997	0.011348	0.822003	55.8343
164	0.010013	0.0393725	0.193225	0.0029985	0.0176222	1.09558	95.397
165	0.010013	0.0382499	0.173542	0.0029985	0.0248508	1.62957	95.397
166	0.010013	0.0372554	0.168461	0.00149925	0.0271405	1.41739	95.397
167	0.010013	0.0363782	0.15903	0	0.0225926	0.926583	81.259
168	0.010013	0.0353715	0.15444	0	0.0160233	0.645402	47.5596
169	0.010013	0.0351183	0.154264	0.00149925	0.0100562	0.436244	29.73
170	0.010013	0.0350607	0.154264	0.00149925	0.0100562	0.296288	19.5826
171	0.010013	0.0350147	0.143525	0.00149925	0.0100562	0.201837	5.22887
172	0.010013	0.034608	0.142428	0.00149925	0.0100562	0.184433	3.78872
173	0.010013	0.0341004	0.137375	0.00149925	0.0100562	0.174493	3.0696
174	0.010013	0.0334534	0.13469	0	0.0103111	0.160072	2.58915
175	0.010013	0.0335085	0.13469	0	0.0103111	0.150615	2.52155
176	0.010013	0.0333956	0.13469	0	0.0103111	0.146173	2.59456
177	0.010013	0.0331942	0.131404	0	0.0100562	0.161243	4.43372
178	0.010013	0.0330648	0.129761	0	0.0100562	0.176621	6.18164
179	0.010013	0.0328465	0.127627	0	0.0103198	0.186199	12.8731
180	0.010013	0.0325777	0.120973	0	0.0100562	0.197075	13.5008
181	0.010013	0.0323267	0.120973	0	0.0100562	0.214079	21.36
182	0.010013	0.0319815	0.120973	0	0.0103211	0.228071	25.6482
183	0.010013	0.0316631	0.120973	0	0.0100562	0.233865	25.6482
184	0.010013	0.0317183	0.125444	0	0.0100562	0.239455	25.6482
185	0.010013	0.0317601	0.125444	0	0.0100562	0.243764	25.6482
186	0.010013	0.03172	0.126772	0	0.0100562	0.24924	25.6482
187	0.010013	0.0317602	0.125444	0	0.0100562	0.2571	25.6482
188	0.010013	0.0322961	0.134909	0	0.0100562	0.289904	32.3214
189	0.010013	0.03208	0.130904	0	0.021006	0.357945	89.0828
190	0.010013	0.0315965	0.128341	0	0.021006	0.360653	89.0828
191	0.010013	0.0314251	0.126772	0	0.0214601	0.358744	96.414
192	0.010013	0.0315646	0.128341	0	0.0186151	0.354599	82.1247
193	0.010013	0.031405	0.127627	0	0.0211256	0.387807	82.1247
194	0.010013	0.0314742	0.127627	0	0.0211256	0.404449	78.9104
195	0.010013	0.0314335	0.127627	0	0.0235308	0.407124	82.1247
196	0.010013	0.0311642	0.124216	0	0.0211256	0.414823	66.1335
197	0.010013	0.0310186	0.124216	0	0.0211256	0.421108	61.2458
198	0.010013	0.031745	0.13469	0.00149925	0.017802	0.428199	46.2457
199	0.010013	0.031642	0.130904	0.00149925	0.017802	0.421756	45.5081
200	0.010013	0.0318636	0.130904	0	0.02129	0.447073	67.2236
201	0.010013	0.0320879	0.139591	0	0.02129	0.497231	67.2236
202	0.010013	0.0324756	0.14816	0.005997	0.0238261	0.552656	82.3682
203	0.010013	0.0321452	0.144972	0	0.0255905	0.638026	82.1247
204	0.010013	0.0324181	0.144972	0	0.0255905	0.691674	78.9104
205	0.010013	0.0333526	0.148726	0.0029985	0.0238261	0.938396	67.2236
206	0.010013	0.0341052	0.149711	0.00449775	0.025905	1.35955	78.9104
207	0.010013	0.0345946	0.149711	0.00149925	0.034487	1.70798	99.0985
208	0.010013	0.0346607	0.15903	0	0.0427657	2.02961	96.9657
209	0.010013	0.0351405	0.164951	0.0029985	0.0591813	2.20203	95.0485
210	0.010013	0.0344844	0.145677	0.00149925	0.0735803	2.87754	96.9657
211	0.010013	0.0349794	0.149711	0.00149925	0.10701	3.55321	99.0985
212	0.010013	0.0349479	0.145647	0.00149925	0.101354	3.48734	95.5791
213	0.010013	0.0352764	0.145677	0.00149925	0.10701	3.29684	94.4868
214	0.010013	0.0355149	0.148726	0.00149925	0.101354	3.17592	95.5791
215	0.010013	0.035459	0.145677	0.00149925	0.0951285	3.07152	95.5791
216	0.010013	0.0353884	0.144972	0.00149925	0.0951285	2.8742	95.5791
217	0.010013	0.0350721	0.144972	0	0.072087	2.65805	95.5791
218	0.010013	0.0355684	0.145647	0.00149925	0.0628932	2.50711	95.5791
219	0.010013	0.0359854	0.149711	0.00449775	0.0483297	2.4133	95.5791
220	0.0103443	0.0357124	0.149711	0.00449775	0.0483297	2.61378	93.2838
221	0.0103443	0.0357183	0.149711	0.0029985	0.03184	1.84391	95.0485
222	0.010013	0.0357518	0.138068	0.00149925	0.0336713	1.57208	95.5791
223	0.010013	0.0360078	0.137593	0.00149925	0.030216	1.38544	88.6127
224	0.010013	0.0362806	0.137593	0	0.030216	1.12849	88.6127
225	0.010013	0.0371365	0.140744	0.0029985	0.030216	1.02581	88.6127
226	0.010013	0.0375194	0.141648	0	0.0186161	0.824586	50.951
227	0.010013	0.0383153	0.154257	0	0.020652	0.680363	47.0956
228	0.0102496	0.0396906	0.181028	0	0.0196666	0.574387	47.0956
229	0.010013	0.0406949	0.186094	0	0.016415	0.551391	35.6683
230	0.010013	0.0415434	0.190702	0	0.0178179	0.496211	32.4441
231	0.010013	0.0419988	0.187352	0	0.0174134	0.458989	20.5984
232	0.010013	0.0425342	0.198859	0	0.0226777	0.464362	30.4352
233	0.010013	0.0428932	0.190702	0	0.0226777	0.455074	27.1947
234	0.0103443	0.0453741	0.235124	0.00449775	0.0226777	0.428417	27.9404
235	0.0103588	0.0477137	0.246591	0.0089955	0.0226777	0.434121	27.9851
236	0.010013	0.053129	0.30767	0.017991	0.016415	0.467824	28.0439
237	0.010013	0.0522665	0.30767	0.0164918	0.016415	0.503749	31.3915
238	0.0104146	0.0482787	0.258681	0.005997	0.0172333	0.55433	28.0439
239	0.0107554	0.0458981	0.258681	0.0029985	0.0226777	0.619185	39.2027
240	0.010013	0.0450101	0.235124	0.00149925	0.0266733	0.692395	59.3578
241	0.010013	0.0438679	0.229777	0	0.0377922	0.829646	88.1146
242	0.010013	0.0424839	0.182697	0	0.035851	0.822417	84.03
243	0.010013	0.0421308	0.181028	0.0029985	0.0422904	0.807992	84.03
244	0.0103443	0.0416998	0.182697	0.0029985	0.0425397	0.797001	84.03
245	0.010013	0.0411484	0.172442	0.0029985	0.0384344	0.763018	84.03
246	0.010013	0.0403545	0.172442	0.00149925	0.0157171	0.720686	39.9977
247	0.010013	0.0392516	0.165127	0	0.0156985	0.681236	42.1072
248	0.0103443	0.0383787	0.158859	0	0.0156985	0.673441	45.7705
249	0.010013	0.0383454	0.156119	0	0.012847	0.661283	42.1072
250	0.010013	0.0378618	0.156119	0	0.0122141	0.66927	42.1072
251	0.010013	0.0376808	0.156119	0	0.0269821	0.688135	98.54
252	0.010013	0.0378002	0.152049	0	0.0269821	0.700919	98.54
253	0.010013	0.0375958	0.147047	0	0.0248859	0.689522	98.54
254	0.010013	0.037816	0.147047	0.00149925	0.0269821	0.694797	98.54
255	0.010013	0.0375517	0.144972	0.00149925	0.0269821	0.689733	98.54
256	0.010013	0.0371648	0.144972	0.00149925	0.0117961	0.660084	39.7925
257	0.0102263	0.0361998	0.138068	0	0.0117961	0.666442	43.2434
258	0.010013	0.0364299	0.137788	0	0.0242646	0.664778	98.54
259	0.010013	0.0375948	0.147047	0.00449775	0.0260077	0.668986	98.54
260	0.010013	0.037437	0.145647	0.00449775	0.022208	0.575863	98.54
261	0.010013	0.0371188	0.138068	0	0.0122141	0.542161	58.2271
262	0.010013	0.0378951	0.144972	0	0.010244	0.510738	48.3433
263	0.010013	0.037751	0.143503	0	0.010244	0.468337	51.7694
264	0.010013	0.0382513	0.148416	0	0.010244	0.442417	45.6564
265	0.010013	0.0384648	0.145647	0.0029985	0.010244	0.433569	44.2082
266	0.010013	0.0380181	0.144972	0	0.0122141	0.427308	53.899
267	0.010013	0.0381329	0.144972	0	0.010244	0.409469	44.2082
268	0.010013	0.0385583	0.145647	0	0.0122141	0.417744	53.899
269	0.010013	0.0386347	0.144972	0	0.010244	0.409409	40.2526
270	0.010013	0.0388905	0.144802	0	0.0101667	0.36587	40.2526
271	0.010013	0.0390117	0.144972	0	0.0100181	0.336183	40.2526
272	0.010013	0.0393801	0.145647	0	0.0100181	0.330639	42.1083
273	0.0103275	0.0387977	0.145647	0	0.0100181	0.338391	48.3075
274	0.010013	0.0395827	0.145647	0	0.0100181	0.320942	48.3075
275	0.0103275	0.0403324	0.158355	0	0.0100181	0.322393	51.7694
276	0.0103275	0.0411764	0.164189	0.00149925	0.0100181	0.271992	48.3075
277	0.0102263	0.0410461	0.158355	0.00149925	0.0100181	0.219211	19.5912
278	0.0106928	0.0406356	0.163249	0.00149925	0.0100181	0.200984	17.7981
279	0.0111341	0.0407763	0.167606	0	0.0100181	0.183123	12.7745
280	0.0112433	0.0406622	0.163249	0	0.0100181	0.181241	12.7745
281	0.0111226	0.0412113	0.164189	0	0.0100181	0.160695	7.0114
282	0.0106967	0.0422456	0.167606	0.00149925	0.0100181	0.144304	5.17418
283	0.0103275	0.0429521	0.164189	0.00149925	0.0100181	0.14314	6.43098
284	0.0106247	0.0438588	0.184557	0	0.0100181	0.139292	5.16158
285	0.0104731	0.0441694	0.184557	0	0.0100181	0.128082	2.77253
286	0.0102263	0.0442283	0.184557	0	0.0100181	0.112991	1.36901
287	0.0103275	0.0455574	0.198859	0.00149925	0.0100181	0.111456	1.23977
288	0.0105335	0.0463242	0.217215	0.00149925	0.0100181	0.113768	1.23977
289	0.0104731	0.0468755	0.219465	0.00149925	0.0100181	0.114571	1.21906
290	0.0103275	0.0480268	0.221449	0	0.0100226	0.126521	1.36901
291	0.0102263	0.0500549	0.233816	0.00149925	0.0100226	0.140366	1.57869
292	0.0103614	0.0507982	0.24147	0.00149925	0.0100226	0.188186	5.03158
293	0.0103275	0.0517162	0.24638	0.0029985	0.0100226	0.253735	11.4816
294	0.0103275	0.053634	0.261445	0.0029985	0.0100226	0.361266	15.6344
295	0.0104731	0.0558521	0.281278	0.0029985	0.0121261	0.558439	40.5377
296	0.0103614	0.0573531	0.281278	0.00449775	0.0438838	0.694882	79.4515
297	0.0103275	0.0581235	0.282431	0.0029985	0.0517339	0.766478	70.4798
298	0.0103275	0.0624314	0.372635	0.00749625	0.0517339	0.787434	70.4798
299	0.0103275	0.0669624	0.429043	0.011994	0.0438838	0.722555	70.4798
300	0.0103614	0.0700285	0.465852	0.0164918	0.0211801	0.657103	40.9194
301	0.0103275	0.0743194	0.487868	0.0164918	0.0143193	0.59048	40.9194
302	0.0103614	0.0849865	0.743824	0.0329835	0.0122101	0.537058	37.9847
303	0.0103275	0.108329	1.18389	0.0629685	0.0124872	0.448528	41.2779
304	0.0112446	0.0937048	0.837215	0.035982	0.0181761	0.42705	70.5024
305	0.0103275	0.0888319	0.624888	0.0269865	0.0181595	0.414021	70.5024
306	0.011201	0.0838612	0.624888	0.0224888	0.0194429	0.408348	73.1626
307	0.011201	0.0762993	0.50403	0.011994	0.0193185	0.419328	73.1626
308	0.0121467	0.0728034	0.487868	0.0029985	0.0190337	0.408528	70.5024
309	0.0124028	0.0714103	0.487868	0.0029985	0.0190337	0.383104	73.1626
310	0.0124028	0.0703795	0.487868	0.0029985	0.0177564	0.358371	83.6898
311	0.0121467	0.0692394	0.457135	0.00149925	0.0143193	0.363029	73.1626
312	0.0104731	0.0690061	0.367739	0.00149925	0.0139808	0.378514	77.3827
313	0.0104731	0.0675754	0.35439	0.00149925	0.0119893	0.366683	69.1696
314	0.0104731	0.0683138	0.367739	0.00149925	0.0100744	0.340626	47.1184
315	0.0121467	0.0692483	0.428866	0.00149925	0.0100744	0.309067	47.1184
316	0.0121467	0.0703219	0.431914	0.00149925	0.0100744	0.290869	47.1184
317	0.0124678	0.0721945	0.462063	0.00149925	0.0100744	0.27144	45.3879
318	0.0124028	0.0732151	0.462063	0.0029985	0.0100744	0.260042	45.3879
319	0.0121467	0.0746818	0.454819	0.00149925	0.0101098	0.24287	41.9642
320	0.0124368	0.0792748	0.488642	0.00449775	0.0101098	0.227134	41.9642
321	0.0112792	0.0831846	0.488642	0.011994	0.0100744	0.205298	45.3879
322	0.010737	0.0929379	0.687324	0.0314843	0.0101098	0.194462	41.9642
323	0.0124678	0.0816597	0.608591	0.0134933	0.0100744	0.186136	39.1073
324	0.010737	0.0736757	0.471467	0.005997	0.0100744	0.172781	38.1633
325	0.0104534	0.0668431	0.418177	0.00449775	0.0101179	0.164995	38.1633
326	0.0100442	0.0620597	0.400011	0.00749625	0.0100744	0.164253	38.1633
327	0.0100052	0.0585501	0.376876	0.0104948	0.0100744	0.157625	37.4736
328	0.0100052	0.0535383	0.308992	0.00449775	0.0100744	0.143664	26.993
329	0.0100052	0.0509626	0.277596	0.00449775	0.0100744	0.127585	18.9309
330	0.0100052	0.0492775	0.269589	0.0029985	0.0100744	0.119812	16.6442
331	0.0100052	0.0488552	0.270943	0.00149925	0.0100744	0.10932	15.2391
332	0.0100052	0.0469206	0.254158	0.00149925	0.0100744	0.0989699	10.4232
333	0.0100052	0.0457171	0.249211	0.00149925	0.0100744	0.0894422	6.99948
334	0.0100052	0.0442286	0.225566	0	0.0100744	0.0813459	5.06016
335	0.0100052	0.0421821	0.190911	0	0.0100744	0.0735473	3.95764
336	0.0100052	0.0411236	0.182922	0	0.0100744	0.0611596	2.02584
337	0.0100052	0.0406001	0.183346	0.00149925	0.0102179	0.0547425	1.65886
338	0.0100052	0.0397537	0.178145	0.00149925	0.0100744	0.0519226	1.12578
339	0.0100052	0.0397651	0.182629	0.00149925	0.0100744	0.0477533	0.70538
340	0.0100442	0.038962	0.178145	0	0.0101179	0.0460353	0.489883
341	0.0102991	0.0389415	0.184839	0	0.0100744	0.0436457	0.352827
342	0.0102153	0.0391052	0.184839	0	0.0101179	0.0414494	0.315839
343	0.0102348	0.0388899	0.184839	0	0.0100744	0.0375709	0.229721
344	0.0100442	0.0396522	0.183346	0.00149925	0.0100744	0.0365832	0.22022
345	0.0102348	0.0394092	0.184839	0	0.0101179	0.0362499	0.22022
346	0.0102153	0.0399679	0.184839	0.00149925	0.0100744	0.0359506	0.209611
347	0.0102991	0.0400252	0.184839	0.00149925	0.0100744	0.0361535	0.212071
348	0.0103468	0.0399532	0.184839	0.00149925	0.0100744	0.0362709	0.218085
349	0.010737	0.0402122	0.187012	0.00149925	0.0101023	0.0367157	0.22022
350	0.010737	0.0400024	0.187012	0.0029985	0.0100744	0.036016	0.211017
351	0.010737	0.040568	0.190911	0.0029985	0.0100744	0.0353745	0.208611
352	0.0107118	0.0400261	0.187012	0.00149925	0.0101023	0.0355264	0.211017
353	0.0103468	0.0412083	0.184839	0.00149925	0.0102179	0.0353358	0.211017
354	0.0102153	0.04108	0.184839	0.00149925	0.0100744	0.0348044	0.207915
355	0.0103468	0.0406542	0.184839	0	0.0101023	0.0345232	0.189218
356	0.0102153	0.0413029	0.184839	0	0.0101023	0.034556	0.189218
357	0.0103468	0.0410348	0.187012	0	0.0100744	0.0340281	0.187969
358	0.0102153	0.0417022	0.184839	0	0.0101023	0.0332918	0.172381
359	0.0103468	0.0417982	0.187012	0	0.0100744	0.0332369	0.172381
360	0.0105208	0.0411176	0.187012	0	0.0101023	0.0340308	0.187969
361	0.0103749	0.0412827	0.184839	0	0.0100744	0.0340953	0.187969
362	0.010066	0.042117	0.190911	0.0029985	0.0100744	0.0345259	0.183564
363	0.010066	0.0431372	0.195462	0.005997	0.0101023	0.0357778	0.187969
364	0.010066	0.043609	0.202712	0.0089955	0.0101023	0.0366547	0.210402
365	0.010066	0.0422228	0.184839	0.0029985	0.0101179	0.0374463	0.211017
366	0.010066	0.0414213	0.172938	0	0.0100744	0.0376574	0.211017
367	0.010066	0.0420268	0.178145	0	0.0100744	0.0384743	0.211017
368	0.010066	0.0417395	0.178145	0	0.010185	0.038106	0.208611
369	0.010066	0.0418081	0.179034	0	0.010185	0.0398027	0.229633
370	0.010066	0.0419669	0.179787	0.00149925	0.0100744	0.0461094	0.337241
371	0.010066	0.0429511	0.202712	0.00149925	0.0100744	0.0511208	0.832634
372	0.010066	0.0427793	0.223109	0	0.0100744	0.0625594	3.60023
373	0.010066	0.0444229	0.260514	0.0089955	0.0100744	0.069285	6.06064
374	0.0102153	0.0447568	0.284651	0.0104948	0.0100744	0.0760679	6.27758
375	0.010066	0.046964	0.359045	0.011994
