		omega		Posterior		rho				Synonymous theta			kappa			phi	
Site	Lower	Point	Higher	prob of +ve	Lower	Point	Higher		Lower	Point	Higher	Lower	Point	Higher	Lower	Point	Higher
	95% HPD	estimate	95% HPD	selection	95% HPD	estimate	95% HPD		95% HPD	estimate	95% HPD	95% HPD	estimate	95% HPD	95% HPD	estimate	95% HPD
0	0.0100113	0.0297773	0.20606	0	0.0110258	0.550606	48.4937		0.0707672	0.0831137	0.100145	3.26872	4.40254	6.65874	0	0	0
1	0.0100113	0.029637	0.20606	0	0.0102474	0.483708	48.4937
2	0.0100113	0.0295457	0.204929	0	0.0109108	0.453415	54.7246
3	0.0101148	0.0282937	0.188027	0	0.0102474	0.464272	49.2202
4	0.0100113	0.0273776	0.166435	0.00149925	0.0102474	0.446762	53.5439
5	0.0100113	0.0272868	0.166435	0.0029985	0.0110258	0.428862	63.6489
6	0.0100113	0.0279644	0.177877	0.005997	0.0110258	0.406412	63.6489
7	0.0100113	0.0267035	0.133729	0.00149925	0.0110258	0.390959	63.6489
8	0.0100113	0.026829	0.125964	0	0.0102474	0.396534	53.5439
9	0.0100113	0.0265271	0.12127	0	0.0102474	0.408521	53.5439
10	0.0100113	0.025783	0.113576	0	0.0102474	0.456163	54.0124
11	0.0101148	0.0253708	0.110122	0	0.0102474	0.509213	54.7246
12	0.0100113	0.0253498	0.106834	0	0.0102474	0.489848	54.7246
13	0.0100113	0.0251362	0.101954	0	0.0102474	0.516216	52.967
14	0.0100113	0.0251868	0.106834	0	0.0102474	0.55876	52.1106
15	0.0100113	0.0251219	0.106834	0	0.0102474	0.611467	54.0124
16	0.0101148	0.0250287	0.110122	0	0.0102474	0.656689	56.9865
17	0.0100113	0.0245623	0.105688	0	0.0102474	0.695706	56.9865
18	0.0100113	0.024713	0.105688	0	0.0102474	0.869918	59.4737
19	0.0100113	0.0246086	0.0998448	0	0.0102474	1.0055	59.2452
20	0.0101148	0.0241042	0.0916948	0	0.0102474	1.17032	61.9637
21	0.0100113	0.0238016	0.0806951	0	0.0102474	1.49151	64.8454
22	0.0100113	0.0239266	0.0900992	0	0.0102474	1.49901	64.8454
23	0.0101148	0.0239656	0.0916948	0	0.0102474	1.53403	66.0071
24	0.0101148	0.0240701	0.0916948	0	0.0102474	1.50211	65.0583
25	0.0100113	0.0240175	0.086977	0	0.0102474	1.37476	66.4885
26	0.0100113	0.0238814	0.0858294	0	0.0104912	1.27496	66.0071
27	0.0100113	0.023671	0.0824539	0	0.0104912	1.05589	59.2452
28	0.0100113	0.0238749	0.086977	0	0.0104912	0.918508	59.1393
29	0.0100113	0.0238115	0.0824539	0	0.0104912	0.862116	59.2452
30	0.0100113	0.023815	0.0824539	0	0.0104582	0.84218	58.8698
31	0.0101088	0.0241141	0.0916948	0	0.0104582	0.772437	58.8698
32	0.0100113	0.024449	0.0916948	0	0.0106826	0.653074	59.2452
33	0.0100113	0.0233947	0.0824539	0	0.0108425	0.563886	59.2452
34	0.0100113	0.0231795	0.0819081	0	0.0106826	0.570852	59.2452
35	0.0100113	0.0229555	0.0808738	0	0.0109108	0.557769	59.2452
36	0.0100113	0.0226594	0.0782835	0	0.0104912	0.464903	55.7578
37	0.0100113	0.0226283	0.0782835	0	0.0104582	0.37042	37.7821
38	0.0100113	0.0226043	0.0782835	0	0.0104207	0.294937	29.3561
39	0.0100113	0.022168	0.0685841	0	0.0104207	0.255307	28.2798
40	0.0101088	0.0226656	0.0743228	0	0.0104207	0.259207	29.1661
41	0.0100113	0.0232459	0.0743228	0	0.0104207	0.243809	30.9524
42	0.0100458	0.0231121	0.0743228	0	0.0104207	0.231013	33.1753
43	0.0100458	0.0230993	0.0743228	0	0.0104207	0.218679	33.0567
44	0.0100113	0.0231752	0.071613	0	0.0104207	0.193553	27.204
45	0.0100113	0.0233256	0.0743228	0	0.0104207	0.198774	25.501
46	0.0100113	0.023725	0.0788153	0.0029985	0.0104207	0.16752	22.82
47	0.0102678	0.0240625	0.083425	0.00449775	0.0104207	0.191624	20.7771
48	0.0102337	0.0236207	0.0824932	0	0.0104912	0.269049	46.3411
49	0.0102337	0.0234623	0.0824932	0	0.0104912	0.305659	54.7787
50	0.0102337	0.0237293	0.083425	0	0.0155144	0.284802	84.7825
51	0.0100113	0.0235443	0.08103	0	0.0104912	0.224095	47.8106
52	0.0100113	0.0233318	0.0796573	0	0.0104912	0.156589	5.1026
53	0.0100113	0.0230956	0.0795174	0	0.0104912	0.124599	0.986858
54	0.0100113	0.0231166	0.0796573	0	0.0104912	0.119307	0.867069
55	0.0100113	0.0230509	0.0788153	0	0.0115884	0.12568	1.07551
56	0.0100113	0.0223247	0.0712492	0	0.0104997	0.120249	0.832028
57	0.0100113	0.0222288	0.0692119	0	0.0104997	0.107332	0.694129
58	0.0100113	0.0221019	0.0685841	0	0.0104997	0.0992198	0.648491
59	0.0100113	0.0220537	0.0685841	0	0.0104997	0.0933284	0.640247
60	0.0100113	0.0222193	0.0685841	0	0.0104997	0.0898869	0.633206
61	0.0100113	0.0222724	0.0685841	0	0.0104997	0.0806932	0.523072
62	0.0100113	0.0227644	0.0712938	0	0.0104997	0.0757709	0.448454
63	0.0100458	0.0229803	0.0743228	0	0.0104997	0.0738068	0.406746
64	0.0100113	0.0231025	0.0760505	0.00149925	0.0104997	0.073524	0.410032
65	0.0100113	0.0234477	0.08103	0.00149925	0.0104997	0.0723686	0.410032
66	0.0100113	0.023504	0.08103	0.00149925	0.0104997	0.0682149	0.408445
67	0.0100113	0.023319	0.0788153	0.00149925	0.0104997	0.0597727	0.332489
68	0.0100113	0.0235804	0.08103	0.00149925	0.0105409	0.0592393	0.318979
69	0.0100113	0.0239706	0.0831917	0.00149925	0.0105409	0.0579997	0.310873
70	0.0100113	0.0234267	0.0782835	0.00149925	0.0105409	0.0568606	0.310873
71	0.0100113	0.0234145	0.08103	0	0.0105409	0.0564146	0.310873
72	0.0100113	0.0233912	0.0816618	0	0.0105409	0.0559374	0.292179
73	0.0100113	0.0237332	0.083425	0	0.0105409	0.0552303	0.292179
74	0.0100113	0.0236932	0.083425	0	0.0105409	0.0547997	0.292179
75	0.0100113	0.0241947	0.0858294	0	0.0102014	0.0546007	0.292179
76	0.0100113	0.0243262	0.0883135	0	0.0105409	0.0541882	0.291366
77	0.0100113	0.0240492	0.0850797	0	0.0105409	0.0537942	0.291366
78	0.0100113	0.0238094	0.0831917	0	0.0106825	0.0528143	0.292179
79	0.0100113	0.0236649	0.0808738	0	0.0109209	0.0538629	0.292179
80	0.0100113	0.0236636	0.0788153	0	0.0108622	0.052019	0.273423
81	0.0100113	0.023964	0.0823956	0	0.0106825	0.0515151	0.273423
82	0.0100458	0.024001	0.0850797	0	0.0109209	0.0521779	0.292179
83	0.0100113	0.0241885	0.0850797	0	0.0108622	0.0531762	0.314539
84	0.0100113	0.0242616	0.0858294	0	0.0108622	0.0536647	0.318979
85	0.0100113	0.0245766	0.0850797	0.0029985	0.0109209	0.0546538	0.366112
86	0.0100113	0.0245797	0.0850797	0.00449775	0.0109209	0.0541418	0.314539
87	0.0100113	0.0242241	0.0785795	0	0.0110165	0.0562706	0.366807
88	0.0100113	0.0243649	0.0785795	0	0.0104857	0.0562605	0.345208
89	0.0100113	0.0242718	0.0750571	0	0.0101366	0.0565017	0.345208
90	0.0100113	0.0248001	0.083425	0	0.0101366	0.0581458	0.366807
91	0.0100113	0.024712	0.083425	0	0.0104717	0.05806	0.376366
92	0.0100113	0.0247436	0.0858294	0	0.0101366	0.0568999	0.366112
93	0.0100113	0.0246843	0.0850797	0	0.0101366	0.0563835	0.345208
94	0.0100113	0.0251097	0.090583	0	0.0100833	0.0546715	0.344506
95	0.0100113	0.0250422	0.090583	0	0.0101366	0.0516843	0.292179
96	0.0100113	0.0254035	0.0953257	0	0.0100833	0.0491471	0.254829
97	0.0100113	0.0252517	0.0953257	0	0.0100833	0.0491093	0.241899
98	0.0100113	0.0254255	0.101739	0.00149925	0.0100833	0.0503138	0.235891
99	0.0100113	0.0251132	0.0953257	0.00149925	0.0100833	0.0501316	0.235891
100	0.0100113	0.0251408	0.0953257	0.00149925	0.0100833	0.0489309	0.230752
101	0.0100113	0.0253324	0.0953257	0	0.0101366	0.0475982	0.235891
102	0.0100113	0.0264682	0.105033	0	0.0100833	0.0476566	0.230752
103	0.0100113	0.0263992	0.0953257	0	0.0100833	0.0484468	0.235891
104	0.0100113	0.025984	0.0929924	0	0.0101366	0.0486856	0.236222
105	0.0100113	0.0261944	0.0938338	0	0.0100833	0.0490688	0.236222
106	0.010095	0.0264095	0.0953257	0	0.0100452	0.0496036	0.238638
107	0.0100113	0.0261366	0.0933305	0	0.0100452	0.0491431	0.238638
108	0.0100113	0.0262113	0.0929924	0	0.0103226	0.0480482	0.238638
109	0.010095	0.0263428	0.0953257	0	0.0100452	0.0476403	0.216467
110	0.0100113	0.0268819	0.0974756	0	0.0100452	0.0473063	0.204748
111	0.0100113	0.0267228	0.0974756	0	0.0100452	0.0466514	0.192606
112	0.0100113	0.0266152	0.0974756	0	0.0100833	0.0454919	0.188348
113	0.0100009	0.0269391	0.0974756	0	0.0100452	0.045194	0.187781
114	0.0100009	0.0273276	0.0979587	0	0.0100452	0.0466059	0.204748
115	0.0100113	0.0283652	0.107005	0	0.0100452	0.0466275	0.20646
116	0.0100458	0.0286281	0.107005	0	0.0100452	0.0470008	0.20646
117	0.0100113	0.0289026	0.107005	0	0.0100452	0.0465462	0.199593
118	0.0100113	0.0287019	0.107005	0	0.0100452	0.0472041	0.199593
119	0.0100113	0.0291734	0.112498	0	0.0100452	0.0478539	0.199616
120	0.0100113	0.0295517	0.114747	0	0.0100452	0.0492656	0.216505
121	0.0100113	0.0296395	0.115478	0	0.0100452	0.0498714	0.219687
122	0.0100113	0.0304749	0.136885	0	0.0100452	0.0519862	0.235891
123	0.0100113	0.0308619	0.138614	0.00149925	0.0100452	0.0541917	0.239917
124	0.010095	0.0306667	0.138614	0.00149925	0.0100452	0.0561054	0.245785
125	0.0100113	0.0318785	0.159558	0	0.0100452	0.0576879	0.258097
126	0.010095	0.0328084	0.169708	0	0.0100452	0.0610951	0.286136
127	0.0100113	0.0329599	0.169708	0	0.0100452	0.0629202	0.296568
128	0.0100113	0.0351889	0.197179	0.0104948	0.0100452	0.0638085	0.286136
129	0.0100113	0.03602	0.214634	0.0104948	0.0100452	0.0666813	0.286136
130	0.0100113	0.0356373	0.210379	0.0089955	0.0103226	0.066349	0.286136
131	0.0100113	0.0344193	0.188208	0.00449775	0.0108096	0.066495	0.307328
132	0.0100113	0.0327812	0.154612	0	0.0108845	0.0680083	0.319311
133	0.0100113	0.0323659	0.150525	0	0.0108096	0.0679052	0.307328
134	0.0100113	0.0322409	0.150525	0	0.0108845	0.0694692	0.319311
135	0.0100113	0.0320755	0.150525	0	0.0108845	0.0697781	0.319311
136	0.0100113	0.0314566	0.141424	0	0.0108845	0.0686478	0.286136
137	0.0100113	0.0314495	0.125047	0	0.0110165	0.0662728	0.286136
138	0.0100113	0.0314186	0.122468	0	0.0108845	0.0669966	0.281036
139	0.0100113	0.0309081	0.116181	0	0.0108845	0.0695223	0.286136
140	0.0100113	0.0304437	0.115478	0	0.0113782	0.0736794	0.319311
141	0.0100113	0.0301438	0.115478	0	0.011292	0.0780311	0.319311
142	0.0100113	0.0303745	0.116181	0	0.011292	0.0812866	0.315011
143	0.0100113	0.0306074	0.119623	0	0.011292	0.080846	0.309602
144	0.0100113	0.0302961	0.114747	0	0.011292	0.0809283	0.309602
145	0.0100113	0.0304334	0.115478	0	0.0126213	0.0799968	0.332889
146	0.0100113	0.0303437	0.114747	0	0.013152	0.0802948	0.332889
147	0.0100113	0.0306159	0.110907	0	0.013514	0.0808064	0.332889
148	0.010095	0.0305855	0.110341	0	0.0141377	0.084117	0.36908
149	0.010095	0.0307508	0.110341	0	0.013514	0.0832795	0.359892
150	0.0102069	0.0307713	0.110341	0	0.0100452	0.0880403	0.398021
151	0.0100113	0.0303228	0.106112	0	0.0115884	0.0858683	0.359892
152	0.0100113	0.0302601	0.103113	0	0.0115884	0.0871431	0.359892
153	0.0100113	0.0301913	0.100239	0	0.0115884	0.0854029	0.357387
154	0.0100113	0.0317309	0.110341	0.00749625	0.0107476	0.0846153	0.305225
155	0.0102069	0.0309966	0.110341	0	0.0115884	0.0842511	0.319966
156	0.0100113	0.0317235	0.115478	0	0.013514	0.0834166	0.357387
157	0.0100113	0.0314112	0.112056	0	0.0123657	0.0850016	0.319966
158	0.0100113	0.0310888	0.115478	0	0.0123657	0.0830759	0.332889
159	0.0100113	0.0312193	0.112056	0	0.0120093	0.0806744	0.319966
160	0.0100113	0.0315707	0.116181	0	0.0123657	0.0801401	0.357387
161	0.0100113	0.0324747	0.123672	0	0.0107	0.0788488	0.319966
162	0.0100113	0.0336055	0.151022	0	0.0100083	0.07993	0.305212
163	0.0100113	0.0347337	0.162074	0	0.0106085	0.0791973	0.319966
164	0.0100113	0.0357247	0.180013	0	0.0107	0.0785653	0.319966
165	0.0103892	0.0374659	0.236736	0	0.0105694	0.0795553	0.319966
166	0.0103892	0.0396451	0.252235	0	0.0114921	0.0799475	0.319966
167	0.0104331	0.0424448	0.269186	0.0029985	0.0100452	0.0807611	0.286501
168	0.0101088	0.0441945	0.276229	0.0029985	0.0100452	0.0805029	0.286501
169	0.0100113	0.0449254	0.276229	0	0.0124265	0.0818738	0.327348
170	0.0100113	0.0464388	0.294904	0	0.0131268	0.0820218	0.364003
171	0.0101995	0.0477673	0.33246	0	0.0106085	0.0815773	0.286501
172	0.0100113	0.0492506	0.345421	0	0.0124265	0.0836158	0.36908
173	0.0100113	0.0556427	0.44031	0.0089955	0.0100452	0.088745	0.332611
174	0.0100113	0.0770293	1.4677	0.0704648	0.0105694	0.0896409	0.361003
175	0.0350812	1.14555	28.9127	0.554723	0.0131268	0.0903468	0.441825
176	0.0103529	0.0717882	1.19488	0.0584708	0.0107858	0.0917716	0.36908
177	0.0101512	0.0563974	0.639294	0.0254873	0.0172919	0.0968506	0.583443
178	0.0100363	0.0498024	0.399587	0.0134933	0.0181333	0.0992868	0.581031
179	0.0100363	0.0448655	0.316023	0.0089955	0.0177485	0.101242	0.581031
180	0.0102582	0.0418073	0.250367	0.00449775	0.0173613	0.103344	0.581031
181	0.0101871	0.0405298	0.210886	0.00149925	0.0181333	0.104975	0.569409
182	0.0102582	0.0402083	0.210886	0.00149925	0.0181333	0.104952	0.58149
183	0.0102944	0.0389429	0.197645	0.00149925	0.0173613	0.103778	0.58149
184	0.010041	0.0375679	0.187478	0.00149925	0.016488	0.104034	0.58149
185	0.0103529	0.0380939	0.197303	0.00449775	0.0156286	0.104418	0.58149
186	0.0100186	0.0374759	0.184486	0.00449775	0.0152615	0.103902	0.58149
187	0.0100186	0.0365362	0.155535	0.00149925	0.017149	0.103536	0.615144
188	0.0101056	0.0361929	0.155535	0	0.019023	0.102815	0.58149
189	0.0101056	0.035404	0.152039	0	0.018482	0.102404	0.551335
190	0.0100186	0.0355011	0.152039	0	0.018482	0.105144	0.551335
191	0.0101056	0.0353899	0.151258	0	0.019023	0.108621	0.551335
192	0.0101056	0.0356028	0.151258	0	0.019023	0.110959	0.551335
193	0.0100186	0.0350964	0.139579	0	0.0236622	0.115804	0.682501
194	0.0101056	0.034452	0.139579	0	0.0236622	0.116903	0.682501
195	0.0100186	0.0344229	0.139579	0	0.0200047	0.111714	0.551335
196	0.0101871	0.0345129	0.151258	0.00149925	0.0208018	0.110389	0.551335
197	0.0101512	0.0352868	0.156294	0.005997	0.0245222	0.106881	0.551335
198	0.0101871	0.0370345	0.197303	0.0029985	0.0236622	0.107957	0.45147
199	0.0101056	0.0380556	0.227401	0	0.0236622	0.108292	0.462326
200	0.0100186	0.0381432	0.227401	0	0.019023	0.106503	0.414647
201	0.0100186	0.0382025	0.227401	0	0.0178956	0.104789	0.434984
202	0.0100186	0.038057	0.20906	0	0.0163814	0.102469	0.434984
203	0.0100186	0.03802	0.197303	0.0029985	0.0157859	0.0996172	0.462326
204	0.0100186	0.0383446	0.197303	0.0029985	0.0139353	0.0962286	0.399502
205	0.0101512	0.038138	0.197303	0.0029985	0.0139353	0.0934132	0.370464
206	0.0101056	0.0360873	0.167721	0	0.0139353	0.0923887	0.370464
207	0.0100218	0.0344293	0.150811	0	0.0147868	0.0932137	0.414647
208	0.0100218	0.0344837	0.154302	0	0.0145194	0.0923801	0.405903
209	0.0100218	0.0337542	0.150811	0	0.0139353	0.0918231	0.399502
210	0.0100218	0.0330359	0.145765	0	0.0139353	0.0931038	0.402102
211	0.0101056	0.0322008	0.139579	0.00149925	0.0139353	0.0938339	0.399502
212	0.0100218	0.0311815	0.13323	0.00149925	0.0139353	0.0939169	0.399502
213	0.0101512	0.0299437	0.117907	0.00149925	0.0175668	0.0938793	0.462326
214	0.0100218	0.0290104	0.106899	0	0.0139353	0.0951569	0.402102
215	0.0101881	0.0283945	0.105811	0	0.017894	0.0938538	0.462326
216	0.0101881	0.02789	0.105811	0	0.0164013	0.0953295	0.462326
217	0.0101512	0.0272918	0.103129	0	0.0134805	0.0961886	0.418443
218	0.0100218	0.027117	0.103505	0	0.0139353	0.092992	0.418443
219	0.0100218	0.0269381	0.103505	0	0.0139353	0.0892471	0.350832
220	0.0100218	0.026169	0.097034	0	0.0139353	0.0886518	0.324222
221	0.0100218	0.0259795	0.0987696	0	0.0139353	0.0892844	0.31987
222	0.0101512	0.0256929	0.0947377	0	0.0139353	0.0894151	0.315649
223	0.0101512	0.0254496	0.0947377	0	0.0182234	0.0925985	0.402102
224	0.0101881	0.025097	0.0947377	0	0.019023	0.0922233	0.407786
225	0.0101512	0.0244621	0.092755	0	0.0153966	0.091186	0.315649
226	0.0101512	0.0239052	0.0846253	0	0.0182234	0.0917207	0.402102
227	0.0101512	0.0245071	0.0915779	0.00149925	0.0182234	0.0920818	0.405903
228	0.0101512	0.0246227	0.0874022	0.00149925	0.0182234	0.0907323	0.402102
229	0.0101512	0.024744	0.0902442	0.00149925	0.0182234	0.0911792	0.402102
230	0.0101512	0.0244581	0.0870441	0	0.0175578	0.094903	0.407786
231	0.0101512	0.0246241	0.0933221	0	0.0167957	0.0971769	0.407786
232	0.0101512	0.0245458	0.0958052	0	0.0157859	0.0981478	0.407786
233	0.0101881	0.0250813	0.116727	0.0029985	0.0182234	0.0995501	0.445206
234	0.0101512	0.0248217	0.105811	0.00149925	0.0159344	0.0992625	0.402102
235	0.0101512	0.0243274	0.103129	0.00149925	0.0182234	0.0992124	0.402102
236	0.0101512	0.0236126	0.0933221	0	0.019023	0.0995028	0.402102
237	0.0101512	0.02353	0.0915779	0	0.0182234	0.0976845	0.357507
238	0.0101318	0.0233085	0.0915779	0	0.0186993	0.0958941	0.361379
239	0.0101318	0.0232362	0.0915779	0	0.0181634	0.0937068	0.295298
240	0.0101318	0.02318	0.0804406	0	0.019023	0.0945427	0.315423
241	0.0101318	0.0231833	0.0843683	0	0.0181634	0.0955147	0.361385
242	0.0101512	0.0227051	0.0804406	0	0.0160425	0.0926193	0.315423
243	0.0101318	0.0225091	0.0788281	0	0.0175727	0.0947357	0.361385
244	0.0101318	0.022561	0.0788281	0	0.0253528	0.097213	0.445635
245	0.0101512	0.0225164	0.0778087	0	0.021387	0.0979551	0.367455
246	0.0101512	0.0222684	0.0769818	0	0.0258247	0.0996953	0.445635
247	0.0101512	0.0225855	0.0705721	0	0.0241292	0.0991427	0.445635
248	0.0101512	0.022605	0.0697554	0	0.0220799	0.101753	0.457934
249	0.0101636	0.023312	0.0804406	0	0.0222823	0.102559	0.445635
250	0.0101512	0.0234543	0.0843683	0	0.0234283	0.100925	0.387021
251	0.0101512	0.0228862	0.0788281	0	0.0252255	0.102287	0.387021
252	0.0101512	0.0223794	0.0778087	0	0.0234283	0.102244	0.391753
253	0.0101512	0.0216622	0.0607701	0	0.0241292	0.102611	0.391753
254	0.0101389	0.0212652	0.057438	0	0.0241292	0.103595	0.391753
255	0.0101389	0.0215659	0.0607701	0	0.0202936	0.105028	0.391753
256	0.0101389	0.0214714	0.0612711	0	0.0196441	0.107082	0.416172
257	0.0101389	0.0216184	0.0650748	0	0.0196441	0.107096	0.416172
258	0.0101389	0.0217315	0.0683135	0	0.0257811	0.10887	0.485156
259	0.0101389	0.0218663	0.0685203	0	0.0257811	0.111659	0.485156
260	0.0101389	0.0216649	0.0631243	0	0.0253528	0.119264	0.416172
261	0.0101389	0.0212705	0.0612711	0	0.0258247	0.121801	0.445585
262	0.0101389	0.0207549	0.0549409	0	0.0253528	0.126475	0.4693
263	0.0101512	0.0207162	0.0539403	0	0.0253528	0.126711	0.457934
264	0.0101389	0.021078	0.0565835	0	0.0248604	0.126105	0.457934
265	0.0101426	0.0212557	0.0579073	0	0.0248604	0.126875	0.457934
266	0.0101426	0.0215606	0.0586384	0	0.0248604	0.128393	0.4693
267	0.0101426	0.0213756	0.0579073	0	0.0238904	0.127659	0.387021
268	0.0101426	0.0214542	0.0579073	0	0.0253528	0.126244	0.387021
269	0.0101426	0.0214576	0.0611015	0	0.0248604	0.121333	0.387021
270	0.0101426	0.0216175	0.0611015	0	0.0253528	0.119608	0.387021
271	0.0101426	0.0218576	0.0650748	0	0.0253528	0.119638	0.387021
272	0.0101426	0.021862	0.0633039	0	0.0247169	0.118666	0.384144
273	0.0101426	0.0214429	0.0586384	0	0.0247169	0.117949	0.397592
274	0.0101426	0.0215071	0.060473	0	0.0247169	0.118623	0.416172
275	0.0101426	0.0219916	0.0667835	0	0.0238904	0.117809	0.425096
276	0.0101426	0.0218717	0.0612711	0	0.0203523	0.118764	0.402643
277	0.0101426	0.0218907	0.0612711	0	0.0235509	0.117505	0.445585
278	0.0101426	0.0222509	0.0705721	0	0.0205725	0.118521	0.43707
279	0.0100993	0.0223285	0.0710749	0	0.0202283	0.118386	0.560468
280	0.0100993	0.0220889	0.0650748	0	0.0151536	0.118567	0.558103
281	0.0100993	0.0219309	0.0647359	0	0.0162255	0.122154	0.800258
282	0.0100993	0.0228674	0.0710749	0.0089955	0.0162255	0.11408	0.800258
283	0.0100993	0.02249	0.0710749	0.00449775	0.0162255	0.108935	0.736235
284	0.0100993	0.0225907	0.0780037	0	0.0162255	0.105089	0.736235
285	0.0100993	0.0232456	0.0917085	0	0.0110674	0.0975764	0.504291
286	0.0101636	0.0237438	0.101506	0	0.0110674	0.0911917	0.43683
287	0.0101426	0.0239636	0.101506	0	0.0110674	0.0836632	0.426088
288	0.0101426	0.0238959	0.104672	0	0.0109479	0.0806665	0.417099
289	0.0101426	0.0238819	0.101506	0	0.0109479	0.0789118	0.428094
290	0.0101512	0.0239182	0.101506	0	0.0109479	0.0796484	0.428094
291	0.0101426	0.0238788	0.0926654	0	0.0109479	0.0771884	0.428094
292	0.0100157	0.0236687	0.0843683	0	0.0110674	0.0750402	0.504291
293	0.0100157	0.0236164	0.0805962	0.0029985	0.0110533	0.0714601	0.504291
294	0.0100157	0.023354	0.0766672	0.00149925	0.0104141	0.0646525	0.426088
295	0.0100157	0.023238	0.0734614	0	0.0104141	0.0627393	0.426238
296	0.0100157	0.0231353	0.071575	0	0.0100201	0.0564935	0.350278
297	0.0100157	0.0230809	0.071575	0	0.0100201	0.0514128	0.266182
298	0.0100613	0.0234408	0.0800544	0.0029985	0.0100773	0.0476751	0.246327
299	0.0100157	0.0226638	0.0700465	0	0.0100201	0.0446938	0.225852
300	0.0100613	0.0222812	0.0650748	0	0.0100201	0.0428779	0.213333
301	0.0100613	0.0225137	0.0650748	0	0.0100773	0.041692	0.213333
302	0.0100157	0.0222188	0.060473	0	0.0100201	0.040409	0.184797
303	0.0100157	0.0224547	0.0633039	0	0.0100201	0.0392079	0.179516
304	0.0100613	0.0226305	0.0650748	0	0.0100201	0.0379263	0.177088
305	0.0100993	0.0230092	0.0712751	0	0.0100201	0.0374576	0.177088
306	0.0100157	0.0231624	0.072306	0	0.0100773	0.0362322	0.173094
307	0.0100613	0.0234264	0.0800544	0	0.0100201	0.0353836	0.156862
308	0.0100157	0.0235161	0.0800544	0	0.0100201	0.0353635	0.154874
309	0.0100157	0.0235202	0.0805962	0	0.0100201	0.0348203	0.143541
310	0.0100157	0.0235508	0.0800544	0	0.0100201	0.0351456	0.152956
311	0.0100157	0.0237477	0.0805962	0	0.0100201	0.0340874	0.143541
312	0.0100157	0.023766	0.0812707	0	0.0100201	0.0331854	0.142314
313	0.0100993	0.024128	0.0851208	0.00149925	0.0100792	0.0322639	0.134296
314	0.0100613	0.0242314	0.0851208	0.00449775	0.0100201	0.0317542	0.129505
315	0.0100157	0.0248905	0.0980134	0.00749625	0.0100201	0.0312318	0.12372
316	0.0100157	0.0248356	0.0998229	0.005997	0.0100773	0.031349	0.12372
317	0.0100613	0.0252901	0.103672	0.00749625	0.0100773	0.0313549	0.127544
318	0.0100157	0.0245565	0.0980134	0	0.0100773	0.031477	0.127544
319	0.0100613	0.0243164	0.090961	0	0.0100201	0.031901	0.127544
320	0.0100157	0.0243079	0.0898682	0	0.0101862	0.032259	0.134296
321	0.0100157	0.0244579	0.0974831	0	0.0101905	0.0317365	0.134296
322	0.0100157	0.0244273	0.090961	0	0.0101905	0.0313263	0.134296
323	0.0100613	0.0243161	0.090961	0	0.0100201	0.0328745	0.141395
324	0.0100613	0.0248755	0.103672	0	0.0100201	0.0338901	0.154829
325	0.0100157	0.0256704	0.108431	0.00149925	0.0100201	0.0342856	0.158109
326	0.0100157	0.0262536	0.123689	0.00149925	0.0100201	0.0342072	0.153825
327	0.0100157	0.0265688	0.129751	0	0.0100201	0.0333712	0.139508
328	0.0100852	0.0274406	0.135161	0	0.0100201	0.0345817	0.143517
329	0.0100157	0.0283265	0.158107	0	0.0100201	0.0354331	0.153825
330	0.0101099	0.0293861	0.173611	0	0.0100201	0.0359741	0.169441
331	0.0100157	0.0299701	0.174306	0	0.0108043	0.0385792	0.208667
332	0.0100157	0.0303452	0.18216	0	0.0100773	0.0366689	0.177756
333	0.0100157	0.0305167	0.187938	0	0.0100201	0.0367735	0.169426
334	0.0100157	0.0330848	0.273978	0.0029985	0.0100201	0.0374473	0.179149
335	0.0100613	0.0358975	0.329801	0.0029985	0.0100773	0.0388316	0.196903
336	0.0100157	0.0386562	0.34446	0.00149925	0.0109218	0.0402441	0.23463
337	0.0102992	0.0407999	0.408641	0.00149925	0.0100201	0.0414167	0.225403
338	0.0100157	0.0433581	0.408641	0.0104948	0.0100773	0.0419949	0.225403
339	0.0100157	0.0455367	0.432567	0.0164918	0.0100773	0.0425737	0.225403
340	0.0100274	0.0408441	0.408641	0.00749625	0.0100201	0.044176	0.227196
341	0.0100157	0.0379537	0.371829	0.011994	0.0100201	0.0452101	0.229307
342	0.0100157	0.0334588	0.301732	0.00149925	0.0105669	0.0468352	0.239648
343	0.0100157	0.0311133	0.25312	0	0.0111557	0.0466111	0.239648
344	0.0100157	0.0284982	0.164495	0	0.0107065	0.0489166	0.246675
345	0.0100274	0.0281356	0.164009	0	0.0105669	0.0485894	0.239648
346	0.0100157	0.0266803	0.129751	0	0.0110224	0.0515607	0.264796
347	0.0100274	0.0263008	0.128268	0	0.0113339	0.0532754	0.263636
348	0.0100157	0.0261522	0.118192	0	0.0110224	0.0562375	0.264796
349	0.0100157	0.0260571	0.118192	0	0.0100773	0.0562044	0.239648
350	0.0100157	0.0261788	0.118192	0.00149925	0.0110224	0.0582711	0.267937
351	0.0100274	0.0260002	0.109979	0.00149925	0.0113339	0.0596446	0.267937
352	0.0100157	0.0257792	0.108426	0.00149925	0.0113339	0.0628931	0.283894
353	0.0100157	0.0259172	0.109034	0.00149925	0.0113339	0.063926	0.275688
354	0.0100157	0.027012	0.11714	0.00749625	0.0113339	0.0676018	0.279776
355	0.0100157	0.0259201	0.10919	0	0.0113339	0.0707725	0.303123
356	0.0100157	0.0256093	0.10919	0	0.0113339	0.0754745	0.359976
357	0.0100944	0.0253764	0.108426	0	0.0100798	0.0800782	0.364568
358	0.0100157	0.0271467	0.129751	0.0149925	0.0113339	0.0875378	0.459208
359	0.0100157	0.0252756	0.10919	0.0029985	0.0113339	0.0931596	0.499405
360	0.0100157	0.02512	0.108426	0.00149925	0.0113339	0.0956939	0.545531
361	0.0100157	0.0252417	0.10919	0	0.0106068	0.0982224	0.545531
362	0.0100157	0.0250717	0.107683	0	0.0113339	0.101944	0.545531
363	0.0100274	0.0250376	0.108426	0	0.0142266	0.111381	0.732526
364	0.0100157	0.0244597	0.0949561	0	0.0136758	0.117278	0.732526
365	0.0100274	0.0246059	0.100587	0	0.0209965	0.120619	0.960274
366	0.0100157	0.0249345	0.108426	0	0.0205426	0.121737	0.978237
367	0.0100157	0.024801	0.107666	0	0.0209965	0.134592	1.21378
368	0.0100157	0.0247621	0.103578	0	0.0195608	0.131711	0.740592
369	0.0100157	0.0246026	0.100587	0	0.0205426	0.135123	0.740592
370	0.0100157	0.0244645	0.0981205	0	0.0221012	0.130256	0.708096
371	0.0100157	0.0244137	0.0981205	0	0.0164455	0.134339	0.711936
372	0.0100944	0.0241893	0.0923826	0	0.0218798	0.127666	0.711936
373	0.0100944	0.0243909	0.0923826	0	0.0200962	0.11482	0.60679
374	0.0100157	0.0244015	0.0878087	0	0.0218798	0.107925	0.645096
375	0.0100157	0.0244131	0.0805962	0	0.0200962	0.105445	0.525072
376	0.0100157	0.024541	0.0866475	0	0.0200962	0.101906	0.525072
377	0.0100157	0.0247743	0.0878087	0	0.0194757	0.0977786	0.477699
378	0.0100157	0.024909	0.0890085	0	0.0185339	0.0976778	0.447767
379	0.0100157	0.0250463	0.0890085	0	0.0194757	0.0991923	0.477699
380	0.0100157	0.0250321	0.0890085	0	0.0195342	0.0978602	0.477699
381	0.0100651	0.025463	0.100247	0.00149925	0.0185339	0.0970698	0.447767
382	0.0100157	0.0250965	0.0923826	0.00149925	0.0194757	0.0934249	0.477699
383	0.0100651	0.0254196	0.100247	0.00149925	0.0142924	0.087093	0.374627
384	0.0100613	0.0255071	0.100247	0.00149925	0.0142924	0.0844824	0.367718
385	0.0100651	0.0253192	0.100247	0	0.0138576	0.0846172	0.374627
386	0.0100157	0.0250706	0.0890085	0	0.0138576	0.0817034	0.424472
387	0.0100157	0.0250555	0.0939622	0	0.0138576	0.0779247	0.386636
388	0.0100157	0.0252938	0.0946288	0	0.0133613	0.0751737	0.347584
389	0.0100157	0.0245848	0.0878087	0	0.012583	0.0714439	0.337854
390	0.0100157	0.024418	0.083889	0	0.0133613	0.0699202	0.331725
391	0.0100157	0.0242902	0.0808652	0	0.0138576	0.0684661	0.333321
392	0.0100157	0.0242553	0.083889	0	0.0106742	0.069564	0.275095
393	0.0100157	0.0243281	0.083889	0	0.0106742	0.0679955	0.272224
394	0.0100157	0.0247503	0.0825373	0	0.0105271	0.0698954	0.275095
395	0.0100157	0.0247471	0.0812791	0	0.0100687	0.0671849	0.252987
396	0.0100157	0.0246329	0.0783118	0	0.0101979	0.063431	0.226607
397	0.0100613	0.0247808	0.0808652	0	0.0100687	0.0617568	0.215151
398	0.0100613	0.0245061	0.0778241	0	0.0101979	0.0608599	0.215151
399	0.0100157	0.0246363	0.0791553	0	0.0101979	0.0592455	0.213975
400	0.0100613	0.024865	0.0812791	0	0.0101979	0.0591556	0.215151
401	0.0100157	0.0249557	0.0812791	0	0.0105271	0.0584723	0.218247
402	0.0100157	0.0248688	0.0812791	0	0.0101979	0.0583774	0.210716
403	0.0100157	0.025094	0.0812791	0	0.0111213	0.0566433	0.213975
404	0.0100613	0.0251327	0.0809866	0	0.0100687	0.0559272	0.190678
405	0.0100613	0.0254373	0.0809866	0	0.0100687	0.0553486	0.187655
406	0.0100613	0.0255847	0.0809866	0	0.0101979	0.0544104	0.183634
407	0.0100613	0.026096	0.0893896	0	0.0100687	0.0543686	0.183634
408	0.0100157	0.0269241	0.109522	0	0.0101979	0.0547245	0.183634
409	0.0100157	0.0270461	0.107798	0	0.0100687	0.0546954	0.181259
410	0.0100157	0.0271852	0.109522	0	0.0101979	0.0555648	0.183634
411	0.0100651	0.0265541	0.0949786	0	0.0104627	0.0536606	0.183634
412	0.0100157	0.026674	0.0949786	0	0.0104627	0.0539141	0.183634
413	0.0100613	0.0267494	0.0960156	0	0.0111213	0.0570487	0.210716
414	0.0100613	0.0268623	0.0960156	0	0.0100687	0.0578202	0.209936
415	0.0100157	0.0267264	0.0949786	0	0.0102451	0.0588015	0.209936
416	0.0100157	0.0270032	0.107798	0	0.0100687	0.058494	0.209936
417	0.0100157	0.0272521	0.113445	0	0.0100687	0.0610149	0.232362
418	0.0100613	0.0273599	0.115989	0	0.0103675	0.0625327	0.232362
419	0.0100613	0.0270126	0.113352	0	0.0111213	0.0635313	0.232362
420	0.0100613	0.0270848	0.124328	0	0.0111213	0.0640819	0.232362
421	0.0100613	0.0259435	0.0908113	0	0.0109169	0.0641105	0.232362
422	0.0100613	0.0258418	0.0904997	0	0.0112243	0.0636926	0.234349
423	0.0100613	0.0261159	0.0923826	0	0.0111213	0.0639787	0.232362
424	0.010005	0.026186	0.0908113	0	0.0109417	0.0646425	0.218247
425	0.010005	0.0263772	0.0923826	0	0.0109417	0.0655906	0.22569
426	0.010005	0.0265119	0.0943096	0	0.0109417	0.0657555	0.22569
427	0.010005	0.0266247	0.0949786	0	0.0111213	0.0667673	0.22569
428	0.010005	0.0265768	0.100149	0	0.0100687	0.0676222	0.21557
429	0.010005	0.0265104	0.100149	0	0.0109417	0.0691147	0.22569
430	0.010005	0.0263429	0.0943096	0	0.0111213	0.0704565	0.239036
431	0.010005	0.0261735	0.0923826	0	0.0114121	0.0748672	0.275095
432	0.010005	0.0256944	0.0908113	0	0.0111213	0.0777188	0.272224
433	0.010005	0.0259957	0.0959327	0	0.0111213	0.0795522	0.277573
434	0.010005	0.026965	0.105375	0.00149925	0.0112243	0.0827733	0.304696
435	0.010005	0.026783	0.105738	0	0.0182677	0.0862398	0.482838
436	0.010005	0.0272161	0.115989	0	0.012486	0.0905454	0.372445
437	0.010005	0.0278025	0.118863	0	0.0142988	0.0970344	0.482838
438	0.010005	0.0285513	0.126873	0	0.0217309	0.101307	0.675213
439	0.0100613	0.0287891	0.135019	0	0.0217309	0.0994375	0.675213
440	0.010005	0.0293401	0.135019	0	0.0169921	0.0938082	0.50437
441	0.0100613	0.0294124	0.135019	0	0.0146201	0.0920984	0.50437
442	0.010005	0.0309007	0.15968	0	0.0169921	0.089795	0.50437
443	0.010005	0.0314295	0.15968	0	0.0182677	0.0904746	0.552134
444	0.010005	0.0319435	0.165124	0	0.0182677	0.0906488	0.552134
445	0.0100613	0.0333019	0.194767	0.0029985	0.0182677	0.0905748	0.552134
446	0.010005	0.0345119	0.203789	0.00449775	0.0194272	0.090882	0.566888
447	0.010005	0.0348469	0.198929	0.00149925	0.0182677	0.0921777	0.50437
448	0.010005	0.0353402	0.215028	0.00149925	0.0165923	0.0907717	0.552134
449	0.010005	0.035884	0.198929	0.00149925	0.0102817	0.0871981	0.352747
450	0.010005	0.0371972	0.224082	0.00149925	0.0102817	0.0851853	0.352747
451	0.010005	0.038262	0.215028	0.00149925	0.0102817	0.0831255	0.352747
452	0.010005	0.0395513	0.235039	0.00149925	0.0103133	0.0831508	0.352747
453	0.0100651	0.043017	0.264477	0.00149925	0.010857	0.0817456	0.352747
454	0.010005	0.0459066	0.282682	0.00449775	0.0115999	0.0790476	0.284781
455	0.0100651	0.0507492	0.345581	0.0134933	0.0115999	0.0779262	0.279918
456	0.0102143	0.054177	0.416063	0.0224888	0.0115999	0.0780128	0.2779
457	0.0100944	0.0512663	0.345581	0.017991	0.0115999	0.0806943	0.343659
458	0.0100944	0.0456045	0.249721	0.00449775	0.0115999	0.0782857	0.284781
459	0.0100944	0.0423448	0.202438	0.00149925	0.011877	0.0801922	0.338322
460	0.0100944	0.0394581	0.158624	0	0.011877	0.0782342	0.343659
461	0.0100944	0.0393554	0.164921	0.00149925	0.0113188	0.0736513	0.279918
462	0.010307	0.0380265	0.158624	0.00149925	0.0113188	0.0709587	0.266674
463	0.010307	0.0377478	0.156782	0	0.0113188	0.0715108	0.266674
464	0.010307	0.0380342	0.15752	0	0.0113188	0.0722056	0.266674
465	0.010307	0.0379094	0.156782	0	0.0113188	0.0712663	0.257266
466	0.0102265	0.0377305	0.142555	0	0.0113188	0.0718849	0.257266
467	0.0102265	0.0380863	0.142555	0	0.0113188	0.0732471	0.266674
468	0.0102265	0.0381715	0.151054	0	0.0113188	0.0724824	0.257266
469	0.010307	0.0382655	0.156782	0	0.0113188	0.0724414	0.253193
470	0.0102265	0.0382263	0.151365	0	0.0113188	0.0736024	0.253522
471	0.010307	0.0382268	0.156782	0	0.0113188	0.074316	0.266674
472	0.0107137	0.038066	0.164921	0	0.0113188	0.0738344	0.266674
473	0.0102265	0.0389547	0.164921	0	0.0113188	0.0751862	0.2779
474	0.010307	0.0399101	0.168337	0	0.0109244	0.0768788	0.279918
475	0.010307	0.0397245	0.168337	0	0.0113188	0.0799892	0.334186
476	0.0101825	0.0395309	0.164899	0	0.0106297	0.079648	0.322166
477	0.0102265	0.0399004	0.164899	0	0.0104141	0.0788771	0.279918
478	0.0106163	0.0398639	0.168962	0	0.0104141	0.0787734	0.279918
479	0.0106163	0.039997	0.168962	0	0.0104141	0.079649	0.279918
480	0.0106163	0.0401871	0.168962	0	0.0104141	0.0810279	0.279918
481	0.0106163	0.039904	0.168962	0	0.0106297	0.0809014	0.279918
482	0.0102265	0.0396549	0.164899	0	0.0112421	0.0803955	0.279918
483	0.0102265	0.0394414	0.164899	0	0.0108982	0.0811807	0.269459
484	0.0101825	0.0403297	0.164899	0	0.0108982	0.0808035	0.269459
485	0.0101825	0.0404334	0.164899	0	0.0108982	0.0812861	0.269459
486	0.0108961	0.0418649	0.178384	0	0.0108982	0.0836859	0.269459
487	0.0106163	0.0422521	0.178384	0	0.0108982	0.0840501	0.269459
488	0.010307	0.0426666	0.178216	0	0.0108982	0.084623	0.2779
489	0.010307	0.0427505	0.178384	0	0.0108982	0.0862927	0.279918
490	0.0100336	0.0433745	0.178216	0	0.0108982	0.0866595	0.291468
491	0.0101825	0.0440405	0.188541	0	0.0108982	0.0905963	0.312165
492	0.0100336	0.0442345	0.178216	0	0.0120317	0.0932535	0.341951
493	0.0100336	0.04491	0.188541	0.00149925	0.0108982	0.0922914	0.291468
494	0.011049	0.0450263	0.203675	0	0.0158299	0.0893852	0.393659
495	0.0113947	0.0461242	0.203675	0	0.0158299	0.0882468	0.393659
496	0.0113947	0.047136	0.201915	0	0.016387	0.091745	0.341951
497	0.0108961	0.048428	0.203675	0	0.0173351	0.094991	0.341951
498	0.0113947	0.051621	0.238911	0	0.0163363	0.0949165	0.341951
499	0.011049	0.0529051	0.242762	0	0.0179692	0.0964091	0.375411
500	0.0108961	0.0540858	0.242762	0	0.0179692	0.0987319	0.393659
501	0.0112488	0.0561361	0.279355	0	0.0181643	0.0986441	0.393659
502	0.0108961	0.0579362	0.31062	0	0.0179692	0.100565	0.393659
503	0.0113934	0.0639542	0.35188	0	0.0179692	0.10346	0.456652
504	0.0113934	0.0750389	0.442686	0.00149925	0.0174516	0.104278	0.456652
505	0.0130426	0.0895074	0.583813	0.005997	0.0163363	0.105449	0.456652
506	0.0172515	0.106318	0.799138	0.011994	0.0163363	0.109956	0.515686
507	0.016843	0.103506	0.785683	0.0134933	0.0174516	0.116064	0.705053
508	0.0170341	0.104189	0.785683	0.0134933	0.027617	0.121297	1.47353
509	0.0170341	0.104742	0.785683	0.0149925	0.0273827	0.120225	1.37929
510	0.0170106	0.105478	0.785683	0.0149925	0.0174516	0.122664	0.758425
511	0.0157938	0.0925959	0.780231	0.0134933	0.0130768	0.116824	0.515105
512	0.0109453	0.0851628	0.494627	0.00749625	0.0132897	0.118988	0.54877
513	0.0109453	0.0801866	0.481415	0.0089955	0.0348476	0.12193	1.24171
514	0.0109453	0.0774529	0.481415	0.0089955	0.0187074	0.116571	0.685077
515	0.0109453	0.0714682	0.42548	0.011994	0.0245235	0.113996	0.684263
516	0.0109453	0.0664063	0.36949	0.011994	0.0245235	0.112847	0.603658
517	0.0109453	0.0645265	0.34745	0.0089955	0.0228351	0.106387	0.54877
518	0.010276	0.0604393	0.284197	0.00149925	0.0245235	0.100193	0.403074
519	0.0107253	0.0601202	0.284197	0	0.0245235	0.0992104	0.389604
520	0.0109453	0.060173	0.295871	0	0.0245235	0.0989753	0.387887
521	0.0105341	0.0598898	0.284197	0	0.0228298	0.0968288	0.345853
522	0.010276	0.0598987	0.284197	0.0029985	0.0240719	0.0956339	0.346478
523	0.0101245	0.0595023	0.304007	0.00149925	0.0240719	0.0949346	0.346478
524	0.0101245	0.0635792	0.372158	0.0089955	0.0240719	0.095049	0.346478
525	0.0109453	0.0647392	0.394661	0.00749625	0.0228298	0.0944624	0.345853
526	0.0101245	0.0734712	0.58804	0.0329835	0.0187074	0.0937368	0.300782
527	0.0101585	0.0599661	0.372158	0.0089955	0.0245235	0.0946958	0.389604
528	0.0101245	0.0561213	0.354649	0.0029985	0.0187074	0.0930728	0.305856
529	0.0101245	0.0527685	0.269429	0.00149925	0.0184999	0.0907026	0.305856
530	0.0100014	0.0498327	0.228654	0	0.0184999	0.0909764	0.300782
531	0.0100014	0.0475705	0.219876	0	0.0184999	0.0908318	0.296218
532	0.0100014	0.0457051	0.219876	0	0.0184999	0.0906646	0.31385
533	0.0100014	0.0441155	0.205372	0	0.0187074	0.0923117	0.346478
534	0.0100014	0.042754	0.203675	0	0.0184999	0.0903075	0.331599
535	0.0100014	0.0422846	0.203675	0.00149925	0.0187074	0.0898223	0.346478
536	0.0100014	0.0422403	0.203675	0.00449775	0.0199209	0.0923625	0.346478
537	0.0100014	0.042768	0.205372	0.00449775	0.0199209	0.0922036	0.340261
538	0.0100014	0.0409265	0.189266	0	0.0199209	0.0922943	0.331599
539	0.0100014	0.0405657	0.190924	0	0.0199209	0.0922391	0.331599
540	0.0100014	0.0394513	0.185508	0	0.0199209	0.0930062	0.346478
541	0.0100014	0.0381733	0.190924	0	0.0190609	0.0946571	0.345853
542	0.0100014	0.0377618	0.185508	0	0.0171874	0.0964467	0.346478
543	0.0100014	0.0371599	0.184928	0	0.0152462	0.098569	0.345853
544	0.0100014	0.0358712	0.173608	0	0.0152462	0.0998858	0.366954
545	0.0100014	0.0349711	0.161789	0	0.0190609	0.107414	0.549528
546	0.0100014	0.0345067	0.151941	0	0.0190609	0.103425	0.488171
547	0.0100014	0.0340206	0.151879	0	0.024135	0.106873	0.593377
548	0.0100014	0.0335171	0.153428	0	0.0245235	0.108084	0.593377
549	0.0100014	0.0335932	0.153428	0	0.0230217	0.106542	0.593377
550	0.0100014	0.0336729	0.151879	0	0.0152462	0.108491	0.471369
551	0.0101245	0.0334376	0.146944	0	0.0152462	0.107683	0.488171
552	0.0100014	0.0329284	0.14362	0	0.0152462	0.107396	0.492211
553	0.0101245	0.0329194	0.146944	0	0.0150567	0.10346	0.593377
554	0.0101346	0.0332125	0.146944	0	0.0152462	0.100695	0.593377
555	0.0101245	0.0326461	0.14362	0	0.0104251	0.103321	0.492211
556	0.0101245	0.0322525	0.13871	0	0.0104251	0.0991226	0.456022
557	0.0101245	0.0321608	0.137863	0	0.0104251	0.0879613	0.389604
558	0.0101245	0.0320152	0.13871	0	0.0115039	0.0845562	0.402825
559	0.0101245	0.0320609	0.13871	0	0.0120643	0.0805248	0.392512
560	0.0101245	0.0321763	0.13871	0	0.0122068	0.0776965	0.392512
561	0.0101273	0.0319162	0.137863	0	0.0115039	0.0726227	0.366066
562	0.0101245	0.0316108	0.137481	0	0.0107497	0.0692126	0.261969
563	0.0101245	0.0311366	0.136209	0	0.0115039	0.0669936	0.261969
564	0.0101245	0.0311402	0.136209	0	0.0117038	0.0655259	0.26523
565	0.0101245	0.0305943	0.126955	0	0.0115039	0.0637706	0.243486
566	0.0101245	0.0304855	0.128926	0	0.0115039	0.060954	0.224759
567	0.0101245	0.0305348	0.128926	0	0.0113633	0.0571918	0.188946
568	0.0101245	0.0306532	0.126955	0	0.0113633	0.0573827	0.194062
569	0.0100222	0.0306916	0.126955	0	0.0115039	0.0573576	0.188946
570	0.0101245	0.0304879	0.126571	0	0.0109988	0.0571097	0.174073
571	0.0100222	0.0302693	0.12388	0	0.0115492	0.0564766	0.174073
572	0.0101245	0.0303275	0.126571	0	0.0115492	0.0565107	0.174073
573	0.0100222	0.0304555	0.126571	0	0.0113633	0.0568069	0.17731
574	0.0100222	0.0304341	0.12388	0	0.0117038	0.0563593	0.17731
575	0.0100222	0.0303415	0.124657	0	0.0109988	0.0560606	0.174073
576	0.0100222	0.0305607	0.126571	0	0.0101565	0.0555304	0.158296
577	0.0100222	0.0307271	0.126571	0	0.0120795	0.0571349	0.204532
578	0.0101245	0.030857	0.129227	0	0.0101323	0.0585343	0.17731
579	0.0101245	0.0308002	0.129227	0	0.0110466	0.060165	0.194196
580	0.0105389	0.0314198	0.137863	0	0.0115558	0.0622094	0.194196
581	0.0101273	0.0317312	0.136395	0	0.0120795	0.0614991	0.194196
582	0.0105389	0.0321549	0.137863	0	0.011965	0.060877	0.178683
583	0.0101273	0.0324588	0.136395	0	0.011965	0.0610398	0.17746
584	0.0101273	0.0329398	0.136395	0	0.011965	0.0618421	0.178683
585	0.0100222	0.0330196	0.136395	0	0.0115492	0.0624038	0.178683
586	0.0100222	0.0333012	0.141376	0	0.0115492	0.065458	0.194196
587	0.0100222	0.0334989	0.136395	0	0.0110466	0.0677995	0.218371
588	0.0100448	0.0335006	0.137863	0	0.0110466	0.0688174	0.244654
589	0.0100448	0.034193	0.149106	0	0.0110466	0.0701032	0.24665
590	0.0100222	0.0348024	0.151879	0	0.011965	0.07313	0.305546
591	0.0101273	0.0350918	0.165497	0	0.0110466	0.0731413	0.287706
592	0.0105389	0.0356315	0.17831	0	0.0120502	0.0731115	0.33744
593	0.0105389	0.0363071	0.180817	0	0.0120795	0.074285	0.319071
594	0.0108681	0.0374351	0.19355	0	0.0120502	0.0762805	0.33744
595	0.0105389	0.0389322	0.198692	0	0.0120502	0.075832	0.319071
596	0.0106373	0.0397943	0.213596	0	0.0107974	0.0732893	0.292252
597	0.0106449	0.0401743	0.213596	0	0.0120502	0.0712776	0.314987
598	0.0105389	0.0405155	0.213596	0	0.0109832	0.070706	0.292252
599	0.0106373	0.0403727	0.22247	0	0.0107974	0.0687173	0.287807
600	0.0106449	0.0406305	0.237607	0.0029985	0.0109832	0.0689951	0.296148
601	0.0100222	0.0433173	0.263706	0.0134933	0.0120321	0.0676293	0.314987
602	0.0100222	0.0487704	0.417894	0.0284858	0.0110466	0.0665672	0.287807
603	0.0100222	0.0551795	0.714701	0.0404798	0.0109832	0.0650212	0.272196
604	0.0101273	0.0450307	0.345152	0.0104948	0.0117992	0.062398	0.272196
605	0.0101273	0.038933	0.237607	0	0.0120502	0.0611776	0.267566
606	0.0100222	0.0376446	0.226556	0	0.0126475	0.0597056	0.287807
607	0.0100222	0.0360559	0.204208	0	0.0124938	0.0602361	0.301462
608	0.0100222	0.0351704	0.180817	0	0.0108014	0.0581384	0.272196
609	0.0102834	0.0340622	0.180588	0.00149925	0.0103854	0.0583506	0.267566
610	0.0102834	0.0328911	0.173801	0	0.0103854	0.0585387	0.272196
611	0.0101273	0.0317488	0.170333	0	0.0108014	0.0576864	0.267566
612	0.010294	0.0317572	0.173801	0	0.0108092	0.057237	0.267566
613	0.0101273	0.0316832	0.170333	0	0.0103854	0.0565948	0.233468
614	0.0100332	0.031192	0.158625	0	0.0104333	0.0552773	0.204934
615	0.0100332	0.0305536	0.134877	0	0.0104333	0.0546259	0.204934
616	0.0101123	0.0301222	0.12726	0	0.0104333	0.0536365	0.218269
617	0.0101123	0.0296132	0.12726	0	0.0103854	0.0534021	0.197755
618	0.0100332	0.0291588	0.120024	0	0.0103854	0.0534041	0.241722
619	0.0100332	0.028936	0.119011	0	0.0109832	0.0529328	0.267566
620	0.0100332	0.0284643	0.114238	0	0.0108092	0.0533102	0.267566
621	0.0101123	0.0281739	0.113331	0	0.0108092	0.0532673	0.267566
622	0.0100895	0.0283531	0.113575	0.0029985	0.01008	0.0510887	0.208433
623	0.0100895	0.0283447	0.114238	0.00749625	0.01008	0.0505738	0.229602
624	0.0100895	0.0273345	0.109626	0	0.0103854	0.0481057	0.197755
625	0.0100895	0.0269434	0.109153	0	0.0108092	0.0482311	0.197755
626	0.0101123	0.0268034	0.109153	0	0.01008	0.0460349	0.158272
627	0.0101123	0.0269893	0.113575	0	0.0103854	0.0456613	0.158272
628	0.0100332	0.0267559	0.109626	0	0.0108092	0.0450147	0.155695
629	0.0100332	0.0267949	0.109626	0	0.0108092	0.0441488	0.163535
630	0.0100895	0.0268304	0.113873	0	0.0103854	0.0431245	0.144469
631	0.0100332	0.0272874	0.126795	0	0.01008	0.0430887	0.144469
632	0.0100332	0.0265656	0.113873	0	0.01007	0.0438031	0.154446
633	0.0100895	0.0261178	0.109626	0	0.01007	0.0459676	0.187343
634	0.0100895	0.0258918	0.109153	0	0.0103854	0.0438389	0.158272
635	0.0101123	0.025754	0.109153	0	0.01007	0.0443992	0.158272
636	0.0100332	0.0251305	0.0971345	0	0.01007	0.0479747	0.262486
637	0.0100332	0.0252075	0.0971345	0	0.01007	0.0471865	0.262486
638	0.0100332	0.0249748	0.0952165	0	0.01008	0.0457087	0.194196
639	0.0100332	0.0248422	0.0911864	0	0.0102683	0.045823	0.194196
640	0.0100332	0.0252391	0.0911864	0	0.01007	0.046528	0.193982
641	0.0100332	0.0256062	0.0949369	0	0.01007	0.0480802	0.238955
642	0.0100895	0.0260763	0.109626	0	0.01007	0.047983	0.226264
643	0.0100895	0.0266456	0.119148	0	0.01008	0.0498479	0.248474
644	0.0100332	0.0267189	0.113575	0	0.01008	0.0507067	0.249104
645	0.0100332	0.0261589	0.101299	0	0.01008	0.053174	0.370574
646	0.0100895	0.0255442	0.0972427	0	0.01008	0.0544189	0.330269
647	0.0100032	0.0249267	0.0885515	0	0.01008	0.0552877	0.330269
648	0.0100032	0.0244363	0.0814413	0	0.01008	0.0569282	0.380039
649	0.0100032	0.0243486	0.0814413	0	0.01008	0.0593717	0.435962
650	0.0100032	0.0243125	0.0814413	0	0.01008	0.0605505	0.479158
651	0.0100332	0.0242603	0.0814413	0	0.01008	0.0615444	0.479158
652	0.0100032	0.0241972	0.0809056	0	0.010275	0.0585093	0.435962
653	0.0100032	0.0242042	0.0809056	0	0.01008	0.0613524	0.506741
654	0.0100032	0.0247234	0.0868148	0.00449775	0.01008	0.0646942	0.640692
655	0.0100032	0.0243068	0.0868148	0	0.01008	0.0664212	0.640692
656	0.0100332	0.0244625	0.0895831	0	0.0102683	0.0765253	0.917157
657	0.0100032	0.0245018	0.0885515	0	0.0102683	0.0765752	0.913813
658	0.0100032	0.0244887	0.0885515	0	0.010275	0.0795324	2.63372
659	0.0100032	0.0243274	0.0832032	0	0.0102683	0.0819132	4.81309
660	0.0100032	0.0240669	0.0830802	0	0.0105351	0.0838685	7.03798
661	0.0100032	0.024094	0.0830802	0	0.0102683	0.0835117	5.58655
662	0.0100032	0.0238036	0.0814413	0	0.0100592	0.0795432	2.27874
663	0.0101333	0.0240445	0.0835572	0	0.0100592	0.0780977	1.83392
664	0.0101333	0.023989	0.0835572	0	0.0100592	0.0752229	3.19494
665	0.0100032	0.0243072	0.0832032	0	0.0100592	0.0667667	0.567982
666	0.0100332	0.0246587	0.0895831	0	0.0100592	0.0546868	0.291903
667	0.0100032	0.024845	0.0895831	0	0.0100592	0.0500527	0.232791
668	0.0100677	0.0250283	0.0972427	0	0.0106153	0.0478301	0.223088
669	0.0100032	0.0250244	0.0934654	0	0.0105351	0.0471042	0.223397
670	0.0100032	0.0249499	0.0895831	0	0.0105351	0.0467668	0.223397
671	0.0101424	0.0247203	0.0895831	0	0.0105351	0.0468435	0.223088
672	0.0101333	0.0245371	0.0835572	0	0.0105351	0.0477655	0.223088
673	0.0101333	0.0245489	0.0835572	0	0.0105351	0.0476753	0.223088
674	0.0101333	0.0246332	0.0835572	0	0.0106153	0.0472731	0.223397
675	0.0101333	0.0244099	0.0832032	0	0.0105351	0.0472578	0.223397
676	0.0101333	0.0244609	0.0835572	0	0.0105351	0.0467467	0.223033
677	0.0100032	0.0245861	0.0835572	0	0.0105351	0.046962	0.223397
678	0.0100032	0.0251705	0.096396	0	0.0101489	0.0505801	0.2853
679	0.0100032	0.0247296	0.0835572	0	0.0101489	0.051462	0.2853
680	0.0100032	0.024756	0.0917614	0	0.0101489	0.0490167	0.260484
681	0.0100032	0.0245268	0.0883537	0	0.0101489	0.0505508	0.2853
682	0.0100032	0.0241818	0.0804025	0	0.0100592	0.0528977	0.332734
683	0.0100032	0.0242426	0.0804025	0	0.0101489	0.0632492	1.01701
684	0.0100032	0.0245426	0.0836064	0	0.0100592	0.0764722	9.80374
685	0.0100032	0.0246579	0.0883537	0	0.0100592	0.073086	6.65263
686	0.0100032	0.0249607	0.0884013	0	0.0100592	0.0679024	1.15158
687	0.0100032	0.0253345	0.0900782	0	0.0100592	0.0582134	0.567982
688	0.0100032	0.0254088	0.0917614	0	0.0100592	0.0597106	0.647975
689	0.0100032	0.0256336	0.0971345	0	0.0100592	0.0611898	0.775349
690	0.0100032	0.0257784	0.0971345	0	0.0104128	0.0616204	0.955942
691	0.0100032	0.0258874	0.0984584	0	0.0103346	0.0661142	1.18556
692	0.0100032	0.0252532	0.0917614	0	0.0100592	0.0704392	1.55406
693	0.0100032	0.0251769	0.0900782	0	0.0103346	0.073385	1.55406
694	0.0100032	0.0250075	0.0804025	0	0.0101196	0.073598	1.52354
695	0.0100032	0.0251781	0.0836064	0	0.0101196	0.0737153	1.1975
696	0.0100032	0.0254481	0.0836064	0	0.0103346	0.0678452	0.955942
697	0.0100032	0.0256529	0.0934654	0	0.0101196	0.064714	0.79673
698	0.0100032	0.0260985	0.0984584	0	0.0104744	0.0675386	0.875029
699	0.0101333	0.0266963	0.10146	0	0.0101196	0.0757046	1.64593
700	0.0100032	0.0273957	0.102062	0	0.0101196	0.0758391	1.36745
701	0.0100032	0.0276369	0.106991	0	0.0104744	0.0796769	1.99897
702	0.0100032	0.0279395	0.10923	0	0.0101196	0.0972588	4.29061
703	0.0102136	0.0282735	0.126341	0	0.0101196	0.124348	9.5689
704	0.0102136	0.0282077	0.126341	0	0.0101196	0.164878	21.1377
705	0.0100032	0.0281373	0.120975	0	0.0101196	0.205978	30.1059
706	0.0100032	0.0282578	0.120975	0	0.0101196	0.240345	43.7343
707	0.0100032	0.0284341	0.120975	0	0.0101196	0.307155	47.0766
708	0.0101479	0.0284152	0.126341	0	0.0104744	0.326441	47.0766
709	0.0101472	0.0288569	0.126341	0	0.0104744	0.343797	47.0766
710	0.010067	0.0296198	0.128009	0	0.0104744	0.350205	43.7343
711	0.0100032	0.0309845	0.150852	0	0.0105389	0.343638	47.0766
712	0.0100032	0.0323998	0.205503	0	0.0105389	0.392312	47.0766
713	0.0100032	0.0334956	0.228714	0	0.010603	0.464548	43.7343
714	0.0100032	0.0357911	0.274919	0.00449775	0.0104744	0.497618	43.7343
715	0.0100032	0.0360603	0.273073	0.00449775
