		omega		Posterior		rho				Synonymous theta			kappa			phi	
Site	Lower	Point	Higher	prob of +ve	Lower	Point	Higher		Lower	Point	Higher	Lower	Point	Higher	Lower	Point	Higher
	95% HPD	estimate	95% HPD	selection	95% HPD	estimate	95% HPD		95% HPD	estimate	95% HPD	95% HPD	estimate	95% HPD	95% HPD	estimate	95% HPD
0	0.0101905	0.0523375	0.334501	0.0104948	0.0166715	1.03392	96.2645		0.0294894	0.041795	0.0594459	2.09251	4.02564	8.92574	3.9015	20.0645	97.0375
1	0.0101905	0.051512	0.334501	0.00449775	0.0151219	1.0439	89.9087
2	0.0100587	0.0515431	0.337415	0.00749625	0.0153273	1.00298	95.3442
3	0.0101905	0.0506069	0.309413	0.005997	0.0151219	0.997157	95.3442
4	0.0102032	0.0489459	0.301091	0.0029985	0.0151219	0.950665	95.188
5	0.0101905	0.0488989	0.302469	0.0029985	0.0139208	0.822629	85.6071
6	0.0101905	0.0489774	0.302469	0.00449775	0.0134325	0.805237	85.6071
7	0.0101905	0.0479826	0.299912	0.00449775	0.013269	0.718179	85.7422
8	0.0101905	0.0465838	0.275352	0.00449775	0.0130742	0.55277	85.7422
9	0.0100587	0.0466212	0.254163	0.0029985	0.0100524	0.455436	64.0715
10	0.0101905	0.0459981	0.234876	0.00149925	0.0100524	0.399041	51.2248
11	0.0101905	0.0456591	0.233054	0	0.0102495	0.400549	51.2248
12	0.0101905	0.0467423	0.233604	0	0.0106024	0.404867	51.2248
13	0.0100587	0.0469925	0.236039	0	0.0102495	0.367844	45.1776
14	0.0101905	0.0469253	0.236039	0	0.0106024	0.382567	45.1776
15	0.0101905	0.0466664	0.234876	0	0.0100524	0.413695	41.2848
16	0.0100587	0.0462784	0.242933	0.00149925	0.0110134	0.419818	45.1776
17	0.0101905	0.0460466	0.248353	0.00149925	0.0110134	0.42252	45.1776
18	0.0100587	0.04597	0.233054	0.00149925	0.0110134	0.399408	45.1776
19	0.0100587	0.0458089	0.233054	0	0.0115082	0.350739	45.1776
20	0.0100587	0.0469892	0.254163	0.0029985	0.0107971	0.335677	45.1776
21	0.0101905	0.0481941	0.270052	0.0029985	0.0110134	0.314749	45.1776
22	0.0101905	0.0484867	0.270052	0.0029985	0.0107872	0.325926	45.1776
23	0.0101905	0.0489186	0.278772	0.005997	0.0107872	0.337668	45.1776
24	0.0100587	0.0474766	0.254998	0.0029985	0.0106278	0.327805	43.5941
25	0.0101905	0.0480472	0.254998	0.00449775	0.0106194	0.330524	42.5408
26	0.0100587	0.0473728	0.248353	0.00149925	0.0106194	0.371717	45.1628
27	0.0100587	0.048681	0.261917	0.00149925	0.0102495	0.383178	42.0513
28	0.0101905	0.0486505	0.254163	0.00149925	0.0106278	0.421986	43.5941
29	0.0102032	0.0498946	0.270052	0.0029985	0.0110134	0.385998	45.1628
30	0.0102032	0.0514891	0.278772	0.0029985	0.0100524	0.365255	39.2384
31	0.0109716	0.0544301	0.3083	0.0029985	0.0106278	0.331707	35.9224
32	0.0108373	0.0564009	0.325482	0.00449775	0.0106278	0.339103	35.9224
33	0.0108373	0.0585128	0.319019	0.0029985	0.0100524	0.325956	28.032
34	0.0105182	0.0607527	0.339241	0.0029985	0.0100524	0.338582	23.1872
35	0.0109918	0.0636511	0.369639	0.00149925	0.0100524	0.360172	28.032
36	0.0109716	0.0660764	0.407468	0.00449775	0.0100486	0.374993	33.2325
37	0.0108373	0.0703404	0.411606	0.00749625	0.0100486	0.392868	35.9224
38	0.0108373	0.0805959	0.647269	0.0254873	0.0106278	0.396255	41.1802
39	0.0109918	0.108029	2.39549	0.077961	0.0102495	0.412346	40.7407
40	0.0104855	0.083519	0.803945	0.035982	0.0100486	0.423896	40.7407
41	0.0103965	0.0752611	0.548279	0.0194903	0.0100486	0.470804	41.1802
42	0.0103833	0.0679572	0.448589	0.0089955	0.0102495	0.500402	43.5941
43	0.0103833	0.0656801	0.397903	0.00749625	0.0100486	0.498394	43.4517
44	0.0103833	0.063835	0.366432	0.00749625	0.0110134	0.52434	45.7516
45	0.0103833	0.0620465	0.335601	0.005997	0.0111197	0.498713	45.7516
46	0.0103833	0.060779	0.332523	0.00449775	0.0111197	0.526438	42.5408
47	0.0103833	0.0605851	0.332523	0.005997	0.0111197	0.541805	43.4336
48	0.0103833	0.0595871	0.335601	0.00449775	0.0111197	0.577299	45.7516
49	0.0108189	0.0580672	0.335601	0	0.0114351	0.577161	45.7516
50	0.0103833	0.0567604	0.302931	0	0.0111541	0.627684	48.9296
51	0.0103833	0.0563689	0.29629	0.00149925	0.0114351	0.607324	45.7516
52	0.0103046	0.0555962	0.29629	0.00149925	0.0113943	0.570226	45.7516
53	0.0103046	0.0541484	0.29629	0.00149925	0.0100486	0.590368	41.1802
54	0.0102677	0.0523654	0.274433	0	0.0201493	0.642689	82.1739
55	0.0102677	0.0516161	0.261917	0	0.0205199	0.655137	82.1739
56	0.0102677	0.0516056	0.294314	0	0.0224667	0.665936	85.9908
57	0.0103046	0.0513068	0.29629	0.00149925	0.025083	0.700314	84.586
58	0.0103046	0.0511257	0.29629	0.0029985	0.0283531	0.737253	84.586
59	0.0102677	0.0497943	0.261917	0.0029985	0.0287024	0.85405	85.9908
60	0.0102677	0.0494869	0.261917	0.00149925	0.0266107	0.875456	84.586
61	0.0102677	0.0475834	0.223911	0.00149925	0.025083	0.935847	84.586
62	0.0102677	0.0476341	0.219152	0.00149925	0.0230962	0.860015	84.586
63	0.010253	0.0468537	0.210252	0	0.0207183	0.771261	84.586
64	0.0102677	0.046802	0.216629	0.00149925	0.0117963	0.651541	43.4016
65	0.0102677	0.0461939	0.210252	0	0.0117963	0.593349	42.5408
66	0.0102677	0.0463523	0.210252	0	0.0117963	0.500129	29.3672
67	0.0102677	0.0456555	0.204017	0	0.0113939	0.448351	28.8564
68	0.0101119	0.0456538	0.204017	0	0.0111736	0.399957	29.3672
69	0.0102677	0.0457324	0.204017	0.00149925	0.0105884	0.390465	25.6699
70	0.0102677	0.0466147	0.219152	0	0.0101908	0.379075	25.6699
71	0.0102677	0.0471181	0.220617	0	0.0105884	0.402066	25.6699
72	0.0102677	0.0476357	0.220617	0	0.0111736	0.448107	28.8564
73	0.0102677	0.0509085	0.229608	0.0089955	0.0111736	0.522675	28.8564
74	0.0102677	0.0481695	0.220617	0	0.0111736	0.555523	28.8564
75	0.0102677	0.0485547	0.223911	0.0029985	0.0105884	0.596328	35.3065
76	0.0107915	0.0494399	0.231332	0.0029985	0.0108877	0.569293	35.3065
77	0.0103623	0.0500298	0.225938	0.00149925	0.0107934	0.55415	35.3065
78	0.0103623	0.0502895	0.229103	0.00149925	0.0107934	0.541217	39.5169
79	0.0103623	0.0501098	0.229103	0.00149925	0.0105884	0.539906	36.0914
80	0.0102695	0.0510664	0.251021	0.00149925	0.0170121	0.584942	79.1216
81	0.0101119	0.0523339	0.262486	0.00149925	0.0169671	0.645152	79.6864
82	0.0101119	0.0542838	0.268355	0.0029985	0.0163648	0.690417	79.6864
83	0.0101119	0.0573494	0.307998	0.00449775	0.0160755	0.70337	79.6864
84	0.0101119	0.0634841	0.381586	0.00749625	0.0170121	0.710932	92.3361
85	0.0101119	0.0663817	0.465398	0.0149925	0.0163648	0.710731	92.3361
86	0.0108189	0.0706228	0.604695	0.0209895	0.0174329	0.721537	99.6489
87	0.0103064	0.0770151	0.800765	0.035982	0.0174329	0.734909	99.6489
88	0.0100248	0.0836171	0.953604	0.0494753	0.0180085	0.784493	99.6489
89	0.0105062	0.0956749	1.48332	0.0584708	0.0180085	0.781045	99.6489
90	0.0100248	0.0777114	0.769002	0.029985	0.0182305	0.772393	99.6489
91	0.0100248	0.0702873	0.569753	0.017991	0.0182305	0.756704	99.6489
92	0.0100248	0.0668682	0.521314	0.017991	0.0180085	0.759283	99.6489
93	0.0100248	0.0616228	0.485201	0.0134933	0.0174329	0.751181	99.6489
94	0.0100248	0.058746	0.431522	0.0104948	0.0160755	0.760524	99.6489
95	0.0100248	0.0560489	0.394494	0.0089955	0.0105681	0.715405	66.9571
96	0.0100849	0.0531278	0.346357	0.005997	0.0103696	0.711813	64.2953
97	0.0100849	0.0511509	0.300679	0.005997	0.0163648	0.728063	99.5076
98	0.0100248	0.0502742	0.287003	0.00449775	0.0163648	0.720153	99.5076
99	0.0100849	0.0497613	0.300679	0.00449775	0.0165735	0.722026	99.5076
100	0.0100849	0.048956	0.263353	0.00449775	0.0163901	0.696981	99.5076
101	0.0100849	0.0475172	0.247405	0.00449775	0.011906	0.660759	69.3289
102	0.0100849	0.0465854	0.247405	0.00449775	0.0121719	0.602182	66.464
103	0.0100372	0.0460288	0.247405	0.00449775	0.012766	0.578965	66.464
104	0.0100372	0.0448839	0.229103	0.00449775	0.0139285	0.535833	67.0392
105	0.0100372	0.044443	0.229103	0.00449775	0.0141622	0.507474	67.0392
106	0.0100372	0.0444281	0.208782	0.00449775	0.0140196	0.488012	66.464
107	0.0100849	0.0444138	0.212153	0.00449775	0.0137252	0.508396	67.0392
108	0.0100372	0.0441751	0.209861	0.00449775	0.0140196	0.458641	67.0392
109	0.0100372	0.0437284	0.196652	0.00449775	0.0122731	0.401368	63.0727
110	0.0100849	0.0440463	0.205015	0.00449775	0.0121719	0.344794	63.0727
111	0.0100372	0.0441997	0.196652	0.00449775	0.0104609	0.295551	49.2267
112	0.0100372	0.0438672	0.194618	0.00449775	0.0106232	0.299644	50.2035
113	0.0100835	0.0421313	0.18725	0.0029985	0.0104609	0.302769	50.5369
114	0.0100372	0.0419144	0.188114	0.0029985	0.0106232	0.267537	50.2035
115	0.0100372	0.041172	0.183958	0.0029985	0.0104609	0.215846	46.1913
116	0.0100835	0.0396959	0.176337	0	0.0102367	0.170249	42.2094
117	0.0100835	0.0389451	0.174107	0.00149925	0.0106232	0.150755	42.2094
118	0.0100835	0.0386391	0.170783	0.00149925	0.0106232	0.144176	38.7222
119	0.0100835	0.0380891	0.174107	0.00149925	0.0102367	0.137779	36.3631
120	0.0100372	0.0380352	0.175573	0.00449775	0.0106232	0.125952	27.6021
121	0.0100372	0.0383806	0.178179	0.005997	0.0106232	0.114212	13.8271
122	0.0100372	0.0380233	0.175573	0.00449775	0.0106232	0.104312	3.1255
123	0.0100372	0.0374084	0.175573	0.00149925	0.0104609	0.0932905	0.70785
124	0.0100835	0.0369662	0.178637	0	0.0106232	0.0902026	0.696342
125	0.0100372	0.0367541	0.173209	0	0.0106232	0.089865	0.689138
126	0.0100372	0.0362113	0.168503	0	0.0106232	0.0894824	0.696342
127	0.0100835	0.0362869	0.168503	0	0.0104609	0.0869352	0.596318
128	0.0100835	0.0361561	0.16802	0	0.0104609	0.0852987	0.511517
129	0.0100125	0.035573	0.160976	0	0.0104609	0.0876381	0.538365
130	0.0100125	0.0348169	0.147372	0	0.0104609	0.0949754	0.654393
131	0.0100125	0.0346341	0.146329	0.00149925	0.0107097	0.0943697	0.589797
132	0.0100125	0.0342973	0.142831	0.00149925	0.0118407	0.0975859	0.70785
133	0.0100125	0.0349572	0.157973	0.00449775	0.0141658	0.10252	0.83341
134	0.0100125	0.0350219	0.16205	0.005997	0.012162	0.104045	0.70785
135	0.0100125	0.0351955	0.167612	0.0104948	0.0115218	0.111729	0.70785
136	0.0100125	0.0346165	0.166563	0.00749625	0.0147777	0.119902	0.974903
137	0.0100125	0.0347713	0.167612	0.00449775	0.0172133	0.127803	1.20634
138	0.0100125	0.0347324	0.16802	0.00449775	0.0172133	0.130539	1.11706
139	0.0100125	0.0344595	0.16802	0.00449775	0.0172133	0.136092	1.0661
140	0.0100125	0.0341115	0.165321	0.00449775	0.0192453	0.14318	1.14004
141	0.0100125	0.0337271	0.16205	0.0029985	0.0172133	0.143261	0.9666
142	0.0100125	0.0334879	0.158436	0.00149925	0.012894	0.144138	0.757071
143	0.0100125	0.0337422	0.158436	0	0.012894	0.147769	0.767631
144	0.0100125	0.0340724	0.158436	0	0.012894	0.149605	0.765226
145	0.0100125	0.0342232	0.158436	0	0.0137078	0.154952	0.775355
146	0.0100125	0.0339311	0.154754	0	0.0170933	0.159399	1.11706
147	0.0100125	0.0344257	0.158436	0	0.0118407	0.162764	0.902736
148	0.0100125	0.0346513	0.16802	0	0.0121471	0.166315	0.945852
149	0.0100125	0.0342688	0.170783	0	0.0136112	0.170329	1.08528
150	0.0100125	0.0339299	0.170783	0	0.0136112	0.187503	1.14004
151	0.0100125	0.0339054	0.173209	0	0.0121471	0.206276	1.12729
152	0.0100125	0.0338593	0.170783	0	0.0320519	0.246742	2.82529
153	0.0100125	0.0338569	0.173209	0	0.0320819	0.267337	2.25795
154	0.0100125	0.0337855	0.173209	0	0.036467	0.261195	2.01471
155	0.0100125	0.0342555	0.175174	0.0029985	0.036467	0.252517	1.84049
156	0.0100125	0.0345281	0.175174	0.00149925	0.036467	0.245591	1.77488
157	0.0100125	0.0347749	0.17451	0.00149925	0.036467	0.244603	1.77488
158	0.0100125	0.0351339	0.175573	0.00149925	0.0207123	0.242368	1.1018
159	0.0100125	0.0357813	0.178179	0.00149925	0.0207123	0.245459	1.14004
160	0.0100125	0.0357366	0.178179	0.00149925	0.0207123	0.258413	2.01471
161	0.0100125	0.0360606	0.182182	0.00149925	0.0181508	0.268581	2.29782
162	0.0100125	0.035838	0.182182	0	0.0198903	0.275506	4.14947
163	0.0100125	0.0358316	0.178179	0	0.0198222	0.30737	6.03301
164	0.0100125	0.0368495	0.192732	0	0.0198222	0.340926	8.11469
165	0.0100125	0.0374478	0.190124	0	0.0198222	0.333944	8.14784
166	0.0100125	0.0379433	0.192732	0	0.0158935	0.284606	5.354
167	0.0100125	0.0373519	0.182182	0	0.0113457	0.23935	3.92632
168	0.0100849	0.0374832	0.182182	0	0.0113457	0.217063	2.79753
169	0.0100125	0.0377613	0.180957	0	0.0113457	0.196171	1.36983
170	0.0100125	0.0383628	0.187137	0	0.0104313	0.180746	1.20746
171	0.0100125	0.0386884	0.190124	0.00149925	0.0104313	0.177433	1.50356
172	0.0100125	0.0389285	0.190124	0.00149925	0.0104313	0.168738	1.63027
173	0.0100125	0.0398686	0.200872	0.0029985	0.0104313	0.16035	1.23068
174	0.0100125	0.0401898	0.200872	0.0029985	0.0113457	0.150465	1.14004
175	0.0100125	0.0396283	0.200872	0	0.0113457	0.141259	1.038
176	0.0100125	0.0399929	0.205731	0	0.0113457	0.133859	1.038
177	0.0100125	0.0397879	0.200872	0	0.0113457	0.129322	1.0453
178	0.0100125	0.0400328	0.192732	0	0.0113457	0.12151	1.07111
179	0.0100849	0.0413696	0.216694	0.005997	0.0113457	0.120643	1.01133
180	0.0100125	0.0426163	0.229657	0.0104948	0.0103539	0.120113	0.906515
181	0.0100125	0.0404771	0.203422	0	0.0103539	0.117599	0.793424
182	0.0100125	0.0414568	0.204897	0	0.0103539	0.116083	0.793424
183	0.0100125	0.0416299	0.211152	0	0.0103539	0.110589	0.671556
184	0.0100849	0.0421587	0.216694	0	0.0103539	0.107661	0.615783
185	0.0100125	0.0428615	0.22745	0	0.0103539	0.103967	0.610108
186	0.0100125	0.0436773	0.22745	0.00149925	0.0103539	0.0979145	0.556469
187	0.0100125	0.044513	0.216694	0.00149925	0.0103539	0.101284	0.593376
188	0.0100849	0.0456155	0.217059	0.00149925	0.0107366	0.101197	0.610108
189	0.0101476	0.0474917	0.23127	0.005997	0.0107366	0.102269	0.610108
190	0.0100414	0.0464957	0.216694	0	0.0103539	0.101997	0.60898
191	0.0100414	0.0472198	0.217059	0	0.010644	0.104552	0.610108
192	0.0100414	0.0488706	0.250722	0.0029985	0.010644	0.106822	0.610108
193	0.0100414	0.053036	0.279335	0.0029985	0.0104427	0.11173	0.65662
194	0.0100414	0.0546063	0.297536	0.0029985	0.010644	0.119377	0.837094
195	0.0100414	0.0586825	0.339191	0.00149925	0.010644	0.114573	0.718016
196	0.0100414	0.0622699	0.360905	0.00149925	0.0104427	0.114348	0.790094
197	0.0100414	0.0644998	0.366698	0.005997	0.0104427	0.114876	0.874664
198	0.0100414	0.067969	0.382556	0.0089955	0.0110666	0.116956	1.00553
199	0.0100414	0.0718989	0.382556	0.0089955	0.010644	0.118239	1.17506
200	0.0100849	0.074204	0.406983	0.0089955	0.0101216	0.121406	1.19957
201	0.0100414	0.0792373	0.450497	0.0134933	0.010644	0.125164	1.51014
202	0.0100414	0.0834319	0.519379	0.0209895	0.0101216	0.12721	1.51014
203	0.0100849	0.0885701	0.543767	0.023988	0.0104427	0.131318	1.82705
204	0.0100849	0.0833322	0.450497	0.017991	0.0110666	0.137803	3.11406
205	0.0111818	0.0807908	0.469401	0.0149925	0.0112797	0.156772	3.32666
206	0.0111818	0.0774276	0.443537	0.0104948	0.0101216	0.166178	3.31303
207	0.0100849	0.074899	0.373346	0.0104948	0.0110913	0.163189	3.56491
208	0.0114858	0.0750017	0.414308	0.011994	0.0110915	0.16005	4.01647
209	0.0114858	0.075505	0.414308	0.0089955	0.0101216	0.163286	3.33103
210	0.0113376	0.0749474	0.366698	0.00449775	0.0110913	0.168246	4.01647
211	0.0113376	0.0754287	0.371634	0.005997	0.0110915	0.172601	4.06718
212	0.0113376	0.0765931	0.366698	0.005997	0.0103918	0.175895	4.49329
213	0.0113376	0.0764678	0.366698	0.00449775	0.0101216	0.175734	4.27039
214	0.0113376	0.0765048	0.366698	0.00449775	0.0112055	0.185139	5.00814
215	0.0115928	0.0760319	0.371634	0	0.0110915	0.1902	5.11669
216	0.0109583	0.0785869	0.371634	0.00449775	0.0101216	0.207643	5.21803
217	0.0102652	0.0820481	0.414308	0.00449775	0.0101216	0.236578	7.81742
218	0.0102652	0.0855765	0.43776	0.0029985	0.0101216	0.266481	10.7372
219	0.0101476	0.0860213	0.43776	0.0029985	0.0101216	0.286538	11.5078
220	0.0128134	0.0870433	0.591815	0.0029985	0.0103918	0.292659	19.6651
221	0.0128134	0.0890156	0.582637	0.0029985	0.0103918	0.29892	19.6651
222	0.0128134	0.0939153	0.625553	0.005997	0.0103918	0.305522	19.6651
223	0.0128134	0.0971447	0.666856	0.011994	0.0103918	0.312985	19.6651
224	0.0102652	0.112914	0.763826	0.0374813	0.0103918	0.321679	19.6651
225	0.0102652	0.0963073	0.591815	0.0194903	0.0105311	0.332854	22.8451
226	0.0101476	0.0883007	0.530375	0.0164918	0.0105311	0.330251	22.8451
227	0.0101476	0.0866007	0.530375	0.0149925	0.0105311	0.288787	14.2859
228	0.0102398	0.0816334	0.463425	0.005997	0.0101341	0.288552	14.3555
229	0.0100672	0.0744423	0.388206	0.005997	0.0101341	0.282439	14.3555
230	0.0101476	0.0700366	0.365749	0.00749625	0.0120013	0.255759	14.3555
231	0.0101476	0.0668633	0.301774	0.00449775	0.0106395	0.243904	14.3555
232	0.0100672	0.0635541	0.288257	0.0029985	0.010027	0.228922	14.3555
233	0.0101476	0.0601765	0.271667	0.00149925	0.010027	0.171408	6.63416
234	0.0101476	0.0576278	0.266367	0.00149925	0.0101341	0.154879	4.79432
235	0.0100672	0.0574003	0.260718	0.0029985	0.010027	0.140445	4.03727
236	0.0101528	0.0565863	0.257833	0.00449775	0.010027	0.133195	4.03727
237	0.0100672	0.0552693	0.24557	0.0029985	0.010027	0.129986	4.89088
238	0.0100672	0.0542645	0.245073	0.0029985	0.010027	0.134211	6.45682
239	0.0100672	0.0540671	0.245073	0.00149925	0.010027	0.133997	7.9166
240	0.0100672	0.0527867	0.245073	0.00149925	0.010027	0.129905	6.45682
241	0.0100672	0.0524014	0.245564	0.00149925	0.0101341	0.120194	7.02916
242	0.0100672	0.0509399	0.245073	0.00149925	0.010027	0.0936244	3.21909
243	0.0100672	0.0502235	0.24449	0.00149925	0.0101037	0.0872731	2.60446
244	0.0100672	0.0488567	0.227052	0	0.0101037	0.079919	2.1409
245	0.0100672	0.0489908	0.219608	0	0.0101037	0.0747873	2.03799
246	0.0100208	0.0496113	0.217059	0	0.0101037	0.064778	1.29671
247	0.0100208	0.04941	0.219608	0	0.0101037	0.0639509	1.29671
248	0.0100208	0.0486234	0.211305	0	0.0101037	0.0643205	1.33355
249	0.0100208	0.0489381	0.217059	0.00149925	0.0101037	0.0611953	1.31004
250	0.0100208	0.0484681	0.208681	0.00149925	0.0101037	0.0550854	0.905813
251	0.0100208	0.0476553	0.199925	0.00449775	0.0101037	0.0486246	0.615552
252	0.0100208	0.047744	0.199925	0.005997	0.0101231	0.044046	0.524082
253	0.0100208	0.0488827	0.202674	0.005997	0.0101621	0.0357338	0.307699
254	0.0100208	0.0497934	0.208681	0.0089955	0.0101231	0.033319	0.232522
255	0.0100208	0.0487118	0.201379	0.00449775	0.0101231	0.0312507	0.184908
256	0.0100672	0.0488663	0.201379	0.00449775	0.0101231	0.0296665	0.159864
257	0.0100016	0.0486002	0.199925	0.00449775	0.0101231	0.0285992	0.139852
258	0.0100208	0.047334	0.189075	0	0.0101621	0.0278404	0.13367
259	0.0100016	0.0477001	0.194572	0.00149925	0.0101231	0.0280721	0.13367
260	0.0100016	0.0481648	0.192732	0.00149925	0.0101231	0.0273897	0.12888
261	0.0100016	0.0484143	0.188906	0	0.0101231	0.0268506	0.126718
262	0.0100208	0.0490997	0.199869	0	0.0101231	0.0259008	0.107149
263	0.0107957	0.0490411	0.212576	0	0.0101231	0.025584	0.0961137
264	0.0107011	0.0488488	0.209961	0	0.0101231	0.0251393	0.0904896
265	0.0100582	0.0490039	0.199869	0	0.0101231	0.0247377	0.089406
266	0.0100208	0.0492316	0.199869	0	0.0101231	0.0244414	0.0885526
267	0.0100582	0.0490887	0.199869	0	0.0101231	0.0242989	0.0866164
268	0.0100582	0.0490038	0.199869	0	0.0101231	0.024075	0.0797792
269	0.0100582	0.048929	0.199869	0	0.0101231	0.023562	0.0765774
270	0.0100208	0.0489714	0.199869	0	0.0101231	0.0236211	0.0773265
271	0.0100208	0.0491315	0.202674	0	0.0100675	0.0235771	0.0781203
272	0.0100208	0.0492252	0.202674	0	0.0100675	0.0233559	0.0773265
273	0.0100208	0.0492417	0.202674	0	0.0101253	0.0232416	0.0773265
274	0.0100208	0.0491258	0.202674	0	0.0100675	0.0235007	0.0781203
275	0.0100208	0.0490595	0.202674	0	0.0100675	0.0231026	0.0751717
276	0.0100208	0.0490291	0.202674	0	0.0101253	0.0232366	0.0765774
277	0.0100208	0.0490528	0.202674	0	0.0101418	0.0231762	0.0765774
278	0.0100208	0.0490482	0.202674	0	0.0100675	0.0234007	0.0765774
279	0.0100208	0.0490288	0.202674	0	0.0101253	0.0233491	0.0765774
280	0.0100208	0.0490723	0.202674	0	0.0101641	0.0232533	0.0765774
281	0.0100208	0.0490871	0.202674	0	0.0100675	0.0235473	0.0781203
282	0.0100208	0.0491079	0.202674	0	0.0100675	0.0235415	0.0781203
283	0.0100208	0.0490674	0.202674	0	0.0101253	0.023486	0.0773265
284	0.0100208	0.0491334	0.202674	0	0.0100675	0.0232672	0.0728703
285	0.0100208	0.0491943	0.202674	0	0.0100675	0.0230523	0.070226
286	0.0100208	0.0492274	0.202674	0	0.0101253	0.0231993	0.0707325
287	0.0100208	0.0493953	0.202674	0	0.0100675	0.0234053	0.0728703
288	0.0100208	0.0494098	0.202674	0	0.0101641	0.0235988	0.0765774
289	0.0100208	0.0494828	0.205163	0	0.0101641	0.0237737	0.0773265
290	0.0100208	0.0497368	0.205163	0	0.0100675	0.0237552	0.0765774
291	0.0100582	0.0497464	0.208681	0	0.0101641	0.0238785	0.0773265
292	0.0100582	0.0496935	0.208681	0	0.0100675	0.024367	0.0871674
293	0.0100582	0.049688	0.208681	0	0.0100675	0.0249221	0.0998331
294	0.0100208	0.049556	0.208681	0	0.0100675	0.0255466	0.105677
295	0.0100582	0.0490903	0.21149	0	0.0101641	0.0269712	0.146287
296	0.0100582	0.0492931	0.22225	0	0.0100675	0.0282214	0.179894
297	0.0100208	0.0494232	0.22225	0.00149925
