		omega		Posterior		rho				Synonymous theta			kappa			phi	
Site	Lower	Point	Higher	prob of +ve	Lower	Point	Higher		Lower	Point	Higher	Lower	Point	Higher	Lower	Point	Higher
	95% HPD	estimate	95% HPD	selection	95% HPD	estimate	95% HPD		95% HPD	estimate	95% HPD	95% HPD	estimate	95% HPD	95% HPD	estimate	95% HPD
0	0.0100595	0.0502509	0.498188	0.0164918	0.0121259	2.60594	83.6916		0.0222424	0.0291993	0.0384735	2.8928	6.33132	12.7071	0	0	0
1	0.0100595	0.0484139	0.498188	0.0164918	0.0119301	2.85096	83.5869
2	0.0100595	0.0461446	0.468585	0.0164918	0.0117385	2.98942	83.6916
3	0.0100595	0.0438861	0.364925	0.0134933	0.0117385	2.68771	87.4923
4	0.0100595	0.0437117	0.468901	0.0149925	0.0117385	2.05635	88.8871
5	0.0100595	0.0415863	0.324883	0.011994	0.0117385	1.76788	87.4923
6	0.0100595	0.0404038	0.262971	0.00749625	0.0101512	1.34121	76.8171
7	0.0100595	0.03927	0.252909	0.00449775	0.0101512	1.03107	70.3441
8	0.0100595	0.038861	0.249226	0.00149925	0.0100582	0.804251	66.2815
9	0.0100595	0.0377457	0.242952	0.0029985	0.0101959	0.726083	66.2815
10	0.0100595	0.037513	0.242952	0.0029985	0.0100582	0.772754	60.4789
11	0.0100595	0.0374247	0.242952	0.00149925	0.0101959	0.758282	60.4789
12	0.0102498	0.0362161	0.243211	0.00149925	0.0101959	0.760415	60.4789
13	0.0102498	0.0358166	0.242952	0.00149925	0.0101959	0.788852	59.8222
14	0.0102139	0.0355623	0.242952	0.00449775	0.0101959	0.78258	58.2647
15	0.0103126	0.0346736	0.242952	0.00449775	0.0101959	0.736497	58.2647
16	0.0100595	0.0340219	0.219113	0.0029985	0.0101959	0.76215	58.2647
17	0.0100595	0.0325471	0.19899	0	0.0101959	0.686154	58.2647
18	0.0100595	0.0332036	0.206146	0	0.0101959	0.595576	58.2647
19	0.0100061	0.0333486	0.206146	0	0.0103429	0.52706	58.2647
20	0.0100595	0.0338992	0.212475	0	0.0100809	0.469328	55.4716
21	0.0100061	0.0334629	0.211309	0	0.0100582	0.371144	41.1255
22	0.0100595	0.0331174	0.212475	0.00149925	0.010255	0.312528	26.1502
23	0.0100418	0.0326527	0.212831	0.00149925	0.010255	0.276695	22.3027
24	0.0100061	0.0337064	0.230211	0.00149925	0.010255	0.257392	20.9171
25	0.0100418	0.0340933	0.234534	0.00149925	0.010255	0.245159	20.9171
26	0.0100418	0.0343466	0.234534	0.00149925	0.0100809	0.247653	19.6995
27	0.0100061	0.034045	0.223943	0.00149925	0.010255	0.247014	17.1473
28	0.0100061	0.0336733	0.223943	0.00149925	0.0100809	0.252442	17.1473
29	0.0100595	0.0335204	0.223943	0.00149925	0.0100809	0.23557	17.982
30	0.0100418	0.0333761	0.223943	0.00149925	0.0100809	0.2296	15.7611
31	0.0100418	0.0353099	0.241054	0.005997	0.010255	0.225259	15.0234
32	0.0100418	0.0362317	0.244173	0.0104948	0.0100809	0.22669	13.2959
33	0.0100595	0.0356191	0.244173	0.0089955	0.010255	0.209962	11.3442
34	0.0100061	0.0338384	0.228294	0.005997	0.010255	0.188963	11.1602
35	0.0100061	0.0329217	0.222501	0.00449775	0.010255	0.169714	8.60906
36	0.0100061	0.0322167	0.207742	0.00449775	0.0100081	0.136097	6.14269
37	0.0100061	0.0314511	0.201608	0	0.0100081	0.116831	4.96357
38	0.0100061	0.0310637	0.19899	0	0.0100809	0.106976	3.80919
39	0.0100061	0.0311565	0.201608	0	0.0100081	0.097041	3.50252
40	0.0100061	0.0309984	0.19899	0	0.0100809	0.0957987	3.38924
41	0.0100061	0.0307231	0.187865	0	0.0101585	0.100533	3.68941
42	0.0100061	0.0305226	0.193882	0	0.0100081	0.107833	3.69724
43	0.0100061	0.0306084	0.193882	0	0.0100007	0.118686	5.6782
44	0.0100061	0.0301186	0.192509	0	0.0100007	0.135239	11.0611
45	0.0100061	0.0292245	0.18686	0	0.0100007	0.138777	11.1179
46	0.0100061	0.0288112	0.187865	0	0.0100007	0.14216	11.6627
47	0.0100418	0.0289022	0.187865	0	0.0100007	0.142956	11.6627
48	0.0100418	0.0295227	0.187865	0.0029985	0.0100007	0.139039	11.6627
49	0.0100061	0.0296422	0.187865	0.00449775	0.0100081	0.127841	8.10088
50	0.0100061	0.0305949	0.201608	0.005997	0.0100081	0.123197	8.10088
51	0.0100061	0.0313917	0.232201	0.00749625	0.0100809	0.122565	8.7178
52	0.0100061	0.0303298	0.201608	0.005997	0.0100809	0.12468	8.7178
53	0.0100061	0.0298843	0.185811	0.00749625	0.0100809	0.114662	8.09282
54	0.0100418	0.0292435	0.174626	0.00449775	0.0100007	0.113541	8.09282
55	0.0100061	0.0293006	0.172498	0.00749625	0.0100809	0.116361	8.7178
56	0.0100061	0.0292544	0.169872	0.00749625	0.0100809	0.112949	8.7178
57	0.0100061	0.0292939	0.169872	0.005997	0.0100809	0.10943	10.6099
58	0.0100061	0.0292925	0.172498	0.00449775	0.0100809	0.107554	10.6099
59	0.0100061	0.0295521	0.185811	0.00449775	0.0100007	0.10335	8.42106
60	0.0100418	0.0294299	0.187865	0.00149925	0.0100007	0.10022	6.69089
61	0.0100061	0.0300819	0.193582	0.00149925	0.0100809	0.0969176	5.50584
62	0.0100418	0.0303777	0.209254	0.00149925	0.0100007	0.0951417	5.60296
63	0.0100418	0.0307856	0.209254	0.00749625	0.0100007	0.0911945	5.41927
64	0.0100061	0.0307717	0.201608	0.00749625	0.0100809	0.0887131	5.50584
65	0.0100061	0.029724	0.185811	0	0.0100007	0.0869304	5.50584
66	0.0100418	0.0294234	0.185811	0	0.0100007	0.0815634	5.38343
67	0.0100418	0.0291242	0.185811	0	0.0100007	0.0785286	4.81816
68	0.0100061	0.0288243	0.182811	0	0.0100809	0.0762074	4.81816
69	0.0100061	0.0290017	0.182811	0.00449775	0.0100007	0.0811904	5.46556
70	0.0100418	0.0297859	0.187865	0.005997	0.0100809	0.0634866	3.51859
71	0.0100418	0.0307271	0.209254	0.0104948	0.0100809	0.0595203	3.33245
72	0.0100061	0.030497	0.193582	0.00749625	0.0100007	0.0554243	3.01618
73	0.0100061	0.0307785	0.201608	0.005997	0.0100007	0.0553498	3.52868
74	0.0100061	0.0299743	0.194448	0.0029985	0.0100007	0.051625	2.95553
75	0.0100061	0.0299814	0.193582	0.0029985	0.0100007	0.0505935	2.62284
76	0.0100061	0.0304892	0.1909	0.0029985	0.0100809	0.0470829	2.01815
77	0.0100061	0.0303995	0.185811	0.0029985	0.0100007	0.045973	1.98104
78	0.0100061	0.0307628	0.192726	0.0104948	0.0100007	0.0474759	2.3086
79	0.0100061	0.0302094	0.185811	0.00749625	0.0101062	0.0452196	1.98104
80	0.0100061	0.0300742	0.179381	0.00449775	0.0101062	0.0462939	1.98104
81	0.0100418	0.0301442	0.1909	0.005997	0.0100007	0.0467098	1.34253
82	0.0100061	0.0301125	0.1909	0.00449775	0.0100704	0.0434661	0.966592
83	0.0100595	0.0303182	0.1909	0.0104948	0.0100007	0.0402968	0.925518
84	0.0100061	0.0310224	0.192726	0.0089955	0.0100007	0.0381335	0.454223
85	0.0100061	0.0302703	0.179323	0.00449775	0.0100007	0.0371469	0.392357
86	0.0100061	0.0308885	0.1909	0.00149925	0.0100704	0.0348674	0.347996
87	0.0100061	0.0309147	0.194661	0.00149925	0.0100007	0.0341125	0.307479
88	0.0100061	0.0315545	0.213221	0.00149925	0.0100007	0.0313484	0.21291
89	0.0100061	0.0314575	0.194661	0.00149925	0.0100007	0.0305489	0.201937
90	0.0100061	0.0318356	0.213221	0.00149925	0.0100007	0.0298509	0.186753
91	0.0100061	0.0319355	0.251749	0.00149925	0.0100007	0.0295451	0.161154
92	0.0100061	0.0316073	0.251749	0.00149925	0.0100007	0.0293274	0.15379
93	0.0100061	0.0313141	0.231702	0	0.0100007	0.0292156	0.149446
94	0.0100061	0.0313787	0.201278	0.00149925	0.0100007	0.0282878	0.127853
95	0.0100061	0.0333881	0.253903	0.0134933	0.0100007	0.0282217	0.126203
96	0.0100061	0.0311192	0.194661	0.00149925	0.0100704	0.0285584	0.139377
97	0.0100061	0.0321243	0.245068	0.00749625	0.0100007	0.0282487	0.126203
98	0.010015	0.0323268	0.265006	0.011994	0.0100704	0.0282767	0.126203
99	0.010015	0.0318004	0.252438	0.00749625	0.0100007	0.0279635	0.123319
100	0.0100061	0.0316296	0.245068	0.005997	0.0100007	0.0278266	0.123319
101	0.0100061	0.0304007	0.181488	0	0.0101062	0.0280575	0.125464
102	0.0100061	0.0306325	0.183185	0.0029985	0.0100007	0.0285435	0.126203
103	0.0100061	0.030034	0.171355	0	0.0100007	0.0297517	0.134133
104	0.0100061	0.029674	0.159367	0	0.0102038	0.0304008	0.127853
105	0.0100061	0.0297048	0.165312	0.00149925	0.0100007	0.0313728	0.139377
106	0.0100061	0.0293611	0.159367	0.0029985	0.0100007	0.032706	0.188312
107	0.0100061	0.0294824	0.159685	0.0029985	0.0100007	0.0323662	0.167909
108	0.010015	0.0302262	0.165312	0.00149925	0.0102038	0.0322891	0.15379
109	0.0100061	0.0311795	0.167334	0.0029985	0.0102038	0.032243	0.15379
110	0.0100061	0.0318886	0.17018	0.005997	0.0100007	0.0325438	0.139377
111	0.0100061	0.0318882	0.17018	0.00449775	0.0100007	0.0327386	0.139377
112	0.0100061	0.0325648	0.171355	0.005997	0.0100007	0.0331035	0.150578
113	0.0100009	0.0340386	0.213221	0.00449775	0.0100007	0.0354479	0.192858
114	0.0100009	0.037073	0.264469	0.005997	0.0102291	0.0369381	0.218664
115	0.0100061	0.0375166	0.265006	0.00149925	0.0102038	0.0377414	0.244632
116	0.0100009	0.0375524	0.264469	0.00149925	0.0100007	0.0374702	0.249385
117	0.0100009	0.0371496	0.246938	0.00149925	0.0102038	0.0369578	0.249385
118	0.0100009	0.0369637	0.242828	0.00149925	0.0102038	0.037714	0.303451
119	0.0100009	0.0368703	0.245959	0	0.0100007	0.0366625	0.249385
120	0.0100009	0.0361441	0.231595	0	0.010157	0.0349603	0.194488
121	0.0100009	0.0363197	0.231595	0	0.0100007	0.0338712	0.176167
122	0.0100009	0.0353128	0.214767	0	0.0101404	0.0331195	0.174359
123	0.0100009	0.0353249	0.228508	0	0.0101404	0.0334869	0.185596
124	0.0100009	0.0347455	0.214767	0	0.0101404	0.0334351	0.185596
125	0.0100009	0.0349643	0.228508	0	0.0101404	0.0332445	0.180687
126	0.0100009	0.0355382	0.231595	0	0.010157	0.0325201	0.174359
127	0.0100061	0.0361453	0.235276	0	0.0101404	0.0329111	0.174359
128	0.0100061	0.0367916	0.238621	0	0.0101404	0.0343454	0.194488
129	0.0100009	0.0374418	0.242828	0.00149925	0.0101404	0.0342175	0.192858
130	0.0100009	0.0380221	0.252438	0.00149925	0.0101404	0.0346115	0.192858
131	0.0100061	0.039189	0.300617	0.0029985	0.0101404	0.0346749	0.186468
132	0.0100009	0.0399753	0.300617	0.0029985	0.0101404	0.0347691	0.192796
133	0.0100061	0.0395935	0.300617	0.0029985	0.0101404	0.0348067	0.192796
134	0.0100009	0.0402529	0.300617	0.0029985	0.0101404	0.033997	0.192796
135	0.0100061	0.041105	0.30936	0.005997	0.0101404	0.0325589	0.165028
136	0.0100009	0.0415294	0.308289	0.0029985	0.0101404	0.0325681	0.174327
137	0.0100009	0.0430845	0.30936	0.00749625	0.0101404	0.0333921	0.194488
138	0.0100009	0.0435205	0.314702	0.00749625	0.0101404	0.0342066	0.215226
139	0.0100009	0.0439537	0.317598	0.00749625	0.0101404	0.0347178	0.226392
140	0.0100009	0.0449605	0.334074	0.00749625	0.0101404	0.0345163	0.218664
141	0.0100061	0.0452794	0.336076	0.00749625	0.0101404	0.0351881	0.244301
142	0.0100009	0.0454857	0.314702	0.0029985	0.0101404	0.0347044	0.231792
143	0.0100061	0.0460468	0.317598	0.0029985	0.0101404	0.0352894	0.247178
144	0.0100061	0.047011	0.336076	0.00149925	0.010157	0.0353125	0.259941
145	0.0100009	0.0478849	0.341487	0	0.0101404	0.0356127	0.260727
146	0.0100009	0.0480086	0.341487	0	0.0101404	0.035812	0.259941
147	0.0100595	0.0489204	0.35668	0	0.0101404	0.0359384	0.260727
148	0.0100009	0.0510826	0.358607	0.0029985	0.0101404	0.0362518	0.260727
149	0.0100009	0.0530656	0.38492	0.005997	0.0101404	0.0370507	0.260727
150	0.0106329	0.0544686	0.434367	0.005997	0.0101404	0.0373664	0.260727
151	0.0100009	0.058218	0.429017	0.005997	0.010157	0.0375992	0.302664
152	0.0100009	0.0594776	0.442685	0.0089955	0.0101404	0.0403402	0.360381
153	0.0103869	0.0612856	0.46707	0.0134933	0.0101404	0.0418162	0.390332
154	0.0103869	0.0616287	0.470843	0.0134933	0.0101404	0.0395715	0.309948
155	0.0100009	0.0650913	0.478538	0.0134933	0.0101404	0.0396058	0.309948
156	0.010257	0.070725	0.527746	0.0104948	0.0103984	0.0408823	0.328046
157	0.0106388	0.0801464	0.612064	0.0149925	0.0103984	0.0425712	0.352882
158	0.0100061	0.0881263	0.621198	0.017991	0.0100842	0.0433501	0.364482
159	0.0119254	0.0937498	0.782432	0.0194903	0.0100842	0.047867	0.448891
160	0.0106388	0.0994857	0.663759	0.017991	0.010103	0.0470936	0.436379
161	0.0123489	0.110638	0.782432	0.0209895	0.0100842	0.047734	0.448891
162	0.0132379	0.124346	0.829257	0.0224888	0.010103	0.0514257	0.52897
163	0.0132379	0.136068	0.841198	0.0284858	0.0100842	0.0554876	0.576769
164	0.0132379	0.155993	0.899358	0.0374813	0.0100842	0.0571305	0.653572
165	0.016097	0.181666	1.09826	0.0464768	0.0100842	0.0657352	0.973982
166	0.013248	0.214354	1.2698	0.071964	0.0100842	0.0716297	1.36218
167	0.0146546	0.177709	1.09826	0.0464768	0.0100842	0.0781473	1.88871
168	0.0144852	0.168425	0.972888	0.0329835	0.0100842	0.0947492	4.46591
169	0.0162503	0.17132	1.09826	0.035982	0.0100842	0.120437	14.4202
170	0.0150746	0.16686	0.982011	0.0284858	0.010103	0.154384	20.4554
171	0.0150746	0.162844	0.982011	0.0209895	0.0104364	0.293512	48.9823
172	0.0146546	0.160858	0.982011	0.0209895	0.0100842	0.375553	50.2881
173	0.0154545	0.156256	0.982011	0.0134933	0.0110926	0.532101	59.1266
174	0.0154545	0.155183	0.982011	0.011994	0.0111571	0.679352	60.557
175	0.0154545	0.161473	0.982011	0.0149925	0.0107545	1.09612	60.557
176	0.0146546	0.177566	0.982011	0.0224888	0.011181	1.53084	59.1266
177	0.0161106	0.191091	1.09426	0.0284858	0.0184558	2.02879	96.1494
178	0.0317976	0.221937	1.65515	0.0344828	0.0717118	3.26835	96.1494
179	0.0405442	0.239023	1.51866	0.0404798	0.191969	3.99631	96.1494
180	0.043623	0.269367	1.51866	0.0614693	0.201217	4.12085	96.1494
181	0.0401639	0.257263	1.2992	0.0524738	0.190997	3.99248	91.881
182	0.043623	0.244922	1.2992	0.0449775	0.16932	3.76565	91.881
183	0.0417878	0.230905	1.51866	0.041979	0.14557	3.43552	91.881
184	0.0309011	0.224427	1.42373	0.0404798	0.14557	3.02151	96.1494
185	0.0226769	0.223758	1.38509	0.0464768	0.137257	2.92612	99.5282
186	0.0226769	0.222331	1.54894	0.0464768	0.0922988	2.7295	69.0063
187	0.0186714	0.221957	1.77248	0.0509745	0.0922988	2.66252	78.2093
188	0.0186714	0.223051	1.54894	0.0494753	0.125848	2.75519	99.5282
189	0.0227509	0.259814	3.68292	0.0884558	0.0904056	2.72814	89.2373
190	0.0106873	0.237651	1.89903	0.0854573	0.0904056	2.54091	96.1494
191	0.0106873	0.207086	1.2992	0.0644678	0.0808415	2.29423	83.0372
192	0.0100562	0.175441	0.91869	0.0464768	0.0904056	2.17881	99.1681
193	0.010797	0.155336	0.91869	0.0389805	0.0466588	2.00005	99.1681
194	0.0120158	0.144827	0.91869	0.0284858	0.0261452	1.5421	99.1681
195	0.0113773	0.141396	0.91869	0.029985	0.0117507	1.18383	57.8289
196	0.0128472	0.131124	0.929802	0.0149925	0.0117507	1.23945	58.4444
197	0.013127	0.129019	0.929802	0.0134933	0.0194788	1.21444	99.1681
198	0.010797	0.126213	0.778342	0.0134933	0.0194788	1.31858	96.6588
199	0.0128472	0.12648	0.929802	0.0134933	0.0117507	1.12085	58.4444
200	0.0138753	0.125392	0.957149	0.0134933	0.0117507	1.09668	58.4444
201	0.0138753	0.122129	0.91869	0.0104948	0.0117507	1.27491	58.4444
202	0.0113773	0.118033	0.736085	0.00749625	0.0117507	1.37624	55.8287
203	0.0138753	0.117601	0.891666	0.00749625	0.0117507	1.48347	55.8287
204	0.0142246	0.116226	0.891666	0.005997	0.0117507	1.51534	53.5549
205	0.0142246	0.115575	0.906094	0.00449775	0.0117507	1.4776	53.5549
206	0.0142246	0.116081	0.906094	0.00449775	0.0117507	1.44988	53.5549
207	0.0142246	0.118016	0.906094	0.005997	0.0117507	1.41616	53.5549
208	0.0142246	0.120004	0.906094	0.0089955	0.0162708	1.72647	58.4444
209	0.0154824	0.12423	0.961797	0.0104948	0.0283494	1.86582	99.1681
210	0.0159712	0.1262	0.961797	0.0104948	0.0630793	2.00609	99.1681
211	0.0159353	0.131232	0.961797	0.0149925	0.0461321	1.84771	99.1681
212	0.0113773	0.131337	0.781224	0.0224888	0.0580095	1.94373	99.1681
213	0.0113773	0.136695	0.906094	0.035982	0.054281	1.7937	84.351
214	0.0109052	0.13659	0.906094	0.035982	0.054281	1.73398	81.7953
215	0.0120158	0.139805	0.961797	0.035982	0.0561859	1.9022	72.8858
216	0.0100562	0.143914	0.906094	0.0449775	0.0630793	2.13594	77.3457
217	0.0105135	0.159481	1.35837	0.065967	0.0107011	1.29696	32.6312
218	0.0100562	0.165957	1.52665	0.0749625	0.010305	0.985739	29.5386
219	0.0145793	0.202959	5.18686	0.11994	0.0128221	0.739787	29.412
220	0.0120158	0.140806	1.35837	0.053973	0.0107011	0.548007	20.329
221	0.0114433	0.122274	0.906094	0.0374813	0.0107011	0.429345	20.329
222	0.0115134	0.108681	0.786057	0.0284858	0.0107011	0.437747	21.0574
223	0.0120158	0.102197	0.786057	0.0254873	0.0107011	0.375563	19.1991
224	0.0120158	0.0994904	0.786057	0.0254873	0.0107011	0.344528	17.3511
225	0.0115134	0.09532	0.737131	0.0224888	0.0103082	0.327021	16.6024
226	0.0120094	0.0897305	0.668745	0.0134933	0.0107011	0.327985	17.4131
227	0.012689	0.0860577	0.676114	0.0149925	0.0103082	0.331495	16.6024
228	0.0129245	0.083265	0.676114	0.0134933	0.0103082	0.337718	16.6024
229	0.0100562	0.0804884	0.554426	0.0104948	0.0103082	0.316684	12.8356
230	0.0100562	0.0787955	0.52549	0.0089955	0.0103082	0.318098	15.8271
231	0.0100562	0.0757286	0.495838	0.0089955	0.0107011	0.326425	17.4131
232	0.0100562	0.0736171	0.473002	0.0089955	0.0107011	0.322471	17.4131
233	0.0100562	0.0724526	0.459045	0.00749625	0.0103082	0.330414	16.6024
234	0.0100562	0.0714256	0.454837	0.005997	0.0101052	0.340218	17.043
235	0.0105135	0.0710984	0.459045	0.0029985	0.0101052	0.326905	16.6024
236	0.0105135	0.0708197	0.447067	0.0029985	0.0101052	0.304249	15.8271
237	0.0105135	0.0725491	0.459045	0.005997	0.0101052	0.27334	11.8673
238	0.0105135	0.0711666	0.454837	0.005997	0.0101052	0.232349	9.78025
239	0.0102906	0.0681638	0.434826	0.00449775	0.0101052	0.235999	10.764
240	0.0102906	0.0678855	0.430894	0.005997	0.0100692	0.241588	10.9096
241	0.0102906	0.0665344	0.406313	0.00449775	0.0100692	0.286761	12.7387
242	0.010258	0.0625463	0.333247	0.0029985	0.0103528	0.332632	19.1991
243	0.010258	0.0612133	0.309374	0.0029985	0.0100692	0.331106	18.3409
244	0.010258	0.0610857	0.333176	0.00449775	0.0100692	0.382209	19.1991
245	0.010258	0.0610411	0.333247	0.00449775	0.0103528	0.413862	22.5202
246	0.010258	0.0612571	0.333247	0.00449775	0.0107011	0.412655	21.2298
247	0.0105135	0.0618738	0.34088	0.005997	0.0100209	0.33475	13.9854
248	0.010258	0.060644	0.308206	0.005997	0.0100209	0.263917	13.3585
249	0.010258	0.0598203	0.296651	0.0029985	0.0100209	0.236601	10.764
250	0.0101656	0.0592145	0.289757	0	0.0100209	0.236235	19.7435
251	0.0101656	0.0590824	0.289757	0	0.0100209	0.232632	14.6911
252	0.010258	0.0611273	0.308519	0.0029985	0.0100209	0.241727	19.2208
253	0.010258	0.0612742	0.310342	0.005997	0.0100209	0.24107	19.2208
254	0.0101656	0.0635479	0.333856	0.0089955	0.0100209	0.235126	19.6179
255	0.010258	0.0622413	0.333247	0.005997	0.0100209	0.227236	23.1688
256	0.010258	0.0618163	0.333247	0.00449775	0.0100209	0.277969	24.2021
257	0.010258	0.0595405	0.310342	0.00149925	0.0100209	0.318786	28.3495
258	0.010258	0.0598931	0.317813	0.00149925	0.0100209	0.35611	30.7946
259	0.010258	0.0608827	0.317813	0.00149925	0.0107011	0.41194	32.9107
260	0.010258	0.0618308	0.317813	0	0.0107011	0.428343	32.227
261	0.0100373	0.061811	0.333247	0	0.012573	0.471612	32.227
262	0.0100373	0.0617368	0.34088	0.00149925	0.0143031	0.505561	32.9696
263	0.0100373	0.0588022	0.317813	0.00149925	0.0146721	0.539272	32.227
264	0.0100373	0.056379	0.296651	0	0.0124431	0.559031	24.5601
265	0.0100373	0.0553397	0.280454	0	0.0141909	0.590871	25.1209
266	0.0100373	0.0554897	0.289757	0.00149925	0.0141909	0.65985	32.9696
267	0.0100373	0.0565158	0.294617	0.00149925	0.0189886	0.818506	48.4689
268	0.0100373	0.0585886	0.310342	0.00149925	0.0298996	1.037	64.9781
269	0.010258	0.0612672	0.333247	0.0029985	0.0292878	1.08953	60.166
270	0.010258	0.0624398	0.35396	0.00449775	0.0253559	1.10843	60.166
271	0.010258	0.0641232	0.358643	0.00449775	0.0321932	1.26217	94.3791
272	0.010258	0.0646327	0.358643	0.00449775	0.0310481	1.32359	94.3791
273	0.0102191	0.064932	0.358643	0.005997	0.0247797	1.2985	94.3791
274	0.0102191	0.06514	0.361279	0.00749625	0.0247797	1.31786	94.3791
275	0.0102191	0.0652256	0.358928	0.00449775	0.0247797	1.22561	94.3791
276	0.0102191	0.0662008	0.361279	0.0029985	0.0247797	1.09555	94.3791
277	0.0102191	0.069505	0.361279	0.00449775	0.0197773	0.958788	94.3791
278	0.0102191	0.0744718	0.42844	0.0164918	0.0212457	0.887801	94.3791
279	0.0101499	0.0751504	0.440225	0.0104948	0.0141499	0.76467	56.0004
280	0.0102191	0.0779653	0.47701	0.00749625	0.015444	0.673405	48.082
281	0.0101499	0.0787205	0.47701	0.0029985	0.0141499	0.616666	45.1167
282	0.0101499	0.0820909	0.483463	0.0029985	0.015444	0.60405	48.082
283	0.0101499	0.0862915	0.500485	0.005997	0.015444	0.659281	45.1167
284	0.0101499	0.0944111	0.541925	0.0134933	0.0141499	0.67576	49.417
285	0.0101499	0.101383	0.630741	0.0224888	0.0141499	0.70043	49.0248
286	0.0101499	0.107334	0.710198	0.0314843	0.0141499	0.684582	49.0248
287	0.0105046	0.11743	0.774333	0.0344828	0.015351	0.73914	49.0248
288	0.0101499	0.13122	0.870895	0.0434783	0.014905	0.658295	47.0642
289	0.0104935	0.157632	2.47356	0.0764618	0.0154571	0.668016	47.0642
290	0.0101499	0.140671	1.26037	0.0554723	0.015351	0.622722	36.7163
291	0.0101499	0.11671	0.698014	0.0224888	0.0173183	0.600264	31.8526
292	0.0145844	0.100323	0.763402	0.00149925	0.0186632	0.584319	36.7163
293	0.0101499	0.0985777	0.530736	0.00149925	0.0100087	0.52314	18.9007
294	0.0101499	0.0952668	0.522618	0	0.0135908	0.501999	25.4994
295	0.0101499	0.0939632	0.534807	0	0.0173183	0.424448	31.8526
296	0.0101499	0.0940245	0.541626	0.0029985	0.0100087	0.410237	23.3475
297	0.0101499	0.0939961	0.534807	0.00449775	0.0100087	0.409839	18.8837
298	0.0104361	0.0926025	0.530736	0.005997	0.0173183	0.398382	35.7786
299	0.0101499	0.0879067	0.498604	0.0089955	0.0100087	0.336091	14.7132
300	0.0101499	0.0867023	0.488858	0.00749625	0.0100087	0.313477	9.58856
301	0.0101499	0.0843934	0.424491	0.00149925	0.0100087	0.312858	10.8118
302	0.0105915	0.0836261	0.436573	0.0029985	0.0100087	0.320014	10.8118
303	0.0105915	0.0818567	0.434667	0.00149925	0.0100987	0.320766	9.15286
304	0.0105915	0.0819325	0.434667	0.0029985	0.0107455	0.297922	9.13881
305	0.0105915	0.0831024	0.434667	0.005997	0.0100987	0.288218	6.26633
306	0.0104361	0.0817491	0.424491	0.005997	0.0107455	0.294796	6.26633
307	0.0102629	0.0806921	0.40654	0.005997	0.0103286	0.30319	6.26633
308	0.0105915	0.0804999	0.40654	0.005997	0.0103286	0.305301	6.26633
309	0.0104361	0.0799471	0.404425	0.005997	0.0103286	0.293779	5.36617
310	0.0105915	0.0806993	0.436573	0.005997	0.0103286	0.290229	3.89892
311	0.0101499	0.080892	0.404425	0.00149925	0.0107455	0.287565	3.73101
312	0.0104361	0.0823547	0.459578	0.0104948	0.0124935	0.276938	4.05571
313	0.0105915	0.0829535	0.47701	0.0104948	0.0124935	0.287498	4.05571
314	0.0105915	0.0797982	0.475585	0.0089955	0.018999	0.270152	4.05571
315	0.0104361	0.0798131	0.459578	0.00449775	0.0162641	0.279778	4.10176
316	0.0105915	0.0813726	0.475585	0.005997	0.0162641	0.305213	4.05571
317	0.0104361	0.0817839	0.459578	0.005997	0.0181298	0.277296	4.3506
318	0.0105915	0.0835159	0.47701	0.0089955	0.0162641	0.266649	4.3506
319	0.0105915	0.0847832	0.519624	0.0104948	0.0181298	0.251157	4.06409
320	0.0105915	0.0840228	0.519624	0.0104948	0.0181298	0.239784	4.10176
321	0.0104361	0.0866786	0.562785	0.0194903	0.0224791	0.260826	4.10176
322	0.0104361	0.0907544	0.598583	0.023988	0.0251767	0.253582	4.48317
323	0.0104361	0.097583	0.715006	0.029985	0.0234747	0.240599	4.06409
324	0.0105915	0.116584	1.06246	0.065967	0.0121434	0.217105	2.63715
325	0.0104361	0.13908	1.4611	0.0974513	0.0121434	0.212134	2.24893
326	0.0128754	0.171074	2.65717	0.124438	0.0121434	0.204981	2.20103
327	0.0104361	0.136455	1.31927	0.083958	0.0121434	0.20685	2.85022
328	0.0104361	0.123416	1.04969	0.0614693	0.0103039	0.196178	2.37992
329	0.0113247	0.102968	0.766472	0.0269865	0.0103039	0.17892	1.73925
330	0.0113247	0.0983623	0.698407	0.0209895	0.0103039	0.177791	2.14437
331	0.0103422	0.0973804	0.662781	0.023988	0.0103039	0.174472	1.98013
332	0.0103422	0.0948212	0.624219	0.0224888	0.0103039	0.16957	1.97392
333	0.0103422	0.0904864	0.574123	0.0164918	0.0103039	0.163067	1.98013
334	0.010168	0.0807209	0.530736	0.0104948	0.0103039	0.156404	2.14437
335	0.010168	0.0791894	0.533208	0.0134933	0.0103039	0.152182	2.30409
336	0.010168	0.074946	0.51951	0.0104948	0.0103039	0.156076	2.01289
337	0.010168	0.0691405	0.434667	0.00749625	0.0103039	0.153599	1.97392
338	0.010168	0.0699332	0.434667	0.0089955	0.0103039	0.175167	2.51681
339	0.0100947	0.0673969	0.41575	0.00449775	0.0103039	0.170321	1.98013
340	0.0100947	0.0645149	0.393512	0.0029985	0.010194	0.171075	2.30409
341	0.0100947	0.062326	0.36784	0.00449775	0.0110462	0.17873	2.8243
342	0.010133	0.0605155	0.349411	0.0029985	0.0103521	0.19145	2.65012
343	0.0100947	0.0583226	0.339745	0.0029985	0.010194	0.203322	2.65808
344	0.0100947	0.0571362	0.339745	0.0029985	0.010194	0.207149	2.65808
345	0.0100947	0.0559033	0.322361	0.0029985	0.0103039	0.217463	2.82232
346	0.010133	0.0538648	0.27936	0.0029985	0.010194	0.247928	3.23556
347	0.0100947	0.052433	0.25492	0.0029985	0.0103521	0.265631	3.76664
348	0.0100947	0.0523667	0.25492	0.0029985	0.010194	0.276062	3.88223
349	0.0100947	0.0521741	0.269998	0.0029985	0.010194	0.317631	7.47322
350	0.0100947	0.0516804	0.269998	0.0029985	0.0103146	0.325907	7.72668
351	0.0100947	0.051525	0.261342	0.0029985	0.010194	0.332317	8.12744
352	0.0100947	0.0510674	0.247297	0.0029985	0.010194	0.335902	8.00473
353	0.010133	0.0510449	0.267953	0.0029985	0.0103146	0.353623	9.0452
354	0.010133	0.0501613	0.267953	0.0029985	0.0103146	0.366944	15.8524
355	0.0100947	0.0494308	0.267953	0.00449775	0.0103146	0.363445	16.8308
356	0.0100947	0.0495794	0.269998	0.00749625	0.0103146	0.371006	34.0784
357	0.0100947	0.0479483	0.254952	0.0029985	0.0385539	0.519305	96.5426
358	0.0100141	0.0475234	0.259094	0.005997	0.0398617	0.617982	96.5426
359	0.0100141	0.0494568	0.278096	0.0089955	0.0420127	0.670213	96.5426
360	0.0100141	0.0462384	0.254952	0	0.048764	0.760973	96.5426
361	0.0100141	0.0467014	0.259094	0	0.0482564	0.834781	96.5426
362	0.0100141	0.0469569	0.259094	0	0.048764	0.884838	96.5426
363	0.0100141	0.0471658	0.259094	0	0.0402925	0.875324	96.5426
364	0.0100141	0.0469497	0.261342	0.00149925	0.0394992	0.833486	96.5426
365	0.0100141	0.0468188	0.269998	0.00149925	0.0402594	0.799977	96.5426
366	0.0100141	0.0469698	0.281826	0.00149925	0.0402594	0.817861	96.5426
367	0.0100141	0.0474592	0.281826	0.00149925	0.0482564	0.884619	96.5426
368	0.0100141	0.0496372	0.315941	0.00449775	0.0221825	0.805424	65.1246
369	0.0100141	0.0490967	0.32963	0.005997	0.0394992	0.893068	96.5426
370	0.0100141	0.049369	0.32963	0.00749625	0.0256486	0.910837	85.3659
371	0.0100141	0.0498355	0.32963	0.0089955	0.0180686	0.92537	65.1246
372	0.0100141	0.0504153	0.339313	0.00749625	0.0247082	0.877686	96.5426
373	0.0100141	0.0505753	0.358401	0.005997	0.0247082	0.853276	96.5426
374	0.0100141	0.0490586	0.315941	0.00149925	0.0196515	0.873991	71.2077
375	0.0100141	0.0500302	0.336872	0.00449775	0.0246687	0.93084	85.3659
376	0.0100141	0.0497894	0.336872	0	0.024196	0.883225	85.3659
377	0.0100141	0.0508129	0.336872	0	0.0188767	0.769254	65.1246
378	0.0100141	0.053782	0.363118	0.00749625	0.0147351	0.660394	53.5553
379	0.0100141	0.0544391	0.369135	0.00749625	0.0147351	0.587382	53.3916
380	0.0100141	0.0558126	0.39096	0.0089955	0.0139933	0.526415	50.185
381	0.0100141	0.0580949	0.434737	0.0089955	0.0144016	0.51178	50.185
382	0.0100141	0.059774	0.512393	0.0089955	0.0139744	0.449223	50.185
383	0.0100141	0.0603587	0.434737	0.00449775	0.0105455	0.373612	44.5085
384	0.010168	0.0630064	0.434737	0.0029985	0.0105455	0.269907	19.4287
385	0.010133	0.0666041	0.483634	0.00149925	0.0105455	0.238382	13.547
386	0.010133	0.072748	0.575601	0.00749625	0.0112587	0.229519	13.547
387	0.0114695	0.0841934	0.850569	0.029985	0.010508	0.228029	11.9524
388	0.0108306	0.0880292	0.805528	0.0254873	0.010508	0.216928	12.88
389	0.010133	0.0991296	0.934894	0.0449775	0.010508	0.188717	6.28478
390	0.0101929	0.117794	1.45404	0.0884558	0.010508	0.169968	5.18692
391	0.010133	0.0921282	1.18768	0.053973	0.010508	0.165545	4.99402
392	0.010133	0.0712963	0.528161	0.0164918	0.010508	0.155129	4.98488
393	0.010133	0.0678537	0.509102	0.0149925	0.010508	0.154372	4.99402
394	0.0102903	0.0636436	0.465342	0.0104948	0.010508	0.154406	5.68739
395	0.0100217	0.0616799	0.41485	0.0104948	0.010508	0.144569	4.98488
396	0.010133	0.0580724	0.387591	0.00449775	0.010508	0.137978	3.12864
397	0.0100217	0.0570162	0.381088	0.005997	0.010508	0.132364	3.11799
398	0.0100217	0.0566936	0.396855	0.00449775	0.010508	0.119278	1.62341
399	0.0101755	0.056368	0.408585	0.00749625	0.0123611	0.106289	1.62341
400	0.010133	0.0545717	0.381088	0.0029985	0.010508	0.0961745	1.22228
401	0.0100217	0.051034	0.324661	0	0.0100701	0.0905231	0.867195
402	0.010133	0.050709	0.315941	0	0.010189	0.0888397	0.867195
403	0.0100217	0.0506132	0.317254	0.00149925	0.0100701	0.091332	0.945705
404	0.0100217	0.0488651	0.315941	0	0.0100701	0.0916727	0.867195
405	0.0100217	0.0469998	0.30889	0	0.0100701	0.0892707	0.770101
406	0.0100217	0.0449628	0.28025	0	0.0100701	0.0880434	0.638361
407	0.0100579	0.0442012	0.268992	0	0.0100701	0.0892859	0.71935
408	0.0100217	0.0435499	0.264297	0	0.010508	0.0867733	0.638361
409	0.0100579	0.0436918	0.268992	0	0.010189	0.0882608	0.638361
410	0.010133	0.0426751	0.268992	0	0.010189	0.0902427	0.71935
411	0.010133	0.0426594	0.268992	0	0.010189	0.0903433	0.71935
412	0.0100217	0.0417372	0.253956	0	0.010189	0.08974	0.77065
413	0.0100217	0.0415083	0.224339	0	0.010189	0.090382	0.77065
414	0.0100579	0.0416568	0.221155	0	0.0100701	0.0896638	0.73557
415	0.010133	0.0413836	0.221155	0	0.0100701	0.0889078	0.73557
416	0.0101387	0.0414417	0.221155	0	0.0100701	0.088182	0.73557
417	0.0101387	0.0416615	0.221155	0.00149925	0.010189	0.0939618	0.883149
418	0.0101387	0.0411242	0.221155	0.00149925	0.010508	0.092358	0.765607
419	0.0100579	0.0408464	0.221155	0.00449775	0.0103935	0.0961137	0.77065
420	0.0100579	0.0400482	0.221155	0.0029985	0.0102895	0.0968293	0.77065
421	0.0100217	0.0403891	0.253956	0	0.0103935	0.0963917	0.77065
422	0.0100217	0.0408676	0.263166	0	0.010508	0.0929993	0.721
423	0.0100217	0.0405248	0.247784	0.00149925	0.010189	0.0879531	0.650208
424	0.0100217	0.0410128	0.263166	0.005997	0.010189	0.0859979	0.673489
425	0.0100217	0.0399202	0.247784	0.0089955	0.010189	0.0860673	0.673489
426	0.0100217	0.0398934	0.229954	0.0089955	0.0109631	0.086178	0.775219
427	0.010133	0.0380955	0.210103	0.00749625	0.0103935	0.0858995	0.775219
428	0.010133	0.0382385	0.210103	0.00749625	0.0101362	0.080906	0.765607
429	0.0101387	0.0386053	0.210103	0.011994	0.0102632	0.0797818	0.775219
430	0.010133	0.0384776	0.210103	0.011994	0.0100058	0.0727969	0.693809
431	0.010133	0.0382528	0.203175	0.011994	0.0100058	0.0704337	0.542654
432	0.010133	0.037955	0.204927	0.0104948	0.0100058	0.0678866	0.497125
433	0.010133	0.0383013	0.203175	0.0134933	0.010189	0.065145	0.530285
434	0.0100217	0.0368431	0.183959	0.0089955	0.0100058	0.0639571	0.462941
435	0.0100217	0.0362873	0.175361	0.005997	0.010043	0.0618118	0.450488
436	0.0100217	0.0355433	0.175361	0.005997	0.010043	0.0611668	0.450488
437	0.0100217	0.0363791	0.187304	0.0104948	0.0100058	0.0606364	0.450488
438	0.0100217	0.0367515	0.20256	0.011994	0.0100058	0.0587667	0.450488
439	0.0100217	0.0364211	0.204927	0.0149925	0.0100058	0.0567177	0.450488
440	0.0100217	0.0356688	0.195218	0.0104948	0.0100058	0.0550388	0.421005
441	0.010133	0.0355294	0.214264	0.0134933	0.010043	0.0526076	0.400629
442	0.0100217	0.0354832	0.220624	0.0164918	0.0100058	0.0513353	0.400629
443	0.0100217	0.0351467	0.204927	0.0164918	0.0100058	0.0482507	0.364606
444	0.0100217	0.0369817	0.273085	0.0284858	0.0100058	0.0474272	0.366942
445	0.010133	0.0349631	0.195827	0.0149925	0.0100058	0.0467173	0.291526
446	0.010133	0.0329161	0.159754	0.00449775	0.0100058	0.0441646	0.253054
447	0.0101387	0.032476	0.159018	0.0029985	0.0100382	0.044634	0.291526
448	0.0100217	0.0315589	0.154253	0	0.0100058	0.0435383	0.260171
449	0.0101387	0.0318738	0.156604	0	0.0100058	0.0444529	0.291526
450	0.010133	0.0323149	0.156604	0	0.0100058	0.0431457	0.291526
451	0.0101387	0.0329143	0.159018	0	0.0100058	0.0412786	0.316089
452	0.010133	0.0332135	0.166555	0	0.0100058	0.0380834	0.265649
453	0.010133	0.0330237	0.156604	0	0.0100382	0.0376958	0.261698
454	0.010133	0.0330606	0.156604	0	0.0100058	0.0357265	0.229512
455	0.010133	0.0324675	0.154253	0	0.0100058	0.0352223	0.215202
456	0.010133	0.0327562	0.154253	0.00749625	0.0100058	0.0348272	0.215202
457	0.010133	0.0335856	0.157472	0.0104948	0.0100058	0.0337839	0.189052
458	0.010133	0.0340134	0.183192	0.0104948	0.0100058	0.0336615	0.187485
459	0.010133	0.0325831	0.155982	0	0.0100058	0.032203	0.172206
460	0.0101387	0.0325316	0.151688	0	0.0100058	0.0311874	0.153264
461	0.0101387	0.0323901	0.151688	0	0.0100058	0.0312776	0.167298
462	0.0101387	0.0328327	0.155982	0	0.0100058	0.0306641	0.175784
463	0.0101387	0.033118	0.174063	0	0.0100058	0.0303281	0.167298
464	0.010169	0.0341781	0.187423	0	0.0100058	0.029789	0.167298
465	0.0101387	0.0347719	0.196493	0.00149925	0.0100058	0.0295272	0.167298
466	0.0101387	0.0360631	0.214866	0.00749625	0.0100058	0.0292059	0.153264
467	0.0101387	0.0364958	0.214866	0.0104948	0.0100058	0.0288849	0.15022
468	0.0101387	0.035061	0.192522	0.0029985	0.0100058	0.0287716	0.153264
469	0.0101387	0.0347456	0.183959	0	0.0100058	0.0282833	0.150947
470	0.010014	0.0333293	0.171179	0	0.0100058	0.0279926	0.150947
471	0.010014	0.0335213	0.171179	0	0.0100058	0.0279576	0.150947
472	0.010014	0.0332286	0.171179	0	0.0100058	0.0276779	0.150947
473	0.010014	0.0334957	0.175361	0	0.0100058	0.0274515	0.167066
474	0.0101929	0.0342524	0.187423	0	0.0100058	0.0275205	0.167066
475	0.0103482	0.033847	0.187423	0	0.0100058	0.0273973	0.124342
476	0.010014	0.0351265	0.197804	0.0029985	0.0100127	0.0268545	0.111297
477	0.010014	0.0342563	0.178645	0.0029985	0.0100058	0.0267489	0.10989
478	0.010014	0.0344466	0.178645	0.0029985	0.0100058	0.026178	0.10939
479	0.010014	0.0346388	0.175086	0.00149925	0.0100058	0.0259706	0.10939
480	0.0101387	0.0356538	0.214833	0.00449775	0.0100058	0.0260816	0.10939
481	0.010014	0.0347666	0.178645	0.00449775	0.0100058	0.0261437	0.107287
482	0.010014	0.035629	0.214833	0.00449775	0.0100058	0.0266501	0.10939
483	0.010014	0.0367119	0.220398	0.00749625	0.0100127	0.027026	0.10989
484	0.0104764	0.0356055	0.220398	0	0.0100058	0.026938	0.10939
485	0.0104764	0.0356743	0.22462	0.00149925	0.0100058	0.0267493	0.106273
486	0.0104764	0.0361247	0.22462	0.00149925	0.0100058	0.0263759	0.103015
487	0.0104764	0.0362509	0.22462	0.00149925	0.0100058	0.025877	0.0973118
488	0.0104764	0.0364523	0.22462	0.00149925	0.0100058	0.0256531	0.0914148
489	0.0104764	0.0365825	0.22462	0.00149925	0.0100127	0.0255634	0.0914148
490	0.0101387	0.0377289	0.22462	0.00449775	0.0100127	0.0256307	0.0914148
491	0.0101387	0.0375279	0.22462	0.0104948	0.0100127	0.0252825	0.0914148
492	0.0101387	0.0355357	0.214833	0.0029985	0.0100058	0.0252213	0.0906915
493	0.0101387	0.0346195	0.197804	0	0.0100058	0.0250724	0.0879968
494	0.0100129	0.0340649	0.192522	0	0.0100058	0.0252211	0.0915315
495	0.0100129	0.0338891	0.18431	0	0.0100058	0.0253436	0.0915315
496	0.0100129	0.0337151	0.182353	0	0.0100058	0.0248803	0.0865225
497	0.0101387	0.0339518	0.18431	0	0.0100058	0.0248459	0.0856947
498	0.0101387	0.0336136	0.183192	0	0.0100058	0.0249165	0.0879968
499	0.010014	0.0333347	0.178645	0	0.0100058	0.0249111	0.0865225
500	0.010014	0.0346148	0.192522	0.00749625	0.0100058	0.0249855	0.0865225
501	0.010014	0.03597	0.21724	0.0134933	0.0100058	0.0251678	0.0865225
502	0.010014	0.0350501	0.190329	0.00749625	0.0100058	0.0251682	0.0865225
503	0.010014	0.0332313	0.178645	0.00149925	0.0100058	0.026138	0.0915315
504	0.0101387	0.033616	0.190329	0.00149925	0.0100058	0.0259637	0.0940156
505	0.0101387	0.0340475	0.21724	0.00449775	0.0100058	0.0264343	0.0971205
506	0.0101387	0.0345308	0.22462	0.00449775	0.0100058	0.0263462	0.0971205
507	0.010161	0.034222	0.22462	0.0029985	0.0100058	0.0267582	0.105893
508	0.0101387	0.0341861	0.226156	0.0029985	0.0100058	0.0267305	0.105893
509	0.010014	0.035492	0.257132	0.0029985	0.0100058	0.0264625	0.0971205
510	0.010014	0.0348919	0.23699	0.0029985	0.0100058	0.0266835	0.103015
511	0.010014	0.034736	0.218559	0.00449775	0.0100058	0.0266802	0.103966
512	0.010161	0.0348977	0.218559	0.0029985	0.0100058	0.0266298	0.103966
513	0.0101387	0.0360351	0.227382	0.005997	0.0100058	0.0270133	0.105893
514	0.0101387	0.0361242	0.218559	0.0029985	0.0100058	0.0272372	0.118907
515	0.010014	0.0354176	0.210279	0	0.0100058	0.0270932	0.103966
516	0.010161	0.035863	0.218559	0	0.0100167	0.027243	0.10939
517	0.0101387	0.0364683	0.226156	0	0.0100167	0.0272105	0.10939
518	0.010014	0.0363328	0.229217	0	0.0100167	0.0271755	0.105893
519	0.010014	0.0367993	0.235192	0	0.0100167	0.0271585	0.105893
520	0.010161	0.0356119	0.218559	0	0.0100167	0.0278089	0.112831
521	0.0101387	0.0361138	0.228413	0	0.0100167	0.0285929	0.13214
522	0.0102463	0.035331	0.218559	0	0.0100167	0.0290438	0.132957
523	0.0101387	0.0343828	0.203784	0.00149925	0.0100167	0.0288025	0.121878
524	0.0101387	0.0339511	0.210279	0.00149925	0.0100167	0.0287782	0.119776
525	0.0101387	0.0339378	0.210279	0.00149925	0.0100167	0.0290768	0.118907
526	0.0101929	0.034067	0.203708	0.00149925	0.0100167	0.0287954	0.119776
527	0.0101929	0.0338588	0.203708	0	0.0100167	0.0291025	0.118907
528	0.0101387	0.0339711	0.184244	0	0.0100167	0.0291862	0.118423
529	0.0103651	0.0336565	0.182353	0	0.0100167	0.0294974	0.118423
530	0.0101387	0.0333899	0.175086	0	0.0100167	0.0296178	0.118907
531	0.0101387	0.0336455	0.179639	0	0.0101526	0.0306734	0.154063
532	0.0101387	0.0332651	0.179639	0	0.0101526	0.0319426	0.164171
533	0.0101387	0.0333439	0.179639	0.00449775	0.0100167	0.0312206	0.161136
534	0.0101929	0.0336479	0.179769	0.011994	0.0100365	0.031762	0.164171
535	0.010215	0.0331379	0.164052	0.00749625	0.0100167	0.0320054	0.164171
536	0.0101929	0.0326869	0.164052	0	0.0101526	0.0326822	0.171476
537	0.010215	0.0333831	0.179769	0	0.0100167	0.0330133	0.170004
538	0.010215	0.0355508	0.226078	0	0.0100167	0.0339542	0.173079
539	0.010215	0.035546	0.226078	0	0.0101526	0.0340341	0.173079
540	0.010215	0.0359089	0.226078	0.00149925	0.0100167	0.0348262	0.173079
541	0.0101632	0.0362348	0.226078	0.00149925	0.0100167	0.0342773	0.173079
542	0.0101632	0.0339264	0.196683	0.00149925	0.0101526	0.034161	0.177957
543	0.0101632	0.034083	0.188463	0.00149925	0.0103506	0.033797	0.179572
544	0.0101632	0.0342528	0.19674	0.00149925	0.0101526	0.0350783	0.179572
545	0.0101632	0.0354145	0.226078	0.00149925	0.0101526	0.0347628	0.178642
546	0.0100247	0.0359076	0.20704	0.00149925	0.0101526	0.0348595	0.178642
547	0.0101632	0.0356017	0.20704	0	0.0101526	0.0353439	0.178642
548	0.0100247	0.0347391	0.19674	0	0.0101526	0.0354332	0.179572
549	0.0100247	0.0341223	0.184244	0	0.0101526	0.0355202	0.179507
550	0.0100289	0.0340562	0.184244	0	0.0100167	0.0361394	0.179572
551	0.0100289	0.0329441	0.179769	0	0.0101526	0.03646	0.179572
552	0.0100289	0.0327647	0.177916	0.0029985	0.0101526	0.0361101	0.179572
553	0.0100289	0.0329959	0.179769	0.0029985	0.01018	0.0365823	0.179572
554	0.0100289	0.0331851	0.179769	0.0029985	0.01018	0.0369338	0.179572
555	0.0100289	0.0342991	0.18418	0.0029985	0.0105714	0.0387646	0.192133
556	0.0100289	0.0344894	0.18418	0.0029985	0.0103506	0.0400461	0.190971
557	0.0101632	0.0354303	0.199118	0.0029985	0.0103506	0.0403013	0.191617
558	0.0101632	0.0371105	0.201293	0.005997	0.0103506	0.0405159	0.191617
559	0.0100289	0.0371644	0.19674	0.00449775	0.0103506	0.0409622	0.190971
560	0.0100988	0.0379675	0.202309	0.005997	0.0105714	0.0414218	0.192133
561	0.0100289	0.0391685	0.236994	0.0104948	0.0103506	0.0418858	0.182928
562	0.0100289	0.0404468	0.253112	0.0134933	0.0103506	0.0428377	0.182928
563	0.0100289	0.0414462	0.28877	0.0149925	0.0103506	0.0437405	0.182928
564	0.0100289	0.0429977	0.319602	0.0149925	0.0105714	0.0447044	0.190971
565	0.0100289	0.0410157	0.253112	0	0.0106847	0.0448487	0.192133
566	0.0100289	0.0402263	0.243897	0	0.0105743	0.0454153	0.18281
567	0.0100289	0.0400167	0.259337	0	0.0105714	0.0456435	0.184391
568	0.0100289	0.0405608	0.264759	0	0.0107144	0.0460678	0.192133
569	0.0100289	0.0437381	0.324141	0.0029985	0.0105743	0.0469137	0.191617
570	0.0100289	0.0437198	0.311923	0.0029985	0.0105743	0.0471344	0.191617
571	0.0100289	0.0437189	0.324141	0.0029985	0.0105743	0.0470411	0.191617
572	0.0100289	0.0439432	0.337475	0.0029985	0.0105743	0.047435	0.196485
573	0.0100289	0.0434824	0.361694	0.00149925	0.0105743	0.0480723	0.19747
574	0.0100289	0.04413	0.376236	0.00149925	0.0105743	0.0484901	0.205148
575	0.0100289	0.0454013	0.418364	0.0029985	0.0103543	0.0490732	0.205272
576	0.0100289	0.0468341	0.439876	0.0029985	0.0105743	0.0499894	0.226445
577	0.0100289	0.0500335	0.503435	0.0089955	0.0101645	0.0502934	0.214955
578	0.0100289	0.0513964	0.508465	0.0104948	0.010259	0.0514569	0.222208
579	0.0100289	0.054333	0.585957	0.0164918	0.010259	0.0543072	0.247027
580	0.0100289	0.0555177	0.608291	0.0194903	0.010259	0.055217	0.242286
581	0.0100289	0.0573577	0.696772	0.023988	0.0103543	0.0553549	0.247027
582	0.0100289	0.0582852	0.694489	0.023988	0.010259	0.0545068	0.238148
583	0.0100289	0.0647858	0.723783	0.029985	0.0105743	0.0573111	0.258678
584	0.0100289	0.069845	0.757095	0.0374813	0.0103543	0.059368	0.258678
585	0.0100289	0.0763787	0.906739	0.0434783	0.0102066	0.0619565	0.269059
586	0.0100289	0.0900899	1.03405	0.05997	0.010259	0.0637246	0.327349
587	0.0104598	0.101849	1.22027	0.0704648	0.0102066	0.0622787	0.310378
588	0.0100289	0.113856	1.22027	0.089955	0.010259	0.0614726	0.281131
589	0.0112314	0.131891	1.61233	0.107946	0.010259	0.0594137	0.258678
590	0.0112314	0.141509	1.59598	0.121439	0.0102066	0.0583026	0.247027
591	0.0111521	0.159211	1.65469	0.146927	0.0105743	0.0576126	0.258678
592	0.0112314	0.189967	1.75935	0.170915	0.0100083	0.0626717	0.284062
593	0.0112314	0.238998	2.2209	0.212894	0.0100083	0.0616143	0.293823
594	0.0112314	0.314983	3.04518	0.262369	0.0103543	0.061181	0.284062
595	0.0227861	0.552315	9.73898	0.367316	0.0103543	0.0616406	0.293823
596	0.120227	1.12784	11.674	0.49925	0.0103543	0.0633615	0.327349
597	0.0850914	0.824581	5.89217	0.412294	0.0103543	0.0636675	0.327349
598	0.0938636	0.722537	5.13761	0.376312	0.0100083	0.0610559	0.269059
599	0.11779	0.734818	5.89041	0.376312	0.0106609	0.0590599	0.268037
600	0.103642	0.745513	5.67743	0.37931	0.0110861	0.0553894	0.264501
601	0.0352299	0.476822	5.67743	0.277361	0.0107592	0.0546409	0.258678
602	0.0143825	0.385477	2.31448	0.22039	0.0106609	0.0550349	0.258678
603	0.0171539	0.322244	2.31448	0.17991	0.0110861	0.0535915	0.258678
604	0.0204277	0.289948	2.17558	0.154423	0.0100083	0.0512782	0.225044
605	0.0203412	0.274858	2.1312	0.142429	0.0108617	0.051421	0.249671
606	0.0204277	0.267814	2.17558	0.13943	0.0110861	0.0499388	0.249671
607	0.0199752	0.260101	2.35792	0.137931	0.0105276	0.047962	0.209305
608	0.0143825	0.237015	1.64105	0.118441	0.010242	0.0470878	0.207404
609	0.0143825	0.228397	1.6308	0.107946	0.010242	0.0465705	0.206781
610	0.0143825	0.22071	1.6308	0.103448	0.010242	0.0473067	0.209305
611	0.0126101	0.213004	1.29513	0.0884558	0.010242	0.0475416	0.209305
612	0.0143825	0.209663	1.5771	0.0869565	0.010242	0.0472658	0.209305
613	0.0143825	0.220884	1.63194	0.0869565	0.010242	0.0474855	0.211513
614	0.0143825	0.216307	1.63194	0.0794603	0.010242	0.0473562	0.209305
615	0.0126101	0.221288	1.77437	0.095952	0.010242	0.0484087	0.207404
616	0.0131621	0.22951	1.72347	0.095952	0.010242	0.0500907	0.229119
617	0.0126101	0.186546	1.34001	0.0734633	0.010242	0.0508503	0.249671
618	0.0131621	0.136217	0.884016	0.029985	0.010242	0.0521477	0.256145
619	0.0137953	0.11735	0.867756	0.0089955	0.010242	0.0534071	0.261786
620	0.0105053	0.109849	0.684175	0.005997	0.010242	0.0572567	0.328415
621	0.0101022	0.106376	0.644525	0.005997	0.010242	0.0620768	0.389545
622	0.0101022	0.0997897	0.628981	0.005997	0.010242	0.0633621	0.389545
623	0.0101022	0.0920066	0.628981	0.0089955	0.0101563	0.0651439	0.389545
624	0.0101022	0.0847403	0.572627	0.0089955	0.0101563	0.0654303	0.397568
625	0.0101022	0.0756044	0.475415	0.00149925	0.0101563	0.0706321	0.489955
626	0.0105053	0.072341	0.483176	0	0.010242	0.0789773	0.659668
627	0.0101022	0.0692731	0.470743	0.00149925	0.010242	0.0826198	0.759961
628	0.0101022	0.069695	0.468899	0.00449775	0.010242	0.0866357	1.0795
629	0.0103699	0.0688601	0.475415	0.0089955	0.010242	0.0906807	1.75571
630	0.0106277	0.0660956	0.475415	0.011994	0.010242	0.0942679	2.1587
631	0.0101022	0.0646893	0.443239	0.00749625	0.010242	0.0954693	2.17785
632	0.0101022	0.0640849	0.443239	0.0089955	0.010242	0.0934865	1.96057
633	0.0101022	0.0625763	0.438139	0.0089955	0.010242	0.0992276	2.1587
634	0.0101022	0.0623444	0.443239	0.0104948	0.010242	0.108497	3.37688
635	0.0105053	0.0632571	0.463613	0.0134933	0.010242	0.122375	6.36319
636	0.0105053	0.0635706	0.463613	0.0134933	0.010242	0.130829	8.87627
637	0.0105053	0.0640562	0.464346	0.0149925	0.0103543	0.140745	13.7886
638	0.0103699	0.062008	0.464346	0.017991	0.010242	0.146133	13.7886
639	0.0103699	0.0612879	0.475415	0.0194903	0.010242	0.153136	13.7886
640	0.0103699	0.0627723	0.475415	0.0224888	0.0101365	0.15428	13.7886
641	0.0103699	0.0632729	0.475415	0.023988	0.0101365	0.153553	13.7886
642	0.0101608	0.0629455	0.464346	0.023988	0.0101365	0.155511	13.7886
643	0.0100119	0.0652286	0.596537	0.0344828
