		omega		Posterior		rho				Synonymous theta			kappa			phi	
Site	Lower	Point	Higher	prob of +ve	Lower	Point	Higher		Lower	Point	Higher	Lower	Point	Higher	Lower	Point	Higher
	95% HPD	estimate	95% HPD	selection	95% HPD	estimate	95% HPD		95% HPD	estimate	95% HPD	95% HPD	estimate	95% HPD	95% HPD	estimate	95% HPD
0	0.0100878	0.0322657	0.13353	0	0.0100676	0.0502591	0.758486		0.037617	0.0571357	0.0821272	1.2339	2.65776	6.29543	8.14553	39.0617	164.903
1	0.0100878	0.0322821	0.13353	0	0.0101268	0.0432039	0.491641
2	0.0100878	0.0322162	0.13353	0	0.0100676	0.0399899	0.440313
3	0.0100878	0.0322164	0.13353	0	0.0100676	0.0387729	0.404303
4	0.0101531	0.0322555	0.13353	0	0.0101268	0.0383987	0.42908
5	0.0101531	0.0323532	0.13353	0	0.0101268	0.0377471	0.400933
6	0.0101531	0.0323695	0.13353	0	0.0101268	0.0357241	0.386292
7	0.0100878	0.0324338	0.13353	0	0.0101268	0.034468	0.366928
8	0.0101531	0.032444	0.13353	0	0.0101268	0.0335653	0.345431
9	0.0101531	0.0324313	0.13353	0	0.0101268	0.0333651	0.345431
10	0.0100878	0.0321455	0.124663	0	0.0101268	0.0331303	0.345431
11	0.0100878	0.0322294	0.124663	0	0.0101268	0.0328996	0.345431
12	0.0101531	0.0318045	0.118578	0	0.010153	0.0323867	0.304144
13	0.0100878	0.03211	0.122088	0.0029985	0.010153	0.0315912	0.269985
14	0.0101531	0.0319487	0.122088	0.00149925	0.0101268	0.03098	0.250256
15	0.0100878	0.0322392	0.131815	0.00449775	0.0101268	0.0308024	0.250256
16	0.0100878	0.0321222	0.132984	0.00149925	0.0101268	0.0307603	0.255225
17	0.0100878	0.0317819	0.132984	0.00149925	0.0101268	0.0293305	0.22847
18	0.0100878	0.03203	0.131815	0	0.0101268	0.0288745	0.226814
19	0.0100878	0.0327087	0.14874	0	0.0101268	0.0282862	0.22847
20	0.0100878	0.032925	0.152352	0	0.0101268	0.0285871	0.242669
21	0.0100878	0.0332379	0.154186	0.0029985	0.0100848	0.0276329	0.215713
22	0.0100878	0.0327051	0.134488	0.0029985	0.0100848	0.0277228	0.218291
23	0.0100878	0.0327761	0.132984	0.00149925	0.0100848	0.0280221	0.215713
24	0.0100878	0.0329732	0.131815	0.00149925	0.0100848	0.0281373	0.218291
25	0.0100878	0.0328574	0.122783	0.00149925	0.0100848	0.0278477	0.218291
26	0.0100878	0.032813	0.122314	0	0.0100848	0.0272096	0.20005
27	0.0101093	0.0330084	0.122088	0	0.0100596	0.0269235	0.189578
28	0.0101093	0.033597	0.122197	0	0.0100596	0.0261675	0.157365
29	0.0100878	0.0335922	0.122197	0	0.0100596	0.026465	0.166957
30	0.0100878	0.0335652	0.122783	0	0.0100596	0.0261767	0.157365
31	0.0100878	0.033924	0.124663	0	0.0100596	0.0259597	0.155971
32	0.0100878	0.0348441	0.132984	0	0.0100596	0.0256673	0.149125
33	0.0100878	0.0350706	0.134488	0	0.0100596	0.0255441	0.157365
34	0.0100878	0.0352715	0.143586	0	0.0100596	0.0253134	0.157365
35	0.0100878	0.0356189	0.132984	0	0.0100596	0.0252686	0.159645
36	0.0100878	0.0357659	0.131886	0	0.0100374	0.0249401	0.156402
37	0.0101093	0.0366481	0.146517	0.00149925	0.0100374	0.0253271	0.173925
38	0.0101093	0.0369196	0.146517	0	0.0100596	0.0268952	0.20005
39	0.0100878	0.0374057	0.146517	0.00149925	0.0100374	0.0272183	0.244892
40	0.0101093	0.0376575	0.154186	0.00149925	0.0100374	0.0286893	0.359199
41	0.0100878	0.0385779	0.161473	0.00149925	0.0100374	0.0280291	0.359199
42	0.0100878	0.0390507	0.161473	0	0.0100374	0.028072	0.4196
43	0.0100878	0.0400848	0.164875	0.00149925	0.0100374	0.0272578	0.308485
44	0.0100878	0.0397009	0.161473	0	0.0100374	0.0273296	0.281498
45	0.0101093	0.0404951	0.162039	0	0.0100374	0.0268632	0.247897
46	0.0100878	0.0412194	0.167973	0	0.0100374	0.0268385	0.247897
47	0.0100878	0.0421888	0.175864	0	0.0100374	0.0267368	0.247897
48	0.0100878	0.0429409	0.185855	0	0.0100374	0.0268003	0.224775
49	0.0100878	0.0436152	0.185855	0	0.0100374	0.0259655	0.21083
50	0.0102719	0.0443304	0.19044	0	0.0100374	0.02565	0.149125
51	0.0100878	0.0459876	0.194609	0.00149925	0.0100374	0.0253444	0.143301
52	0.0100878	0.046909	0.19044	0	0.0100374	0.0248178	0.110936
53	0.0100878	0.0489351	0.206858	0	0.0100374	0.0245779	0.109195
54	0.0100878	0.0496317	0.21302	0.00149925	0.0100374	0.0237486	0.098856
55	0.0100878	0.0510218	0.21145	0	0.0100374	0.0223124	0.0868846
56	0.0100878	0.0517134	0.209122	0	0.0100374	0.0211547	0.0727525
57	0.0100878	0.0533929	0.214038	0	0.0100374	0.0211675	0.0692379
58	0.0100878	0.0554612	0.229381	0.00149925	0.0100374	0.021098	0.068934
59	0.0102671	0.0574175	0.246495	0.0029985	0.0100374	0.0210286	0.0671176
60	0.0102671	0.059458	0.252084	0.0029985	0.0100079	0.0205926	0.0660272
61	0.0101319	0.0609888	0.252084	0.00149925	0.0100079	0.0206181	0.0665924
62	0.0100878	0.0640213	0.265177	0.00449775	0.0100079	0.0203261	0.06556
63	0.0100878	0.0680855	0.286161	0.005997	0.0100079	0.0201753	0.0649906
64	0.0102671	0.0742749	0.433634	0.0104948	0.0100079	0.0200183	0.064418
65	0.0100878	0.0704444	0.339671	0.00449775	0.0100374	0.0200926	0.0649906
66	0.0102671	0.0676497	0.300047	0.0029985	0.0100374	0.0199214	0.0645168
67	0.0106212	0.0659018	0.301169	0.00149925	0.0100079	0.019789	0.0602495
68	0.0100878	0.0640134	0.256145	0.0029985	0.0100079	0.0198799	0.0602495
69	0.0100878	0.0628384	0.246495	0.00149925	0.0100079	0.0198081	0.0582813
70	0.0102671	0.0629804	0.250762	0.00149925	0.0100079	0.019957	0.0602495
71	0.0100878	0.0634501	0.251224	0.00449775	0.0100079	0.0197392	0.0554047
72	0.0102671	0.0616166	0.251224	0.00149925	0.0100079	0.019694	0.0554047
73	0.0102671	0.061322	0.246495	0.00149925	0.0100079	0.0197965	0.0567835
74	0.0102671	0.0611953	0.242298	0.00149925	0.0100079	0.0196789	0.0567835
75	0.0102671	0.0614157	0.242298	0	0.0100079	0.0195356	0.0550186
76	0.0106212	0.0618131	0.246495	0.00149925	0.0100079	0.0198077	0.0598286
77	0.0106212	0.0613845	0.240673	0.00149925	0.0100079	0.0196784	0.0602495
78	0.0108218	0.0617305	0.240039	0.00149925	0.0100079	0.0193464	0.0541378
79	0.0106212	0.0619447	0.22737	0.00149925	0.0100079	0.0191305	0.0511678
80	0.0106886	0.0625951	0.23523	0.00149925	0.0100079	0.0188791	0.0506587
81	0.0103965	0.0623301	0.22737	0.00149925	0.0100581	0.0186718	0.0500041
82	0.0106212	0.0620292	0.229936	0.00149925	0.0100079	0.0185908	0.0470546
83	0.0106212	0.0629923	0.229936	0	0.0100079	0.0185968	0.0481369
84	0.0104609	0.0643566	0.23523	0	0.0100079	0.01857	0.0466464
85	0.0100308	0.0657446	0.23523	0	0.0100079	0.0186649	0.0466464
86	0.0100308	0.0687863	0.240039	0	0.0100079	0.0186513	0.0466464
87	0.0100308	0.0709135	0.246495	0.00149925	0.0100079	0.0184981	0.0457849
88	0.011222	0.0764219	0.331002	0.0089955	0.0100079	0.0184373	0.0456567
89	0.0105204	0.0827142	0.391176	0.0194903	0.0100353	0.0185801	0.0451061
90	0.0102402	0.0786337	0.33344	0.011994	0.0100353	0.018524	0.0450826
91	0.0139039	0.075584	0.417567	0.00449775	0.0100353	0.0185152	0.0466464
92	0.0139039	0.0726046	0.341836	0.00149925	0.0100353	0.0184468	0.0450826
93	0.0139039	0.0717024	0.375882	0.00149925	0.0100353	0.018589	0.0481369
94	0.013183	0.0706951	0.346327	0.00149925	0.0100353	0.0187316	0.0500867
95	0.0136168	0.0695005	0.329595	0	0.0100353	0.0188357	0.0509855
96	0.0139039	0.0694565	0.322816	0.0029985	0.0100353	0.0190656	0.0511331
97	0.0100308	0.0700019	0.242298	0.005997	0.0100353	0.0193425	0.0524011
98	0.0136168	0.069736	0.322816	0.00449775	0.0100353	0.0194703	0.0534124
99	0.0136168	0.0686348	0.303845	0	0.0100353	0.0194393	0.0535495
100	0.0151176	0.0688502	0.346327	0	0.0100353	0.0191552	0.0527971
101	0.0155356	0.0694286	0.346327	0	0.0100353	0.0192148	0.0534124
102	0.0136168	0.0713039	0.322816	0.00149925	0.0100353	0.0195009	0.0538909
103	0.0136971	0.0718302	0.322816	0.00149925	0.0100353	0.0195555	0.0538909
104	0.0136971	0.0733798	0.322816	0	0.0100353	0.0199624	0.056559
105	0.0136168	0.0749183	0.336635	0	0.0100353	0.0199502	0.056559
106	0.0123961	0.0761995	0.339967	0	0.0100353	0.0201286	0.0609481
107	0.0144622	0.0781973	0.438803	0.00149925	0.0100353	0.019812	0.0615451
108	0.0167755	0.0792668	0.495038	0.00149925	0.0100353	0.0199688	0.0615451
109	0.0140497	0.0815691	0.417567	0.00149925	0.0100353	0.0201805	0.0645168
110	0.0140497	0.0856667	0.495038	0.0104948	0.0100353	0.0201383	0.0645168
111	0.0144622	0.0799589	0.438803	0.00149925	0.0100353	0.02053	0.0685382
112	0.0140497	0.0772063	0.410653	0.00449775	0.0100353	0.0205604	0.0688794
113	0.010051	0.0757191	0.303845	0.00749625	0.0100353	0.0206588	0.0691296
114	0.010051	0.0706767	0.261919	0.00149925	0.0100353	0.0211188	0.0748073
115	0.010051	0.0683145	0.242298	0.00149925	0.0100353	0.0212729	0.0778208
116	0.010051	0.0676129	0.237547	0.0029985	0.0100353	0.0217273	0.0786586
117	0.010129	0.0656672	0.225828	0	0.0100353	0.0220004	0.0802625
118	0.0107459	0.064022	0.237547	0.00149925	0.0100353	0.0221997	0.0811951
119	0.0101852	0.0634765	0.224436	0.00149925	0.0100353	0.0233415	0.0871458
120	0.0107459	0.0632855	0.233823	0	0.0100353	0.0234343	0.0940162
121	0.0107459	0.0626279	0.233823	0	0.0100353	0.0244585	0.10228
122	0.0111642	0.0614874	0.227384	0	0.0100213	0.0248799	0.104057
123	0.0111642	0.0596292	0.227384	0	0.0100213	0.02516	0.105246
124	0.0114091	0.059146	0.227384	0	0.0100213	0.0259301	0.110297
125	0.0108779	0.0603223	0.225828	0.0029985	0.0100213	0.0261012	0.113405
126	0.0107593	0.0596118	0.227384	0.00149925	0.0100213	0.0258994	0.113611
127	0.0108779	0.0596245	0.225828	0.00149925	0.0100213	0.0264825	0.125643
128	0.0114091	0.059748	0.235088	0.00149925	0.0100213	0.0260704	0.127076
129	0.0114091	0.0604576	0.242298	0.0029985	0.0100213	0.0259933	0.119022
130	0.0114091	0.0611083	0.243713	0.00149925	0.0100213	0.025396	0.10978
131	0.010129	0.0626682	0.225828	0.00449775	0.0100213	0.0253711	0.110297
132	0.0108708	0.0619833	0.235088	0.0029985	0.0100213	0.025289	0.123541
133	0.0102679	0.0624131	0.227384	0.0029985	0.0100213	0.0234549	0.0960885
134	0.0102679	0.0633074	0.243049	0.0029985	0.0100213	0.0233015	0.0946969
135	0.0103535	0.0649029	0.255929	0.0029985	0.0100066	0.0239177	0.119022
136	0.010051	0.0664842	0.26529	0.0029985	0.0100066	0.0237844	0.104057
137	0.010051	0.0688876	0.302547	0.005997	0.0100066	0.0236438	0.104057
138	0.0114306	0.0711941	0.383029	0.00449775	0.0100066	0.024063	0.117413
139	0.0102679	0.078181	0.421419	0.017991	0.0100066	0.024347	0.123541
140	0.0105676	0.0934536	1.00557	0.0494753	0.0100066	0.0246649	0.125643
141	0.0105676	0.0734075	0.416968	0.0089955	0.0100066	0.0242923	0.123541
142	0.0104242	0.0683438	0.383029	0.0029985	0.0100066	0.0249993	0.133441
143	0.0107593	0.066085	0.383029	0.0029985	0.0100066	0.025663	0.145185
144	0.0105676	0.0633507	0.33569	0.00149925	0.0100066	0.0262549	0.15644
145	0.0105676	0.0616079	0.33569	0.0029985	0.0100066	0.027125	0.172098
146	0.0100381	0.060762	0.317122	0.00449775	0.0100066	0.028015	0.189475
147	0.0100381	0.0601606	0.317122	0.00449775	0.0100066	0.0283245	0.179594
148	0.0100381	0.0593121	0.303839	0.0029985	0.0100066	0.0289058	0.195357
149	0.0100381	0.0596043	0.314617	0.00449775	0.0100066	0.0291493	0.195357
150	0.0100381	0.0598696	0.317122	0.00449775	0.0100066	0.0305537	0.23333
151	0.0104242	0.0597758	0.340037	0.00449775	0.0100066	0.0313872	0.251994
152	0.0100381	0.059534	0.327707	0.005997	0.0100213	0.0344308	0.363279
153	0.0100381	0.0589987	0.327707	0.005997	0.0100213	0.0471679	1.63449
154	0.0100381	0.0597025	0.340037	0.0089955	0.0100213	0.0589784	8.69588
155	0.0103939	0.0607175	0.373861	0.0104948	0.0100353	0.0737678	15.6445
156	0.0103939	0.0626213	0.416968	0.0134933	0.0100213	0.103622	22.9785
157	0.0100381	0.0641461	0.425186	0.017991
