		omega		Posterior		rho				Synonymous theta			kappa			phi	
Site	Lower	Point	Higher	prob of +ve	Lower	Point	Higher		Lower	Point	Higher	Lower	Point	Higher	Lower	Point	Higher
	95% HPD	estimate	95% HPD	selection	95% HPD	estimate	95% HPD		95% HPD	estimate	95% HPD	95% HPD	estimate	95% HPD	95% HPD	estimate	95% HPD
0	0.0101292	0.0398031	0.169253	0	0.0102909	0.110276	3.20556		0.112201	0.126254	0.145968	3.22977	4.16105	5.42409	0	0	0
1	0.0101292	0.0397922	0.180322	0	0.0102909	0.110111	3.23033
2	0.0101292	0.0397786	0.169253	0	0.010299	0.101502	3.15874
3	0.0101292	0.0394801	0.151125	0	0.010299	0.100158	2.91925
4	0.0101292	0.0395401	0.169253	0	0.0102909	0.0941211	2.40664
5	0.0101292	0.0394484	0.151125	0	0.0102909	0.0897305	2.27042
6	0.0101292	0.0387627	0.141938	0	0.0102909	0.0879863	2.34707
7	0.0101292	0.0379958	0.125422	0	0.0102909	0.0857072	2.26237
8	0.0101292	0.0383747	0.129424	0	0.010299	0.0839518	2.07368
9	0.0101292	0.0385008	0.123479	0	0.0102909	0.0833192	1.77907
10	0.0101815	0.039062	0.125422	0	0.0102909	0.082409	2.00113
11	0.0101815	0.039569	0.125422	0	0.010299	0.078467	2.00113
12	0.0101815	0.0395721	0.123479	0	0.010299	0.0723084	1.14417
13	0.010265	0.0398115	0.12198	0	0.010299	0.0697688	0.911911
14	0.0107146	0.0398831	0.129424	0	0.010299	0.0661236	0.59426
15	0.010265	0.0402794	0.128029	0	0.010299	0.060331	0.348497
16	0.010265	0.0410606	0.129424	0.0029985	0.010299	0.0605948	0.318516
17	0.010265	0.0411927	0.128529	0	0.010299	0.0580368	0.285852
18	0.0107146	0.0413937	0.141938	0	0.010299	0.0579573	0.285852
19	0.0107146	0.0416697	0.144572	0	0.010299	0.0582974	0.285852
20	0.0107146	0.0417486	0.142233	0	0.010299	0.0603695	0.300061
21	0.0107146	0.0427837	0.147021	0	0.010299	0.0606732	0.287356
22	0.010265	0.0439654	0.142233	0	0.010299	0.061459	0.285852
23	0.010265	0.045005	0.150328	0	0.010299	0.0622461	0.263362
24	0.010265	0.047821	0.170199	0.00149925	0.010299	0.0632018	0.285852
25	0.0107146	0.0457763	0.167427	0	0.010299	0.065099	0.300061
26	0.0107146	0.044278	0.163723	0	0.010299	0.0750609	0.657743
27	0.0107146	0.0447691	0.163735	0.00149925	0.0106407	0.0664534	0.324743
28	0.010265	0.044502	0.153088	0	0.0106407	0.0660731	0.287356
29	0.0107146	0.0440017	0.153466	0	0.0106407	0.0643672	0.262988
30	0.0107146	0.0435466	0.153466	0	0.0103197	0.0666526	0.285852
31	0.010209	0.0434309	0.144572	0	0.0103197	0.0700633	0.300426
32	0.0107146	0.0436616	0.1535	0	0.0107607	0.0692993	0.287356
33	0.010265	0.044126	0.1535	0	0.0131359	0.0705378	0.357348
34	0.0107146	0.0454536	0.167427	0	0.0132348	0.0702596	0.357348
35	0.0107146	0.0461864	0.167865	0	0.0132348	0.0738086	0.356867
36	0.010356	0.0477198	0.170544	0	0.0132348	0.0767996	0.352746
37	0.010356	0.0483158	0.170544	0	0.0132348	0.0812916	0.357348
38	0.010356	0.0499382	0.170544	0	0.0126471	0.0824496	0.357348
39	0.0107146	0.0532936	0.199003	0	0.0130193	0.0863709	0.358459
40	0.0107146	0.0551153	0.199003	0	0.0132348	0.0877373	0.357348
41	0.0107146	0.0604006	0.207169	0	0.0132348	0.0949463	0.358459
42	0.0117465	0.0669019	0.230248	0	0.0132298	0.0952137	0.352746
43	0.0177484	0.0767328	0.332567	0.0029985	0.0130193	0.100427	0.361357
44	0.0192267	0.0821968	0.313566	0.0029985	0.0130193	0.103155	0.361357
45	0.0205279	0.0809238	0.313566	0	0.0130193	0.109056	0.398416
46	0.0205279	0.0817102	0.313566	0	0.0143664	0.118719	0.443222
47	0.0228829	0.0827598	0.332567	0	0.0146836	0.128513	0.462889
48	0.0228829	0.0837111	0.313566	0	0.0146836	0.132872	0.453949
49	0.0223883	0.0848158	0.313566	0	0.0146836	0.135848	0.450028
50	0.0210584	0.0873698	0.298613	0	0.0146836	0.144558	0.470116
51	0.0210584	0.0895025	0.298613	0	0.0228212	0.146195	0.724358
52	0.0223883	0.0880731	0.311914	0	0.0234757	0.14514	0.671562
53	0.0210584	0.087265	0.26142	0	0.0209132	0.144447	0.597193
54	0.0210584	0.0869835	0.26142	0	0.0364185	0.150105	0.675909
55	0.0210584	0.0872673	0.250987	0	0.0422181	0.154002	0.675909
56	0.0210584	0.087189	0.250987	0	0.0433525	0.161569	0.58563
57	0.0248607	0.0882651	0.298613	0	0.0453395	0.16743	0.597193
58	0.0252034	0.0905708	0.298613	0	0.0405764	0.166135	0.58563
59	0.0234061	0.0935435	0.323888	0	0.0393981	0.161611	0.671562
60	0.0252034	0.096208	0.400284	0	0.0393981	0.160437	0.671562
61	0.0235616	0.1042	0.435992	0.005997	0.0393981	0.160055	0.671562
62	0.0236197	0.101363	0.435992	0	0.0288803	0.159252	0.562846
63	0.0234061	0.101815	0.435992	0	0.0337683	0.145813	0.582974
64	0.0240874	0.103554	0.483709	0.0029985	0.0319014	0.143372	0.582974
65	0.0234061	0.106317	0.512683	0.00749625	0.028683	0.141817	0.531283
66	0.0252034	0.112598	0.667325	0.0149925	0.0288803	0.139966	0.531283
67	0.0234061	0.11961	0.754695	0.0254873	0.028683	0.137028	0.539018
68	0.0234061	0.163112	3.48914	0.104948	0.028683	0.134215	0.539018
69	0.0113158	0.0965739	0.483709	0.0149925	0.0179228	0.131839	0.41565
70	0.0116048	0.0747219	0.353025	0	0.0179228	0.131913	0.41565
71	0.010033	0.065446	0.257661	0	0.0184784	0.130148	0.419201
72	0.0113158	0.0581564	0.239802	0	0.028683	0.131179	0.590678
73	0.0112138	0.0504021	0.21924	0	0.028683	0.131025	0.582974
74	0.010033	0.0459416	0.183203	0	0.0297919	0.130773	0.590678
75	0.010033	0.0444045	0.180149	0	0.0175161	0.133586	0.398416
76	0.0108627	0.0424291	0.19062	0	0.028683	0.129334	0.590678
77	0.010033	0.0413419	0.178192	0.0029985	0.028683	0.132767	0.590678
78	0.0100793	0.0389718	0.1535	0	0.0297919	0.135403	0.679326
79	0.0100793	0.0379635	0.135244	0	0.028683	0.138101	0.679326
80	0.0100793	0.0370726	0.133481	0	0.0318285	0.136102	0.671562
81	0.0100793	0.03694	0.121631	0	0.0318285	0.135214	0.671562
82	0.0100793	0.0363484	0.121054	0	0.0318285	0.135731	0.671562
83	0.0101133	0.0362555	0.121054	0	0.0318285	0.133789	0.659814
84	0.0100793	0.0361506	0.115519	0	0.0187342	0.135425	0.478235
85	0.0100793	0.0351709	0.113713	0.00149925	0.0187342	0.128287	0.498341
86	0.0101133	0.0342826	0.107854	0.0029985	0.0165809	0.124831	0.455884
87	0.0100793	0.0338999	0.105929	0.0029985	0.01653	0.119204	0.453949
88	0.0105884	0.0338372	0.108545	0.0029985	0.0145047	0.110279	0.394384
89	0.0103182	0.0339725	0.107854	0.0029985	0.0145047	0.107931	0.423617
90	0.0105884	0.0335393	0.108545	0.0029985	0.0145047	0.106128	0.395129
91	0.0100793	0.0330612	0.100204	0.00149925	0.0145047	0.104211	0.395129
92	0.0100793	0.0328427	0.0986467	0	0.0145047	0.104971	0.395129
93	0.0100793	0.0328691	0.0986467	0	0.0145047	0.104568	0.39239
94	0.0100793	0.0324444	0.0966035	0	0.0145047	0.101353	0.390396
95	0.0100793	0.0323544	0.0966035	0	0.0145047	0.100237	0.39239
96	0.0101451	0.0320748	0.0981672	0	0.0145047	0.0947143	0.395129
97	0.0100793	0.0319283	0.101314	0	0.0130618	0.0904774	0.346713
98	0.0105697	0.0322431	0.107854	0	0.0106779	0.0905117	0.28199
99	0.0105111	0.0321895	0.107854	0	0.0106779	0.0888978	0.276789
100	0.0105111	0.0324264	0.107854	0	0.0106779	0.0877631	0.271825
101	0.0103182	0.0328759	0.107854	0.00149925	0.0106779	0.0873475	0.271825
102	0.0102737	0.0335752	0.108545	0.00449775	0.0108733	0.0874377	0.291021
103	0.0103182	0.0343916	0.113713	0.00749625	0.0130618	0.0872069	0.333966
104	0.0101699	0.0338112	0.108545	0.0029985	0.0130618	0.0861788	0.332809
105	0.0102737	0.0339632	0.107826	0	0.0106779	0.0834828	0.268075
106	0.0102737	0.0344038	0.108545	0	0.0106779	0.0839817	0.271825
107	0.0101699	0.0347594	0.108545	0	0.0106779	0.0848733	0.271825
108	0.0103182	0.0354822	0.11348	0	0.0108733	0.0860701	0.291021
109	0.0104148	0.0368116	0.117742	0.00449775	0.0106779	0.0879505	0.310419
110	0.0104148	0.0366619	0.117742	0	0.0106779	0.0865877	0.290563
111	0.0102737	0.0374812	0.12905	0	0.0108733	0.0876388	0.313828
112	0.0100793	0.0384512	0.13247	0	0.012976	0.0879851	0.372376
113	0.0100793	0.0396204	0.140195	0	0.0106779	0.0867875	0.291021
114	0.0101699	0.039815	0.140195	0	0.0111466	0.0968977	0.381503
115	0.0103182	0.0407745	0.145218	0	0.0106779	0.095147	0.336685
116	0.0104148	0.0415277	0.148375	0	0.0106779	0.0966867	0.339792
117	0.0104148	0.0418159	0.148375	0	0.012976	0.0986629	0.39006
118	0.0101699	0.0425397	0.148375	0	0.0125397	0.0984236	0.399231
119	0.0105884	0.0435209	0.169259	0	0.0125397	0.0967852	0.372376
120	0.0106309	0.0463611	0.175655	0	0.012976	0.0963567	0.372376
121	0.0104148	0.0490743	0.183705	0	0.012976	0.0977724	0.346115
122	0.0104148	0.0517687	0.19456	0.0089955	0.012976	0.100763	0.372376
123	0.0104148	0.0524912	0.19456	0	0.012976	0.100916	0.372376
124	0.0104148	0.0554191	0.19456	0	0.0162149	0.102285	0.442064
125	0.0104148	0.0556916	0.194167	0	0.01653	0.102362	0.427909
126	0.0105884	0.0551245	0.19456	0	0.0171516	0.102388	0.427909
127	0.0110277	0.0546106	0.19456	0	0.0171516	0.101404	0.442064
128	0.0110277	0.0547852	0.19456	0	0.016283	0.09993	0.427909
129	0.0110277	0.0555422	0.19456	0.00449775	0.016283	0.0965728	0.372376
130	0.0112235	0.054902	0.193328	0	0.016283	0.0973666	0.381045
131	0.0112235	0.0561789	0.19456	0	0.0171516	0.0961122	0.346713
132	0.0112235	0.0565459	0.19456	0	0.0208105	0.0956186	0.346713
133	0.0112235	0.056936	0.19456	0	0.0245337	0.0969901	0.367273
134	0.0114936	0.0538336	0.196889	0	0.0245337	0.0979157	0.332809
135	0.0118344	0.0518109	0.19456	0	0.0254089	0.0998505	0.340037
136	0.0114936	0.050566	0.19456	0	0.0245337	0.098105	0.340037
137	0.0112345	0.050329	0.183834	0	0.0245337	0.0976058	0.338534
138	0.0120507	0.0492434	0.19456	0	0.0245337	0.0963677	0.338534
139	0.0112235	0.047975	0.173751	0	0.0237285	0.0948027	0.338534
140	0.0112235	0.0466308	0.172786	0	0.0237285	0.0934989	0.381045
141	0.0110277	0.0462048	0.176592	0.005997	0.0224335	0.094248	0.338534
142	0.010384	0.0447956	0.157947	0	0.0224335	0.0947966	0.338534
143	0.0103659	0.0448264	0.157947	0	0.0192369	0.0962587	0.326351
144	0.0112235	0.0450086	0.173751	0	0.0237285	0.0990581	0.381045
145	0.0120507	0.0456756	0.183834	0	0.0224335	0.0934572	0.326351
146	0.0113156	0.0453651	0.183834	0	0.0197025	0.0882714	0.286416
147	0.0112345	0.0451867	0.183834	0	0.0197025	0.0870436	0.293743
148	0.0112235	0.0462053	0.19456	0	0.0141699	0.0840805	0.283044
149	0.0110277	0.0472186	0.196889	0.00149925	0.0141699	0.0817444	0.283044
150	0.0100693	0.0482812	0.193226	0	0.0141699	0.0798362	0.289508
151	0.0100693	0.0488867	0.19456	0	0.0141699	0.079452	0.283044
152	0.0100693	0.0502798	0.209272	0	0.0141699	0.0796576	0.293743
153	0.0100693	0.0522966	0.244092	0	0.0134979	0.0779479	0.283044
154	0.0100693	0.059326	0.414857	0.0149925	0.0135361	0.0781804	0.283044
155	0.0103659	0.0852058	1.2259	0.0644678	0.0141699	0.0796967	0.283044
156	0.0454868	0.642452	18.1825	0.4003	0.0134979	0.0806476	0.305938
157	0.0101095	0.0764695	0.732037	0.017991	0.0129706	0.0822814	0.305938
158	0.0100137	0.0629781	0.554906	0.0089955	0.0134979	0.0844248	0.34154
159	0.0101095	0.0524855	0.482236	0.0029985	0.0133518	0.0863149	0.34154
160	0.0100529	0.0449686	0.35145	0.0029985	0.0129706	0.0890581	0.34198
161	0.0100137	0.039086	0.266146	0	0.0129706	0.0913649	0.35925
162	0.0100137	0.0367652	0.225279	0	0.0142827	0.0955949	0.419213
163	0.0101095	0.0348799	0.221537	0	0.0158489	0.0976748	0.419213
164	0.0100529	0.032321	0.167746	0	0.010907	0.105864	0.500393
165	0.0100137	0.0310398	0.145584	0	0.0133518	0.111533	0.881342
166	0.0100137	0.03079	0.133088	0	0.018305	0.11375	1.02067
167	0.0100137	0.0302719	0.120907	0	0.0156564	0.110268	0.870607
168	0.0101095	0.029341	0.119332	0	0.0142827	0.107198	0.89085
169	0.0100137	0.0286764	0.11451	0	0.0147618	0.107017	0.89085
170	0.0100529	0.0287268	0.11451	0	0.0132242	0.106049	0.845806
171	0.0100137	0.0283687	0.107025	0	0.0132749	0.0987654	0.845806
172	0.0100137	0.0283595	0.108658	0	0.0132749	0.0969304	0.845806
173	0.0100529	0.0280121	0.106435	0	0.0100185	0.0942072	0.419213
174	0.0100137	0.0276276	0.103195	0	0.0110045	0.0932737	0.419213
175	0.0100529	0.0273612	0.106435	0	0.0132749	0.0914564	0.419213
176	0.0100137	0.0276785	0.107025	0	0.0132749	0.0891798	0.397799
177	0.0100137	0.0270732	0.0994667	0	0.0100185	0.0918365	0.419213
178	0.0100529	0.0268113	0.0994667	0	0.0132749	0.0848359	0.397799
179	0.0100529	0.0266779	0.0991284	0	0.0129192	0.0827366	0.384179
180	0.0100137	0.0268612	0.0994667	0	0.0119821	0.0817961	0.384179
181	0.0100529	0.0270918	0.106435	0	0.0125605	0.0741169	0.34154
182	0.0100137	0.0275302	0.109769	0	0.0119821	0.0725083	0.291439
183	0.0101095	0.0280158	0.113203	0	0.0120429	0.0720552	0.291439
184	0.0100529	0.028158	0.113203	0	0.0125605	0.071757	0.291439
185	0.0100706	0.0277895	0.113203	0	0.0128655	0.0718623	0.291439
186	0.0100706	0.0274636	0.113203	0	0.0128655	0.069949	0.291439
187	0.0100137	0.0277859	0.11451	0	0.0100185	0.0713415	0.253702
188	0.0101095	0.027044	0.113203	0	0.0104828	0.0735958	0.291439
189	0.0100137	0.0257858	0.110272	0	0.0103258	0.0735807	0.291439
190	0.0100137	0.0255441	0.108658	0	0.0100185	0.0732255	0.285862
191	0.0102926	0.0253561	0.113203	0	0.0100185	0.0734224	0.279886
192	0.0102869	0.0251894	0.113203	0	0.0100185	0.0724599	0.268747
193	0.0102454	0.0253104	0.113203	0	0.0100185	0.0736589	0.278064
194	0.0100137	0.0248222	0.106413	0	0.0100185	0.0737146	0.279338
195	0.0100137	0.0247601	0.108658	0	0.0100185	0.0744795	0.278064
196	0.0100137	0.0247237	0.111068	0	0.0100185	0.0739163	0.252075
197	0.0100137	0.0241671	0.108658	0	0.0100185	0.0725865	0.2508
198	0.0100137	0.0236959	0.103857	0	0.0101269	0.0735031	0.253702
199	0.0100137	0.023615	0.0991284	0	0.0101269	0.073801	0.253702
200	0.0100137	0.0234097	0.09285	0	0.0101269	0.0738556	0.253702
201	0.0100137	0.0233109	0.09285	0	0.0101269	0.0779525	0.279338
202	0.0100137	0.0231672	0.0874556	0	0.0101269	0.0779626	0.268747
203	0.0100137	0.0228953	0.0830061	0	0.0101269	0.0816728	0.291439
204	0.0100137	0.022411	0.0762916	0	0.0101269	0.0823135	0.303261
205	0.0100137	0.0222669	0.0689133	0	0.0101269	0.0838685	0.336612
206	0.0100529	0.0220058	0.0680949	0	0.0101269	0.0848519	0.360544
207	0.0100529	0.0217186	0.0666353	0	0.0101269	0.0886093	0.406135
208	0.0100137	0.021871	0.0666353	0	0.0104525	0.0917476	0.419285
209	0.0100137	0.0225811	0.0762916	0.00749625	0.0101926	0.0943035	0.419285
210	0.0100529	0.0209486	0.0644917	0	0.0104525	0.0933058	0.419285
211	0.0100529	0.0209599	0.0658499	0	0.0101269	0.0914816	0.399703
212	0.0100706	0.0208839	0.0658499	0.00149925	0.0101269	0.090336	0.378248
213	0.0100529	0.0206258	0.0640017	0.00149925	0.0101269	0.0914399	0.378248
214	0.0100529	0.0202836	0.0613695	0.00149925	0.0101269	0.0957384	0.3844
215	0.0100529	0.0199423	0.0585513	0	0.0101269	0.0936784	0.378248
216	0.0100529	0.0198798	0.0556563	0	0.0101269	0.0971839	0.3844
217	0.0100706	0.0196508	0.0512913	0	0.0101269	0.0946488	0.361718
218	0.0100706	0.0196675	0.0512913	0	0.0117364	0.0976806	0.430275
219	0.0100057	0.019647	0.0502152	0	0.0121793	0.0989902	0.430275
220	0.0100057	0.0196198	0.0502152	0	0.0117364	0.105215	0.462297
221	0.0100529	0.0195033	0.0499531	0	0.0117364	0.109049	0.491205
222	0.0100057	0.019516	0.0499531	0	0.0117364	0.108218	0.49399
223	0.0100057	0.0194604	0.0502152	0	0.0117364	0.105517	0.445001
224	0.0100057	0.0195474	0.0507494	0	0.0124054	0.102756	0.419285
225	0.0100529	0.0194936	0.0512913	0	0.0125051	0.100954	0.430275
226	0.0100529	0.0195392	0.0532848	0	0.0124054	0.0971321	0.430275
227	0.0100057	0.0193009	0.0512913	0	0.0101885	0.0946702	0.360577
228	0.0100057	0.0192272	0.0522791	0	0.0103493	0.0921003	0.360577
229	0.0100057	0.0191115	0.0507494	0	0.0109459	0.0886328	0.360577
230	0.0100057	0.0189458	0.0502152	0	0.0109459	0.0893539	0.368153
231	0.0100057	0.0188088	0.0502152	0	0.0118544	0.0884297	0.387735
232	0.0100057	0.0184589	0.0493172	0	0.0117485	0.08687	0.365431
233	0.0100057	0.0183525	0.0493172	0	0.0117485	0.0886179	0.360577
234	0.0100057	0.0182767	0.0499531	0	0.0117485	0.0884046	0.360577
235	0.0100057	0.0182574	0.0499531	0	0.0107737	0.0968825	0.414909
236	0.0100057	0.0182971	0.0499531	0	0.0108395	0.100603	0.430275
237	0.0100529	0.0184304	0.0507494	0	0.0107737	0.100878	0.463372
238	0.0100057	0.0186328	0.0517309	0	0.0107737	0.102813	0.511124
239	0.0100057	0.0188685	0.0551151	0	0.0107737	0.102895	0.485543
240	0.0100057	0.0185144	0.0527486	0	0.0107737	0.103667	0.511124
241	0.0100057	0.0182829	0.0522791	0	0.0108395	0.10405	0.561206
242	0.0100529	0.0181025	0.0517309	0	0.0107737	0.104924	0.59759
243	0.0100057	0.0180331	0.0512913	0	0.010678	0.106274	0.59759
244	0.0100057	0.0179315	0.0507494	0	0.010678	0.110164	0.737643
245	0.0100529	0.017937	0.0517309	0	0.0102959	0.101868	0.533761
246	0.0100529	0.0179517	0.0517309	0	0.0102959	0.0986312	0.445001
247	0.0100529	0.0180095	0.0517309	0	0.0102959	0.0974955	0.430275
248	0.0100057	0.0180551	0.0517309	0	0.010678	0.0957256	0.445001
249	0.0100024	0.0179428	0.0507494	0	0.010678	0.0945983	0.430275
250	0.0100024	0.0179474	0.0507494	0	0.0102959	0.0955705	0.408791
251	0.0100024	0.0179037	0.0507494	0	0.0102959	0.0953219	0.445001
252	0.0100024	0.0180947	0.0507494	0	0.0102959	0.093744	0.463372
253	0.0100024	0.0181137	0.0507494	0	0.010678	0.0944908	0.587458
254	0.0100024	0.0189019	0.053578	0.005997	0.0102959	0.0869455	0.427644
255	0.0100024	0.0182741	0.0507494	0	0.0102959	0.090922	0.60267
256	0.0100024	0.0184052	0.0514586	0	0.0102959	0.0922665	0.640316
257	0.0100024	0.0182247	0.0506129	0	0.0102959	0.0908383	0.640316
258	0.0100024	0.0181021	0.0503885	0	0.010678	0.0932477	1.77845
259	0.0100024	0.0179488	0.0493172	0	0.0107347	0.0926782	1.77845
260	0.0100024	0.0179092	0.0491533	0	0.0107347	0.101311	5.4529
261	0.0100024	0.0178082	0.0488563	0	0.0102959	0.10821	9.74392
262	0.0100024	0.0178072	0.0488563	0	0.0102959	0.107459	7.56023
263	0.0100057	0.0176565	0.0468139	0	0.0107413	0.11431	13.1014
264	0.0100024	0.0177483	0.0456757	0	0.0107347	0.116815	13.1014
265	0.0100024	0.0177314	0.0452868	0	0.0107204	0.118254	13.2709
266	0.0100024	0.0177009	0.0452868	0	0.0107204	0.116044	13.1014
267	0.0100024	0.0175706	0.0452868	0	0.0107347	0.112472	11.4552
268	0.0100024	0.0174774	0.0452868	0	0.0105253	0.111025	11.4552
269	0.0100024	0.0174623	0.0456757	0	0.010275	0.108568	11.4552
270	0.0100024	0.0173981	0.0456757	0	0.0105253	0.104669	11.4552
271	0.0100024	0.0173979	0.0456757	0	0.0107204	0.103162	11.4552
272	0.0100024	0.0173668	0.0456757	0	0.0105253	0.100384	11.4552
273	0.0100024	0.0174256	0.0464451	0	0.0107204	0.0990173	11.294
274	0.0100057	0.0174794	0.0468139	0	0.0102125	0.096927	9.74392
275	0.0100024	0.0177901	0.0500502	0	0.0102125	0.0872166	5.16525
276	0.0100024	0.0178392	0.0502152	0	0.0100817	0.0867066	2.71463
277	0.0100024	0.0179328	0.0503885	0	0.0100817	0.0864256	2.25122
278	0.0100024	0.0179381	0.0502152	0	0.0100817	0.0885416	2.25122
279	0.0100024	0.0179119	0.0493172	0	0.0100817	0.0859478	1.20882
280	0.0100024	0.0179119	0.0493172	0	0.0102125	0.0858276	1.17706
281	0.0100024	0.0184525	0.0500502	0.005997	0.0105253	0.0871163	1.10474
282	0.0100024	0.0177707	0.0456757	0	0.0105253	0.086325	0.995248
283	0.0100024	0.0177237	0.0476214	0	0.0102125	0.0807299	0.565209
284	0.0100024	0.0177891	0.0487475	0	0.0102125	0.0783685	0.492589
285	0.0100024	0.0179449	0.0502152	0	0.0102125	0.0783794	0.496119
286	0.0100024	0.0180457	0.0507494	0	0.0101639	0.0780436	0.483746
287	0.0100024	0.0182502	0.0527486	0	0.0100817	0.0812418	0.486604
288	0.0100024	0.0182769	0.0531184	0	0.0100817	0.0825609	0.514329
289	0.0100024	0.0181964	0.0517981	0	0.0100817	0.0832148	0.514329
290	0.0100024	0.0180219	0.0503885	0	0.0109726	0.0905349	1.00482
291	0.0100024	0.018262	0.0556553	0	0.0109726	0.0957515	1.13609
292	0.0100024	0.0183113	0.0531184	0	0.0102125	0.10831	1.56838
293	0.0100024	0.0182969	0.0512913	0	0.0102125	0.10625	1.4492
294	0.0100057	0.0180662	0.0507494	0	0.0102125	0.0995676	1.4492
295	0.0100057	0.0180532	0.0507494	0	0.0107204	0.100863	1.89938
296	0.0100024	0.018232	0.0507494	0	0.0103855	0.100837	1.89938
297	0.0100024	0.0180875	0.0494703	0	0.0102125	0.099377	4.11584
298	0.0100057	0.0178438	0.0468139	0	0.0102125	0.0970504	5.43012
299	0.0100057	0.0177585	0.0468139	0	0.0102125	0.0960582	5.56877
300	0.0100024	0.0178297	0.0468139	0	0.0102125	0.095781	5.56877
301	0.0100024	0.0178335	0.0468139	0	0.0102125	0.095106	5.56877
302	0.0100024	0.0178763	0.0468139	0	0.0102125	0.0926766	5.56877
303	0.0100529	0.0177286	0.0468139	0	0.0102125	0.0905666	5.43012
304	0.0100024	0.0182081	0.0483431	0	0.0101297	0.0908496	5.43012
305	0.0100024	0.0183813	0.0503017	0	0.0101297	0.0910084	5.43012
306	0.0100024	0.0185268	0.0507494	0	0.0101297	0.0894104	5.51838
307	0.0100024	0.0182647	0.0483431	0	0.0102125	0.0925809	6.32134
308	0.0100024	0.0183866	0.0483431	0	0.0105634	0.091143	7.83412
309	0.0100529	0.0186752	0.0503017	0	0.0102125	0.091887	7.83412
310	0.0100529	0.0186028	0.0494703	0	0.0101297	0.0953727	7.83412
311	0.0100529	0.0182784	0.0468139	0	0.0102125	0.09739	7.83412
312	0.0100706	0.0182172	0.0468139	0	0.0102125	0.100533	7.83412
313	0.0100529	0.0182774	0.0468139	0	0.0102297	0.10372	7.83412
314	0.0100529	0.018295	0.0468139	0	0.0103351	0.115394	11.1582
315	0.0100736	0.0181311	0.0468139	0	0.0102297	0.125175	14.8478
316	0.0100529	0.0180408	0.0456757	0	0.0102125	0.113456	10.6579
317	0.0100529	0.0179316	0.0446777	0	0.0107791	0.0879196	4.25164
318	0.0100529	0.0179015	0.0446777	0	0.0103351	0.0818941	1.90526
319	0.0100529	0.0181544	0.0480347	0	0.0102297	0.077645	1.76012
320	0.0100529	0.018464	0.0512913	0	0.0102125	0.0680095	1.03651
321	0.0100529	0.0182931	0.0494703	0	0.0102297	0.0632808	1.01035
322	0.0100076	0.0182223	0.0494703	0	0.0101427	0.0570668	0.614717
323	0.0100076	0.0183934	0.0512913	0	0.0101765	0.0521293	0.46659
324	0.0100529	0.0184229	0.0556553	0	0.0101427	0.0462227	0.345328
325	0.0100529	0.0184299	0.0556553	0	0.0101427	0.0419738	0.303924
326	0.0100076	0.0183895	0.0512913	0	0.0101427	0.0416165	0.271471
327	0.0100076	0.0183771	0.0512913	0	0.0101427	0.0426281	0.303924
328	0.0100076	0.0181041	0.0505227	0	0.0101427	0.0419638	0.253587
329	0.0100076	0.018041	0.0505227	0	0.0101427	0.0417769	0.247072
330	0.0100076	0.0180504	0.0507494	0	0.0101427	0.0413361	0.245227
331	0.0100076	0.0179834	0.0494703	0	0.0101427	0.0423989	0.26607
332	0.0100076	0.0179588	0.0483431	0	0.0101765	0.0447646	0.479008
333	0.0100076	0.0177676	0.0471563	0	0.0101427	0.0436433	0.37948
334	0.0100076	0.0177395	0.0467845	0	0.0101427	0.0436908	0.32914
335	0.0100076	0.0175121	0.0446777	0	0.0101427	0.0412816	0.253587
336	0.0100076	0.0175644	0.0453929	0	0.0101427	0.0399127	0.235402
337	0.0100076	0.0173895	0.0435795	0	0.0101427	0.0385727	0.218646
338	0.0100076	0.0173511	0.0435795	0	0.0100633	0.037742	0.192827
339	0.0100076	0.0173511	0.0435795	0	0.0101427	0.0372819	0.183476
340	0.0100076	0.0172821	0.0426916	0	0.0100252	0.0337885	0.131853
341	0.0100076	0.017287	0.0404897	0	0.0100252	0.0328637	0.125696
342	0.0100076	0.0173459	0.0439259	0	0.0100252	0.031657	0.11983
343	0.0100076	0.0172054	0.0404897	0	0.0100252	0.031058	0.115821
344	0.0100076	0.0171965	0.0404897	0	0.0100252	0.030977	0.117117
345	0.0100076	0.0172761	0.0404897	0	0.0100252	0.0304208	0.115821
346	0.0100076	0.0172922	0.0404897	0	0.0100252	0.0299112	0.115821
347	0.0100076	0.0172891	0.0404897	0	0.0100252	0.0295982	0.114573
348	0.0100076	0.0171545	0.0398248	0	0.0100252	0.0290748	0.115821
349	0.0100076	0.0171114	0.0396818	0	0.0100252	0.0290053	0.114573
350	0.0100076	0.0171825	0.0398248	0	0.0100252	0.028681	0.113083
351	0.0100076	0.0171792	0.0404897	0	0.0100252	0.0287876	0.113083
352	0.0100076	0.0174034	0.0445065	0	0.0100252	0.0290095	0.113083
353	0.0100076	0.0174976	0.0453579	0	0.0100252	0.0286926	0.112782
354	0.0100076	0.0175491	0.0453579	0	0.0100252	0.0285715	0.112782
355	0.0100076	0.017563	0.0453579	0	0.0100252	0.0290804	0.119853
356	0.0100076	0.0177282	0.0467845	0	0.0100252	0.0292598	0.113083
357	0.0100076	0.017749	0.0467845	0	0.0100252	0.0292118	0.117117
358	0.0100076	0.0178867	0.0467845	0	0.0100252	0.0292546	0.114573
359	0.0100076	0.0179699	0.0467845	0	0.0100252	0.0296806	0.114573
360	0.0100076	0.0181341	0.0479308	0	0.0100252	0.0294847	0.112782
361	0.0100076	0.0184471	0.0524303	0	0.0100252	0.0296659	0.112928
362	0.0100076	0.0184043	0.0512913	0	0.0100252	0.0294694	0.110268
363	0.0100076	0.0183643	0.0479308	0	0.0100252	0.0293008	0.110268
364	0.0100076	0.0181309	0.0453929	0	0.0100252	0.0296307	0.110268
365	0.0100076	0.0182225	0.0467845	0	0.0100252	0.0299908	0.112782
366	0.0100076	0.0179306	0.0435308	0	0.0100252	0.0302221	0.112782
367	0.0100076	0.0179365	0.0435308	0	0.0100252	0.0303205	0.110677
368	0.0100076	0.0179818	0.0435308	0	0.0100252	0.029962	0.105799
369	0.0100076	0.0185519	0.0471563	0	0.0100252	0.0296006	0.110268
370	0.0100076	0.0184431	0.0453929	0	0.0100252	0.0296229	0.110268
371	0.0100076	0.0183549	0.0444736	0	0.0100252	0.0298467	0.112782
372	0.0100076	0.0183983	0.0444736	0	0.0100655	0.0309716	0.121788
373	0.0100076	0.0185396	0.0453929	0	0.0100655	0.0305114	0.120337
374	0.0100076	0.0187017	0.0471563	0	0.0100655	0.0304584	0.120337
375	0.0100076	0.0187961	0.0477698	0	0.0100581	0.0307333	0.120337
376	0.0100076	0.0188773	0.0477698	0	0.0100655	0.0311158	0.121788
377	0.0100076	0.0189559	0.0478408	0	0.0100655	0.0315753	0.13084
378	0.0100076	0.0189201	0.050476	0	0.0100581	0.0316576	0.13084
379	0.0100076	0.0189395	0.0514102	0	0.0100581	0.0324833	0.145114
380	0.0100076	0.0189293	0.0512913	0	0.0100581	0.0334649	0.149731
381	0.0100529	0.0188718	0.051566	0	0.0100581	0.033667	0.149731
382	0.0100076	0.0190361	0.0549918	0	0.0100655	0.0337625	0.150121
383	0.0100076	0.0192108	0.058029	0	0.0100581	0.034752	0.157374
384	0.0100076	0.0193451	0.0586237	0	0.0100581	0.0351209	0.160701
385	0.0100076	0.0194586	0.0586237	0	0.0100655	0.0376232	0.205715
386	0.0100076	0.0197162	0.0591784	0	0.0100581	0.0384285	0.205715
387	0.0100076	0.0198204	0.0591784	0	0.0100655	0.039794	0.21535
388	0.0100076	0.0200491	0.0599138	0	0.0100581	0.0414244	0.233783
389	0.0100076	0.0203574	0.0627715	0	0.0100581	0.0464136	0.264478
390	0.0100076	0.0205562	0.0647257	0	0.0100581	0.0519191	0.349986
391	0.0100722	0.0215426	0.070286	0.00149925	0.0101357	0.0566885	0.351908
392	0.0100076	0.0224438	0.0709652	0.0104948	0.0100697	0.0608214	0.351908
393	0.0100722	0.0215441	0.070286	0.00149925	0.0100697	0.0618236	0.321604
394	0.0100722	0.0211998	0.0692843	0	0.0100697	0.0610861	0.306632
395	0.0100076	0.0213977	0.0692843	0	0.0100697	0.0617234	0.300816
396	0.0100076	0.0211846	0.0692843	0	0.0101427	0.0638335	0.321604
397	0.0100076	0.021261	0.0692843	0	0.0100697	0.0652326	0.308717
398	0.0100076	0.021341	0.0709652	0	0.0100697	0.0678357	0.334185
399	0.0100076	0.0213039	0.0692843	0	0.0100321	0.079721	0.421431
400	0.0100076	0.0215677	0.0713076	0	0.0100321	0.0858392	0.418542
401	0.0100076	0.0217696	0.0718621	0	0.0100321	0.103283	0.575415
402	0.0100076	0.0220155	0.0740449	0	0.0101714	0.121543	0.689928
403	0.0100076	0.0222871	0.0803042	0	0.0100321	0.136259	0.787439
404	0.0100076	0.0222646	0.0807747	0	0.011311	0.155021	1.06468
405	0.0101074	0.0227134	0.0848693	0	0.0160087	0.149946	1.06468
406	0.0100076	0.0226537	0.0833111	0	0.0160087	0.145111	0.787439
407	0.0100076	0.022627	0.0833111	0	0.0160087	0.14034	0.675905
408	0.0100076	0.0228035	0.0833111	0	0.0207503	0.134351	0.633016
409	0.0100076	0.0234159	0.0874935	0	0.0250206	0.136872	0.628576
410	0.0100722	0.0241894	0.0958116	0	0.0241995	0.139349	0.556679
411	0.0100076	0.0258819	0.157649	0.00149925	0.0264252	0.140877	0.633016
412	0.0100076	0.0264535	0.163722	0	0.0257801	0.141337	0.628576
413	0.0100722	0.0278476	0.193385	0.00149925	0.0250206	0.143949	0.606848
414	0.0100722	0.0282227	0.193385	0	0.0241995	0.14174	0.57999
415	0.0100722	0.0288118	0.198788	0.00149925	0.0241995	0.140534	0.57999
416	0.0101074	0.0317559	0.257588	0.00749625	0.0316709	0.14243	0.679724
417	0.0100722	0.0328061	0.273838	0.00749625	0.0316709	0.142801	0.679724
418	0.0100722	0.0317136	0.244392	0.00449775	0.0343522	0.146176	0.679724
419	0.0102616	0.0309784	0.238634	0.00449775	0.0316709	0.143717	0.679724
420	0.010195	0.0299297	0.198788	0.00149925	0.0367045	0.137989	0.883998
421	0.0101074	0.0279521	0.161219	0	0.0339275	0.134815	0.883998
422	0.0101739	0.0275272	0.147245	0.00149925	0.0250206	0.126598	0.679724
423	0.0101739	0.0257855	0.127537	0	0.0140785	0.118154	0.394699
424	0.0101074	0.0253174	0.107074	0	0.017185	0.113549	0.424336
425	0.0100722	0.0251952	0.103339	0	0.0145937	0.115743	0.371504
426	0.0101074	0.0252546	0.103339	0	0.017185	0.111946	0.40115
427	0.0100722	0.0253472	0.103339	0	0.017185	0.10788	0.3881
428	0.0102283	0.0250246	0.103339	0	0.017185	0.104564	0.38966
429	0.0102283	0.0247816	0.0968428	0	0.0140785	0.10291	0.32949
430	0.0101074	0.0247479	0.0928759	0	0.0140785	0.101281	0.32949
431	0.0102926	0.0245553	0.0928759	0	0.0140785	0.100912	0.325053
432	0.0101074	0.0243612	0.0845246	0	0.0140785	0.0971742	0.32949
433	0.0100722	0.0241666	0.0821535	0	0.0144435	0.0987659	0.325053
434	0.0100722	0.0242088	0.0828148	0	0.0140785	0.100933	0.334185
435	0.0100722	0.0241899	0.0821535	0	0.0144435	0.0958324	0.300212
436	0.0102616	0.0238903	0.079715	0	0.0140785	0.0956997	0.287035
437	0.0102616	0.0237576	0.079715	0	0.0208969	0.097653	0.424336
438	0.0102283	0.0236288	0.079715	0	0.0208969	0.0975487	0.424336
439	0.0100722	0.0238091	0.079715	0	0.0140785	0.101072	0.312319
440	0.0100722	0.0239926	0.0812676	0	0.0145683	0.103925	0.358715
441	0.0100811	0.023747	0.079715	0	0.0208969	0.104775	0.476459
442	0.0100038	0.0237072	0.0812676	0	0.0208969	0.10682	0.476459
443	0.0100038	0.0238059	0.0828148	0	0.0208969	0.107393	0.476459
444	0.0100038	0.0238306	0.0828148	0	0.0143081	0.110819	0.368328
445	0.0100038	0.023786	0.0812676	0	0.017185	0.11872	0.476459
446	0.0100038	0.0237995	0.0812676	0	0.017185	0.120906	0.476459
447	0.0100038	0.0241273	0.0845246	0	0.0194748	0.127873	0.476459
448	0.0100038	0.0243732	0.0887954	0	0.0194748	0.132697	0.476459
449	0.0100038	0.0250027	0.0925655	0	0.0187115	0.140882	0.476459
450	0.0100038	0.0253627	0.0940173	0	0.02373	0.142117	0.626572
451	0.0100038	0.025612	0.0955972	0	0.024994	0.145004	0.621161
452	0.0100467	0.0258392	0.0969004	0	0.0233486	0.143919	0.686807
453	0.0100038	0.026631	0.100674	0	0.024994	0.149957	0.626572
454	0.0100038	0.0269993	0.104969	0	0.024994	0.153508	0.626572
455	0.0100038	0.0279015	0.114965	0	0.024994	0.155773	0.686807
456	0.0100038	0.0287568	0.146843	0	0.0279235	0.169244	0.822779
457	0.0100467	0.0292132	0.161156	0	0.0333978	0.176984	0.928823
458	0.0102283	0.0295903	0.189064	0	0.0403727	0.188341	0.876787
459	0.0100467	0.0289014	0.179982	0	0.0410209	0.201644	0.822779
460	0.0100467	0.028544	0.175417	0	0.0475575	0.238199	1.70347
461	0.0100467	0.028406	0.14807	0	0.0461551	0.241934	1.33175
462	0.0100467	0.0280468	0.143816	0	0.0582731	0.233151	1.24118
463	0.0100722	0.0275153	0.107074	0	0.0369276	0.214204	0.724301
464	0.0100722	0.026686	0.0969004	0	0.0396769	0.215993	0.845749
465	0.0100467	0.0255236	0.0845246	0	0.0491955	0.212426	0.885625
466	0.0100722	0.0249982	0.0730492	0	0.0512365	0.211746	1.0237
467	0.0100467	0.0247538	0.0705885	0	0.034631	0.210979	0.789508
468	0.0100467	0.0243775	0.0674029	0	0.0512365	0.201951	0.928823
469	0.0100467	0.0242782	0.0674029	0	0.0536265	0.20583	1.0237
470	0.010153	0.0243866	0.0696889	0	0.0472288	0.205306	0.845749
471	0.010153	0.0242986	0.0696889	0	0.0459409	0.202475	0.845749
472	0.010153	0.0242333	0.0696889	0	0.0348017	0.200708	0.6966
473	0.010153	0.0241365	0.0696889	0	0.026191	0.186085	0.789298
474	0.010153	0.0241134	0.0696889	0	0.026191	0.18319	0.928823
475	0.010153	0.0242141	0.0696889	0	0.014715	0.176063	0.789508
476	0.0100467	0.0241917	0.0670492	0	0.013703	0.172203	0.809658
477	0.0100722	0.0241038	0.0660877	0	0.0137072	0.165775	1.02205
478	0.0100722	0.0241335	0.0660877	0	0.013703	0.158021	1.02205
479	0.0100094	0.0240912	0.0658505	0	0.013703	0.157091	1.55011
480	0.0100094	0.0240227	0.0658505	0	0.0139942	0.149026	1.8492
481	0.0100094	0.0239339	0.0646534	0	0.013703	0.140924	1.73484
482	0.0100094	0.0233085	0.0619766	0	0.0104082	0.134867	1.09229
483	0.0100094	0.0237432	0.0646534	0	0.0104082	0.119789	0.621161
484	0.0100094	0.0237759	0.0646534	0	0.0119663	0.104533	0.472918
485	0.0100094	0.0236837	0.0639172	0	0.0127751	0.102227	0.459382
486	0.0100094	0.0234439	0.060603	0	0.0132099	0.100512	0.453317
487	0.0100094	0.023399	0.0593753	0	0.0132099	0.101887	0.472918
488	0.0100094	0.023456	0.0593753	0	0.0119663	0.0995491	0.459382
489	0.0100094	0.0234787	0.060603	0	0.0121264	0.10181	0.472918
490	0.0100094	0.0240556	0.064408	0	0.0119663	0.101484	0.472918
491	0.0100094	0.0245275	0.0693911	0	0.0121264	0.0989301	0.458862
492	0.0100094	0.0253647	0.0739867	0.00149925	0.0132099	0.100821	0.453317
493	0.0100094	0.0253367	0.0730492	0	0.0139942	0.104041	0.485727
494	0.0100094	0.0252721	0.0730492	0	0.014715	0.105073	0.485727
495	0.0100094	0.0254944	0.0739867	0	0.0139942	0.104493	0.459382
496	0.0100094	0.0260242	0.0803355	0	0.014715	0.104549	0.458862
497	0.0100094	0.0261549	0.0789907	0	0.014715	0.102421	0.453423
498	0.0100094	0.0265788	0.0803355	0	0.014715	0.102771	0.458862
499	0.0100094	0.0269846	0.0988087	0	0.014715	0.104145	0.424336
500	0.0100094	0.0269925	0.0988087	0	0.0181436	0.10763	0.485727
501	0.0100094	0.0266122	0.0935613	0	0.0181436	0.110946	0.485727
502	0.0100094	0.0255251	0.0751167	0	0.0176572	0.10896	0.459382
503	0.0100094	0.0250381	0.0732609	0	0.0171288	0.106103	0.427056
504	0.0100094	0.0246406	0.0730492	0	0.0211655	0.102836	0.485727
505	0.0100474	0.024467	0.0729314	0	0.0176572	0.102847	0.399057
506	0.0102105	0.024218	0.0732609	0	0.0176572	0.103669	0.399057
507	0.0102105	0.0242258	0.072848	0	0.0181436	0.105866	0.424336
508	0.0100094	0.0237618	0.0646242	0	0.0181436	0.107665	0.40922
509	0.0100094	0.023663	0.064408	0	0.0181436	0.107089	0.421012
510	0.0100094	0.0236046	0.064408	0	0.0181436	0.107071	0.40922
511	0.0100094	0.023372	0.0633543	0	0.0181436	0.110888	0.437264
512	0.0100094	0.0230842	0.0584399	0	0.0181436	0.105746	0.399057
513	0.0100094	0.0229293	0.0583233	0	0.0181436	0.103206	0.427056
514	0.0100094	0.0229127	0.0583233	0	0.0181436	0.103157	0.500626
515	0.0100094	0.0226277	0.057337	0	0.0148203	0.102863	0.401291
516	0.0100094	0.0227688	0.0583233	0	0.0140425	0.104377	0.453423
517	0.0100094	0.0227468	0.058029	0	0.0140425	0.10421	0.445095
518	0.0100094	0.0223013	0.0524214	0	0.0140425	0.101793	0.423187
519	0.0100094	0.0221895	0.0555988	0	0.0140425	0.101464	0.401291
520	0.0100094	0.0220625	0.0525542	0	0.0148203	0.100633	0.423187
521	0.0100302	0.0218538	0.0524214	0	0.0148203	0.10203	0.423187
522	0.0100094	0.0220955	0.0533377	0	0.0159442	0.0994738	0.459382
523	0.0100094	0.0219918	0.0525542	0	0.0148203	0.1006	0.537597
524	0.0100094	0.0225986	0.057337	0.005997	0.0178997	0.0987864	0.545672
525	0.0100094	0.0219555	0.0523583	0	0.0182405	0.0914857	0.545672
526	0.0100094	0.0219342	0.0524214	0	0.0187841	0.0908871	0.545672
527	0.0100094	0.0219529	0.0524214	0	0.0187841	0.0898744	0.537597
528	0.0100094	0.0221932	0.0525542	0	0.0187841	0.0892087	0.537597
529	0.0100094	0.0225604	0.0565926	0	0.0159442	0.0862173	0.449512
530	0.0100094	0.0227695	0.0586326	0	0.0178997	0.0852415	0.449512
531	0.0100094	0.0230628	0.0629791	0	0.018204	0.0863122	0.526181
532	0.0100302	0.023206	0.0629791	0	0.0101414	0.0814564	0.287207
533	0.0100302	0.023197	0.0619766	0	0.0101414	0.0767179	0.272401
534	0.0100302	0.023191	0.0619766	0	0.0100934	0.0735577	0.250945
535	0.0100302	0.0230003	0.0610821	0	0.0100934	0.0710014	0.24091
536	0.0100302	0.0231705	0.0586326	0	0.0100934	0.06923	0.231829
537	0.0100302	0.0231061	0.0565926	0	0.0100934	0.0658835	0.220349
538	0.0100302	0.0229551	0.0555988	0	0.0100934	0.0642687	0.208183
539	0.0100474	0.0230684	0.0563413	0	0.0100934	0.0647156	0.208183
540	0.0100302	0.0231892	0.0563413	0	0.0100934	0.0610341	0.178879
541	0.0100302	0.02314	0.0563413	0	0.0100934	0.0607703	0.178879
542	0.0100302	0.0233317	0.058029	0	0.0100934	0.0605965	0.17727
543	0.0100302	0.0234588	0.0616469	0	0.0100934	0.0595767	0.17614
544	0.0100302	0.023872	0.0632018	0.00149925	0.0100934	0.0595934	0.17727
545	0.0100302	0.0237894	0.0678189	0	0.0100934	0.0604667	0.183525
546	0.0100302	0.0243897	0.0732609	0	0.0100934	0.05903	0.182267
547	0.0100302	0.0246728	0.073938	0	0.0101251	0.0597634	0.188176
548	0.0100302	0.0250224	0.0786781	0	0.0101251	0.0602332	0.191828
549	0.0100302	0.0250624	0.0778768	0	0.0101414	0.0615866	0.218196
550	0.0100302	0.0249296	0.0749103	0	0.0101251	0.0608053	0.218196
551	0.0100474	0.0254627	0.0806459	0	0.0101414	0.0620198	0.221963
552	0.0100302	0.0269142	0.0892063	0.0089955	0.0101414	0.0665147	0.263513
553	0.0100474	0.0277487	0.128485	0.0089955	0.0101414	0.0696793	0.266203
554	0.0100302	0.0306035	0.180295	0.0089955	0.0101414	0.0733879	0.317653
555	0.0100302	0.0286207	0.139885	0	0.0101414	0.076136	0.326658
556	0.0100474	0.0277267	0.130022	0	0.0101414	0.0848108	0.487731
557	0.0100474	0.0273213	0.128485	0	0.0101414	0.0811495	0.350009
558	0.0100474	0.0273526	0.128485	0	0.010144	0.0833977	0.350009
559	0.0100704	0.0269944	0.128485	0	0.0106193	0.081224	0.352168
560	0.0100302	0.0257279	0.084489	0	0.010144	0.0792764	0.325954
561	0.0100302	0.0244393	0.0739268	0	0.010144	0.0784167	0.295437
562	0.0100302	0.0238227	0.0657625	0	0.010144	0.0790383	0.325954
563	0.0100474	0.0237851	0.0639192	0	0.010144	0.0756927	0.266003
564	0.0100302	0.0242763	0.0701832	0	0.0108646	0.0755089	0.266003
565	0.0100302	0.0240909	0.0698816	0	0.0109357	0.0792913	0.272468
566	0.0100474	0.0234704	0.0639192	0	0.0109357	0.0803457	0.27338
567	0.0100302	0.0230424	0.0623991	0	0.0109357	0.0811154	0.27338
568	0.0100302	0.0229555	0.0614592	0	0.0109357	0.0818703	0.290876
569	0.0100302	0.0227193	0.0607956	0	0.0131853	0.0887601	0.37607
570	0.0100302	0.0223605	0.0563363	0	0.0120093	0.0951535	0.37607
571	0.0100302	0.0218702	0.0530014	0	0.0141093	0.0986031	0.385871
572	0.0100302	0.0218068	0.0525542	0	0.012448	0.100923	0.385871
573	0.0100302	0.0221966	0.055724	0	0.0142075	0.109309	0.487731
574	0.0100302	0.0218759	0.0538662	0	0.0134875	0.113128	0.497741
575	0.0100302	0.021811	0.0538662	0	0.0140953	0.110455	0.487731
576	0.0100302	0.0218987	0.0554476	0	0.0142075	0.109188	0.440979
577	0.0100302	0.0216497	0.0535276	0	0.0142075	0.110309	0.413706
578	0.0100302	0.021254	0.0477507	0	0.0142075	0.110159	0.396588
579	0.0100302	0.0212458	0.0528259	0	0.0155639	0.109857	0.396588
580	0.0100302	0.0212546	0.0499675	0	0.0144923	0.111561	0.396588
581	0.0100474	0.0211038	0.0499675	0	0.0144923	0.111599	0.396588
582	0.0100302	0.0212501	0.0499675	0	0.0193313	0.113287	0.552494
583	0.0100474	0.0211838	0.0499675	0	0.0120093	0.115304	0.396588
584	0.0100302	0.0212109	0.0499675	0	0.0111686	0.112285	0.396588
585	0.0100302	0.0216914	0.0535276	0	0.012417	0.113501	0.469402
586	0.0100302	0.0215154	0.0511802	0.0029985	0.012417	0.113115	0.44101
587	0.0100302	0.0214549	0.0517647	0	0.012417	0.11308	0.44101
588	0.0100302	0.0211832	0.0492687	0	0.012417	0.114353	0.440979
589	0.0100302	0.0212059	0.0517647	0	0.0120093	0.114465	0.405608
590	0.0100302	0.0213379	0.0517647	0	0.0142577	0.117916	0.436664
591	0.0100302	0.0211491	0.048742	0	0.0133518	0.12423	0.460481
592	0.0100302	0.0212667	0.048742	0	0.0136357	0.12622	0.436664
593	0.0100302	0.0226998	0.055724	0.0134933	0.0142577	0.133992	0.458791
594	0.0100302	0.0213446	0.0517647	0.00149925	0.0226923	0.139112	0.629138
595	0.0100474	0.0209418	0.048742	0	0.0265167	0.138971	0.692297
596	0.0100302	0.0208506	0.0488025	0	0.0265167	0.143053	0.629138
597	0.0100474	0.0208733	0.0488025	0	0.0215716	0.151863	0.692297
598	0.0100302	0.0207874	0.0480905	0	0.0215716	0.154356	0.692297
599	0.0100302	0.0207641	0.0469898	0	0.0142577	0.153451	0.552494
600	0.0100302	0.020746	0.0459921	0	0.0294766	0.152867	1.04966
601	0.0100302	0.0207792	0.0459921	0	0.0294766	0.152817	1.04966
602	0.0100302	0.0207846	0.0459921	0	0.0149285	0.158129	0.611516
603	0.0100302	0.0207475	0.0459921	0	0.0298666	0.155653	1.04966
604	0.0100302	0.0207392	0.0461175	0	0.0265167	0.157648	0.844831
605	0.0100302	0.0208662	0.0480905	0	0.0298666	0.165068	0.868568
606	0.0100474	0.0209383	0.048742	0	0.0265167	0.167254	0.844831
607	0.0100302	0.020747	0.0480905	0	0.0265167	0.166809	0.766451
608	0.0100302	0.0208529	0.0490384	0	0.0265167	0.164957	0.611516
609	0.0100474	0.0209248	0.0502872	0	0.0265167	0.167117	0.610466
610	0.0100474	0.0208325	0.0493752	0	0.036817	0.169717	0.766451
611	0.0100474	0.0209085	0.0493752	0	0.039319	0.174761	0.785594
612	0.0100474	0.0210362	0.0493752	0	0.036817	0.182158	0.785594
613	0.0100474	0.0212002	0.0493752	0	0.036817	0.187203	0.851058
614	0.0100474	0.0212191	0.0493752	0	0.036817	0.190722	0.982499
615	0.0100722	0.021193	0.0493752	0	0.036817	0.192329	1.0628
616	0.0100474	0.0216097	0.0511802	0	0.0251737	0.189642	0.851058
617	0.0100474	0.021662	0.0517647	0	0.0386979	0.194496	0.851058
618	0.0100474	0.021762	0.0528259	0	0.0712549	0.202878	1.00545
619	0.0100474	0.0217464	0.052674	0	0.0712549	0.209538	1.01385
620	0.0100474	0.022043	0.053793	0	0.059469	0.217891	1.0628
621	0.0100474	0.0224096	0.0550539	0	0.0697236	0.22538	1.12363
622	0.0100474	0.0226774	0.0580548	0	0.0856178	0.231771	1.01634
623	0.0100474	0.0228228	0.0583366	0	0.0883739	0.23329	1.01634
624	0.0100474	0.0228996	0.0600334	0	0.0819652	0.214679	1.01634
625	0.0100474	0.0227781	0.0580548	0	0.0565312	0.201931	1.01634
626	0.0100474	0.022915	0.0604233	0	0.036817	0.195855	0.707116
627	0.0100474	0.0229778	0.0583366	0	0.0425002	0.191413	0.863904
628	0.0100474	0.0232079	0.0636539	0	0.0412016	0.183855	0.924424
629	0.0100474	0.0232632	0.0646727	0	0.0293882	0.180059	0.707116
630	0.0100474	0.0233546	0.067547	0	0.0288445	0.174873	0.707116
631	0.0100474	0.0234517	0.0682417	0	0.0260438	0.17203	0.707116
632	0.0100474	0.0235396	0.0685501	0	0.0283204	0.16274	0.858943
633	0.0100474	0.0238222	0.0774944	0	0.0260438	0.153691	1.00817
634	0.0100474	0.0239316	0.0811463	0	0.0136481	0.145013	0.472563
635	0.0100722	0.0242789	0.0958335	0	0.0119258	0.142709	0.431035
636	0.0100722	0.0244285	0.0988359	0	0.0117515	0.139901	0.410905
637	0.0100722	0.0247266	0.0988359	0	0.0149678	0.136704	0.472563
638	0.0100722	0.025234	0.0988359	0	0.0149678	0.133403	0.472563
639	0.0101406	0.0256699	0.100277	0	0.0149678	0.133271	0.472563
640	0.0101955	0.0255435	0.100277	0	0.0111546	0.131309	0.379788
641	0.0100722	0.0262357	0.100277	0	0.0117515	0.123997	0.358002
642	0.0100722	0.0262626	0.0988359	0	0.0124264	0.124432	0.370859
643	0.0101955	0.0267231	0.100277	0	0.0135095	0.125418	0.368979
644	0.0101406	0.0273214	0.100277	0	0.0135095	0.130532	0.391709
645	0.0101406	0.0283852	0.111301	0	0.015076	0.137302	0.381286
646	0.0101406	0.0286635	0.111301	0	0.0212737	0.142225	0.465989
647	0.0100722	0.0281331	0.103092	0	0.0204076	0.14415	0.448412
648	0.0100722	0.0283517	0.107497	0	0.0204076	0.15035	0.448412
649	0.0101955	0.028305	0.109196	0	0.0229055	0.159365	0.448412
650	0.0102009	0.0288555	0.111011	0	0.0229055	0.161959	0.472563
651	0.0101955	0.0296758	0.111301	0	0.0242277	0.167593	0.551417
652	0.0101955	0.0308922	0.115027	0	0.0229055	0.173235	0.524069
653	0.0101955	0.0323035	0.117262	0	0.0348842	0.172219	0.737297
654	0.0101955	0.0334884	0.120774	0	0.0348842	0.176945	0.737297
655	0.0101955	0.0343809	0.132373	0	0.0511204	0.188459	0.737297
656	0.0102009	0.0355685	0.136965	0	0.0622308	0.210418	0.745121
657	0.0100722	0.0379392	0.158589	0	0.0678541	0.21771	0.742061
658	0.0100722	0.0404752	0.187877	0.00149925	0.0686958	0.214638	0.742061
659	0.0102529	0.0443979	0.248708	0.00149925	0.0654067	0.209192	0.62001
660	0.0102529	0.0454974	0.248708	0.00149925	0.0654067	0.209731	0.575738
661	0.0102529	0.0470633	0.248708	0.00149925	0.0654067	0.213806	0.611012
662	0.0102529	0.0469273	0.248708	0.00149925	0.0616877	0.204194	0.62001
663	0.0102529	0.0478005	0.248708	0.00149925	0.0678541	0.199091	0.562323
664	0.0102529	0.0482735	0.257871	0.00149925	0.0678541	0.200901	0.551417
665	0.0102529	0.0483562	0.272024	0.00149925	0.0686958	0.198799	0.575738
666	0.0102529	0.0483931	0.287257	0.00149925	0.0659691	0.197158	0.62001
667	0.0131484	0.0502485	0.415117	0.00149925	0.0678541	0.194625	0.742061
668	0.0102529	0.0453051	0.218022	0	0.0659691	0.202108	0.59746
669	0.0116205	0.0427811	0.198324	0	0.0678541	0.203319	0.560461
670	0.0102529	0.0417865	0.156472	0	0.0657807	0.204103	0.520055
671	0.0116951	0.0381661	0.136998	0	0.0688721	0.210272	0.575738
672	0.0116951	0.0377956	0.145434	0	0.0688721	0.211162	0.59746
673	0.0116951	0.0368028	0.140792	0	0.0688721	0.210134	0.59746
674	0.0116951	0.0358557	0.135878	0	0.0688721	0.204309	0.602688
675	0.0109389	0.0345716	0.120774	0	0.0575928	0.195763	0.602688
676	0.0113512	0.0340156	0.120774	0	0.0688721	0.191563	0.813876
677	0.0102759	0.0333103	0.106996	0	0.0575928	0.184404	0.813876
678	0.0102759	0.0335781	0.106996	0.0029985	0.0504642	0.177006	0.813686
679	0.0101165	0.0329745	0.100624	0	0.0504642	0.175549	0.813876
680	0.0100064	0.0332117	0.100624	0	0.0466118	0.171333	0.780234
681	0.0100064	0.0331531	0.100624	0	0.0376439	0.16696	0.602688
682	0.0102759	0.0329828	0.100624	0	0.0312134	0.165702	0.484497
683	0.0102759	0.0326413	0.100277	0	0.0282811	0.164841	0.423376
684	0.0101165	0.0320423	0.0964362	0	0.0299869	0.163562	0.484497
685	0.0101285	0.0319817	0.0964362	0	0.0296782	0.162136	0.484497
686	0.0100064	0.0317893	0.0964362	0	0.0282984	0.160263	0.484497
687	0.0100064	0.0315119	0.0964362	0	0.0287747	0.156313	0.484497
688	0.0101285	0.031186	0.0963823	0	0.0265438	0.148963	0.425677
689	0.0101285	0.0309039	0.0939453	0	0.0209851	0.141898	0.458147
690	0.0100064	0.0308222	0.091132	0	0.0209851	0.1344	0.484497
691	0.0100064	0.0308564	0.0927294	0	0.0164276	0.129929	0.418944
692	0.0100064	0.03072	0.0927294	0	0.0164276	0.12817	0.418372
693	0.0101285	0.0302498	0.091132	0	0.0164276	0.129795	0.418944
694	0.0101285	0.0297972	0.091132	0	0.0177529	0.126893	0.418944
695	0.0100064	0.0298343	0.0927294	0	0.0177529	0.126702	0.418944
696	0.0101285	0.0300689	0.0945322	0	0.0164276	0.124519	0.381286
697	0.0101285	0.0305292	0.0964362	0	0.0177529	0.124472	0.423376
698	0.0101285	0.0306879	0.0964362	0	0.0161806	0.125119	0.381286
699	0.0101285	0.0309031	0.100017	0	0.0161806	0.120399	0.374025
700	0.0101285	0.0309142	0.100017	0	0.0164276	0.12153	0.374025
701	0.0101285	0.0309559	0.100277	0	0.0164276	0.122142	0.377749
702	0.0100064	0.0311344	0.100277	0	0.0161806	0.125354	0.418944
703	0.0101285	0.0320698	0.112023	0.0029985	0.0161806	0.127287	0.445747
704	0.0101285	0.0334228	0.142104	0.0029985	0.0178557	0.129533	0.497869
705	0.0101285	0.0349223	0.161215	0.00449775	0.0161806	0.127629	0.458147
706	0.0101285	0.0333368	0.140653	0.00149925	0.012065	0.125834	0.374025
707	0.0101863	0.0315251	0.117262	0	0.015731	0.131817	0.497869
708	0.0101285	0.0310161	0.107974	0	0.0188815	0.133025	0.643241
709	0.0100343	0.0302527	0.0990163	0	0.0132586	0.132583	0.458147
710	0.0100343	0.0296677	0.0937892	0	0.0142449	0.13198	0.497869
711	0.0100343	0.0296491	0.0939065	0	0.012065	0.134802	0.445747
712	0.0101285	0.0288372	0.0913995	0	0.012065	0.134106	0.444543
713	0.0100343	0.0286728	0.0899788	0	0.0167403	0.134662	0.672931
714	0.0100343	0.0283967	0.0899788	0	0.0161806	0.133475	0.660427
715	0.0100343	0.0286348	0.0913995	0	0.012065	0.128267	0.497869
716	0.0100343	0.0284496	0.0899788	0	0.0105775	0.128221	0.451858
717	0.0101285	0.0285985	0.0913995	0	0.012065	0.114353	0.497869
718	0.0100343	0.0289312	0.0927294	0	0.0107009	0.110884	0.451771
719	0.0100343	0.0290656	0.0939453	0	0.0107009	0.109519	0.451771
720	0.0100343	0.0292309	0.0990163	0.0029985	0.0105775	0.109028	0.451858
721	0.0100343	0.0297185	0.1072	0.005997	0.0119822	0.110024	0.53697
722	0.0100343	0.0287653	0.0927294	0	0.0119822	0.11041	0.547142
723	0.0100343	0.0286905	0.0913995	0	0.0105775	0.108662	0.529046
724	0.0100343	0.028865	0.0913995	0	0.0119822	0.107615	0.622026
725	0.0101285	0.028598	0.0913995	0	0.0132586	0.119477	0.684676
726	0.0101285	0.0287222	0.0913995	0	0.0124825	0.123834	0.672931
727	0.0101285	0.0285991	0.0913995	0	0.012169	0.125003	0.667172
728	0.0100343	0.0285254	0.0913995	0	0.012169	0.123996	0.667172
729	0.0100343	0.0288182	0.0939453	0	0.012169	0.123492	0.672931
730	0.0100343	0.0289568	0.0953976	0	0.0110393	0.127343	0.704016
731	0.0100343	0.0297662	0.110879	0
