		omega		Posterior		rho				Synonymous theta			kappa			phi	
Site	Lower	Point	Higher	prob of +ve	Lower	Point	Higher		Lower	Point	Higher	Lower	Point	Higher	Lower	Point	Higher
	95% HPD	estimate	95% HPD	selection	95% HPD	estimate	95% HPD		95% HPD	estimate	95% HPD	95% HPD	estimate	95% HPD	95% HPD	estimate	95% HPD
0	0.0106252	0.318956	38.0639	0.281859	0.0100404	0.127603	5.38397		0.0239317	0.0396567	0.0636272	1.432	3.94516	12.4941	4659.05	1.21843e+14	1.01737e+26
1	0.0115247	0.305825	40.7524	0.272864	0.0100404	0.110994	2.65293
2	0.0100245	0.300205	33.3634	0.268366	0.0102019	0.110597	2.94586
3	0.0100245	0.29325	35.2554	0.266867	0.0100404	0.1093	2.5278
4	0.0100245	0.284643	31.985	0.26087	0.0102019	0.106278	2.31162
5	0.0100245	0.271583	32.7319	0.254873	0.0101414	0.105347	2.32395
6	0.0100245	0.229862	31.985	0.223388	0.0101414	0.103274	2.32395
7	0.0100245	0.201502	28.5757	0.196402	0.0100404	0.109837	2.65293
8	0.0100733	0.16814	23.0782	0.158921	0.0100404	0.104266	2.43322
9	0.0100245	0.145865	11.712	0.130435	0.0100404	0.102347	2.5278
10	0.0100245	0.120783	5.33579	0.0929535	0.0100404	0.103921	2.5278
11	0.0100245	0.0961728	1.02917	0.0509745	0.0100404	0.0949055	2.16021
12	0.0100245	0.0842314	0.615081	0.0164918	0.0100404	0.0943372	2.08044
13	0.0100245	0.0820911	0.609101	0.0149925	0.0100404	0.0967672	2.23974
14	0.0100245	0.0819165	0.585079	0.011994	0.0100404	0.100321	2.23974
15	0.0100245	0.0811593	0.585079	0.0134933	0.0100404	0.100022	2.43322
16	0.0101262	0.0813001	0.612962	0.011994	0.0100404	0.100909	2.71684
17	0.0100245	0.0813605	0.575668	0.0104948	0.0101414	0.103484	2.926
18	0.0100245	0.0827632	0.575668	0.0089955	0.0100404	0.0969054	2.5278
19	0.0100245	0.0837404	0.575668	0.00749625	0.0100404	0.09491	2.47155
20	0.0100245	0.0861852	0.585079	0.0104948	0.0100404	0.0957745	2.5278
21	0.0115101	0.087074	0.641862	0.0089955	0.0100404	0.0930834	2.71684
22	0.0115101	0.0915823	0.663313	0.0164918	0.0100404	0.0841629	2.16021
23	0.0100245	0.102425	0.671062	0.0269865	0.0100404	0.0841912	2.18949
24	0.0100245	0.115518	0.942449	0.0449775	0.0100404	0.0886394	2.90187
25	0.0100245	0.133435	1.80522	0.071964	0.0100404	0.0957972	4.56863
26	0.0115161	0.111721	1.08196	0.0464768	0.0100404	0.0954622	5.04181
27	0.0100722	0.0965935	0.671062	0.0269865	0.0100404	0.0998848	6.51762
28	0.0115161	0.0892514	0.671062	0.0164918	0.0100404	0.103191	7.03005
29	0.0100245	0.0821295	0.496709	0.011994	0.0100404	0.104385	7.40166
30	0.0100722	0.0767906	0.459452	0.0089955	0.0101414	0.0981393	7.03005
31	0.0107451	0.0723659	0.459452	0.00749625	0.0102382	0.100815	8.56805
32	0.0100245	0.0681658	0.340806	0.0029985	0.0100404	0.0936384	6.43615
33	0.0104027	0.0651174	0.340806	0.00449775	0.0100404	0.0915299	5.04181
34	0.0115121	0.0631286	0.363837	0.00149925	0.0100404	0.0868368	4.45704
35	0.0104027	0.0616249	0.303751	0.00149925	0.0100986	0.0851946	3.75232
36	0.0104317	0.0602346	0.298747	0.0029985	0.0100404	0.0825713	3.58409
37	0.0104317	0.0586304	0.293795	0.00149925	0.0100404	0.0802629	3.58409
38	0.0100245	0.0575703	0.272974	0.0029985	0.0100986	0.0770128	3.44667
39	0.0105486	0.056483	0.294825	0.00449775	0.0100404	0.072478	2.76781
40	0.0101323	0.055298	0.272974	0.0029985	0.0100404	0.0672829	1.94083
41	0.0100245	0.0547415	0.272974	0.0029985	0.0100404	0.0620274	0.950138
42	0.0100245	0.0536854	0.272613	0.00149925	0.0100404	0.0530983	0.554687
43	0.0100245	0.0530542	0.268014	0.00149925	0.0100404	0.0514472	0.489319
44	0.0100245	0.0526561	0.268014	0.00149925	0.0100404	0.0504671	0.475653
45	0.0100245	0.0526922	0.250927	0	0.0100404	0.0502403	0.475653
46	0.0100245	0.0517525	0.249836	0	0.0100404	0.0479286	0.421678
47	0.0100245	0.0512396	0.246368	0	0.0101126	0.0472704	0.403162
48	0.0100245	0.0517333	0.246941	0.00149925	0.0101126	0.0474792	0.416513
49	0.0100245	0.0507657	0.240756	0.00149925	0.0101126	0.0454915	0.394868
50	0.0100245	0.050589	0.23179	0.00149925	0.0101126	0.0465199	0.406978
51	0.0100245	0.0503729	0.23179	0.00149925	0.0101126	0.0463326	0.406978
52	0.010057	0.0513636	0.240756	0.00149925	0.0101126	0.0484555	0.475653
53	0.010057	0.0513699	0.24029	0	0.0101126	0.0460618	0.390306
54	0.0100245	0.0505059	0.218049	0	0.0101126	0.0448753	0.390306
55	0.0100245	0.0509869	0.229789	0.00149925	0.0101126	0.0449217	0.390306
56	0.0100245	0.0515956	0.233442	0.00149925	0.0101126	0.0454658	0.429811
57	0.010057	0.0517931	0.246941	0	0.0101414	0.0449426	0.416513
58	0.0100245	0.052032	0.246941	0	0.0101126	0.0437085	0.348552
59	0.0100245	0.0522562	0.256183	0.00149925	0.0101414	0.0443704	0.416513
60	0.0100245	0.0528098	0.268984	0.00149925	0.0101126	0.0443595	0.384396
61	0.0100245	0.0524818	0.259686	0.00149925	0.010032	0.0416789	0.297805
62	0.0101982	0.0538463	0.272974	0.00449775	0.0100139	0.0415684	0.297805
63	0.0101982	0.0542443	0.272974	0.0029985	0.0100139	0.04079	0.295196
64	0.010138	0.0546322	0.272974	0.00149925	0.0100139	0.040237	0.272835
65	0.0100245	0.0553432	0.271921	0.00149925	0.0100139	0.0393923	0.267041
66	0.0100245	0.0569526	0.277148	0.00449775	0.0100139	0.0394373	0.267041
67	0.0106604	0.0565346	0.286733	0.00149925	0.0100139	0.0388771	0.2334
68	0.0108149	0.0575371	0.286733	0.00149925	0.0100139	0.0394699	0.266714
69	0.0107644	0.0577923	0.286733	0.00149925	0.0100139	0.0396234	0.260223
70	0.0107644	0.0587766	0.294825	0.00149925	0.0100139	0.0407698	0.266714
71	0.010138	0.0595483	0.294825	0.00149925	0.0100139	0.0410123	0.260223
72	0.010057	0.0619694	0.327197	0.0089955	0.0100139	0.0407392	0.257572
73	0.010057	0.0641586	0.37605	0.0104948	0.0100139	0.0407914	0.239362
74	0.0106604	0.0667064	0.461007	0.0104948	0.0100139	0.0404887	0.228872
75	0.0106604	0.0690771	0.488068	0.011994	0.0100139	0.0401706	0.223402
76	0.0106604	0.0718857	0.528715	0.011994	0.0100139	0.0404014	0.223402
77	0.0106604	0.0742799	0.542882	0.0134933	0.0100139	0.0409723	0.228872
78	0.010713	0.0793193	0.671934	0.0194903	0.0100139	0.0401201	0.209155
79	0.010057	0.0862408	0.727226	0.0344828	0.0100139	0.040621	0.214902
80	0.010057	0.101244	1.32089	0.065967	0.0100139	0.0408368	0.214902
81	0.0106604	0.0819973	0.680132	0.0224888	0.0100139	0.0411514	0.214902
82	0.0106604	0.0733716	0.478798	0.00749625	0.0100139	0.0407064	0.198382
83	0.0100274	0.0696066	0.415532	0.00449775	0.0100139	0.0415833	0.205084
84	0.0100274	0.0668703	0.381469	0.00449775	0.0100139	0.0434943	0.216606
85	0.010138	0.064517	0.361463	0.00449775	0.0100139	0.0459832	0.23548
86	0.010138	0.0624626	0.361463	0.005997	0.0100139	0.0488451	0.2517
87	0.0100274	0.0591773	0.313724	0.0029985	0.0100139	0.0525618	0.275443
88	0.0100274	0.0581026	0.313724	0.00149925	0.0100139	0.0591957	0.331987
89	0.0100274	0.056839	0.316767	0.0029985	0.010404	0.0642251	0.401055
90	0.0100274	0.053462	0.272278	0.00149925	0.010404	0.0766646	0.528096
91	0.0100274	0.0512889	0.26889	0.00149925	0.0100139	0.0844179	0.603839
92	0.0100274	0.0500772	0.266916	0.00449775	0.0101823	0.0975147	0.822939
93	0.0105988	0.0491296	0.274175	0.00449775	0.0101823	0.103927	0.822939
94	0.0100274	0.0478558	0.250355	0.00449775	0.0101823	0.115042	1.07155
95	0.0100274	0.0459241	0.234291	0.0029985	0.010404	0.115204	1.32272
96	0.0100274	0.0458827	0.234291	0.005997	0.0101823	0.117807	1.54643
97	0.0100274	0.0454603	0.24029	0.00449775	0.0101823	0.12404	1.80432
98	0.0100274	0.044551	0.229789	0.0029985	0.010068	0.131649	2.09741
99	0.0100274	0.0439957	0.224128	0.00449775	0.0101823	0.131713	2.69278
100	0.0100274	0.042778	0.216793	0.0029985	0.010068	0.144316	3.64056
101	0.0100274	0.0446611	0.232335	0.00749625	0.010068	0.155101	5.33163
102	0.0100274	0.0427303	0.203714	0.00449775	0.010068	0.168949	8.08104
103	0.0100274	0.0426829	0.214525	0.0029985	0.010068	0.196774	18.1413
104	0.0100274	0.0421785	0.211797	0.0029985	0.0121797	0.20644	24.526
105	0.0100274	0.0418414	0.211797	0.00149925	0.010404	0.20584	24.5829
106	0.0100274	0.0407552	0.200866	0	0.010068	0.223087	24.5829
107	0.0100274	0.0405069	0.194797	0.00449775	0.010068	0.21813	26.0389
108	0.0100274	0.039767	0.187752	0.0029985	0.010068	0.215969	24.5829
109	0.0100274	0.0391883	0.173725	0	0.010068	0.213955	26.0389
110	0.0100274	0.0385368	0.161888	0	0.0101844	0.208169	24.5829
111	0.0100274	0.0383477	0.160368	0	0.0101844	0.209325	26.9292
112	0.0100274	0.0383029	0.160368	0	0.0101844	0.210298	34.2345
113	0.0100274	0.037902	0.161888	0	0.0101844	0.197774	26.9292
114	0.0100274	0.0372986	0.161888	0	0.0103998	0.175444	25.3127
115	0.0100274	0.0378067	0.169953	0.00149925	0.0103998	0.154095	24.1759
116	0.0100274	0.0379889	0.179037	0.0029985	0.010404	0.147019	23.113
117	0.0100274	0.0385555	0.179037	0.0029985	0.010404	0.136915	23.0821
118	0.0100176	0.0383993	0.173725	0.00149925	0.010404	0.134348	23.0821
119	0.0100176	0.0383471	0.185722	0	0.0103924	0.134492	23.0821
120	0.0100176	0.0368068	0.172967	0	0.0100083	0.12083	15.8108
121	0.0100176	0.0359366	0.158222	0	0.0100083	0.107299	14.6525
122	0.0100176	0.0356496	0.158222	0	0.0100083	0.101167	15.8108
123	0.0100176	0.0355891	0.172967	0	0.0102204	0.0930895	15.8932
124	0.0100176	0.0360249	0.180312	0	0.0100083	0.0849709	13.098
125	0.0100274	0.0364739	0.187752	0.00449775	0.0102204	0.0818723	13.098
126	0.0100176	0.035746	0.180312	0.00149925	0.0103924	0.0764474	12.664
127	0.0100022	0.0355034	0.1767	0.00149925	0.0103924	0.0742909	12.664
128	0.0100022	0.0352822	0.161479	0.00149925	0.0102204	0.0719754	10.2607
129	0.0100022	0.0352994	0.164222	0.00149925	0.0102204	0.0703472	10.0126
130	0.0100022	0.0356568	0.175182	0.00149925	0.0102204	0.0681873	9.11881
131	0.0100022	0.0358768	0.184005	0.00149925	0.0102204	0.0654153	7.70615
132	0.0100022	0.0363381	0.186151	0.00149925	0.0102204	0.0636957	9.11881
133	0.0100022	0.0356249	0.172967	0	0.0102204	0.05967	4.04227
134	0.0100022	0.0359059	0.1767	0	0.0102204	0.0571864	1.46481
135	0.0100022	0.0354807	0.175182	0	0.0102204	0.0544109	0.518044
136	0.0100022	0.035229	0.175182	0	0.010332	0.0529315	0.398485
137	0.0100022	0.0352938	0.1767	0	0.010332	0.0529002	0.398485
138	0.0100022	0.0354064	0.1767	0.00149925	0.0102204	0.0517853	0.331444
139	0.0100022	0.034981	0.172967	0.00149925	0.0102204	0.0508046	0.323987
140	0.0100022	0.0348096	0.162134	0	0.010332	0.04799	0.283939
141	0.0100022	0.0358931	0.1767	0.005997	0.0102204	0.0483923	0.295821
142	0.0100022	0.0358282	0.192155	0.00449775	0.0102204	0.0481321	0.310844
143	0.0100022	0.0356393	0.187597	0.005997	0.010332	0.0462835	0.297433
144	0.0100022	0.0356108	0.187597	0.005997	0.0103965	0.0492537	0.331995
145	0.0100022	0.0345903	0.1767	0.0029985	0.0103965	0.0507029	0.339734
146	0.0100022	0.0340126	0.175182	0.00149925	0.0103172	0.0511033	0.339734
147	0.0100022	0.0340499	0.164222	0	0.0103172	0.0598164	0.627054
148	0.0100022	0.034553	0.17186	0	0.0103172	0.070045	1.46481
149	0.0100022	0.0345213	0.1767	0.00149925	0.0101173	0.0821154	3.12988
150	0.0100022	0.0343708	0.17701	0	0.0101173	0.0970396	5.82224
151	0.0100022	0.0346304	0.187597	0	0.0101173	0.107549	8.52409
152	0.0100022	0.0350089	0.194563	0.00149925	0.0101173	0.122137	13.3684
153	0.0100022	0.0357112	0.204068	0.0029985	0.0101704	0.151978	20.1125
154	0.0100022	0.0360934	0.213597	0.005997	0.010332	0.197043	20.1125
155	0.0100022	0.0360803	0.215994	0.005997	0.0101173	0.241147	25.4968
156	0.0100022	0.0358612	0.213597	0.00449775	0.0101704	0.325696	41.1598
157	0.0100022	0.0361484	0.215994	0.0029985	0.0116772	0.372726	48.3557
158	0.0100022	0.0373088	0.24845	0.005997	0.0105305	0.443675	47.3415
159	0.0100022	0.0389386	0.269546	0.011994	0.0101704	0.551718	53.2161
160	0.0100022	0.0385721	0.257493	0.005997	0.018257	0.646975	95.2727
161	0.0100176	0.0375217	0.24845	0.0029985	0.019737	0.733357	97.5151
162	0.0100176	0.0377812	0.24845	0.00149925	0.018257	0.764233	97.5151
163	0.0100022	0.0382123	0.245458	0.0029985	0.0164057	0.857221	94.4779
164	0.0100176	0.0380969	0.24845	0.0029985	0.0164057	0.929319	96.2945
165	0.0100176	0.0385694	0.24845	0.0029985	0.0159313	0.985018	98.3869
166	0.0100022	0.0393475	0.257097	0.00449775	0.0171243	1.06069	96.2945
167	0.0100022	0.0402536	0.269546	0.00449775	0.018257	1.08819	98.3869
168	0.0100022	0.0425838	0.324221	0.0089955	0.018257	1.13228	96.7153
169	0.0100022	0.045009	0.366816	0.0149925
