		omega		Posterior		rho				Synonymous theta			kappa			phi	
Site	Lower	Point	Higher	prob of +ve	Lower	Point	Higher		Lower	Point	Higher	Lower	Point	Higher	Lower	Point	Higher
	95% HPD	estimate	95% HPD	selection	95% HPD	estimate	95% HPD		95% HPD	estimate	95% HPD	95% HPD	estimate	95% HPD	95% HPD	estimate	95% HPD
0	0.0100702	0.0479138	0.408298	0.0134933	0.0103037	0.162739	39.6685		0.0343715	0.0527002	0.0808269	1.7176	3.70527	8.29577	0	0	0
1	0.0100702	0.0461112	0.353707	0.00749625	0.0103037	0.141374	34.7895
2	0.0100239	0.0430731	0.292676	0.00149925	0.0103037	0.127717	22.6378
3	0.0100239	0.0417823	0.256148	0	0.0100509	0.117795	16.1249
4	0.0100702	0.0410113	0.240702	0.00149925	0.0100509	0.114556	11.3579
5	0.0100702	0.0405237	0.23277	0.00149925	0.0100509	0.104628	6.45887
6	0.0100702	0.0400757	0.213192	0	0.0100509	0.0864605	3.89918
7	0.0100808	0.0390074	0.195987	0	0.0100509	0.067711	0.719799
8	0.0100702	0.0384499	0.192366	0.00149925	0.0103037	0.0664161	0.578485
9	0.0100702	0.0380368	0.192366	0	0.0103534	0.0639567	0.53026
10	0.0100702	0.0379625	0.182354	0	0.0102153	0.0621046	0.448056
11	0.010061	0.0371034	0.171405	0	0.0100993	0.0607849	0.389214
12	0.010061	0.037582	0.17541	0	0.0102153	0.0603359	0.390532
13	0.010061	0.037545	0.17541	0	0.0103037	0.0604498	0.360593
14	0.010061	0.0374471	0.17541	0	0.0100993	0.0715941	0.789264
15	0.010061	0.0374456	0.172526	0.00149925	0.0102153	0.0743874	0.861124
16	0.0100702	0.0366075	0.170846	0	0.0100435	0.0671864	0.469378
17	0.010061	0.0359439	0.165853	0	0.0103037	0.0643528	0.578485
18	0.010061	0.035897	0.162552	0	0.0103037	0.0552034	0.3585
19	0.010061	0.0364228	0.170846	0	0.0103037	0.0538027	0.341521
20	0.010061	0.0367295	0.17353	0.00149925	0.0100337	0.0528047	0.324705
21	0.010061	0.036795	0.17353	0	0.0100337	0.0520817	0.313134
22	0.010061	0.0374008	0.17541	0	0.0103037	0.0496985	0.308927
23	0.010034	0.0369922	0.170846	0	0.0100337	0.0485836	0.283385
24	0.010034	0.036708	0.165853	0	0.0100337	0.0460171	0.246456
25	0.010061	0.037469	0.170846	0	0.0102933	0.04451	0.243635
26	0.010034	0.0375015	0.172526	0	0.0100337	0.0427471	0.227577
27	0.010034	0.0379724	0.17541	0.00149925	0.0100337	0.0406196	0.217716
28	0.010034	0.0381691	0.177294	0.00449775	0.0100337	0.040338	0.215603
29	0.010034	0.03866	0.182354	0.0029985	0.0100337	0.0393141	0.215603
30	0.010034	0.0395137	0.187534	0.0029985	0.0100337	0.0387953	0.209791
31	0.010061	0.0398455	0.195816	0.0029985	0.0100337	0.0391658	0.209791
32	0.010034	0.0404876	0.195816	0.0029985	0.0100286	0.0392316	0.227577
33	0.010034	0.0409539	0.197181	0.00449775	0.0100286	0.0383221	0.209791
34	0.010034	0.0417696	0.210876	0.00449775	0.0100286	0.037704	0.175914
35	0.010034	0.0414818	0.195816	0.00449775	0.0100286	0.0376036	0.209791
36	0.010034	0.0422474	0.202394	0.0029985	0.0100286	0.0380715	0.218263
37	0.010034	0.0434136	0.222104	0.0029985	0.0100286	0.0384724	0.237269
38	0.010034	0.0436043	0.222104	0	0.0100286	0.0384788	0.237269
39	0.010034	0.0437216	0.226624	0	0.0100286	0.0385163	0.237269
40	0.010034	0.0440224	0.227363	0	0.0100286	0.0386257	0.254067
41	0.0101797	0.0447307	0.238038	0	0.0100286	0.039003	0.260737
42	0.010061	0.0450942	0.222104	0	0.0100286	0.0403289	0.277735
43	0.0101797	0.046511	0.238038	0.0029985	0.0100286	0.0408536	0.277735
44	0.0101797	0.0481174	0.23843	0.00449775	0.0100286	0.0409232	0.308927
45	0.0101797	0.048213	0.23843	0	0.0100286	0.0416463	0.328793
46	0.0101797	0.0485969	0.23843	0	0.0100286	0.0406656	0.321975
47	0.0101399	0.0515151	0.257489	0.0029985	0.0100286	0.0391241	0.263907
48	0.010034	0.0530644	0.264146	0.00449775	0.0100286	0.0388753	0.277735
49	0.010034	0.0548461	0.268333	0.005997	0.0100286	0.0379412	0.258599
50	0.010034	0.0558758	0.267057	0.005997	0.0100286	0.037084	0.231777
51	0.0101399	0.0583059	0.295601	0.005997	0.0100337	0.0364428	0.205919
52	0.010034	0.060914	0.308929	0.005997	0.0100337	0.0358874	0.172214
53	0.0101453	0.0640647	0.314435	0.00749625	0.0100337	0.0351702	0.163368
54	0.0101453	0.0650537	0.312666	0.00449775	0.0101676	0.0344547	0.159388
55	0.0101453	0.0684962	0.347758	0.00449775	0.0100337	0.0341987	0.150898
56	0.0101453	0.0718574	0.362706	0.00449775	0.0100337	0.0347808	0.159388
57	0.0107112	0.0775868	0.401091	0.00449775	0.0100337	0.0346957	0.159388
58	0.0102097	0.0834726	0.395677	0.005997	0.0100337	0.0345209	0.163368
59	0.0107392	0.0889868	0.426041	0.00749625	0.0100337	0.0354138	0.172214
60	0.0123227	0.0949592	0.49843	0.00749625	0.0100337	0.0348063	0.163368
61	0.0124998	0.103646	0.590393	0.011994	0.0100337	0.0344723	0.163368
62	0.0132697	0.0998899	0.596857	0.00449775	0.0100337	0.0342437	0.150898
63	0.0123488	0.09822	0.52567	0.00449775	0.0100337	0.034193	0.150898
64	0.0124532	0.0960113	0.50765	0.0029985	0.0100106	0.0342035	0.149245
65	0.0133631	0.0948086	0.52567	0.0029985	0.0100106	0.0340995	0.149245
66	0.0141284	0.0937509	0.52567	0.0029985	0.0100106	0.0338392	0.14428
67	0.0157006	0.0927514	0.52567	0.0029985	0.0100106	0.0337827	0.142849
68	0.0123488	0.093663	0.397272	0.00149925	0.0100106	0.0341155	0.14428
69	0.0124532	0.0935473	0.397272	0	0.0101153	0.0338367	0.14428
70	0.0125941	0.0929535	0.397272	0	0.0100106	0.0342161	0.146752
71	0.0127517	0.093721	0.397272	0.00149925	0.0100106	0.0339309	0.14428
72	0.0128812	0.0946957	0.397272	0.0029985	0.0100106	0.0346422	0.150898
73	0.0132697	0.0945725	0.397272	0.00149925	0.0100106	0.0346693	0.150898
74	0.0128812	0.0980053	0.397272	0.005997	0.0100106	0.0354182	0.150898
75	0.017688	0.10102	0.536397	0.0089955	0.0100106	0.035959	0.156633
76	0.017688	0.10381	0.536397	0.0104948	0.0101153	0.0369661	0.159534
77	0.0160225	0.110571	0.600784	0.011994	0.0101153	0.037938	0.165975
78	0.0180189	0.118765	0.740099	0.0194903	0.0101153	0.0384533	0.211689
79	0.0201395	0.120914	0.853888	0.0194903	0.0100825	0.0398064	0.231777
80	0.01309	0.116155	0.536397	0.0164918	0.0100825	0.0414108	0.247816
81	0.0158268	0.112478	0.529822	0.011994	0.0100825	0.0429177	0.254914
82	0.0188609	0.106487	0.536397	0.0089955	0.0101676	0.0446938	0.280927
83	0.0192446	0.104477	0.519669	0.00449775	0.0100825	0.0469997	0.30494
84	0.0192446	0.104221	0.483222	0.0029985	0.0101676	0.0505414	0.36809
85	0.0192216	0.104021	0.491904	0.0029985	0.0101676	0.0532266	0.409315
86	0.0192216	0.10491	0.536397	0.0029985	0.0101676	0.0582921	0.469382
87	0.0188259	0.104917	0.510216	0	0.0103108	0.0615413	0.517339
88	0.0192216	0.10344	0.519669	0	0.0103326	0.0630469	0.517339
89	0.0188259	0.103652	0.491904	0	0.0103108	0.0660625	0.64963
90	0.0210817	0.102957	0.535393	0	0.0103108	0.0689397	0.641186
91	0.0188259	0.104787	0.491904	0.00149925	0.0103108	0.0690613	0.528543
92	0.0213331	0.107686	0.535393	0.00149925	0.0103326	0.0677176	0.517339
93	0.0165804	0.107841	0.422054	0.00149925	0.0103108	0.0683562	0.485564
94	0.0196653	0.110024	0.595557	0.00149925	0.0103108	0.0737617	0.622166
95	0.0196653	0.113129	0.595557	0.0029985	0.0103108	0.078943	0.553243
96	0.0201324	0.116009	0.59969	0.00449775	0.0103108	0.079288	0.553243
97	0.0197742	0.12353	0.612666	0.00749625	0.0103418	0.0855574	0.767318
98	0.0196653	0.123928	0.612666	0.005997	0.0103418	0.0805717	0.553243
99	0.021975	0.126175	0.634348	0.00449775	0.0103418	0.0781525	0.535921
100	0.0248516	0.134629	0.763556	0.011994	0.0102585	0.0796331	0.528543
101	0.0265773	0.140989	0.763556	0.017991	0.0102585	0.0777279	0.512278
102	0.0268065	0.137897	0.763556	0.0134933	0.0102585	0.0838056	0.635459
103	0.0264806	0.133513	0.69959	0.0104948	0.0100859	0.0940665	0.876469
104	0.0264806	0.131572	0.69959	0.00749625	0.0100859	0.0949314	0.7792
105	0.0265773	0.129694	0.69959	0.005997	0.0100859	0.0926861	0.750816
106	0.0264806	0.126474	0.69959	0.00449775	0.0100859	0.0970193	0.876493
107	0.0264806	0.124984	0.69959	0.00449775	0.0102585	0.0943879	0.7792
108	0.0245287	0.128507	0.69959	0.00749625	0.0100859	0.0959492	0.7792
109	0.0264806	0.127266	0.807232	0.005997	0.0100859	0.0957765	0.7792
110	0.0264806	0.127923	0.811697	0.005997	0.0100286	0.0953699	0.7792
111	0.0188541	0.120254	0.69959	0.005997	0.0100286	0.0898863	0.750816
112	0.0159961	0.111398	0.612001	0.0029985	0.0100286	0.0929482	0.921551
113	0.0128746	0.106244	0.505967	0.00449775	0.0100286	0.0936857	1.17841
114	0.0132138	0.0999741	0.483222	0.00149925	0.0100286	0.0985955	2.69785
115	0.0124256	0.0956497	0.43773	0.00149925	0.0100286	0.104129	5.52121
116	0.0128746	0.0921344	0.422204	0	0.0100286	0.109008	13.746
117	0.0132138	0.0894168	0.422204	0	0.0100286	0.115923	23.0502
118	0.0128746	0.0879787	0.422204	0.00149925	0.0100286	0.125462	31.7549
119	0.0128746	0.085953	0.422204	0	0.0100286	0.126003	31.7549
120	0.0124256	0.0832228	0.369974	0	0.0100286	0.12873	31.7841
121	0.0124256	0.0812536	0.382439	0	0.0100286	0.130723	34.9092
122	0.0111906	0.0796234	0.359787	0	0.0100002	0.133866	39.8344
123	0.0103631	0.0781074	0.321541	0	0.0101031	0.135129	40.6175
124	0.0106335	0.0767322	0.321541	0.00149925	0.0101031	0.132919	40.6175
125	0.0110522	0.0743447	0.319713	0	0.0100286	0.135066	40.6175
126	0.0110522	0.074693	0.319713	0	0.0101031	0.136704	40.6175
127	0.0103631	0.0743408	0.321541	0.00149925	0.0101031	0.138034	40.6175
128	0.0103186	0.0725252	0.308339	0	0.0100002	0.143725	40.6175
129	0.0110522	0.0741597	0.369777	0.00449775	0.0101031	0.141397	40.6175
130	0.0100044	0.0737491	0.308339	0	0.0101031	0.144496	40.6175
131	0.0100044	0.0745804	0.308339	0	0.0101234	0.155774	40.6175
132	0.0100044	0.0739895	0.308339	0	0.0102263	0.178644	40.6175
133	0.0100044	0.0738771	0.320351	0.0029985	0.0100002	0.20408	44.9518
134	0.0110552	0.0724893	0.320351	0	0.0100002	0.231048	49.161
135	0.0110552	0.0722632	0.320351	0	0.010064	0.248248	52.6606
136	0.0100761	0.0734639	0.305625	0	0.010064	0.268218	48.2842
137	0.0102954	0.0741142	0.305625	0	0.010064	0.293098	49.161
138	0.0121062	0.0760215	0.382439	0	0.010064	0.371867	49.161
139	0.0124256	0.0797099	0.407038	0	0.010064	0.400063	48.2842
140	0.0124256	0.0820341	0.402562	0.0029985	0.0105958	0.454693	55.2657
141	0.0122138	0.0852232	0.407038	0.00449775	0.0170657	0.535097	87.665
142	0.0132441	0.0895167	0.471792	0.00749625	0.016553	0.547927	89.9957
143	0.0132441	0.0924391	0.490753	0.00749625	0.0176323	0.639059	99.4413
144	0.0126159	0.0866975	0.425407	0.0029985	0.016553	0.613469	93.8619
145	0.0130037	0.0835949	0.445513	0.00449775	0.0163894	0.635824	87.665
146	0.012379	0.0809241	0.400329	0.00449775	0.0163894	0.598526	91.545
147	0.012379	0.078369	0.407038	0.0029985	0.0163894	0.584313	82.5728
148	0.0118348	0.0758598	0.373968	0.0029985	0.0168142	0.603838	82.5728
149	0.0109397	0.0727648	0.347249	0.0029985	0.0168142	0.620169	82.5728
150	0.010237	0.0698277	0.284508	0.00149925	0.0176323	0.696432	82.5728
151	0.0109397	0.0676887	0.284508	0.00149925	0.0183645	0.70113	88.2716
152	0.0109768	0.0662471	0.27298	0	0.017681	0.617393	88.2716
153	0.0109397	0.0643887	0.269857	0	0.0108394	0.598152	53.3104
154	0.0109397	0.0633866	0.269857	0	0.0158521	0.634055	76.907
155	0.0109397	0.0639108	0.27298	0	0.0160533	0.644776	76.907
156	0.0106498	0.0642589	0.269857	0.0029985	0.0171178	0.660018	79.4663
157	0.0106498	0.0632244	0.27298	0.0029985	0.0174192	0.658402	76.907
158	0.0106498	0.0630594	0.269857	0.00449775	0.0174192	0.670556	77.4734
159	0.0106498	0.0626715	0.269857	0.00449775	0.0171178	0.704348	77.4734
160	0.010237	0.0629775	0.27298	0.00749625	0.0183645	0.737783	77.4734
161	0.010237	0.0648839	0.341572	0.0134933	0.0158521	0.732099	77.4734
162	0.0108936	0.0650932	0.388857	0.0164918	0.0164206	0.713999	77.4734
163	0.0100241	0.0672486	0.421282	0.0254873
