		omega		Posterior		rho				Synonymous theta			kappa			phi	
Site	Lower	Point	Higher	prob of +ve	Lower	Point	Higher		Lower	Point	Higher	Lower	Point	Higher	Lower	Point	Higher
	95% HPD	estimate	95% HPD	selection	95% HPD	estimate	95% HPD		95% HPD	estimate	95% HPD	95% HPD	estimate	95% HPD	95% HPD	estimate	95% HPD
0	0.0107627	0.0628394	0.553701	0.0149925	0.010563	0.462176	49.3108		0.0270446	0.0449264	0.0694625	1.78816	5.9465	21.1649	0	0	0
1	0.0100896	0.0605271	0.447056	0.0089955	0.0100338	0.436806	49.5875
2	0.0100896	0.0601823	0.379915	0.0089955	0.0108796	0.419739	56.6212
3	0.0100896	0.0601766	0.371545	0.0089955	0.010563	0.434217	55.6217
4	0.0105635	0.0589033	0.371545	0.005997	0.010563	0.406346	55.6217
5	0.0105635	0.0594518	0.371545	0.00449775	0.0100338	0.404124	53.7398
6	0.0100148	0.0608393	0.371545	0.00449775	0.0100338	0.402751	53.7398
7	0.0100148	0.0610396	0.371545	0	0.0114304	0.42033	59.5725
8	0.0100148	0.0625287	0.398474	0.0029985	0.0100338	0.421848	53.7398
9	0.0100148	0.0618807	0.398474	0.00449775	0.0104978	0.394149	55.6217
10	0.0100148	0.0625955	0.39963	0.005997	0.0100338	0.366683	53.2553
11	0.0100148	0.0646365	0.415812	0.005997	0.0100338	0.324073	53.7398
12	0.0102757	0.0665716	0.456243	0.00749625	0.0100016	0.258877	45.6601
13	0.0100148	0.0691154	0.459517	0.0104948	0.0100338	0.226063	37.854
14	0.0100148	0.0720943	0.49321	0.0149925	0.0100016	0.168521	29.3718
15	0.0100148	0.0721995	0.49321	0.0149925	0.0100016	0.126692	7.28616
16	0.0100148	0.0741891	0.49321	0.0104948	0.0100016	0.104005	1.44985
17	0.0107407	0.0761754	0.579635	0.0104948	0.0100016	0.0974381	1.06928
18	0.0107407	0.0789586	0.610495	0.0149925	0.0100016	0.0854316	0.729838
19	0.0107407	0.0861723	0.70489	0.023988	0.0100016	0.0802098	0.641837
20	0.0113083	0.0921759	0.825449	0.0344828	0.0100338	0.0847124	0.789865
21	0.0107407	0.0807395	0.610495	0.0224888	0.0100757	0.0876525	0.834423
22	0.0100148	0.0720513	0.517627	0.0134933	0.0100338	0.0860034	0.834423
23	0.0100148	0.0663961	0.475009	0.0104948	0.0100338	0.0860413	0.770526
24	0.0100148	0.0612781	0.367486	0.0089955	0.0100757	0.0805897	0.585968
25	0.0100148	0.0569753	0.309006	0.00449775	0.0100338	0.0755272	0.478082
26	0.0100148	0.0550699	0.293462	0.00449775	0.0100338	0.074642	0.487756
27	0.0100148	0.0533199	0.270983	0.00149925	0.0100338	0.0710668	0.414091
28	0.0100148	0.0515192	0.264498	0.00149925	0.0100757	0.0710695	0.413107
29	0.0106604	0.0504152	0.270983	0.0029985	0.0100338	0.071007	0.40592
30	0.0103559	0.0481395	0.252486	0.0029985	0.0100338	0.0721694	0.40592
31	0.0104881	0.0469343	0.251781	0	0.0100338	0.0773067	0.502759
32	0.0104881	0.0467055	0.252486	0.00149925	0.0100338	0.0815785	0.585968
33	0.0104881	0.0457611	0.252486	0.00149925	0.0100038	0.0822723	0.68741
34	0.0104881	0.0442838	0.253105	0.00149925	0.0100038	0.0868895	0.877223
35	0.0102919	0.0439316	0.253105	0.0029985	0.0100038	0.0902241	0.97537
36	0.0100148	0.0429696	0.235627	0.0029985	0.0100038	0.096125	1.93079
37	0.0104881	0.0426291	0.256278	0.00449775	0.0100038	0.102949	2.96293
38	0.0100148	0.0415784	0.216956	0.00149925	0.0100038	0.116938	4.88037
39	0.0100148	0.0393615	0.210917	0	0.0100038	0.129818	8.71871
40	0.0102513	0.0396359	0.216956	0	0.0100038	0.143865	16.2393
41	0.0105713	0.0387051	0.216956	0	0.0100038	0.14247	18.1945
42	0.0100207	0.0381852	0.197793	0	0.0100038	0.149387	18.1945
43	0.0100207	0.0373152	0.195495	0	0.0100038	0.142427	13.6642
44	0.0100207	0.0370185	0.193169	0.00149925	0.0100038	0.156739	11.8421
45	0.0100207	0.0375716	0.202662	0.00149925	0.0100038	0.180039	14.1619
46	0.0100207	0.0368495	0.195495	0.00149925	0.0100038	0.212893	16.9411
47	0.0100122	0.0353973	0.183634	0	0.0100038	0.240059	18.3984
48	0.0100122	0.0347758	0.177771	0	0.0100985	0.252294	19.605
49	0.0100122	0.0352237	0.179265	0.0029985	0.0100038	0.272933	20.1839
50	0.0100122	0.035097	0.185919	0.0029985	0.0100038	0.295405	19.605
51	0.0100122	0.0346726	0.179265	0.0029985	0.0100038	0.338005	22.4692
52	0.0100122	0.0341591	0.177771	0.0029985	0.0100038	0.345049	22.4692
53	0.0100122	0.0334314	0.17172	0.00149925	0.0100038	0.374056	24.7038
54	0.0100122	0.0333019	0.171168	0.00149925	0.0101204	0.413459	30.833
55	0.0100122	0.0336049	0.165455	0.00149925	0.0101204	0.436369	32.4262
56	0.0100122	0.0331086	0.164869	0.00149925	0.0101204	0.408582	34.8344
57	0.0100122	0.0328836	0.164869	0.00149925	0.0101204	0.421362	34.893
58	0.0100122	0.0328097	0.171168	0.0029985	0.0101204	0.434294	41.5497
59	0.0100122	0.0327994	0.165455	0.00149925	0.0101204	0.397902	42.143
60	0.0100122	0.0327127	0.164869	0	0.01008	0.352812	36.1086
61	0.0100122	0.0327008	0.160646	0	0.0100022	0.318574	36.1086
62	0.0100122	0.0322235	0.156294	0	0.0100022	0.278396	34.519
63	0.0100122	0.0328705	0.160646	0.00449775	0.0100022	0.223832	34.519
64	0.0100122	0.0324463	0.158493	0.00149925	0.0100022	0.189397	32.4262
65	0.0100122	0.0319596	0.155572	0	0.0100022	0.151784	32.25
66	0.0100122	0.0318624	0.155572	0	0.0100022	0.125941	24.1584
67	0.0100122	0.0319117	0.152956	0	0.0100022	0.108559	8.87193
68	0.0100122	0.0322602	0.158493	0	0.0100022	0.0872086	4.2955
69	0.0100122	0.0323473	0.152956	0	0.0100022	0.0798274	3.44717
70	0.0100122	0.0318733	0.152367	0	0.0100022	0.0764912	3.21525
71	0.0100122	0.0322103	0.152956	0.00149925	0.0100022	0.0744669	3.36985
72	0.0100122	0.032083	0.155572	0	0.0100022	0.0720625	4.06971
73	0.0102096	0.0323768	0.167801	0	0.0100022	0.0665971	3.49343
74	0.0100122	0.0329343	0.165455	0	0.0100022	0.0669357	4.2955
75	0.0102096	0.0327305	0.167801	0	0.0100022	0.069868	13.375
76	0.0102096	0.0328325	0.167801	0.00149925	0.0100455	0.0687208	22.4966
77	0.0100122	0.0322843	0.155572	0.00149925	0.0100455	0.0617567	7.79783
78	0.0100122	0.0322372	0.152367	0.00149925	0.0100593	0.0578492	4.99847
79	0.0100122	0.0324343	0.155572	0.0029985	0.0100593	0.0517604	1.78693
80	0.0100122	0.0326137	0.148601	0.00449775	0.0100593	0.0443795	0.420854
81	0.0102096	0.0326443	0.148601	0.00449775	0.0100593	0.0393529	0.241906
82	0.0102096	0.0325506	0.148601	0.00449775	0.0100593	0.0364172	0.194781
83	0.0100122	0.0321861	0.142013	0.0029985	0.0100593	0.0353955	0.176102
84	0.0102096	0.0318725	0.142013	0	0.0100898	0.0344017	0.165755
85	0.0102096	0.0318799	0.142013	0	0.0100593	0.0342947	0.161127
86	0.0100122	0.0318385	0.140754	0	0.0100593	0.0339257	0.161127
87	0.0100122	0.0322025	0.140754	0.00149925	0.0100898	0.0335516	0.161127
88	0.0100122	0.031949	0.140754	0.00149925	0.0100593	0.0333826	0.155539
89	0.0100122	0.0325518	0.155572	0.0029985	0.0100593	0.0328027	0.155539
90	0.0102592	0.0330222	0.161347	0.005997	0.0100593	0.0325163	0.155539
91	0.0100122	0.0322399	0.146871	0.0029985	0.0100593	0.0328925	0.16084
92	0.010162	0.031986	0.148697	0.00149925	0.0100593	0.0337774	0.188354
93	0.0100122	0.032081	0.150948	0.0029985	0.0100593	0.0346375	0.231292
94	0.010162	0.0321239	0.152764	0.0029985	0.0100593	0.0350805	0.231292
95	0.010162	0.0320276	0.152764	0.0029985	0.0100593	0.0360108	0.243702
96	0.010162	0.0324054	0.155572	0.00449775	0.0100593	0.0356115	0.243702
97	0.010162	0.033003	0.164869	0.005997	0.0100593	0.0364098	0.262819
98	0.010162	0.0327078	0.164869	0.005997	0.0100898	0.0368669	0.262819
99	0.0100506	0.0325853	0.167801	0.00449775	0.0100898	0.0366989	0.257031
100	0.0100506	0.0325524	0.164869	0.0029985	0.0100898	0.0355368	0.236062
101	0.0100506	0.032472	0.161347	0.00149925	0.0100898	0.037435	0.268818
102	0.0100506	0.0329145	0.164869	0.00149925	0.0100898	0.0405105	0.379803
103	0.0100506	0.033821	0.187307	0	0.0100898	0.0459436	0.793961
104	0.0100506	0.0336422	0.179119	0	0.0100898	0.053185	3.20354
105	0.0100506	0.0334694	0.179119	0	0.0100898	0.0568009	3.21584
106	0.0100506	0.0341814	0.187307	0	0.0100898	0.0595097	5.7883
107	0.0100506	0.0344354	0.194909	0.00149925	0.0100898	0.0629814	7.47998
108	0.0100506	0.034837	0.194909	0.0029985	0.0100898	0.0663488	9.02718
109	0.0100506	0.0350094	0.194909	0.005997	0.0100898	0.0692667	12.9353
110	0.0100506	0.0352373	0.197833	0.00449775	0.0100898	0.0705954	14.8868
111	0.0100506	0.0350752	0.197833	0.0029985	0.0100898	0.079708	23.8671
112	0.010162	0.0364496	0.225039	0.005997	0.0100845	0.0847201	23.1685
113	0.0100781	0.0361128	0.227236	0.0029985	0.0100268	0.0872508	20.4261
114	0.0100781	0.0372655	0.252171	0.00449775	0.0100268	0.0930669	28.1376
115	0.0100781	0.0376507	0.26104	0.005997	0.0100268	0.0974056	30.3417
116	0.0100781	0.0372751	0.26104	0.00449775	0.0100268	0.104192	33.1435
117	0.0100781	0.0369018	0.274782	0.00149925	0.0100268	0.113338	34.8307
118	0.010162	0.0372575	0.289453	0	0.0100268	0.131903	37.9594
119	0.0100162	0.037965	0.300083	0	0.0100268	0.155731	43.8999
120	0.0100781	0.0388914	0.308706	0.00149925	0.0100968	0.191822	48.3666
121	0.0100162	0.0400162	0.331407	0.00449775	0.0100968	0.208208	48.3666
122	0.010162	0.0407165	0.381184	0.005997	0.0100268	0.221003	51.3054
123	0.0100162	0.0413421	0.395716	0.005997	0.0100268	0.240031	55.9954
124	0.0100162	0.0423934	0.421439	0.005997	0.0103715	0.283641	66.6396
125	0.0100162	0.0441739	0.45636	0.0089955	0.0103715	0.300163	66.1402
126	0.0100162	0.0446023	0.458807	0.0104948	0.0100268	0.324707	57.7312
127	0.0100162	0.0474201	0.53601	0.017991	0.0100268	0.31979	55.2828
128	0.0100781	0.0516919	0.738728	0.0314843
