		omega		Posterior		rho				Synonymous theta			kappa			phi	
Site	Lower	Point	Higher	prob of +ve	Lower	Point	Higher		Lower	Point	Higher	Lower	Point	Higher	Lower	Point	Higher
	95% HPD	estimate	95% HPD	selection	95% HPD	estimate	95% HPD		95% HPD	estimate	95% HPD	95% HPD	estimate	95% HPD	95% HPD	estimate	95% HPD
0	0.0101918	0.0801703	2.32828	0.0914543	0.0101096	0.110943	3.84324		0.0455069	0.0621245	0.0832615	1.79732	3.10752	5.57795	8.24271	709688	2.62211e+12
1	0.0101918	0.0753525	1.87315	0.077961	0.0101096	0.110619	3.84324
2	0.0101918	0.064779	1.54172	0.0569715	0.0101096	0.110773	4.1631
3	0.0101918	0.0537999	0.415827	0.0344828	0.0101096	0.120466	5.03722
4	0.0101979	0.0469802	0.299522	0.011994	0.0101096	0.128059	6.97591
5	0.0101918	0.0455067	0.280398	0.0104948	0.0101096	0.130116	7.00521
6	0.0101699	0.0422705	0.223716	0.005997	0.0101096	0.130215	6.94501
7	0.0101699	0.0407062	0.19275	0.00149925	0.0101096	0.119634	5.39269
8	0.0101918	0.0410382	0.198813	0.00149925	0.0101096	0.116006	5.17117
9	0.0101699	0.0408417	0.190873	0.0029985	0.0100959	0.113352	5.39269
10	0.0101699	0.0410232	0.186482	0.0029985	0.0100959	0.10262	4.79361
11	0.0101918	0.0392249	0.173312	0	0.0100959	0.0979273	4.1631
12	0.0101699	0.0382755	0.170072	0	0.0100959	0.0955632	5.03316
13	0.0101699	0.0379531	0.167972	0	0.0100959	0.0935843	5.49965
14	0.0101699	0.038454	0.171546	0.0029985	0.0100959	0.0947943	5.03316
15	0.0101699	0.0371592	0.164908	0	0.0100959	0.0953231	5.03316
16	0.0101699	0.0366751	0.159646	0	0.0100959	0.0969342	5.81349
17	0.0101699	0.0365578	0.15356	0	0.0100959	0.0917316	4.69997
18	0.0101699	0.0362623	0.150474	0	0.0100959	0.100198	6.95656
19	0.0101699	0.0360195	0.159646	0	0.0100959	0.109645	11.3591
20	0.0101699	0.0360698	0.150474	0	0.0100959	0.122508	18.2128
21	0.0101699	0.0365965	0.150474	0	0.0101096	0.13953	44.3998
22	0.0101699	0.0373516	0.160288	0	0.0101096	0.193143	64.7097
23	0.010158	0.0377845	0.160288	0	0.0102756	0.218969	69.3608
24	0.010158	0.0379859	0.167972	0.00149925	0.0102756	0.249102	68.6885
25	0.010158	0.0372198	0.163387	0	0.0102756	0.260425	69.3608
26	0.010158	0.0369894	0.15356	0	0.0100906	0.267065	64.1747
27	0.010158	0.037358	0.164908	0	0.0101096	0.270314	63.0512
28	0.0106272	0.0389435	0.176923	0	0.0101096	0.26963	63.0512
29	0.0101979	0.0392887	0.171779	0	0.0100906	0.268985	61.0644
30	0.010158	0.0400089	0.171546	0	0.0100906	0.287471	59.7262
31	0.010158	0.0399949	0.169923	0	0.0101096	0.276442	57.4078
32	0.010282	0.0411231	0.173933	0.005997	0.0100906	0.27638	55.2167
33	0.0106272	0.0411731	0.177956	0.00149925	0.0100906	0.298644	55.2167
34	0.010282	0.0421803	0.177956	0.00149925	0.0101096	0.32863	57.4078
35	0.010158	0.0438499	0.191234	0.00149925	0.0100906	0.334625	57.1858
36	0.010158	0.0448193	0.203205	0.00149925	0.0101096	0.337129	57.4078
37	0.010158	0.0449269	0.203205	0.00149925	0.0100906	0.348131	58.5333
38	0.010035	0.0450006	0.203205	0	0.0100906	0.375304	61.0644
39	0.010158	0.0467652	0.226084	0	0.0100906	0.367342	59.3782
40	0.0107238	0.0479314	0.242147	0	0.0100906	0.362327	59.3782
41	0.010158	0.050707	0.245607	0.0029985	0.0100906	0.362095	59.3782
42	0.010035	0.0538265	0.29267	0.0104948	0.0100906	0.36638	59.3782
43	0.0106272	0.0625027	0.502975	0.0314843	0.0100906	0.358247	61.0644
44	0.010035	0.0533134	0.254888	0.00749625	0.0100906	0.364228	63.1941
45	0.0105323	0.0516545	0.248916	0	0.0100906	0.384485	63.4921
46	0.0106272	0.0503427	0.242926	0	0.0100906	0.422233	63.1941
47	0.0106272	0.0498896	0.242926	0.00149925	0.0100906	0.422195	64.9009
48	0.010035	0.0489056	0.227846	0.00149925	0.010385	0.443764	69.3608
49	0.010158	0.0466433	0.212316	0.00149925	0.0100906	0.450439	67.5219
50	0.0101024	0.0451247	0.201705	0.00149925	0.0100906	0.538384	66.1209
51	0.010035	0.044215	0.194231	0.00149925	0.0100878	0.611498	66.1209
52	0.010035	0.0429055	0.178702	0.00149925	0.0100878	0.667347	66.1209
53	0.0101024	0.0427673	0.178702	0	0.0100878	0.673937	63.1941
54	0.0101897	0.0424507	0.17859	0	0.0100878	0.692132	66.1209
55	0.0101024	0.0427264	0.17859	0	0.0100878	0.716733	68.408
56	0.0101024	0.0421412	0.173149	0	0.0108353	0.874504	73.2457
57	0.0101897	0.0419406	0.178842	0	0.0108353	0.995073	75.3857
58	0.0101024	0.042324	0.178842	0	0.0138602	1.05389	97.5693
59	0.010035	0.0423831	0.173149	0	0.0140382	1.03719	97.5693
60	0.0102886	0.0424691	0.173149	0	0.0140382	1.03644	97.5693
61	0.0101024	0.0431635	0.173149	0.00149925	0.0140382	1.07361	97.5693
62	0.0101897	0.0431469	0.173149	0.00149925	0.0144221	1.13149	97.5693
63	0.0102886	0.0430001	0.172505	0	0.0140382	1.19466	92.5509
64	0.0102886	0.0430971	0.173149	0	0.016032	1.30725	97.5693
65	0.0101897	0.0426747	0.173149	0	0.016154	1.2727	97.5693
66	0.010035	0.0430234	0.173149	0	0.0171718	1.31103	98.5379
67	0.010611	0.0431056	0.186829	0	0.0168027	1.29179	99.5986
68	0.010611	0.0440333	0.189387	0	0.0165157	1.26801	98.5379
69	0.010611	0.0444409	0.189387	0	0.0171718	1.31798	98.5379
70	0.0103072	0.0451951	0.202967	0.00149925	0.0159192	1.30611	90.1824
71	0.010035	0.0454544	0.202967	0	0.0159192	1.31814	92.3418
72	0.0105323	0.0458792	0.217958	0	0.0163394	1.34658	90.1824
73	0.010035	0.0461701	0.202967	0	0.0164323	1.39211	90.1824
74	0.0101024	0.0467212	0.202967	0	0.0154971	1.40221	83.7248
75	0.0105323	0.0474686	0.217958	0	0.0159192	1.38437	79.4234
76	0.0103638	0.0481911	0.215715	0	0.0131473	1.33729	63.2554
77	0.0103638	0.0495552	0.217958	0.00149925	0.0136311	1.41832	63.2554
78	0.0104173	0.0497978	0.217958	0.00149925	0.0165157	1.28404	71.4893
79	0.0105323	0.0511655	0.234385	0.00449775	0.0163394	1.2067	64.3329
80	0.0103638	0.0534904	0.248916	0.0029985	0.0171098	1.09559	61.0644
81	0.0104173	0.0556768	0.257297	0.0029985	0.0171098	0.975687	57.8556
82	0.0103638	0.0577073	0.262275	0.00449775	0.0173373	0.855514	54.9022
83	0.0103638	0.0583752	0.267582	0.005997	0.0171098	0.804016	50.072
84	0.0104173	0.0617225	0.309613	0.00449775	0.0151313	0.763281	41.0305
85	0.0103638	0.0633644	0.309613	0.00449775	0.0151313	0.77014	41.3966
86	0.0106904	0.0670382	0.363847	0.00449775	0.0351285	0.941465	91.8195
87	0.0110289	0.0759593	0.460796	0.00449775	0.0134432	0.840675	33.0497
88	0.0106904	0.0740584	0.407491	0.0029985	0.0134432	0.710886	25.2015
89	0.0109074	0.0728638	0.408417	0.00149925	0.0134432	0.646912	28.1475
90	0.0104173	0.0708309	0.383389	0.00149925	0.0134432	0.602171	27.0665
91	0.0106904	0.0714031	0.406398	0.00449775	0.0168131	0.579962	37.1933
92	0.0106904	0.0704228	0.403316	0.00449775	0.0100894	0.326189	12.6578
93	0.0104173	0.0693916	0.383389	0.0029985	0.0100894	0.189225	6.21451
94	0.0107088	0.0705521	0.407491	0.0029985	0.0102117	0.14453	5.15239
95	0.0105323	0.0718812	0.417034	0.00149925	0.0100189	0.110373	3.94507
96	0.0107088	0.0720215	0.443031	0.00149925	0.0100189	0.0905749	1.81108
97	0.0104173	0.0751017	0.466926	0.00749625	0.0100189	0.0727072	0.946041
98	0.0104139	0.0789794	0.528705	0.0149925	0.0100189	0.0645544	0.768686
99	0.010035	0.0856923	0.637102	0.0194903	0.0100189	0.0584278	0.677795
100	0.0104139	0.120425	1.6895	0.0734633	0.0100868	0.0531912	0.565137
101	0.0104139	0.190342	3.22304	0.173913	0.0100868	0.0514098	0.565137
102	0.048761	1.20232	21.3978	0.541229	0.0100189	0.0449969	0.438534
103	0.010576	0.160654	5.08744	0.163418	0.0100189	0.0397947	0.365974
104	0.0102478	0.0740654	0.870584	0.0344828	0.0100189	0.037609	0.353249
105	0.0102478	0.060089	0.402892	0.0104948	0.0100189	0.0355413	0.326817
106	0.0103318	0.0568827	0.362798	0.005997	0.0100189	0.0352873	0.379114
107	0.0103318	0.0540568	0.333517	0.005997	0.0100189	0.0360847	0.417375
108	0.0102478	0.0527863	0.267319	0.0029985	0.0100189	0.0343428	0.381088
109	0.0101783	0.0516434	0.251339	0.0029985	0.0100189	0.0339345	0.379114
110	0.0102478	0.0504766	0.244211	0.0029985	0.0100189	0.0331397	0.355826
111	0.0101783	0.0489562	0.233243	0.0029985	0.0100189	0.0322086	0.379114
112	0.0102478	0.0477018	0.22243	0.0029985	0.0100189	0.0319916	0.355826
113	0.0101783	0.0462467	0.199204	0.00149925	0.0100189	0.0328468	0.381088
114	0.0100572	0.0457965	0.187929	0.00149925	0.0100189	0.0320912	0.320777
115	0.0100572	0.0452777	0.184745	0	0.0100317	0.0316682	0.320777
116	0.0101783	0.0444061	0.184745	0	0.0100317	0.0306202	0.250925
117	0.0100572	0.0442393	0.184745	0	0.0100317	0.0302756	0.355826
118	0.0100572	0.0438307	0.184745	0.00149925	0.0100317	0.0289358	0.189693
119	0.0101644	0.0435228	0.184745	0.00149925	0.0100794	0.0288194	0.246032
120	0.0100572	0.0438139	0.184745	0.00149925	0.0100317	0.0294394	0.371159
121	0.0101783	0.0435141	0.184745	0.00149925	0.0100317	0.0293017	0.371159
122	0.0100128	0.0431391	0.176917	0	0.0100317	0.0289122	0.250925
123	0.0100128	0.0433593	0.176917	0	0.0100317	0.0287181	0.246032
124	0.0100128	0.0434229	0.176917	0	0.0102066	0.0294782	0.385381
125	0.0100128	0.0433004	0.171808	0	0.0100317	0.0287846	0.36462
126	0.0101644	0.0430396	0.166873	0	0.0102066	0.0283449	0.385381
127	0.0100572	0.0436212	0.166873	0	0.0100317	0.0284512	0.36462
128	0.0100128	0.0444414	0.176917	0	0.0100317	0.0260161	0.125939
129	0.0100128	0.0441564	0.174564	0	0.0100317	0.0255582	0.109791
130	0.0100128	0.0453959	0.195951	0	0.0100317	0.0255445	0.109791
131	0.0100572	0.0460318	0.200968	0	0.0100317	0.0258969	0.121804
132	0.0102478	0.046918	0.210109	0.00149925	0.0100317	0.0257882	0.113599
133	0.0101644	0.0476149	0.210109	0.00149925	0.0100317	0.0258262	0.113599
134	0.0103318	0.0489057	0.219519	0	0.0100317	0.0256804	0.108039
135	0.0101644	0.0505045	0.223439	0	0.0100317	0.0255094	0.102023
136	0.0100616	0.0530293	0.248965	0	0.0100317	0.0253668	0.108039
137	0.0100128	0.0538223	0.248965	0	0.0100317	0.024887	0.102023
138	0.0100128	0.0549158	0.256254	0	0.0101835	0.0236537	0.0895434
139	0.0115215	0.0576346	0.320038	0	0.0100317	0.0228542	0.0812297
140	0.0115215	0.0607428	0.322918	0	0.0100317	0.0227343	0.0812297
141	0.0115215	0.0641461	0.340195	0	0.0100317	0.0226608	0.0795904
142	0.0111974	0.0666669	0.340195	0.00149925	0.0100794	0.0228207	0.0745066
143	0.0114663	0.0702243	0.356072	0.00149925	0.0100317	0.0223077	0.0715834
144	0.011767	0.0741602	0.363112	0.00149925	0.0100317	0.0219551	0.0655065
145	0.0114663	0.0783601	0.363112	0.0029985	0.0100794	0.0223217	0.0745066
146	0.0137098	0.0869977	0.4553	0.00749625	0.0100794	0.0223642	0.0745066
147	0.0137098	0.0858602	0.418941	0.00449775	0.0101835	0.0224165	0.0745066
148	0.014939	0.0861188	0.4553	0.00449775	0.0100317	0.0224301	0.0767725
149	0.0148698	0.0871668	0.46292	0.00449775	0.0100317	0.0223081	0.0767725
150	0.0137727	0.0893201	0.447253	0.0104948	0.0100317	0.0223106	0.0767725
151	0.0137098	0.0904639	0.438046	0.005997	0.0100317	0.0220709	0.0737815
152	0.0148669	0.0916194	0.46292	0.005997	0.0100317	0.0223638	0.0745066
153	0.0142037	0.0952094	0.46292	0.005997	0.0100317	0.0224045	0.0745066
154	0.0137098	0.0988579	0.4553	0.005997	0.0100102	0.0219914	0.0728365
155	0.0144419	0.10896	0.605326	0.0104948	0.0100317	0.0214553	0.0642787
156	0.0151102	0.114749	0.632054	0.0104948	0.0100102	0.0212711	0.0618519
157	0.0137098	0.122222	0.650223	0.0164918	0.0100102	0.0214051	0.0638698
158	0.0138181	0.14047	0.817729	0.035982	0.0100317	0.0214889	0.0642787
159	0.0106148	0.163636	1.19787	0.0644678	0.0100102	0.0215716	0.0645083
160	0.0325718	0.314333	6.6248	0.202399	0.0100102	0.0216186	0.0645083
161	0.0104796	0.157043	1.15893	0.0674663	0.0100102	0.0216748	0.0645083
162	0.0126923	0.12218	0.876958	0.0284858	0.0100102	0.0215529	0.0645083
163	0.0119831	0.10499	0.632054	0.011994	0.0100102	0.021754	0.0705287
164	0.0114358	0.0965107	0.490765	0.00749625	0.0100102	0.0216839	0.0722834
165	0.0119831	0.088153	0.490765	0.0089955	0.0100102	0.0217281	0.0722834
166	0.0117518	0.0802457	0.420984	0.005997	0.0100102	0.0220426	0.0745066
167	0.0117518	0.0764659	0.396483	0.005997	0.0100102	0.0221752	0.0747375
168	0.0100038	0.0714462	0.342252	0.00449775	0.0100102	0.022166	0.0745066
169	0.0117266	0.0654017	0.348544	0	0.0100102	0.022165	0.0745066
170	0.0117266	0.0646253	0.348544	0	0.0100102	0.0223594	0.0758433
171	0.0100038	0.0621962	0.281194	0	0.0100102	0.022294	0.078369
172	0.0100038	0.0599914	0.266364	0	0.0100102	0.0222711	0.0758433
173	0.0100038	0.0589984	0.260826	0	0.0100102	0.0226421	0.0801338
174	0.0100038	0.0575748	0.257749	0	0.0100317	0.0227316	0.0812297
175	0.0100038	0.0566871	0.256254	0	0.0100317	0.0228345	0.0812297
176	0.0100038	0.0565265	0.256254	0	0.0100102	0.0228914	0.0812297
177	0.0100038	0.0561399	0.256929	0	0.0100102	0.0227461	0.0790227
178	0.0100038	0.0548968	0.254706	0	0.0100317	0.0227539	0.0790227
179	0.0104796	0.053462	0.262698	0	0.0100317	0.0229691	0.0801812
180	0.0104796	0.0537603	0.258836	0	0.0100317	0.0230007	0.0812297
181	0.0104796	0.0539789	0.257749	0	0.0100102	0.0232547	0.0833751
182	0.0104796	0.0545082	0.257749	0	0.0100317	0.0237522	0.0884908
183	0.0100038	0.053546	0.248965	0	0.0100102	0.0247083	0.114813
184	0.0100038	0.0538678	0.250173	0	0.0100102	0.0259216	0.13488
185	0.0100038	0.0545201	0.254084	0	0.0100102	0.0270185	0.173353
186	0.0100038	0.0554427	0.256929	0	0.0100102	0.0294992	0.257529
187	0.0100038	0.0564465	0.258836	0.0029985	0.0100584	0.0342634	0.322352
188	0.0100038	0.0568827	0.274235	0.0029985	0.0102347	0.0397157	0.496009
189	0.0100038	0.0578336	0.289271	0.00449775	0.0100584	0.0492388	0.706698
190	0.010099	0.0588421	0.303017	0.0029985	0.0101081	0.0651983	0.898055
191	0.0100038	0.0607286	0.338154	0.0089955	0.0103069	0.18692	2.30111
192	0.0100038	0.0590941	0.328993	0.0089955	0.0100584	0.255226	3.00296
193	0.0101528	0.0578932	0.331273	0.0089955	0.0100584	0.398039	4.23725
194	0.0100038	0.0528833	0.290583	0.0029985	0.0151179	0.503118	5.59048
195	0.0100038	0.0504791	0.266204	0.00149925	0.0212687	0.522979	6.72989
196	0.0100038	0.0478956	0.250173	0	0.0258409	0.515002	7.34373
197	0.0100038	0.0467311	0.250087	0.00149925	0.0258409	0.50162	6.72989
198	0.0100038	0.0452443	0.236325	0	0.0190044	0.498738	8.18801
199	0.0100038	0.0428865	0.201369	0.00149925	0.0190044	0.532634	9.75519
200	0.0100038	0.0419187	0.196744	0	0.0100639	0.549346	6.72989
201	0.0100038	0.0415063	0.19585	0	0.0100639	0.616466	15.1053
202	0.0100038	0.0403284	0.18799	0	0.0118249	0.696241	25.9717
203	0.0100038	0.03947	0.185638	0.00149925	0.0118249	0.669264	19.2081
204	0.0100038	0.0380909	0.178764	0.00149925	0.0112735	0.604714	23.8524
205	0.0100038	0.0385916	0.201369	0.00149925	0.0113201	0.58022	23.8524
206	0.0100038	0.0370054	0.177752	0	0.0118249	0.590435	25.9717
207	0.0100038	0.0354928	0.159255	0	0.0118249	0.564558	19.2081
208	0.0100038	0.0345891	0.148636	0.0029985	0.0128879	0.570779	20.3931
209	0.0100038	0.0331018	0.135506	0	0.0113201	0.541476	14.3111
210	0.0100038	0.0327582	0.13491	0.00149925	0.0142696	0.548469	12.9377
211	0.0100038	0.0319863	0.130086	0.00149925	0.01465	0.56089	12.9377
212	0.0100038	0.0322044	0.135506	0.00149925	0.0142696	0.576948	12.9377
213	0.0100038	0.0321258	0.137703	0.00149925	0.0142696	0.578094	12.9377
214	0.0100038	0.0314205	0.134282	0.00149925	0.0133065	0.632917	16.9568
215	0.0100113	0.030679	0.126866	0.00149925	0.0225415	0.759744	34.3205
216	0.0100113	0.0304973	0.125356	0.00149925	0.0214465	0.805406	34.3205
217	0.0100113	0.0303128	0.119948	0.00149925	0.0225415	0.784225	37.42
218	0.0100113	0.0305952	0.121183	0.00149925	0.0142696	0.754059	21.6811
219	0.0100113	0.0308721	0.128087	0.00149925	0.0148276	0.737263	19.2081
220	0.0100113	0.0308502	0.125356	0	0.0148276	0.714301	19.2081
221	0.0100113	0.0307974	0.125266	0.00149925	0.0148276	0.694062	18.7954
222	0.0100113	0.0309662	0.13491	0.00149925	0.0148276	0.69705	18.2539
223	0.0100113	0.0302308	0.125356	0.00149925	0.0148276	0.667616	17.6421
224	0.0100113	0.0296473	0.117901	0	0.0142696	0.667456	14.9067
225	0.0100113	0.0293699	0.119353	0	0.0142696	0.679251	12.9377
226	0.0100113	0.0295805	0.121183	0	0.0141025	0.710909	9.77611
227	0.0100113	0.0293553	0.116449	0.0029985	0.0107064	0.853335	12.6558
228	0.0100113	0.0297311	0.121183	0	0.0639406	1.115	72.7914
229	0.0100113	0.0295995	0.117709	0	0.0647115	1.30684	57.8618
230	0.0100113	0.0294791	0.11479	0	0.070611	1.34865	57.8618
231	0.0100113	0.029452	0.11479	0	0.0835591	1.3554	72.7914
232	0.0100113	0.029297	0.108221	0.00149925	0.0639406	1.40776	52.1463
233	0.0100113	0.0294903	0.113783	0.0029985	0.0812314	1.44947	66.9341
234	0.0100113	0.0291353	0.106484	0.00149925	0.0707553	1.47796	66.9341
235	0.0100113	0.0289631	0.104963	0.00149925	0.0680185	1.4384	82.3471
236	0.0100113	0.0292493	0.106174	0.0029985	0.0707553	1.53762	72.7914
237	0.0100113	0.0288605	0.104963	0.00149925	0.0707553	1.59772	72.7914
238	0.0100113	0.028538	0.103017	0	0.0680185	1.65401	72.7914
239	0.0100113	0.0283847	0.103017	0	0.0570211	1.58806	74.9596
240	0.0100113	0.0282949	0.100146	0	0.0484032	1.55384	72.7914
241	0.0100113	0.0283979	0.100146	0	0.0484032	1.60434	74.9596
242	0.0100113	0.0283219	0.0989263	0	0.0283624	1.57248	72.7914
243	0.0100113	0.0282727	0.0989245	0	0.0378135	1.58996	72.7914
244	0.0100113	0.0285953	0.100756	0	0.0419983	1.64063	72.7914
245	0.0101221	0.0287591	0.103065	0	0.0361662	1.62294	77.6407
246	0.0100113	0.0287209	0.103017	0	0.0369708	1.53737	95.994
247	0.0101221	0.0287488	0.103065	0	0.0361662	1.45681	95.994
248	0.0101221	0.0287766	0.103978	0	0.0223573	1.31421	71.6971
249	0.0101221	0.0291361	0.104963	0	0.0213955	1.18752	72.5626
250	0.0101221	0.0293304	0.105758	0	0.0194539	1.1822	67.6745
251	0.0101221	0.0293618	0.105758	0	0.0189008	1.12123	69.1493
252	0.0100113	0.0297323	0.108075	0	0.0194539	1.07738	69.1493
253	0.0100113	0.0299093	0.108075	0	0.0189008	1.02041	74.9596
254	0.0100113	0.0301777	0.116483	0	0.0194539	0.988383	77.6407
255	0.0102168	0.030607	0.121912	0	0.0194539	0.911984	78.069
256	0.0100113	0.0309975	0.121033	0	0.0101414	0.824321	42.5875
257	0.0100113	0.0307488	0.121033	0	0.0127643	0.699013	42.5875
258	0.0100113	0.030575	0.121912	0.00149925	0.0132099	0.605046	42.5875
259	0.0102168	0.0309222	0.126257	0.00149925	0.0101414	0.55933	31.1882
260	0.0102168	0.0314472	0.126677	0.00149925	0.0128738	0.605758	42.5875
261	0.0102168	0.0316562	0.126677	0.00149925	0.0127643	0.627345	41.8757
262	0.0102168	0.0313348	0.126405	0	0.0113678	0.614293	33.3176
263	0.0102168	0.0315964	0.126677	0	0.0127643	0.571601	36.8534
264	0.0100113	0.0319807	0.134496	0.00149925	0.0101202	0.57551	31.5528
265	0.0100113	0.0319663	0.129938	0.00149925	0.0101202	0.579431	31.1882
266	0.0100113	0.0321778	0.142024	0.00149925	0.014117	0.586292	46.5882
267	0.0102168	0.0329016	0.163585	0.00149925	0.0108226	0.556092	37.0842
268	0.0102168	0.0332016	0.194932	0.00149925	0.0101414	0.48318	30.8876
269	0.0102168	0.0344663	0.198374	0.00449775	0.0104727	0.525355	37.0842
270	0.0102168	0.0354243	0.212512	0.00449775	0.010121	0.485982	33.3176
271	0.0102168	0.037191	0.244023	0.005997
