		omega		Posterior		rho				Synonymous theta			kappa			phi	
Site	Lower	Point	Higher	prob of +ve	Lower	Point	Higher		Lower	Point	Higher	Lower	Point	Higher	Lower	Point	Higher
	95% HPD	estimate	95% HPD	selection	95% HPD	estimate	95% HPD		95% HPD	estimate	95% HPD	95% HPD	estimate	95% HPD	95% HPD	estimate	95% HPD
0	0.0157179	0.324486	2.79899	0.22039	0.0166402	1.22975	83.0415		0.0104283	0.0167268	0.0277857	3.2598	9.8539	31.6195	0	0	0
1	0.0157179	0.323408	2.72178	0.206897	0.0162941	1.1615	83.0415
2	0.0174948	0.317751	2.72178	0.197901	0.0157722	1.12525	82.6175
3	0.0281804	0.320904	4.07344	0.197901	0.0100905	1.13038	53.1758
4	0.0329446	0.362888	4.49714	0.229385	0.0103293	1.10657	53.7589
5	0.0343543	0.382498	5.62053	0.245877	0.0103293	1.12725	53.7589
6	0.0300778	0.410293	5.62053	0.266867	0.0100905	1.15331	54.8316
7	0.0145361	0.329947	3.43091	0.227886	0.0100905	1.1647	54.8316
8	0.0142462	0.259454	2.84693	0.173913	0.0127231	1.11407	68.5105
9	0.010615	0.201061	1.82091	0.118441	0.0100905	1.11374	53.7589
10	0.0110903	0.170811	1.58479	0.0854573	0.0125386	1.14861	68.5105
11	0.010615	0.159265	1.33885	0.0749625	0.0100905	1.1367	55.2182
12	0.010279	0.146437	1.25935	0.065967	0.0100905	1.14032	55.2182
13	0.0101812	0.141987	1.33885	0.0704648	0.0100905	0.974396	53.7589
14	0.0101812	0.131886	1.29311	0.065967	0.0100905	0.925242	56.4585
15	0.0100925	0.122174	1.18445	0.0584708	0.0100905	0.843956	56.4585
16	0.0100925	0.118168	1.19587	0.05997	0.0100905	0.745088	51.9367
17	0.0101812	0.115289	1.18445	0.0584708	0.0101641	0.574623	51.9367
18	0.0100925	0.113329	1.11051	0.0524738	0.0100905	0.531621	51.9367
19	0.0100925	0.106179	0.871621	0.0434783	0.0101641	0.469859	51.9367
20	0.0101812	0.105025	0.891234	0.0449775	0.0100295	0.451848	48.248
21	0.0101812	0.0998467	0.891234	0.0449775	0.0100295	0.439451	51.9367
22	0.0103561	0.0981516	1.12288	0.0509745	0.0100295	0.436015	56.9522
23	0.010615	0.0944007	1.17858	0.053973	0.0100295	0.43267	56.4585
24	0.0101812	0.0912977	0.937418	0.047976	0.0100905	0.484572	51.9367
25	0.0103561	0.0915709	1.15219	0.053973	0.0100295	0.501122	51.9367
26	0.0101812	0.0896005	1.1364	0.0554723	0.0100295	0.553495	52.3379
27	0.0101812	0.0869807	0.888441	0.0434783	0.0100295	0.547771	52.3379
28	0.0101812	0.0855522	0.871621	0.0404798	0.010088	0.606058	51.9367
29	0.0108354	0.0839743	0.896762	0.0344828	0.010088	0.681595	51.9367
30	0.0114341	0.0806858	0.860985	0.023988	0.0100905	0.725174	51.9367
31	0.0101812	0.0789469	0.718407	0.017991	0.010088	0.77271	49.6519
32	0.0101812	0.0779395	0.725855	0.0194903	0.010088	0.842956	52.3379
33	0.0101812	0.075566	0.720758	0.017991	0.0129193	0.887782	73.0658
34	0.011256	0.0706355	0.783377	0.011994	0.0127231	0.959758	79.2652
35	0.010615	0.067375	0.725855	0.0089955	0.0148383	1.00197	97.8882
36	0.0100994	0.0672244	0.685217	0.0089955	0.0153324	0.995308	99.8658
37	0.0108354	0.0647772	0.720758	0.00749625	0.0153324	0.989351	99.8658
38	0.0108354	0.0648685	0.720758	0.00749625	0.0153324	0.977431	99.8658
39	0.0101593	0.0646869	0.683728	0.005997	0.0163962	1.03698	99.8658
40	0.0101593	0.0623987	0.685217	0.0089955	0.0132011	1.06827	77.3325
41	0.0100994	0.0629045	0.678449	0.005997	0.0141591	1.09359	79.2652
42	0.0100994	0.0615141	0.621073	0.005997	0.0132011	1.13394	77.1117
43	0.0100994	0.0622966	0.587073	0.00449775	0.0128989	1.075	79.4079
44	0.0100994	0.0637257	0.612809	0.0089955	0.0128989	1.16298	79.4079
45	0.0100994	0.0622717	0.587073	0.00749625	0.0128989	1.34942	79.4079
46	0.0100994	0.0611831	0.621073	0.0089955	0.0141591	1.32168	82.0623
47	0.0101593	0.0607286	0.656946	0.0134933	0.0141591	1.38014	79.2652
48	0.0101029	0.0598066	0.656946	0.0164918	0.0141591	1.45291	82.0623
49	0.0101029	0.0605503	0.656946	0.017991	0.0141591	1.57211	82.0623
50	0.0101593	0.0601864	0.656946	0.0149925	0.0168612	1.70373	97.5243
51	0.0100994	0.0591389	0.612809	0.017991	0.0179975	1.90187	97.5243
52	0.0100994	0.0572449	0.585606	0.0089955	0.019471	1.84166	97.5243
53	0.0100994	0.0566032	0.585606	0.00749625	0.0160702	1.66697	82.7878
54	0.0100451	0.0553679	0.530792	0.00749625	0.0141591	1.62049	74.5048
55	0.0100451	0.0551277	0.514046	0.0089955	0.0179975	1.64519	94.9556
56	0.0100451	0.0551663	0.530792	0.011994	0.0182629	1.51828	94.9556
57	0.0100451	0.0552153	0.530792	0.0134933	0.0179975	1.45914	94.9556
58	0.0100451	0.0548109	0.525208	0.0164918	0.0179975	1.32629	94.9556
59	0.0100451	0.0540713	0.525208	0.0164918	0.0168215	1.15094	88.7165
60	0.0100451	0.0546292	0.533672	0.0164918	0.0160702	1.09582	82.7878
61	0.0100451	0.0529472	0.512585	0.011994	0.016211	1.08473	82.7878
62	0.0100451	0.0514995	0.470032	0.0089955	0.0166804	1.05884	84.9021
63	0.0100451	0.0503254	0.445932	0.0104948	0.0168215	1.00393	84.9021
64	0.0100451	0.0502096	0.445932	0.0104948	0.0129434	0.944274	62.4736
65	0.0100451	0.0492795	0.406175	0.0104948	0.0141591	0.876015	66.2257
66	0.0100451	0.0491456	0.406175	0.0104948	0.0136284	0.741461	62.4736
67	0.0100451	0.0491965	0.415065	0.0104948	0.0135649	0.678492	63.1524
68	0.0100451	0.050152	0.470032	0.0089955	0.0129434	0.625674	53.1838
69	0.0100451	0.0502889	0.481515	0.0104948	0.0121549	0.561434	38.9973
70	0.0100451	0.0516827	0.541089	0.0134933	0.0129434	0.525264	41.3712
71	0.0100451	0.0523877	0.548728	0.011994	0.0123409	0.467631	38.9973
72	0.0100439	0.051835	0.530792	0.0104948	0.0129434	0.366666	38.2065
73	0.0100439	0.0510567	0.481515	0.00749625	0.0100993	0.237561	20.3964
74	0.0100439	0.0505873	0.481515	0.00749625	0.0100993	0.23145	17.3961
75	0.0100439	0.0494504	0.479039	0.00749625	0.0104212	0.197702	7.45308
76	0.0100439	0.05012	0.479039	0.011994	0.0104212	0.162771	3.19547
77	0.0100439	0.0492874	0.470032	0.0134933	0.0104212	0.150008	2.26167
78	0.0100451	0.0503679	0.548567	0.0194903	0.0114601	0.11873	1.04855
79	0.0100439	0.049653	0.406175	0.017991	0.0114601	0.118689	1.03608
80	0.0100439	0.0497037	0.401838	0.0209895	0.0114601	0.136038	1.48839
81	0.0100439	0.0513165	0.401838	0.0224888	0.0108364	0.177552	2.9825
82	0.0100439	0.0518014	0.44527	0.023988	0.0100993	0.203348	9.21404
83	0.0100439	0.0511505	0.393543	0.0209895	0.0108364	0.245539	18.7006
84	0.0100439	0.0528406	0.494579	0.0269865	0.0136284	0.282381	32.4221
85	0.0100439	0.0526686	0.481515	0.0209895	0.0136284	0.327966	34.5042
86	0.0100439	0.0520814	0.466305	0.0134933	0.0117418	0.355144	34.5042
87	0.0100439	0.0525162	0.466305	0.0104948	0.0109502	0.352889	34.2598
88	0.0100439	0.0532316	0.481515	0.011994	0.0117418	0.342392	29.8801
89	0.0100439	0.0527485	0.384646	0.0089955	0.0117418	0.315565	29.2154
90	0.0100439	0.0529399	0.382181	0.0089955	0.0117418	0.337758	29.8801
91	0.0100451	0.0539732	0.495483	0.0134933	0.0100313	0.330523	30.2669
92	0.0100064	0.0526472	0.476279	0.0134933	0.0100993	0.36551	34.2598
93	0.0100064	0.054093	0.495483	0.0164918	0.0133468	0.401822	48.2732
94	0.0100064	0.0547066	0.495483	0.017991	0.0130783	0.401989	43.7052
95	0.0100064	0.0530273	0.408916	0.011994	0.0117418	0.337711	39.277
96	0.0100064	0.0541523	0.465275	0.011994	0.0100278	0.294722	27.7355
97	0.0100064	0.0543615	0.476279	0.0134933	0.0105509	0.283662	28.5069
98	0.0100064	0.0531339	0.399363	0.0104948	0.0105509	0.309145	28.5069
99	0.0100064	0.0529681	0.38234	0.0104948	0.010908	0.299521	28.5069
100	0.0100064	0.0527959	0.379465	0.00749625	0.0100622	0.275709	23.1169
101	0.0100064	0.0515473	0.364699	0.005997	0.0100622	0.195895	13.7293
102	0.0100064	0.0511381	0.356439	0.005997	0.0100622	0.178226	12.673
103	0.0100064	0.0515412	0.371082	0.00749625	0.0100622	0.172788	16.1716
104	0.0100064	0.0516011	0.371082	0.005997	0.0100622	0.174717	15.2206
105	0.0100439	0.0518213	0.374592	0.005997	0.0100622	0.164051	15.2206
106	0.0100064	0.0526818	0.379465	0.005997	0.0100622	0.150644	16.1716
107	0.0100439	0.0548814	0.42102	0.00749625	0.0100622	0.135637	17.3316
108	0.0100064	0.0552555	0.42102	0.0104948	0.0100622	0.114801	15.4434
109	0.0100064	0.0563413	0.416793	0.0104948	0.0100622	0.0969601	14.4505
110	0.0100064	0.0572924	0.420531	0.0134933	0.0100622	0.0858207	12.673
111	0.0100064	0.0585467	0.569216	0.023988	0.0102745	0.0763424	12.673
112	0.0100064	0.0558594	0.430367	0.017991	0.0102745	0.0714069	12.673
113	0.0100439	0.0548581	0.416793	0.0134933	0.0102745	0.0625003	9.59258
114	0.0100064	0.053865	0.399363	0.011994	0.0102745	0.058803	5.76098
115	0.0100064	0.0565283	0.430367	0.0134933	0.0102745	0.0549615	2.51577
116	0.0100064	0.0577581	0.440574	0.0149925	0.0102745	0.0552955	3.04797
117	0.0100064	0.057621	0.435363	0.0134933	0.0102745	0.0547251	3.47257
118	0.0100439	0.0586562	0.440574	0.0134933	0.0102404	0.054251	3.5926
119	0.0100064	0.0588659	0.440574	0.0089955	0.0102404	0.0539447	3.5926
120	0.0100439	0.0626756	0.480517	0.0089955	0.0102404	0.0530413	3.47257
121	0.0100439	0.0642579	0.51335	0.0089955	0.0100412	0.0542797	4.24729
122	0.0100439	0.0649797	0.480517	0.011994	0.0100412	0.0559899	6.17257
123	0.0100064	0.0669892	0.51335	0.017991	0.0102745	0.061043	18.7377
124	0.0100064	0.0664106	0.520607	0.0134933	0.0100412	0.0592662	16.5406
125	0.0100064	0.0684962	0.534709	0.017991	0.0100412	0.0570862	9.13458
126	0.0100064	0.0688364	0.534709	0.017991	0.0100412	0.0571406	7.68722
127	0.0100064	0.070638	0.540445	0.0194903	0.0100412	0.0565005	7.39069
128	0.0100064	0.0704745	0.534709	0.0164918	0.0102404	0.0559141	6.38331
129	0.0102705	0.0696003	0.546235	0.0149925	0.0102404	0.0556283	4.8167
130	0.0100064	0.0676871	0.517266	0.011994	0.0100412	0.0572042	5.46559
131	0.0100064	0.0684597	0.508292	0.0089955	0.0102404	0.0556038	4.8167
132	0.0100064	0.0713513	0.542503	0.011994	0.0102404	0.055071	4.6202
133	0.0100064	0.0740308	0.550936	0.0134933	0.0100412	0.0515496	3.86748
134	0.0100064	0.0731072	0.550936	0.011994	0.01032	0.0490917	3.86748
135	0.0100064	0.0754888	0.579238	0.0134933	0.0100412	0.044147	2.7396
136	0.0100259	0.0782934	0.590517	0.017991	0.0100412	0.0425354	2.41837
137	0.0100259	0.0801124	0.605164	0.0209895	0.0100412	0.0399714	2.00641
138	0.0100259	0.0844441	0.614149	0.0224888	0.0100412	0.0401309	2.00641
139	0.0100064	0.0868663	0.614149	0.0254873	0.0100609	0.0404577	2.41837
140	0.0100064	0.092553	0.774361	0.0329835	0.0100412	0.0394257	1.91702
141	0.0100439	0.0985454	0.89831	0.0434783	0.0100609	0.0399831	2.41837
142	0.0100064	0.102163	0.89831	0.0449775	0.0100412	0.0402155	1.77996
143	0.0102771	0.108838	0.978487	0.047976	0.0100412	0.0388416	1.29611
144	0.0110463	0.115722	1.0918	0.0524738	0.0100412	0.0384154	1.29067
145	0.0103032	0.126268	1.07023	0.0584708	0.0100412	0.0371714	0.941535
146	0.0113242	0.139055	1.43239	0.0764618	0.0100412	0.0360674	0.728518
147	0.0139296	0.15532	2.01158	0.0914543	0.0100412	0.0331751	0.275372
148	0.0120107	0.183371	2.01158	0.112444	0.010072	0.0315851	0.207073
149	0.0135222	0.216988	2.44053	0.137931	0.0100412	0.0301647	0.141366
150	0.0125315	0.277737	4.93906	0.182909	0.0100412	0.0306632	0.151106
151	0.0100064	0.210873	2.17487	0.143928	0.0100412	0.0305411	0.151106
152	0.0105865	0.178133	2.01158	0.118441	0.0100412	0.0307024	0.150638
153	0.0100182	0.155297	1.73974	0.0944528	0.0100412	0.0305295	0.141366
154	0.0100064	0.14404	1.65803	0.0824588	0.0100412	0.030275	0.140438
155	0.0102771	0.134064	1.71607	0.0869565	0.0100412	0.0306358	0.141366
156	0.0104613	0.121669	1.41195	0.0749625	0.0103775	0.0288037	0.140438
157	0.0100064	0.115291	1.2569	0.0689655	0.0100412	0.0280881	0.129381
158	0.0100064	0.110045	1.0517	0.0584708	0.0100412	0.0270886	0.111549
159	0.0100064	0.102587	0.903349	0.0434783	0.0101153	0.0268236	0.107465
160	0.0103202	0.0956301	0.770921	0.029985	0.0100412	0.0273001	0.111549
161	0.0103202	0.0909219	0.70976	0.0254873	0.0100412	0.0272156	0.111549
162	0.0103202	0.0847119	0.699994	0.0194903	0.0100412	0.0272638	0.107465
163	0.0103202	0.0819707	0.709047	0.017991	0.0100412	0.0270853	0.107167
164	0.0102947	0.0793925	0.68251	0.0149925	0.0103775	0.0271038	0.116474
165	0.0100064	0.0754272	0.61324	0.0134933	0.0103693	0.0268678	0.116474
166	0.0101669	0.07343	0.61324	0.0104948	0.0100412	0.027384	0.116474
167	0.0100064	0.0684564	0.534232	0.00449775	0.0102404	0.0273763	0.116474
168	0.0100064	0.0663391	0.534232	0.00449775	0.0103693	0.0272416	0.116063
169	0.0101669	0.0637602	0.534232	0.00449775	0.0103693	0.0270546	0.115837
170	0.0100064	0.0591546	0.484725	0.005997	0.0103693	0.0270921	0.115837
171	0.0101669	0.0571942	0.453582	0.005997	0.0101153	0.0268524	0.107167
172	0.0100064	0.0552431	0.422228	0.0089955	0.0102404	0.0268833	0.107167
173	0.0100064	0.0541602	0.414068	0.0089955	0.0103693	0.0265525	0.107167
174	0.0100182	0.0517793	0.389186	0.0029985	0.0100412	0.0260972	0.0996498
175	0.0100064	0.0527576	0.379777	0.005997	0.0100412	0.0259412	0.0988365
176	0.0101533	0.0529862	0.381683	0.005997	0.0100412	0.02571	0.0996498
177	0.0101533	0.0537689	0.381683	0.0089955	0.0103693	0.0266283	0.114957
178	0.0101533	0.0535932	0.381683	0.0089955	0.0102706	0.0269889	0.114957
179	0.0100064	0.0527851	0.379777	0.00449775	0.0102404	0.0272265	0.11644
180	0.0100064	0.0521479	0.389186	0.005997	0.0103693	0.0269419	0.107152
181	0.0100064	0.0529941	0.422228	0.0104948	0.0102706	0.0269822	0.105271
182	0.0100064	0.051304	0.407812	0.00449775	0.0102706	0.0270545	0.105271
183	0.0100064	0.0516238	0.411691	0.005997	0.0100106	0.0272166	0.107124
184	0.0100064	0.0509672	0.407812	0.00449775	0.0100106	0.0276711	0.113572
185	0.0100064	0.0507148	0.407812	0.00749625	0.0100106	0.0283939	0.129871
186	0.0100064	0.0524789	0.441376	0.0089955	0.0100106	0.029207	0.146462
187	0.0100064	0.0523247	0.430367	0.0089955	0.0100106	0.0297612	0.147195
188	0.0100064	0.0515549	0.411691	0.00749625	0.0103693	0.031999	0.187044
189	0.0100064	0.0525902	0.439916	0.0089955	0.0103693	0.0322491	0.181577
190	0.0100064	0.0534395	0.484725	0.011994	0.0102706	0.0332355	0.194791
191	0.0100064	0.0516255	0.411945	0.005997	0.0102706	0.0351641	0.235183
192	0.0100064	0.0512204	0.411945	0.005997	0.0100412	0.0621849	34.6922
193	0.0101669	0.0506218	0.411907	0.0029985	0.0102706	0.0752333	52.3039
194	0.0101669	0.050266	0.411907	0.0029985	0.0100412	0.0863865	53.7513
195	0.0100182	0.051413	0.411945	0.00149925	0.0105457	0.0954557	58.4726
196	0.0100064	0.0557769	0.52081	0.0164918	0.0105353	0.109613	58.7118
197	0.0100064	0.0537376	0.440482	0.0029985	0.010439	0.126572	59.0356
198	0.0101533	0.0544129	0.522054	0.0029985	0.0105353	0.142151	59.9871
199	0.0100064	0.0541583	0.464619	0.0029985	0.0105353	0.160443	59.9871
200	0.0101533	0.0539408	0.440482	0.00149925	0.0105457	0.191268	65.8568
201	0.0101533	0.0540846	0.440482	0.0029985	0.0105457	0.206117	64.7952
202	0.0100182	0.0549216	0.440482	0.0029985	0.0107773	0.24068	68.0737
203	0.0100064	0.0541035	0.430367	0.0029985	0.0105457	0.247486	69.0332
204	0.0101533	0.0521166	0.402771	0.00149925	0.0107773	0.257026	71.6957
205	0.0101533	0.0521945	0.407558	0.00449775	0.0107773	0.236471	71.6957
206	0.0102071	0.0519401	0.402771	0.00449775	0.0107773	0.240594	66.6861
207	0.0101533	0.0529183	0.407558	0.00749625	0.0107773	0.246296	68.0737
208	0.0101533	0.0546925	0.439916	0.0104948	0.0107773	0.24229	66.6861
209	0.0100182	0.0544789	0.457756	0.0104948	0.0107773	0.254739	68.0737
210	0.0100182	0.0540574	0.457756	0.011994	0.0107773	0.272182	68.0737
211	0.0100182	0.0536539	0.402771	0.011994	0.0107773	0.29727	68.5992
212	0.0102071	0.0538256	0.389309	0.0089955	0.0107773	0.313863	69.0332
213	0.0100182	0.0537072	0.363028	0.00749625	0.0107773	0.320052	68.5992
214	0.0102071	0.0543436	0.389309	0.00749625	0.0107773	0.339145	68.0737
215	0.0102071	0.0545831	0.389309	0.00449775	0.0107773	0.3807	68.0737
216	0.0103202	0.05523	0.402508	0.005997	0.0152463	0.491753	95.897
217	0.0103202	0.0547678	0.406386	0.00449775	0.0149019	0.545501	92.8209
218	0.0103202	0.0544353	0.406386	0.005997	0.0159471	0.607106	95.897
219	0.0102071	0.0556268	0.406386	0.0134933	0.0152463	0.761983	88.4454
220	0.0102077	0.0562433	0.416313	0.0164918	0.01839	0.88621	95.897
221	0.0103202	0.0566608	0.416313	0.0149925	0.01839	0.902047	93.4746
222	0.0103202	0.0581688	0.434435	0.0149925	0.01839	0.98172	93.4746
223	0.0103202	0.0577852	0.434435	0.0164918	0.01839	1.05935	93.4746
224	0.0103202	0.0574873	0.416313	0.0149925	0.017617	1.09587	90.418
225	0.0102071	0.0566215	0.408315	0.0104948	0.01839	1.17708	93.4746
226	0.0109163	0.0555035	0.430296	0.005997	0.01839	1.21823	93.4746
227	0.0103202	0.0559797	0.430296	0.0089955	0.017617	1.36734	90.418
228	0.0102071	0.0569065	0.434697	0.0089955	0.0172781	1.68586	90.418
229	0.0100182	0.057911	0.434697	0.0104948	0.0197233	1.89965	96.8039
230	0.0101495	0.0578438	0.434697	0.0089955	0.0197693	2.09432	92.6126
231	0.0101048	0.0580696	0.434697	0.00749625	0.017617	2.3001	84.1463
232	0.0107891	0.0587168	0.467227	0.005997	0.0223199	2.47381	96.8039
233	0.0100182	0.0587393	0.434697	0.005997	0.0223199	2.71849	96.8039
234	0.0101495	0.0606116	0.467227	0.0104948	0.0223199	3.01758	96.8039
235	0.0101048	0.0618477	0.470824	0.011994	0.0219741	3.38779	98.5108
236	0.0100182	0.0635069	0.478346	0.0104948	0.0233263	3.73886	98.5108
237	0.0100182	0.0649267	0.493589	0.0104948	0.0225795	3.63696	96.9868
238	0.0100182	0.0663946	0.482999	0.005997	0.0292071	3.90666	98.5108
239	0.0101048	0.0670106	0.502655	0.00749625	0.0327038	3.99324	98.5108
240	0.0100182	0.0687252	0.52117	0.0104948	0.0359486	4.28558	98.5108
241	0.0100182	0.0744382	0.640852	0.017991	0.0364119	4.32866	97.8893
242	0.0100182	0.0737493	0.618118	0.0104948	0.0364119	4.00368	98.5108
243	0.0109003	0.0764469	0.689738	0.0089955	0.0256127	3.79501	98.5108
244	0.0109163	0.0790032	0.714674	0.011994	0.0188909	3.12859	96.9868
245	0.0109003	0.0846044	0.731451	0.011994	0.0188909	2.93467	96.9868
246	0.0101048	0.0902817	0.71424	0.0164918	0.0188909	2.41653	98.5108
247	0.0100182	0.094061	0.754265	0.0224888	0.018297	2.04141	98.5108
248	0.0100182	0.0944415	0.754265	0.023988	0.017617	1.67812	98.5108
249	0.0109003	0.0946006	0.872438	0.029985	0.0161959	1.40829	97.8893
250	0.0102077	0.096464	0.782005	0.023988	0.0160169	1.27692	98.5108
251	0.0109003	0.103419	0.902311	0.0344828	0.0146532	1.07462	97.8893
252	0.0109003	0.110129	0.955049	0.0404798	0.0125645	0.881268	83.7017
253	0.0109621	0.120177	0.949548	0.0404798	0.0130506	0.804378	92.6126
254	0.0103296	0.128595	1.00226	0.0509745	0.0120054	0.762371	83.7017
255	0.0110672	0.134047	1.12954	0.053973	0.0120054	0.734262	82.9421
256	0.011115	0.146896	1.22667	0.0689655	0.0120054	0.769965	82.9421
257	0.0109621	0.184018	1.54807	0.103448	0.0130751	0.773692	82.9421
258	0.0114974	0.20961	1.78633	0.11994	0.0132346	0.872759	86.3926
259	0.0109621	0.238941	1.90458	0.13943	0.0130506	0.874698	86.3926
260	0.0113693	0.272157	2.19604	0.161919	0.0121387	0.881561	86.3926
261	0.0155269	0.328474	3.3139	0.2009	0.0119232	0.762063	86.3926
262	0.0344428	0.442018	5.2429	0.26087	0.0110437	0.719328	78.5402
263	0.0353471	0.429203	5.2429	0.250375	0.0119022	0.690817	86.3926
264	0.0361512	0.426089	5.2429	0.241379	0.0101282	0.629184	69.4553
265	0.0319036	0.416844	4.23821	0.236882	0.0101282	0.631421	70.3283
266	0.0294465	0.404529	3.30433	0.221889	0.0101282	0.610676	69.4553
267	0.0356386	0.409571	3.30433	0.223388	0.0101282	0.634375	70.3283
268	0.0453979	0.422709	3.30433	0.223388	0.0101282	0.698887	70.3283
269	0.0402286	0.419806	3.46042	0.227886	0.0101282	0.684748	69.4553
270	0.051138	0.452884	3.30433	0.233883	0.0101934	0.657539	66.2165
271	0.051138	0.460139	3.30433	0.236882	0.0101934	0.627369	66.2165
272	0.0596257	0.476029	3.30433	0.238381	0.0101934	0.548816	57.1202
273	0.0755447	0.494796	3.30433	0.247376	0.0101282	0.511705	50.7367
274	0.0766294	0.502907	3.30433	0.251874	0.0107408	0.549684	47.1468
275	0.0755447	0.519967	3.30433	0.262369	0.0101934	0.604328	45.3996
276	0.0825692	0.548928	3.30433	0.275862	0.0107408	0.681425	59.8463
277	0.0537308	0.507858	3.30433	0.265367	0.010846	0.676017	63.9789
278	0.051138	0.489234	3.30433	0.257871	0.0110324	0.558594	64.3329
279	0.0491439	0.485516	3.46042	0.257871	0.0110324	0.490136	63.9789
280	0.0491439	0.477327	4.54059	0.253373	0.0110324	0.498078	63.3991
281	0.0382481	0.45494	3.46042	0.233883	0.0110324	0.532416	62.3181
282	0.0382481	0.442509	3.46042	0.226387	0.0110324	0.54444	59.9738
283	0.051138	0.459225	3.27602	0.224888	0.0110324	0.496478	55.4544
284	0.0574153	0.460195	3.46042	0.229385	0.0111488	0.534601	59.1242
285	0.051138	0.481518	3.46042	0.241379	0.0111488	0.60956	59.8463
286	0.0382481	0.49536	3.46042	0.247376	0.0111488	0.694524	63.3991
287	0.0164011	0.395683	2.6015	0.202399	0.0142739	0.75013	87.3038
288	0.0233352	0.336222	2.87339	0.169415	0.0112104	0.785311	70.2318
289	0.0158423	0.286078	1.92427	0.137931	0.0157966	0.914087	87.3038
290	0.0158523	0.242845	1.92427	0.113943	0.0181802	0.939788	94.3768
291	0.0164011	0.204939	1.90601	0.0929535	0.01868	1.07047	89.1585
292	0.0133372	0.179568	1.57118	0.0824588	0.0183755	1.15866	87.3038
293	0.0125878	0.167281	1.46734	0.0734633	0.018707	1.24483	87.3038
294	0.0125878	0.150778	1.46734	0.0644678	0.0223252	1.36111	99.8592
295	0.0118922	0.14074	1.37635	0.0584708	0.0183755	1.22415	89.1585
296	0.0118922	0.138985	1.3555	0.0584708	0.0183755	1.11734	89.1585
297	0.0118922	0.127025	0.993855	0.041979	0.0184274	1.09982	96.044
298	0.011986	0.120118	0.903234	0.0329835	0.0183755	1.03893	96.044
299	0.0118922	0.112523	0.865224	0.0314843	0.0205903	1.08418	99.8592
300	0.0121084	0.107294	0.852134	0.023988	0.0207148	1.07414	99.8592
301	0.0118922	0.101481	0.84157	0.0209895	0.0204287	1.01231	96.044
302	0.0100963	0.0973131	0.698579	0.0194903	0.0204287	1.12147	96.044
303	0.0119871	0.0930773	0.773472	0.0164918	0.018707	1.24044	88.5409
304	0.0117289	0.0896321	0.707999	0.0134933	0.018707	1.28343	88.5409
305	0.0117289	0.0903522	0.773472	0.0209895	0.018707	1.19406	96.044
306	0.0107382	0.0904507	0.718557	0.023988	0.018707	1.19137	97.3953
307	0.0110953	0.088614	0.711035	0.0269865	0.018707	1.17749	98.84
308	0.0107382	0.0871189	0.644996	0.0209895	0.018707	1.18781	96.044
309	0.0110277	0.0855216	0.718557	0.0284858	0.018707	1.16837	97.3953
310	0.0100702	0.0946273	0.913253	0.0464768	0.0173528	1.04191	88.5409
311	0.0101269	0.0920651	0.864821	0.041979	0.0157966	0.986719	88.5409
312	0.0118183	0.0896393	0.92021	0.035982	0.0161073	0.908911	88.5409
313	0.0118183	0.0873567	0.92021	0.035982	0.0161073	0.894373	87.3038
314	0.0108768	0.0879591	0.869427	0.0389805	0.0161073	0.820481	87.3038
315	0.0108768	0.0860804	0.861995	0.0389805	0.0132879	0.788304	75.9044
316	0.0100702	0.0824302	0.728918	0.0404798	0.0132879	0.80397	75.9248
317	0.0112378	0.078767	0.728918	0.029985	0.011693	0.748923	75.9044
318	0.0108768	0.0771093	0.67618	0.0224888	0.0103988	0.732725	75.1346
319	0.0108768	0.077995	0.682886	0.0224888	0.0103988	0.754677	75.1346
320	0.0110953	0.0771092	0.682886	0.023988	0.0132879	0.798498	96.6696
321	0.010032	0.0782252	0.595042	0.023988	0.0132879	0.756289	87.3038
322	0.010032	0.077959	0.627686	0.0269865	0.0145093	0.789636	87.3038
323	0.010032	0.0791549	0.65788	0.0284858	0.0152982	0.830231	85.3567
324	0.010032	0.0765813	0.53396	0.0224888	0.0122943	0.782688	60.1973
325	0.010032	0.0769109	0.505251	0.0209895	0.0122943	0.746599	60.4777
326	0.010032	0.0748666	0.517045	0.0224888	0.0126571	0.708285	61.7359
327	0.010032	0.0757351	0.53396	0.0254873	0.0173528	0.814847	98.3416
328	0.010032	0.0759079	0.545992	0.023988	0.0167428	0.830048	98.3416
329	0.010032	0.0758651	0.569294	0.0224888	0.0173528	0.925275	98.3416
330	0.010032	0.0762815	0.545992	0.0194903	0.0164953	0.886458	98.3416
331	0.010032	0.077472	0.577551	0.0224888	0.0126571	0.889142	69.2637
332	0.010032	0.076617	0.570238	0.0164918	0.0130809	0.759802	68.4661
333	0.010032	0.074831	0.583916	0.017991	0.0130809	0.663412	63.8931
334	0.010032	0.0749532	0.639331	0.0224888	0.0130809	0.546886	67.1169
335	0.010032	0.0767311	0.670398	0.0269865	0.010287	0.453251	54.2525
336	0.010032	0.0774619	0.670398	0.0269865	0.0101021	0.30198	44.3799
337	0.010032	0.0788112	0.685138	0.029985	0.0101021	0.270894	41.3687
338	0.010032	0.0809341	0.67618	0.0269865	0.0101021	0.238446	40.4597
339	0.010032	0.0815654	0.67618	0.0269865	0.0101021	0.254956	42.6345
340	0.010032	0.0839176	0.720337	0.0314843	0.0101021	0.265762	44.3799
341	0.010032	0.0828434	0.724282	0.0314843	0.0101021	0.24937	48.7548
342	0.010032	0.0843998	0.793491	0.035982	0.010287	0.253876	52.9842
343	0.010032	0.0864546	0.954758	0.0494753	0.0101021	0.229626	44.572
344	0.0100737	0.0897797	1.025	0.0524738	0.0119232	0.191095	57.7189
345	0.0100737	0.0918213	1.025	0.053973	0.0101021	0.146216	27.7993
346	0.0100737	0.0926878	1.0799	0.0584708	0.0101021	0.12486	14.2911
347	0.0100737	0.0995367	1.13455	0.0704648	0.0101021	0.122764	11.5605
348	0.0100737	0.10158	1.13455	0.0734633	0.0101021	0.148583	26.4567
349	0.0100737	0.101077	1.13455	0.0734633	0.010287	0.142301	26.4567
350	0.0100737	0.103935	1.21576	0.0749625	0.0101021	0.144853	31.1342
351	0.0100737	0.106891	1.3352	0.0764618
