		omega		Posterior		rho				Synonymous theta			kappa			phi	
Site	Lower	Point	Higher	prob of +ve	Lower	Point	Higher		Lower	Point	Higher	Lower	Point	Higher	Lower	Point	Higher
	95% HPD	estimate	95% HPD	selection	95% HPD	estimate	95% HPD		95% HPD	estimate	95% HPD	95% HPD	estimate	95% HPD	95% HPD	estimate	95% HPD
0	0.0110772	0.136167	1.50666	0.0884558	0.0174693	1.50107	67.7611		0.00980278	0.0236659	0.053966	227527	1.16195e+10	1.09608e+15	0	0	0
1	0.0120248	0.133909	1.50666	0.0824588	0.0182187	1.52699	70.787
2	0.0120248	0.136364	1.43488	0.0809595	0.0186795	1.64391	71.3984
3	0.0120248	0.136772	1.43488	0.0809595	0.0198433	1.74297	74.8694
4	0.0120248	0.138189	1.48204	0.0884558	0.0184561	1.74788	71.7761
5	0.0114335	0.143832	1.40916	0.0914543	0.0183165	1.82699	71.7761
6	0.0120248	0.147105	1.50666	0.0929535	0.0181046	1.82073	72.543
7	0.0120248	0.151909	1.50666	0.089955	0.0181046	1.93801	77.9073
8	0.0120248	0.15187	1.48204	0.0929535	0.0181046	2.18776	81.0324
9	0.0120248	0.153438	1.52833	0.095952	0.0162162	1.93504	76.0537
10	0.0114731	0.160112	1.50666	0.101949	0.0180447	1.83389	83.1365
11	0.0114731	0.166182	1.52833	0.103448	0.0180447	1.68942	81.0324
12	0.0120248	0.176122	1.74643	0.112444	0.0180447	1.70767	83.1365
13	0.0120248	0.189662	1.8444	0.128936	0.0180447	1.70776	81.0324
14	0.0158323	0.208005	2.97654	0.14093	0.0159233	1.60589	79.0141
15	0.0122228	0.233709	3.13509	0.163418	0.0180447	1.4833	92.9283
16	0.0124835	0.296116	5.40463	0.212894	0.0176221	1.45196	98.0743
17	0.0124835	0.212392	2.61687	0.151424	0.0144076	1.44382	74.8694
18	0.0117042	0.187759	2.06993	0.128936	0.0158673	1.36057	83.772
19	0.0101592	0.160707	1.58048	0.112444	0.0148702	1.3271	79.0141
20	0.0106674	0.146299	1.4852	0.0944528	0.0150359	1.31093	76.3833
21	0.0106674	0.128371	1.32648	0.071964	0.0143902	1.30797	77.9073
22	0.0101592	0.121112	1.1618	0.0629685	0.0144076	1.24429	79.0141
23	0.0100503	0.11505	1.21721	0.0644678	0.0100943	1.07116	58.9789
24	0.0100503	0.10467	0.987955	0.0494753	0.0122789	0.944104	66.1432
25	0.0100503	0.0977095	0.830663	0.0374813	0.0100842	0.807099	55.2795
26	0.0100503	0.0953194	0.830663	0.0374813	0.0100842	0.743414	56.1501
27	0.0100503	0.0900927	0.830663	0.0389805	0.0100842	0.673098	54.4593
28	0.0100634	0.0851681	0.748654	0.029985	0.0100943	0.626172	54.4593
29	0.0100503	0.0823072	0.725209	0.0314843	0.0100943	0.605969	54.4593
30	0.0100503	0.0795022	0.648283	0.029985	0.0100842	0.568644	49.5896
31	0.0100503	0.0763964	0.621863	0.0269865	0.0102427	0.530402	48.954
32	0.0101592	0.0740842	0.589187	0.0284858	0.0102427	0.515752	48.954
33	0.0100503	0.0720453	0.589187	0.029985	0.0100842	0.538986	50.2476
34	0.010018	0.0689639	0.547176	0.023988	0.0100026	0.525798	48.954
35	0.010018	0.0695129	0.558807	0.0254873	0.0100026	0.509819	49.5896
36	0.010018	0.0655174	0.536847	0.0209895	0.0100842	0.522167	49.5896
37	0.010018	0.0644892	0.518522	0.017991	0.0100842	0.517785	48.954
38	0.010018	0.0652333	0.558807	0.0209895	0.0102427	0.516641	50.2476
39	0.010018	0.0637597	0.536847	0.0194903	0.0100851	0.520043	52.7889
40	0.010018	0.0631703	0.558807	0.023988	0.0100943	0.534033	50.2476
41	0.010018	0.0634504	0.558807	0.0224888	0.0102427	0.54961	50.2476
42	0.010018	0.0621523	0.485495	0.017991	0.0102427	0.582139	52.9053
43	0.010018	0.0621794	0.4738	0.017991	0.0102427	0.615655	53.518
44	0.0100503	0.0622167	0.4738	0.0164918	0.0102427	0.586178	48.954
45	0.0101592	0.062874	0.506402	0.0194903	0.0102427	0.657024	49.5896
46	0.0101592	0.0622462	0.506402	0.0194903	0.0102427	0.68809	49.5896
47	0.0100503	0.0614794	0.485495	0.017991	0.0106782	0.687731	49.5896
48	0.0100503	0.061492	0.485495	0.0164918	0.0102427	0.719151	48.954
49	0.0101592	0.0603669	0.506402	0.0164918	0.0102427	0.701722	48.954
50	0.0100503	0.0597928	0.485495	0.0134933	0.0106782	0.708783	48.954
51	0.0100503	0.0594445	0.485495	0.0134933	0.0106782	0.675803	48.954
52	0.0100503	0.0600489	0.485495	0.0104948	0.0102893	0.658325	46.6044
53	0.0100503	0.0612811	0.502921	0.0134933	0.0106782	0.699647	49.5896
54	0.0100503	0.0620069	0.513036	0.0149925	0.0102893	0.735993	48.954
55	0.0100503	0.0617768	0.506402	0.017991	0.0102893	0.714596	51.2037
56	0.0100503	0.0610095	0.527475	0.0194903	0.0102893	0.759017	49.5896
57	0.0100346	0.0608921	0.533214	0.0194903	0.0102893	0.806165	50.1612
58	0.0100346	0.0612882	0.506402	0.0164918	0.0102893	0.810837	49.5896
59	0.0100346	0.0605517	0.50424	0.0134933	0.0102893	0.836673	49.5896
60	0.0100346	0.0619598	0.50424	0.0134933	0.0102893	0.807964	48.4096
61	0.0100346	0.0626872	0.533214	0.0149925	0.0102893	0.831639	49.8935
62	0.0100346	0.0659276	0.587755	0.023988	0.0102893	0.829508	54.7305
63	0.0100346	0.0664825	0.587755	0.023988	0.0102893	0.851604	49.0354
64	0.0100346	0.0657642	0.587755	0.0209895	0.0106981	0.830373	50.1612
65	0.0100244	0.0655261	0.64155	0.0224888	0.0100146	0.823838	46.3067
66	0.0100244	0.0662561	0.658275	0.0224888	0.0100146	0.821494	42.8776
67	0.0100244	0.0682626	0.658275	0.023988	0.0100146	0.879641	43.6336
68	0.0100244	0.0704193	0.720494	0.0254873	0.0100146	0.905329	44.2274
69	0.0100244	0.0716789	0.802197	0.029985	0.0100146	0.901953	43.6336
70	0.0100244	0.0783051	0.975678	0.0464768
