		omega		Posterior		rho				Synonymous theta			kappa			phi	
Site	Lower	Point	Higher	prob of +ve	Lower	Point	Higher		Lower	Point	Higher	Lower	Point	Higher	Lower	Point	Higher
	95% HPD	estimate	95% HPD	selection	95% HPD	estimate	95% HPD		95% HPD	estimate	95% HPD	95% HPD	estimate	95% HPD	95% HPD	estimate	95% HPD
0	0.0105849	0.101106	38.6344	0.155922	0.0100469	0.14204	21.9984		0.0306056	0.042586	0.0546366	1.51736	2.60064	5.10763	1.03025e+06	2.84438e+21	1.1523e+32
1	0.0101115	0.0382486	0.238226	0.00449775	0.0102103	0.13901	21.9984
2	0.0101115	0.0375306	0.223745	0.00149925	0.0100469	0.125637	21.3325
3	0.0102119	0.0370157	0.221698	0.00149925	0.0102103	0.116787	21.9984
4	0.0103995	0.0364443	0.222492	0	0.0102103	0.118087	24.3775
5	0.0102119	0.0358624	0.213839	0.00149925	0.0102103	0.124942	25.1779
6	0.0101115	0.0343673	0.184045	0	0.0100469	0.130855	29.0604
7	0.0101115	0.0336853	0.184045	0.0029985	0.0100469	0.124851	29.0604
8	0.0101115	0.0330407	0.172062	0.0029985	0.0102026	0.11573	24.5853
9	0.0102119	0.0329223	0.16523	0.0029985	0.0102026	0.107405	21.1235
10	0.0102119	0.0325105	0.164842	0.0029985	0.0100469	0.0914742	14.7805
11	0.0102119	0.0319695	0.16523	0	0.0100469	0.0758469	14.7805
12	0.0101115	0.0315095	0.16523	0	0.0102026	0.0644603	5.99201
13	0.0100106	0.0314246	0.159375	0	0.0100469	0.0493629	0.897854
14	0.0102119	0.0312124	0.160747	0	0.0102026	0.0403474	0.317321
15	0.0102119	0.0309698	0.159375	0	0.0102026	0.0390614	0.291661
16	0.0102119	0.0305874	0.158846	0	0.0102103	0.038401	0.287306
17	0.0100106	0.0302755	0.147832	0	0.0102026	0.0374444	0.281871
18	0.0100106	0.0305416	0.149176	0	0.0102026	0.0382076	0.287306
19	0.0102119	0.0309819	0.15932	0	0.0102103	0.0379683	0.287306
20	0.0102119	0.0311649	0.161457	0.00149925	0.0100469	0.0376594	0.250551
21	0.0100106	0.0308112	0.153832	0	0.0102026	0.0368567	0.243403
22	0.0102564	0.0305557	0.158846	0.00149925	0.0102103	0.0360154	0.230004
23	0.0102564	0.0311306	0.160747	0.00449775	0.0100469	0.0357963	0.223718
24	0.0100106	0.0301609	0.150601	0	0.0102103	0.0363794	0.230004
25	0.0100106	0.0298892	0.150601	0	0.0102144	0.0365114	0.230004
26	0.0100106	0.0300764	0.150601	0	0.0100469	0.0373913	0.250551
27	0.0100106	0.0295868	0.143199	0.00149925	0.0100469	0.0373336	0.250551
28	0.0100106	0.0300669	0.147555	0.00149925	0.0100469	0.0380821	0.291661
29	0.0100106	0.0300158	0.144778	0.0029985	0.0100469	0.038013	0.250551
30	0.0100106	0.0295705	0.143199	0.00149925	0.0102506	0.0385881	0.291661
31	0.0100106	0.0297454	0.144778	0.00149925	0.0102506	0.0391153	0.291661
32	0.0100106	0.0289839	0.143199	0.00149925	0.0102506	0.0403079	0.325989
33	0.0100106	0.029003	0.134804	0.00149925	0.0102506	0.0413424	0.333599
34	0.0100106	0.0289482	0.134804	0.0029985	0.0102506	0.0422231	0.333599
35	0.0100106	0.0289517	0.134804	0.0029985	0.0102506	0.0486255	0.401331
36	0.0100106	0.0290055	0.134804	0.00149925	0.0102506	0.0508655	0.409723
37	0.0100106	0.0288467	0.128335	0.00149925	0.0100469	0.0545173	0.650682
38	0.0100106	0.0287776	0.125279	0.00149925	0.010281	0.0574676	0.864279
39	0.0100106	0.0289598	0.134371	0	0.0103422	0.0585695	0.92044
40	0.0100106	0.0287303	0.134371	0	0.010281	0.0612782	1.48032
41	0.0100106	0.0285518	0.128152	0	0.010281	0.0657157	2.50984
42	0.0100106	0.0281393	0.121306	0	0.010281	0.0803039	3.39529
43	0.0100106	0.0283228	0.125279	0.00149925	0.0102831	0.100159	8.90508
44	0.0100106	0.02883	0.143199	0.00149925	0.0104825	0.111272	9.56732
45	0.0100106	0.0293554	0.143326	0.00149925	0.0102831	0.11866	9.09713
46	0.0100106	0.0290346	0.144121	0	0.0102831	0.134817	10.6042
47	0.0100106	0.02916	0.157055	0	0.0102831	0.143014	16.8639
48	0.0100106	0.0289275	0.147816	0	0.0103709	0.16008	20.0003
49	0.0100106	0.0289497	0.150601	0.00149925	0.0102831	0.189427	22.0015
50	0.0100106	0.0294158	0.157381	0.0029985	0.0102831	0.198068	25.5009
51	0.0100106	0.0293427	0.168157	0.00149925	0.0102831	0.233133	30.0877
52	0.0100106	0.0295893	0.171586	0.00149925	0.0102831	0.26689	35.6783
53	0.0100106	0.0292409	0.178473	0.00149925	0.0102831	0.25371	30.0877
54	0.010069	0.0287694	0.150601	0.00149925	0.0102831	0.264621	30.0877
55	0.0100746	0.0287458	0.149807	0.00149925	0.0102831	0.273089	33.4267
56	0.010069	0.0288056	0.14936	0.005997	0.0103709	0.26462	30.0877
57	0.010069	0.0295659	0.168157	0.0104948	0.0102831	0.268399	30.0877
58	0.010069	0.0287739	0.150601	0.00449775	0.0102831	0.286488	33.4267
59	0.010069	0.0276635	0.135456	0	0.0104289	0.32137	45.2899
60	0.010069	0.0274577	0.129425	0	0.0103709	0.336581	45.2899
61	0.010069	0.0272662	0.12429	0	0.0160346	0.396863	89.7686
62	0.010069	0.0272334	0.12429	0	0.0169601	0.461636	91.6798
63	0.010069	0.0275651	0.134804	0.00149925	0.0180683	0.559141	97.9673
64	0.010069	0.0276829	0.135456	0.00149925	0.018195	0.567996	95.7356
65	0.010069	0.0276899	0.128335	0.00149925	0.0183072	0.590759	95.7356
66	0.010069	0.028109	0.135896	0.005997	0.0169601	0.63323	98.1999
67	0.010069	0.0286172	0.150103	0.005997	0.0157511	0.532664	91.7126
68	0.010069	0.0279571	0.142289	0.00149925	0.0158266	0.489378	91.7126
69	0.010069	0.027827	0.142289	0	0.0147778	0.389226	91.7126
70	0.010069	0.0275779	0.135456	0	0.010275	0.30846	46.347
71	0.010069	0.0278354	0.134804	0	0.0102098	0.244412	15.0403
72	0.010069	0.0281752	0.135896	0.00149925	0.0102098	0.126644	9.64151
73	0.010069	0.028173	0.134804	0.0029985	0.0100062	0.0779371	1.61894
74	0.010069	0.0284288	0.134804	0.005997	0.0102318	0.064519	0.96538
75	0.010069	0.0282126	0.118477	0.00449775	0.0100062	0.05263	0.597899
76	0.010069	0.0276599	0.11005	0	0.0100062	0.0463578	0.437927
77	0.010069	0.0277397	0.11005	0	0.0102098	0.0425336	0.35413
78	0.010069	0.0279083	0.113415	0	0.0100062	0.0397794	0.296671
79	0.010069	0.0278783	0.113415	0	0.0102098	0.0388475	0.291622
80	0.010069	0.028111	0.113729	0	0.0102247	0.0391018	0.291622
81	0.010069	0.028193	0.113415	0	0.0102098	0.0384561	0.260314
82	0.0100897	0.0282806	0.113415	0	0.0102098	0.036853	0.237012
83	0.010069	0.0283963	0.115452	0	0.0102247	0.0358564	0.201129
84	0.010069	0.0282546	0.113415	0	0.0102247	0.0358797	0.201084
85	0.010069	0.0285594	0.113415	0	0.0102098	0.0359623	0.199707
86	0.010069	0.0285669	0.113729	0	0.0102247	0.0357701	0.200857
87	0.010069	0.0296423	0.12332	0	0.0100062	0.0345663	0.193192
88	0.010069	0.0300181	0.135456	0.0029985	0.0102098	0.0346333	0.190027
89	0.010069	0.0302343	0.142289	0.0029985	0.0100062	0.0347795	0.193192
90	0.010069	0.0299686	0.151325	0.0029985	0.0102098	0.0345451	0.200857
91	0.010069	0.0299389	0.151419	0	0.0102098	0.0342362	0.200857
92	0.010069	0.0297672	0.151325	0	0.0100062	0.0348567	0.200582
93	0.010069	0.0298645	0.154705	0.00149925	0.0100062	0.0347118	0.200582
94	0.010069	0.0294178	0.151419	0	0.0100062	0.0344358	0.190027
95	0.010069	0.028387	0.124645	0	0.0100062	0.0347249	0.194613
96	0.010069	0.0282997	0.135456	0	0.0100062	0.0339782	0.188776
97	0.010069	0.0280819	0.135896	0	0.0100062	0.0332773	0.178846
98	0.010069	0.0286104	0.151419	0	0.0100062	0.033001	0.178846
99	0.010069	0.0292307	0.17598	0	0.0100062	0.0327764	0.173424
100	0.010069	0.0294165	0.177454	0.00449775	0.0100062	0.03216	0.171513
101	0.010069	0.0289506	0.177454	0.0029985	0.0100062	0.0318396	0.171297
102	0.010069	0.0283799	0.15739	0	0.0102318	0.0315768	0.171845
103	0.010069	0.028004	0.136093	0	0.0100249	0.0315628	0.171513
104	0.010069	0.0277041	0.135456	0	0.0100249	0.031389	0.171513
105	0.010069	0.0273683	0.124645	0	0.0100062	0.0315031	0.168615
106	0.010069	0.0271229	0.122974	0	0.0100062	0.0319076	0.171372
107	0.010069	0.0270981	0.129617	0	0.0100062	0.0320858	0.168615
108	0.010069	0.0271386	0.129617	0	0.0100062	0.0318048	0.167865
109	0.010069	0.0267775	0.124645	0	0.0100062	0.0325488	0.168615
110	0.010069	0.0271531	0.124645	0	0.0100062	0.0325103	0.168615
111	0.010069	0.0278429	0.127229	0	0.0100062	0.0332513	0.171513
112	0.010069	0.0280807	0.135456	0	0.0100062	0.0329386	0.168615
113	0.010069	0.0286718	0.142945	0	0.0100062	0.0319382	0.16433
114	0.010069	0.0285614	0.142945	0	0.0100062	0.0321861	0.16433
115	0.010069	0.0287629	0.148828	0.0029985	0.0100062	0.0332034	0.171297
116	0.010069	0.0279159	0.132955	0	0.0100238	0.0317861	0.163711
117	0.010069	0.0291542	0.156768	0.0029985	0.0100085	0.0308034	0.148668
118	0.010069	0.02931	0.150103	0.0029985	0.0100085	0.0307311	0.141576
119	0.010069	0.0292746	0.143798	0.00149925	0.0100085	0.0311777	0.151791
120	0.010069	0.0291927	0.142945	0.00149925	0.0100085	0.0313125	0.148975
121	0.010069	0.0293774	0.142945	0	0.0100085	0.0311311	0.148975
122	0.010069	0.0295402	0.142488	0	0.0100085	0.031642	0.160603
123	0.010069	0.0295237	0.142488	0	0.0100238	0.0321816	0.168615
124	0.0100897	0.0290318	0.137467	0	0.0100238	0.0320324	0.168615
125	0.010069	0.0289817	0.137467	0	0.0100238	0.0325168	0.168615
126	0.0101094	0.0287291	0.137467	0	0.0100238	0.0328181	0.174491
127	0.0100897	0.0288182	0.137467	0	0.0100238	0.0335019	0.175837
128	0.010069	0.0283289	0.13659	0.00149925	0.0100238	0.033126	0.174491
129	0.010069	0.0285179	0.140139	0.0029985	0.0100238	0.0345804	0.185658
130	0.010069	0.0285046	0.142488	0.00449775	0.0100238	0.0346654	0.189731
131	0.010069	0.0288331	0.143798	0.00449775	0.0100238	0.0353636	0.197435
132	0.010069	0.0298825	0.165417	0.0089955	0.0100238	0.0359769	0.199397
133	0.010069	0.0297796	0.165417	0.00749625	0.0100238	0.0363145	0.210711
134	0.010069	0.0293451	0.16103	0.0029985	0.0100238	0.0368546	0.223324
135	0.010069	0.0291442	0.151419	0.0029985	0.0100238	0.0374548	0.223324
136	0.010069	0.0287336	0.143798	0	0.0100238	0.0380445	0.225413
137	0.0100897	0.0289831	0.142945	0	0.0100004	0.0389881	0.240757
138	0.010069	0.030116	0.168315	0	0.0100004	0.0389633	0.240757
139	0.010069	0.0303848	0.168315	0	0.0100004	0.0391923	0.255371
140	0.010069	0.030591	0.175241	0	0.0100004	0.0393702	0.244715
141	0.010069	0.0297692	0.143798	0.00149925	0.0100004	0.0383983	0.231979
142	0.010069	0.0294448	0.151419	0	0.0100004	0.0382787	0.223324
143	0.0101094	0.0288308	0.142945	0	0.0100238	0.0375183	0.223324
144	0.010069	0.0283768	0.136574	0.00149925	0.0100238	0.0371977	0.223324
145	0.0100897	0.0282293	0.136574	0	0.0100238	0.0361694	0.210711
146	0.0100897	0.0283603	0.136574	0	0.0100004	0.0354154	0.197435
147	0.0101094	0.0282479	0.130236	0	0.0100238	0.0348393	0.187118
148	0.0100897	0.0278843	0.127229	0	0.0100004	0.0344497	0.185658
149	0.0100897	0.0278791	0.130236	0	0.0100004	0.033678	0.175837
150	0.0100079	0.0280181	0.130236	0	0.0100004	0.0331147	0.163296
151	0.0100307	0.0279194	0.130236	0.00149925	0.0100004	0.0320907	0.150109
152	0.0100079	0.0275212	0.124775	0.00149925	0.0100238	0.0308996	0.129719
153	0.0100079	0.0271404	0.124176	0.00149925	0.0100004	0.0302175	0.113442
154	0.0100079	0.0272932	0.124775	0.00149925	0.0100238	0.0300063	0.113442
155	0.0100079	0.0270567	0.124775	0.0029985	0.0100238	0.029574	0.104881
156	0.0100079	0.0272794	0.130152	0.00149925	0.0100238	0.0293967	0.104794
157	0.0100079	0.0269974	0.124775	0.00149925	0.0100238	0.0292609	0.104794
158	0.0100079	0.0269272	0.130152	0	0.0100004	0.0288388	0.103473
159	0.0100079	0.0274824	0.141353	0.0029985	0.0100004	0.0281434	0.102963
160	0.0100079	0.0263056	0.124176	0	0.0100238	0.0279277	0.104794
161	0.0100079	0.0262783	0.125083	0	0.0100004	0.0276377	0.102963
162	0.0100079	0.0264487	0.125083	0	0.0100004	0.0275715	0.102963
163	0.0100079	0.0266144	0.125216	0.00149925	0.0100004	0.0272613	0.0934919
164	0.0100639	0.0264639	0.125216	0.00149925	0.0100004	0.0269861	0.0921072
165	0.0100639	0.0262495	0.125216	0.00149925	0.0100004	0.0270629	0.0932744
166	0.0100079	0.0256321	0.115688	0	0.0100238	0.0266162	0.0925281
167	0.0100286	0.0261297	0.125216	0.0029985	0.0100238	0.0265476	0.0925281
168	0.0100079	0.0262549	0.124176	0.00149925	0.0100004	0.0263261	0.0921072
169	0.0100079	0.0263009	0.12615	0.00149925	0.0100004	0.0263025	0.0925281
170	0.0100079	0.0264648	0.134026	0.00149925	0.0100004	0.0262315	0.0948588
171	0.0100079	0.0259719	0.134026	0	0.0100238	0.02595	0.0921072
172	0.0100079	0.0259854	0.146663	0	0.0100238	0.0258498	0.0921072
173	0.0100079	0.0256552	0.146663	0	0.0100238	0.0256691	0.0875627
174	0.0100079	0.0261252	0.149139	0.00149925	0.0100238	0.0257176	0.0902705
175	0.0100079	0.025986	0.138695	0.0029985	0.0100004	0.0256042	0.0920041
176	0.0100079	0.0263553	0.146663	0.0029985	0.0100004	0.0253854	0.0875627
177	0.0100079	0.0263143	0.134026	0.00449775	0.0100004	0.0256617	0.0940196
178	0.0100079	0.0259629	0.125564	0.0029985	0.0100004	0.0263715	0.0948588
179	0.0100079	0.0259253	0.125564	0.0029985	0.0100238	0.0269538	0.104794
180	0.0100079	0.0261807	0.132784	0.0029985	0.0100004	0.0265701	0.102566
181	0.0100079	0.0255236	0.125564	0.00149925	0.0100004	0.0265437	0.104333
182	0.0100079	0.0251817	0.110008	0.00149925	0.0100004	0.0257801	0.0940196
183	0.0100079	0.0250177	0.121284	0	0.0100238	0.0261343	0.104794
184	0.0100079	0.0246082	0.110008	0	0.0100004	0.0264859	0.10648
185	0.0100079	0.0250009	0.12615	0	0.0100004	0.0267805	0.10648
186	0.0100079	0.0250667	0.131458	0	0.0100004	0.0266886	0.105807
187	0.0100079	0.0243918	0.108676	0.00149925	0.0100238	0.0269976	0.1069
188	0.0100079	0.0240846	0.108676	0.00149925	0.0100238	0.0269768	0.107487
189	0.0100079	0.0240105	0.108676	0.00149925	0.0100238	0.0271889	0.109061
190	0.0100079	0.0238875	0.10716	0.00149925	0.0100238	0.0273552	0.113422
191	0.0100286	0.0237255	0.102924	0.00149925	0.0100238	0.0275624	0.115652
192	0.0100286	0.0235731	0.100753	0.00149925	0.0100238	0.0279839	0.118465
193	0.0100286	0.0235415	0.0976652	0.00149925	0.0100238	0.0280773	0.116945
194	0.0100286	0.0237861	0.103744	0.00149925	0.0100238	0.0281596	0.116945
195	0.0100286	0.0236684	0.103744	0	0.0100238	0.0292454	0.127651
196	0.0100612	0.0240022	0.110195	0	0.0100238	0.0308208	0.163967
197	0.0100286	0.0247582	0.120339	0.00149925	0.0100524	0.0312922	0.184145
198	0.0100286	0.0258139	0.139692	0.00449775	0.0100238	0.0325083	0.198549
199	0.0100286	0.0257998	0.139692	0.005997	0.0100238	0.0330204	0.223451
200	0.0100286	0.0250205	0.12615	0.00149925	0.0100238	0.0346546	0.301534
201	0.0100286	0.0249975	0.12615	0.00149925	0.0100238	0.034484	0.301534
202	0.0100286	0.025006	0.12615	0	0.0100238	0.0342902	0.241636
203	0.0100286	0.024978	0.12615	0	0.0100238	0.0331856	0.229274
204	0.0100286	0.0248568	0.114001	0	0.0100238	0.0319772	0.197608
205	0.0100286	0.0253144	0.119238	0	0.0100238	0.0310961	0.181519
206	0.0100286	0.0254149	0.119238	0	0.0100238	0.0314431	0.190931
207	0.0100286	0.0255498	0.114001	0	0.0100238	0.0310965	0.177977
208	0.0100286	0.025898	0.114687	0	0.0100238	0.0301469	0.143182
209	0.0100286	0.0263344	0.120339	0.0029985	0.0100207	0.0299116	0.165202
210	0.0100286	0.0266161	0.12615	0.005997	0.0100238	0.0294283	0.131382
211	0.0100286	0.0265655	0.120339	0.005997	0.0100238	0.0288212	0.12579
212	0.0100463	0.0265339	0.12615	0.00449775	0.0100238	0.0281822	0.12321
213	0.0100463	0.0264662	0.119822	0.0029985	0.0100238	0.0278544	0.111051
214	0.0100612	0.0263976	0.12615	0.00149925	0.0100238	0.0271329	0.102326
215	0.0100639	0.0263633	0.131458	0.00149925	0.0100238	0.0269073	0.0979878
216	0.0100612	0.0261749	0.12615	0.00149925	0.0100238	0.0267662	0.0951665
217	0.0100612	0.0261252	0.12615	0.00149925	0.0100238	0.0270405	0.0960083
218	0.0100612	0.0260015	0.12615	0	0.0100238	0.0272691	0.103657
219	0.0100612	0.0259736	0.120339	0	0.010049	0.0276506	0.111051
220	0.0100612	0.0258359	0.120339	0	0.010049	0.0281171	0.122564
221	0.0100612	0.026246	0.133797	0	0.0100524	0.0281659	0.130312
222	0.0100612	0.0259398	0.120339	0.0029985	0.0100524	0.0281765	0.130933
223	0.0100612	0.0261401	0.12759	0.0029985	0.010049	0.0282635	0.130933
224	0.0100612	0.0264556	0.133797	0.00449775	0.010049	0.0283137	0.139042
225	0.0100612	0.0261639	0.12615	0.0029985	0.010049	0.0281889	0.138843
226	0.0100612	0.026443	0.12759	0.00449775	0.010049	0.0282612	0.130933
227	0.0100612	0.0256504	0.115595	0.0029985	0.010049	0.0287547	0.139042
228	0.0100612	0.0257499	0.11599	0.0029985	0.010049	0.0289062	0.148051
229	0.0100612	0.025596	0.115595	0.0029985	0.010049	0.0281211	0.130933
230	0.0100612	0.0258404	0.119238	0.0029985	0.010049	0.0292398	0.144887
231	0.0100612	0.026153	0.120339	0.0029985	0.010049	0.0295377	0.13885
232	0.0100612	0.0261028	0.12615	0.00149925	0.010049	0.029551	0.13885
233	0.0100612	0.0262067	0.131458	0.00149925	0.010049	0.029911	0.13885
234	0.0100612	0.0262458	0.134269	0	0.010049	0.0295582	0.133282
235	0.0100612	0.0263242	0.139701	0	0.010049	0.0291583	0.131022
236	0.0100612	0.0261664	0.131458	0	0.0100689	0.0294363	0.139042
237	0.0100612	0.0260034	0.119996	0	0.0101379	0.0290291	0.139108
238	0.0100612	0.0262839	0.131458	0.0029985	0.0101379	0.0291319	0.139108
239	0.0100612	0.0258951	0.119996	0.0029985	0.010049	0.0284531	0.129631
240	0.0100612	0.0259788	0.119238	0.0029985	0.0100909	0.0294961	0.139108
241	0.0100612	0.025942	0.11599	0.0029985	0.0100909	0.0294475	0.139108
242	0.0100612	0.0258241	0.115595	0.0029985	0.010049	0.0301028	0.139042
243	0.0100612	0.0259399	0.115595	0.00149925	0.010049	0.0309619	0.148051
244	0.0100612	0.0259396	0.115595	0	0.010049	0.0318606	0.162576
245	0.0100612	0.0256938	0.110008	0	0.010049	0.0326565	0.175746
246	0.0100612	0.0255082	0.115595	0	0.010049	0.0324871	0.170503
247	0.0100612	0.0258012	0.119996	0.00149925	0.010049	0.0323575	0.163508
248	0.0100612	0.0260024	0.124358	0.00149925	0.010049	0.03255	0.163508
249	0.0100612	0.0261624	0.124358	0.00149925	0.010049	0.0310907	0.162576
250	0.0100612	0.0265498	0.131006	0.0029985	0.010049	0.0305505	0.15972
251	0.0100612	0.0263678	0.131458	0.0029985	0.010049	0.0298642	0.153953
252	0.0100612	0.0267469	0.132188	0.005997	0.010049	0.0295974	0.13885
253	0.0100612	0.0273481	0.141242	0.0089955	0.010049	0.0299718	0.13885
254	0.0100612	0.0266894	0.132188	0.005997	0.0100689	0.0298476	0.139042
255	0.0100612	0.0266507	0.131006	0.005997	0.0100689	0.029826	0.139042
256	0.0100612	0.0270363	0.132188	0.005997	0.010049	0.028918	0.121642
257	0.0100612	0.0267413	0.121712	0.005997	0.010049	0.0288151	0.109198
258	0.0100612	0.0264384	0.114001	0.00449775	0.0100524	0.0286313	0.107567
259	0.0100612	0.0265582	0.119822	0.00449775	0.0100524	0.0290077	0.119235
260	0.0100612	0.0265067	0.114001	0.0029985	0.0100524	0.0288582	0.115171
261	0.0100612	0.027027	0.121712	0.00449775	0.0100524	0.0290664	0.115171
262	0.0100612	0.0274498	0.131006	0.00449775	0.0100524	0.0291162	0.109443
263	0.0100612	0.0273997	0.121712	0.0029985	0.0100524	0.0295133	0.115171
264	0.0100612	0.0274108	0.131006	0	0.0100524	0.0292739	0.107899
265	0.0100095	0.0285666	0.145695	0	0.0100524	0.0290772	0.107899
266	0.0100095	0.0286001	0.14284	0.00449775	0.0100689	0.0294893	0.122365
267	0.0100612	0.0281002	0.134548	0.00449775	0.0100689	0.0296948	0.128413
268	0.0100095	0.0274183	0.131006	0	0.0100689	0.0294168	0.122365
269	0.0100095	0.0273247	0.131006	0.00149925	0.0100909	0.0293239	0.139042
270	0.0100095	0.0282692	0.134548	0.00749625	0.0100689	0.0287942	0.130043
271	0.0100612	0.0276256	0.134548	0	0.0100689	0.0296964	0.150291
272	0.0100095	0.0275666	0.131006	0	0.0100689	0.0297571	0.153953
273	0.0100095	0.0279905	0.131006	0	0.0100689	0.0295443	0.139042
274	0.0100095	0.0280047	0.13266	0	0.0101379	0.0294363	0.139042
275	0.0100001	0.0280399	0.135348	0	0.0100909	0.02925	0.147495
276	0.0100001	0.0282437	0.142035	0	0.0100909	0.0289078	0.147495
277	0.0100001	0.0283242	0.135348	0	0.0100909	0.028781	0.153953
278	0.0100001	0.0282927	0.134269	0.00149925	0.0100909	0.0286478	0.155005
279	0.0100001	0.0294717	0.145695	0.0029985	0.0100909	0.0284413	0.155005
280	0.0100001	0.0293218	0.145695	0.0029985	0.0100909	0.0284482	0.157586
281	0.0100001	0.0292767	0.14929	0.0029985	0.0100909	0.0282421	0.142592
282	0.0100001	0.0297565	0.154106	0.00149925	0.0100909	0.0280238	0.130043
283	0.0100001	0.029313	0.151194	0	0.0100909	0.0276521	0.128413
284	0.0100001	0.028737	0.142368	0.00149925	0.0100909	0.0271096	0.115171
285	0.0100001	0.0286319	0.134548	0.00149925	0.0101379	0.0273516	0.116696
286	0.0100001	0.0283481	0.133367	0.00149925	0.0100909	0.0273015	0.115171
287	0.0100001	0.0276349	0.118093	0	0.0100909	0.0274163	0.116696
288	0.0100001	0.0272733	0.114914	0	0.0100909	0.0273895	0.130043
289	0.0100001	0.0274978	0.129665	0	0.0100909	0.0276823	0.133555
290	0.0100001	0.0276345	0.131006	0.00149925	0.0100909	0.0284096	0.157586
291	0.010033	0.0285193	0.142035	0.0089955	0.0100909	0.030355	0.21633
292	0.0100001	0.0281616	0.135348	0.005997	0.0100909	0.034209	0.413675
293	0.0100001	0.0272957	0.131006	0.00149925	0.0100909	0.0351841	0.453717
294	0.0100001	0.0273226	0.12982	0.00149925	0.0100909	0.0365955	0.472287
295	0.0100001	0.0273826	0.131006	0.0029985	0.0100909	0.0410667	0.807647
296	0.0100001	0.0273746	0.132043	0.0029985	0.0100411	0.0491033	9.12734
297	0.0100001	0.0273979	0.133367	0.0029985	0.0100411	0.0586416	26.4093
298	0.0100001	0.0278165	0.133367	0.0029985	0.0100411	0.0651285	36.7175
299	0.010033	0.0281988	0.142035	0.00149925	0.0102264	0.0690049	39.6963
300	0.0100001	0.0279209	0.132043	0	0.0102264	0.0749885	42.6251
301	0.010033	0.0280884	0.142035	0	0.0100164	0.0905379	50.1413
302	0.0100001	0.0277012	0.132043	0	0.0100164	0.10642	66.2195
303	0.0100001	0.0275376	0.129665	0	0.0102318	0.1185	78.214
304	0.0100001	0.027683	0.131006	0	0.0102273	0.118729	78.214
305	0.0100001	0.0280735	0.133367	0	0.0102273	0.120169	78.214
306	0.0100001	0.027779	0.131006	0	0.0102273	0.121757	78.214
307	0.0100095	0.0278946	0.129665	0	0.0102273	0.117169	78.214
308	0.0100095	0.0278075	0.129665	0	0.0102273	0.111965	78.214
309	0.0100095	0.0283927	0.135037	0.0029985	0.0100164	0.105308	76.0153
310	0.0100095	0.0281456	0.132354	0.0029985	0.0100164	0.101273	69.8137
311	0.0100095	0.0273898	0.115931	0	0.0100164	0.0968946	66.2195
312	0.0100095	0.0274005	0.118264	0	0.0100411	0.0942513	61.8725
313	0.0100095	0.0270958	0.115006	0	0.0102264	0.0894466	61.8725
314	0.0100095	0.0270098	0.114914	0	0.0100164	0.0858733	51.9492
315	0.0100095	0.0275459	0.122348	0.0029985	0.0100164	0.0773507	50.0198
316	0.0100095	0.0278219	0.130559	0.0029985	0.0100164	0.0711366	46.0642
317	0.0100095	0.027627	0.129196	0.00149925	0.0100411	0.0683904	46.0642
318	0.0100095	0.027439	0.122348	0	0.0102273	0.0577563	36.5115
319	0.0100095	0.0274941	0.122348	0	0.0100164	0.0328226	0.178743
320	0.0100785	0.0278638	0.141057	0	0.0100698	0.0325506	0.176501
321	0.0100095	0.0294835	0.195684	0.0104948	0.0100698	0.0324981	0.176501
322	0.0100095	0.0281957	0.14297	0.00149925	0.0100125	0.0334232	0.222576
323	0.0100095	0.0277659	0.132852	0	0.0100125	0.0338606	0.22423
324	0.0100095	0.027681	0.122348	0	0.0100125	0.0329707	0.204781
325	0.0100095	0.0282052	0.14297	0	0.0100125	0.0334228	0.210678
326	0.0100095	0.0281658	0.14297	0	0.0100125	0.0334233	0.200012
327	0.0100785	0.0283638	0.146967	0	0.0100125	0.0334979	0.204781
328	0.0100095	0.0284779	0.14658	0.00149925	0.0100125	0.0330944	0.190916
329	0.0100785	0.0284056	0.146967	0	0.0100125	0.032797	0.182014
330	0.0100095	0.0283394	0.140731	0	0.0100125	0.0335791	0.190262
331	0.0100095	0.0283573	0.146102	0.0029985	0.0100125	0.0333092	0.190262
332	0.0100095	0.0295696	0.168797	0.0089955	0.0100125	0.0333906	0.189562
333	0.0100095	0.0293524	0.171495	0.0029985	0.0100125	0.0337642	0.190262
334	0.0100095	0.0285626	0.160415	0	0.0100125	0.0335163	0.190262
335	0.0100095	0.0289589	0.168797	0.00149925	0.0100125	0.0337367	0.190916
336	0.0100095	0.0296168	0.171495	0.00149925	0.0100125	0.033454	0.19564
337	0.0100095	0.0294301	0.160415	0.00149925	0.0100011	0.0333651	0.200012
338	0.0100095	0.0296934	0.168797	0.00149925	0.0100011	0.0326954	0.19564
339	0.0100095	0.0296219	0.173318	0.00149925	0.0100011	0.0312488	0.176004
340	0.0100914	0.0297907	0.188198	0.0029985	0.0100011	0.0310042	0.176004
341	0.0100095	0.0296911	0.173318	0.0029985	0.0100011	0.0298108	0.159622
342	0.0100785	0.0299471	0.188198	0.005997	0.0100011	0.0284195	0.123504
343	0.0100095	0.0292046	0.153338	0.00449775	0.0100011	0.0284583	0.12647
344	0.0100095	0.0285969	0.141618	0.00149925	0.0100011	0.027887	0.11834
345	0.0100095	0.0281145	0.133645	0	0.0100011	0.0278728	0.117497
346	0.0100095	0.0284331	0.136674	0	0.0100011	0.0279451	0.11834
347	0.0100095	0.0287285	0.136674	0	0.0100011	0.0276212	0.111681
348	0.0100095	0.0285727	0.133645	0	0.0100011	0.0272341	0.107928
349	0.0100095	0.0283323	0.133645	0	0.0100011	0.0270395	0.109329
350	0.0100095	0.0286505	0.142994	0	0.0100011	0.0272161	0.112647
351	0.0100226	0.0286196	0.141618	0	0.0100011	0.0269802	0.112647
352	0.0100095	0.0282346	0.13686	0	0.0100011	0.0267526	0.111681
353	0.0100095	0.0279741	0.13686	0	0.0100011	0.0265949	0.111681
354	0.0100095	0.0280789	0.141561	0	0.0100011	0.0264503	0.109329
355	0.0100095	0.027966	0.13686	0	0.0100011	0.0262279	0.107928
356	0.0100095	0.0282889	0.142994	0	0.0100011	0.0260816	0.105031
357	0.0100095	0.0280724	0.139931	0	0.0100011	0.026416	0.111681
358	0.0100095	0.0280442	0.13686	0	0.0100011	0.0263086	0.112647
359	0.0100095	0.0279879	0.132128	0	0.0100011	0.0262416	0.112647
360	0.0100095	0.027668	0.132852	0	0.0100011	0.026534	0.11834
361	0.0100095	0.0275081	0.13446	0	0.0100011	0.026739	0.11834
362	0.0100226	0.0278102	0.139931	0.00149925	0.0100011	0.0269744	0.127257
363	0.0100095	0.028021	0.141714	0	0.0100011	0.0279355	0.142542
364	0.0100095	0.0277468	0.132128	0	0.0100011	0.0279966	0.143442
365	0.0100095	0.0279484	0.132128	0	0.0100125	0.0281719	0.150118
366	0.0100785	0.0278893	0.129067	0	0.0100011	0.0307871	0.180368
367	0.0100095	0.0281419	0.125347	0	0.0100011	0.0315434	0.229326
368	0.0100785	0.0283901	0.129067	0	0.0100011	0.0325478	0.247311
369	0.0100095	0.0280185	0.122253	0	0.0100011	0.0340228	0.262467
370	0.0100095	0.0280479	0.125347	0	0.0100011	0.0353081	0.287968
371	0.0100914	0.0282716	0.129067	0	0.0100011	0.0379165	0.404854
372	0.0100095	0.0277572	0.125347	0	0.0100011	0.0403916	0.941663
373	0.0100095	0.0285586	0.129067	0.00449775	0.0100011	0.0423943	0.703427
374	0.0100945	0.0281513	0.129067	0	0.0100011	0.0424335	0.486349
375	0.0100945	0.0280086	0.129067	0	0.0100011	0.0428673	0.623289
376	0.0100226	0.0280483	0.129067	0	0.0100011	0.0413244	0.360094
377	0.0100226	0.0281225	0.129067	0	0.0100202	0.0392559	0.33701
378	0.0100226	0.028431	0.129067	0	0.0100011	0.0411807	0.370376
379	0.0100226	0.0284758	0.129067	0	0.0100011	0.0415751	0.373692
380	0.0101315	0.028023	0.128448	0	0.0100011	0.042013	0.373692
381	0.0101315	0.0278955	0.128448	0	0.0100011	0.0428472	0.387388
382	0.0100226	0.0278205	0.124181	0	0.0100011	0.0435208	0.387388
383	0.0100226	0.027848	0.121924	0	0.0100011	0.0443878	0.401458
384	0.0101315	0.0281147	0.128448	0	0.0100011	0.0454437	0.428753
385	0.0101473	0.0282642	0.128448	0	0.0100202	0.0489313	0.481796
386	0.0101315	0.0284638	0.128448	0	0.0100202	0.0513111	0.558035
387	0.0101473	0.0282673	0.128448	0	0.0100202	0.0567427	0.74582
388	0.0100945	0.0283833	0.124259	0	0.0101483	0.065426	1.50066
389	0.0100945	0.028758	0.126695	0	0.0100202	0.0704067	1.50066
390	0.0100945	0.0288242	0.121924	0.00149925	0.0101483	0.0729424	1.50988
391	0.0100945	0.0288043	0.117398	0.0029985	0.0100202	0.0753287	3.42301
392	0.0100945	0.0292029	0.117398	0.005997	0.0100202	0.0839925	12.2513
393	0.0100945	0.0295912	0.121924	0.00749625	0.0101483	0.0918116	24.9508
394	0.0101315	0.0299177	0.124259	0.0089955	0.0100202	0.105053	24.9508
395	0.0100945	0.0292719	0.121924	0.005997	0.0101483	0.112455	24.9508
396	0.0101315	0.0287881	0.121283	0.00149925	0.0100202	0.128338	17.5933
397	0.0100945	0.0285532	0.116387	0.00149925	0.0100202	0.164013	15.9245
398	0.0101315	0.0288669	0.121283	0.00149925	0.0100202	0.195105	3.19236
399	0.0100945	0.0289765	0.117398	0.00149925	0.0100202	0.303132	9.52925
400	0.0100945	0.0290697	0.116862	0	0.0141828	0.460702	28.236
401	0.0101315	0.0290902	0.121283	0	0.0141828	0.514523	19.6737
402	0.0100945	0.0293935	0.121924	0	0.0153506	0.539434	16.992
403	0.0100945	0.029486	0.121283	0	0.0141828	0.569718	14.7379
404	0.0101315	0.0299026	0.121621	0	0.0114006	0.578462	9.56962
405	0.0100945	0.0303535	0.124259	0	0.0126863	0.565982	5.37058
406	0.0100827	0.0306092	0.126695	0	0.0126863	0.548187	4.57281
407	0.0100827	0.0304051	0.124259	0	0.0132942	0.485737	3.19236
408	0.0100827	0.0305637	0.126695	0	0.0153506	0.452493	3.19236
409	0.0100827	0.0308271	0.133628	0	0.0121155	0.536012	5.71787
410	0.0100827	0.0305147	0.128244	0	0.0121155	0.573326	15.9245
411	0.0100827	0.0296324	0.121031	0	0.0121155	0.641833	30.1719
412	0.0100827	0.0300398	0.125938	0	0.0121155	0.680784	33.623
413	0.0100827	0.0300848	0.128244	0	0.0121155	0.726313	33.623
414	0.0100827	0.0295911	0.121533	0	0.0121155	0.704028	34.7675
415	0.0100827	0.0299807	0.121533	0.00149925	0.0121155	0.653384	33.973
416	0.0100827	0.0298988	0.124259	0.0029985	0.0121155	0.646212	37.0771
417	0.0100827	0.0297338	0.125938	0.00149925	0.0104542	0.655316	34.7826
418	0.0100827	0.0297455	0.125938	0.00149925	0.0108072	0.624551	35.7298
419	0.0100827	0.0294006	0.124259	0	0.0108072	0.633661	33.623
420	0.0100827	0.029678	0.126695	0.00149925	0.0116314	0.640828	35.7298
421	0.0100827	0.0296187	0.125938	0.00149925	0.0116314	0.63238	34.7826
422	0.0100827	0.0292008	0.124259	0.00149925	0.0116314	0.637158	35.7298
423	0.0100827	0.0290795	0.125938	0	0.0108072	0.666022	30.1645
424	0.0100912	0.0291221	0.121283	0	0.0125432	0.690773	35.7298
425	0.0100827	0.0295238	0.125938	0	0.0125432	0.777838	33.623
426	0.0100827	0.0302581	0.135241	0	0.0125432	0.789908	33.623
427	0.0100827	0.0309912	0.136455	0	0.0125432	0.796718	33.973
428	0.0100827	0.0308274	0.136455	0	0.0154992	0.901371	41.8883
429	0.0100912	0.0308543	0.142873	0	0.0155969	1.01308	44.5944
430	0.0100827	0.0300004	0.128244	0	0.0429152	1.12731	98.3057
431	0.0100827	0.0308172	0.136455	0	0.0379667	1.09113	98.3057
432	0.0100827	0.0314818	0.142873	0	0.0399457	1.02253	98.3057
433	0.0100827	0.0315275	0.139795	0	0.0361143	1.04441	98.3057
434	0.0100912	0.0318316	0.142873	0	0.0193049	1.00238	58.7292
435	0.0100827	0.0325544	0.144795	0	0.0196492	0.913265	45.6422
436	0.0100912	0.0327072	0.147026	0	0.0193049	0.913755	45.6422
437	0.0100827	0.0332668	0.149447	0	0.0192762	0.826142	58.0167
438	0.0100827	0.0338312	0.161188	0	0.0101147	0.751861	28.6719
439	0.0100945	0.0340642	0.185022	0.00149925	0.0136777	0.742874	35.7298
440	0.0100827	0.0343093	0.185459	0.0029985	0.0136777	0.757442	35.7298
441	0.0100912	0.0345412	0.190444	0.00149925	0.0101147	0.713966	25.0731
442	0.0100912	0.0345727	0.185459	0.00449775	0.0100292	0.686878	22.0571
443	0.0100912	0.0353671	0.197305	0.00449775	0.0100292	0.663093	20.2069
444	0.0100912	0.0352289	0.194702	0.00449775	0.0101147	0.661801	19.5825
445	0.0100912	0.0355873	0.203552	0.0029985	0.0101147	0.636102	13.4618
446	0.0100912	0.0364111	0.215481	0.0029985	0.0101147	0.588802	9.94608
447	0.0100912	0.0349813	0.203552	0	0.0105154	0.686492	11.3738
448	0.0100912	0.0348571	0.203552	0	0.0174758	0.670724	11.3738
449	0.0100945	0.0350265	0.205961	0	0.0185064	0.682202	13.6015
450	0.0100787	0.0358269	0.215481	0	0.0185064	0.670833	11.3738
451	0.0100787	0.0359732	0.218965	0	0.0140845	0.706011	11.3738
452	0.0100787	0.036766	0.244574	0.00149925	0.0185064	0.751863	13.6464
453	0.0100787	0.0364758	0.245534	0.00149925	0.019577	0.819738	17.6546
454	0.0100787	0.0370391	0.245534	0.00149925	0.014386	0.960672	19.7479
455	0.0100787	0.0378151	0.269365	0.005997	0.0202389	1.03134	23.5049
456	0.0100787	0.0387539	0.324646	0.0104948	0.0212926	0.976231	23.5049
457	0.0100787	0.0399783	0.377269	0.011994
