		omega		Posterior		rho				Synonymous theta			kappa			phi	
Site	Lower	Point	Higher	prob of +ve	Lower	Point	Higher		Lower	Point	Higher	Lower	Point	Higher	Lower	Point	Higher
	95% HPD	estimate	95% HPD	selection	95% HPD	estimate	95% HPD		95% HPD	estimate	95% HPD	95% HPD	estimate	95% HPD	95% HPD	estimate	95% HPD
0	0.0100981	0.0569127	0.692076	0.0284858	0.0103287	0.922549	66.6953		0.0162895	0.024498	0.0393507	1.91649	4.43202	12.2586	0	0	0
1	0.0101762	0.0561496	0.62597	0.0224888	0.0102345	0.910996	66.6953
2	0.0100981	0.0533451	0.524081	0.011994	0.0103287	0.933658	66.6953
3	0.0100981	0.0520188	0.392549	0.00449775	0.0102345	1.10816	66.6953
4	0.0102218	0.0511473	0.377585	0.00449775	0.0102345	1.04803	66.9777
5	0.0100981	0.0505022	0.361529	0.00149925	0.0102345	1.07491	66.9777
6	0.0100981	0.0510056	0.376645	0	0.0102345	1.03452	68.8604
7	0.0100981	0.050516	0.376645	0	0.0134182	1.13192	91.3649
8	0.0100981	0.0502559	0.382956	0	0.0101399	1.23431	68.8604
9	0.0100981	0.0503757	0.376645	0	0.0100887	1.26641	67.4216
10	0.0100981	0.0504961	0.382956	0	0.0100887	1.38157	68.8604
11	0.0100981	0.050325	0.350431	0	0.0142296	1.42345	95.4592
12	0.0102218	0.0498467	0.344594	0.00149925	0.0142296	1.35333	95.4592
13	0.0102622	0.0483065	0.315681	0.00149925	0.0138584	1.32511	95.4592
14	0.0102218	0.048259	0.314873	0.00149925	0.0143025	1.24846	94.5885
15	0.0100981	0.0474123	0.299708	0.0029985	0.0142296	1.13139	95.4592
16	0.0100981	0.0465726	0.299708	0.0029985	0.0143025	1.1415	94.5885
17	0.0102218	0.046055	0.299708	0.0029985	0.0142296	1.13327	94.5885
18	0.0100981	0.0455134	0.266742	0.00449775	0.0145999	1.11428	99.4217
19	0.0100981	0.046155	0.299708	0.0104948	0.0150036	1.0916	99.4217
20	0.0102622	0.0466833	0.343581	0.011994	0.0138184	1.13198	94.5885
21	0.0102622	0.0462066	0.343581	0.011994	0.0138184	1.17914	94.5885
22	0.0100981	0.0450033	0.317058	0.011994	0.0136511	1.18121	94.5885
23	0.0100981	0.0445608	0.31023	0.0134933	0.0136511	1.21404	94.5885
24	0.0100981	0.0449872	0.317058	0.0149925	0.0134182	1.02619	93.6808
25	0.0102218	0.0454719	0.340701	0.0134933	0.0134885	1.03582	93.6808
26	0.0102218	0.0453013	0.317058	0.0134933	0.0134182	0.974677	93.6808
27	0.0102218	0.045775	0.343581	0.011994	0.0128435	0.911494	91.4747
28	0.0102129	0.0454348	0.296807	0.00749625	0.0116255	0.865414	82.3221
29	0.0102129	0.0455055	0.268485	0.00449775	0.0116255	0.792518	82.3221
30	0.0102129	0.046444	0.271768	0.00449775	0.0116255	0.693806	82.3221
31	0.0102129	0.0464147	0.266742	0.00449775	0.0124031	0.646818	84.7897
32	0.0102129	0.046397	0.296807	0.005997	0.010004	0.587457	69.1889
33	0.0102622	0.0483519	0.343581	0.00449775	0.0104998	0.525441	69.1889
34	0.0102129	0.0499242	0.379123	0.0089955	0.010004	0.504409	66.9777
35	0.0102622	0.0517422	0.44246	0.0209895	0.0102434	0.479144	69.1889
36	0.0101598	0.0513129	0.437681	0.0194903	0.0104054	0.464962	68.8604
37	0.0100835	0.0508751	0.379123	0.0164918	0.0102434	0.464133	66.627
38	0.0101598	0.0514194	0.444484	0.0194903	0.010004	0.440849	64.0725
39	0.0100835	0.0494573	0.376645	0.011994	0.0101399	0.446285	66.9777
40	0.0100835	0.0494474	0.361786	0.0104948	0.0101399	0.433819	66.9777
41	0.0101598	0.0502836	0.379799	0.011994	0.010004	0.431472	64.9303
42	0.0101598	0.0505112	0.379799	0.0104948	0.0100556	0.479244	62.8958
43	0.0100835	0.050353	0.376645	0.0089955	0.0100556	0.494396	62.8958
44	0.0101598	0.0522123	0.445483	0.0134933	0.010004	0.511581	60.4816
45	0.0100639	0.0543903	0.445483	0.0164918	0.010004	0.406642	56.0198
46	0.0100639	0.0553393	0.463854	0.0164918	0.010004	0.395044	56.0198
47	0.0100639	0.0566337	0.505532	0.017991	0.010004	0.379695	57.0304
48	0.0100639	0.0581961	0.52006	0.0149925	0.010004	0.382453	57.0304
49	0.0100639	0.0599768	0.527703	0.0149925	0.010004	0.379968	56.0198
50	0.0100639	0.0610429	0.515714	0.0134933	0.010004	0.365863	56.0198
51	0.0100639	0.0624132	0.515714	0.0134933	0.0100556	0.36965	56.0198
52	0.0100835	0.0641149	0.515714	0.0104948	0.0100556	0.371002	56.0198
53	0.0100639	0.0657816	0.53679	0.0134933	0.0101399	0.372304	56.0198
54	0.0100639	0.0671147	0.565939	0.0149925	0.010004	0.363379	52.8754
55	0.0100835	0.0709214	0.614182	0.0164918	0.010004	0.357039	49.2744
56	0.010765	0.07435	0.703609	0.017991	0.010004	0.329397	46.6337
57	0.010508	0.0785339	0.703609	0.0209895	0.010004	0.30145	37.2828
58	0.010765	0.0814982	0.736494	0.0224888	0.0102434	0.296353	36.6359
59	0.0106065	0.0843641	0.736494	0.0254873	0.0103696	0.317024	37.2828
60	0.010765	0.0898123	0.820988	0.0314843	0.0100965	0.348289	36.6359
61	0.0101598	0.0930336	0.803558	0.035982	0.010004	0.366155	40.964
62	0.010765	0.10118	0.905469	0.0404798	0.010004	0.36761	40.7081
63	0.0100248	0.109576	1.0032	0.0509745	0.010004	0.367014	39.617
64	0.0100248	0.126345	1.16425	0.0704648	0.010004	0.357808	37.2828
65	0.0107857	0.151309	1.64106	0.0929535	0.0100556	0.362012	39.6701
66	0.0100248	0.177351	1.69362	0.118441	0.010004	0.348048	43.0858
67	0.010765	0.208667	2.04047	0.13943	0.010004	0.371096	43.0858
68	0.0158758	0.296861	3.12839	0.188906	0.0105099	0.416682	50.5029
69	0.0354367	0.453118	5.83508	0.266867	0.0103696	0.412834	50.2784
70	0.027213	0.418277	5.14506	0.250375	0.010004	0.461411	60.6494
71	0.023705	0.391636	3.8363	0.227886	0.0105099	0.507047	64.7611
72	0.0229841	0.379895	3.41883	0.223388	0.0105099	0.507482	65.4398
73	0.0251923	0.367706	3.41883	0.215892	0.010004	0.459534	62.5956
74	0.0174965	0.374543	3.19415	0.224888	0.0105099	0.44598	65.1663
75	0.0152748	0.282967	3.10096	0.184408	0.0103696	0.375791	57.7146
76	0.0108224	0.231523	1.88713	0.151424	0.0103696	0.352905	57.7146
77	0.0109039	0.200825	1.7659	0.127436	0.0103894	0.344248	57.7146
78	0.0102443	0.156995	1.65036	0.103448	0.0103696	0.355156	56.6451
79	0.0102443	0.131953	1.43985	0.0854573	0.0101399	0.362658	53.4214
80	0.0102443	0.113175	1.18378	0.0689655	0.0103696	0.39661	52.6018
81	0.0101904	0.0984881	0.956981	0.047976	0.0102995	0.410919	53.4214
82	0.0104417	0.0884014	0.870835	0.0329835	0.0105099	0.404695	50.5655
83	0.010797	0.0844474	0.891951	0.0314843	0.0101399	0.39257	46.3694
84	0.0102443	0.0780909	0.778605	0.0224888	0.0102995	0.413367	48.3093
85	0.0104417	0.0750003	0.685658	0.017991	0.0101399	0.412147	45.7047
86	0.0101904	0.0724501	0.626922	0.0164918	0.0101614	0.395336	46.3694
87	0.0101842	0.0683462	0.623629	0.0164918	0.0101399	0.378919	45.0783
88	0.0104417	0.0651954	0.626922	0.0149925	0.0101399	0.335464	43.0292
89	0.0101842	0.0615468	0.601121	0.017991	0.0101399	0.286416	41.0436
90	0.0101842	0.058602	0.580392	0.017991	0.0101614	0.239145	38.4004
91	0.0101842	0.0544814	0.485168	0.0104948	0.0101614	0.22638	34.7573
92	0.0101842	0.0540079	0.472521	0.0089955	0.0101614	0.226771	36.6359
93	0.0101842	0.0548774	0.436477	0.0089955	0.0101614	0.238065	33.8933
94	0.0101842	0.0542766	0.413335	0.0089955	0.0101614	0.248933	34.7573
95	0.0101842	0.053481	0.40202	0.00749625	0.0101614	0.252708	36.6359
96	0.0101842	0.0525869	0.413335	0.0089955	0.0101614	0.26427	36.6359
97	0.0101842	0.0517592	0.422025	0.0089955	0.0113726	0.256453	39.9165
98	0.0101842	0.0507798	0.40202	0.0089955	0.0113726	0.228596	39.1361
99	0.0101904	0.0504496	0.383716	0.00749625	0.0110074	0.232264	39.1361
100	0.0101904	0.0506432	0.413335	0.0089955	0.0101614	0.217986	31.8488
101	0.0101904	0.0521619	0.445153	0.0194903	0.0102995	0.209784	29.5863
102	0.0104417	0.0518316	0.445153	0.0164918	0.0101614	0.206359	23.7914
103	0.0102897	0.0515124	0.440916	0.0149925	0.0101614	0.198952	23.7914
104	0.0101904	0.0506875	0.422025	0.0134933	0.0102995	0.211957	29.5863
105	0.0101904	0.0503013	0.40202	0.0134933	0.0102995	0.232647	29.5863
106	0.0101639	0.0501406	0.386082	0.0104948	0.0102995	0.240166	29.5863
107	0.0101639	0.0495136	0.383716	0.0104948	0.0101614	0.246868	29.4322
108	0.0101639	0.0500687	0.383716	0.011994	0.0101614	0.257895	31.7342
109	0.0101639	0.050723	0.389313	0.011994	0.0101614	0.265884	34.4251
110	0.0102897	0.0488763	0.386082	0.011994	0.0101598	0.262074	37.8637
111	0.0102897	0.0481725	0.383735	0.0089955	0.0101598	0.262549	35.4365
112	0.0101639	0.0476328	0.343059	0.005997	0.0101598	0.258308	34.4853
113	0.0101639	0.0476407	0.339545	0.00449775	0.0101598	0.251985	32.7184
114	0.0102897	0.0467136	0.337384	0.00449775	0.0101598	0.250691	31.7342
115	0.0101639	0.0458799	0.318616	0.00449775	0.0101598	0.246015	32.7184
116	0.0101639	0.045383	0.316346	0.00449775	0.0101598	0.252378	33.9975
117	0.0101639	0.0452594	0.316346	0.00449775	0.0100692	0.262668	34.4853
118	0.0101639	0.044325	0.311289	0.00449775	0.0100692	0.274243	37.8637
119	0.0101553	0.0437052	0.282417	0.005997	0.0100692	0.287182	37.8637
120	0.0101553	0.0436499	0.301969	0.00449775	0.0102995	0.301324	37.8637
121	0.0101553	0.0428811	0.276985	0.00449775	0.0117925	0.303104	48.5405
122	0.0101553	0.044226	0.301969	0.005997	0.0114632	0.31834	49.2073
123	0.0101501	0.0435038	0.282417	0.005997	0.0108849	0.316128	49.8377
124	0.0101501	0.0429949	0.278474	0.005997	0.0110969	0.323788	56.8472
125	0.0101501	0.0425372	0.266742	0.00449775	0.0107392	0.319345	51.8157
126	0.0101501	0.0433356	0.282417	0.005997	0.0120483	0.299706	49.2073
127	0.0101501	0.0426705	0.276985	0.0029985	0.0110969	0.285408	37.8637
128	0.0101501	0.0419868	0.289668	0.0029985	0.0114632	0.285909	37.8637
129	0.0101501	0.0420249	0.278474	0.00449775	0.0102928	0.289672	37.1863
130	0.0101501	0.0424476	0.289668	0.0029985	0.0114632	0.294056	37.1863
131	0.0101501	0.0412045	0.269282	0.00149925	0.0114632	0.322491	36.0033
132	0.0101501	0.0410542	0.278474	0.00449775	0.0114632	0.310563	35.4365
133	0.0101501	0.0410135	0.291168	0.00749625	0.0116627	0.269715	36.0033
134	0.0101501	0.0407408	0.291168	0.0089955	0.011898	0.259231	36.0033
135	0.0101501	0.0399919	0.288215	0.00749625	0.0108849	0.252303	28.0068
136	0.0101501	0.0397624	0.278474	0.00749625	0.0102928	0.256603	24.6508
137	0.0101501	0.0403255	0.291168	0.00749625	0.011318	0.272405	31.8488
138	0.0101501	0.0394086	0.288215	0.005997	0.011318	0.262818	33.9975
139	0.0101501	0.0379629	0.278474	0.0029985	0.0112473	0.259672	36.0033
140	0.0101501	0.0386596	0.291168	0.00749625	0.0112473	0.237004	34.8804
141	0.0101501	0.0385452	0.291168	0.0029985	0.0101702	0.211879	27.2498
142	0.0101501	0.0380153	0.288215	0.00149925	0.0101702	0.199786	24.0366
143	0.0101501	0.0379062	0.288215	0.0029985	0.0101702	0.180249	22.8264
144	0.0101501	0.0376234	0.278474	0.0029985	0.0101702	0.164839	21.9161
145	0.0101501	0.0377306	0.288215	0.00449775	0.010107	0.140553	15.9723
146	0.0101501	0.0377748	0.288215	0.005997	0.010107	0.118691	11.2749
147	0.0101501	0.0387543	0.291168	0.005997	0.010107	0.101416	8.63539
148	0.0101501	0.0380197	0.288215	0.005997	0.010107	0.0894756	4.86121
149	0.0101501	0.0379856	0.269823	0.00449775	0.010107	0.0744423	0.631212
150	0.0101501	0.0372705	0.239585	0.00449775	0.010107	0.0664065	0.463529
151	0.0101501	0.0371272	0.226044	0.00149925	0.010107	0.0625384	0.42247
152	0.0101501	0.0385924	0.288215	0.0089955	0.010107	0.0574656	0.350728
153	0.0101501	0.0381519	0.254274	0.0089955	0.010107	0.0553184	0.317323
154	0.0101501	0.038039	0.25124	0.0089955	0.010107	0.0545031	0.261186
155	0.0101501	0.0381639	0.278474	0.0089955	0.010107	0.056047	0.338362
156	0.0101501	0.0379223	0.278474	0.00749625	0.010107	0.0547866	0.306169
157	0.0101501	0.0385396	0.309738	0.00749625	0.010107	0.0554848	0.318106
158	0.0101501	0.0387862	0.31275	0.00749625	0.010107	0.0566922	0.338362
159	0.0101501	0.0385114	0.31275	0.005997	0.010107	0.0578179	0.42247
160	0.0101501	0.0380911	0.309738	0.00449775	0.010107	0.0574369	0.401069
161	0.0101501	0.0388447	0.321928	0.0089955	0.010107	0.059278	0.42247
162	0.0101553	0.0392663	0.31275	0.0089955	0.010107	0.0598388	0.463529
163	0.0101501	0.0380529	0.255514	0.00149925	0.010107	0.0605243	0.463529
164	0.0100735	0.0383242	0.254274	0.0029985	0.0100284	0.0579944	0.409206
165	0.0101501	0.0383628	0.239451	0.00149925	0.010107	0.0582851	0.42247
166	0.0101501	0.0379245	0.232219	0.00149925	0.010107	0.0594238	0.468306
167	0.0101501	0.0383857	0.239451	0.00149925	0.010107	0.0975396	21.4396
168	0.0100735	0.0389573	0.239585	0.00449775	0.0102056	0.14185	35.4444
169	0.0101501	0.0387384	0.255566	0.0029985	0.0105573	0.16751	35.4444
170	0.0101553	0.0377582	0.255566	0.00149925	0.0102056	0.200822	35.4444
171	0.0100735	0.0374332	0.246889	0.00149925	0.0100703	0.207803	27.3144
172	0.0101553	0.0377793	0.255566	0.0029985	0.0100703	0.215293	25.551
173	0.0100735	0.0375749	0.239254	0.00449775	0.0100583	0.226857	23.6423
174	0.0100735	0.0373331	0.213546	0.00449775	0.0100703	0.260052	25.551
175	0.0100735	0.0374212	0.221645	0.005997	0.0100583	0.265458	26.5003
176	0.0100735	0.0374247	0.216687	0.00749625	0.0100583	0.245072	26.5003
177	0.0101639	0.0378764	0.255566	0.00749625	0.0100583	0.248297	27.0397
178	0.0101501	0.0381722	0.255566	0.0089955	0.0100583	0.26116	31.6348
179	0.0100735	0.0383691	0.23735	0.0104948	0.0100583	0.268444	42.9677
180	0.0100735	0.0380751	0.22854	0.005997	0.0100703	0.291416	52.11
181	0.0100735	0.0395693	0.23735	0.005997	0.0131146	0.341146	82.2376
182	0.0100735	0.0394362	0.22854	0.005997	0.0137846	0.35975	90.2463
183	0.0100043	0.039645	0.246889	0.0104948	0.0121475	0.361752	78.4335
184	0.0100043	0.0396467	0.230093	0.00749625	0.0137846	0.38457	82.2376
185	0.0100735	0.0400968	0.230093	0.0089955	0.0131146	0.416806	82.2376
186	0.0100043	0.0395077	0.223973	0.0089955	0.0137846	0.445926	90.5241
187	0.0100735	0.0391338	0.219454	0.005997	0.0121686	0.425606	78.4335
188	0.0101501	0.0396946	0.22854	0.005997	0.0121686	0.406628	78.4335
189	0.0101501	0.0396124	0.230093	0.005997	0.0137846	0.430846	90.5241
190	0.0100735	0.0393004	0.223973	0.0029985	0.0121475	0.462726	78.4335
191	0.010167	0.0387243	0.219454	0.00149925	0.0127073	0.514207	78.4335
192	0.0100931	0.0389808	0.219454	0.00149925	0.0117814	0.532472	70.9346
193	0.0100735	0.0390767	0.219454	0.00149925	0.0117814	0.565888	70.9346
194	0.0100735	0.0390697	0.213546	0.0029985	0.0116211	0.546801	70.9346
195	0.0100735	0.0390515	0.213546	0.0029985	0.0116211	0.50831	68.4584
196	0.0100931	0.0388668	0.219454	0.00449775	0.0116211	0.515561	68.4584
197	0.0100735	0.0391782	0.219454	0.0029985	0.0116211	0.53603	70.6351
198	0.0100931	0.0386989	0.219454	0.0029985	0.0110332	0.505873	65.4634
199	0.0101501	0.0393319	0.22854	0.0029985	0.0110332	0.476173	65.4634
200	0.0101501	0.0390612	0.22854	0.0029985	0.0116211	0.514947	69.735
201	0.0101501	0.0393874	0.229396	0.0029985	0.0116211	0.556482	72.4037
202	0.010167	0.0391493	0.228854	0.00149925	0.0116211	0.556452	73.3831
203	0.0101501	0.0397015	0.228854	0.00149925	0.0110332	0.580786	70.6351
204	0.0101501	0.0400919	0.230093	0.00449775	0.0116211	0.584695	75.5524
205	0.0101501	0.0400418	0.230093	0.0029985	0.0116211	0.620405	77.8054
206	0.0100931	0.0387216	0.219454	0.00149925	0.0107241	0.638402	70.6351
207	0.010167	0.0388622	0.228854	0.00149925	0.0108198	0.723422	70.6351
208	0.0100931	0.0397632	0.236931	0.00149925	0.0108198	0.787657	71.1049
209	0.0101501	0.0401888	0.263399	0.0029985	0.0107241	0.795679	71.1049
210	0.0100931	0.0406996	0.263399	0.00449775	0.0106394	0.901086	70.6351
211	0.0100314	0.0404221	0.253926	0.0029985	0.0106394	0.879889	73.3831
212	0.0100314	0.0411394	0.285338	0.0029985	0.0106394	0.913754	73.3831
213	0.0101501	0.0407871	0.288222	0.00149925	0.0106394	0.827667	73.3831
214	0.0100314	0.0396283	0.275182	0.0029985	0.0106394	0.74314	73.3831
215	0.0100314	0.0395222	0.285338	0.00449775	0.0106394	0.663146	73.3831
216	0.0100314	0.0395498	0.287853	0.00449775	0.0106394	0.649404	75.5524
217	0.0100314	0.0396208	0.285338	0.00449775	0.0106394	0.616015	76.5121
218	0.0100314	0.0391491	0.285338	0.00449775	0.0104226	0.564992	73.3831
219	0.0100314	0.0395496	0.275182	0.0029985	0.0104226	0.536379	73.3831
220	0.0100314	0.0399843	0.287853	0.00449775	0.0104226	0.499635	71.1049
221	0.0100203	0.0392944	0.275182	0.00149925	0.0106394	0.471104	71.1049
222	0.0100203	0.038705	0.273706	0	0.0113873	0.507047	77.8108
223	0.0100314	0.0374497	0.22854	0	0.0149284	0.557896	98.0629
224	0.0100658	0.0378993	0.228719	0	0.0120437	0.6009	76.5121
225	0.0100658	0.0376927	0.228719	0	0.0175181	0.642265	99.9838
226	0.0100658	0.03763	0.228719	0	0.0202711	0.657617	98.0629
227	0.0100314	0.038211	0.229396	0.0029985	0.0223138	0.676985	99.9838
228	0.0100314	0.03794	0.229396	0.0029985	0.0227583	0.722817	99.9838
229	0.0100314	0.0385759	0.24376	0.0029985	0.0295764	0.825438	99.9838
230	0.0100314	0.0393332	0.275182	0.0029985	0.0330433	0.911006	98.0629
231	0.0100505	0.0391831	0.29211	0.0029985	0.0305566	0.852752	98.7461
232	0.0100314	0.0396536	0.298934	0.0029985	0.0295764	0.66771	99.9838
233	0.0100314	0.0400471	0.307203	0.005997	0.0278442	0.596502	99.9838
234	0.0100314	0.040899	0.329684	0.00749625	0.0270242	0.587111	98.7461
235	0.0100314	0.0402043	0.310465	0.00749625	0.0250872	0.527603	98.7461
236	0.0100314	0.0407058	0.331097	0.00749625	0.0216007	0.491919	94.3922
237	0.0100314	0.0403492	0.309249	0.00749625	0.0202021	0.448036	90.9238
238	0.0100314	0.0396188	0.298934	0.00749625	0.0202021	0.402055	90.9238
239	0.0100658	0.0392549	0.298934	0.00749625	0.0160543	0.378406	71.4088
240	0.0100314	0.0399186	0.283282	0.00749625	0.0164019	0.34792	71.4088
241	0.0100314	0.03978	0.284978	0.005997	0.0164019	0.316445	67.8696
242	0.0100314	0.0399048	0.285808	0.005997	0.0160543	0.284744	60.022
243	0.0100314	0.0395088	0.275182	0.0029985	0.010339	0.21624	31.5809
244	0.0100505	0.0392976	0.260926	0.00149925	0.013297	0.185848	26.1566
245	0.0100505	0.0383516	0.213546	0.00149925	0.010339	0.153475	13.807
246	0.0100505	0.0379928	0.217473	0.00149925	0.010339	0.127796	1.57349
247	0.0100658	0.0383735	0.228719	0.0029985	0.010339	0.114441	0.587815
248	0.010018	0.0379645	0.228719	0.0029985	0.013297	0.102006	0.457281
249	0.010018	0.038763	0.251591	0.005997	0.0158425	0.101041	0.457281
250	0.010018	0.0392377	0.251591	0.00749625	0.0158425	0.1007	0.457281
251	0.010018	0.0392022	0.228719	0.005997	0.0158425	0.101001	0.435138
252	0.010018	0.0390813	0.255165	0.00749625	0.0161557	0.100518	0.450556
253	0.010018	0.0385015	0.228719	0.005997	0.0131174	0.101773	0.445439
254	0.010018	0.0389977	0.231026	0.005997	0.0158425	0.104558	0.551451
255	0.010018	0.0391316	0.251591	0.00449775	0.0131174	0.107953	0.523899
256	0.010018	0.0405167	0.274781	0.0104948	0.0126701	0.108592	0.523899
257	0.010018	0.039465	0.260926	0.00449775	0.0126701	0.106895	0.523899
258	0.010018	0.039356	0.251591	0.00749625	0.0131174	0.106798	0.523899
259	0.010018	0.0394738	0.255165	0.00749625	0.0131174	0.105753	0.536611
260	0.010018	0.0393759	0.255165	0.0089955	0.0131174	0.10654	0.536611
261	0.010018	0.0381976	0.234746	0.005997	0.0131174	0.10198	0.450556
262	0.010018	0.0381004	0.231026	0.00449775	0.0131174	0.0977612	0.442654
263	0.010018	0.0386334	0.243901	0.005997	0.0131174	0.0969456	0.457281
264	0.010018	0.0393734	0.262251	0.00749625	0.0131174	0.094977	0.454533
265	0.010018	0.0395457	0.286092	0.00749625	0.0119928	0.100693	0.457281
266	0.010018	0.0386664	0.243901	0.0029985	0.0119928	0.101996	0.47022
267	0.010018	0.0388087	0.262251	0.0029985	0.0108549	0.102307	0.431334
268	0.010018	0.0392197	0.280723	0.0029985	0.0108549	0.106074	0.454533
269	0.010018	0.0398016	0.294505	0.0029985	0.0108549	0.106918	0.457281
270	0.0102311	0.0394252	0.294505	0.00449775	0.01021	0.111823	0.462908
271	0.010018	0.0401092	0.292665	0.005997	0.0108549	0.114951	0.554332
272	0.010018	0.0403774	0.292665	0.00749625	0.01021	0.114938	0.538632
273	0.010018	0.0407425	0.292665	0.0104948	0.01156	0.112982	0.602707
274	0.010018	0.0411332	0.292665	0.00749625	0.01021	0.107816	0.594266
275	0.0102311	0.0411596	0.294505	0.00749625	0.01021	0.108188	0.680495
276	0.0102311	0.0421899	0.310465	0.0089955	0.01021	0.106106	0.680495
277	0.0102311	0.0421524	0.310465	0.00749625	0.0102857	0.115855	0.791321
278	0.0101263	0.0424682	0.320852	0.0089955	0.0102857	0.121298	1.05044
279	0.0102368	0.04209	0.345037	0.005997	0.010588	0.12283	1.22329
280	0.010018	0.0421115	0.320852	0.005997	0.0102857	0.132798	1.90263
281	0.010018	0.042027	0.320852	0.005997	0.0102857	0.136541	2.58536
282	0.010018	0.041924	0.318309	0.005997	0.0102857	0.13411	2.34846
283	0.0101263	0.0413701	0.318309	0.005997	0.0102857	0.132861	2.34846
284	0.0100319	0.0411296	0.334441	0.005997	0.0102857	0.131605	1.22329
285	0.0101426	0.0416213	0.345037	0.0089955	0.0108006	0.126946	1.21137
286	0.0100319	0.0413355	0.334441	0.00749625	0.0102857	0.125987	1.03975
287	0.0100319	0.0411398	0.334441	0.00749625	0.0114548	0.108312	0.816233
288	0.0100319	0.0416329	0.340341	0.00749625	0.0102857	0.104145	0.652966
289	0.0100115	0.0412747	0.340341	0.00749625	0.010588	0.102893	0.594266
290	0.0100115	0.0408675	0.334441	0.005997	0.0108006	0.100134	0.558886
291	0.0100115	0.0415397	0.334441	0.00749625	0.0108006	0.0993543	0.558886
292	0.0100115	0.0420014	0.314788	0.00449775	0.010858	0.0977024	0.57061
293	0.0100115	0.0427305	0.326439	0.00749625	0.0112793	0.0959024	0.57061
294	0.0100115	0.042739	0.326439	0.005997	0.0112793	0.0946993	0.57061
295	0.0100115	0.0428566	0.326439	0.005997	0.0108006	0.0984738	0.659748
296	0.0102744	0.0443195	0.345037	0.00749625	0.0108006	0.13354	3.14988
297	0.0100115	0.0434402	0.314552	0.00749625	0.010588	0.16582	7.82407
298	0.0100115	0.043162	0.306122	0.00749625	0.010588	0.188147	10.6065
299	0.0100115	0.0444703	0.380873	0.0104948	0.010648	0.206551	13.2981
300	0.0102977	0.0449385	0.395565	0.0104948	0.0108006	0.223088	15.7405
301	0.0101608	0.0458775	0.395565	0.011994	0.0116151	0.244513	20.5466
302	0.0101263	0.0465393	0.395565	0.0104948	0.0119113	0.266822	26.9571
303	0.0100312	0.0477611	0.395565	0.0104948	0.0105218	0.316196	32.8552
304	0.0100115	0.0483735	0.395565	0.0089955	0.0120221	0.392813	41.3204
305	0.0100115	0.0494587	0.475172	0.0149925	0.0120221	0.449909	42.2991
306	0.0100115	0.049259	0.433105	0.0089955	0.0109582	0.597484	43.1404
307	0.0100115	0.050579	0.469269	0.0104948	0.0109582	0.64999	43.1404
308	0.0100115	0.0502785	0.433105	0.0104948	0.0120221	0.686199	43.1404
309	0.0100115	0.0509891	0.469269	0.0104948	0.0120221	0.77191	42.521
310	0.0100115	0.0509135	0.433105	0.0104948	0.0120221	0.84775	39.8522
311	0.0100115	0.0514969	0.443836	0.0104948	0.0109582	0.916043	42.6822
312	0.0100115	0.0521299	0.48085	0.0164918	0.0105218	0.799708	43.1404
313	0.0100115	0.0530476	0.506896	0.0209895	0.0102851	0.689055	39.8522
314	0.0100312	0.0556757	0.563677	0.029985	0.0102851	0.55898	35.5043
315	0.0100115	0.0596507	0.867984	0.0449775
