		omega		Posterior		rho				Synonymous theta			kappa			phi	
Site	Lower	Point	Higher	prob of +ve	Lower	Point	Higher		Lower	Point	Higher	Lower	Point	Higher	Lower	Point	Higher
	95% HPD	estimate	95% HPD	selection	95% HPD	estimate	95% HPD		95% HPD	estimate	95% HPD	95% HPD	estimate	95% HPD	95% HPD	estimate	95% HPD
0	0.0100978	0.0384908	0.286992	0.029985	0.0100032	0.330545	29.4695		0.0715582	0.084038	0.0982828	5.23565	7.35537	11.3833	0	0	0
1	0.0101059	0.0353261	0.238536	0.0149925	0.0100032	0.298787	27.98
2	0.0102156	0.0331194	0.198299	0.00149925	0.0100032	0.269199	27.98
3	0.0100978	0.0321749	0.170274	0	0.0100032	0.271971	27.0139
4	0.0100978	0.0317473	0.162787	0	0.0100032	0.302752	27.98
5	0.0100978	0.0314948	0.145338	0	0.0100032	0.302902	27.0139
6	0.0100978	0.0314395	0.14423	0	0.010094	0.380773	48.3857
7	0.0100685	0.0312087	0.143458	0	0.0100032	0.377228	48.3857
8	0.0100685	0.0311265	0.142732	0	0.0100032	0.321068	29.4695
9	0.0100685	0.0312374	0.141063	0	0.0100032	0.241323	19.4846
10	0.0100685	0.0303613	0.126414	0	0.0100032	0.242729	19.4846
11	0.0100685	0.0299727	0.120182	0	0.0100032	0.255596	33.818
12	0.0100685	0.0294072	0.107272	0	0.0100032	0.30314	50.3191
13	0.0100685	0.0293522	0.107753	0	0.0136178	0.317495	92.4226
14	0.0100685	0.0297031	0.109545	0	0.010094	0.314272	56.0835
15	0.0100685	0.0299273	0.109545	0	0.010094	0.246903	41.4678
16	0.0100685	0.0299046	0.109545	0	0.010094	0.220299	29.4695
17	0.0100685	0.0302148	0.109545	0	0.010094	0.180353	12.8766
18	0.0100685	0.0299608	0.107753	0	0.010094	0.155754	8.90013
19	0.0100685	0.0299557	0.107753	0	0.010094	0.156927	11.4497
20	0.0100685	0.0298021	0.107753	0	0.010094	0.150494	8.90013
21	0.0100685	0.0303128	0.114387	0	0.010094	0.143507	6.07842
22	0.0100685	0.0296908	0.107753	0	0.010094	0.144762	6.07842
23	0.0100685	0.0298075	0.109545	0	0.0105572	0.144115	6.49017
24	0.0101059	0.0301344	0.114806	0	0.010094	0.159666	10.0609
25	0.0101059	0.030624	0.115648	0	0.010094	0.161771	12.2515
26	0.0100685	0.0309685	0.115648	0	0.010094	0.163157	12.8412
27	0.0100685	0.0312633	0.120604	0	0.0105671	0.155625	11.4497
28	0.0100685	0.0315093	0.120604	0	0.010094	0.154802	12.8766
29	0.0101059	0.0319382	0.122748	0	0.010094	0.161878	21.3099
30	0.0100685	0.032673	0.125374	0	0.010094	0.172925	21.8159
31	0.0100685	0.0334844	0.132327	0	0.010094	0.177964	23.2572
32	0.0100685	0.0341883	0.137631	0	0.010094	0.179999	21.8159
33	0.0100685	0.0345472	0.138963	0	0.010094	0.17457	21.3099
34	0.0100685	0.0341194	0.135668	0	0.010094	0.171067	21.3099
35	0.0100685	0.0336075	0.13481	0	0.010094	0.183096	23.2572
36	0.0100685	0.0336883	0.130651	0	0.010094	0.188384	20.2469
37	0.0101059	0.0342141	0.135668	0	0.010094	0.198696	23.2572
38	0.0103893	0.0358122	0.141521	0	0.0105693	0.251656	50.6633
39	0.0103186	0.0364531	0.143458	0	0.0104584	0.300538	52.39
40	0.0106093	0.0368303	0.148294	0	0.0128233	0.333447	68.592
41	0.0105551	0.0369513	0.148294	0	0.0126864	0.355531	69.4391
42	0.0101331	0.036907	0.141521	0	0.0117484	0.395535	69.4391
43	0.0101808	0.0385797	0.148294	0	0.0114736	0.447694	69.4391
44	0.0106093	0.0403525	0.161394	0	0.0117484	0.659982	74.9741
45	0.0105551	0.0429653	0.167982	0.00149925	0.0126864	0.878982	74.9741
46	0.0105551	0.0461835	0.180769	0	0.0124757	0.991359	74.9741
47	0.0106093	0.0476886	0.183606	0	0.0126093	1.03668	74.9741
48	0.0106093	0.0495335	0.187062	0	0.0126093	0.986463	74.9741
49	0.0106093	0.0533452	0.215809	0	0.0124757	1.00194	74.9741
50	0.0106093	0.05935	0.339142	0.00149925	0.0126093	0.963171	74.9741
51	0.0125956	0.0723459	0.556953	0.0089955	0.0126864	0.8971	74.9741
52	0.010335	0.072249	0.394876	0.005997	0.0126864	0.768858	69.4391
53	0.012512	0.0688178	0.394876	0	0.0126864	0.745496	69.4391
54	0.0106745	0.067816	0.310329	0	0.0126864	0.68888	68.592
55	0.010335	0.0685298	0.318621	0.00149925	0.0124757	0.627221	67.0136
56	0.0106745	0.0665172	0.285781	0.00149925	0.0126864	0.480715	67.0136
57	0.0106745	0.0646256	0.228043	0	0.0126864	0.406703	67.0136
58	0.010335	0.0654504	0.228043	0	0.0126864	0.37006	67.0136
59	0.0113376	0.0665437	0.291675	0	0.0126864	0.329071	67.0136
60	0.0113189	0.0676409	0.308266	0.00149925	0.0129686	0.320521	67.0136
61	0.0113189	0.0683045	0.318621	0	0.0130269	0.319594	67.0136
62	0.0106745	0.0689197	0.318621	0	0.0129686	0.317441	67.0136
63	0.0113189	0.0678034	0.29411	0	0.0129686	0.31775	67.0136
64	0.0113189	0.0694031	0.298632	0	0.0128233	0.267939	59.7455
65	0.0113189	0.0703171	0.291675	0	0.0115916	0.229985	40.8878
66	0.0113189	0.0731372	0.310329	0.005997	0.0121018	0.218994	38.9106
67	0.0113189	0.0772482	0.330864	0.00749625	0.0105107	0.203116	28.593
68	0.012512	0.0808686	0.404011	0.00749625	0.0121018	0.197243	41.8743
69	0.0113189	0.0818198	0.350925	0.00449775	0.010094	0.169065	15.9432
70	0.0113376	0.082883	0.338902	0.00149925	0.010094	0.165055	11.767
71	0.0133735	0.0899842	0.461418	0.0089955	0.0105107	0.147446	7.14743
72	0.0169125	0.099232	0.75185	0.0224888	0.0124757	0.14386	5.92385
73	0.0113848	0.109955	0.75185	0.0374813	0.010094	0.141617	3.96384
74	0.0126799	0.0976525	0.461418	0.011994	0.0128717	0.1489	5.92385
75	0.0145328	0.0936557	0.45561	0.00749625	0.0100492	0.151175	4.18933
76	0.0145328	0.0904306	0.444636	0.005997	0.0100492	0.146945	3.47923
77	0.0149778	0.0890461	0.446388	0.005997	0.0100492	0.173276	7.14743
78	0.0160513	0.0880161	0.446388	0.00449775	0.0134466	0.153151	7.14743
79	0.0160513	0.0872384	0.446388	0.00449775	0.0100492	0.158586	3.47923
80	0.015469	0.0859844	0.421878	0.0029985	0.0100492	0.167768	3.56974
81	0.0162751	0.0848477	0.444636	0.00149925	0.0100492	0.193288	4.40327
82	0.015469	0.0845424	0.421878	0	0.0140536	0.218471	6.78933
83	0.0169125	0.0858864	0.446388	0	0.0116989	0.233189	6.78933
84	0.0169125	0.0868616	0.446388	0	0.0111299	0.289863	9.62551
85	0.0162751	0.089233	0.421878	0	0.0100492	0.32727	9.23148
86	0.0170062	0.090782	0.444636	0	0.0101462	0.366453	9.62551
87	0.0170062	0.0922244	0.444636	0	0.0101462	0.46093	9.62551
88	0.0170062	0.097123	0.425264	0.0029985	0.0141183	0.563022	15.8882
89	0.0163862	0.100349	0.421878	0.0029985	0.0217055	0.582646	15.8882
90	0.0170062	0.107028	0.425264	0.00449775	0.0141183	0.491643	9.1871
91	0.0170062	0.112997	0.446388	0.005997	0.0119943	0.446021	9.1871
92	0.0203743	0.117202	0.525131	0.0089955	0.0111958	0.362981	9.1871
93	0.02061	0.127349	0.572086	0.0104948	0.0103278	0.265099	4.97672
94	0.0203743	0.137951	0.594095	0.0134933	0.0109515	0.205925	3.11249
95	0.0314963	0.154045	0.75185	0.0164918	0.0109515	0.182003	1.83175
96	0.0353749	0.17808	0.801381	0.0254873	0.0109515	0.166883	1.67731
97	0.0360033	0.175523	0.816723	0.023988	0.0103278	0.163821	1.50746
98	0.0340173	0.175115	0.75185	0.0209895	0.0103278	0.162387	1.50746
99	0.0353749	0.173849	0.816723	0.0194903	0.0109515	0.193378	3.85359
100	0.0321109	0.172027	0.816723	0.017991	0.010427	0.174936	1.77735
101	0.0353749	0.183587	0.948812	0.0254873	0.0109515	0.142593	1.20732
102	0.0538158	0.196524	1.21923	0.0254873	0.0109515	0.130686	1.02848
103	0.0389504	0.185953	0.948812	0.0149925	0.0109889	0.103547	0.575099
104	0.0378737	0.185013	0.948812	0.011994	0.0109592	0.0889146	0.466257
105	0.0360033	0.188888	1.0537	0.0269865	0.0109592	0.0852786	0.430854
106	0.0243102	0.211512	1.48905	0.0629685	0.0109592	0.0858374	0.42944
107	0.0243123	0.277804	4.11343	0.146927	0.0109592	0.0839348	0.430854
108	0.0104737	0.162796	1.27875	0.0704648	0.0110768	0.0799844	0.42944
109	0.0104737	0.111619	0.816723	0.0389805	0.0109592	0.0758539	0.372418
110	0.0104737	0.0801326	0.524167	0.017991	0.0109978	0.0713478	0.360375
111	0.0104737	0.0665511	0.411707	0.005997	0.0109592	0.0676916	0.33866
112	0.0103837	0.0607588	0.37177	0.00449775	0.0109592	0.0685499	0.340758
113	0.010214	0.0547714	0.326334	0	0.0109592	0.0670132	0.334501
114	0.0103837	0.0517517	0.294177	0	0.0109592	0.0670816	0.334501
115	0.0103837	0.0496412	0.294177	0	0.0109592	0.0667014	0.337067
116	0.0103837	0.0474373	0.291675	0	0.0109592	0.0663874	0.337067
117	0.010184	0.0446237	0.266358	0	0.0109978	0.0655744	0.334501
118	0.0101791	0.043386	0.235615	0	0.0108058	0.0643641	0.282817
119	0.010184	0.0416543	0.215429	0	0.0111058	0.0639339	0.281319
120	0.0101791	0.0407925	0.208684	0	0.0111072	0.0627993	0.280426
121	0.0101791	0.0401471	0.190639	0	0.0111072	0.0617999	0.266848
122	0.0101791	0.0384776	0.179178	0	0.0109978	0.0602055	0.242923
123	0.0101791	0.0369539	0.176388	0	0.0109978	0.0587977	0.227349
124	0.0101791	0.0363941	0.169469	0	0.0111072	0.0583858	0.227349
125	0.0101791	0.0358859	0.163979	0	0.0111072	0.0587457	0.237862
126	0.0101791	0.0365034	0.169469	0	0.0109978	0.0574685	0.229874
127	0.0101791	0.0363967	0.168234	0	0.0109978	0.0563982	0.223232
128	0.0101791	0.0364519	0.169469	0	0.0110411	0.056139	0.223232
129	0.0101791	0.0370129	0.173725	0	0.0109978	0.056068	0.223232
130	0.0101791	0.0358048	0.167102	0	0.0109978	0.0553036	0.223232
131	0.010184	0.0363752	0.167102	0	0.0110411	0.0569247	0.236797
132	0.0101791	0.0362904	0.160396	0	0.0109978	0.0568992	0.242193
133	0.0101791	0.0359891	0.163458	0	0.0111846	0.0569681	0.244415
134	0.0101791	0.0364423	0.168234	0	0.0111846	0.0558912	0.236797
135	0.0103837	0.0369372	0.180751	0	0.0111846	0.0543431	0.236797
136	0.0103837	0.0366191	0.180751	0	0.0111846	0.0535833	0.236797
137	0.0101791	0.0375438	0.182647	0.00149925	0.0110411	0.0528639	0.239804
138	0.0101791	0.0373509	0.187594	0.00149925	0.0116578	0.0545512	0.282817
139	0.0101791	0.0371624	0.187594	0.00149925	0.0113976	0.055344	0.280656
140	0.0101791	0.0366862	0.177744	0	0.0113976	0.05371	0.280656
141	0.010184	0.0370508	0.180751	0	0.0110411	0.0527243	0.274039
142	0.0101791	0.0374369	0.187594	0	0.0110385	0.0522439	0.274039
143	0.0101791	0.0380548	0.2081	0.00149925	0.0110385	0.0513888	0.274039
144	0.010184	0.0405426	0.24965	0.011994	0.0104822	0.0528414	0.280656
145	0.010184	0.0425531	0.401666	0.0134933	0.0110385	0.0527275	0.273543
146	0.0101791	0.0439621	0.418326	0.0164918	0.0102879	0.0499301	0.223232
147	0.0101791	0.042221	0.404819	0.0134933	0.0101575	0.0493337	0.223232
148	0.0101791	0.0375325	0.247706	0.0029985	0.0104779	0.048601	0.223232
149	0.0101807	0.0359536	0.23247	0	0.0111846	0.0472437	0.223232
150	0.0101807	0.0349178	0.190956	0	0.0111846	0.0469075	0.223232
151	0.0101791	0.0344921	0.177744	0	0.0108098	0.0484765	0.228399
152	0.0101791	0.0335748	0.168412	0	0.0109875	0.0479458	0.220652
153	0.0101791	0.032794	0.168234	0	0.0111846	0.0471456	0.220495
154	0.0101791	0.0322079	0.168234	0	0.0114137	0.0471207	0.220652
155	0.0101807	0.030257	0.141744	0	0.0107269	0.0473861	0.200539
156	0.0100104	0.0296814	0.136206	0	0.0111846	0.0485941	0.220014
157	0.0100104	0.0296431	0.136206	0	0.0107269	0.0475602	0.204355
158	0.0101791	0.0294252	0.135746	0	0.0107269	0.0476629	0.207415
159	0.0101791	0.0288675	0.128626	0	0.0107269	0.0473788	0.204355
160	0.0101791	0.0281297	0.124487	0	0.0107269	0.0464714	0.209359
161	0.0101791	0.0272365	0.122995	0	0.0105511	0.0474266	0.217803
162	0.0100104	0.0267599	0.117992	0	0.0105511	0.0476228	0.217803
163	0.0101791	0.0253485	0.0989071	0	0.0101575	0.0470208	0.217803
164	0.0101791	0.0251249	0.0991598	0	0.010013	0.0470125	0.217803
165	0.0101791	0.0252008	0.0991598	0	0.010102	0.0471198	0.217803
166	0.0101791	0.0249867	0.0989071	0	0.0105595	0.0475244	0.220495
167	0.0101791	0.0249737	0.0989071	0	0.0105595	0.0478161	0.220495
168	0.0101791	0.0248752	0.0989071	0	0.010102	0.048834	0.228399
169	0.0101791	0.024679	0.0989071	0	0.010013	0.0493065	0.228399
170	0.0100104	0.0242659	0.0923293	0	0.010013	0.0488123	0.217803
171	0.0100104	0.0241218	0.0906186	0	0.010102	0.048643	0.217803
172	0.0100718	0.024264	0.0946967	0	0.010102	0.0487794	0.217803
173	0.0101791	0.0239813	0.0946967	0	0.010013	0.0483716	0.217803
174	0.0101791	0.0241952	0.0946967	0	0.0107269	0.0474149	0.220495
175	0.0101791	0.0242361	0.0946967	0	0.0107269	0.0471983	0.217803
176	0.0101791	0.0241093	0.0946967	0	0.0111071	0.0464525	0.217803
177	0.0101791	0.0243979	0.0974843	0	0.010102	0.0464102	0.204355
178	0.0100104	0.0244499	0.0967402	0	0.010102	0.0465753	0.204355
179	0.0101791	0.0242108	0.0974843	0	0.010102	0.0464864	0.204355
180	0.0101791	0.0241457	0.0974843	0	0.010013	0.0454108	0.204355
181	0.0100104	0.0240228	0.0946967	0	0.010013	0.0445955	0.200943
182	0.0100104	0.0239637	0.0946967	0	0.010013	0.0421811	0.163886
183	0.0100406	0.0234659	0.0946967	0	0.010102	0.0413741	0.128238
184	0.0100104	0.0231441	0.0890046	0.00149925	0.0101055	0.0403012	0.125667
185	0.0100104	0.0230973	0.0890046	0	0.010102	0.0396921	0.123195
186	0.0100104	0.023101	0.0890046	0	0.0101055	0.0398687	0.125667
187	0.0100104	0.0230957	0.0830993	0	0.0101055	0.0391192	0.123195
188	0.0100104	0.0227407	0.081311	0	0.010102	0.0393101	0.127263
189	0.0100104	0.0233959	0.0974843	0.00749625	0.0101575	0.0392433	0.126215
190	0.0100104	0.0234641	0.0980333	0.005997	0.0102001	0.0390324	0.126215
191	0.0100104	0.0225304	0.082804	0.00449775	0.0107663	0.0389829	0.128238
192	0.0100104	0.02204	0.0738764	0.00149925	0.0107663	0.0386777	0.128238
193	0.0100262	0.0216166	0.0724046	0	0.0101664	0.0390272	0.126215
194	0.0100104	0.0213832	0.0707778	0	0.0101664	0.0396	0.135001
195	0.0100104	0.0208388	0.0650613	0	0.0101055	0.0398839	0.126215
196	0.0100104	0.020803	0.0619664	0.00149925	0.0101664	0.0414346	0.135001
197	0.0100262	0.0203369	0.0606957	0	0.0101055	0.0424313	0.154385
198	0.0100406	0.0203227	0.0606957	0	0.0101055	0.045292	0.204355
199	0.0100262	0.0201007	0.058867	0	0.0101055	0.0437254	0.200943
200	0.0100406	0.0203335	0.0606957	0	0.0101055	0.0431079	0.190098
201	0.0100262	0.0205186	0.0606957	0	0.010018	0.043416	0.209816
202	0.0101791	0.0206174	0.0609198	0	0.010018	0.04241	0.174113
203	0.0100406	0.0209482	0.0607266	0.00149925	0.010018	0.0413753	0.153494
204	0.0101791	0.0208281	0.0609198	0	0.010018	0.0415868	0.158349
205	0.0101791	0.0207263	0.0607266	0	0.0101055	0.0421835	0.190098
206	0.0101791	0.0206517	0.0609198	0	0.010018	0.0431329	0.189902
207	0.0101791	0.0206635	0.0609198	0	0.010018	0.0434202	0.190098
208	0.0101791	0.0205656	0.0606957	0	0.010018	0.0419413	0.162813
209	0.0101791	0.0205404	0.0606957	0	0.010018	0.0415568	0.158349
210	0.0100406	0.0203935	0.0588481	0	0.010018	0.0410938	0.149683
211	0.0100406	0.0203814	0.0581241	0	0.010018	0.0430662	0.200943
212	0.0100406	0.020316	0.0578038	0	0.010018	0.0441629	0.222297
213	0.0100406	0.0202902	0.0578038	0	0.010018	0.0445342	0.226523
214	0.0100406	0.020243	0.0578038	0	0.010018	0.0430891	0.189791
215	0.0101791	0.020186	0.0581241	0	0.010018	0.042317	0.149683
216	0.0100406	0.0203035	0.0577238	0	0.0101055	0.0422278	0.14708
217	0.0101791	0.0201961	0.0581241	0	0.0101055	0.0425602	0.14708
218	0.0101791	0.0200799	0.0577238	0	0.010018	0.0437813	0.155149
219	0.0100406	0.0199801	0.0565827	0	0.010018	0.0450654	0.189791
220	0.0100406	0.0198423	0.0564649	0	0.010018	0.0455707	0.189902
221	0.0100406	0.0197524	0.0564649	0	0.010018	0.0471779	0.214851
222	0.0100406	0.0198298	0.0565827	0	0.010018	0.0477574	0.213936
223	0.0100406	0.0198466	0.0565827	0	0.010018	0.0479571	0.203433
224	0.0100406	0.0198418	0.0565827	0	0.0101055	0.0508218	0.222297
225	0.0101791	0.0200524	0.0578038	0	0.010018	0.0523663	0.24272
226	0.0100406	0.0202321	0.0577238	0	0.010018	0.0588208	0.296317
227	0.0100406	0.0202696	0.0577238	0	0.010018	0.055609	0.253054
228	0.0100406	0.0204037	0.0577238	0	0.0124345	0.0556798	0.301419
229	0.0100406	0.0204831	0.0577238	0	0.0103872	0.055746	0.245732
230	0.0100406	0.0206054	0.0577238	0	0.010018	0.0558013	0.25289
231	0.0100406	0.020603	0.0575575	0	0.0101005	0.0554438	0.253054
232	0.0100406	0.0208707	0.0578485	0	0.0104385	0.0555615	0.253054
233	0.0100406	0.0210245	0.0588481	0	0.010018	0.0561714	0.245732
234	0.0100536	0.0210233	0.0596079	0	0.010018	0.0571997	0.251713
235	0.0100536	0.0209456	0.0581241	0	0.0109775	0.0584232	0.295897
236	0.0100536	0.0210513	0.0596079	0	0.0109775	0.0593676	0.296317
237	0.0100536	0.0209757	0.0596079	0	0.0109775	0.0606456	0.296317
238	0.0101791	0.0213383	0.0607266	0	0.0112135	0.0614213	0.296317
239	0.0100536	0.0213916	0.0619664	0	0.0112135	0.0630655	0.296317
240	0.0101791	0.0211797	0.0613804	0	0.0109775	0.0641753	0.296317
241	0.0101791	0.0210293	0.0609198	0	0.0112135	0.0624617	0.296317
242	0.0101791	0.0211755	0.0613804	0	0.0109682	0.0643463	0.296317
243	0.0100536	0.0210414	0.0609198	0	0.0117554	0.0636619	0.310349
244	0.0100536	0.0211156	0.0609198	0	0.0134767	0.0637909	0.310349
245	0.0100536	0.021212	0.0619664	0	0.0134767	0.0633351	0.306231
246	0.0100536	0.0213654	0.0631313	0	0.0144443	0.0614014	0.303905
247	0.0100536	0.0212249	0.0631313	0	0.0147201	0.0590756	0.297995
248	0.0100536	0.0213689	0.0659334	0	0.0101637	0.0580928	0.217492
249	0.0100536	0.0212278	0.0681119	0	0.0101637	0.0587041	0.217492
250	0.0100536	0.0215764	0.0717894	0	0.0105987	0.057401	0.217492
251	0.0100536	0.0214836	0.0693598	0	0.010646	0.0568628	0.217492
252	0.0102135	0.0215662	0.0681119	0	0.0109682	0.056778	0.217492
253	0.0102135	0.0218025	0.0683913	0	0.0101637	0.0553991	0.189791
254	0.0102135	0.0218225	0.0683913	0	0.0101637	0.0542741	0.173501
255	0.0102135	0.0219567	0.0683913	0	0.0101637	0.0534874	0.173501
256	0.0102135	0.0217425	0.0678213	0	0.0101637	0.0525681	0.173419
257	0.0102135	0.0211781	0.0636326	0	0.0101637	0.0518193	0.173501
258	0.0102135	0.0212917	0.0636326	0	0.0101637	0.0522441	0.189791
259	0.0102135	0.0216067	0.0636326	0	0.0101637	0.0522182	0.196971
260	0.0102135	0.0218911	0.0659334	0	0.0101637	0.0513369	0.196971
261	0.0102135	0.021655	0.0636326	0	0.0101637	0.0520303	0.196971
262	0.0102135	0.0215046	0.0635729	0	0.010646	0.0539387	0.217492
263	0.0102135	0.0214244	0.0635729	0	0.0101637	0.0542338	0.217492
264	0.0102135	0.0212779	0.0615873	0	0.010859	0.0578781	0.245732
265	0.0102135	0.0213249	0.0609198	0	0.010859	0.0574315	0.242623
266	0.0102135	0.0214813	0.0610409	0	0.010859	0.0580898	0.245732
267	0.0102135	0.0214854	0.0613804	0	0.0106336	0.058526	0.245732
268	0.0102135	0.0215795	0.0613804	0	0.0106336	0.0596544	0.261343
269	0.0102135	0.0216176	0.0610409	0	0.0103872	0.0614928	0.281306
270	0.0102135	0.0220178	0.0636326	0	0.010859	0.0650044	0.433797
271	0.0102135	0.021891	0.0627745	0	0.0106336	0.0661662	0.434909
272	0.0102135	0.0218251	0.0655799	0	0.010859	0.0682627	0.451104
273	0.0102135	0.0220385	0.0683913	0	0.010859	0.0714733	0.477552
274	0.0102135	0.0220541	0.0683913	0	0.010859	0.0761609	0.596498
275	0.0102135	0.0219978	0.0693598	0	0.010859	0.0711199	0.451104
276	0.0102135	0.0220283	0.0702259	0	0.010859	0.0679632	0.423434
277	0.0102135	0.0222462	0.0726478	0	0.010859	0.0672893	0.423434
278	0.0102135	0.0220765	0.0719479	0	0.010859	0.0679199	0.423434
279	0.0100235	0.0220514	0.0702259	0	0.010859	0.068251	0.41745
280	0.0102135	0.0222044	0.0726478	0	0.0104667	0.0669714	0.338725
281	0.0102135	0.0225052	0.0772432	0	0.010859	0.0655504	0.338725
282	0.0101488	0.0224962	0.0772432	0	0.0104667	0.0652618	0.338725
283	0.0102352	0.0226588	0.0794643	0	0.0102394	0.0601052	0.291668
284	0.0100235	0.0223429	0.0727206	0	0.0106937	0.057835	0.259356
285	0.0100235	0.0222058	0.0702259	0	0.0104667	0.0533231	0.235012
286	0.0101488	0.0224622	0.0754188	0	0.0105895	0.0518352	0.235012
287	0.0101488	0.0230923	0.0819863	0	0.0104667	0.0512936	0.235012
288	0.0102135	0.0227648	0.0794643	0	0.0106937	0.0490186	0.235012
289	0.0102135	0.0225984	0.0793483	0	0.0104667	0.0467429	0.22452
290	0.0100235	0.0228145	0.0766877	0	0.0106574	0.0448561	0.20797
291	0.0100235	0.0234063	0.0794643	0	0.0105895	0.0457346	0.212082
292	0.0100235	0.0234119	0.0794643	0	0.0105476	0.0426761	0.187073
293	0.0102135	0.0235626	0.0838965	0	0.0101518	0.0419899	0.152103
294	0.0102135	0.0236003	0.0838965	0	0.0101518	0.0411438	0.146408
295	0.0101488	0.0237959	0.0838965	0	0.0101518	0.0404038	0.152103
296	0.0100235	0.0250282	0.101486	0	0.0103346	0.0385912	0.135906
297	0.0100235	0.0254312	0.111135	0	0.0103346	0.037649	0.131494
298	0.0100235	0.0257066	0.0942207	0.00449775	0.0103346	0.0368934	0.121671
299	0.0100235	0.0260535	0.0919448	0	0.0103346	0.0368434	0.120535
300	0.0102135	0.0260659	0.091661	0	0.0103346	0.0367105	0.120535
301	0.0102135	0.0263716	0.0917438	0	0.0101518	0.0364708	0.122798
302	0.0102135	0.0264038	0.091661	0	0.0101518	0.0362449	0.122798
303	0.0100235	0.0266852	0.0899278	0	0.0100442	0.0358026	0.122798
304	0.0102135	0.0271273	0.0919448	0.00149925	0.0105202	0.0362662	0.137615
305	0.0102135	0.0270574	0.0921379	0	0.010354	0.0371344	0.137615
306	0.0102135	0.0275173	0.0921379	0	0.0103346	0.0372378	0.137615
307	0.0102135	0.0273382	0.0921379	0	0.0103346	0.0367592	0.137615
308	0.0101488	0.0274703	0.0921379	0	0.0103346	0.0368814	0.137615
309	0.0100235	0.0279209	0.0924686	0	0.0101518	0.0362613	0.131774
310	0.0100235	0.0281321	0.0943594	0	0.0102481	0.0354077	0.121671
311	0.0100235	0.0285019	0.111135	0	0.0103122	0.0354132	0.122763
312	0.0100804	0.0291142	0.114392	0	0.0102481	0.035438	0.122763
313	0.0102135	0.0302986	0.124424	0	0.0101518	0.0354001	0.122763
314	0.0100804	0.0317142	0.128968	0	0.0101518	0.0358375	0.127057
315	0.0100804	0.0328239	0.13673	0	0.0103346	0.0376685	0.137615
316	0.0100235	0.0342097	0.142498	0	0.0101518	0.0375232	0.131774
317	0.0101488	0.0348739	0.171678	0	0.0103959	0.0366792	0.127057
318	0.0100235	0.0369394	0.202585	0	0.0103346	0.0366746	0.127057
319	0.0100804	0.0404796	0.240968	0.00449775	0.0105202	0.0366188	0.127057
320	0.0100235	0.0424378	0.264984	0	0.0103959	0.0365644	0.127057
321	0.0100804	0.0497973	0.399418	0.005997	0.0105476	0.0360952	0.127057
322	0.0101105	0.0529659	0.441624	0.00449775	0.0103346	0.0368149	0.127057
323	0.0109601	0.0600089	0.550121	0.0029985	0.0102481	0.0368163	0.127057
324	0.0100235	0.0840141	0.805014	0.0449775	0.0102481	0.0367689	0.127057
325	0.0110685	0.223923	7.05964	0.208396	0.0101518	0.0371838	0.127057
326	0.0109381	0.0897579	0.608825	0.023988	0.0103798	0.0380783	0.137615
327	0.0115627	0.0777135	0.574372	0.00749625	0.0103346	0.0395163	0.164601
328	0.0113952	0.0718221	0.567969	0.00449775	0.0103346	0.0406335	0.164601
329	0.0108454	0.0649522	0.550121	0.00149925	0.0101518	0.0400375	0.145288
330	0.0100235	0.0609046	0.469579	0	0.010813	0.03986	0.145372
331	0.0100235	0.0561217	0.410471	0	0.010813	0.039444	0.145372
332	0.0100235	0.0535051	0.401299	0	0.0103346	0.0397336	0.148042
333	0.0100235	0.0504809	0.358976	0	0.0103346	0.0395984	0.145288
334	0.0100804	0.047969	0.358976	0	0.0103346	0.0383411	0.127029
335	0.0100235	0.0454327	0.358976	0.0104948	0.0108874	0.0381494	0.125224
336	0.0100804	0.0462354	0.410471	0.0134933	0.0108874	0.0379629	0.125224
337	0.0101589	0.0448207	0.358976	0.005997	0.010813	0.0376001	0.125224
338	0.0100235	0.0428954	0.305799	0	0.010813	0.0375367	0.125224
339	0.0100804	0.0399231	0.250453	0	0.010871	0.0364554	0.124954
340	0.0100235	0.0356059	0.195111	0	0.010813	0.0354524	0.121671
341	0.0100423	0.0338414	0.163262	0	0.010871	0.0349808	0.120535
342	0.0100235	0.0325572	0.155669	0	0.0108874	0.0357247	0.125224
343	0.0100235	0.0308595	0.14955	0	0.010813	0.0350718	0.120535
344	0.0100235	0.0294948	0.141589	0	0.010871	0.0350323	0.120535
345	0.0100423	0.0290688	0.147508	0.005997	0.0100442	0.0359	0.120535
346	0.0100423	0.029385	0.150029	0.0089955	0.0100911	0.0363004	0.125224
347	0.0100423	0.0283771	0.143842	0.00149925	0.0100911	0.0365395	0.125224
348	0.0100423	0.0275209	0.139636	0	0.0100911	0.0368605	0.131774
349	0.0100491	0.0267611	0.138653	0	0.0100442	0.0377098	0.135906
350	0.0100423	0.0258457	0.136412	0	0.0100911	0.0373733	0.135906
351	0.0100858	0.0256811	0.138653	0	0.0100442	0.037547	0.145288
352	0.0100804	0.0257419	0.138653	0	0.0100442	0.03707	0.1424
353	0.0100423	0.0254416	0.134016	0	0.0103959	0.0368708	0.138633
354	0.0100423	0.0246884	0.113511	0	0.0104698	0.0365671	0.135906
355	0.0100411	0.0244611	0.108358	0	0.010447	0.0365624	0.135536
356	0.0100411	0.0241504	0.106609	0	0.0103959	0.0362903	0.127891
357	0.0100411	0.0243282	0.119475	0	0.010447	0.0364363	0.131774
358	0.0100411	0.0239329	0.108358	0	0.0103959	0.0360095	0.125224
359	0.0100411	0.0238819	0.115469	0	0.0103381	0.0357012	0.125224
360	0.0100411	0.0239391	0.115469	0	0.0103381	0.0361122	0.131774
361	0.0100423	0.024602	0.138653	0	0.0103381	0.0359403	0.127891
362	0.0100411	0.0235554	0.113868	0	0.010447	0.0363883	0.135906
363	0.0100411	0.023209	0.106609	0	0.0103381	0.0384086	0.143289
364	0.0100411	0.0228926	0.106609	0	0.0103381	0.0391378	0.16945
365	0.0100411	0.022927	0.104725	0	0.0103381	0.040231	0.173971
366	0.0100411	0.0228734	0.106788	0	0.0103381	0.0412363	0.173971
367	0.0100411	0.0222891	0.0925686	0	0.0103381	0.0423124	0.200251
368	0.0100411	0.022118	0.0925686	0	0.0103381	0.0443405	0.240139
369	0.0100411	0.021999	0.0841228	0	0.0100442	0.0444991	0.200251
370	0.0100411	0.0215979	0.0779327	0	0.0103381	0.0445509	0.240139
371	0.0100411	0.0216839	0.0808251	0	0.0100442	0.0451569	0.253196
372	0.0100411	0.0216917	0.0851009	0	0.0100442	0.0452751	0.280938
373	0.0100411	0.0215127	0.0841228	0	0.0100442	0.0459785	0.266478
374	0.0100411	0.0213154	0.0841819	0	0.0100442	0.0466204	0.298308
375	0.0100411	0.0214057	0.0841819	0	0.0100442	0.0482592	0.330173
376	0.0100411	0.0217238	0.101143	0	0.0100442	0.0482643	0.340964
377	0.0100411	0.0218186	0.107993	0	0.0103381	0.0489804	0.552638
378	0.0100411	0.0218838	0.108358	0	0.0103381	0.0521793	0.780589
379	0.0100411	0.0218238	0.108358	0	0.0100442	0.0498521	0.340964
380	0.0100411	0.0218661	0.113868	0	0.0100442	0.051054	0.389829
381	0.0100411	0.0217785	0.113868	0	0.0103381	0.0515459	0.399525
382	0.0100411	0.0213939	0.113868	0	0.0103381	0.05389	0.549609
383	0.0100411	0.0212139	0.113868	0	0.0103381	0.0555126	0.620247
384	0.0100411	0.0208297	0.101143	0	0.0103381	0.0588415	0.762034
385	0.0100411	0.0207328	0.101143	0	0.0103381	0.0633088	1.26559
386	0.0100411	0.0204828	0.0880956	0	0.0103959	0.0673218	2.0238
387	0.0100411	0.0205887	0.0986478	0	0.0100657	0.0583852	0.771771
388	0.0100411	0.0209303	0.0986478	0.0029985	0.0100657	0.0564196	0.568988
389	0.0100411	0.0209945	0.0779327	0.005997	0.0100657	0.0571213	0.620247
390	0.0100411	0.0217139	0.0863349	0.0134933	0.0100657	0.0562792	0.479823
391	0.0100411	0.0208888	0.0666464	0.005997	0.0100657	0.0572859	0.493296
392	0.0100411	0.020913	0.0725577	0.0089955	0.0101917	0.0586253	0.552638
393	0.0100411	0.0200395	0.0570662	0.00149925	0.0101917	0.0589122	0.552638
394	0.0100411	0.0196412	0.0560155	0	0.0107366	0.0664689	0.771771
395	0.0100411	0.0192724	0.0529395	0	0.0100657	0.0758656	0.994841
396	0.0100411	0.0192321	0.0529395	0	0.010328	0.0816928	1.15025
397	0.0100411	0.0192816	0.0529395	0	0.010328	0.0797655	0.994841
398	0.0100411	0.019963	0.0560155	0.0089955	0.0100657	0.0800564	0.786649
399	0.0100411	0.0197526	0.0561197	0.00449775	0.010328	0.0807724	0.771771
400	0.0100411	0.0192195	0.0560394	0	0.0100657	0.0763334	0.487894
401	0.0100115	0.0193871	0.0561197	0	0.0107366	0.0761658	0.495329
402	0.0100115	0.0194888	0.0572477	0	0.0101472	0.0764664	0.443982
403	0.0100115	0.0195472	0.0585165	0	0.0116441	0.0776294	0.495329
404	0.0100115	0.0196123	0.0585165	0	0.0101472	0.0761895	0.365257
405	0.0100115	0.0197096	0.0641712	0	0.0101472	0.0779815	0.365257
406	0.0100115	0.0198701	0.0749162	0	0.0101472	0.0790896	0.365257
407	0.0100115	0.0199121	0.0821704	0	0.0101472	0.0797793	0.365257
408	0.0100115	0.0198353	0.0788195	0	0.0134036	0.0849743	0.500279
409	0.0100115	0.0196459	0.0787642	0	0.0119543	0.0869024	0.500279
410	0.0100115	0.0192821	0.0680187	0	0.0134036	0.0856848	0.481401
411	0.0100115	0.0191483	0.0639628	0	0.0132904	0.0860558	0.452476
412	0.0100115	0.0190563	0.0585165	0	0.0162461	0.0853594	0.492233
413	0.0100115	0.019152	0.0585165	0	0.016862	0.0865025	0.492233
414	0.0100115	0.0190943	0.0572477	0	0.016862	0.0890729	0.492233
415	0.0100115	0.0188647	0.0564717	0	0.0171266	0.0898401	0.495052
416	0.0100115	0.0187859	0.0560394	0	0.0161648	0.0884445	0.445237
417	0.0100115	0.0188159	0.0561197	0	0.019234	0.0891302	0.445237
418	0.0100115	0.018821	0.0561197	0	0.0191492	0.0892599	0.445237
419	0.0100115	0.0188231	0.0560394	0	0.0194871	0.0990667	0.550301
420	0.0100411	0.0187182	0.0561197	0	0.019234	0.0928881	0.445237
421	0.0100115	0.0185552	0.0554076	0	0.0175236	0.0913599	0.445237
422	0.0100411	0.0187388	0.0560394	0	0.0173579	0.0890478	0.449908
423	0.0100411	0.018622	0.0560155	0	0.0173579	0.0896996	0.445237
424	0.0100115	0.0185015	0.0553808	0	0.0173579	0.0894606	0.445237
425	0.0100115	0.0184392	0.0528291	0	0.0167861	0.0859181	0.432051
426	0.0100115	0.0184379	0.0553808	0	0.0167861	0.0868394	0.442648
427	0.0100411	0.0183513	0.0554076	0	0.015884	0.085923	0.449908
428	0.0100411	0.0183309	0.0554076	0	0.0167861	0.0861867	0.547862
429	0.0100115	0.0184685	0.0554076	0	0.015884	0.091445	0.581467
430	0.0100411	0.0186061	0.0561197	0	0.014612	0.0922354	0.550301
431	0.0100411	0.0186732	0.0561424	0	0.0106854	0.0954154	0.550163
432	0.0100411	0.0184918	0.0561424	0	0.0102056	0.0977922	1.15993
433	0.0100411	0.018458	0.0561197	0	0.0102056	0.0882959	0.547063
434	0.0100411	0.0184448	0.0561197	0	0.0117453	0.0739108	0.397461
435	0.0100115	0.0181999	0.0554076	0	0.0154481	0.0695052	0.397461
436	0.0100411	0.0182868	0.0561197	0	0.0167861	0.0671199	0.392643
437	0.0100411	0.0181766	0.0561197	0	0.014612	0.0648808	0.321401
438	0.0100411	0.0182239	0.0561197	0	0.014612	0.0645319	0.272925
439	0.0100115	0.0183989	0.0561424	0	0.014612	0.0642706	0.253196
440	0.0100115	0.0186891	0.0680187	0	0.014612	0.0639709	0.253196
441	0.0100115	0.0184998	0.056731	0	0.0154481	0.0636168	0.253196
442	0.0100115	0.0185734	0.056731	0	0.0154481	0.0633351	0.253196
443	0.0100115	0.0183461	0.0561197	0	0.016255	0.0625154	0.252339
444	0.0100411	0.0182288	0.0561197	0	0.0151033	0.0620563	0.253196
445	0.0100411	0.0180684	0.0560394	0	0.0154481	0.0616175	0.247405
446	0.0100045	0.0180626	0.0559183	0	0.014612	0.0604271	0.247405
447	0.0100045	0.0181069	0.0553808	0	0.0148206	0.0596583	0.245705
448	0.0100045	0.0182938	0.0560394	0	0.0150263	0.0591068	0.247405
449	0.0100045	0.0192549	0.0689576	0.005997	0.014612	0.0603349	0.272486
450	0.0100045	0.0187914	0.056731	0	0.0122395	0.0623918	0.245874
451	0.0100045	0.0185092	0.0561424	0	0.0117453	0.0640367	0.245874
452	0.0100045	0.0183652	0.0559183	0	0.0114836	0.0656202	0.245874
453	0.0100045	0.0183525	0.0559183	0	0.0105242	0.0681941	0.272486
454	0.0100045	0.0181368	0.0535469	0	0.0122395	0.0638638	0.245874
455	0.0100045	0.0181368	0.0535469	0	0.0154481	0.0619832	0.245874
456	0.0100045	0.0182675	0.0535469	0	0.0162914	0.0636414	0.247405
457	0.0100045	0.0191447	0.0639628	0	0.0145862	0.0611184	0.245347
458	0.0100045	0.0190324	0.0639628	0	0.0117453	0.0606563	0.218053
459	0.0100045	0.0189425	0.0577072	0	0.0122395	0.0592833	0.220734
460	0.0100045	0.0186176	0.0553808	0	0.012874	0.0601016	0.239923
461	0.0100045	0.0187157	0.0553808	0	0.0112284	0.0642925	0.247405
462	0.0100045	0.0188242	0.0553808	0	0.0149638	0.0572404	0.247405
463	0.0100045	0.0189008	0.0541755	0	0.014612	0.0576619	0.239923
464	0.0100045	0.0191321	0.0559183	0	0.0112284	0.0556675	0.177525
465	0.0100045	0.0192889	0.0560155	0	0.0107822	0.055993	0.200128
466	0.0100045	0.0194726	0.0560155	0	0.014612	0.0547179	0.250724
467	0.0100045	0.0199446	0.0639628	0	0.0149638	0.0540169	0.247405
468	0.0100045	0.0205648	0.0771317	0.00149925	0.0149638	0.0544586	0.238674
469	0.0100045	0.0205133	0.0771317	0	0.014612	0.054068	0.227381
470	0.0100045	0.0205713	0.0771317	0	0.0149638	0.0540204	0.225431
471	0.0100045	0.0206627	0.0771317	0	0.0149638	0.0544348	0.225431
472	0.0100045	0.0207031	0.0771317	0	0.0149638	0.0548776	0.225431
473	0.0100045	0.0207453	0.0784392	0	0.0149638	0.0542179	0.228698
474	0.0100045	0.0205465	0.0784392	0	0.0114836	0.052799	0.168351
475	0.0100045	0.0204348	0.0784392	0	0.0112627	0.0534201	0.170652
476	0.0100045	0.0202751	0.0707027	0	0.0114836	0.0531433	0.170652
477	0.0100045	0.0199808	0.0615001	0	0.0114836	0.0534821	0.170652
478	0.0100045	0.0200293	0.0615001	0	0.0104225	0.053597	0.161554
479	0.0100045	0.0202827	0.0616504	0	0.0104225	0.054257	0.161554
480	0.0100045	0.020876	0.0681743	0.005997	0.0107822	0.0545418	0.163195
481	0.0100045	0.0212399	0.070784	0.011994	0.0107822	0.0548264	0.158805
482	0.0100045	0.0203122	0.0615001	0.0029985	0.0107822	0.0557734	0.158805
483	0.0100045	0.0196389	0.0553808	0	0.0112627	0.0560814	0.154541
484	0.0100045	0.0195789	0.0553808	0	0.0112627	0.0565736	0.154541
485	0.0100045	0.0195743	0.0553808	0	0.0115924	0.0554277	0.154541
486	0.0100045	0.0197447	0.0560394	0	0.0115924	0.0557299	0.160229
487	0.0100045	0.0201076	0.0577072	0.00149925	0.0117643	0.0547316	0.158805
488	0.0100045	0.0220082	0.070784	0.0164918	0.0117643	0.054928	0.160229
489	0.0100045	0.021239	0.0643512	0.005997	0.0117643	0.0546608	0.15789
490	0.0100045	0.0207015	0.0634202	0	0.0115924	0.0550633	0.15789
491	0.0100045	0.0208812	0.0647623	0	0.0115924	0.056321	0.162795
492	0.0100045	0.0212203	0.0707027	0	0.0100511	0.0567837	0.162795
493	0.0100045	0.0212779	0.0707027	0	0.0117734	0.0582794	0.209807
494	0.0100045	0.021668	0.0859122	0.00149925	0.0117734	0.0637639	0.264408
495	0.0100045	0.0220749	0.0892846	0.00149925	0.0100511	0.0715336	0.389695
496	0.0100045	0.0221768	0.0908748	0.00149925	0.0142677	0.0679489	0.389695
497	0.0100045	0.0217452	0.0807965	0.00149925	0.0142677	0.0678089	0.375126
498	0.0100045	0.0218971	0.0807965	0	0.0135976	0.0659705	0.370361
499	0.0100045	0.0219596	0.0807965	0	0.0135976	0.0661146	0.389695
500	0.0100045	0.0219802	0.0807965	0	0.0135976	0.0660811	0.375126
501	0.0100045	0.0219154	0.0807965	0	0.0135976	0.0669532	0.375126
502	0.0100045	0.0217132	0.0775255	0	0.0135976	0.0674423	0.375126
503	0.0100045	0.0218826	0.0778572	0.00149925	0.0114109	0.0654391	0.322251
504	0.0100045	0.0218263	0.0775255	0.00149925	0.0110434	0.0630974	0.322251
505	0.0100045	0.0214246	0.0741751	0	0.0108728	0.0624944	0.322251
506	0.0100045	0.021308	0.070784	0	0.0114109	0.0616604	0.375126
507	0.0100045	0.0214848	0.0741751	0.00149925	0.0109278	0.061219	0.406183
508	0.0100045	0.0219748	0.0886418	0.00149925	0.0100511	0.058344	0.358196
509	0.0100045	0.0221595	0.0888059	0.00149925	0.0108728	0.0564231	0.358196
510	0.0100045	0.0222055	0.0888059	0.00149925	0.0109278	0.0551574	0.322251
511	0.0100045	0.022119	0.0886418	0.00149925	0.0114109	0.0531317	0.290244
512	0.0100045	0.0219771	0.0775255	0	0.0108728	0.0508814	0.251905
513	0.0100045	0.0219049	0.0727084	0	0.0109278	0.0498445	0.251905
514	0.0100045	0.022206	0.0757167	0	0.0100511	0.0465033	0.208476
515	0.0100045	0.0221907	0.0775255	0	0.0108728	0.0476255	0.281619
516	0.0100045	0.0221369	0.0757167	0	0.0100511	0.0488377	0.246364
517	0.0100045	0.0219674	0.0727084	0	0.0102284	0.04633	0.208476
518	0.0100045	0.0219563	0.0727084	0	0.0107732	0.0458705	0.189737
519	0.0100045	0.0219499	0.0727084	0	0.0100511	0.0427917	0.160229
520	0.0100045	0.022244	0.0727084	0	0.0107732	0.0414688	0.153578
521	0.0100045	0.0223615	0.0744792	0	0.0107243	0.0393972	0.143532
522	0.0100045	0.0230306	0.0808	0	0.0107243	0.037083	0.126559
523	0.0100045	0.0231742	0.0817135	0	0.0107925	0.0355983	0.123468
524	0.0100045	0.0236988	0.0886418	0	0.0106342	0.0347517	0.120133
525	0.0100045	0.0241313	0.0992592	0	0.0106342	0.0349958	0.120133
526	0.0100045	0.024289	0.101344	0	0.0107732	0.0344218	0.120133
527	0.0100045	0.0248005	0.108624	0	0.0106342	0.0347177	0.119425
528	0.0100045	0.0252063	0.109509	0	0.0107732	0.0345177	0.119425
529	0.0100045	0.0259391	0.133601	0	0.0107732	0.0344987	0.119425
530	0.0100045	0.0264676	0.135434	0	0.0107732	0.0339695	0.120233
531	0.0100045	0.0266849	0.135434	0	0.0106342	0.0334211	0.120133
532	0.0100045	0.0273521	0.143352	0	0.0107732	0.0328505	0.120233
533	0.0100045	0.0273248	0.146439	0	0.0107925	0.0326006	0.120233
534	0.0100045	0.0266476	0.143352	0	0.0107925	0.0323077	0.120133
535	0.0100045	0.0267276	0.140411	0	0.0107925	0.0320745	0.118725
536	0.0100045	0.0266615	0.140411	0	0.0100003	0.0318056	0.112664
537	0.0100045	0.0267972	0.143352	0	0.0100003	0.0315068	0.109444
538	0.0100045	0.0266291	0.140411	0	0.0103966	0.0313957	0.115726
539	0.0100045	0.0277148	0.146439	0	0.0100003	0.0321046	0.114017
540	0.0100045	0.028187	0.148814	0	0.0107587	0.032025	0.123529
541	0.0100045	0.028123	0.14827	0	0.0107587	0.03169	0.123468
542	0.0100045	0.0282953	0.154229	0	0.0100003	0.0307631	0.112664
543	0.0100045	0.0282097	0.154229	0	0.0107587	0.0310247	0.123529
544	0.0100045	0.0282064	0.156429	0	0.0107587	0.0309284	0.123529
545	0.0100045	0.0289033	0.167296	0	0.0105032	0.0313766	0.123568
546	0.0100045	0.0292392	0.167296	0	0.0107925	0.0318834	0.127201
547	0.0100045	0.0297552	0.167296	0	0.0103966	0.0321517	0.127201
548	0.0100045	0.0302088	0.167296	0	0.0103966	0.0324322	0.127691
549	0.0100045	0.0308633	0.16802	0	0.0103966	0.0330988	0.13664
550	0.0100045	0.0324237	0.201845	0	0.0107925	0.0329078	0.138425
551	0.0100045	0.0331167	0.218374	0	0.0107925	0.0327703	0.138425
552	0.0100045	0.0350995	0.237706	0.0029985	0.0107925	0.033241	0.140043
553	0.0100045	0.0346891	0.227778	0.00149925	0.0107925	0.0337157	0.140023
554	0.0100045	0.0327707	0.204539	0	0.0107925	0.0335898	0.140023
555	0.0100045	0.0320169	0.201845	0	0.0107925	0.0337051	0.140023
556	0.0100045	0.0310207	0.201845	0	0.0104112	0.0342435	0.140043
557	0.0100045	0.0304432	0.185434	0	0.0103966	0.0349966	0.147197
558	0.0100045	0.029004	0.16802	0	0.0102745	0.0338744	0.142622
559	0.0100045	0.0285377	0.167662	0	0.0103966	0.0341952	0.148516
560	0.0100045	0.0274446	0.15357	0	0.0102745	0.0345483	0.147197
561	0.0100045	0.0270505	0.138062	0	0.0102745	0.0349023	0.147197
562	0.0100045	0.0260341	0.117033	0	0.0102745	0.0350185	0.148516
563	0.0100045	0.0248716	0.0989066	0	0.0102745	0.0353938	0.147197
564	0.0100045	0.025007	0.105292	0	0.0102745	0.0356338	0.147197
565	0.0100045	0.0249338	0.105292	0	0.0102745	0.0365848	0.153455
566	0.0100045	0.0249689	0.116402	0	0.0102745	0.0377799	0.164288
567	0.0100045	0.024835	0.106188	0	0.0102745	0.0408126	0.277085
568	0.0100045	0.0240155	0.0989066	0	0.0102745	0.0413957	0.280177
569	0.0100045	0.0233753	0.0908748	0	0.0102745	0.0421787	0.280177
570	0.0100045	0.0233993	0.0908748	0	0.0102745	0.0450159	0.353065
571	0.0100045	0.0232013	0.0829556	0	0.0102745	0.0505903	0.462407
572	0.0100045	0.0231634	0.0827118	0	0.0103966	0.0527659	0.489625
573	0.0100045	0.0231021	0.0800037	0	0.0102745	0.0525364	0.447875
574	0.0100045	0.0231368	0.0800037	0	0.0103966	0.0517539	0.447451
575	0.0100045	0.0230047	0.0784343	0	0.0104583	0.0513207	0.447451
576	0.0100045	0.0229628	0.0773454	0	0.0102745	0.0478323	0.281137
577	0.0100045	0.0228507	0.073806	0	0.0104583	0.0469061	0.281137
578	0.0100045	0.0224464	0.0684779	0	0.0102745	0.0465082	0.21248
579	0.0100045	0.0219698	0.0662	0	0.0102745	0.0447483	0.176406
580	0.0100045	0.0217623	0.0642465	0	0.0102745	0.0451601	0.174469
581	0.0100045	0.0216528	0.0638347	0	0.0104583	0.0452512	0.176406
582	0.0100045	0.021529	0.0615549	0	0.0102745	0.0457568	0.174572
583	0.0100045	0.0214025	0.0615549	0	0.0102745	0.0457466	0.18632
584	0.0100045	0.021432	0.0613292	0	0.0102745	0.0457341	0.18604
585	0.0100045	0.0216046	0.0638347	0	0.0107569	0.0468594	0.204335
586	0.0100045	0.0222822	0.0684779	0.0029985	0.0104583	0.0481511	0.204335
587	0.0100045	0.0220998	0.067446	0.00149925	0.0102745	0.0498709	0.218591
588	0.0100045	0.0220002	0.067446	0	0.0102745	0.052816	0.303722
589	0.0100045	0.0214476	0.0643512	0	0.0102745	0.0531882	0.303722
590	0.0100045	0.0213112	0.0615549	0	0.0102745	0.0558203	0.303722
591	0.0100045	0.0213027	0.0613292	0	0.0104583	0.0582839	0.353065
592	0.0100045	0.0212872	0.0613292	0	0.0102745	0.0596063	0.350811
593	0.0100045	0.0213048	0.0613292	0	0.0102745	0.0616912	0.353065
594	0.0100045	0.0214982	0.0615549	0	0.0102745	0.0629306	0.367766
595	0.0100045	0.0217265	0.0642465	0	0.0104583	0.065693	0.397529
596	0.0101097	0.0218259	0.0646211	0	0.0102745	0.071699	0.398207
597	0.0101097	0.0217422	0.0646211	0	0.0107569	0.0781742	0.447451
598	0.010122	0.0217833	0.0668431	0	0.0107569	0.0787574	0.447451
599	0.0100438	0.0216785	0.0646211	0	0.0114979	0.0795338	0.464429
600	0.0101097	0.0219214	0.065449	0	0.0127985	0.0738197	0.464429
601	0.0101097	0.0219955	0.065449	0.00149925	0.0122106	0.0786129	0.447451
602	0.0100438	0.0219818	0.065449	0	0.0122106	0.0848595	0.471795
603	0.010122	0.0219453	0.065449	0	0.0121429	0.0893399	0.48048
604	0.0100438	0.0218527	0.0646211	0	0.0107569	0.102805	0.548996
605	0.0101097	0.0219388	0.065449	0	0.0112252	0.104707	0.563015
606	0.0100438	0.0220906	0.0668395	0	0.0117626	0.103103	0.563015
607	0.0100438	0.0226853	0.0765795	0	0.0116915	0.105335	0.564406
608	0.0100438	0.0231573	0.0810256	0	0.0103567	0.110222	0.563015
609	0.0100438	0.0240756	0.0901958	0	0.0103548	0.108311	0.617576
610	0.0100438	0.0248586	0.0948736	0	0.0103548	0.105316	1.16243
611	0.0100438	0.0252081	0.105176	0	0.0103548	0.0985347	1.29665
612	0.0101097	0.0256606	0.11757	0	0.0103567	0.0974383	2.61703
613	0.0100438	0.0263536	0.11956	0.00449775	0.0103548	0.100145	2.76432
614	0.0101097	0.0263961	0.119266	0.00149925	0.0103548	0.105025	2.76432
615	0.0100438	0.0267136	0.121968	0	0.0103548	0.105826	2.76432
616	0.0100438	0.0268125	0.11956	0	0.0103548	0.10689	2.76432
617	0.0101097	0.026459	0.119266	0	0.0103548	0.110158	2.76432
618	0.0100438	0.025867	0.100142	0	0.0103567	0.112737	2.61703
619	0.0100438	0.0252688	0.095911	0	0.0103548	0.11548	1.86073
620	0.0100438	0.0250584	0.095284	0	0.0116934	0.12524	3.13129
621	0.0100438	0.0249566	0.0923642	0	0.0103975	0.132264	3.58781
622	0.0100438	0.025025	0.0931922	0.00149925	0.0103548	0.146911	7.67171
623	0.0100438	0.0255122	0.0973883	0.0029985	0.0103548	0.142717	8.72871
624	0.0100438	0.0248864	0.0923642	0	0.0103548	0.145166	8.72871
625	0.0100438	0.0248932	0.0923642	0	0.0103548	0.149492	7.67171
626	0.0100438	0.0249713	0.0931922	0	0.0112553	0.161349	7.67171
627	0.0100438	0.0250495	0.0948736	0	0.0112553	0.159882	7.67171
628	0.0100438	0.0254418	0.0992927	0.0029985	0.0112553	0.158288	7.67171
629	0.0100438	0.0254539	0.105176	0.0029985	0.0104121	0.153415	7.67171
630	0.0100438	0.0255855	0.11757	0.0029985	0.0115737	0.119112	2.63319
631	0.0100438	0.0255522	0.11757	0.0029985	0.0116934	0.103358	1.86073
632	0.0100438	0.0250431	0.0973883	0	0.0104121	0.0984796	1.31824
633	0.0101097	0.0249836	0.0952417	0	0.0115737	0.0884216	0.968077
634	0.0100438	0.0249511	0.0920042	0	0.0110168	0.0831214	0.569171
635	0.0101097	0.0246586	0.0902369	0	0.0104121	0.0795484	0.482438
636	0.0101097	0.0246621	0.0894587	0.00149925	0.0116934	0.0776211	0.458448
637	0.0101097	0.0251932	0.0907299	0.005997	0.0116934	0.0786058	0.457412
638	0.010122	0.0253694	0.094069	0.005997	0.0116934	0.0779309	0.457412
639	0.010122	0.0253128	0.094069	0.005997	0.0116934	0.0787925	0.457412
640	0.0101097	0.0251662	0.0907299	0.005997	0.0104121	0.0785043	0.417191
641	0.0101097	0.0250289	0.0880293	0.00149925	0.0113795	0.0778347	0.417191
642	0.0101097	0.0245162	0.0847138	0	0.0113795	0.076721	0.417191
643	0.0101097	0.0248126	0.0870625	0	0.0101328	0.078118	0.417191
644	0.0101097	0.0248228	0.0870625	0	0.0101319	0.0773443	0.391243
645	0.0101097	0.0249394	0.0875735	0	0.0113795	0.0762002	0.417191
646	0.0101097	0.0251373	0.0875735	0	0.0116934	0.0760573	0.391243
647	0.0101147	0.0250272	0.0874361	0	0.0116934	0.0741063	0.389816
648	0.0101147	0.0246047	0.0816508	0	0.0116934	0.0740274	0.389816
649	0.0101147	0.0245432	0.0817871	0	0.0116934	0.0734283	0.389816
650	0.0101596	0.0250133	0.0875735	0.0029985	0.0113795	0.0741311	0.370735
651	0.0101147	0.025031	0.0874361	0.00449775	0.0119065	0.0752391	0.389816
652	0.0101147	0.0256809	0.0934723	0.0089955	0.0119065	0.0755969	0.389816
653	0.0101147	0.025866	0.0924341	0.0089955	0.0119065	0.0755905	0.370735
654	0.0101147	0.0259024	0.0924341	0.00749625	0.0120528	0.0777423	0.391243
655	0.0101147	0.0265622	0.0941829	0.00749625	0.0113795	0.0889467	0.417191
656	0.0101147	0.0264591	0.0948736	0	0.0113795	0.0892262	0.569171
657	0.010122	0.0269869	0.105229	0	0.0119065	0.0840449	0.391243
658	0.0101147	0.0270409	0.105229	0	0.0139608	0.077127	0.417191
659	0.0101596	0.0273095	0.117821	0	0.0143102	0.0773074	0.42292
660	0.0101596	0.0274297	0.117821	0	0.0119065	0.0792522	0.36177
661	0.0101147	0.028247	0.121031	0	0.0143283	0.0821391	0.42292
662	0.0101147	0.0288325	0.128615	0	0.0161314	0.0821268	0.42292
663	0.0101147	0.0294742	0.128615	0	0.0151573	0.0821854	0.391243
664	0.0101147	0.0297154	0.13511	0	0.0151573	0.0752871	0.36177
665	0.0101147	0.0296256	0.128615	0	0.010922	0.0710833	0.2646
666	0.0101147	0.0299723	0.12795	0	0.010922	0.0680439	0.259348
667	0.0101147	0.0307797	0.139287	0	0.0115466	0.0656443	0.259523
668	0.010122	0.0308868	0.14395	0	0.010922	0.0629935	0.234226
669	0.0101147	0.0311361	0.14395	0	0.010922	0.060319	0.18303
670	0.0101147	0.0313251	0.147962	0	0.010922	0.0580769	0.174933
671	0.0101147	0.0313962	0.14395	0	0.010922	0.0573138	0.172925
672	0.0101596	0.0320926	0.150596	0	0.010922	0.0552631	0.160972
673	0.0101147	0.0331895	0.155868	0	0.010922	0.0556804	0.162363
674	0.0101596	0.033519	0.161826	0.00149925	0.010922	0.0561035	0.163165
675	0.0101596	0.0343275	0.155868	0	0.010922	0.0560782	0.165486
676	0.0101596	0.0351392	0.155868	0	0.010639	0.0574399	0.165486
677	0.0101596	0.0368679	0.167588	0.0029985	0.010922	0.0582778	0.165486
678	0.0100424	0.0382921	0.17393	0.0029985	0.0115466	0.0595827	0.181147
679	0.0100424	0.0392458	0.179799	0.0029985	0.0111898	0.0609268	0.181147
680	0.0100424	0.0404499	0.184357	0.0029985	0.0110924	0.0615852	0.182997
681	0.0100424	0.0407818	0.184357	0	0.010922	0.0648383	0.190733
682	0.0100424	0.0426007	0.209787	0	0.010922	0.0670481	0.190733
683	0.0100424	0.0442519	0.231861	0.00149925	0.0109244	0.0759003	0.26667
684	0.0101596	0.045163	0.249805	0.00449775	0.0115466	0.079994	0.342516
685	0.0100424	0.0479705	0.30158	0.00449775	0.0120575	0.0814227	0.351457
686	0.0109915	0.0514908	0.373086	0.00449775	0.0124642	0.0871321	0.353934
687	0.0113297	0.0514656	0.373086	0.00449775	0.0175427	0.0823719	0.441428
688	0.0110307	0.0502532	0.373086	0.00449775	0.0173998	0.084912	0.441428
689	0.0102354	0.050023	0.370811	0.00449775	0.0124642	0.0865294	0.342516
690	0.0102354	0.0502162	0.370811	0.00449775	0.0122641	0.0910841	0.351457
691	0.0107102	0.0498581	0.38239	0.00449775	0.0106179	0.0958809	0.342516
692	0.0107102	0.0502608	0.370811	0.00449775	0.0163437	0.0957057	0.489904
693	0.0107206	0.0510149	0.370811	0.00449775	0.0224295	0.0957087	0.469331
694	0.0107206	0.0529467	0.370811	0.00449775	0.0173998	0.0925535	0.351457
695	0.0106624	0.0532156	0.370811	0.00449775	0.0173998	0.0917338	0.351457
696	0.0100424	0.0568378	0.38239	0.00449775	0.0174858	0.0913128	0.356643
697	0.0107206	0.0595637	0.43796	0.00749625	0.0168946	0.0916222	0.351457
698	0.0106624	0.061888	0.442768	0.005997	0.0171163	0.0927423	0.397331
699	0.0107206	0.0625899	0.460357	0.00749625	0.0174858	0.0940769	0.439814
700	0.0100424	0.0635781	0.46575	0.0164918	0.0174858	0.097122	0.441428
701	0.0104671	0.0545866	0.43796	0.0164918	0.0168946	0.0984224	0.450574
702	0.0100424	0.0471296	0.348735	0.0149925	0.0168946	0.0973217	0.441428
703	0.0100424	0.040707	0.196063	0.005997	0.0174858	0.0941436	0.441428
704	0.0100424	0.0377748	0.155597	0	0.0174858	0.0926843	0.441428
705	0.0100424	0.0371523	0.151419	0	0.0174858	0.0910121	0.441428
706	0.0103121	0.035852	0.151419	0	0.0134405	0.092229	0.441428
707	0.0100424	0.0362872	0.151419	0.005997	0.0134405	0.0904703	0.450574
708	0.0100424	0.0358151	0.147962	0.005997	0.0168946	0.0889771	0.54334
709	0.0100424	0.0364355	0.151419	0.0104948	0.0119626	0.0858909	0.376983
710	0.0100424	0.0342781	0.138351	0	0.0168946	0.0780528	0.450574
711	0.0100424	0.0334295	0.132484	0	0.0119626	0.0819481	0.376983
712	0.0100424	0.0334263	0.127364	0	0.013412	0.0850197	0.476705
713	0.0100424	0.0327928	0.119588	0	0.0119626	0.085833	0.469331
714	0.0100424	0.0328119	0.119588	0	0.0119626	0.0863078	0.469331
715	0.0100424	0.0332435	0.127364	0.00449775	0.0119626	0.0819644	0.450574
716	0.0100424	0.0329921	0.130575	0.00449775	0.0100035	0.0772759	0.3697
717	0.0100424	0.0321949	0.119068	0.00449775	0.0107295	0.0679314	0.270293
718	0.0100424	0.0321401	0.116052	0.00449775	0.0112809	0.0654503	0.263859
719	0.0100424	0.0315501	0.114422	0	0.0112809	0.0641964	0.239617
720	0.0100424	0.0311919	0.108518	0	0.0112809	0.0647036	0.263859
721	0.0100424	0.0305482	0.10419	0	0.0112809	0.0598906	0.228287
722	0.0100424	0.030571	0.10419	0	0.0112809	0.0582624	0.236916
723	0.0100424	0.0306725	0.107895	0	0.0112809	0.059625	0.26667
724	0.0100424	0.0307593	0.112401	0	0.0112809	0.0614147	0.286652
725	0.0100424	0.0303905	0.108518	0	0.0112809	0.0592388	0.274261
726	0.0100424	0.0299728	0.104954	0	0.0112809	0.0588114	0.274261
727	0.0100424	0.030069	0.112401	0	0.0112809	0.0596086	0.286652
728	0.0100424	0.0292512	0.10419	0	0.0112809	0.0601022	0.311362
729	0.0100424	0.0287672	0.0973632	0	0.0112809	0.0606769	0.311362
730	0.0100424	0.0284635	0.0952358	0	0.0112809	0.0603076	0.311362
731	0.0100424	0.0282212	0.0937897	0	0.0112809	0.0592075	0.308716
732	0.0100424	0.0284339	0.0952358	0	0.0100924	0.0582278	0.274681
733	0.0100424	0.0284389	0.0944311	0	0.0100035	0.0575269	0.2743
734	0.0100424	0.0286949	0.0952358	0	0.0112809	0.0575702	0.308716
735	0.0100424	0.0284691	0.0944311	0	0.0112809	0.0580526	0.310607
736	0.0100424	0.0284177	0.0957161	0	0.0112809	0.0599134	0.311362
737	0.0100424	0.0285126	0.0967267	0	0.0111336	0.0642371	0.402691
738	0.0100424	0.0284827	0.0967267	0	0.0111336	0.0632538	0.409634
739	0.0100424	0.0280546	0.0944311	0	0.0111336	0.0660701	0.435354
740	0.0100734	0.0281021	0.0940045	0	0.0111336	0.0681052	0.449688
741	0.0100424	0.0279459	0.0929186	0	0.0111336	0.0690826	0.449688
742	0.0100424	0.0276841	0.0895778	0	0.0111336	0.073206	0.431364
743	0.0100444	0.0276463	0.0913765	0	0.0111336	0.07247	0.40269
744	0.0100424	0.0277695	0.0913765	0	0.011971	0.0767782	0.450417
745	0.0100424	0.0276422	0.0889328	0	0.011971	0.0817483	0.450417
746	0.0100424	0.0276908	0.0889328	0	0.011971	0.0835226	0.450417
747	0.0100424	0.0277989	0.0889328	0	0.011971	0.0845203	0.438632
748	0.0100424	0.0280057	0.0940045	0	0.0111027	0.092472	0.450417
749	0.0100424	0.0282297	0.0952358	0	0.0111027	0.096558	0.49743
750	0.0100424	0.0281597	0.0889328	0.00149925	0.0127853	0.10497	0.574711
751	0.0100424	0.0282324	0.0951216	0	0.0127853	0.106566	0.559615
752	0.0100424	0.0283796	0.0954352	0	0.0133279	0.111964	0.559615
753	0.0100424	0.0284881	0.0957161	0	0.013073	0.120226	0.574711
754	0.0100424	0.0286688	0.0967267	0	0.0143461	0.129105	0.739016
755	0.0100424	0.0288643	0.0985568	0	0.0133279	0.132941	0.717758
756	0.0100424	0.0287677	0.0957161	0	0.0133279	0.141268	0.717758
757	0.0100424	0.0284945	0.0985568	0	0.0143461	0.14535	0.739016
758	0.0100424	0.0286554	0.0993717	0	0.0143461	0.158787	0.739016
759	0.0100424	0.028686	0.0993717	0	0.0143461	0.179107	0.750082
760	0.0100424	0.0283469	0.0967267	0	0.0143461	0.216	0.902617
761	0.0100424	0.0285042	0.0987806	0	0.0226371	0.239595	1.26151
762	0.0100424	0.028808	0.0993717	0	0.0499117	0.271782	1.13688
763	0.0100424	0.0289378	0.100228	0	0.0469456	0.278386	1.13688
764	0.0100424	0.0295374	0.10344	0	0.0416259	0.256186	1.26151
765	0.0100424	0.0300977	0.11666	0	0.0392812	0.253719	0.918734
766	0.0100424	0.030307	0.118069	0	0.0353227	0.262025	0.918734
767	0.0100424	0.0311657	0.126532	0.0029985	0.0416259	0.258549	0.918734
768	0.0100424	0.032386	0.14833	0.0029985	0.0329006	0.244479	0.902617
769	0.0100424	0.0328337	0.162195	0	0.0392812	0.241681	0.892885
770	0.0100919	0.0332327	0.170728	0	0.0329006	0.23988	0.798471
771	0.0100424	0.0331412	0.166579	0	0.0412673	0.236072	0.833742
772	0.0100424	0.0337087	0.170727	0	0.0499117	0.240434	0.833742
773	0.0100424	0.0343886	0.170727	0	0.0499117	0.246723	0.816424
774	0.0100424	0.034699	0.164715	0	0.0499117	0.241305	0.798471
775	0.0100424	0.0346276	0.159025	0	0.0499117	0.239944	0.731498
776	0.0100424	0.0351306	0.159025	0	0.0524735	0.244059	0.750082
777	0.0100424	0.0350781	0.156377	0	0.0750568	0.25199	0.884777
778	0.0100424	0.0355266	0.156377	0.00149925	0.0750568	0.255494	0.816424
779	0.0100424	0.0357875	0.156377	0.00149925	0.0830957	0.259907	0.959327
780	0.0100424	0.036622	0.161144	0.00149925	0.0756187	0.264984	0.959327
781	0.0100919	0.0368353	0.158415	0.00149925	0.093403	0.285748	0.959327
782	0.0100919	0.0381063	0.156377	0.00149925	0.093403	0.304742	0.959327
783	0.0100919	0.0386354	0.159025	0	0.0998566	0.29457	0.959327
784	0.0100919	0.0390952	0.164715	0	0.0998566	0.294392	0.959327
785	0.0100919	0.0398682	0.170727	0	0.0998566	0.289987	0.959327
786	0.0100919	0.0421899	0.190247	0	0.0903576	0.300765	1.07526
787	0.0100919	0.0406252	0.190247	0	0.0803787	0.281767	1.11038
788	0.0100919	0.0401722	0.19842	0	0.0573032	0.262434	1.30538
789	0.0100919	0.0393862	0.18858	0	0.0429359	0.248999	1.13246
790	0.0100919	0.0385452	0.180452	0	0.0265138	0.224683	1.29989
791	0.0100919	0.0390333	0.185138	0	0.0105438	0.201637	0.721312
792	0.0101186	0.0393461	0.18858	0.0029985	0.0105438	0.222415	4.87697
793	0.0101233	0.0402279	0.220027	0.0029985	0.0105438	0.260673	28.9215
794	0.0101233	0.040735	0.235192	0.0029985	0.011021	0.244867	28.9215
795	0.0101233	0.0401984	0.220772	0.00149925	0.0108126	0.184723	2.36148
796	0.0101233	0.0415048	0.235192	0	0.0104263	0.153872	0.833742
797	0.0101186	0.040843	0.220027	0	0.0108126	0.133025	0.630561
798	0.0101186	0.0413071	0.212363	0	0.0108126	0.121578	0.57986
799	0.0101233	0.0405473	0.202479	0	0.0108126	0.110656	0.538098
800	0.0101186	0.04042	0.19842	0	0.0100075	0.0972225	0.453824
801	0.0101233	0.0396904	0.192905	0	0.0101861	0.0927792	0.439964
802	0.0101233	0.0399315	0.192905	0	0.0100075	0.0911794	0.411338
803	0.0101186	0.0404858	0.202479	0	0.0100075	0.0866801	0.40269
804	0.0101186	0.040783	0.217001	0.00149925	0.0100075	0.0866512	0.42369
805	0.0101233	0.0403285	0.220027	0.00149925	0.0102472	0.0866288	0.439964
806	0.0101186	0.0404636	0.217783	0	0.0100075	0.0926932	0.539676
807	0.0101186	0.0414094	0.220027	0.00449775	0.0100075	0.09592	0.57704
808	0.0101233	0.0421686	0.235192	0.00449775	0.0100075	0.0981803	0.660351
809	0.0101233	0.0419814	0.227898	0.00449775
