		omega		Posterior		rho				Synonymous theta			kappa			phi	
Site	Lower	Point	Higher	prob of +ve	Lower	Point	Higher		Lower	Point	Higher	Lower	Point	Higher	Lower	Point	Higher
	95% HPD	estimate	95% HPD	selection	95% HPD	estimate	95% HPD		95% HPD	estimate	95% HPD	95% HPD	estimate	95% HPD	95% HPD	estimate	95% HPD
0	0.0100654	0.0817457	1.43321	0.065967	0.0248791	2.3782	93.7911		0.00585768	0.00961078	0.0185022	1.32227	3.191	7.30583	0	0	0
1	0.0100654	0.0797208	1.44916	0.0629685	0.0248115	2.33462	95.0399
2	0.0114667	0.0785915	1.64233	0.0629685	0.0248115	2.35019	95.0399
3	0.0100654	0.0733315	1.35615	0.0554723	0.0229638	2.01315	93.7911
4	0.0100654	0.0687848	0.849553	0.0389805	0.0222346	1.65651	95.0399
5	0.0100303	0.0680507	0.849553	0.0404798	0.0217813	1.55073	93.7911
6	0.0100654	0.0667511	0.830994	0.0329835	0.0229638	1.62715	93.7911
7	0.0111777	0.067473	0.899969	0.029985	0.0248586	1.82811	93.7911
8	0.0100303	0.0660279	0.777803	0.0284858	0.0377005	2.02973	98.2151
9	0.0111777	0.0664054	0.865121	0.0284858	0.0449634	2.35613	98.2151
10	0.0100303	0.0669726	0.744207	0.0284858	0.0449634	2.27847	98.2151
11	0.0100303	0.0671705	0.744207	0.0254873	0.0491363	2.42361	95.0399
12	0.0100654	0.065322	0.744207	0.0254873	0.0340953	1.85947	98.2151
13	0.0100303	0.066771	0.744207	0.029985	0.0250329	1.57336	93.7911
14	0.0100303	0.0662827	0.744207	0.0284858	0.0203894	1.28728	95.0399
15	0.0100303	0.0638738	0.754835	0.0284858	0.017855	1.29226	99.6849
16	0.0100303	0.0647742	0.838277	0.0344828	0.0135993	1.21917	68.9108
17	0.0100654	0.0664261	0.849553	0.035982	0.012762	1.22834	66.2475
18	0.0100303	0.0688099	1.01449	0.0509745	0.012762	1.08908	64.2113
19	0.0100303	0.0666227	0.981066	0.0494753	0.0130328	0.977718	62.3575
20	0.0109455	0.0610969	0.894303	0.035982	0.0117784	0.866808	53.1987
21	0.0100654	0.0581139	0.744207	0.0314843	0.0117784	0.835987	53.1987
22	0.0100654	0.0578596	0.721904	0.029985	0.0131289	0.807783	66.8792
23	0.0100654	0.0560255	0.683915	0.0269865	0.0131289	0.846019	69.2473
24	0.0100654	0.0561422	0.683915	0.0254873	0.0133635	0.89331	71.2009
25	0.0100654	0.0566111	0.658091	0.0224888	0.0130328	0.882266	66.8792
26	0.0100654	0.0547765	0.625559	0.0194903	0.0130328	0.947777	71.8669
27	0.0100654	0.0554677	0.655494	0.0209895	0.0133635	1.0413	75.931
28	0.0100654	0.0560446	0.662542	0.0254873	0.0133635	0.991706	75.931
29	0.0100654	0.0553723	0.662542	0.023988	0.0130328	0.916661	72.9976
30	0.0100654	0.0558386	0.710497	0.0284858	0.0133635	0.917702	72.9976
31	0.0100654	0.0555293	0.744207	0.0329835	0.0131995	0.855176	72.9976
32	0.0100654	0.0548544	0.744207	0.0329835	0.0133635	0.844449	71.2009
33	0.0100654	0.0551315	0.744207	0.0344828	0.0135191	0.921041	72.1066
34	0.0100241	0.0569611	0.757279	0.035982	0.0131995	1.08117	72.1066
35	0.0100241	0.0598794	0.820472	0.0389805	0.0173017	1.16722	98.1936
36	0.0100654	0.0628481	1.01449	0.0509745	0.0131995	1.18933	80.1674
37	0.0100241	0.0608497	0.845675	0.0449775	0.0163814	1.18559	99.6182
38	0.0100241	0.0604741	0.845675	0.0449775	0.0159801	1.13651	98.1936
39	0.0100241	0.0568319	0.820472	0.041979	0.0163814	1.08794	99.6182
40	0.0100241	0.0538715	0.714574	0.0344828	0.0175133	1.12928	97.213
41	0.0100241	0.052395	0.629782	0.0329835	0.017615	1.14504	97.213
42	0.0100654	0.052581	0.610801	0.0284858	0.0175133	1.16537	97.213
43	0.0100654	0.0535216	0.591358	0.0269865	0.0156228	1.12922	83.3725
44	0.0100241	0.0554595	0.610801	0.0314843	0.0184068	1.07547	97.213
45	0.0100241	0.0554038	0.625559	0.0314843	0.0166542	1.06726	83.3725
46	0.0100654	0.0545914	0.610801	0.0284858	0.0166542	0.960342	83.3725
47	0.0100241	0.0562631	0.625559	0.029985	0.0166542	0.920099	80.1674
48	0.0100241	0.0557524	0.610801	0.029985	0.0172771	0.880613	76.5691
49	0.0100241	0.0563256	0.714574	0.0314843	0.0169958	0.817066	77.6734
50	0.0100654	0.0573054	0.744207	0.035982	0.0172771	0.703078	77.6734
51	0.0100241	0.0583659	0.780418	0.0374813	0.0101748	0.553058	48.4304
52	0.0100241	0.0619287	0.806608	0.0389805	0.0124991	0.4972	53.8731
53	0.0100241	0.064522	0.810169	0.0389805	0.0124991	0.482554	53.8731
54	0.0100241	0.0670375	0.882836	0.0389805	0.0126768	0.462173	50.5691
55	0.0100241	0.0688426	0.862521	0.0389805	0.0130415	0.463169	50.5691
56	0.0100241	0.0702707	0.810169	0.0389805	0.0130415	0.446365	51.7515
57	0.0100542	0.0724215	0.867641	0.0374813	0.0130415	0.47369	54.7849
58	0.0100542	0.0729951	0.867641	0.0374813	0.0104203	0.542174	50.0492
59	0.0100241	0.0738851	0.889169	0.0404798	0.0104203	0.561178	50.5691
60	0.0100241	0.0746887	0.889169	0.0404798	0.0104203	0.574475	54.7849
61	0.0100241	0.0752514	0.862521	0.035982	0.0104203	0.559266	54.7849
62	0.0100542	0.0796499	0.913022	0.0434783	0.0100584	0.529372	51.8148
63	0.0100542	0.0797039	0.913022	0.041979	0.0104893	0.494865	53.8969
64	0.0100542	0.0836352	0.955743	0.0464768	0.0104497	0.483253	53.8969
65	0.0100241	0.0823155	1.01571	0.0509745	0.0104497	0.526406	54.3617
66	0.0100241	0.0824585	0.955743	0.0494753	0.0104497	0.584578	58.4515
67	0.0100542	0.0891413	1.19787	0.0644678	0.0104497	0.596914	64.4616
68	0.0100241	0.0919828	1.16721	0.0614693	0.0144226	0.705176	90.4233
69	0.0100241	0.0981254	1.16721	0.0614693	0.0144226	0.680511	90.4233
70	0.0100241	0.101321	1.20749	0.0644678	0.0124614	0.673602	72.3577
71	0.0100241	0.107901	1.3506	0.0704648	0.0124614	0.63567	70.9313
72	0.0100241	0.116914	1.43337	0.0764618	0.0114107	0.668218	65.0746
73	0.0100241	0.126269	1.56253	0.0884558	0.0113498	0.688907	65.0746
74	0.0100542	0.132926	1.9215	0.101949	0.0109141	0.769878	66.8025
75	0.0100241	0.153894	2.11466	0.133433	0.0104497	0.842373	66.8025
76	0.0100542	0.190067	2.51154	0.17991	0.0104497	0.827128	66.8025
77	0.0100542	0.246294	3.71113	0.238381	0.0140675	0.816438	90.4754
78	0.0100542	0.331435	4.41888	0.308846	0.0102607	0.789459	64.7752
79	0.0114043	0.504163	7.55626	0.407796	0.0102607	0.750588	63.3461
80	0.112225	1.42302	35.197	0.623688	0.0104482	0.655959	47.9093
81	0.104312	1.35028	24.9121	0.611694	0.0109678	0.570536	49.6829
82	0.100732	1.33815	24.9121	0.614693	0.0104482	0.60661	47.9093
83	0.0918752	1.36198	31.1379	0.61919	0.0104482	0.586411	47.9093
84	0.0918752	1.38228	35.0767	0.611694	0.0109678	0.527247	47.9093
85	0.031932	0.866988	10.4388	0.508246	0.0104482	0.482593	44.9444
86	0.0175246	0.522667	8.49789	0.389805	0.0104482	0.427422	38.5888
87	0.0128739	0.403434	4.64893	0.31934	0.0104395	0.396832	35.5472
88	0.0141879	0.338932	3.02665	0.283358	0.0104395	0.307576	34.9522
89	0.0163025	0.312676	2.99146	0.257871	0.0104395	0.257023	35.5472
90	0.0188015	0.306402	3.02665	0.250375	0.0101998	0.249083	34.9145
91	0.0179617	0.30596	3.02665	0.250375	0.0104395	0.238581	35.5472
92	0.0175829	0.270988	2.99146	0.235382	0.0101998	0.222388	34.7676
93	0.0161254	0.244652	2.79624	0.218891	0.0101545	0.192156	26.8467
94	0.0161254	0.247771	2.66286	0.214393	0.0101545	0.178489	26.8467
95	0.0161254	0.245474	2.66286	0.211394	0.0101545	0.172457	21.7436
96	0.0161254	0.247667	2.47248	0.205397	0.0101545	0.168617	17.9867
97	0.0161254	0.238104	2.82817	0.203898	0.0101545	0.182088	20.6322
98	0.0108181	0.272873	2.99146	0.227886	0.0101545	0.18884	22.223
99	0.0127206	0.236626	2.82817	0.203898	0.0101545	0.170784	24.113
100	0.0108181	0.204323	2.01511	0.166417	0.0101545	0.170693	24.5255
101	0.0108181	0.187854	1.77998	0.143928	0.0101545	0.190375	34.7676
102	0.0108181	0.185252	1.77608	0.14093	0.0101545	0.206447	35.3704
103	0.0100638	0.207883	1.78877	0.146927	0.0101545	0.211467	35.3704
104	0.0108181	0.214782	2.04756	0.149925	0.0101998	0.21844	39.1633
105	0.0102631	0.238485	2.22106	0.163418	0.0101545	0.214792	39.1633
106	0.01349	0.249856	2.75905	0.163418	0.0101998	0.223016	39.1633
107	0.01349	0.256284	2.91689	0.167916	0.0101998	0.224479	39.1633
108	0.0130563	0.260648	3.06198	0.176912	0.0101545	0.229588	40.221
109	0.0100362	0.255827	2.37869	0.17991	0.0101545	0.264748	41.7848
110	0.0108116	0.270587	2.75905	0.196402	0.0101545	0.270834	42.1564
111	0.0102631	0.313043	3.14076	0.230885	0.0101998	0.290634	44.9785
112	0.0108116	0.385644	5.61513	0.265367	0.0101545	0.303467	45.0023
113	0.0468728	0.729688	56.8382	0.377811	0.0104395	0.282246	50.549
114	0.0110936	0.356316	3.91995	0.263868	0.0104395	0.256763	45.0023
115	0.0110936	0.294187	2.51154	0.22039	0.0108167	0.308043	53.7458
116	0.0107652	0.264393	2.37869	0.208396	0.0109287	0.265476	45.0023
117	0.0107652	0.231677	1.99638	0.181409	0.0108167	0.245238	44.0112
118	0.0107652	0.207764	1.91378	0.161919	0.0106688	0.265749	44.0112
119	0.0107265	0.204468	1.95312	0.158921	0.0104831	0.294499	45.0023
120	0.0107652	0.197463	1.95656	0.152924	0.0108167	0.361748	66.8864
121	0.0104171	0.185878	1.75608	0.14093	0.0106688	0.426043	70.5248
122	0.0107265	0.182956	1.82595	0.143928	0.0106688	0.458264	70.5248
123	0.0110002	0.167015	1.82595	0.131934	0.0106688	0.485504	70.7831
124	0.0107265	0.165794	1.81777	0.134933	0.0104831	0.508895	70.7831
125	0.0107265	0.174773	1.91378	0.14093	0.0106688	0.520535	70.7831
126	0.0110936	0.162336	1.80037	0.125937	0.0106688	0.545707	70.7831
127	0.0110936	0.15645	1.80037	0.127436	0.0101545	0.596686	70.7831
128	0.0110936	0.15948	1.80037	0.133433	0.0106688	0.717062	66.8864
129	0.011292	0.154773	1.80037	0.130435	0.0110375	0.675804	55.9445
130	0.0106824	0.144511	1.56585	0.112444	0.0106688	0.663014	52.7472
131	0.0104171	0.13676	1.41429	0.101949	0.0108167	0.645711	45.0023
132	0.0105075	0.128388	1.37775	0.095952	0.0106688	0.63376	45.0023
133	0.0106824	0.125503	1.37775	0.0914543	0.0106688	0.63162	51.6424
134	0.0106824	0.12282	1.4043	0.0869565	0.0108622	0.735473	56.601
135	0.0106824	0.116764	1.37775	0.0794603	0.0106688	0.702905	52.8096
136	0.0112576	0.115652	1.4043	0.0749625	0.0106688	0.672366	54.4582
137	0.0113942	0.11562	1.41429	0.0734633	0.0103327	0.662513	51.6424
138	0.0113942	0.108848	1.4043	0.0689655	0.0103327	0.688483	52.4402
139	0.0103764	0.099848	1.23646	0.0569715	0.0103327	0.664084	55.6654
140	0.0103764	0.0974187	1.23646	0.053973	0.0103327	0.639191	55.7891
141	0.0103324	0.093924	1.23646	0.0554723	0.0103327	0.677799	62.9723
142	0.0101321	0.0915665	1.23646	0.0554723	0.0103327	0.731735	67.05
143	0.0101321	0.0877287	1.23646	0.0554723	0.0106688	0.718159	67.05
144	0.0103324	0.0855087	1.23646	0.0554723	0.0106688	0.648335	65.8549
145	0.0100479	0.0825619	1.23646	0.0554723	0.0106688	0.639041	65.8549
146	0.0100479	0.0778988	0.996039	0.0494753	0.0110375	0.696075	65.8549
147	0.0100479	0.0757483	0.951182	0.047976	0.0110375	0.74238	65.8549
148	0.0100479	0.0738361	0.814122	0.0434783	0.0103406	0.890803	65.8549
149	0.0103994	0.0726975	0.808146	0.0374813	0.0106688	0.999105	65.8549
150	0.0100479	0.0723819	0.764672	0.035982	0.0103406	0.855469	65.8549
151	0.0103994	0.0734541	0.791023	0.035982	0.0110375	0.82533	74.7401
152	0.0103994	0.0748782	0.791023	0.035982	0.0103406	0.805101	65.8549
153	0.0103324	0.0717323	0.732319	0.0284858	0.0110375	0.811297	74.7401
154	0.0103324	0.0704207	0.724663	0.0254873	0.0139772	0.82801	93.4475
155	0.0103324	0.0668322	0.576284	0.0194903	0.0139772	0.858847	93.4475
156	0.0103994	0.0674472	0.576284	0.017991	0.0141329	0.896853	93.4475
157	0.0101321	0.0668958	0.605723	0.0209895	0.0156454	0.985591	99.5656
158	0.0101321	0.0682473	0.623386	0.0194903	0.0156454	1.04352	93.4475
159	0.0100952	0.0685195	0.623386	0.0209895	0.0156465	0.993702	93.4475
160	0.0100001	0.0691837	0.623386	0.0209895	0.0176797	1.0189	93.4475
161	0.0100001	0.069192	0.663556	0.0284858	0.0177506	1.00223	93.4475
162	0.0100001	0.0690128	0.67507	0.0269865	0.0168091	0.939994	93.4475
163	0.0100001	0.0718558	0.67507	0.0254873	0.0175651	0.939813	95.7713
164	0.0100001	0.070752	0.646903	0.0209895	0.0175651	0.933118	93.4475
165	0.0100001	0.0730436	0.661738	0.0224888	0.0188179	0.889727	95.7713
166	0.0100001	0.0754397	0.724663	0.029985	0.0176797	0.767247	95.7713
167	0.0100001	0.0771398	0.857076	0.0389805	0.0176797	0.70267	95.7713
168	0.0100001	0.0797292	0.996039	0.0494753	0.017208	0.707505	93.4475
169	0.0100001	0.0774926	0.951182	0.0464768	0.017208	0.655888	93.4475
170	0.0100001	0.0786857	0.951182	0.047976	0.0176797	0.677621	93.4475
171	0.0100001	0.0813168	1.0952	0.053973	0.0187165	0.722809	95.7713
172	0.0100001	0.0827183	1.0952	0.0554723	0.0191747	0.764424	93.4475
173	0.0100001	0.0857276	1.22684	0.0644678	0.0191747	0.77702	93.4475
174	0.0100001	0.0923752	1.29857	0.0689655	0.0187165	0.718928	87.7303
175	0.0100001	0.0926582	1.25409	0.0674663	0.0228858	0.672712	91.3679
176	0.0100001	0.0973078	1.22771	0.0644678	0.0201604	0.592543	91.0061
177	0.0100001	0.0979732	1.11926	0.0629685	0.0201604	0.584758	91.0061
178	0.0100001	0.102463	1.0952	0.0629685	0.0187165	0.554326	87.7303
179	0.0100001	0.109041	1.25409	0.0734633	0.0122931	0.518916	41.2673
180	0.0100001	0.116779	1.28123	0.0794603	0.0132182	0.49326	41.2673
181	0.0100001	0.119809	1.29857	0.0854573	0.0141083	0.492181	40.8661
182	0.0100001	0.130279	1.43026	0.106447	0.0141329	0.501163	40.8661
183	0.0100001	0.159552	1.58342	0.133433	0.0141329	0.476881	40.8661
184	0.0107626	0.184236	1.95692	0.16042	0.0141083	0.454117	40.2284
185	0.0112169	0.214363	2.30264	0.185907	0.0144932	0.462661	40.8661
186	0.0135718	0.241596	2.70256	0.197901	0.0125253	0.436678	33.2311
187	0.0135718	0.284837	2.70256	0.224888	0.0125253	0.410241	32.3561
188	0.0179351	0.362755	3.69811	0.266867	0.0118714	0.399482	32.3561
189	0.0265531	0.449923	4.16859	0.304348	0.0125253	0.371411	33.2311
190	0.0360623	0.490036	4.16859	0.32084	0.0139858	0.363701	40.8661
191	0.0197211	0.463354	3.69811	0.317841	0.0118714	0.320246	26.5011
192	0.0144749	0.405117	2.7577	0.295352	0.0118714	0.261379	26.5011
193	0.0141428	0.36681	2.68365	0.278861	0.0114209	0.237738	20.2708
194	0.0144749	0.344577	2.68365	0.263868	0.0101206	0.222016	17.7708
195	0.0121382	0.329233	2.30264	0.253373	0.0101206	0.203799	14.1707
196	0.0121382	0.30176	2.30264	0.238381	0.010292	0.197205	14.1707
197	0.0122756	0.286781	2.30264	0.229385	0.0101206	0.176643	8.00347
198	0.0121382	0.276708	2.27979	0.223388	0.010292	0.171922	8.41604
199	0.0121382	0.274933	2.26817	0.224888	0.0101206	0.175885	20.2708
200	0.0121382	0.274015	2.30264	0.223388	0.010292	0.179168	26.5011
201	0.0121382	0.280141	2.30264	0.223388	0.0101206	0.16859	18.9752
202	0.0121382	0.277505	2.30264	0.218891	0.0101206	0.164962	16.9295
203	0.0121382	0.277869	2.30264	0.215892	0.010292	0.149208	7.47984
204	0.0121382	0.280473	2.30264	0.214393	0.010292	0.129019	5.68687
205	0.0121382	0.291901	2.31276	0.217391	0.010292	0.114937	4.06511
206	0.0121382	0.293639	2.53636	0.218891	0.0101206	0.103005	3.57517
207	0.0121382	0.320973	3.044	0.233883	0.0101206	0.100632	3.25316
208	0.0121382	0.34867	3.91457	0.248876	0.0101206	0.0969005	3.04615
209	0.0265531	0.427097	8.02913	0.283358	0.010292	0.0922203	3.04496
210	0.0362416	0.548577	9.8461	0.332834	0.010292	0.0852015	3.04496
211	0.0164137	0.379281	6.44899	0.257871	0.0101206	0.0758098	2.57647
212	0.0109193	0.279741	3.18433	0.203898	0.010292	0.0738451	2.57647
213	0.0122716	0.242252	2.91246	0.178411	0.010292	0.0752553	2.57647
214	0.0109193	0.19226	2.1778	0.136432	0.0101206	0.0737273	2.87011
215	0.0109193	0.156777	1.68646	0.0974513	0.0102173	0.0672722	2.30034
216	0.0109414	0.145073	1.64456	0.089955	0.0102173	0.0660396	2.30034
217	0.0109076	0.127526	1.32629	0.071964	0.0101206	0.0666797	2.02536
218	0.0108669	0.116169	1.0952	0.0554723	0.0101206	0.0653411	2.08046
219	0.0109076	0.103177	0.93489	0.0329835	0.0102173	0.0637498	2.30034
220	0.0106071	0.104406	0.910772	0.0374813	0.0101206	0.058682	1.49318
221	0.0106071	0.101186	0.850248	0.029985	0.0101206	0.0564708	0.97643
222	0.0106071	0.0989565	0.841964	0.0314843	0.0101206	0.0541599	0.652188
223	0.0102926	0.0979255	0.810032	0.029985	0.0101206	0.0529225	0.652188
224	0.0102926	0.0984913	0.785733	0.0284858	0.0103299	0.0551196	1.19532
225	0.0107108	0.0968717	0.850248	0.029985	0.010059	0.0559375	1.24303
226	0.0102926	0.0933708	0.764354	0.0254873	0.010059	0.0569242	1.3894
227	0.0102926	0.0942668	0.706943	0.023988	0.010059	0.0566446	1.42546
228	0.0102926	0.0927607	0.706943	0.0224888	0.0101206	0.0662343	7.47984
229	0.0102926	0.0892641	0.675292	0.0224888	0.010059	0.0705573	8.51137
230	0.0102926	0.0873824	0.692735	0.023988	0.010059	0.0749001	8.98261
231	0.0102926	0.0848048	0.675292	0.023988	0.010059	0.0769731	8.98261
232	0.0106071	0.0859911	0.693688	0.0254873	0.0103299	0.083567	11.2024
233	0.0103406	0.0859469	0.706943	0.0314843	0.0103299	0.0822124	11.0694
234	0.0106071	0.0837586	0.706943	0.0284858	0.010059	0.0819519	10.3037
235	0.0102926	0.0842298	0.753832	0.035982	0.010059	0.0824207	10.3037
236	0.0106071	0.0780925	0.706943	0.0269865	0.010059	0.0830545	10.3037
237	0.0103406	0.0787688	0.672442	0.023988	0.010059	0.0834776	10.3037
238	0.0103406	0.0799189	0.648002	0.023988	0.010059	0.081241	10.3037
239	0.0103406	0.0802247	0.546462	0.0194903	0.0103114	0.0801078	10.3037
240	0.0103406	0.0794826	0.546462	0.0194903	0.0102506	0.0792605	10.3037
241	0.0103406	0.0769361	0.530396	0.0134933	0.010059	0.0799745	10.2059
242	0.0103406	0.0766169	0.54569	0.0194903	0.0102506	0.0793604	11.0694
243	0.0103352	0.076415	0.534084	0.0194903	0.0103114	0.0800526	11.2024
244	0.0103352	0.0749858	0.515034	0.017991	0.0101206	0.0817373	11.2177
245	0.0103352	0.073075	0.515034	0.0164918	0.0103114	0.0808052	11.2024
246	0.0100508	0.0709069	0.47036	0.0164918	0.0103299	0.0781389	11.2177
247	0.0103352	0.073969	0.54569	0.029985	0.0103299	0.0777443	11.2177
248	0.0103352	0.0779601	0.706943	0.0389805	0.0103114	0.075172	11.2024
249	0.0100508	0.0762293	0.648002	0.035982	0.010059	0.0682285	10.8205
250	0.0103406	0.0774852	0.797338	0.0404798	0.0103114	0.0673031	11.2024
251	0.0103352	0.0704744	0.513325	0.0194903	0.010059	0.0677761	10.3037
252	0.0103352	0.0689399	0.47036	0.0134933	0.010059	0.069116	10.3037
253	0.0100508	0.0695179	0.49006	0.0164918	0.0103114	0.0692062	9.58112
254	0.0103352	0.0721939	0.54569	0.0224888	0.010059	0.0684866	8.53876
255	0.0103352	0.0733981	0.686512	0.0269865	0.0103114	0.0706572	9.54732
256	0.0100508	0.0745776	0.708325	0.0344828	0.010059	0.0778274	11.4475
257	0.0103406	0.0750432	0.797338	0.0374813	0.0103114	0.0810241	12.8348
258	0.0103406	0.0712382	0.686512	0.0314843	0.010367	0.0860219	14.7497
259	0.0100508	0.0678941	0.565517	0.029985	0.010367	0.0999643	20.4167
260	0.0103406	0.0661366	0.543482	0.0254873	0.0103114	0.107661	32.081
261	0.0100508	0.0668252	0.679598	0.0269865	0.0103114	0.117045	44.0582
262	0.0103406	0.0658146	0.679598	0.0269865	0.0103114	0.116494	43.4463
263	0.0103406	0.0648016	0.675033	0.0254873	0.0103114	0.117299	43.4463
264	0.0100508	0.0621978	0.515034	0.0194903	0.010085	0.112494	41.2703
265	0.0105427	0.0623665	0.541612	0.0164918	0.0100439	0.0997927	34.3169
266	0.0105427	0.0631846	0.542411	0.0194903	0.0100439	0.103516	41.2703
267	0.0105427	0.063467	0.541612	0.017991	0.010085	0.102301	41.2703
268	0.0109414	0.0649919	0.543482	0.0164918	0.0101707	0.111142	43.4463
269	0.0108528	0.0675244	0.57992	0.0194903	0.0101707	0.113805	41.2703
270	0.0108528	0.0698645	0.708325	0.0224888	0.0101707	0.112673	41.2703
271	0.0108528	0.0712849	0.708325	0.0209895	0.0101707	0.115201	41.2703
272	0.0108528	0.0722302	0.708325	0.0194903	0.0101707	0.121083	41.2703
273	0.0107323	0.0727046	0.739561	0.0224888	0.010085	0.13221	51.0912
274	0.0109414	0.0725591	0.739561	0.0194903	0.0101707	0.145956	57.6524
275	0.0107323	0.0748112	0.739561	0.0224888	0.0101707	0.143817	57.6524
276	0.0107323	0.0746384	0.739561	0.0224888	0.0102165	0.150276	57.6524
277	0.0109414	0.0774118	0.739561	0.0224888	0.0102165	0.155019	57.6524
278	0.0108528	0.0785518	0.730182	0.0224888	0.0102165	0.157243	57.6524
279	0.0109414	0.0799941	0.796832	0.0284858	0.0102165	0.16428	56.4458
280	0.0116989	0.081631	0.888014	0.0314843	0.0102165	0.161463	57.6524
281	0.0108528	0.082914	0.801298	0.029985	0.010085	0.157512	54.4405
282	0.0116989	0.08304	0.888014	0.0314843	0.0102165	0.130901	41.2703
283	0.0111618	0.0854823	0.868867	0.0344828	0.0102165	0.124414	31.2251
284	0.0108528	0.0926134	0.93699	0.0449775	0.0102299	0.127151	20.9034
285	0.0109414	0.0972767	1.03647	0.0524738	0.0102165	0.144944	20.4167
286	0.0108528	0.103851	1.1182	0.0584708	0.0103114	0.136485	18.2433
287	0.010024	0.111499	1.24132	0.0674663	0.0102165	0.153034	18.2433
288	0.0108007	0.116837	1.45511	0.077961	0.0102165	0.148055	16.8741
289	0.0119882	0.132804	2.11121	0.0989505	0.0102165	0.139302	13.7103
290	0.0116989	0.146246	2.24735	0.115442	0.0102165	0.135006	11.8184
291	0.0116989	0.150377	2.24735	0.121439	0.0102165	0.127209	11.2903
292	0.0108007	0.17848	3.08161	0.154423	0.0102165	0.117043	7.9728
293	0.0119882	0.259192	7.39691	0.215892	0.0102165	0.116619	8.17258
294	0.0228983	0.429828	15.0111	0.302849	0.0109798	0.121231	11.8967
295	0.017558	0.279497	7.49871	0.221889	0.0102165	0.119982	9.76319
296	0.0112674	0.249737	5.14508	0.197901	0.0102165	0.139688	11.8184
297	0.0100169	0.218586	3.00404	0.178411	0.0102165	0.140886	13.2475
298	0.0120673	0.177367	2.24735	0.131934	0.0102165	0.152505	13.3845
299	0.0120673	0.16652	2.10206	0.112444	0.0102165	0.170985	14.0926
300	0.0118827	0.163071	2.00563	0.115442	0.0106026	0.184158	16.095
301	0.011244	0.137368	1.58579	0.0914543	0.0102165	0.181371	11.8967
302	0.0108487	0.127566	1.51469	0.0809595	0.0102165	0.193868	11.8967
303	0.011244	0.119973	1.49449	0.0764618	0.0102165	0.213413	11.0956
304	0.0112674	0.111529	1.34317	0.0704648	0.0111575	0.192707	9.5136
305	0.0100169	0.103331	1.03015	0.0569715	0.0102238	0.200963	9.9512
306	0.0112419	0.0996448	1.01085	0.0449775	0.0104386	0.189167	11.0956
307	0.0112419	0.0929463	0.93699	0.035982	0.0102238	0.189048	10.5316
308	0.0112419	0.0901908	0.979144	0.0374813	0.0110033	0.186897	11.0956
309	0.0112419	0.0903999	0.93699	0.035982	0.0107568	0.191397	10.5316
310	0.0112419	0.0930653	0.93699	0.035982	0.0107568	0.186816	9.9512
311	0.0112419	0.0928242	0.911096	0.0329835	0.0107568	0.194495	10.5316
312	0.0112419	0.0907808	0.93699	0.0344828	0.0102238	0.193891	10.5316
313	0.0108487	0.0910922	0.93699	0.035982	0.0110033	0.187102	11.8967
314	0.0108487	0.08817	0.93699	0.035982	0.0102238	0.183897	10.5316
315	0.0121564	0.0862254	0.93699	0.0314843	0.0102238	0.180966	9.76319
316	0.0121564	0.0833304	0.93699	0.0314843	0.0108919	0.164404	8.50508
317	0.0121666	0.0788606	0.993341	0.0329835	0.0107568	0.164897	9.26468
318	0.0117803	0.0756199	0.911096	0.0329835	0.0108919	0.166929	9.5136
319	0.0102978	0.0725239	0.84256	0.0329835	0.0107568	0.159364	9.42757
320	0.010103	0.072829	0.766466	0.029985	0.0110033	0.161285	11.7673
321	0.010103	0.0716493	0.671566	0.0269865	0.01099	0.140224	8.50508
322	0.0100169	0.07064	0.635948	0.0254873	0.01099	0.100705	5.60318
323	0.0102978	0.0698624	0.57964	0.0224888	0.0100422	0.0825812	3.37968
324	0.010103	0.0700256	0.57964	0.023988	0.0100422	0.0719507	1.92635
325	0.0100169	0.0685308	0.57964	0.023988	0.0100422	0.0657113	1.22746
326	0.010103	0.0676667	0.57964	0.023988	0.0100422	0.0643314	0.84139
327	0.010103	0.0672221	0.57964	0.023988	0.0100422	0.0660825	0.731835
328	0.0100169	0.0694282	0.683068	0.0344828	0.0100422	0.0671585	0.731835
329	0.0102137	0.0692633	0.636788	0.0329835	0.0100422	0.07322	1.60365
330	0.0100169	0.0716207	0.708046	0.0389805	0.0100422	0.0784833	2.2589
331	0.0104437	0.0699848	0.60179	0.0284858	0.0106445	0.0829287	2.80592
332	0.0104437	0.0664444	0.525358	0.0194903	0.0102785	0.0850405	2.88
333	0.0104437	0.0679717	0.525358	0.0164918	0.0102785	0.0836612	3.34143
334	0.0102978	0.0689545	0.525358	0.0149925	0.0104558	0.0892661	3.99569
335	0.0110738	0.070291	0.603125	0.0209895	0.0102785	0.0916613	3.69256
336	0.0110738	0.0701575	0.603125	0.0209895	0.0102785	0.0989933	5.46874
337	0.0112419	0.070226	0.603125	0.0209895	0.0102785	0.103617	7.20573
338	0.0112419	0.0705278	0.603125	0.0209895	0.0102785	0.105045	9.00269
339	0.0108487	0.0708014	0.603125	0.023988	0.0106445	0.120262	19.9355
340	0.0104437	0.0716336	0.603125	0.029985	0.0109476	0.125875	20.0757
341	0.0102978	0.0704564	0.603125	0.0344828	0.0104558	0.129489	18.7439
342	0.0103561	0.0687548	0.603125	0.0314843	0.0110033	0.154595	28.5338
343	0.010107	0.0693409	0.603125	0.035982	0.0109476	0.191953	28.5338
344	0.010275	0.0680755	0.603125	0.0329835	0.0104558	0.173836	21.0506
345	0.010275	0.0668183	0.56951	0.0254873	0.0109476	0.1751	28.5338
346	0.010275	0.064838	0.559459	0.023988	0.0107311	0.163099	28.5338
347	0.010275	0.0634729	0.555954	0.0224888	0.0107311	0.167715	28.5338
348	0.010275	0.0624253	0.555954	0.0194903	0.0104834	0.172022	28.5338
349	0.010275	0.0630567	0.559459	0.0209895	0.0104558	0.176926	28.5338
350	0.010275	0.0640365	0.564412	0.017991	0.0104558	0.191349	32.7057
351	0.010275	0.061583	0.55049	0.0134933	0.0106445	0.181585	32.7057
352	0.010275	0.0604337	0.525358	0.0104948	0.0100377	0.177126	28.5338
353	0.010275	0.060349	0.47105	0.00749625	0.0100377	0.160174	23.5397
354	0.010275	0.0610342	0.459007	0.00749625	0.0100377	0.145007	23.5397
355	0.0102978	0.060683	0.459007	0.00749625	0.0100377	0.145954	21.3182
356	0.010275	0.0599735	0.449739	0.005997	0.0100377	0.166584	36.4095
357	0.010275	0.0608096	0.49143	0.005997	0.0101477	0.226233	55.5053
358	0.010275	0.0606559	0.459007	0.0104948	0.0104558	0.301954	63.1932
359	0.010275	0.0605267	0.449739	0.0089955	0.0136553	0.367657	86.6013
360	0.0104437	0.0580968	0.438058	0.00749625	0.0124335	0.407276	76.3149
361	0.0102978	0.0584916	0.438058	0.011994	0.0135243	0.425264	84.8264
362	0.0104426	0.0589353	0.438058	0.011994	0.0135243	0.412311	86.6013
363	0.010275	0.05783	0.414359	0.0089955	0.0136627	0.421099	86.6013
364	0.0104437	0.0583057	0.438058	0.0134933	0.0136627	0.396626	86.6013
365	0.010275	0.0579878	0.427826	0.0134933	0.0136627	0.380403	86.6013
366	0.010275	0.0581982	0.427826	0.0134933	0.0134767	0.364155	87.9747
367	0.0102781	0.0577641	0.425272	0.0134933	0.0112427	0.371492	70.2722
368	0.0103561	0.0564514	0.397525	0.0104948	0.0101477	0.359226	63.1932
369	0.0104426	0.0558485	0.397525	0.0089955	0.0101477	0.372932	63.1932
370	0.0102781	0.0561945	0.391959	0.0104948	0.0134767	0.413909	86.6013
371	0.0106546	0.0574892	0.438058	0.0134933	0.0134767	0.439786	87.9747
372	0.0104702	0.0588364	0.440714	0.0149925	0.0128542	0.503216	86.6013
373	0.0103561	0.0618071	0.440714	0.0149925	0.0134767	0.574215	87.9747
374	0.0104484	0.0620575	0.440714	0.0149925	0.0134767	0.695531	83.2412
375	0.0102978	0.0606617	0.440714	0.0134933	0.0158168	0.891286	98.1768
376	0.0100169	0.060359	0.440714	0.0134933	0.016334	1.06484	98.1768
377	0.0100946	0.0594742	0.440714	0.0149925	0.016334	1.14421	95.3954
378	0.0100169	0.0615628	0.517349	0.0224888	0.016334	1.02656	94.2165
379	0.0100169	0.0601924	0.498761	0.0209895	0.0148902	0.904878	88.0967
380	0.0100169	0.059218	0.446504	0.017991	0.0149551	0.804864	88.0967
381	0.0101669	0.0598365	0.498761	0.0194903	0.0164288	0.800946	98.1768
382	0.0100169	0.0599307	0.510574	0.0164918	0.0168691	0.947938	98.1768
383	0.0100769	0.0606748	0.510574	0.0164918	0.016334	0.989958	86.6013
384	0.0100769	0.0615501	0.529017	0.0209895	0.0164288	1.05127	88.0967
385	0.0100769	0.0610357	0.529017	0.0224888	0.016334	1.09397	88.0967
386	0.0101669	0.0616996	0.545016	0.0224888	0.0184609	1.20624	98.1768
387	0.0100769	0.0624929	0.562687	0.0194903	0.0184609	1.18348	99.9576
388	0.0100769	0.0618642	0.559995	0.0149925	0.0190397	1.09097	99.9576
389	0.0100769	0.0605737	0.548325	0.0104948	0.0190397	1.15559	98.1768
390	0.0100769	0.0598634	0.548325	0.0104948	0.0184609	1.28467	98.1768
391	0.0101669	0.0608581	0.57706	0.0164918	0.0196545	1.2678	98.1768
392	0.0100769	0.0626368	0.634051	0.0269865	0.0193251	1.34984	98.1768
393	0.0100769	0.06267	0.61567	0.0254873	0.0193251	1.31137	99.9576
394	0.0100769	0.0644544	0.639032	0.0314843	0.0193251	1.44405	98.1768
395	0.0100769	0.0649624	0.69322	0.0314843	0.0193251	1.31084	97.0827
396	0.0100769	0.0645235	0.612364	0.0254873	0.0136297	1.10182	78.3654
397	0.0100769	0.0645795	0.61567	0.0269865	0.0136297	0.978162	76.8571
398	0.0100769	0.0644231	0.57706	0.0209895	0.0138632	0.844689	78.0885
399	0.0100769	0.0640382	0.57706	0.023988	0.0119647	0.791953	66.3597
400	0.0100769	0.0641607	0.630582	0.0269865	0.0119647	0.818239	65.2871
401	0.0100769	0.0659606	0.69322	0.029985	0.0120525	0.877143	64.1739
402	0.0100769	0.0658363	0.650811	0.0284858	0.0120525	0.885985	61.6099
403	0.0100769	0.0650817	0.639032	0.0269865	0.0120525	0.888324	64.1739
404	0.0100769	0.0661618	0.650811	0.0284858	0.0120525	0.899813	64.1739
405	0.0100769	0.0651121	0.61567	0.023988	0.0136957	0.863714	75.3634
406	0.0100769	0.0654957	0.612789	0.0224888	0.014572	0.93111	76.7349
407	0.0100769	0.0656796	0.61567	0.0224888	0.0136957	1.02159	78.1293
408	0.0100769	0.0650421	0.598359	0.0164918	0.0133596	1.09758	78.1293
409	0.0100769	0.06474	0.61567	0.0164918	0.0133596	1.41934	78.1293
410	0.0100769	0.0674296	0.69322	0.0254873	0.0133596	1.70087	78.1293
411	0.0100769	0.067457	0.765419	0.029985	0.0133596	1.88333	78.1293
412	0.0100769	0.0703399	0.795128	0.0314843	0.0133596	1.88107	81.288
413	0.0100769	0.0724988	0.825268	0.0344828	0.0136297	1.78326	81.288
414	0.0100769	0.0744216	0.882039	0.0404798	0.0154251	1.91717	93.6641
415	0.0100769	0.0764416	0.91451	0.041979	0.0160608	2.00212	93.6641
416	0.0100769	0.0765166	0.875865	0.0374813	0.0165346	2.11708	93.6641
417	0.0100769	0.0764764	0.853257	0.035982	0.0150948	2.1172	78.1293
418	0.0100769	0.0767837	0.825268	0.0329835	0.0194747	2.17291	94.4322
419	0.0100769	0.0778649	0.795128	0.0329835	0.0194747	1.96895	95.1204
420	0.0100644	0.0818366	0.882039	0.0404798	0.020986	2.18321	95.1204
421	0.0100644	0.0849576	0.948482	0.0449775	0.0220389	2.27227	95.1204
422	0.0100644	0.0846195	0.91451	0.0434783	0.0189097	2.10271	78.4154
423	0.0100644	0.0895379	0.948482	0.0449775	0.0198781	2.09109	78.4154
424	0.0101626	0.0886974	0.889257	0.0404798	0.0196545	2.08986	78.4154
425	0.0101626	0.0894038	0.882039	0.0404798	0.0179035	1.97948	72.2123
426	0.0101626	0.0898396	0.832088	0.035982	0.0189097	2.07995	72.2123
427	0.0101626	0.0924543	0.875865	0.0404798	0.0198781	2.15912	73.0562
428	0.0101626	0.0921736	0.852675	0.0374813	0.0197248	2.01286	73.0562
429	0.0101626	0.0919307	0.797969	0.029985	0.0197248	1.78727	73.0562
430	0.0101626	0.0949066	0.832088	0.0314843	0.0189097	1.63629	73.6268
431	0.0101626	0.093123	0.797969	0.0314843	0.0164581	1.29447	61.5075
432	0.0101626	0.0873992	0.74515	0.0269865	0.016374	1.09245	52.6324
433	0.0101626	0.0900131	0.825268	0.0374813	0.0112466	1.00065	28.1747
434	0.0101626	0.0879706	0.755888	0.029985	0.0121998	0.960337	29.2113
435	0.0101626	0.0932694	0.813344	0.035982	0.0168485	1.1407	47.4621
436	0.0101626	0.0937535	0.825268	0.0374813	0.0171148	1.21428	47.4621
437	0.0101626	0.0970824	0.852675	0.041979	0.0171148	1.28035	46.6476
438	0.0101626	0.0963738	0.860639	0.0434783	0.0171148	1.1907	47.451
439	0.0101626	0.0965793	0.882039	0.0449775	0.0138926	0.9485	44.3963
440	0.0101626	0.09712	0.918832	0.0464768	0.0112466	1.02932	31.558
441	0.0101626	0.0966212	0.86244	0.041979	0.0185322	1.19649	52.6324
442	0.0101626	0.0959253	0.860639	0.0389805	0.0179607	1.14062	51.8159
443	0.0108442	0.0974773	1.01527	0.0449775	0.0179607	1.28774	61.2822
444	0.0105616	0.097497	1.01527	0.0464768	0.0206291	1.25588	86.7753
445	0.0101626	0.102316	1.18526	0.05997	0.0230312	1.30527	99.169
446	0.0108442	0.103397	1.28436	0.0629685	0.0230312	1.35414	99.169
447	0.0101626	0.109818	1.28436	0.0704648	0.0228465	1.4695	99.169
448	0.0102431	0.119171	1.93095	0.0869565	0.0230312	1.5283	99.169
449	0.0101626	0.122285	2.49043	0.0974513
