		omega		Posterior		rho				Synonymous theta			kappa			phi	
Site	Lower	Point	Higher	prob of +ve	Lower	Point	Higher		Lower	Point	Higher	Lower	Point	Higher	Lower	Point	Higher
	95% HPD	estimate	95% HPD	selection	95% HPD	estimate	95% HPD		95% HPD	estimate	95% HPD	95% HPD	estimate	95% HPD	95% HPD	estimate	95% HPD
0	0.0100101	0.0462233	0.401793	0.00749625	0.010094	0.433027	62.8182		0.0673396	0.0819414	0.100051	5.70864	9.47522	16.695	0	0	0
1	0.0100101	0.04426	0.383657	0.0134933	0.010094	0.390593	62.8182
2	0.0101931	0.0417707	0.323427	0.005997	0.0104313	0.340254	63.7605
3	0.0104202	0.0387824	0.240231	0.0029985	0.0104313	0.339624	63.7605
4	0.010164	0.0373686	0.197371	0	0.0106798	0.363387	63.7605
5	0.0100743	0.0369913	0.178972	0	0.0104313	0.368786	62.8182
6	0.0100743	0.0366601	0.161008	0	0.0104313	0.331649	62.8182
7	0.010164	0.0361101	0.156697	0.00149925	0.0108762	0.345791	62.8182
8	0.0100743	0.0355826	0.15358	0	0.0106798	0.310908	55.5256
9	0.0100234	0.0353217	0.14953	0	0.0106798	0.300398	55.5256
10	0.0100234	0.0353331	0.148454	0	0.0100682	0.261253	49.5129
11	0.010164	0.0359751	0.156697	0	0.0100682	0.214842	31.6928
12	0.0100234	0.0360088	0.15358	0	0.0100682	0.183121	18.8742
13	0.0100234	0.0358726	0.144385	0	0.0101636	0.161567	10.8661
14	0.0100234	0.0355985	0.143624	0	0.0100682	0.165645	13.9597
15	0.010164	0.0360342	0.149878	0	0.0100682	0.160532	13.5595
16	0.010164	0.0358697	0.144385	0	0.0103367	0.165239	13.9597
17	0.010164	0.0354547	0.13588	0	0.0103367	0.160826	13.3198
18	0.010164	0.0352848	0.135181	0	0.0103367	0.157909	12.6953
19	0.0101931	0.0352481	0.131825	0	0.0103367	0.149979	9.2906
20	0.0101931	0.036228	0.143624	0	0.0103367	0.14084	8.25155
21	0.0107214	0.0376351	0.168103	0.00149925	0.0105977	0.12401	3.17286
22	0.010164	0.0396309	0.198633	0.0029985	0.0107806	0.105821	1.18288
23	0.010164	0.0411244	0.215337	0.0029985	0.0103367	0.0988663	0.936519
24	0.0101931	0.0405331	0.215337	0.00149925	0.0103367	0.0956176	0.936519
25	0.010164	0.0405412	0.215337	0	0.0105977	0.0909581	0.755727
26	0.0101931	0.0402329	0.215337	0	0.0105977	0.0849622	0.677693
27	0.0108084	0.0423874	0.254278	0.00749625	0.0110471	0.0811041	0.675102
28	0.0107214	0.047915	0.360528	0.0284858	0.0110471	0.0815013	0.675102
29	0.01065	0.0402687	0.215337	0	0.0103367	0.0858207	0.675102
30	0.010164	0.0392563	0.201571	0	0.0103367	0.0906495	0.755727
31	0.010164	0.038198	0.193768	0	0.0103367	0.0994739	1.12192
32	0.01065	0.0374721	0.193768	0	0.0103367	0.0998161	1.9548
33	0.010164	0.036554	0.175003	0	0.0103367	0.103718	2.34259
34	0.0100449	0.0343104	0.136543	0	0.0103715	0.114128	3.53817
35	0.010164	0.0335731	0.135546	0	0.0100503	0.111815	3.94947
36	0.01065	0.0326653	0.135546	0	0.0100503	0.111951	4.58602
37	0.0100449	0.0324918	0.11751	0	0.0100503	0.10343	5.08612
38	0.010164	0.0317388	0.111505	0	0.0100503	0.0902519	5.08612
39	0.0100449	0.0306918	0.104473	0	0.0102989	0.0787247	2.88931
40	0.010164	0.029741	0.102513	0	0.0100651	0.0716995	1.24525
41	0.010164	0.0289036	0.0943811	0	0.0100503	0.0631794	0.647948
42	0.0100449	0.028872	0.0943811	0	0.0102989	0.0548235	0.401671
43	0.010164	0.028971	0.0943811	0	0.0100503	0.0526902	0.345345
44	0.010164	0.0289937	0.0980815	0	0.0100503	0.0485858	0.280294
45	0.0100449	0.0289337	0.0971113	0.00149925	0.0100503	0.0498307	0.280294
46	0.0100449	0.0290189	0.100721	0	0.0100503	0.0478645	0.26691
47	0.0100843	0.0286495	0.0971113	0	0.0100503	0.0468505	0.26691
48	0.0100449	0.028091	0.0955058	0	0.0100503	0.046137	0.26691
49	0.0100449	0.0281632	0.100721	0	0.0103367	0.0462993	0.280294
50	0.0100449	0.0278925	0.100721	0	0.0100503	0.0454986	0.249548
51	0.0100449	0.0275589	0.0943811	0	0.0100503	0.0434184	0.220559
52	0.0100449	0.0275222	0.0955058	0	0.0100503	0.0419686	0.206564
53	0.0100449	0.0269214	0.0934	0	0.0103367	0.0400572	0.206564
54	0.0100449	0.0265649	0.0917388	0	0.0100503	0.0392854	0.193679
55	0.0100449	0.0260935	0.0908699	0	0.0100503	0.039415	0.193679
56	0.010002	0.0256655	0.0894518	0	0.0100503	0.0392878	0.187314
57	0.010002	0.0258579	0.0908699	0	0.0100503	0.0387323	0.172027
58	0.010002	0.0257159	0.0908699	0	0.0102853	0.0384628	0.173201
59	0.010002	0.0255751	0.0901921	0	0.0100503	0.0379184	0.161606
60	0.010002	0.0253088	0.0901921	0	0.0102853	0.0374629	0.161606
61	0.0100449	0.0258366	0.0941986	0.00149925	0.0100503	0.0379652	0.160608
62	0.0100449	0.0257928	0.0941986	0.00149925	0.0100503	0.0376696	0.159508
63	0.010002	0.0261562	0.0971113	0.0029985	0.0100503	0.0378054	0.159508
64	0.010002	0.0262077	0.0941986	0.0029985	0.0100503	0.0374623	0.160608
65	0.010002	0.0257317	0.0941986	0	0.0100503	0.0377093	0.17055
66	0.0100611	0.0254233	0.0941986	0	0.0100503	0.0377924	0.172027
67	0.0100449	0.0248573	0.0901921	0	0.0100503	0.0379446	0.169464
68	0.0101346	0.0253831	0.0943761	0	0.0100503	0.0378911	0.17055
69	0.0101346	0.0253949	0.0943761	0	0.0100503	0.0377067	0.162902
70	0.010002	0.0254832	0.0901921	0.00149925	0.0100503	0.0375486	0.160608
71	0.010164	0.02559	0.0941986	0	0.0100503	0.0386341	0.17055
72	0.010164	0.0256666	0.0941986	0	0.0100503	0.0391623	0.17055
73	0.0100449	0.0256982	0.0928497	0	0.0100503	0.0395585	0.174997
74	0.0100449	0.0254295	0.0901921	0	0.0100503	0.0391217	0.174997
75	0.010002	0.0252151	0.0894518	0	0.0100503	0.0401679	0.174175
76	0.010164	0.02571	0.0941986	0.00149925	0.0100503	0.0407081	0.179188
77	0.010002	0.0251416	0.0894518	0	0.0103304	0.0411464	0.196129
78	0.0100449	0.0248406	0.083701	0	0.0102946	0.0435789	0.223896
79	0.010002	0.024934	0.083701	0	0.0100651	0.0454931	0.238133
80	0.010002	0.0248936	0.084202	0.00149925	0.0100503	0.0473787	0.358056
81	0.010002	0.0252686	0.0927253	0.00449775	0.0100503	0.047748	0.327548
82	0.010002	0.0241253	0.0817118	0.00449775	0.0100162	0.0489802	0.358056
83	0.010002	0.0238628	0.0809788	0.00449775	0.0100503	0.0520738	0.560965
84	0.010002	0.0234766	0.0809788	0.00149925	0.0100503	0.0532253	0.574821
85	0.010002	0.0232062	0.0782249	0	0.0101861	0.0542968	0.628605
86	0.010002	0.0232432	0.0782249	0	0.0100503	0.0534426	0.574821
87	0.010002	0.0231523	0.0782249	0	0.0100651	0.0522676	0.533377
88	0.010002	0.0229426	0.0751778	0	0.0100474	0.0517263	0.533377
89	0.010002	0.0227469	0.0746757	0	0.0100474	0.0534586	0.574821
90	0.010002	0.0225081	0.0746757	0	0.0100474	0.0562039	0.789807
91	0.010002	0.0227231	0.0751778	0	0.0100474	0.0619437	1.77921
92	0.010002	0.0230316	0.0782249	0	0.0100474	0.0667245	8.26179
93	0.010002	0.0228928	0.0765479	0	0.0100474	0.068092	9.91314
94	0.0100057	0.0227883	0.0751778	0	0.0100474	0.0646081	5.93682
95	0.010002	0.0233957	0.0809788	0.005997	0.0100474	0.0606283	1.66679
96	0.010002	0.0232312	0.0836174	0	0.0100474	0.0569178	0.837361
97	0.0100057	0.0234292	0.0850705	0	0.0100474	0.0543478	0.8086
98	0.0100057	0.0232358	0.0836174	0	0.0100474	0.05448	0.789623
99	0.0100057	0.023018	0.0815489	0	0.0100474	0.0486517	0.532745
100	0.0100449	0.0227052	0.0751778	0	0.0100474	0.0469603	0.500258
101	0.0100057	0.0229182	0.0800472	0	0.0100474	0.0461476	0.409033
102	0.0100057	0.0231186	0.0800472	0	0.0100651	0.0465629	0.409033
103	0.0100057	0.023094	0.0800472	0	0.0102946	0.0460395	0.358056
104	0.0100057	0.023167	0.0800472	0	0.0101861	0.0456829	0.341701
105	0.0100057	0.0229574	0.0751778	0	0.0102946	0.0451987	0.320455
106	0.0100057	0.0229139	0.0751778	0	0.0101861	0.0427899	0.224805
107	0.0100449	0.0226	0.0751778	0	0.0101861	0.0431204	0.231341
108	0.0100057	0.0227	0.0765479	0	0.0102525	0.0422155	0.201091
109	0.0100057	0.0230299	0.0809788	0.00149925	0.0102525	0.0424376	0.197889
110	0.0100057	0.0231182	0.0800472	0	0.0100333	0.0423752	0.177524
111	0.0100057	0.0231757	0.0800472	0	0.0100333	0.0424563	0.182234
112	0.0100057	0.022923	0.0731657	0	0.0102525	0.0425611	0.194567
113	0.0100057	0.0229384	0.0731657	0	0.0102525	0.0420185	0.194567
114	0.0100449	0.022944	0.071786	0	0.0102525	0.0420784	0.194567
115	0.0100449	0.0230591	0.0731657	0	0.0102525	0.0410332	0.175785
116	0.0100057	0.023353	0.0751778	0	0.0100333	0.0410257	0.177524
117	0.0100057	0.0236811	0.0850705	0	0.0100333	0.0398574	0.167792
118	0.0100057	0.0238531	0.0893357	0	0.0100333	0.0407741	0.184769
119	0.0100057	0.0239875	0.0929528	0	0.0102525	0.0395343	0.192801
120	0.0100057	0.0239884	0.0909611	0	0.0100333	0.0397466	0.195842
121	0.0100057	0.0241056	0.0909611	0	0.0102525	0.0403641	0.216895
122	0.0100057	0.024084	0.0909611	0	0.0102525	0.0397904	0.216895
123	0.0100057	0.0242821	0.0925786	0	0.0102525	0.0403928	0.231341
124	0.0100449	0.0246832	0.0941737	0	0.0100333	0.0409323	0.241193
125	0.0100057	0.0244045	0.0938343	0	0.0100333	0.0373186	0.167792
126	0.0100057	0.024067	0.0932287	0	0.0101101	0.033989	0.132084
127	0.0100057	0.0241685	0.0938343	0	0.0100333	0.0332476	0.128
128	0.0100057	0.0241536	0.0934622	0	0.0102525	0.0329232	0.126627
129	0.0100057	0.0239162	0.0929528	0	0.0102525	0.0325488	0.125601
130	0.0100057	0.0240597	0.0938343	0	0.0102525	0.0322234	0.125601
131	0.0100057	0.0240055	0.0938343	0	0.0100333	0.0320713	0.120643
132	0.0100057	0.0242776	0.0938343	0	0.0100333	0.0316703	0.108165
133	0.0100034	0.0246054	0.0941737	0.00149925	0.0100032	0.0309438	0.106972
134	0.0100034	0.0241821	0.0934622	0	0.0100032	0.0302271	0.0989694
135	0.0100034	0.024821	0.101484	0	0.0100032	0.0300405	0.098401
136	0.0100034	0.024817	0.10732	0	0.0104246	0.0296253	0.10088
137	0.0100034	0.0247383	0.10732	0	0.0100032	0.0296434	0.0989694
138	0.0100034	0.0246705	0.106212	0	0.0100032	0.0295911	0.100414
139	0.0100034	0.0249712	0.117437	0	0.0100032	0.0295479	0.105469
140	0.0100057	0.0250805	0.126067	0	0.0100032	0.0291496	0.100414
141	0.0100057	0.0251952	0.126067	0	0.0104246	0.0289321	0.0989694
142	0.0100057	0.0249838	0.108538	0	0.0103387	0.0290469	0.0989694
143	0.0100034	0.0250811	0.106212	0.00149925	0.0103387	0.0289557	0.100414
144	0.0100034	0.0249352	0.096037	0	0.0100032	0.0291714	0.103782
145	0.0100034	0.0247827	0.0950548	0	0.0103387	0.0295459	0.113596
146	0.0100034	0.0245342	0.0934622	0	0.0100032	0.0300196	0.115713
147	0.0100034	0.0245087	0.0929528	0	0.0100032	0.0296434	0.115713
148	0.0100034	0.0243986	0.0909611	0	0.0105382	0.0302288	0.128
149	0.0100034	0.0244182	0.0899849	0.00149925	0.0100032	0.0298777	0.116381
150	0.0100057	0.02436	0.0878799	0	0.0103387	0.0305282	0.126627
151	0.0100034	0.0242388	0.0865148	0	0.0100032	0.0307329	0.126204
152	0.0100034	0.0245735	0.0878799	0	0.0103387	0.0306813	0.126627
153	0.0100034	0.0245944	0.0878799	0	0.0100032	0.0310787	0.128498
154	0.0100034	0.0246101	0.0878799	0	0.0103387	0.0315976	0.148792
155	0.0100034	0.0246873	0.0878799	0	0.0100032	0.0317328	0.149381
156	0.0100034	0.0251045	0.0906545	0	0.0100257	0.0318143	0.153129
157	0.0100034	0.0254383	0.0932287	0	0.0100032	0.0329136	0.154483
158	0.0100034	0.0255818	0.0932287	0	0.0100032	0.033326	0.16237
159	0.0100034	0.0259752	0.0957834	0	0.0103387	0.0342177	0.176664
160	0.0100034	0.0262182	0.0995241	0	0.0103387	0.0344396	0.176664
161	0.0100034	0.0267188	0.101937	0	0.0100032	0.0354222	0.17524
162	0.0100057	0.027421	0.108538	0	0.0100032	0.0355573	0.182083
163	0.0100034	0.0278221	0.111915	0	0.0100257	0.0352195	0.187086
164	0.0100034	0.02813	0.116014	0	0.0100257	0.0352744	0.187086
165	0.0100034	0.0283013	0.1137	0	0.0100257	0.0350298	0.187086
166	0.0100034	0.0289525	0.119808	0	0.0100257	0.0367654	0.213963
167	0.010098	0.029378	0.129061	0	0.0100257	0.0386226	0.283371
168	0.0100057	0.0299984	0.134551	0	0.0103387	0.0405087	0.315658
169	0.0100034	0.0315946	0.149471	0.00149925	0.0103387	0.0409147	0.308197
170	0.0100034	0.0333357	0.16256	0.0029985	0.0103387	0.0431667	0.31684
171	0.0100034	0.0333057	0.16256	0.00149925	0.0103387	0.0478945	0.351654
172	0.0100034	0.0338364	0.16598	0.00149925	0.0104246	0.0485629	0.377273
173	0.0100034	0.0339903	0.158198	0.0029985	0.0103387	0.0482744	0.351654
174	0.0100034	0.0345592	0.16598	0.0029985	0.0103387	0.0477148	0.342731
175	0.0100034	0.0352431	0.172038	0.0029985	0.0106448	0.0487015	0.389214
176	0.0100057	0.0357962	0.23336	0	0.0105809	0.0477037	0.389214
177	0.0100034	0.0389544	0.282276	0.00749625	0.0107842	0.0484416	0.389214
178	0.0100034	0.0411895	0.325377	0.0134933	0.0100257	0.0481191	0.332712
179	0.0100057	0.0427186	0.404648	0.0149925	0.0100257	0.0479331	0.345902
180	0.0100034	0.0376098	0.242043	0.00449775	0.0100257	0.0482007	0.345902
181	0.0100034	0.034991	0.199076	0.00449775	0.0107842	0.0488431	0.389214
182	0.0100034	0.0338731	0.165891	0.00449775	0.0106322	0.0488607	0.398062
183	0.0100034	0.032629	0.157063	0	0.0100257	0.049942	0.387037
184	0.0100034	0.0323806	0.150989	0	0.0100257	0.0511579	0.398062
185	0.0100034	0.0313738	0.145027	0	0.0106322	0.0510796	0.438386
186	0.0100034	0.0317428	0.147809	0	0.0103387	0.0520043	0.438386
187	0.0100034	0.0312325	0.141173	0	0.010087	0.0520944	0.428564
188	0.0100057	0.0309817	0.139959	0	0.0100257	0.0535091	0.442611
189	0.0100057	0.0308884	0.139959	0	0.0104321	0.0531594	0.442611
190	0.0100057	0.0304762	0.138834	0	0.0106448	0.0515859	0.42681
191	0.0100057	0.0306831	0.139047	0	0.0103123	0.0526776	0.42681
192	0.0100057	0.0307139	0.138834	0	0.0101809	0.0680727	1.47324
193	0.0100057	0.0306941	0.137848	0	0.0100257	0.0879634	8.40402
194	0.0100057	0.0304245	0.130726	0	0.0101025	0.110597	23.4537
195	0.0100057	0.0304704	0.131817	0	0.0101025	0.117407	31.0223
196	0.0100057	0.030556	0.123705	0	0.0100257	0.105058	35.2548
197	0.0100057	0.0305142	0.130726	0	0.0101025	0.114264	47.8055
198	0.0100057	0.0302371	0.123705	0	0.0100257	0.152937	57.8901
199	0.0100057	0.029749	0.106385	0	0.0114911	0.182187	71.8679
200	0.0100057	0.0298753	0.106385	0	0.0100766	0.200075	64.3775
201	0.0100057	0.029683	0.106385	0	0.0106028	0.217237	71.8679
202	0.0100057	0.0292877	0.106385	0	0.0100766	0.258422	64.9015
203	0.0100057	0.0289213	0.105799	0	0.0101025	0.307995	61.2109
204	0.0100449	0.0289642	0.107321	0	0.0105977	0.381603	64.9015
205	0.0100057	0.0291879	0.11563	0	0.0101809	0.411087	61.2109
206	0.0100057	0.0292738	0.125176	0	0.0103387	0.452733	61.2109
207	0.0100057	0.0287248	0.105799	0	0.0103387	0.482814	61.2109
208	0.0100057	0.0287168	0.102559	0	0.0101025	0.57082	61.2109
209	0.0100057	0.0289961	0.102559	0	0.0103387	0.648931	61.2109
210	0.0100057	0.0289484	0.102559	0	0.0101025	0.681326	60.4263
211	0.0100057	0.0289499	0.101664	0	0.0105058	0.68624	64.3775
212	0.0100505	0.02939	0.106903	0	0.0105058	0.689202	64.3775
213	0.0100057	0.029446	0.102559	0	0.0101025	0.736888	65.434
214	0.0100812	0.0296841	0.106478	0	0.0105977	0.826159	68.9971
215	0.0100057	0.0306943	0.11563	0.0029985	0.0112047	0.851049	71.8679
216	0.0100057	0.0303052	0.111564	0.00149925	0.014422	0.872145	93.1242
217	0.0100057	0.0303892	0.126861	0	0.0122574	0.856219	74.7701
218	0.0100812	0.0306633	0.128732	0	0.0122574	0.859301	74.7701
219	0.0100812	0.0305993	0.128732	0	0.0150803	1.00465	96.6938
220	0.0100057	0.031202	0.13472	0	0.0150803	1.00895	96.6938
221	0.0100057	0.0312033	0.13472	0	0.0150803	1.0115	96.6938
222	0.0100812	0.0315884	0.139047	0	0.0144265	1.00276	93.1242
223	0.0100057	0.0319521	0.146881	0.00149925	0.0150803	0.965425	96.6938
224	0.0100057	0.031983	0.139047	0.00149925	0.014422	0.978278	93.1242
225	0.0100057	0.0321354	0.144118	0.00149925	0.014422	0.984079	93.1242
226	0.0100057	0.0319903	0.139047	0	0.0142849	0.955806	93.1242
227	0.0100057	0.0323948	0.146881	0	0.0105058	0.897979	71.8679
228	0.0101365	0.0325656	0.16049	0	0.0136694	0.802074	93.1242
229	0.0100057	0.0329248	0.16049	0	0.0105058	0.792592	71.8679
230	0.0100812	0.0328097	0.16049	0	0.0105058	0.709123	71.8679
231	0.0100057	0.0329173	0.161399	0	0.0105058	0.648385	72.2732
232	0.0100812	0.0329067	0.161399	0	0.0105027	0.635188	69.4539
233	0.0100812	0.0334508	0.162949	0	0.0105058	0.559935	69.4539
234	0.0100057	0.0337694	0.165323	0	0.0105027	0.481828	68.8693
235	0.0100057	0.0348579	0.192833	0	0.0102757	0.389054	63.5705
236	0.0100812	0.0357804	0.208873	0	0.0102757	0.257094	52.5982
237	0.0100925	0.0369845	0.215677	0	0.0102757	0.164475	36.984
238	0.0100057	0.0377114	0.215677	0.00149925	0.0102757	0.127501	23.3062
239	0.0101153	0.0378785	0.215677	0.00149925	0.0100386	0.107714	12.7326
240	0.0100812	0.0392712	0.237003	0.0029985	0.0100871	0.0858751	5.87329
241	0.0100812	0.0415195	0.244111	0.005997	0.0100386	0.067529	2.51534
242	0.0100057	0.0448491	0.27748	0.0089955	0.0102757	0.0575279	1.80134
243	0.0100057	0.048	0.304082	0.0089955	0.0100386	0.0491207	1.08847
244	0.0100812	0.0513443	0.382753	0.0089955	0.0100206	0.0426947	0.318691
245	0.0100057	0.0486933	0.304082	0.00749625	0.0102757	0.0409467	0.282526
246	0.0104136	0.0467067	0.299755	0.005997	0.0103507	0.0404103	0.282526
247	0.0100057	0.0432173	0.245307	0.005997	0.0100206	0.0376213	0.201588
248	0.0104136	0.0414737	0.24111	0.0029985	0.0100871	0.037002	0.195891
249	0.0100057	0.0399278	0.223576	0	0.0103074	0.0364894	0.195891
250	0.0104968	0.0382977	0.218747	0	0.0100871	0.0349287	0.179707
251	0.0104571	0.037692	0.218747	0	0.0103074	0.0340176	0.179707
252	0.0100057	0.037107	0.192753	0	0.0103074	0.0346708	0.179707
253	0.0100057	0.03578	0.182506	0.00149925	0.0100871	0.0354349	0.179707
254	0.0100812	0.034406	0.161399	0.00149925	0.0103074	0.0352062	0.181411
255	0.0100057	0.0333562	0.146109	0	0.0103074	0.0351199	0.179707
256	0.0100057	0.0326657	0.142014	0	0.0103074	0.0348929	0.179707
257	0.0100057	0.0324218	0.140569	0	0.0100871	0.0348443	0.179707
258	0.0100057	0.0320645	0.138043	0	0.0103074	0.0337744	0.177465
259	0.0100057	0.0318961	0.138043	0	0.0100324	0.0334621	0.176169
260	0.0100057	0.0319364	0.13104	0	0.0103074	0.0328775	0.179707
261	0.0100812	0.0315343	0.130726	0	0.0103507	0.0326568	0.179707
262	0.0100812	0.0313276	0.130726	0	0.0100871	0.0324279	0.165048
263	0.0100057	0.0304673	0.120838	0	0.0103074	0.0320628	0.156704
264	0.0100862	0.0299149	0.11524	0	0.0100871	0.0326246	0.156704
265	0.0100057	0.029837	0.108863	0	0.0103507	0.0325836	0.156704
266	0.0100812	0.029097	0.10148	0	0.0100871	0.0326974	0.146678
267	0.0100812	0.0285943	0.100385	0	0.0100871	0.0337816	0.15242
268	0.0100812	0.0288529	0.101136	0.00149925	0.0100871	0.0343022	0.156704
269	0.0100057	0.0287968	0.100385	0	0.0103507	0.0340593	0.156704
270	0.0100057	0.0286231	0.105351	0.00149925	0.0103074	0.0336619	0.154764
271	0.0100812	0.0295349	0.120838	0.0089955	0.0103074	0.0319266	0.138204
272	0.0100812	0.0293019	0.127279	0.005997	0.0103507	0.0324662	0.141547
273	0.0100057	0.029164	0.127279	0.0029985	0.0103074	0.0334567	0.142887
274	0.0100057	0.0286128	0.11524	0	0.0103507	0.0340434	0.149122
275	0.0100862	0.0277639	0.100325	0	0.0103604	0.0348255	0.149122
276	0.0100057	0.0273651	0.0914405	0	0.0103604	0.0355687	0.153179
277	0.0100057	0.0273517	0.0914405	0	0.0101268	0.0363203	0.153179
278	0.0100057	0.0273345	0.0914405	0	0.0101268	0.0371272	0.155599
279	0.0100862	0.0273288	0.0914405	0	0.0101268	0.0371198	0.150621
280	0.0100862	0.0271238	0.0914405	0	0.0101836	0.039784	0.170729
281	0.0100862	0.0270443	0.0914405	0	0.0103604	0.0421081	0.17951
282	0.0100862	0.0269575	0.0914405	0	0.0101836	0.0435689	0.17951
283	0.0100862	0.026847	0.0914405	0	0.0101836	0.0465584	0.202996
284	0.0100862	0.0267275	0.0914405	0	0.0101836	0.048845	0.21197
285	0.0100057	0.0265318	0.0882363	0	0.0101836	0.0517338	0.229858
286	0.0100057	0.0266091	0.0882363	0	0.0101836	0.0525139	0.229858
287	0.0100862	0.0265177	0.0882363	0	0.0101836	0.0561163	0.249906
288	0.0101023	0.0264265	0.0882363	0	0.0101836	0.0594339	0.263009
289	0.0100862	0.0263838	0.0881731	0	0.0101836	0.0604345	0.259669
290	0.0101023	0.0263156	0.0882363	0	0.0101836	0.0619091	0.269392
291	0.0100862	0.0264408	0.0881731	0	0.0101836	0.0645296	0.285881
292	0.0100862	0.0264549	0.0881731	0	0.0101836	0.0655558	0.2994
293	0.0100057	0.0263514	0.0847883	0	0.0105977	0.0679517	0.314068
294	0.0100862	0.0261147	0.0838292	0	0.0105977	0.0692404	0.307754
295	0.0100862	0.0258205	0.083724	0	0.0105977	0.0739479	0.319183
296	0.0100057	0.0258322	0.0825148	0	0.0105977	0.0750156	0.321806
297	0.0100057	0.0259453	0.0825148	0	0.0101836	0.0760635	0.314068
298	0.0100862	0.0260105	0.0837707	0	0.0101836	0.0753411	0.316318
299	0.0100057	0.0259042	0.0825148	0	0.0105977	0.0755914	0.321806
300	0.0100057	0.0258549	0.0825148	0	0.0105977	0.0740882	0.305011
301	0.0100057	0.02588	0.081392	0	0.0119041	0.0757189	0.314068
302	0.0100862	0.0257068	0.081392	0	0.0120032	0.0801742	0.314068
303	0.0100057	0.0256648	0.0782225	0	0.0130038	0.082069	0.337673
304	0.0100057	0.025637	0.0782225	0	0.0130038	0.0847507	0.31287
305	0.0100862	0.0258129	0.0833051	0	0.0130038	0.0900353	0.322792
306	0.0100862	0.0259722	0.0833051	0	0.0130038	0.095336	0.344275
307	0.0100862	0.0260517	0.0833051	0	0.0130038	0.103305	0.374063
308	0.0100862	0.026199	0.0837707	0	0.0132146	0.109771	0.411494
309	0.0100862	0.0262525	0.0840313	0	0.0120032	0.124112	0.479921
310	0.0100862	0.0261161	0.0840313	0	0.0128059	0.117223	0.435443
311	0.0100862	0.0259699	0.0833051	0	0.0137531	0.110895	0.411494
312	0.0100862	0.0262283	0.0833051	0	0.0137531	0.109816	0.387926
313	0.0100862	0.0261256	0.0825148	0	0.0137531	0.110453	0.374063
314	0.0102187	0.0261529	0.0841528	0	0.0137531	0.111775	0.399177
315	0.0102317	0.0263477	0.0841528	0	0.0137531	0.109746	0.384796
316	0.0100862	0.0275522	0.0841528	0	0.013757	0.107778	0.368679
317	0.0100862	0.0280768	0.0980063	0	0.0136416	0.107288	0.354779
318	0.0100862	0.0286984	0.120013	0	0.0136416	0.108721	0.368679
319	0.0100862	0.0284719	0.119073	0	0.0136416	0.111399	0.369825
320	0.0100862	0.0285719	0.119073	0	0.0136416	0.112265	0.356544
321	0.0100862	0.0292921	0.136142	0	0.015798	0.114807	0.399177
322	0.0100862	0.030332	0.147332	0	0.0179914	0.116697	0.446344
323	0.0100862	0.0310948	0.167659	0	0.0197662	0.118033	0.479921
324	0.0100862	0.031592	0.174177	0	0.0197662	0.119956	0.479921
325	0.0100862	0.0327111	0.214251	0	0.0197662	0.123241	0.446344
326	0.0100862	0.033689	0.216499	0	0.0218147	0.127729	0.547181
327	0.0100862	0.0345824	0.242447	0.00149925	0.0254796	0.132094	0.55233
328	0.0100862	0.0360012	0.293222	0.0029985	0.0261702	0.13598	0.587453
329	0.0100862	0.040265	0.516154	0.0134933	0.0270157	0.137795	0.587213
330	0.0100862	0.0447388	0.670926	0.0284858	0.0297107	0.142993	0.633586
331	0.0100862	0.0585392	1.07485	0.0614693	0.0290479	0.147799	0.661129
332	0.0100862	0.188953	6.81894	0.287856	0.0270157	0.150285	0.618042
333	0.0100629	0.0616289	1.28212	0.0704648	0.0321615	0.156419	0.702539
334	0.0100471	0.0447819	0.438014	0.0164918	0.0382685	0.159308	0.702539
335	0.0100471	0.0405925	0.358506	0.0104948	0.0324051	0.161075	0.695414
336	0.0100471	0.0378364	0.264562	0.0029985	0.0363883	0.16497	0.695414
337	0.0100471	0.0359782	0.231515	0	0.0470639	0.170995	0.784342
338	0.0100471	0.0346193	0.205522	0.00149925	0.0481574	0.171174	0.763231
339	0.0100471	0.0335228	0.189659	0.0029985	0.0501067	0.171358	0.763231
340	0.0100471	0.0316163	0.159029	0	0.0513679	0.175265	0.764486
341	0.0100471	0.0302011	0.137355	0	0.0513679	0.182678	0.764486
342	0.0100471	0.0293852	0.131701	0	0.0576858	0.190181	0.764486
343	0.0100471	0.028583	0.122025	0	0.0563911	0.196261	0.764486
344	0.0100471	0.027981	0.115896	0.0029985	0.0501067	0.19469	0.627668
345	0.0100471	0.0272876	0.107884	0.00149925	0.0576858	0.189678	0.627668
346	0.0100471	0.0265824	0.0940905	0	0.055604	0.189075	0.618042
347	0.0100471	0.0263329	0.0908768	0	0.0575711	0.182609	0.618042
348	0.0100471	0.0265537	0.0962107	0	0.0575711	0.178466	0.618042
349	0.0100471	0.0265087	0.0940905	0	0.055604	0.173159	0.618042
350	0.0100471	0.0263226	0.0962107	0	0.0501067	0.170857	0.618042
351	0.0100471	0.0260996	0.0938409	0	0.0513679	0.168119	0.618042
352	0.0100471	0.0254723	0.0884134	0	0.0481574	0.166776	0.582489
353	0.0100471	0.025229	0.0896726	0	0.0513679	0.167412	0.618042
354	0.0100126	0.0250903	0.0896726	0	0.0462557	0.165884	0.582489
355	0.0100126	0.0250115	0.0908768	0	0.0462557	0.166256	0.582489
356	0.0100126	0.0249615	0.0896726	0	0.0483133	0.162214	0.618042
357	0.0100126	0.0248849	0.0896726	0	0.0481574	0.162949	0.61665
358	0.0100126	0.0243617	0.0851742	0	0.0447368	0.161423	0.61665
359	0.0100126	0.0241921	0.0823635	0	0.0383706	0.158875	0.547181
360	0.0100126	0.0239937	0.0801664	0	0.0442893	0.157391	0.666518
361	0.0100126	0.0237551	0.0777545	0	0.0456796	0.154171	0.666518
362	0.0100126	0.0239773	0.0801664	0	0.0383706	0.157726	0.61665
363	0.0100126	0.0237919	0.0776235	0	0.0290479	0.15655	0.459814
364	0.0100126	0.0236623	0.0770261	0	0.0290479	0.149223	0.459814
365	0.0100126	0.0237765	0.0770261	0.00149925	0.0292123	0.14778	0.4779
366	0.0100126	0.0236798	0.0750304	0	0.0290479	0.144875	0.496081
367	0.0100126	0.0236151	0.0750304	0	0.0321015	0.146863	0.519485
368	0.0100126	0.0237816	0.0770261	0	0.0343905	0.1483	0.519485
369	0.0100126	0.0238666	0.0774103	0	0.0348448	0.150913	0.519485
370	0.0100126	0.0237389	0.0774103	0	0.0279456	0.153925	0.486144
371	0.0100126	0.023826	0.0776235	0	0.0348448	0.151551	0.618363
372	0.0100126	0.0237083	0.0770261	0	0.0279456	0.148833	0.562653
373	0.0100126	0.0236809	0.0750304	0.00149925	0.0217473	0.148673	0.478538
374	0.0100126	0.0234698	0.0725646	0.00149925	0.0215326	0.147912	0.52826
375	0.0100126	0.0236888	0.0730556	0.00149925	0.0215526	0.143599	0.52826
376	0.0100126	0.0234661	0.0725646	0	0.0215526	0.141871	0.478538
377	0.0100126	0.0232738	0.0696233	0	0.0215526	0.138811	0.446344
378	0.0100126	0.0235337	0.0725646	0	0.0224234	0.134076	0.446344
379	0.0100126	0.0235701	0.0725646	0	0.0234511	0.131747	0.439618
380	0.0100126	0.0235842	0.0725646	0	0.0238662	0.130561	0.42047
381	0.0100126	0.023635	0.0739033	0	0.0238662	0.127975	0.438729
382	0.0100126	0.0235337	0.0730323	0	0.0238662	0.12472	0.438729
383	0.0100126	0.0235897	0.0730556	0	0.0234511	0.12353	0.414781
384	0.0100126	0.0235629	0.0730556	0	0.0224548	0.120491	0.414781
385	0.0100126	0.0234927	0.0730323	0	0.0217403	0.118451	0.414781
386	0.0100471	0.0233053	0.0730556	0	0.0217403	0.117688	0.414781
387	0.0100126	0.023244	0.0725646	0	0.0221413	0.117019	0.42047
388	0.0100126	0.0232796	0.072424	0	0.0215526	0.116483	0.42047
389	0.0100126	0.0228164	0.0696233	0	0.0169976	0.120011	0.414781
390	0.0100471	0.0230334	0.0730556	0	0.0167931	0.118276	0.42047
391	0.0100471	0.0231845	0.0730556	0	0.0167931	0.109567	0.42047
392	0.0100126	0.0232765	0.0735922	0	0.0135982	0.102044	0.315997
393	0.0100126	0.0232746	0.0739033	0	0.0130042	0.0988965	0.28619
394	0.0100126	0.023636	0.0770261	0	0.0129597	0.096759	0.279909
395	0.0100126	0.0236498	0.0770261	0	0.0130042	0.0972731	0.281197
396	0.0100126	0.0239238	0.0802012	0	0.0189088	0.100539	0.406551
397	0.0100126	0.0238576	0.0792066	0	0.0190683	0.10146	0.406551
398	0.0100126	0.0240337	0.0816313	0	0.0189088	0.102915	0.404185
399	0.0100126	0.0236584	0.0802012	0	0.0180382	0.103173	0.404185
400	0.0100126	0.0234829	0.0786142	0	0.0208585	0.106437	0.394666
401	0.0100126	0.0234633	0.0786142	0	0.0234511	0.108235	0.397539
402	0.0100126	0.0236106	0.0807443	0	0.0245182	0.110658	0.397539
403	0.0100126	0.0238157	0.0838898	0	0.0245182	0.112512	0.397539
404	0.0100126	0.024156	0.0842769	0	0.0245182	0.114677	0.397539
405	0.0100126	0.0239887	0.0838898	0	0.0234511	0.118625	0.397539
406	0.0100126	0.023986	0.0830433	0	0.0245182	0.121783	0.430064
407	0.0100126	0.0240792	0.0851851	0	0.0249146	0.12405	0.601926
408	0.0100126	0.0241097	0.0838898	0	0.0348448	0.129589	0.727617
409	0.0100126	0.0243567	0.0878808	0	0.0348448	0.136221	0.727617
410	0.0100126	0.0242875	0.0868101	0	0.0389582	0.13822	0.727617
411	0.0100126	0.0236676	0.0792066	0	0.0393739	0.138338	0.727617
412	0.0100126	0.0234398	0.0784455	0	0.0413251	0.133564	0.727617
413	0.0100126	0.0235417	0.0786142	0.00149925	0.0417186	0.131465	0.727617
414	0.0100126	0.0235423	0.0791137	0.00149925	0.03841	0.128378	0.727617
415	0.0100126	0.0235484	0.0792066	0.00149925	0.03841	0.129275	0.727617
416	0.0100126	0.0232939	0.0784455	0	0.0386245	0.131017	0.727617
417	0.0100126	0.0233843	0.0791137	0	0.0245279	0.127565	0.459803
418	0.0100126	0.0232658	0.0784455	0	0.0245279	0.128529	0.451178
419	0.0100126	0.0234873	0.0792066	0	0.037355	0.129261	0.727617
420	0.0100398	0.0237898	0.0792066	0	0.0365649	0.128437	0.727617
421	0.0100398	0.0239143	0.0819775	0	0.037355	0.129695	0.727617
422	0.0100398	0.0236392	0.0781399	0	0.0365649	0.131457	0.727617
423	0.0100398	0.0236732	0.0781399	0	0.0249146	0.128821	0.503361
424	0.0100398	0.0237076	0.0781399	0	0.0359171	0.12939	0.664617
425	0.0100398	0.0234524	0.0770261	0	0.0327608	0.126164	0.623066
426	0.0100398	0.0236324	0.0781399	0	0.0257769	0.118085	0.562033
427	0.0100398	0.0236598	0.0781399	0	0.025492	0.111843	0.527794
428	0.0100398	0.0236006	0.0781399	0	0.025492	0.107569	0.503361
429	0.0100398	0.0234354	0.0741983	0	0.018283	0.103028	0.389505
430	0.0100398	0.0231024	0.0741983	0	0.0164712	0.100578	0.361886
431	0.0100398	0.0228007	0.0749362	0	0.013846	0.0982975	0.297306
432	0.0100398	0.0229897	0.0777539	0	0.0165673	0.0957385	0.321714
433	0.0100398	0.0230143	0.0781399	0	0.0136398	0.0935271	0.286213
434	0.0100398	0.0230561	0.0781399	0	0.0138323	0.0915193	0.286213
435	0.0100398	0.0232081	0.0784455	0	0.013846	0.090651	0.286213
436	0.0100398	0.0239739	0.0878808	0	0.0136398	0.0884236	0.286213
437	0.0100398	0.023958	0.0896726	0	0.0133776	0.0869487	0.286213
438	0.0100398	0.0244433	0.0949085	0	0.0118504	0.0824691	0.271059
439	0.01005	0.0247696	0.10284	0	0.0118504	0.0794635	0.271349
440	0.0100398	0.0251102	0.10284	0	0.0118504	0.0775982	0.271349
441	0.0100219	0.0251035	0.0990123	0	0.0113224	0.0763024	0.259669
442	0.0100219	0.0246363	0.0975622	0	0.0119997	0.0740519	0.255449
443	0.0100219	0.0248397	0.0993996	0	0.0130486	0.0741289	0.269877
444	0.0100219	0.0248905	0.0990123	0	0.0133709	0.072946	0.263272
445	0.0100398	0.0246882	0.0975622	0	0.013549	0.0737802	0.262846
446	0.0100219	0.0244295	0.0949085	0	0.013549	0.073401	0.248027
447	0.0100219	0.0244459	0.0949085	0	0.0130486	0.0737203	0.233621
448	0.0100219	0.0243862	0.0914246	0	0.0130486	0.0746569	0.247161
449	0.0100219	0.0242036	0.0842769	0	0.013549	0.0740569	0.248027
450	0.0100219	0.0243847	0.0842769	0.00149925	0.0120863	0.0747047	0.228037
451	0.0100219	0.0242969	0.0884131	0.00149925	0.0120863	0.0730543	0.224953
452	0.0100108	0.0240243	0.0830433	0.00149925	0.0121873	0.0724564	0.228037
453	0.0100108	0.0246598	0.0914246	0.0029985	0.0113747	0.072169	0.224953
454	0.0100108	0.0250118	0.0949085	0.0029985	0.0120863	0.0735666	0.29525
455	0.0100108	0.0252692	0.0977814	0.00149925	0.0120863	0.074562	0.306196
456	0.0100108	0.0251188	0.0951527	0.00149925	0.0118678	0.0758626	0.306196
457	0.0100108	0.025298	0.0993996	0	0.0126217	0.0764659	0.340238
458	0.0100108	0.025399	0.10284	0	0.0129401	0.0759547	0.340238
459	0.01005	0.0259081	0.109097	0	0.0125996	0.074517	0.340238
460	0.0100108	0.0258418	0.108475	0	0.0129401	0.0727002	0.340238
461	0.0100108	0.0270073	0.11894	0	0.0125996	0.0724132	0.340238
462	0.0100108	0.0277454	0.130756	0	0.0121873	0.0738139	0.340238
463	0.0100108	0.0280287	0.133302	0	0.0121873	0.074188	0.344038
464	0.0100108	0.0280456	0.146009	0	0.0121873	0.076993	0.3789
465	0.0100108	0.028143	0.152404	0	0.0103754	0.0820556	0.387954
466	0.0100108	0.0286744	0.161689	0	0.0112865	0.0952979	1.28168
467	0.0100108	0.0288961	0.166212	0	0.010279	0.128915	10.9391
468	0.0100108	0.0292358	0.167988	0.00149925	0.0114263	0.182209	39.2612
469	0.0100108	0.0294437	0.191897	0	0.0121873	0.227077	52.2023
470	0.0100108	0.0304693	0.204647	0	0.0124675	0.29539	56.0807
471	0.0100108	0.0305961	0.203735	0	0.0121873	0.374301	57.955
472	0.0100108	0.0310792	0.204647	0	0.0161839	0.444107	80.9815
473	0.0100108	0.0310814	0.204647	0	0.0161839	0.448706	75.2109
474	0.0100108	0.0319928	0.220393	0	0.0115273	0.468533	56.0807
475	0.0100108	0.0326019	0.244045	0.00149925	0.0116965	0.458935	55.3846
476	0.0100108	0.0360202	0.35177	0.0164918
