		omega		Posterior		rho				Synonymous theta			kappa			phi	
Site	Lower	Point	Higher	prob of +ve	Lower	Point	Higher		Lower	Point	Higher	Lower	Point	Higher	Lower	Point	Higher
	95% HPD	estimate	95% HPD	selection	95% HPD	estimate	95% HPD		95% HPD	estimate	95% HPD	95% HPD	estimate	95% HPD	95% HPD	estimate	95% HPD
0	0.0102242	0.0357184	0.133919	0	0.0191371	0.512536	24.0392		0.140659	0.163863	0.188416	2.44719	3.30925	4.21122	0.947884	10.2515	53.0394
1	0.0104377	0.0335894	0.122293	0	0.0191371	0.471352	24.0392
2	0.0104377	0.0325725	0.115938	0	0.0105864	0.431471	12.7927
3	0.0104377	0.0326226	0.115938	0	0.0105864	0.429374	15.483
4	0.0107645	0.0325149	0.120618	0	0.0176153	0.444391	24.0392
5	0.0102242	0.0324265	0.113918	0	0.0109543	0.439461	12.7927
6	0.0102242	0.0322891	0.109568	0	0.0131652	0.425604	12.7927
7	0.0102242	0.0327918	0.113918	0	0.0131652	0.416894	12.7927
8	0.0102242	0.0331017	0.113918	0	0.0115096	0.379375	5.48947
9	0.0102242	0.0329073	0.115938	0	0.0201358	0.325374	4.43148
10	0.0107645	0.033287	0.122293	0	0.0115096	0.29291	1.81437
11	0.0107645	0.0342045	0.128065	0	0.0207301	0.312069	3.5828
12	0.0107645	0.0350896	0.130511	0	0.0201358	0.320059	3.5828
13	0.0107645	0.037883	0.140118	0	0.0101316	0.318083	2.2112
14	0.0107645	0.0389201	0.141078	0	0.0101316	0.330106	2.16084
15	0.0110327	0.0397999	0.144902	0	0.0117198	0.335667	2.05355
16	0.010775	0.0412006	0.142797	0	0.0194815	0.330697	2.9261
17	0.0107645	0.0417818	0.142797	0	0.0117198	0.341088	1.76555
18	0.0121192	0.0448543	0.171576	0	0.0190103	0.360407	2.9261
19	0.0115553	0.0478094	0.182621	0	0.0191455	0.381545	2.81562
20	0.0108483	0.0510661	0.181389	0	0.0173558	0.406818	2.9261
21	0.0102794	0.0541582	0.182621	0.00149925	0.0152839	0.422532	2.05355
22	0.0102794	0.0565799	0.195617	0.00149925	0.0190103	0.444459	2.52641
23	0.0115592	0.0607809	0.232231	0.00149925	0.0419015	0.48872	4.10145
24	0.0102856	0.0685474	0.252643	0.00149925	0.0433284	0.501243	3.71922
25	0.0102794	0.0736988	0.271209	0.0029985	0.0433284	0.495953	4.10145
26	0.0123956	0.0895962	0.431788	0.011994	0.083042	0.513572	3.42975
27	0.0183053	0.122065	0.707566	0.0389805	0.119578	0.563254	2.52641
28	0.0183053	0.122814	0.611987	0.0329835	0.119197	0.536947	1.96514
29	0.0265881	0.145451	1.62125	0.0584708	0.119197	0.505569	1.72811
30	0.0265881	0.116602	0.485011	0.00749625	0.119197	0.500168	1.96514
31	0.0259259	0.113984	0.472773	0.00449775	0.114241	0.492031	2.05355
32	0.0259259	0.113739	0.431952	0.00449775	0.106526	0.473859	1.97571
33	0.0281492	0.1124	0.431952	0.0029985	0.085308	0.447176	2.05355
34	0.0265881	0.110383	0.32723	0.00149925	0.0536674	0.404352	1.97571
35	0.0281492	0.108717	0.32723	0	0.0315158	0.386971	1.46793
36	0.0281492	0.108297	0.32723	0	0.0311373	0.370551	1.46793
37	0.0300721	0.108269	0.32723	0	0.0321886	0.364229	1.89737
38	0.0296421	0.107207	0.25513	0	0.0315158	0.370233	1.87009
39	0.0336798	0.108648	0.25513	0	0.0262971	0.367891	2.58103
40	0.0356697	0.108939	0.25513	0	0.0113931	0.264316	1.53682
41	0.0356697	0.11119	0.25513	0	0.0103448	0.14705	1.0385
42	0.0336798	0.11047	0.25513	0	0.0103448	0.122942	0.990294
43	0.0342791	0.110206	0.25513	0	0.0100538	0.101883	0.805273
44	0.0333446	0.110673	0.25513	0	0.0104913	0.094044	0.756174
45	0.0333446	0.1108	0.268719	0	0.0101773	0.0905943	0.72285
46	0.0322531	0.110104	0.268719	0	0.0104913	0.0863341	0.72285
47	0.0333446	0.109742	0.262251	0	0.0100021	0.0824317	0.680717
48	0.0333446	0.110737	0.25513	0	0.0100021	0.0804272	0.64048
49	0.0370068	0.112328	0.275235	0	0.0101773	0.0769507	0.596319
50	0.0342791	0.110396	0.25513	0	0.0101189	0.0742509	0.553576
51	0.03655	0.107917	0.268719	0	0.0101773	0.0682231	0.482347
52	0.03655	0.107494	0.268719	0	0.0100538	0.0653124	0.436811
53	0.0281161	0.102015	0.25513	0	0.0101773	0.0622059	0.385593
54	0.0281161	0.100014	0.268719	0	0.0101773	0.0603913	0.355996
55	0.0281161	0.0983715	0.25513	0	0.0104913	0.0591312	0.355996
56	0.0192675	0.097257	0.273814	0	0.0104913	0.0586946	0.353601
57	0.0281161	0.0968737	0.273814	0	0.0103448	0.0569883	0.335424
58	0.0281161	0.0974182	0.332808	0	0.0100538	0.056539	0.306505
59	0.0281161	0.0979469	0.355194	0	0.0101773	0.0549791	0.294409
60	0.0151637	0.100613	0.246851	0.0029985	0.0101189	0.0548321	0.294409
61	0.0133608	0.102155	0.2414	0	0.0101773	0.0555297	0.306505
62	0.0133608	0.108072	0.307261	0	0.0101773	0.055396	0.306505
63	0.0261371	0.113449	0.552812	0	0.0100538	0.0567734	0.31468
64	0.0378395	0.127831	0.702948	0	0.0106876	0.0579868	0.331407
65	0.0378395	0.132345	0.702948	0.00149925	0.0104913	0.0618188	0.357167
66	0.0458457	0.133949	0.872997	0.00149925	0.0106996	0.0644881	0.357167
67	0.0427437	0.13691	0.872997	0.00149925	0.0106046	0.069287	0.365764
68	0.0464693	0.149594	0.872997	0.00749625	0.0110622	0.0743435	0.383605
69	0.0485509	0.178617	0.986538	0.0284858	0.0110622	0.0810004	0.390999
70	0.0485509	0.198338	1.09427	0.0464768	0.0115475	0.0876462	0.4442
71	0.0436494	0.168528	1.0103	0.0209895	0.0120504	0.0986281	0.496517
72	0.0436494	0.161205	0.958915	0.0164918	0.0120504	0.108874	0.561496
73	0.0364983	0.154908	0.872997	0.0149925	0.0120504	0.120162	0.660458
74	0.0187293	0.125922	0.832656	0.00749625	0.0127115	0.134558	0.739193
75	0.014675	0.113094	0.469161	0.00149925	0.0127115	0.138262	0.810133
76	0.0150704	0.0998562	0.364814	0.00149925	0.0148154	0.133964	0.810133
77	0.012332	0.0935314	0.283696	0	0.0146688	0.126377	0.739193
78	0.0137144	0.0903347	0.283696	0	0.0127115	0.112951	0.504269
79	0.0137144	0.0901595	0.285103	0	0.0146015	0.105277	0.504269
80	0.0137144	0.0861094	0.283696	0	0.0120029	0.101806	0.471802
81	0.0148938	0.0839101	0.285103	0	0.0136728	0.0970615	0.492318
82	0.0148938	0.0810807	0.285103	0	0.0125913	0.0936618	0.463048
83	0.0150704	0.0804907	0.283696	0	0.0120029	0.0921859	0.457143
84	0.0157741	0.0798045	0.301041	0	0.01167	0.0903899	0.457143
85	0.015936	0.0807947	0.29676	0	0.0107119	0.0960143	0.453815
86	0.015936	0.0823929	0.29676	0	0.0101389	0.10041	0.465896
87	0.015936	0.0850632	0.29676	0	0.0101389	0.0992862	0.465896
88	0.014675	0.0878063	0.29676	0	0.0106862	0.0960747	0.45282
89	0.014675	0.0897695	0.288691	0	0.0115543	0.0953681	0.465896
90	0.014675	0.0948289	0.292392	0	0.0117585	0.090831	0.44681
91	0.0157741	0.0950354	0.29676	0	0.0117585	0.0894896	0.441795
92	0.014675	0.0950485	0.292392	0	0.0117585	0.0878887	0.441795
93	0.014675	0.0931779	0.292392	0	0.0119766	0.0875603	0.44681
94	0.0182919	0.0953083	0.298542	0	0.0114671	0.0879273	0.419878
95	0.0181135	0.096583	0.292392	0	0.01167	0.0853391	0.419878
96	0.0181135	0.0995165	0.292392	0	0.0114671	0.0848877	0.412653
97	0.0181135	0.102968	0.298542	0	0.01167	0.0805432	0.391101
98	0.0240191	0.111621	0.559818	0	0.0118679	0.0808593	0.391101
99	0.0240191	0.117737	0.559818	0.005997	0.0119766	0.0818159	0.390999
100	0.0231599	0.11911	0.601366	0.00749625	0.0118679	0.082839	0.391101
101	0.0240191	0.121305	0.675557	0.0089955	0.0119766	0.0830314	0.391101
102	0.0183751	0.114381	0.596947	0.005997	0.0120029	0.0848631	0.391101
103	0.0183751	0.113045	0.606873	0.005997	0.0118679	0.0884331	0.391101
104	0.010632	0.0810579	0.298542	0	0.0119766	0.0944209	0.417474
105	0.010632	0.0620714	0.234918	0	0.0118679	0.0994506	0.44681
106	0.0101131	0.0539012	0.203455	0	0.0101981	0.104312	0.41914
107	0.010109	0.0512762	0.200847	0	0.0101981	0.112836	0.528558
108	0.010109	0.0480406	0.188873	0	0.0101981	0.117782	0.535203
109	0.0101131	0.0439863	0.168281	0	0.0101981	0.121004	0.60714
110	0.010109	0.041203	0.164975	0	0.0127782	0.123641	0.833138
111	0.010109	0.0384129	0.146115	0.00149925	0.0101981	0.12234	0.528558
112	0.010109	0.0368856	0.139631	0	0.0101981	0.121218	0.535203
113	0.010109	0.0358078	0.137466	0	0.0101981	0.123908	0.541042
114	0.010036	0.0341548	0.131106	0	0.0143274	0.12522	0.82062
115	0.010036	0.0336372	0.130806	0	0.0124115	0.126066	0.676791
116	0.010036	0.0329344	0.127891	0	0.0141009	0.125353	0.676791
117	0.010036	0.0326684	0.128942	0	0.0139615	0.126339	0.676791
118	0.010036	0.0317654	0.121953	0	0.0136728	0.13054	0.82062
119	0.010036	0.0304387	0.113273	0	0.0101981	0.140734	0.649637
120	0.0101131	0.029692	0.112766	0	0.0116964	0.149624	0.722705
121	0.010036	0.0286556	0.10714	0	0.0209191	0.152475	1.35006
122	0.010036	0.0282218	0.104533	0	0.0208344	0.153965	1.35006
123	0.0101131	0.0277764	0.104533	0	0.0208344	0.169104	1.52373
124	0.0101131	0.0272486	0.104533	0	0.0222332	0.176391	1.95158
125	0.0101131	0.0267843	0.104533	0	0.0227768	0.184077	2.11925
126	0.0101131	0.0267173	0.103554	0	0.0235136	0.19411	2.32697
127	0.010036	0.0266772	0.101821	0	0.0222448	0.199232	2.32697
128	0.010036	0.0264623	0.101821	0	0.0247224	0.204073	2.51482
129	0.010036	0.0259894	0.101394	0	0.025675	0.202468	2.51482
130	0.010036	0.0255493	0.0969634	0	0.0222332	0.201831	2.51482
131	0.0100754	0.0256069	0.0983198	0	0.0232007	0.207947	2.51482
132	0.0101131	0.0254287	0.0983198	0	0.0257825	0.200053	2.51482
133	0.010036	0.0255254	0.0983198	0	0.0185339	0.191915	2.51482
134	0.010036	0.0254561	0.101441	0	0.0136728	0.143765	0.980958
135	0.010036	0.0255249	0.101394	0	0.0107909	0.129256	0.685965
136	0.010036	0.0256767	0.101394	0	0.0122734	0.118076	0.685965
137	0.010036	0.0256966	0.101441	0	0.0104374	0.109546	0.597841
138	0.0101131	0.0260194	0.104533	0	0.0107909	0.106117	0.597841
139	0.010036	0.0284421	0.141497	0	0.0104374	0.102121	0.517291
140	0.010036	0.0291679	0.17943	0	0.010301	0.0947853	0.452311
141	0.010036	0.031229	0.282022	0	0.010301	0.0861848	0.364092
142	0.010036	0.032462	0.309557	0	0.0110281	0.079493	0.354343
143	0.010036	0.0374584	0.401261	0.0029985	0.0110281	0.0767861	0.347447
144	0.010036	0.0455912	0.555996	0.0149925	0.0107909	0.0711991	0.325113
145	0.010036	0.0822314	0.939506	0.0494753	0.0107909	0.0692446	0.316714
146	0.0359962	0.476915	1.89375	0.218891	0.0110281	0.0660347	0.294673
147	0.097153	0.560058	2.04675	0.244378	0.0104374	0.064632	0.271828
148	0.225732	0.692181	1.99809	0.289355	0.0107909	0.0640091	0.265639
149	0.198434	0.697591	2.04675	0.292354	0.0104374	0.0621558	0.242282
150	0.186055	0.699952	2.04675	0.295352	0.0107909	0.0620485	0.258519
151	0.0673566	0.566801	2.04675	0.254873	0.0110281	0.0624901	0.265881
152	0.0420951	0.498462	2.04675	0.229385	0.0110281	0.0612034	0.265465
153	0.016793	0.179287	1.62525	0.0824588	0.0110281	0.0609691	0.265465
154	0.0120262	0.0932757	0.89917	0.0254873	0.0107909	0.0599557	0.242282
155	0.0102235	0.0709819	0.472792	0.00749625	0.0110281	0.0591076	0.242282
156	0.0107198	0.0610891	0.357156	0.0029985	0.0110281	0.0583543	0.239856
157	0.0101209	0.0555524	0.253424	0	0.0110281	0.0586475	0.239856
158	0.0107198	0.0543901	0.246858	0	0.0110281	0.059647	0.239856
159	0.0101209	0.0535355	0.198434	0	0.0110281	0.0590876	0.239856
160	0.0107198	0.054293	0.219732	0	0.0110281	0.0570342	0.234701
161	0.0107198	0.0568217	0.223558	0.00449775	0.010972	0.0564069	0.216601
162	0.0107198	0.0581772	0.228731	0.00449775	0.010972	0.0544055	0.202244
163	0.0101209	0.0565906	0.198434	0.00149925	0.010972	0.0541355	0.196799
164	0.0107198	0.0551331	0.190733	0	0.010972	0.0558221	0.191283
165	0.0107198	0.0545574	0.1931	0	0.0110281	0.0558339	0.191283
166	0.0107198	0.0547122	0.1931	0	0.010972	0.0563346	0.191248
167	0.0107198	0.0541653	0.19727	0	0.010972	0.0560471	0.20192
168	0.0107198	0.0532117	0.19727	0	0.010972	0.0559079	0.198319
169	0.0107198	0.0527088	0.189899	0	0.010972	0.0551247	0.191283
170	0.0107198	0.0534364	0.197594	0	0.010972	0.0567185	0.202893
171	0.0100042	0.053861	0.189899	0	0.010972	0.0571246	0.204471
172	0.0100042	0.0546069	0.189899	0	0.0108628	0.0571626	0.198319
173	0.0100042	0.0550954	0.1931	0	0.0106464	0.0576652	0.198319
174	0.0100042	0.0554187	0.1931	0	0.0106464	0.0578336	0.196799
175	0.0100042	0.0564473	0.198434	0	0.0106464	0.0588613	0.204471
176	0.0100042	0.057424	0.210807	0	0.0115963	0.0606921	0.241273
177	0.0120262	0.0592879	0.252139	0.00149925	0.0108628	0.0624622	0.241273
178	0.0120262	0.0556942	0.228516	0.00149925	0.0108628	0.0631494	0.241273
179	0.0120262	0.055131	0.211022	0	0.0115963	0.0642649	0.246876
180	0.0120262	0.0548897	0.210807	0	0.010972	0.0646091	0.245925
181	0.0120262	0.0551599	0.215936	0	0.0110546	0.0647679	0.249615
182	0.0120262	0.0549103	0.216542	0	0.0110546	0.0682614	0.263766
183	0.0120262	0.0535915	0.216542	0	0.010972	0.0709269	0.28219
184	0.0120262	0.054642	0.216542	0	0.0115963	0.0759258	0.339964
185	0.0120262	0.0582633	0.254909	0	0.0106971	0.0840365	0.372843
186	0.0107198	0.0588622	0.23826	0	0.0106971	0.0898677	0.402943
187	0.0107198	0.0596324	0.23826	0	0.0106971	0.0956829	0.402943
188	0.0107198	0.0621554	0.254909	0.0029985	0.0136068	0.0989295	0.561371
189	0.0120262	0.0757286	0.621473	0.023988	0.0107193	0.107109	0.561371
190	0.0178493	0.117942	1.78335	0.10045	0.0113291	0.105975	0.561371
191	0.0102796	0.0579308	0.246858	0.00149925	0.0142206	0.103114	0.561371
192	0.0111239	0.0510244	0.237161	0.00149925	0.0142206	0.104696	0.561371
193	0.0119135	0.0454856	0.232658	0	0.0131802	0.111612	0.519565
194	0.0102365	0.041261	0.193812	0	0.0142206	0.116398	0.561371
195	0.0102365	0.0367028	0.163644	0	0.0142206	0.117683	0.561371
196	0.0100888	0.0346558	0.139946	0	0.0142206	0.119776	0.561371
197	0.0102365	0.0318887	0.130354	0	0.0142206	0.122821	0.561371
198	0.0102365	0.0309825	0.118318	0	0.0131802	0.128457	0.561371
199	0.0102365	0.0304136	0.116675	0.00149925	0.0115026	0.137337	0.552043
200	0.0100084	0.0299909	0.107816	0.00149925	0.0131802	0.136329	0.552043
201	0.0100084	0.0290187	0.100176	0.00149925	0.0115026	0.143132	0.547091
202	0.0100084	0.0282185	0.095315	0	0.0131802	0.154694	0.709921
203	0.0100084	0.0280399	0.095315	0	0.0110546	0.151701	0.554057
204	0.0100084	0.0278551	0.095315	0	0.0107897	0.156697	0.554057
205	0.0100084	0.0267914	0.0827093	0	0.0131802	0.16137	0.651398
206	0.0100084	0.0264616	0.0762928	0	0.0131802	0.16307	0.651398
207	0.0102365	0.0260952	0.076298	0	0.0157803	0.167072	0.760249
208	0.0100888	0.0258569	0.0736972	0	0.0157803	0.167907	0.72557
209	0.0101462	0.0257514	0.0736972	0	0.0197827	0.170203	0.783563
210	0.0102264	0.0260556	0.076298	0	0.0357297	0.186717	0.826109
211	0.0101462	0.0260716	0.076298	0	0.0411675	0.199271	0.861747
212	0.0102264	0.0260827	0.076298	0	0.0429046	0.20723	0.826109
213	0.0100454	0.0254697	0.0691414	0	0.0488558	0.217229	0.826109
214	0.0100454	0.0255104	0.0688703	0	0.0488558	0.223145	0.861747
215	0.0100454	0.0253873	0.0666442	0	0.0520189	0.226751	0.963517
216	0.0100454	0.0253309	0.0665595	0	0.0520189	0.236465	1.02157
217	0.0100454	0.025054	0.0657059	0	0.0464394	0.241155	1.05327
218	0.0100454	0.0250678	0.0658091	0	0.047522	0.246055	1.05327
219	0.0100454	0.0248666	0.0635755	0	0.0440382	0.236548	1.05327
220	0.0100454	0.0247971	0.0619111	0	0.0467661	0.232776	0.966138
221	0.0100454	0.0251669	0.0657059	0	0.0440382	0.225791	0.966138
222	0.0100454	0.0255758	0.0674465	0	0.0467661	0.238625	0.966138
223	0.0100454	0.0257394	0.0688703	0	0.0458762	0.241548	1.25064
224	0.0100454	0.0258249	0.0688703	0	0.0458042	0.23462	1.25064
225	0.0100454	0.0259616	0.0691414	0	0.0458042	0.224609	0.966138
226	0.0100454	0.026148	0.0703595	0	0.0458212	0.217698	1.25064
227	0.0100454	0.0274693	0.0841738	0	0.0458762	0.221986	1.21467
228	0.0101951	0.0305925	0.203129	0.005997	0.0401308	0.209035	1.21467
229	0.0100563	0.0267123	0.0763767	0	0.0285877	0.212181	0.983615
230	0.0100563	0.0260052	0.0720633	0	0.0321313	0.208738	0.973334
231	0.0100563	0.0258726	0.0698403	0	0.0321313	0.2017	0.983615
232	0.0100563	0.0251495	0.0658091	0	0.0336206	0.194735	1.25064
233	0.0100563	0.0249643	0.0664001	0	0.0285877	0.187544	1.21467
234	0.0100563	0.0247031	0.0635755	0	0.0111473	0.186862	0.70487
235	0.0100563	0.0245128	0.0618335	0	0.0111473	0.183769	0.70487
236	0.0100563	0.024565	0.0618335	0	0.0123538	0.178947	0.893762
237	0.0100563	0.0245147	0.0614099	0	0.0111473	0.170309	0.851139
238	0.0100563	0.0244667	0.061176	0	0.0123538	0.160731	0.92949
239	0.0100563	0.0244492	0.061176	0	0.0123538	0.150001	0.92949
240	0.0100563	0.0245959	0.0618335	0	0.0100802	0.133107	0.653803
241	0.0100563	0.0242723	0.0614099	0	0.0112276	0.119688	0.622287
242	0.0100563	0.0243111	0.0650594	0	0.0112276	0.114125	0.615017
243	0.0100563	0.0242679	0.0650594	0	0.0112276	0.0975722	0.615017
244	0.0100563	0.024213	0.0635755	0	0.0100802	0.0888193	0.445386
245	0.0100563	0.0246674	0.0675261	0	0.0102499	0.0841	0.445386
246	0.0100563	0.0247356	0.0683228	0	0.0112621	0.0764958	0.445386
247	0.0100563	0.0247977	0.0683228	0	0.0112621	0.0723762	0.445064
248	0.0100563	0.0249003	0.0691414	0	0.0100802	0.0687184	0.390274
249	0.0100563	0.0249528	0.0698403	0	0.0112276	0.0679908	0.445386
250	0.0100563	0.0249963	0.0701068	0	0.0100802	0.0668607	0.394861
251	0.0100563	0.0251524	0.0709592	0	0.0100802	0.0657951	0.371146
252	0.0100563	0.0252083	0.0709592	0	0.010344	0.0655254	0.373484
253	0.0100563	0.0253217	0.071427	0	0.0103751	0.0669837	0.373484
254	0.0100563	0.0258041	0.0758064	0	0.0100802	0.0673598	0.350505
255	0.0100563	0.0257041	0.0755997	0	0.0100802	0.0667239	0.33941
256	0.0100563	0.0255641	0.0755997	0	0.0100802	0.0660052	0.320302
257	0.0100563	0.0258116	0.0777758	0	0.0111947	0.0665884	0.350505
258	0.0100384	0.0258412	0.0777758	0	0.0111947	0.0683839	0.350505
259	0.0100384	0.0257696	0.0777758	0	0.010497	0.0685421	0.322338
260	0.0100384	0.0255711	0.0777758	0	0.0107425	0.069077	0.347833
261	0.0100384	0.0251185	0.076298	0	0.0107425	0.069107	0.347833
262	0.0100337	0.0244734	0.0736972	0	0.0102499	0.0670284	0.322338
263	0.01001	0.0237075	0.0703543	0	0.0107334	0.065929	0.347833
264	0.01001	0.0235909	0.0701068	0	0.0102499	0.0661788	0.322338
265	0.01001	0.0232204	0.0691414	0	0.0107334	0.0665404	0.347833
266	0.01001	0.0231516	0.0691414	0	0.0107334	0.0656241	0.350505
267	0.01001	0.0230231	0.0687682	0	0.0102499	0.0657241	0.355993
268	0.01001	0.022944	0.0689769	0	0.0107334	0.0661905	0.347833
269	0.01001	0.0229707	0.0689769	0	0.0107334	0.0673903	0.348701
270	0.01001	0.022869	0.0689769	0	0.0107334	0.0679134	0.368887
271	0.01001	0.0225406	0.061176	0	0.0107334	0.0683841	0.370635
272	0.01001	0.0226566	0.0639225	0	0.0107425	0.0699231	0.378393
273	0.01001	0.0224157	0.061176	0	0.0107425	0.0746245	0.445386
274	0.01001	0.0223036	0.061176	0	0.0107647	0.075529	0.453485
275	0.01001	0.0222571	0.061176	0	0.0107647	0.0755747	0.453485
276	0.0100337	0.0222085	0.061176	0	0.0107647	0.0772056	0.453485
277	0.0100337	0.0220603	0.0581814	0	0.0107425	0.0773675	0.453485
278	0.0100337	0.0222503	0.0611266	0	0.0107647	0.0798272	0.453485
279	0.0100337	0.0219024	0.0579172	0	0.0107425	0.0831601	0.453485
280	0.0100337	0.021659	0.0570672	0	0.0107425	0.0843486	0.453485
281	0.0100337	0.0214062	0.0536467	0	0.0107425	0.0849358	0.453485
282	0.0100337	0.0209602	0.0518414	0	0.0107425	0.0854906	0.453485
283	0.0100337	0.0207521	0.0515587	0	0.0102804	0.0857781	0.453485
284	0.0100337	0.0209369	0.0518414	0	0.0102804	0.0882285	0.490609
285	0.0100337	0.020884	0.051624	0	0.0102804	0.0897315	0.490609
286	0.0100337	0.0207837	0.0515587	0	0.0102804	0.0926402	0.515821
287	0.0100337	0.0207602	0.0509233	0	0.0103418	0.0990471	0.565533
288	0.0100337	0.0214488	0.0542561	0	0.010652	0.107112	0.58723
289	0.0100932	0.021103	0.0532398	0	0.0103418	0.118097	0.681398
290	0.0101953	0.0208992	0.0536467	0	0.0115416	0.126746	0.800027
291	0.0100384	0.0209234	0.0521725	0	0.0115769	0.137306	0.914745
292	0.0100384	0.0209542	0.0521725	0	0.0128072	0.137193	0.914745
293	0.0100384	0.0209263	0.0521725	0	0.0128072	0.134905	0.914745
294	0.0100061	0.0210028	0.0521725	0	0.013065	0.13225	0.914745
295	0.0100932	0.0210743	0.0532398	0	0.0115693	0.127614	0.681398
296	0.0100932	0.021138	0.0532398	0	0.0128072	0.129318	0.681398
297	0.0100061	0.0212293	0.0532398	0	0.0128072	0.129741	0.649916
298	0.0100384	0.021104	0.0532398	0	0.013065	0.129433	0.649916
299	0.0100384	0.0212835	0.0537145	0	0.0129723	0.130139	0.649916
300	0.0100061	0.0212431	0.0536467	0	0.013065	0.12821	0.650314
301	0.0100061	0.0214743	0.0542561	0	0.0129723	0.129675	0.650314
302	0.0100061	0.0216464	0.0541101	0	0.0129723	0.132919	0.650314
303	0.0100061	0.0215591	0.0537145	0	0.013065	0.138505	0.681398
304	0.0100061	0.0216365	0.0537145	0	0.0129723	0.14094	0.746547
305	0.0100061	0.0218751	0.0542561	0	0.013253	0.143166	0.746547
306	0.0100061	0.0220135	0.0546741	0	0.013253	0.14116	0.681398
307	0.0100061	0.0222058	0.0567593	0	0.0129723	0.14462	0.768007
308	0.0100061	0.022364	0.0579172	0	0.013253	0.137718	0.719877
309	0.0100061	0.0223622	0.0579172	0	0.013253	0.133632	0.711189
310	0.0100061	0.0222794	0.0579172	0	0.0109056	0.124768	0.565533
311	0.0100061	0.0222459	0.0570672	0	0.0109056	0.116071	0.534984
312	0.0100128	0.022469	0.060658	0	0.0109056	0.1142	0.528564
313	0.0100061	0.0226365	0.060658	0	0.0109056	0.108921	0.518512
314	0.0100061	0.0229246	0.0617338	0	0.0103101	0.102704	0.459321
315	0.0100061	0.0232298	0.0645371	0	0.01073	0.0941766	0.459321
316	0.0100061	0.0239506	0.0727739	0	0.0103101	0.0902717	0.443112
317	0.0100061	0.0242199	0.0740549	0	0.0103101	0.087849	0.447458
318	0.0100061	0.0243325	0.0744995	0	0.0103101	0.0840735	0.393479
319	0.0100128	0.02502	0.0774367	0	0.0109056	0.0810453	0.392833
320	0.0100061	0.0253534	0.0774367	0	0.0103101	0.079552	0.355993
321	0.0100128	0.0255698	0.0761345	0	0.010464	0.079763	0.351388
322	0.0100128	0.025833	0.0774367	0	0.0109056	0.0789486	0.355993
323	0.0101664	0.0258581	0.0798118	0	0.010464	0.0763202	0.335904
324	0.0100128	0.0264543	0.0798118	0	0.0107384	0.0766817	0.335904
325	0.0100371	0.0272179	0.0888219	0	0.0107384	0.0785669	0.351388
326	0.0100371	0.0278774	0.0966487	0	0.011258	0.0791016	0.351388
327	0.010154	0.0288391	0.0985486	0	0.0110943	0.0807403	0.355993
328	0.0100371	0.0300146	0.100618	0	0.0113584	0.0823708	0.351388
329	0.0100371	0.030435	0.100618	0	0.0107384	0.0872081	0.351388
330	0.010154	0.0310531	0.103727	0	0.0113993	0.0817985	0.351388
331	0.010154	0.0319991	0.109682	0	0.0148286	0.0815925	0.431513
332	0.0101953	0.0330845	0.112532	0.0029985	0.0148286	0.0838556	0.419866
333	0.0101953	0.0353965	0.115387	0	0.0148286	0.0833175	0.419866
334	0.0102293	0.0369549	0.140788	0	0.0113584	0.0856116	0.355993
335	0.0101953	0.03872	0.148024	0	0.010464	0.0878609	0.351388
336	0.0101953	0.039756	0.152011	0	0.010464	0.0859479	0.351388
337	0.0101953	0.0401783	0.152011	0	0.0107384	0.085673	0.351388
338	0.0101953	0.0414706	0.158	0	0.011258	0.0848162	0.351388
339	0.0102365	0.0427196	0.16217	0	0.010464	0.0839369	0.351388
340	0.0101953	0.0430294	0.158	0	0.0107384	0.0815478	0.351388
341	0.0101953	0.0431305	0.152011	0	0.010464	0.0806542	0.351388
342	0.0101953	0.043278	0.153612	0	0.010464	0.0826929	0.351388
343	0.0101953	0.0429235	0.150501	0	0.0107384	0.0816771	0.351388
344	0.0101953	0.0429572	0.148355	0	0.0112339	0.0825066	0.397651
345	0.0101953	0.0431477	0.148355	0	0.0112339	0.0829232	0.414256
346	0.0101953	0.0446528	0.158	0	0.0112339	0.0816063	0.401359
347	0.0101953	0.0454892	0.167226	0	0.0126563	0.0790147	0.423885
348	0.0101953	0.046332	0.172442	0	0.0103807	0.0756719	0.335904
349	0.0101953	0.0439354	0.15459	0	0.0107384	0.0742844	0.343727
350	0.0101953	0.0415715	0.136024	0	0.0103807	0.0728062	0.310061
351	0.0101953	0.0407349	0.135276	0	0.0112339	0.0707349	0.310061
352	0.0101953	0.0403483	0.134439	0	0.0107384	0.0710291	0.307221
353	0.0101953	0.0400449	0.133558	0	0.0103807	0.0707937	0.296123
354	0.0101953	0.0394424	0.127872	0	0.0103807	0.0702454	0.293548
355	0.0101953	0.0390625	0.12284	0	0.0112339	0.0679284	0.296123
356	0.0101953	0.0385133	0.121832	0	0.0112339	0.065506	0.285602
357	0.0101953	0.038421	0.121832	0	0.0112339	0.0634961	0.271008
358	0.0101953	0.0375714	0.115201	0	0.0112339	0.0631681	0.27042
359	0.0102365	0.0371033	0.115201	0	0.010382	0.0607419	0.256059
360	0.0101953	0.0368267	0.112532	0	0.0112339	0.0619486	0.271008
361	0.0101953	0.0366852	0.112532	0	0.0112339	0.06311	0.261233
362	0.0102365	0.036941	0.112532	0	0.0113584	0.0626602	0.27927
363	0.0102365	0.0369735	0.107211	0	0.0113584	0.0626615	0.27927
364	0.0102365	0.0375215	0.10956	0	0.0112339	0.0621874	0.285602
365	0.0102365	0.0374962	0.105654	0	0.0112339	0.0608629	0.27927
366	0.0102365	0.0369239	0.105654	0	0.0110576	0.060091	0.280804
367	0.0102365	0.0371769	0.105654	0	0.010464	0.056728	0.258283
368	0.0102365	0.0372616	0.104642	0.005997	0.0102131	0.054185	0.247308
369	0.0102365	0.0367491	0.102716	0	0.0101187	0.0542475	0.245831
370	0.0102365	0.0366528	0.104642	0	0.0103901	0.0516085	0.245141
371	0.0102365	0.0365453	0.104642	0	0.0103901	0.0511599	0.245141
372	0.0102365	0.0365945	0.104733	0	0.0101187	0.0505785	0.235869
373	0.0103236	0.0366258	0.104733	0	0.0101187	0.0489513	0.231992
374	0.0103236	0.0372007	0.104733	0	0.0103901	0.0482829	0.233003
375	0.0105899	0.0376939	0.104733	0	0.0101187	0.0479472	0.224004
376	0.0105899	0.0379227	0.104733	0	0.0101187	0.0484684	0.224034
377	0.0105899	0.0384914	0.105654	0	0.010224	0.0493517	0.228126
378	0.0103236	0.0387682	0.105654	0	0.0103901	0.0494334	0.226479
379	0.0117922	0.0398619	0.136078	0	0.0103901	0.0502658	0.226479
380	0.0124497	0.040912	0.152655	0	0.0101187	0.0510717	0.22882
381	0.0119536	0.0398734	0.144737	0	0.0101187	0.0524794	0.245141
382	0.0125493	0.0405126	0.152655	0	0.0101187	0.0540046	0.258313
383	0.0117922	0.0400353	0.137317	0	0.0103901	0.0567011	0.286123
384	0.0117922	0.0396333	0.130447	0	0.0103901	0.0580274	0.29203
385	0.0108367	0.039412	0.115108	0	0.0103901	0.0604905	0.324099
386	0.0108367	0.0388085	0.106369	0	0.0103901	0.0616292	0.330111
387	0.0109447	0.0386216	0.106369	0	0.0103901	0.0628068	0.330111
388	0.0109447	0.0385851	0.105654	0	0.0103901	0.0644244	0.334961
389	0.0104988	0.0386276	0.106369	0	0.0103901	0.0678209	0.341298
390	0.0108367	0.0389437	0.11764	0	0.0100775	0.0718296	0.376064
391	0.0106651	0.0384857	0.106369	0	0.0107384	0.0746295	0.391765
392	0.0104988	0.0388589	0.106369	0	0.0107384	0.0829799	0.411824
393	0.0110765	0.0386881	0.105627	0	0.0108833	0.0914781	0.420853
394	0.0110765	0.0385161	0.105627	0	0.0107384	0.0990432	0.462644
395	0.0110765	0.0384612	0.106369	0	0.0112462	0.111532	0.521321
396	0.0110026	0.0385948	0.105654	0	0.012398	0.135897	0.583017
397	0.0109447	0.0391109	0.106369	0	0.0113584	0.168345	0.608861
398	0.0109447	0.0391328	0.106369	0	0.0354683	0.211754	1.15774
399	0.0117922	0.0397447	0.12284	0	0.0719975	0.25119	1.0933
400	0.0110026	0.0414529	0.12284	0	0.0876948	0.245079	1.20477
401	0.0117484	0.0430582	0.15748	0	0.0719975	0.240962	1.17358
402	0.0106651	0.0452093	0.15748	0	0.0562543	0.226582	1.15774
403	0.0110026	0.0502256	0.242667	0.0029985	0.0562543	0.214642	0.75565
404	0.0117484	0.0509271	0.284823	0.00149925	0.0518108	0.215086	0.615958
405	0.0110026	0.0539403	0.292613	0.0104948	0.0719975	0.217236	0.75565
406	0.0110026	0.0555157	0.292613	0.011994	0.0751799	0.224738	0.615958
407	0.0123882	0.0521536	0.292613	0.0149925	0.0722339	0.224687	0.615958
408	0.0129422	0.0463019	0.23311	0	0.0751799	0.221564	0.615958
409	0.0123882	0.0452967	0.228936	0	0.0439105	0.202478	0.685469
410	0.0126933	0.044233	0.242667	0	0.042941	0.189678	0.798004
411	0.0100198	0.0424328	0.180791	0	0.0277025	0.181975	0.60202
412	0.0100198	0.0424559	0.169505	0	0.0277025	0.172227	0.60202
413	0.0100198	0.0425015	0.171083	0	0.0252338	0.170924	0.597042
414	0.0117484	0.0434095	0.228152	0	0.0192548	0.158591	0.615958
415	0.0117484	0.0435768	0.226998	0	0.0155673	0.15329	0.49735
416	0.0103281	0.0446545	0.21132	0	0.0205798	0.152548	0.615958
417	0.0112573	0.0446386	0.228936	0	0.0205666	0.153641	0.509782
418	0.0110026	0.0446826	0.228936	0	0.0205666	0.154465	0.515296
419	0.0103281	0.0448902	0.226653	0.00149925	0.0187116	0.157375	0.492688
420	0.0103281	0.0457627	0.242667	0	0.0205666	0.155716	0.49735
421	0.0103281	0.0489805	0.300453	0	0.0205666	0.157669	0.462644
422	0.0103281	0.0545543	0.355112	0	0.0238497	0.164282	0.515296
423	0.0117484	0.0592161	0.41779	0	0.0252338	0.171375	0.492688
424	0.0117484	0.0765069	0.584289	0.00749625	0.0420881	0.177225	0.85975
425	0.0117484	0.121439	0.895667	0.035982	0.0420881	0.177172	0.779367
426	0.0741159	0.576169	10.733	0.226387	0.0420881	0.174562	0.50995
427	0.0439853	0.289561	1.3906	0.0404798	0.0445796	0.175703	0.58587
428	0.0448386	0.27665	1.3906	0.0374813	0.0483567	0.180793	0.50995
429	0.0474506	0.276322	1.3906	0.035982	0.0466215	0.181344	0.50995
430	0.0510617	0.282667	1.3906	0.0389805	0.0420881	0.187327	0.58587
431	0.0572619	0.292895	1.3906	0.0404798	0.0466215	0.181816	0.651813
432	0.0802881	0.349183	1.65793	0.0704648	0.0478423	0.177719	0.651813
433	0.0876977	0.441184	1.65793	0.121439	0.034178	0.173629	0.492688
434	0.10643	0.494851	3.39382	0.172414	0.034178	0.167952	0.492688
435	0.0567491	0.360902	2.80058	0.121439	0.0348808	0.159268	0.651813
436	0.0265341	0.339563	1.77044	0.11994	0.0323582	0.15625	0.58587
437	0.0110121	0.141429	0.953993	0.0314843	0.0244624	0.15197	0.487476
438	0.0101479	0.0812395	0.532039	0.0089955	0.0336876	0.150193	0.58587
439	0.0102438	0.0659295	0.412805	0	0.0242096	0.146011	0.458351
440	0.0108172	0.0612691	0.412805	0	0.0276283	0.14622	0.492688
441	0.0102438	0.0577923	0.35961	0	0.0279338	0.144509	0.492688
442	0.0109562	0.0546898	0.372346	0.0029985	0.0270056	0.146557	0.458351
443	0.0101479	0.0525926	0.323308	0.00449775	0.0279338	0.146279	0.492688
444	0.0102438	0.0510342	0.317462	0	0.0270056	0.146844	0.458351
445	0.0108172	0.0500973	0.323308	0	0.0333389	0.150964	0.492688
446	0.0108172	0.0493788	0.316166	0	0.0333389	0.151076	0.506226
447	0.0109562	0.0497371	0.316166	0	0.0276283	0.150106	0.492688
448	0.0109562	0.0494784	0.316166	0	0.0276625	0.148695	0.492688
449	0.0102438	0.0515285	0.312633	0	0.0333389	0.15653	0.487476
450	0.0102438	0.0545578	0.334921	0	0.0333389	0.158031	0.487476
451	0.0109562	0.0620242	0.414397	0.0089955	0.0408368	0.167441	0.711774
452	0.0102438	0.0832522	0.822027	0.047976	0.0414197	0.171882	0.711774
453	0.0675993	0.544339	3.79075	0.391304	0.0544684	0.172783	0.942729
454	0.0807461	0.582974	3.79075	0.407796	0.0448046	0.169894	0.820014
455	0.101773	0.784471	3.79075	0.50075	0.0248845	0.166069	0.503311
456	0.104492	0.843998	3.79075	0.523238	0.0448046	0.164211	0.820014
457	0.0127154	0.13206	1.87203	0.13943	0.0287912	0.15714	0.495124
458	0.0104471	0.0817387	1.10625	0.0674663	0.022011	0.142772	0.503311
459	0.0104272	0.055484	0.429571	0.0104948	0.0248845	0.134625	0.758781
460	0.0104272	0.0498189	0.243326	0	0.0170065	0.122775	0.495124
461	0.0102232	0.0480365	0.198395	0	0.0154331	0.112176	0.415241
462	0.0104471	0.0470876	0.191122	0	0.0150157	0.104498	0.370473
463	0.0104471	0.0459382	0.176704	0	0.0150157	0.0942453	0.383985
464	0.0104471	0.0462831	0.176704	0	0.0150157	0.0914797	0.364527
465	0.0104471	0.0466348	0.173699	0	0.0150157	0.0891159	0.370473
466	0.0104471	0.0470593	0.169124	0	0.0150157	0.0843766	0.370473
467	0.0104471	0.0472013	0.166877	0	0.0125806	0.0791098	0.292931
468	0.0104471	0.0479457	0.171783	0	0.0126351	0.0772753	0.284795
469	0.0104471	0.0487656	0.173699	0	0.0126351	0.0775649	0.285269
470	0.0104471	0.0487758	0.173699	0	0.0116912	0.0766437	0.258983
471	0.010542	0.0488551	0.16695	0	0.0120457	0.0762512	0.258983
472	0.010542	0.0474749	0.158352	0	0.0112999	0.0786573	0.258983
473	0.010542	0.0453794	0.150362	0	0.0109415	0.0796273	0.258983
474	0.010542	0.0440253	0.142694	0	0.0109415	0.0813559	0.268919
475	0.010542	0.0440205	0.142694	0	0.0109415	0.0834706	0.276168
476	0.010542	0.0445667	0.143465	0	0.0126351	0.0848904	0.331125
477	0.010542	0.0448867	0.143792	0	0.0120457	0.0887797	0.333504
478	0.010542	0.0454385	0.14384	0	0.0126351	0.0945438	0.394472
479	0.010542	0.0456819	0.145141	0	0.0109415	0.101197	0.415241
480	0.010542	0.0454894	0.145428	0	0.0147644	0.112028	1.05585
481	0.010542	0.0466738	0.147819	0	0.0141949	0.120203	1.05585
482	0.010542	0.0468328	0.15278	0	0.0149145	0.118947	1.05585
483	0.010542	0.0472341	0.153229	0	0.0138942	0.124533	1.05585
484	0.0104563	0.0482777	0.154741	0	0.0145202	0.138427	1.54139
485	0.010542	0.0487789	0.159536	0	0.0103302	0.145019	1.54139
486	0.010542	0.0488593	0.164914	0	0.0143805	0.132061	1.54139
487	0.010542	0.0503098	0.170102	0.0029985	0.0123577	0.106073	0.599946
488	0.0104563	0.0517994	0.176881	0.00449775	0.0131161	0.101381	0.599946
489	0.010542	0.0551758	0.194625	0.00449775	0.0131161	0.097489	0.599946
490	0.010542	0.0571631	0.197277	0.00449775	0.010112	0.0889148	0.512356
491	0.010542	0.0598252	0.204847	0.00449775	0.010112	0.0799789	0.441241
492	0.0105637	0.0660433	0.236975	0.00749625	0.010112	0.075859	0.383985
493	0.0133986	0.0649717	0.273593	0.00749625	0.0101211	0.0714757	0.340831
494	0.0133986	0.0650253	0.273593	0.00449775	0.0101211	0.068476	0.340831
495	0.0133986	0.0662139	0.273593	0.00449775	0.0101211	0.0692545	0.441241
496	0.0133986	0.0670532	0.273593	0.00449775	0.010112	0.0623457	0.329232
497	0.0134055	0.062153	0.239657	0	0.010112	0.0578433	0.308091
498	0.0133986	0.0598704	0.239657	0	0.0101111	0.053311	0.262786
499	0.0133986	0.0580901	0.217148	0.00149925	0.0101111	0.0505017	0.253982
500	0.0133986	0.0554014	0.217148	0	0.0101111	0.0462824	0.232356
501	0.0133986	0.0550531	0.217148	0	0.0101111	0.0433025	0.217501
502	0.0103266	0.0551291	0.176727	0	0.0101111	0.0409784	0.20118
503	0.0103266	0.0549953	0.180029	0	0.0101044	0.0365505	0.164173
504	0.0102781	0.0543258	0.176881	0	0.0101111	0.0354767	0.158561
505	0.0105353	0.0540027	0.188539	0	0.0101044	0.0334471	0.148543
506	0.0105353	0.0540761	0.188539	0	0.0101111	0.0325336	0.147128
507	0.0105353	0.0538374	0.188539	0	0.0101044	0.031619	0.145967
508	0.0104107	0.05438	0.188539	0.00149925	0.0101111	0.0314145	0.147128
509	0.0102781	0.056588	0.197665	0.00149925	0.0101111	0.0314327	0.147128
510	0.0102781	0.05962	0.235608	0.00149925	0.0101044	0.031358	0.148543
511	0.0101004	0.0599394	0.242445	0	0.0101044	0.0319645	0.159314
512	0.0122826	0.0621106	0.289167	0	0.0101044	0.0316019	0.159314
513	0.0105353	0.0663654	0.264484	0	0.0101111	0.0312553	0.161794
514	0.0125581	0.0733844	0.362964	0	0.0101044	0.0311506	0.161794
515	0.0150143	0.0829532	0.399907	0	0.0101044	0.0309637	0.172748
516	0.0156133	0.0956901	0.443113	0.0029985	0.0101044	0.0310198	0.172748
517	0.0187724	0.115293	0.636044	0.0104948	0.0101111	0.0314548	0.173215
518	0.038296	0.1536	1.12305	0.0284858	0.0101044	0.0314644	0.161794
519	0.0274324	0.148618	0.647544	0.017991	0.0101044	0.0312425	0.148677
520	0.0317065	0.141618	0.636044	0.00749625	0.0101044	0.03097	0.148677
521	0.0317162	0.143318	0.636044	0.00749625	0.0100761	0.0313578	0.16438
522	0.0317162	0.142105	0.609778	0.005997	0.0100761	0.0320812	0.175535
523	0.0317162	0.146533	0.647544	0.00749625	0.0101044	0.0331868	0.194419
524	0.0322912	0.246722	2.28254	0.115442	0.0100761	0.04563	1.03681
525	0.0142014	0.12788	0.578976	0.0134933	0.0100761	0.0581527	16.524
526	0.0132172	0.117741	0.450823	0.00449775	0.0100761	0.0974547	38.5433
527	0.0136798	0.108542	0.442415	0	0.0100761	0.157888	52.2787
528	0.0136798	0.10617	0.442415	0	0.0100761	0.207264	52.5012
529	0.0136112	0.104632	0.450823	0	0.0103438	0.239257	62.0439
530	0.0130066	0.0997631	0.442415	0	0.0103438	0.298337	50.4197
531	0.0130066	0.10094	0.456268	0
