		omega		Posterior		rho				Synonymous theta			kappa			phi	
Site	Lower	Point	Higher	prob of +ve	Lower	Point	Higher		Lower	Point	Higher	Lower	Point	Higher	Lower	Point	Higher
	95% HPD	estimate	95% HPD	selection	95% HPD	estimate	95% HPD		95% HPD	estimate	95% HPD	95% HPD	estimate	95% HPD	95% HPD	estimate	95% HPD
0	0.0100183	0.0643686	0.748453	0.041979	0.0103024	0.507549	55.1188		0.0172849	0.0333755	0.0592725	1.30913	5.59375	24.6421	0	0	0
1	0.0100183	0.0607115	0.60901	0.0314843	0.0103024	0.494799	55.1188
2	0.0100183	0.0571049	0.517502	0.0224888	0.0103024	0.510642	54.0559
3	0.0100036	0.055323	0.4828	0.0194903	0.0103024	0.500169	50.8117
4	0.0100036	0.0548172	0.504719	0.0209895	0.0102378	0.519423	49.7888
5	0.0100036	0.0537105	0.4828	0.017991	0.0102378	0.501454	49.7888
6	0.0100036	0.0526203	0.37938	0.0164918	0.0101655	0.454911	48.5471
7	0.0100036	0.0508051	0.367437	0.0134933	0.0101655	0.432557	49.7888
8	0.0100036	0.050439	0.342252	0.0104948	0.0101655	0.433961	48.5471
9	0.0100036	0.0490266	0.312703	0.00749625	0.0101655	0.441835	48.0148
10	0.0100183	0.0478324	0.281174	0.0029985	0.0101655	0.448238	44.0507
11	0.0100036	0.0470129	0.277415	0.005997	0.0101655	0.428746	42.6419
12	0.0100036	0.0455708	0.260697	0	0.0101655	0.395304	41.2646
13	0.0100183	0.045646	0.261494	0.00149925	0.0101655	0.36862	39.6377
14	0.0100036	0.0465981	0.261494	0.00149925	0.0101655	0.356416	31.1747
15	0.0100036	0.0454893	0.250925	0.00149925	0.0101655	0.292212	28.2699
16	0.0100166	0.0452613	0.256521	0.00149925	0.0101655	0.266242	25.0374
17	0.0100036	0.0447642	0.244784	0.00149925	0.0100505	0.256471	25.4402
18	0.0100036	0.0446758	0.230321	0.00149925	0.0101655	0.264395	29.8599
19	0.0100036	0.0451134	0.249651	0	0.0100505	0.258668	28.9683
20	0.0100036	0.0469821	0.261494	0.0029985	0.0100505	0.219153	26.8661
21	0.0100166	0.0462985	0.261494	0	0.0100505	0.202462	26.8661
22	0.0100036	0.047212	0.275089	0	0.0100505	0.200653	28.8407
23	0.0100036	0.0471485	0.273703	0	0.0100876	0.195681	27.7358
24	0.0100166	0.0475804	0.281174	0	0.0100505	0.195905	31.1747
25	0.0100166	0.0478129	0.281174	0	0.0100505	0.179404	31.3076
26	0.0100166	0.0481944	0.281174	0.00149925	0.0100505	0.175873	38.479
27	0.0100166	0.0489077	0.281174	0.0029985	0.0100505	0.171429	37.6607
28	0.0100166	0.0504529	0.281174	0.00149925	0.0100505	0.167574	39.21
29	0.0100166	0.0520584	0.312033	0.0029985	0.0100505	0.165248	39.21
30	0.0100183	0.0532925	0.312033	0.005997	0.0100505	0.165967	39.6377
31	0.0100971	0.0545161	0.345366	0.00749625	0.0100505	0.158965	39.6377
32	0.0100971	0.0549075	0.345366	0.0029985	0.0100505	0.143661	39.21
33	0.0100971	0.0536223	0.323759	0	0.0100699	0.13437	39.2222
34	0.0100183	0.0552201	0.323474	0	0.0100505	0.125526	36.7386
35	0.0100183	0.0572391	0.361786	0	0.0100505	0.1185	35.1951
36	0.0100183	0.0596577	0.374334	0.00149925	0.0100505	0.119237	38.5334
37	0.0101165	0.0600684	0.384351	0.00449775	0.0100505	0.107089	36.3145
38	0.0100183	0.0626193	0.38825	0.005997	0.0100505	0.098751	36.7386
39	0.0100971	0.0652378	0.38825	0.00749625	0.0100074	0.0828945	34.8478
40	0.0101165	0.0671376	0.418284	0.00749625	0.0100074	0.0753607	31.3076
41	0.0101883	0.0695287	0.43153	0.0089955	0.0100074	0.0695725	28.7041
42	0.0101463	0.0737205	0.565899	0.017991	0.0100074	0.0624141	16.0047
43	0.0101883	0.0776869	0.581719	0.0209895	0.0100074	0.057185	8.67816
44	0.0101463	0.0824087	0.686781	0.029985	0.0100074	0.0484981	1.61599
45	0.0101463	0.0920369	0.897498	0.0449775	0.0100074	0.0433441	0.566491
46	0.0107971	0.102625	1.10267	0.053973	0.0100058	0.0374871	0.293114
47	0.0137014	0.114359	1.59233	0.0674663	0.0100058	0.034198	0.20508
48	0.0108786	0.0977396	0.897498	0.041979	0.0100058	0.0338534	0.174804
49	0.0101463	0.0922706	0.736962	0.0374813	0.0100058	0.034125	0.193761
50	0.010861	0.0849449	0.717418	0.0329835	0.0100058	0.033753	0.174355
51	0.0101463	0.0817736	0.67117	0.0329835	0.0100021	0.033185	0.172173
52	0.0107971	0.0781062	0.612022	0.023988	0.0100021	0.0330818	0.166348
53	0.0101463	0.073744	0.517476	0.0209895	0.0100021	0.0327064	0.166348
54	0.0101463	0.0708875	0.482137	0.0209895	0.0100021	0.0324967	0.158712
55	0.0107971	0.0664635	0.462368	0.017991	0.0100021	0.0325211	0.171755
56	0.0107971	0.0622157	0.418284	0.0134933	0.0100021	0.0332096	0.193761
57	0.0100987	0.0610697	0.39573	0.0134933	0.0100021	0.0335225	0.199158
58	0.0107971	0.0594832	0.418284	0.0134933	0.0100021	0.0337787	0.20508
59	0.0107181	0.0569038	0.39573	0.0104948	0.0100021	0.0338149	0.20508
60	0.0107181	0.0564979	0.39573	0.0089955	0.0100021	0.0337591	0.205261
61	0.0100987	0.0544756	0.366302	0.0089955	0.0100021	0.0337462	0.202832
62	0.0101463	0.0534223	0.366302	0.0104948	0.0100021	0.0331142	0.194661
63	0.0107181	0.0520404	0.384351	0.00749625	0.0100021	0.032494	0.166348
64	0.0100041	0.0509	0.348282	0.00449775	0.0100021	0.0322059	0.161731
65	0.0100987	0.0502431	0.345094	0.00449775	0.0100021	0.0323082	0.15632
66	0.0100041	0.0503444	0.351627	0.005997	0.0100021	0.0326362	0.15632
67	0.0100041	0.0493983	0.344903	0.005997	0.0100021	0.0330959	0.158211
68	0.0100851	0.0473537	0.321548	0.005997	0.0100021	0.0329319	0.155625
69	0.0100041	0.0459616	0.26184	0.00449775	0.0100021	0.0330495	0.151855
70	0.0100041	0.0452539	0.251355	0.0029985	0.0100021	0.0332357	0.155625
71	0.0100041	0.0445068	0.248301	0.0029985	0.0100021	0.033262	0.155625
72	0.0100041	0.0435684	0.242591	0.00149925	0.0100021	0.0331553	0.155625
73	0.0100041	0.0425534	0.230378	0	0.0100021	0.0329455	0.155625
74	0.0100851	0.0422335	0.230378	0	0.0100021	0.0325293	0.150209
75	0.0100851	0.0414997	0.227203	0	0.0100021	0.0326793	0.150209
76	0.0100445	0.0414103	0.230378	0	0.0100021	0.0323139	0.149054
77	0.0100445	0.0412427	0.227203	0	0.0100021	0.0322862	0.146492
78	0.0100445	0.0411561	0.227203	0	0.0100021	0.0321039	0.145503
79	0.0100445	0.0409873	0.227203	0	0.0100021	0.0321701	0.149054
80	0.0100041	0.0413469	0.230378	0	0.0100021	0.0327265	0.149375
81	0.0100041	0.0412436	0.216238	0	0.0100021	0.0326841	0.151855
82	0.0100041	0.0409849	0.21029	0	0.0100021	0.0334058	0.159521
83	0.0100041	0.0402867	0.205746	0.00149925	0.0100021	0.0341277	0.172173
84	0.0100041	0.0398837	0.203887	0	0.0100021	0.034693	0.181561
85	0.0100041	0.040059	0.203887	0	0.0100021	0.0363282	0.205261
86	0.0100041	0.0401253	0.203887	0	0.0100021	0.0456596	0.600089
87	0.0100445	0.0400881	0.204849	0	0.0100021	0.0523417	1.36034
88	0.0100851	0.0399089	0.204849	0	0.0100021	0.064992	9.64198
89	0.0100041	0.0404928	0.204849	0	0.0100021	0.0855942	15.1259
90	0.0100041	0.0401556	0.207187	0	0.0100021	0.118411	28.0443
91	0.0100041	0.039789	0.207187	0	0.0100021	0.155714	32.9717
92	0.0100041	0.0406221	0.228951	0.00149925	0.0100021	0.198933	34.5038
93	0.0100041	0.0404584	0.226936	0	0.0100021	0.242638	37.8275
94	0.0100041	0.04058	0.216283	0	0.0100021	0.271097	38.2056
95	0.0100041	0.0410977	0.236543	0.0029985	0.0100021	0.30324	38.2056
96	0.0100041	0.041328	0.236543	0.0029985	0.0100021	0.350568	41.3631
97	0.0100041	0.042072	0.253623	0.00149925	0.0100021	0.351452	39.5945
98	0.0100445	0.0424627	0.260925	0.00149925	0.0100074	0.366547	39.0323
99	0.0100041	0.0434216	0.262201	0.0029985	0.0100074	0.400161	39.2642
100	0.0100987	0.0440985	0.268359	0.0029985	0.0100074	0.446524	41.3631
101	0.0100041	0.044238	0.266153	0.0029985	0.0100074	0.451825	42.7474
102	0.0100041	0.0446157	0.266153	0.0029985	0.0100074	0.495887	41.3631
103	0.0100678	0.0454798	0.269888	0.00449775	0.0100074	0.511296	42.944
104	0.0100041	0.0461426	0.280167	0.005997	0.0100445	0.55374	49.2726
105	0.0100041	0.0469233	0.313842	0.00749625	0.0100074	0.596385	50.6775
106	0.0100041	0.0469666	0.309405	0.00749625	0.0100074	0.641903	49.6074
107	0.0100041	0.0471077	0.313842	0.0089955	0.0100074	0.670802	49.6074
108	0.0100041	0.0470562	0.313842	0.0104948	0.0100074	0.67462	50.6775
109	0.0100041	0.047936	0.326925	0.0104948	0.0100074	0.675519	53.2044
110	0.0100041	0.0498524	0.360927	0.0104948	0.0100445	0.761484	55.5363
111	0.0100041	0.0514846	0.388833	0.0104948	0.0100074	0.849909	53.8403
112	0.0100041	0.0540376	0.478513	0.017991	0.0100074	0.817231	53.8403
113	0.0100041	0.056658	0.54382	0.0224888
