		omega		Posterior		rho				Synonymous theta			kappa			phi	
Site	Lower	Point	Higher	prob of +ve	Lower	Point	Higher		Lower	Point	Higher	Lower	Point	Higher	Lower	Point	Higher
	95% HPD	estimate	95% HPD	selection	95% HPD	estimate	95% HPD		95% HPD	estimate	95% HPD	95% HPD	estimate	95% HPD	95% HPD	estimate	95% HPD
0	0.0466901	0.380869	2.31065	0.158921	0.0100302	0.0365358	0.164678		0.0121912	0.0217094	0.0355817	2.48473	5.83095	15.563	0.190504	1.17185	7.70575
1	0.0469889	0.390294	1.9802	0.157421	0.0100302	0.0358462	0.154016
2	0.0474074	0.392801	1.9802	0.155922	0.0100302	0.035521	0.144125
3	0.0461989	0.392098	1.67249	0.158921	0.0100302	0.0358125	0.143183
4	0.0461989	0.394629	1.67249	0.161919	0.0100302	0.0350645	0.136442
5	0.0474074	0.394698	1.9802	0.164918	0.0100302	0.0349488	0.133731
6	0.0461989	0.395857	1.74791	0.166417	0.0100302	0.0354309	0.137269
7	0.0461989	0.397196	1.74791	0.167916	0.0100302	0.0355714	0.137269
8	0.0466901	0.399379	1.73484	0.167916	0.0100302	0.035393	0.131355
9	0.0461989	0.401309	1.67249	0.167916	0.0100302	0.0357575	0.133731
10	0.0466901	0.403404	1.67249	0.170915	0.0100302	0.0359117	0.133731
11	0.0466901	0.40581	1.67249	0.175412	0.0100302	0.036038	0.134338
12	0.0466901	0.407251	1.67249	0.175412	0.0100302	0.0365987	0.134338
13	0.0461989	0.410378	1.59238	0.17991	0.0100302	0.0377154	0.136442
14	0.0466901	0.410259	1.67249	0.181409	0.0100302	0.0389155	0.138976
15	0.0466901	0.409558	1.67249	0.181409	0.0100302	0.0396461	0.141851
16	0.0466901	0.412377	1.67249	0.185907	0.0100302	0.0422741	0.154016
17	0.0466901	0.415495	1.67249	0.188906	0.0100302	0.0441601	0.164496
18	0.0466901	0.426975	1.74791	0.2009	0.0100302	0.0449976	0.167047
19	0.0502167	0.432693	1.9802	0.206897	0.0100302	0.0469578	0.17571
20	0.0495607	0.441616	1.9802	0.22039	0.0100302	0.0486753	0.185171
21	0.0701127	0.447475	2.7011	0.224888	0.0100302	0.0517237	0.201933
22	0.0717201	0.461832	2.7011	0.235382	0.0100302	0.0528857	0.201933
23	0.0768567	0.467912	2.87773	0.23988	0.0106308	0.0549648	0.232753
24	0.0736781	0.478756	2.87773	0.245877	0.0106525	0.0581891	0.236239
25	0.0613759	0.492162	2.87773	0.250375	0.0100302	0.0632716	0.236239
26	0.0651653	0.510366	2.87773	0.265367	0.0135342	0.0604219	0.293902
27	0.0613759	0.51997	2.87773	0.272864	0.0106525	0.0607667	0.235404
28	0.0606381	0.529602	2.87773	0.275862	0.0137398	0.060608	0.288736
29	0.0651653	0.533277	2.99067	0.278861	0.0137398	0.0610277	0.287224
30	0.0695496	0.537745	2.99067	0.283358	0.0135342	0.0633753	0.269199
31	0.0695496	0.540013	2.87773	0.283358	0.014327	0.0665187	0.269199
32	0.0717201	0.542167	2.87773	0.286357	0.014327	0.0678172	0.269199
33	0.0695496	0.543946	2.87773	0.289355	0.0145183	0.0702791	0.269199
34	0.0695496	0.543145	2.87773	0.289355	0.0145183	0.0727194	0.269199
35	0.0717201	0.542936	2.96943	0.289355	0.0137398	0.076417	0.270129
36	0.0717201	0.542441	2.96943	0.287856	0.0137799	0.0839157	0.347386
37	0.0695496	0.527534	2.99067	0.272864	0.0164868	0.0843196	0.394931
38	0.0717201	0.514545	2.87773	0.262369	0.0158136	0.0841404	0.365798
39	0.0717201	0.510292	2.87773	0.253373	0.0158136	0.0845466	0.385226
40	0.0717201	0.49991	2.87773	0.245877	0.0164868	0.086527	0.406643
41	0.0717201	0.49725	2.87773	0.244378	0.0179952	0.0898307	0.462005
42	0.0717201	0.49764	2.87773	0.242879	0.0175053	0.0933832	0.441971
43	0.0670132	0.515506	2.99067	0.256372	0.0143604	0.104743	0.462005
44	0.0421866	0.416633	3.9467	0.22039	0.011274	0.125006	0.602375
45	0.0189729	0.340894	2.7011	0.176912	0.011274	0.133922	0.890235
46	0.0118751	0.276272	1.76754	0.137931	0.0101976	0.143054	1.08603
47	0.0103277	0.246021	1.39954	0.121439	0.014327	0.157231	3.26519
48	0.0108091	0.225212	1.41346	0.107946	0.0151991	0.157867	3.26519
49	0.0135126	0.202652	1.39954	0.0929535	0.0101976	0.162056	1.91871
50	0.0135126	0.188369	1.38104	0.077961	0.0100952	0.169357	2.16168
51	0.0136451	0.174858	1.3378	0.0674663	0.0100952	0.171818	2.2645
52	0.013216	0.157993	1.17926	0.0554723	0.0100952	0.166469	2.00854
53	0.0125073	0.138182	1.09037	0.0464768	0.011331	0.155254	1.24871
54	0.0116949	0.122641	1.05408	0.041979	0.0101976	0.14888	1.24289
55	0.0103596	0.113043	0.882784	0.035982	0.0101976	0.144449	1.24365
56	0.0103596	0.108556	0.813679	0.0284858	0.0106899	0.14122	2.08775
57	0.0103596	0.10599	0.79534	0.0254873	0.0101976	0.13068	1.05148
58	0.0103596	0.104071	0.763742	0.0224888	0.0101976	0.123324	0.887785
59	0.0103596	0.104492	0.757265	0.0224888	0.0101976	0.113308	0.605998
60	0.0103596	0.10299	0.763742	0.023988	0.0101976	0.105924	0.475211
61	0.0103596	0.102585	0.763742	0.023988	0.0101976	0.101587	0.441971
62	0.0103596	0.102993	0.763742	0.0284858	0.0101976	0.0946969	0.375063
63	0.0103596	0.106322	0.813496	0.029985	0.0101976	0.0913624	0.352287
64	0.0103596	0.108	0.813679	0.0314843	0.0117739	0.0936413	0.419709
65	0.0103596	0.111003	0.813679	0.0329835	0.0119799	0.094579	0.416781
66	0.0103596	0.111022	0.847231	0.0374813	0.011992	0.0891651	0.379391
67	0.0103596	0.112609	0.844615	0.0374813	0.0127968	0.0859456	0.384977
68	0.0103596	0.114453	0.844615	0.0374813	0.01294	0.0864074	0.375063
69	0.0103596	0.113991	0.863441	0.0404798	0.012957	0.0858831	0.368597
70	0.0139697	0.115857	1.19093	0.041979	0.0103498	0.0847418	0.285559
71	0.0114125	0.119844	1.08757	0.0509745	0.0103498	0.0840253	0.298632
72	0.0103596	0.127794	1.06913	0.065967	0.0106899	0.0824024	0.278709
73	0.0103596	0.13315	1.11931	0.0704648	0.01294	0.0830324	0.368214
74	0.0103596	0.139422	1.19093	0.0794603	0.0103498	0.0818092	0.27815
75	0.0103596	0.164116	1.5721	0.113943	0.0103835	0.0811016	0.273707
76	0.010784	0.200004	2.15496	0.148426	0.0115182	0.0804043	0.27815
77	0.0141618	0.289031	3.42282	0.226387	0.0151198	0.0815688	0.375063
78	0.0140763	0.505346	5.06541	0.365817	0.0144944	0.0809909	0.368214
79	0.118351	1.15529	9.95587	0.554723	0.012957	0.079633	0.376131
80	0.134822	1.10459	9.95587	0.541229	0.0101633	0.0755533	0.269011
81	0.127549	0.995019	8.13669	0.512744	0.0101633	0.0716481	0.258748
82	0.127549	0.919595	8.13669	0.485757	0.0101633	0.0678564	0.235529
83	0.128601	0.897446	8.13669	0.472264	0.0112352	0.061985	0.235835
84	0.0792679	0.854544	6.3929	0.455772	0.0100786	0.0575071	0.204803
85	0.0974716	0.863778	8.23734	0.458771	0.0100786	0.0552639	0.201136
86	0.0138515	0.472494	4.60703	0.317841	0.0100786	0.0517458	0.196378
87	0.0119801	0.323263	3.30802	0.224888	0.0100786	0.0483398	0.181839
88	0.0121417	0.271944	2.27356	0.190405	0.0100786	0.0466954	0.17516
89	0.0136282	0.243446	2.27356	0.161919	0.0100786	0.0445725	0.169677
90	0.0117755	0.215515	1.72856	0.136432	0.0100786	0.0434016	0.169175
91	0.0117755	0.197099	1.60235	0.125937	0.0100786	0.0415375	0.165571
92	0.011669	0.177319	1.35484	0.0989505	0.0100786	0.0400281	0.159967
93	0.011669	0.168599	1.31229	0.089955	0.010145	0.0393584	0.159967
94	0.011669	0.156213	1.2054	0.071964	0.0100786	0.0383899	0.152853
95	0.011669	0.152391	1.2054	0.0704648	0.0100786	0.0379504	0.14718
96	0.0102646	0.142994	1.07006	0.065967	0.0100786	0.0378295	0.153717
97	0.0102646	0.142146	1.06776	0.0614693	0.0100786	0.0375831	0.152853
98	0.0110504	0.138026	1.10018	0.0554723	0.0100786	0.0372588	0.146282
99	0.0102646	0.130729	0.988236	0.047976	0.0100786	0.0369844	0.140118
100	0.0110504	0.128609	1.07006	0.0509745	0.0100786	0.0366832	0.132039
101	0.0110504	0.124584	1.07006	0.0509745	0.0100786	0.0360925	0.125843
102	0.0100729	0.123987	1.0092	0.053973	0.0100786	0.0362455	0.126586
103	0.0100729	0.122873	1.0092	0.053973	0.0100786	0.036147	0.127657
104	0.0100729	0.11922	1.02326	0.0524738	0.0100786	0.0359469	0.128154
105	0.0100729	0.117222	1.00348	0.0509745	0.0100062	0.0360797	0.132039
106	0.010551	0.119606	1.07902	0.053973	0.0100062	0.035904	0.128154
107	0.0104527	0.123365	1.07902	0.0584708	0.0100786	0.0350504	0.126586
108	0.0100729	0.123752	1.07902	0.0644678	0.0100786	0.0349791	0.126586
109	0.0100729	0.124138	1.07902	0.065967	0.0100786	0.0346964	0.125172
110	0.0100729	0.124981	1.09654	0.0674663	0.010145	0.0343635	0.125172
111	0.0100729	0.126027	1.09654	0.065967	0.0100786	0.0344722	0.12471
112	0.0103934	0.130622	1.22743	0.077961	0.0100786	0.0343887	0.125843
113	0.0100729	0.135361	1.2054	0.0824588	0.0100786	0.0341283	0.126586
114	0.0111118	0.150951	1.38763	0.0944528	0.0100786	0.0344217	0.128948
115	0.0111118	0.161713	1.45197	0.103448	0.0100062	0.0349611	0.135763
116	0.010282	0.190697	1.54457	0.124438	0.0100062	0.0350996	0.140118
117	0.0111118	0.227755	2.3512	0.166417	0.0100062	0.0357381	0.14512
118	0.0111118	0.318528	4.45257	0.244378	0.0100062	0.0364733	0.146663
119	0.164886	2.34718	83.5256	0.598201	0.0100786	0.0372554	0.156788
120	0.0106754	0.28174	4.23372	0.218891	0.0100062	0.0371625	0.156788
121	0.0107775	0.202295	2.70524	0.13943	0.0100062	0.0370613	0.156811
122	0.0117289	0.179774	2.06691	0.103448	0.0100334	0.0372181	0.164718
123	0.0106072	0.156092	1.38763	0.0794603	0.0100334	0.0377369	0.166144
124	0.0106072	0.145701	1.22934	0.065967	0.0100062	0.0370777	0.156811
125	0.0106072	0.132295	0.945158	0.0464768	0.0100062	0.0372583	0.163006
126	0.0118953	0.125342	0.945158	0.0314843	0.0100062	0.0373146	0.163006
127	0.0120341	0.124633	0.94098	0.0284858	0.0100062	0.038883	0.179607
128	0.0118953	0.121095	0.902963	0.0224888	0.0100062	0.0385142	0.179607
129	0.0106132	0.1171	0.748635	0.0224888	0.0100062	0.038813	0.185368
130	0.0117211	0.111879	0.78145	0.0134933	0.0100334	0.0400014	0.191394
131	0.0117211	0.110909	0.748635	0.011994	0.0100062	0.0403175	0.175643
132	0.0120341	0.109558	0.748635	0.0104948	0.0100786	0.0405556	0.175643
133	0.0117211	0.110784	0.748635	0.011994	0.0100334	0.0401658	0.175643
134	0.0117607	0.116249	0.748635	0.011994	0.0100062	0.0406548	0.177111
135	0.0122966	0.122089	0.775981	0.011994	0.01	0.0411948	0.177111
136	0.0131402	0.121428	0.767098	0.005997	0.01	0.0414697	0.177111
137	0.0122966	0.132092	0.748635	0.0134933	0.01	0.0421159	0.179607
138	0.0122966	0.134139	0.775981	0.0149925	0.01	0.042257	0.179607
139	0.011639	0.135104	0.767098	0.0164918	0.01	0.0424681	0.179607
140	0.0108171	0.137395	0.744578	0.017991	0.01	0.0429069	0.190956
141	0.0108171	0.147296	0.748635	0.0224888	0.01	0.0438106	0.202676
142	0.0101887	0.158589	0.767098	0.0269865	0.01	0.0443008	0.215922
143	0.0137727	0.176752	1.06416	0.0314843	0.01	0.0448936	0.215922
144	0.0141153	0.198108	1.24234	0.0464768	0.0100062	0.0459877	0.224481
145	0.0108171	0.232863	1.24234	0.0704648	0.0100062	0.0460684	0.224481
146	0.0196043	0.261553	2.44231	0.0929535	0.0100062	0.0483107	0.24242
147	0.023916	0.313729	2.62066	0.125937	0.0103826	0.0503471	0.253508
148	0.0264801	0.285025	2.06673	0.106447	0.010039	0.0525941	0.26148
149	0.0266121	0.264948	2.06673	0.0944528	0.01	0.0546034	0.26148
150	0.0260747	0.241697	2.06673	0.0734633	0.01	0.0589304	0.290116
151	0.0158711	0.221476	1.40044	0.0554723	0.01	0.0658426	0.437109
152	0.0158711	0.205758	1.20647	0.0449775	0.01	0.0697395	0.480819
153	0.0158711	0.199499	1.08488	0.035982	0.01	0.07048	0.630497
154	0.0158178	0.197934	1.06416	0.0344828	0.01	0.0766357	0.939554
155	0.0158178	0.192314	0.993643	0.0284858	0.01	0.0790249	1.02448
156	0.0158178	0.188391	1.06416	0.029985	0.0101558	0.0876265	2.73211
157	0.0154256	0.186964	1.08895	0.0284858	0.0101558	0.0872911	2.73211
158	0.0138899	0.187224	1.03143	0.0284858	0.01	0.0870301	1.36169
159	0.0145424	0.186365	1.03714	0.0284858	0.01	0.083426	1.07859
160	0.0145424	0.187361	1.06416	0.029985	0.01	0.0807262	0.976615
161	0.0145424	0.193216	1.08895	0.0344828	0.01	0.0803312	1.03224
162	0.0158178	0.199609	1.15512	0.0374813	0.01	0.0817988	0.976615
163	0.0173776	0.207885	1.2381	0.0404798	0.01	0.0847469	1.03224
164	0.0196043	0.215372	1.22934	0.0434783	0.01	0.0868195	1.27803
165	0.0196043	0.218466	1.2381	0.0449775	0.01	0.0900122	1.43984
166	0.0180165	0.22754	1.28352	0.0524738	0.01	0.0966008	2.18386
167	0.0180165	0.234301	1.2777	0.0524738	0.01	0.097504	2.42023
168	0.0196043	0.248085	1.4806	0.0644678	0.01	0.0988025	2.86373
169	0.0180165	0.263556	1.57845	0.0734633	0.01	0.0997646	3.19819
170	0.0277765	0.280839	2.60386	0.0854573	0.0101558	0.104479	5.92923
171	0.0310744	0.28922	2.74075	0.0914543	0.01	0.107938	9.28843
172	0.041438	0.315554	3.07345	0.107946	0.01	0.116654	9.5113
173	0.0332693	0.287833	3.15403	0.095952	0.0101558	0.117192	10.2915
174	0.0307906	0.275071	2.60386	0.0854573	0.01	0.117062	9.5113
175	0.023916	0.26277	1.4806	0.0689655	0.01	0.11835	9.28843
176	0.0279282	0.261092	1.4806	0.0674663	0.0100697	0.119656	10.2915
177	0.0248034	0.257462	1.4806	0.0674663	0.0100697	0.121192	10.2915
178	0.0237846	0.24363	1.4806	0.05997	0.01	0.128824	12.8919
179	0.0237846	0.241431	1.4806	0.0584708	0.0100697	0.143147	18.3271
180	0.0248034	0.24219	1.4806	0.05997	0.01	0.155128	22.4007
181	0.0248034	0.241997	1.4806	0.05997	0.01	0.168098	25.8702
182	0.0206135	0.236553	1.2777	0.0569715	0.01	0.187746	34.7178
183	0.0197735	0.234613	1.2777	0.05997	0.01	0.187993	34.7178
184	0.0197735	0.237968	1.2777	0.0614693	0.01	0.192502	37.5293
185	0.0212924	0.236738	1.29797	0.0614693	0.01	0.195925	37.0566
186	0.0254943	0.243018	1.60806	0.0689655	0.0100697	0.199538	37.0566
187	0.0237846	0.243911	1.4806	0.0674663	0.01	0.209983	37.0566
188	0.0237846	0.252798	1.59551	0.077961	0.01	0.223418	44.4256
189	0.0237846	0.266658	1.77479	0.0869565	0.01	0.247245	47.7786
190	0.0198499	0.310648	2.11419	0.11994	0.0118397	0.285495	63.5426
191	0.0264746	0.25839	2.11419	0.0929535	0.012767	0.345727	71.3514
192	0.0188882	0.230457	1.36664	0.0764618	0.0129224	0.36991	71.625
193	0.0176116	0.20659	1.29797	0.05997	0.0129224	0.366182	71.625
194	0.0169847	0.193859	1.29797	0.0554723	0.0129332	0.417024	71.625
195	0.0140196	0.175236	1.15255	0.0404798	0.0130438	0.458437	71.625
196	0.0144718	0.168537	1.16664	0.0344828	0.0145532	0.558986	76.5051
197	0.0140196	0.163786	1.05914	0.0284858	0.0173909	0.667106	90.5966
198	0.0141692	0.167611	1.02586	0.0269865	0.0196182	0.891747	96.9942
199	0.0144718	0.167077	1.02586	0.0254873	0.0213396	1.10121	97.2719
200	0.0105062	0.161406	0.800519	0.0254873	0.0217609	1.30567	97.2719
201	0.0105062	0.162576	0.78641	0.0254873	0.0222975	1.33815	97.2719
202	0.0105062	0.162638	0.800519	0.0269865	0.0244443	1.35592	97.2719
203	0.0140196	0.160191	1.02586	0.023988	0.024311	1.44371	96.609
204	0.0144718	0.160931	1.15899	0.0314843	0.0265155	1.68422	97.9569
205	0.0121555	0.157935	0.982705	0.0284858	0.0280287	1.79224	97.9569
206	0.0120853	0.158302	1.02586	0.0344828	0.0285477	1.93156	97.9569
207	0.0116607	0.15928	1.02586	0.035982	0.0364597	2.11675	97.9569
208	0.0106781	0.16676	0.960207	0.041979	0.0399529	2.24151	97.2719
209	0.0158911	0.175043	1.51688	0.053973	0.0425322	2.48095	98.7454
210	0.0166359	0.174786	1.51688	0.0554723	0.0415691	2.39191	98.7454
211	0.0163242	0.180643	1.51688	0.05997	0.0364597	2.30164	98.7454
212	0.0163242	0.182921	1.51688	0.0614693	0.0369093	2.18749	98.7454
213	0.0188882	0.193219	1.90115	0.0794603	0.039849	2.17546	98.6688
214	0.0179064	0.208198	1.90115	0.0974513	0.044814	2.29778	98.6688
215	0.0179064	0.234033	1.90115	0.122939	0.0426214	2.36131	98.6688
216	0.0158911	0.26801	2.39749	0.151424	0.0405738	2.37226	98.6688
217	0.0169847	0.292614	3.07179	0.169415	0.0425322	2.24001	98.6688
218	0.0203935	0.422594	6.0706	0.241379	0.0393497	1.93335	98.6688
219	0.0215805	0.33272	4.91256	0.209895	0.0353171	1.65693	98.6688
220	0.020032	0.287167	4.91256	0.191904	0.0353171	1.64944	98.6688
221	0.011059	0.274611	3.07179	0.191904	0.0393497	1.62872	98.6688
222	0.011059	0.271552	3.07179	0.191904	0.0393497	1.47726	97.2719
223	0.011059	0.266498	3.04658	0.187406
