		omega		Posterior		rho				Synonymous theta			kappa			phi	
Site	Lower	Point	Higher	prob of +ve	Lower	Point	Higher		Lower	Point	Higher	Lower	Point	Higher	Lower	Point	Higher
	95% HPD	estimate	95% HPD	selection	95% HPD	estimate	95% HPD		95% HPD	estimate	95% HPD	95% HPD	estimate	95% HPD	95% HPD	estimate	95% HPD
0	0.0107966	0.114334	0.904706	0.0404798	0.0532101	3.24468	97.5474		0.0320951	0.0428148	0.055122	3.23297	5.85958	11.8827	0	0	0
1	0.0107966	0.118581	0.904706	0.0404798	0.0532101	3.01626	97.5474
2	0.0104658	0.121102	0.939456	0.0434783	0.0438762	3.00167	96.1004
3	0.0107966	0.125916	1.059	0.0494753	0.0438762	3.49734	92.4033
4	0.0104658	0.124439	0.904706	0.0434783	0.0474627	3.73327	93.696
5	0.0104301	0.125825	0.904706	0.0434783	0.0469349	3.87278	93.696
6	0.0104301	0.12986	0.955184	0.0449775	0.0469349	3.96483	93.696
7	0.0104301	0.135956	0.995529	0.047976	0.0532101	4.42265	93.696
8	0.0117751	0.145356	1.29899	0.0614693	0.0587231	4.43222	97.6854
9	0.0107966	0.118747	0.904706	0.0374813	0.0716816	4.4977	97.6854
10	0.0107966	0.103938	0.856855	0.0284858	0.163649	4.87114	97.6854
11	0.0107966	0.0928736	0.762734	0.0269865	0.17305	5.3482	96.1004
12	0.0104239	0.0846939	0.60403	0.0209895	0.17305	5.34583	97.6854
13	0.0104239	0.0790789	0.53519	0.0164918	0.241723	5.55609	97.6854
14	0.0104239	0.0759293	0.499992	0.0134933	0.120702	5.151	92.0005
15	0.0104239	0.0690593	0.463303	0.011994	0.0727341	5.02049	93.696
16	0.0104239	0.0630324	0.427418	0.0134933	0.120702	5.59883	92.8521
17	0.0100245	0.0582368	0.370059	0.00749625	0.126971	5.83188	93.696
18	0.0100245	0.0574032	0.365188	0.005997	0.17305	6.38036	92.8521
19	0.0100245	0.0554455	0.318396	0.005997	0.174601	6.11308	94.2256
20	0.0100245	0.0538501	0.311283	0.005997	0.17305	6.14396	94.2256
21	0.0100245	0.0530894	0.318396	0.00749625	0.126971	5.84208	93.696
22	0.0100245	0.0528994	0.365188	0.0134933	0.0778085	5.14278	80.9528
23	0.0100306	0.0520904	0.342234	0.0104948	0.0650208	4.81838	80.9528
24	0.0100245	0.0502549	0.325804	0.0104948	0.0778085	4.92939	98.0594
25	0.0100245	0.0469466	0.298816	0.00449775	0.0683582	4.55673	98.0594
26	0.0100245	0.0450214	0.276965	0.00449775	0.0727341	4.24062	98.0594
27	0.0100245	0.044034	0.263026	0.0029985	0.0778085	4.14426	95.9067
28	0.0101776	0.0429344	0.263026	0.0029985	0.11563	4.57082	98.0594
29	0.0100242	0.0429103	0.256316	0.00449775	0.163787	5.2128	98.0594
30	0.0100242	0.0418127	0.24248	0	0.17305	5.34724	98.0594
31	0.0100157	0.0405408	0.23486	0	0.140179	4.97996	98.0594
32	0.0100157	0.0396456	0.218716	0	0.0374657	4.1965	98.0594
33	0.0100157	0.0381141	0.211426	0.00149925	0.0306762	3.88589	97.6854
34	0.0100157	0.0375856	0.210844	0.00149925	0.0253247	3.55483	97.6854
35	0.0100157	0.0370455	0.202711	0.00149925	0.0223875	3.14545	80.2364
36	0.0100157	0.0366138	0.186062	0.00149925	0.032706	3.28162	95.9067
37	0.0100157	0.0365582	0.186062	0.00149925	0.0353102	3.2071	97.6854
38	0.0100157	0.0366227	0.202491	0.00449775	0.0254522	3.26336	91.793
39	0.0100157	0.0356902	0.178159	0.0029985	0.0295383	3.49042	97.6854
40	0.0100157	0.0356735	0.198022	0.00149925	0.0295383	3.47204	97.6854
41	0.0100242	0.0355355	0.178159	0.00149925	0.0213142	3.26558	76.7376
42	0.0100157	0.034996	0.174636	0	0.0223875	2.70373	76.7376
43	0.0100157	0.034524	0.172121	0	0.0316812	2.60868	97.6854
44	0.0100157	0.0340207	0.168699	0	0.036606	2.43866	87.6759
45	0.0100157	0.0344616	0.172121	0	0.0404144	2.3215	97.6854
46	0.0100157	0.0339898	0.161151	0	0.0338056	1.94798	98.0488
47	0.0100157	0.0338954	0.158358	0.00149925	0.0306762	1.75871	98.0488
48	0.0100157	0.0333929	0.157538	0.00149925	0.0366064	1.71884	98.0488
49	0.0100157	0.0327625	0.153144	0.00149925	0.0366064	1.62756	98.0488
50	0.0101158	0.0326728	0.154359	0.00149925	0.0329844	1.35977	98.0488
51	0.0100729	0.0325838	0.154359	0.00149925	0.0304643	1.21249	98.0488
52	0.0100157	0.0329872	0.153833	0.00149925	0.0303538	1.05182	98.0488
53	0.0100157	0.0329016	0.157538	0.00149925	0.0233936	0.836697	69.7384
54	0.0100157	0.0323644	0.154359	0	0.0129291	0.698008	40.1415
55	0.0100157	0.0321475	0.154359	0	0.0122748	0.526125	24.7399
56	0.0100157	0.0318416	0.154359	0	0.0104818	0.4517	19.5108
57	0.0100157	0.0317639	0.157082	0	0.0104818	0.285404	17.8522
58	0.0100157	0.0320813	0.157082	0.0029985	0.0100431	0.155123	4.81937
59	0.0100327	0.0328623	0.163012	0.0029985	0.0100431	0.0809551	1.01609
60	0.0101716	0.032955	0.162822	0	0.0101947	0.0709047	0.600922
61	0.0100157	0.0328088	0.158449	0	0.0101947	0.0657636	0.537941
62	0.0100157	0.032921	0.158449	0	0.0101947	0.0651148	0.518304
63	0.0101716	0.0327936	0.162097	0	0.0101947	0.0623009	0.518304
64	0.0100157	0.0334285	0.163012	0.0029985	0.0101947	0.0613423	0.511084
65	0.0100157	0.0336654	0.164736	0.0029985	0.0101947	0.0606344	0.510005
66	0.0100157	0.0336535	0.164736	0.0029985	0.0100431	0.0589826	0.445656
67	0.0100157	0.0344035	0.175939	0.0029985	0.0101947	0.0585985	0.442255
68	0.0100327	0.0350217	0.185706	0.0029985	0.0101947	0.058894	0.442255
69	0.0100157	0.0352535	0.185706	0.00449775	0.0101947	0.059016	0.481504
70	0.0100157	0.0358484	0.185706	0.00449775	0.0107146	0.0604611	0.530591
71	0.0100327	0.036279	0.185706	0.0029985	0.0101947	0.058451	0.445656
72	0.0101716	0.0363183	0.185706	0.00149925	0.0104476	0.0569501	0.445656
73	0.0100327	0.0363539	0.185706	0.00149925	0.0104494	0.0595963	0.445656
74	0.0101716	0.0379356	0.211426	0.00749625	0.0101947	0.0592677	0.4417
75	0.0101716	0.0384146	0.211426	0.00149925	0.0101947	0.0600761	0.445656
76	0.0101716	0.0377866	0.209071	0	0.0101947	0.0607861	0.490411
77	0.0101776	0.0379393	0.209071	0	0.0101947	0.0587666	0.464321
78	0.010407	0.03816	0.211307	0	0.0101947	0.0572713	0.464321
79	0.0101776	0.0392239	0.209071	0	0.0104494	0.0548714	0.445656
80	0.0100157	0.0403116	0.211307	0	0.0107146	0.0537028	0.4417
81	0.0100157	0.0415738	0.226689	0	0.0107388	0.0517742	0.426942
82	0.0101716	0.0422226	0.234991	0	0.0101947	0.0480765	0.397253
83	0.0100157	0.0438476	0.267901	0.00149925	0.0101947	0.0456798	0.345638
84	0.0100327	0.0463993	0.327939	0.00149925	0.0101947	0.0437856	0.330917
85	0.0101716	0.0473158	0.341068	0.00149925	0.0101947	0.0424216	0.322939
86	0.0100327	0.0494553	0.364455	0.00749625	0.0101947	0.0415584	0.290601
87	0.0101716	0.0504067	0.373522	0.0089955	0.0101947	0.0399941	0.255509
88	0.0100327	0.0520511	0.414828	0.0104948	0.0101947	0.0389954	0.246493
89	0.0101776	0.0547344	0.477148	0.011994	0.0101947	0.03894	0.245537
90	0.0100327	0.0568742	0.477148	0.0149925	0.0101947	0.0383449	0.232503
91	0.0100327	0.0593066	0.530581	0.017991	0.0101947	0.0377339	0.228085
92	0.0101716	0.064509	0.607796	0.023988	0.0101947	0.0369975	0.222647
93	0.0110413	0.0697988	0.679963	0.023988	0.0101947	0.0362388	0.214531
94	0.0101716	0.0648148	0.510888	0.0149925	0.0101947	0.0358876	0.201734
95	0.0106161	0.0619724	0.485141	0.0134933	0.0101947	0.0349383	0.192264
96	0.0100853	0.0592822	0.454557	0.011994	0.0101947	0.0342926	0.188086
97	0.0101716	0.0572929	0.452243	0.0089955	0.0102871	0.0334669	0.192264
98	0.0100421	0.0525024	0.368422	0.00749625	0.0101947	0.0331844	0.188086
99	0.0100421	0.0498384	0.353123	0.00449775	0.0102871	0.0332865	0.188086
100	0.0100421	0.0478251	0.341068	0.0029985	0.0101947	0.0341738	0.188086
101	0.0100421	0.0464865	0.341068	0.0029985	0.0102871	0.0357792	0.210718
102	0.0100421	0.0444119	0.277618	0.00149925	0.0102871	0.0347414	0.193821
103	0.0100421	0.0442324	0.277618	0.0029985	0.0102871	0.0355231	0.205327
104	0.0100421	0.0448908	0.296819	0.00449775	0.0102871	0.0359827	0.205327
105	0.0100421	0.0450842	0.324871	0.00449775	0.0102871	0.0368007	0.212397
106	0.0100421	0.0426527	0.267901	0	0.0103076	0.04064	0.250581
107	0.0100421	0.0428918	0.264343	0	0.0102871	0.0438379	0.291574
108	0.0100421	0.0421842	0.267901	0	0.0102871	0.060923	2.58466
109	0.0100421	0.0417407	0.267901	0	0.0102871	0.0806041	11.6278
110	0.0100421	0.0413415	0.271604	0	0.0102871	0.0965813	19.3589
111	0.0100421	0.0416425	0.271604	0	0.0102871	0.124195	21.3638
112	0.0100421	0.041136	0.267901	0.0029985	0.0102871	0.16903	24.8957
113	0.0100421	0.0395801	0.233638	0	0.0102871	0.229856	26.4036
114	0.0100421	0.0390206	0.227057	0.00149925	0.0103076	0.347437	29.6655
115	0.0100421	0.0387252	0.227057	0.00149925	0.0103203	0.442609	31.4289
116	0.0100091	0.0380795	0.211307	0.0029985	0.0103203	0.485068	36.4897
117	0.0100091	0.0375963	0.203964	0.0029985	0.0102148	0.380882	27.3722
118	0.0100091	0.0370187	0.203964	0.0029985	0.0103203	0.340334	27.0748
119	0.0100091	0.0366843	0.212634	0.00149925	0.0102148	0.379672	28.7608
120	0.0100091	0.0355199	0.203964	0	0.0105479	0.407505	32.0247
121	0.0100091	0.0347019	0.191475	0	0.0102148	0.400632	34.684
122	0.0100091	0.0341077	0.192925	0	0.0102148	0.426008	37.6449
123	0.0101147	0.033826	0.203964	0	0.0102148	0.401942	34.684
124	0.0101147	0.0328714	0.18434	0	0.0103203	0.406341	33.9615
125	0.0100091	0.0330717	0.18434	0.00149925	0.0102148	0.438487	33.9615
126	0.0100091	0.0335289	0.192925	0.00149925	0.0103203	0.470956	37.6449
127	0.0101147	0.0329259	0.18434	0.00149925	0.0105479	0.478844	40.0638
128	0.0100091	0.0332037	0.18434	0.00149925	0.0105479	0.596766	47.0525
129	0.0100091	0.0332456	0.18434	0.0029985	0.0105479	0.655237	48.4027
130	0.0101147	0.0322255	0.164736	0.0029985	0.0105479	0.653487	45.4803
131	0.0101147	0.0325702	0.165986	0.0029985	0.0105479	0.654435	45.4803
132	0.0101147	0.0328804	0.165986	0.0029985	0.0105479	0.71082	45.4803
133	0.0101147	0.0332016	0.18434	0.00149925	0.0105479	0.75481	45.1999
134	0.0100552	0.0333464	0.18434	0.0029985	0.0105479	0.81989	50.9337
135	0.0100552	0.0337399	0.189333	0.0029985	0.0105479	0.98185	50.9337
136	0.0100552	0.0329638	0.170087	0.00149925	0.0156836	1.34713	68.9344
137	0.0100552	0.0328981	0.170087	0	0.0214182	1.69754	98.1787
138	0.0100552	0.0327654	0.170087	0	0.0269121	2.01486	99.3958
139	0.0100552	0.0324436	0.170087	0	0.0318158	1.9909	99.0689
140	0.0100552	0.032019	0.165088	0	0.0318158	2.20001	98.6241
141	0.0100552	0.0313856	0.154749	0	0.0318158	2.26939	99.0689
142	0.0100091	0.0308168	0.138	0	0.0284011	2.22623	98.6241
143	0.0100091	0.0304867	0.138	0	0.0284011	2.26285	99.3163
144	0.0100091	0.0306053	0.14176	0.0029985	0.0269121	2.37029	99.3958
145	0.0100091	0.0306921	0.152196	0.0029985	0.0318158	2.86977	99.3958
146	0.0100552	0.0307442	0.154647	0.0029985	0.033463	3.29948	99.3163
147	0.0100552	0.0313399	0.163027	0	0.033463	3.349	99.0689
148	0.0100552	0.0311107	0.15929	0	0.0353817	3.35397	99.3163
149	0.0100552	0.0311806	0.15929	0	0.0318158	3.4319	85.3629
150	0.0100552	0.0314891	0.165088	0	0.0325374	3.7355	86.0594
151	0.0100552	0.0315857	0.165088	0	0.0601887	4.26654	99.3163
152	0.0100552	0.0323744	0.170087	0.00149925	0.0804597	4.81674	98.6241
153	0.0101373	0.0336121	0.185206	0.0089955	0.103614	5.67464	99.0689
154	0.0101794	0.033866	0.185206	0.0089955	0.106363	5.34319	99.3163
155	0.0101965	0.034104	0.185206	0.00449775	0.105054	5.02828	99.3163
156	0.0101373	0.0333443	0.174152	0.00149925	0.0995316	4.67977	99.3163
157	0.0101403	0.0331172	0.170087	0	0.0907167	4.20502	99.3163
158	0.0101373	0.0338829	0.173216	0	0.0716003	3.52948	95.8551
159	0.0101403	0.0345846	0.173216	0	0.0374206	2.5639	86.0594
160	0.0101965	0.035651	0.185276	0.00149925	0.0327507	2.26118	66.066
161	0.0103127	0.0360879	0.185276	0.0029985	0.0290692	1.92219	59.3597
162	0.0101965	0.0368361	0.185996	0	0.0241806	1.53179	59.3597
163	0.0101403	0.0376602	0.189333	0	0.0225215	1.05059	66.066
164	0.0101403	0.0374436	0.185996	0	0.0101395	0.657773	37.8558
165	0.0101965	0.0374396	0.185276	0	0.0101395	0.482318	35.038
166	0.0101403	0.0381444	0.185996	0	0.0112617	0.382418	33.2303
167	0.0101352	0.0382113	0.193766	0	0.0101395	0.331327	24.0765
168	0.0101352	0.0385928	0.203435	0	0.0101395	0.20748	12.0549
169	0.0101352	0.0386725	0.198218	0	0.0101395	0.161724	6.19917
170	0.0101352	0.0391257	0.229865	0	0.0101395	0.109094	1.09243
171	0.0101352	0.0395609	0.229865	0	0.0104977	0.0977469	0.71296
172	0.0101352	0.0399454	0.244687	0	0.0104977	0.0992172	0.699272
173	0.0101352	0.0403641	0.247623	0.00149925	0.0101395	0.096482	0.617656
174	0.0101352	0.0411925	0.250861	0.00149925	0.0101395	0.102245	0.71296
175	0.0101352	0.0415063	0.248745	0.00149925	0.0101395	0.121452	3.77413
176	0.0101352	0.0425893	0.252291	0.00149925	0.0107094	0.124565	4.71919
177	0.0101352	0.0433248	0.299096	0	0.0107094	0.128976	14.7896
178	0.0101352	0.0437653	0.299096	0	0.0107094	0.13291	15.0174
179	0.0101352	0.0439833	0.299383	0	0.0112617	0.13653	22.5114
180	0.0101352	0.0449322	0.299509	0	0.0112617	0.142688	22.5114
181	0.0101352	0.0461612	0.299509	0	0.0107094	0.146522	22.2511
182	0.0101352	0.0470204	0.299509	0.00149925	0.0112617	0.130714	22.5114
183	0.0101352	0.0481315	0.311341	0.00149925	0.0107094	0.129664	22.2511
184	0.0101352	0.0490693	0.315795	0.00149925	0.0107094	0.12761	22.5114
185	0.0101352	0.0527106	0.377715	0.005997	0.0107094	0.128164	22.5114
186	0.0101352	0.0592379	0.538662	0.0209895	0.0102968	0.122487	14.7896
187	0.0101352	0.0731744	1.1211	0.0524738	0.0102968	0.106268	2.11153
188	0.0102848	0.100401	2.82748	0.107946	0.0102968	0.100191	2.11153
189	0.0105248	0.233448	17.655	0.236882	0.0102968	0.0962324	1.8421
190	0.0101403	0.0767165	1.07421	0.0524738	0.0102968	0.095499	2.07028
191	0.0101403	0.0600663	0.498105	0.0209895	0.0102968	0.0951089	2.11153
192	0.0101403	0.0542617	0.334823	0.0089955	0.0102968	0.0941232	1.8421
193	0.0103263	0.0530963	0.334823	0.0029985	0.0102968	0.0957791	1.81052
194	0.0101403	0.0515857	0.302033	0.0029985	0.0102968	0.0965563	1.8421
195	0.0101109	0.0484956	0.278531	0.00449775	0.0107158	0.0990053	2.07028
196	0.0101109	0.0469152	0.248745	0.0029985	0.010106	0.0993146	2.02683
197	0.0101109	0.0457337	0.232766	0.0029985	0.010106	0.100937	2.07028
198	0.0101109	0.0454208	0.226041	0.0029985	0.010106	0.104944	2.07028
199	0.0101109	0.0440301	0.200154	0.0029985	0.010106	0.108243	2.02683
200	0.0101109	0.0434052	0.192661	0.00149925	0.0107158	0.10476	2.02683
201	0.0101109	0.0432399	0.203435	0.00149925	0.010106	0.102603	1.49634
202	0.0100175	0.043285	0.210965	0.00149925	0.0102968	0.110442	1.75591
203	0.0100175	0.042941	0.210965	0.0029985	0.0102968	0.116747	1.75591
204	0.0101109	0.0420425	0.19925	0.00449775	0.0102968	0.12058	1.75591
205	0.0101109	0.0423813	0.19925	0.0029985	0.0102968	0.121626	1.75591
206	0.0101109	0.0420065	0.197642	0.0029985	0.0102968	0.121187	1.8421
207	0.0100175	0.0415065	0.187574	0.0029985	0.0102968	0.12255	1.90767
208	0.0100175	0.0409124	0.180498	0.00149925	0.0101949	0.127364	2.51573
209	0.0100175	0.0410681	0.187574	0.00149925	0.0101949	0.13103	2.04071
210	0.0100175	0.0402408	0.180498	0	0.0101949	0.136456	2.3066
211	0.0100175	0.0403352	0.180498	0	0.0101949	0.138049	2.07028
212	0.0100175	0.0398763	0.173457	0.00149925	0.0101949	0.156463	3.82073
213	0.0100175	0.0385056	0.154749	0.00149925	0.0102968	0.17933	13.626
214	0.0100175	0.0379342	0.154749	0.00149925	0.0102968	0.184318	13.626
215	0.0100175	0.0376669	0.148831	0	0.0102968	0.185411	13.626
216	0.0101109	0.036461	0.138253	0	0.0102786	0.197692	13.626
217	0.0100175	0.036051	0.134177	0	0.0102786	0.218813	13.7044
218	0.0101109	0.0360464	0.134177	0.0029985	0.0105928	0.255273	24.8565
219	0.0100175	0.0359502	0.14417	0.00449775	0.0107158	0.34827	43.168
220	0.0100175	0.0348708	0.137071	0	0.0102968	0.425759	46.4718
221	0.0100175	0.0346331	0.134177	0.00149925	0.0102968	0.483634	50.158
222	0.0100175	0.0342267	0.134177	0.00149925	0.0102888	0.481568	43.0705
223	0.0100175	0.0346261	0.143157	0.005997	0.0102888	0.479335	43.168
224	0.0100175	0.0341747	0.14417	0.00749625	0.0101866	0.571291	36.5072
225	0.0100175	0.0341133	0.148831	0.005997	0.0210952	0.671238	75.9021
226	0.0100175	0.0338682	0.143157	0.00149925	0.0239495	0.701908	75.9021
227	0.0100175	0.0343885	0.147597	0	0.0142832	0.709335	43.168
228	0.0100175	0.0349258	0.153601	0.00449775	0.0151602	0.64587	43.0705
229	0.0100175	0.0348208	0.154276	0.005997	0.0162074	0.691281	36.1188
230	0.010027	0.0344761	0.154749	0.00449775	0.0168524	0.647921	25.3738
231	0.0100097	0.0338734	0.163462	0.00449775	0.0168524	0.646163	25.3738
232	0.0100097	0.0327503	0.150404	0.00149925	0.0142574	0.655808	20.9098
233	0.0100097	0.0332075	0.154749	0.00149925	0.0217443	0.633686	36.1929
234	0.0100097	0.0334792	0.173457	0.00149925	0.0349638	0.652218	52.0389
235	0.0100097	0.0330467	0.173457	0	0.0404103	0.714947	52.0389
236	0.0100097	0.033156	0.163462	0	0.050542	0.845393	43.4434
237	0.0100097	0.0327415	0.173457	0	0.0658474	0.971502	52.0389
238	0.0100097	0.0321492	0.173457	0	0.0658474	1.03334	47.213
239	0.0100097	0.031647	0.156435	0	0.0534001	1.00349	39.6167
240	0.0100132	0.03236	0.181006	0.0029985	0.0497119	0.964781	47.0022
241	0.0100097	0.0319111	0.176855	0	0.0497119	0.917072	60.201
242	0.0100097	0.0319138	0.176855	0	0.0534001	0.810193	62.5457
243	0.0100097	0.032022	0.173457	0	0.0535735	0.82002	62.5457
244	0.0100097	0.0319146	0.177662	0	0.0373486	0.800107	62.5457
245	0.0100097	0.0334758	0.200597	0.0089955	0.0409539	0.850306	96.3402
246	0.0100097	0.0321252	0.185125	0.005997	0.0275555	0.876839	98.7302
247	0.0100097	0.0301827	0.147753	0.00149925	0.0231902	0.874331	98.7302
248	0.0100097	0.029828	0.143157	0.00149925	0.0139034	0.831491	55.2689
249	0.0100097	0.0298048	0.143781	0.00149925	0.0139034	0.844848	56.5361
250	0.0100097	0.0294886	0.143157	0	0.0341268	0.903483	98.7302
251	0.0100132	0.0292602	0.150424	0	0.032373	0.872485	98.7302
252	0.0100097	0.0287949	0.143781	0	0.0364272	0.851111	98.7302
253	0.0100097	0.0286596	0.139977	0	0.030636	0.73185	98.7302
254	0.0100097	0.0286654	0.137754	0	0.0258886	0.635101	98.7302
255	0.0100097	0.029008	0.139977	0	0.0258886	0.598063	96.3402
256	0.0100097	0.0290165	0.137754	0	0.030636	0.633278	96.3402
257	0.0100097	0.0286739	0.129502	0	0.030636	0.547146	96.3402
258	0.0100097	0.0286772	0.134608	0	0.0229821	0.495156	71.4679
259	0.0100097	0.0287763	0.134608	0	0.0163811	0.452992	46.2257
260	0.0100097	0.0288957	0.136111	0	0.0153297	0.417515	43.4434
261	0.0100097	0.0279188	0.115679	0	0.0163811	0.375338	43.4434
262	0.0100097	0.0285581	0.118238	0.00149925	0.0120416	0.343129	24.907
263	0.0100097	0.0288606	0.121886	0.0029985	0.0120416	0.337722	22.2422
264	0.010027	0.0291596	0.129123	0.005997	0.010111	0.314468	17.6594
265	0.0100097	0.0296133	0.129502	0.005997	0.0124177	0.302344	15.6476
266	0.010027	0.0293743	0.129123	0.0029985	0.0117773	0.283015	12.3356
267	0.0100097	0.0288012	0.12664	0	0.0117773	0.258363	11.3988
268	0.010027	0.0290727	0.129064	0	0.0121139	0.244378	11.2766
269	0.010027	0.0292473	0.129064	0	0.0121139	0.236001	11.3988
270	0.0100097	0.0289624	0.119291	0	0.0121139	0.228227	12.3356
271	0.0100097	0.029224	0.121557	0.00149925	0.0121139	0.21109	11.8705
272	0.0100097	0.0294065	0.125493	0	0.0121139	0.188176	11.2277
273	0.0100097	0.029391	0.121886	0.00149925	0.0109384	0.158624	5.49241
274	0.0100097	0.0297349	0.125493	0.00149925	0.0109384	0.146131	4.85994
275	0.0100097	0.0304099	0.131206	0	0.0109384	0.144099	4.85994
276	0.0100097	0.0304059	0.129502	0	0.0109384	0.142523	4.85994
277	0.0100097	0.0303499	0.129502	0	0.01148	0.142167	2.40522
278	0.0100097	0.0305719	0.133199	0	0.0109384	0.133512	1.73419
279	0.0100097	0.0306699	0.142772	0	0.0118466	0.129568	2.40522
280	0.0100097	0.0313976	0.175508	0.00149925	0.0109384	0.11483	0.846177
281	0.0100097	0.0320581	0.197979	0.0029985	0.01148	0.108716	0.80919
282	0.0100097	0.0320446	0.197979	0.00149925	0.0108959	0.103075	0.697401
283	0.0100097	0.0322513	0.197979	0.00149925	0.0108959	0.0989912	0.624357
284	0.0100097	0.032219	0.196911	0.00149925	0.0108959	0.0924053	0.570616
285	0.0100097	0.0322228	0.193138	0.00149925	0.0108959	0.0889846	0.546563
286	0.0100097	0.031964	0.193138	0.00149925	0.0105936	0.0867644	0.48102
287	0.0100097	0.0319869	0.177662	0.00149925	0.0109384	0.0827966	0.418102
288	0.0100097	0.0322839	0.175508	0	0.0105936	0.0794006	0.373221
289	0.0100097	0.0328128	0.172398	0	0.0108959	0.0768948	0.373221
290	0.0100097	0.0338043	0.187695	0.00149925	0.0104319	0.0763906	0.373221
291	0.0100097	0.0344333	0.193138	0.00149925	0.0101322	0.0758068	0.373221
292	0.0100097	0.0349092	0.184406	0.00149925	0.0101322	0.0743374	0.345093
293	0.0100097	0.0361276	0.197302	0.00149925	0.0105936	0.0740532	0.373221
294	0.0100097	0.0361967	0.196911	0.00149925	0.0104319	0.0729362	0.345093
295	0.0100097	0.0370766	0.197302	0.00149925	0.0104319	0.0705797	0.334696
296	0.0100097	0.0374245	0.196911	0.00149925	0.0104319	0.0715301	0.373221
297	0.0100097	0.0375596	0.193138	0	0.0104319	0.0729316	0.418102
298	0.0100097	0.0390684	0.213173	0.00149925	0.0104319	0.0709439	0.395613
299	0.0100097	0.0406925	0.217726	0.005997	0.0101322	0.070472	0.395613
300	0.0100097	0.0422164	0.237131	0.00749625	0.0108959	0.0666661	0.334696
301	0.0100097	0.0434187	0.2625	0.0104948	0.0108959	0.0659014	0.327804
302	0.010027	0.0448764	0.295782	0.0134933	0.010928	0.064823	0.327804
303	0.010027	0.0462745	0.309362	0.0149925	0.0104319	0.0635624	0.313838
304	0.010027	0.0495593	0.354901	0.011994	0.0104319	0.0624899	0.293725
305	0.010027	0.054065	0.440172	0.0104948	0.0101322	0.0605276	0.251623
306	0.010027	0.0551874	0.443634	0.0134933	0.0104319	0.0583189	0.232364
307	0.010027	0.0565516	0.491174	0.0104948	0.0110105	0.0575215	0.232364
308	0.010027	0.060195	0.543565	0.0149925	0.0110105	0.0555714	0.221369
309	0.010027	0.0609725	0.543565	0.0149925	0.0110105	0.0552001	0.222723
310	0.010027	0.0649204	0.597641	0.0149925	0.0110105	0.054197	0.215467
311	0.010027	0.075371	0.679966	0.0314843	0.0110105	0.0543343	0.215467
312	0.0100366	0.0873418	0.8105	0.041979	0.0110105	0.0546082	0.215467
313	0.0100656	0.106721	1.07667	0.053973	0.0109824	0.0539114	0.211681
314	0.0103049	0.137053	1.21267	0.0644678	0.0109824	0.0527348	0.206768
315	0.0158673	0.164256	1.76714	0.0734633	0.0110105	0.0520449	0.206768
316	0.0214942	0.263076	2.19624	0.145427	0.0110105	0.0523633	0.206733
317	0.0263959	0.26034	2.45931	0.146927	0.0110105	0.0521513	0.206733
318	0.0259634	0.263873	2.23653	0.151424	0.0109824	0.0523981	0.208195
319	0.0265037	0.268253	2.19624	0.152924	0.0109824	0.0520571	0.208195
320	0.0259634	0.270009	2.02842	0.148426	0.0108959	0.0515219	0.208195
321	0.0259634	0.304336	2.45931	0.169415	0.0109824	0.0525521	0.215244
322	0.01358	0.163144	1.67506	0.0809595	0.0109824	0.0527855	0.215467
323	0.0101184	0.113139	0.996778	0.0494753	0.0109824	0.0528813	0.21417
324	0.0101184	0.0908839	0.667089	0.023988	0.0109824	0.0530287	0.215244
325	0.0101184	0.0822827	0.610321	0.0194903	0.0104319	0.0546424	0.222723
326	0.010004	0.0743499	0.551396	0.0089955	0.010405	0.0580314	0.269794
327	0.0101184	0.0732596	0.55221	0.0089955	0.0109907	0.0638625	0.336981
328	0.010004	0.0697255	0.509811	0.005997	0.0109824	0.0652344	0.336981
329	0.010004	0.0683462	0.509811	0.0104948	0.010283	0.0634109	0.31433
330	0.0101184	0.0650279	0.486848	0.005997	0.010283	0.0618193	0.289817
331	0.0102455	0.0650745	0.488248	0.00449775	0.010283	0.0617468	0.308825
332	0.010004	0.0663552	0.511671	0.00749625	0.010283	0.065839	0.344344
333	0.010004	0.0648472	0.486848	0.005997	0.010283	0.0720436	0.395618
334	0.0102455	0.063779	0.488248	0.00449775	0.010283	0.0734912	0.395618
335	0.0102455	0.0617843	0.486848	0.0029985	0.010283	0.0741094	0.395618
336	0.010004	0.0603484	0.445221	0.00149925	0.010283	0.0783261	0.442162
337	0.010004	0.0586878	0.425463	0.00149925	0.010283	0.0818069	0.645782
338	0.010004	0.0577416	0.390875	0.00149925	0.010283	0.0838557	0.724399
339	0.010004	0.0553231	0.322045	0.00149925	0.010283	0.0860875	0.724399
340	0.010004	0.0543561	0.308153	0.00749625	0.010283	0.0857794	0.703494
341	0.010004	0.0526362	0.276095	0.011994	0.010283	0.0867431	0.701711
342	0.010004	0.0499257	0.245775	0.0089955	0.010283	0.0860794	0.645782
343	0.010004	0.0486795	0.229865	0.0029985	0.010283	0.0861833	0.633536
344	0.0102455	0.0484725	0.23968	0.00149925	0.010283	0.0873937	0.645782
345	0.010004	0.0484026	0.228586	0.00149925	0.0102945	0.0882905	0.645782
346	0.010339	0.0495555	0.243526	0	0.0102945	0.0895472	0.607739
347	0.010004	0.0487719	0.229865	0	0.0105291	0.0914021	0.645782
348	0.010004	0.0488734	0.229865	0	0.0102945	0.0920448	0.607739
349	0.010004	0.0493457	0.229865	0	0.0105291	0.0943531	0.754861
350	0.010004	0.0493665	0.229865	0	0.0105291	0.0950393	0.809893
351	0.0104977	0.0498927	0.245775	0	0.0102945	0.102585	1.07176
352	0.0104977	0.0495841	0.245775	0	0.0102945	0.0975026	0.896125
353	0.010339	0.0497442	0.243526	0	0.0105291	0.0987232	0.896125
354	0.010339	0.0499052	0.243526	0.00149925	0.0105291	0.0995711	0.994842
355	0.0104977	0.0506064	0.247977	0.00149925	0.0105291	0.105244	1.14581
356	0.010004	0.0527746	0.25317	0.00749625	0.0102945	0.115871	1.60977
357	0.010004	0.0523622	0.255446	0.0029985	0.011191	0.136033	38.1371
358	0.010004	0.0527918	0.258562	0.00749625	0.0105291	0.141962	38.1371
359	0.010004	0.05309	0.258562	0.005997	0.0105291	0.138374	38.1371
360	0.010004	0.051885	0.273639	0.00449775	0.0105291	0.14601	38.1371
361	0.010004	0.0518759	0.277095	0.00449775	0.0105291	0.154382	39.6367
362	0.010004	0.0526912	0.286116	0.00449775	0.0105291	0.190864	45.1278
363	0.010004	0.053222	0.287657	0.00449775	0.0104411	0.203825	45.142
364	0.010004	0.0545909	0.340863	0.00449775	0.0104411	0.208765	45.142
365	0.010004	0.0545356	0.322045	0.0029985	0.0105868	0.218363	39.6367
366	0.0103662	0.0567412	0.364864	0.0029985	0.0105868	0.210775	39.6367
367	0.010339	0.0580957	0.364864	0.0029985	0.0102945	0.187395	24.8973
368	0.011051	0.0589115	0.391635	0.0029985	0.0100075	0.138088	10.0239
369	0.010339	0.0600962	0.378216	0.0029985	0.0100075	0.14013	11.3145
370	0.0104434	0.062372	0.391635	0.00449775	0.0100075	0.16492	14.2625
371	0.010004	0.0661945	0.391635	0.00749625	0.0100075	0.207405	22.3013
372	0.0103149	0.0681681	0.407811	0.0089955	0.0112157	0.257421	22.3128
373	0.0102455	0.0739074	0.428866	0.0134933	0.0112157	0.306584	20.1423
374	0.010004	0.0827451	0.541446	0.0209895	0.0100075	0.369689	18.7376
375	0.011051	0.0947193	0.724681	0.0284858	0.0112157	0.399435	22.3128
376	0.010004	0.109688	0.735811	0.0344828	0.0100075	0.443594	22.3128
377	0.0149073	0.139102	1.11614	0.041979	0.0113685	0.480237	29.9673
378	0.0149073	0.162382	0.914045	0.041979	0.0113685	0.37767	20.3508
379	0.0193936	0.148113	0.869291	0.0149925	0.0113685	0.452287	21.4673
380	0.0217812	0.14526	0.914045	0.0089955	0.0113685	0.554796	21.8081
381	0.0222794	0.142708	0.914045	0.00749625	0.0113685	0.618633	21.9288
382	0.0201798	0.142069	0.869291	0.00749625	0.0113685	0.645378	22.3013
383	0.0201798	0.140855	0.884251	0.005997	0.0113685	0.697989	24.7897
384	0.0212449	0.142434	0.914045	0.00449775	0.0113685	0.76318	28.228
385	0.0149034	0.145833	0.652476	0.005997	0.0113685	0.82028	29.9673
386	0.0149034	0.145267	0.653198	0.0089955	0.0273039	0.968206	70.9395
387	0.0195101	0.149754	0.914045	0.0134933	0.0444085	1.27336	75.7904
388	0.0193936	0.153145	0.884251	0.0149925	0.0281458	1.13355	79.4476
389	0.0193936	0.156111	0.979735	0.0224888	0.0104757	0.757157	32.4122
390	0.0193936	0.156461	0.914045	0.0194903	0.0162709	0.566896	72.8434
391	0.0149381	0.168348	0.914045	0.035982	0.01039	0.358478	33.9818
392	0.0196623	0.17753	1.63581	0.0449775	0.010358	0.202288	34.8931
393	0.0118585	0.164343	0.916827	0.0374813	0.01039	0.173143	34.8931
394	0.0147587	0.151715	1.00292	0.0344828	0.01039	0.157309	32.4122
395	0.0104559	0.136767	0.619794	0.0224888	0.010358	0.14321	32.2643
396	0.0104559	0.12998	0.565671	0.017991	0.010358	0.13107	26.54
397	0.0104559	0.121114	0.516129	0.011994	0.010358	0.128723	26.3393
398	0.0115458	0.113952	0.549257	0.0089955	0.010358	0.11332	19.5063
399	0.0115458	0.105697	0.498322	0.0089955	0.01039	0.103981	13.1622
400	0.0107334	0.10151	0.426822	0.005997	0.010358	0.0950014	11.9962
401	0.0114649	0.0986358	0.426822	0.00449775	0.010031	0.0894932	7.80921
402	0.0115458	0.0983794	0.426822	0.00449775	0.010031	0.0856429	7.74409
403	0.0115458	0.0981056	0.426822	0.005997	0.010031	0.0851506	6.99575
404	0.0115458	0.0996956	0.425692	0.005997	0.010031	0.0869026	6.26876
405	0.0115458	0.101551	0.426822	0.0089955	0.010031	0.0887706	6.26876
406	0.0114649	0.106515	0.498322	0.0194903	0.010031	0.0991957	9.74786
407	0.0109736	0.104183	0.498322	0.0194903	0.010031	0.121699	17.0478
408	0.0108734	0.106458	0.549257	0.023988	0.010031	0.142831	26.3393
409	0.0108734	0.110107	0.677438	0.0344828
