		omega		Posterior		rho				Synonymous theta			kappa			phi	
Site	Lower	Point	Higher	prob of +ve	Lower	Point	Higher		Lower	Point	Higher	Lower	Point	Higher	Lower	Point	Higher
	95% HPD	estimate	95% HPD	selection	95% HPD	estimate	95% HPD		95% HPD	estimate	95% HPD	95% HPD	estimate	95% HPD	95% HPD	estimate	95% HPD
0	0.0100026	0.0460659	0.353159	0.0149925	0.0100772	0.159055	29.0278		0.0332425	0.0521118	0.0766136	1.02509	2.20281	4.60948	0	0	0
1	0.0100259	0.0417387	0.297628	0.00449775	0.0100772	0.158247	33.278
2	0.0100259	0.0408981	0.27958	0.00449775	0.0100772	0.153539	31.2275
3	0.0100026	0.0394541	0.246902	0.00149925	0.0100772	0.159645	32.639
4	0.0100259	0.0400423	0.249601	0	0.0100772	0.150855	39.6802
5	0.0100026	0.040136	0.246902	0.00149925	0.0100772	0.136176	34.1354
6	0.0100259	0.0394466	0.245884	0.00149925	0.0100772	0.122504	23.7506
7	0.0100026	0.038864	0.233347	0.00149925	0.0100772	0.101719	10.1334
8	0.0100026	0.0387543	0.228689	0.00149925	0.0100772	0.0797228	2.28254
9	0.0100026	0.0377354	0.214021	0.0029985	0.0100772	0.0661347	0.816145
10	0.0100259	0.0365258	0.198756	0	0.0100833	0.0649507	0.803367
11	0.0100026	0.036245	0.190613	0	0.0100833	0.0629834	0.742565
12	0.0100026	0.0359797	0.190613	0	0.0100833	0.0601634	0.635264
13	0.0100259	0.0353707	0.185371	0	0.0100833	0.0582835	0.635264
14	0.0100026	0.0354372	0.185996	0	0.0100953	0.0569911	0.624729
15	0.0100026	0.0353921	0.179518	0	0.0100953	0.0564693	0.60987
16	0.0100026	0.0355775	0.183142	0	0.0100833	0.0549832	0.577526
17	0.0100026	0.035207	0.181771	0	0.0100833	0.0541931	0.563511
18	0.0100026	0.0356794	0.185371	0	0.0100833	0.0533395	0.510883
19	0.0100026	0.0359019	0.190613	0	0.0100833	0.0514154	0.399194
20	0.0100259	0.0362623	0.198756	0	0.0100833	0.0507123	0.373969
21	0.0100026	0.0364668	0.185371	0	0.0100953	0.0496263	0.342584
22	0.0100026	0.0370643	0.199293	0	0.0100953	0.0496854	0.33594
23	0.0100026	0.0374843	0.199293	0	0.0100953	0.0500753	0.350939
24	0.0100026	0.0372483	0.185371	0	0.0100953	0.0502767	0.350939
25	0.0100026	0.0381255	0.199293	0.00149925	0.0100953	0.0501251	0.349982
26	0.0100026	0.0386186	0.199378	0.00149925	0.0101043	0.0502559	0.349982
27	0.0100026	0.0388972	0.204275	0.00149925	0.0101043	0.0507865	0.349982
28	0.0100026	0.0394637	0.204831	0	0.0101043	0.0514918	0.350939
29	0.0100026	0.0392551	0.203473	0	0.0101189	0.0520499	0.350939
30	0.0100026	0.0396383	0.203473	0	0.0101189	0.0527068	0.350939
31	0.0100026	0.0396835	0.199378	0	0.0101189	0.057845	0.472106
32	0.0100026	0.0403568	0.203473	0	0.0102194	0.0610879	0.563511
33	0.0100026	0.0406163	0.204275	0	0.0101189	0.0619664	0.563511
34	0.0100026	0.0418029	0.207661	0	0.0102194	0.0623012	0.577526
35	0.0100026	0.0429058	0.213115	0.00149925	0.0101189	0.0630584	0.577526
36	0.0100026	0.0429904	0.210771	0.0029985	0.0102194	0.0654849	0.689731
37	0.0100026	0.0437148	0.214021	0.0029985	0.0102194	0.0649746	0.689731
38	0.0100026	0.0441553	0.213115	0.00149925	0.0102194	0.0655879	0.68468
39	0.0100026	0.0448602	0.223858	0.00149925	0.0102194	0.0652867	0.75155
40	0.0100026	0.0456877	0.23477	0.00149925	0.0103106	0.066324	0.754808
41	0.0100026	0.0459621	0.238343	0.00149925	0.0103106	0.067145	0.754808
42	0.0100026	0.0475963	0.253728	0.00149925	0.0103106	0.0678458	0.754808
43	0.0100102	0.0493485	0.276156	0.00149925	0.0102194	0.0697843	0.754808
44	0.0100102	0.0529347	0.322057	0.00449775	0.0102194	0.0665277	0.561245
45	0.0100102	0.0568148	0.39861	0.00749625	0.0102194	0.0671968	0.561245
46	0.0100102	0.0635834	0.62696	0.0194903	0.0102194	0.0681287	0.719541
47	0.0100397	0.0883537	3.73077	0.0734633	0.0102194	0.0723002	0.824153
48	0.0100102	0.0604734	0.57719	0.0194903	0.0102194	0.0717008	0.862228
49	0.0102417	0.0522512	0.332734	0.0089955	0.0102194	0.0722099	0.95873
50	0.0100397	0.0500807	0.292052	0.00449775	0.0103106	0.0733603	1.33242
51	0.0101485	0.0486036	0.281356	0.00149925	0.0103106	0.0728816	0.855711
52	0.0105424	0.0475874	0.281356	0.00149925	0.0103106	0.0726624	0.937147
53	0.0102417	0.0459737	0.256169	0.00149925	0.0102358	0.0706114	0.83543
54	0.0101485	0.045149	0.238343	0.00149925	0.0102358	0.0694928	0.83543
55	0.0101485	0.0444958	0.226363	0.0029985	0.0102358	0.0705649	0.975698
56	0.0101485	0.0436496	0.192986	0.00149925	0.0100387	0.0705168	1.61409
57	0.0101485	0.0422522	0.176084	0	0.0102358	0.0707542	1.61409
58	0.0104749	0.0416882	0.176084	0.00149925	0.0102645	0.0680267	0.655388
59	0.0101485	0.0410571	0.162741	0	0.0100387	0.0658753	0.351972
60	0.0101485	0.0406559	0.165564	0	0.0100387	0.0656166	0.339894
61	0.0104305	0.0405263	0.176084	0.00149925	0.0100387	0.0641487	0.295499
62	0.0100355	0.0396601	0.165564	0.00149925	0.0100387	0.0591808	0.239999
63	0.0104305	0.0388932	0.162741	0	0.0103106	0.0546521	0.200372
64	0.0101485	0.0384099	0.157411	0	0.0109481	0.0538035	0.210432
65	0.0104305	0.0378948	0.159107	0	0.0109481	0.0534308	0.200372
66	0.0104305	0.0377261	0.157411	0	0.010195	0.0526156	0.179757
67	0.0104305	0.0380523	0.159107	0	0.010195	0.0520699	0.179757
68	0.0104305	0.0385244	0.160342	0	0.010739	0.0519118	0.179757
69	0.0104749	0.0383277	0.162741	0	0.0109481	0.0522175	0.185908
70	0.0101485	0.0388197	0.162741	0	0.0111381	0.0527877	0.194434
71	0.0102417	0.0391018	0.162741	0.00149925	0.010195	0.0540734	0.194434
72	0.0102417	0.0395979	0.162741	0	0.0100387	0.0543963	0.194434
73	0.0100355	0.0403721	0.167024	0	0.010195	0.0546294	0.194434
74	0.0103643	0.04026	0.167024	0	0.0103889	0.0562872	0.20543
75	0.0103643	0.0407209	0.167491	0.00149925	0.0102645	0.057008	0.210432
76	0.0102417	0.0403359	0.167491	0	0.0102645	0.0582093	0.224457
77	0.0103643	0.0411267	0.183045	0	0.0100387	0.0595239	0.224457
78	0.0103643	0.0414605	0.178879	0	0.0106773	0.0602301	0.237804
79	0.0103306	0.0416597	0.181576	0	0.0121814	0.0617479	0.279946
80	0.0103643	0.0421239	0.186039	0	0.0112475	0.0638127	0.280252
81	0.0103306	0.0432976	0.19864	0	0.0112475	0.0640798	0.280252
82	0.0100355	0.0437473	0.205618	0	0.0104926	0.0662114	0.280252
83	0.0100355	0.0446946	0.205618	0.00149925	0.0119491	0.0680575	0.341418
84	0.0103306	0.0455798	0.232862	0.00149925	0.0119491	0.0686328	0.351972
85	0.0100355	0.0461912	0.230164	0.00149925	0.0111398	0.0700622	0.341418
86	0.0103306	0.04994	0.283187	0.00749625	0.0109481	0.0717659	0.351972
87	0.0103306	0.0508143	0.292705	0.00749625	0.0109481	0.0714545	0.343955
88	0.0100586	0.0528259	0.367617	0.0089955	0.0104438	0.070748	0.341418
89	0.0100355	0.0554023	0.411479	0.0164918	0.0104438	0.0714786	0.367519
90	0.0100586	0.0596818	0.518608	0.0254873	0.0127525	0.0711824	0.421293
91	0.0103306	0.0824413	3.78067	0.077961	0.0127525	0.0710036	0.421293
92	0.0103306	0.0545459	0.434541	0.0164918	0.0128336	0.0706942	0.416778
93	0.0100496	0.0492539	0.367617	0.011994	0.013446	0.0708787	0.421293
94	0.0100496	0.0463052	0.281123	0.00749625	0.0104438	0.0688514	0.332563
95	0.0100496	0.0430135	0.226363	0.0029985	0.0138372	0.0687784	0.421293
96	0.0100496	0.0420792	0.207852	0	0.0144187	0.0673297	0.421293
97	0.0100496	0.0417279	0.204325	0	0.0104438	0.0658977	0.311118
98	0.0100496	0.0411396	0.18794	0	0.0104438	0.0644998	0.311118
99	0.0100496	0.0407786	0.18767	0.0029985	0.0104438	0.0627147	0.288553
100	0.0103643	0.039834	0.186173	0.00149925	0.0104438	0.0612039	0.275446
101	0.0104072	0.0396081	0.186173	0	0.0104438	0.0598406	0.28032
102	0.0100496	0.0385379	0.172132	0	0.0102857	0.0586789	0.279429
103	0.0100496	0.0380111	0.165756	0	0.0105019	0.0577227	0.279429
104	0.0100496	0.0375867	0.157535	0.00149925	0.0104438	0.057168	0.275446
105	0.0100586	0.036848	0.155023	0	0.0102857	0.0547301	0.264693
106	0.0100496	0.0363795	0.147083	0	0.0104438	0.0535468	0.260698
107	0.0100496	0.0357579	0.144844	0	0.0102857	0.0520513	0.233409
108	0.0100496	0.0358426	0.145607	0	0.0100077	0.0527627	0.24263
109	0.0100118	0.0350807	0.137813	0.00149925	0.0105019	0.0521426	0.260698
110	0.0100496	0.0352738	0.145965	0.0029985	0.0105019	0.0514524	0.260192
111	0.0100118	0.0357193	0.147083	0.0029985	0.0105019	0.0508858	0.25719
112	0.0100118	0.0357495	0.147083	0.0029985	0.0104438	0.0490147	0.24263
113	0.0100118	0.0362505	0.157535	0.0029985	0.0104438	0.0474629	0.223316
114	0.0100118	0.0367758	0.177153	0.0029985	0.0103801	0.0463919	0.223316
115	0.0100118	0.0370443	0.173102	0.0029985	0.0100077	0.0458554	0.209789
116	0.0100118	0.0365233	0.157535	0.00149925	0.0100077	0.0466765	0.209789
117	0.0100118	0.0365032	0.155023	0.00149925	0.010141	0.0458285	0.205797
118	0.0100118	0.0360415	0.147083	0	0.0105019	0.0451851	0.210682
119	0.0100586	0.0355517	0.138212	0	0.0105019	0.0451822	0.210682
120	0.0100118	0.0350193	0.138212	0	0.0104438	0.0445982	0.203646
121	0.0100118	0.0347162	0.138212	0	0.0104438	0.0440533	0.203646
122	0.0101381	0.0349885	0.147083	0.0029985	0.0104438	0.0432315	0.203646
123	0.0100118	0.0352034	0.147083	0.00149925	0.0100872	0.042115	0.174318
124	0.0101988	0.0352804	0.14784	0.0029985	0.0100872	0.0425171	0.17336
125	0.0100118	0.034806	0.140962	0.00149925	0.0100872	0.0424893	0.17336
126	0.0101381	0.0348344	0.145965	0	0.0100077	0.0421797	0.160264
127	0.0101381	0.0347348	0.145965	0	0.0104438	0.0423201	0.176384
128	0.0101381	0.0346701	0.147083	0	0.0100537	0.0432551	0.174318
129	0.0102794	0.0345381	0.148337	0	0.0100077	0.0431024	0.174318
130	0.0101964	0.0344505	0.148337	0	0.0100537	0.0426554	0.174318
131	0.0100118	0.0351167	0.148337	0.0029985	0.0103036	0.0428464	0.177691
132	0.0100118	0.0350406	0.149828	0.0029985	0.0105019	0.0428022	0.177691
133	0.0100118	0.0347698	0.149828	0.00149925	0.0105019	0.0418794	0.176384
134	0.0100118	0.0348504	0.148337	0.00149925	0.0100537	0.0406122	0.168824
135	0.0100586	0.0346823	0.148337	0	0.0100077	0.0399521	0.147496
136	0.0100586	0.0346707	0.148337	0	0.0100077	0.0400948	0.148725
137	0.0100118	0.0348579	0.148337	0	0.0100077	0.0398913	0.170364
138	0.0100118	0.0348818	0.149828	0	0.0100077	0.0397073	0.171484
139	0.0100118	0.0353363	0.149828	0	0.0100077	0.0416435	0.185197
140	0.0100118	0.0351796	0.155397	0	0.0100077	0.0383573	0.170364
141	0.0100118	0.0354893	0.155397	0	0.0100077	0.0390192	0.177691
142	0.0100586	0.0350881	0.155397	0	0.0100537	0.0385139	0.174318
143	0.0100118	0.0353093	0.149828	0	0.0100077	0.0381822	0.170364
144	0.0100118	0.0359953	0.157535	0.00149925	0.0100077	0.038005	0.150364
145	0.0100118	0.0363568	0.169171	0.0029985	0.0100077	0.0377061	0.150364
146	0.0101381	0.0379773	0.176314	0.00149925	0.0100077	0.0383828	0.164147
147	0.0101381	0.0385936	0.177852	0.00149925	0.0100077	0.0383109	0.164147
148	0.0101312	0.0392074	0.181576	0.00149925	0.0100077	0.0370163	0.148725
149	0.0101312	0.0396998	0.183467	0.00149925	0.0100077	0.0366587	0.146603
150	0.0101312	0.0409517	0.197546	0.0029985	0.0100077	0.0366892	0.148725
151	0.0100118	0.0416908	0.202374	0.00149925	0.0105019	0.0351539	0.150364
152	0.0101312	0.0427723	0.213884	0.00149925	0.0100537	0.0354682	0.146603
153	0.0101312	0.0435506	0.216486	0.00149925	0.0100537	0.0351881	0.146603
154	0.0101312	0.0448438	0.216486	0.00149925	0.0100077	0.0350896	0.148317
155	0.0101312	0.0455834	0.22089	0.00149925	0.0100077	0.035143	0.148317
156	0.0101312	0.0464055	0.228004	0.00149925	0.0100537	0.0357666	0.150364
157	0.0101312	0.0479096	0.24043	0	0.0100537	0.0354581	0.150364
158	0.0101312	0.0504884	0.259514	0.00149925	0.0100077	0.0356479	0.150364
159	0.0101312	0.0532976	0.287038	0.00149925	0.0100077	0.0353612	0.154567
160	0.0101312	0.0577325	0.350897	0.0029985	0.0100537	0.035425	0.160257
161	0.0101312	0.0608147	0.3847	0.005997	0.0100077	0.0355128	0.155423
162	0.0101312	0.0624984	0.386315	0.00749625	0.0100537	0.0353367	0.150364
163	0.0104072	0.0677631	0.503073	0.0149925	0.0100077	0.0355888	0.154567
164	0.0108192	0.0727948	0.571306	0.0224888	0.0100077	0.0356939	0.156721
165	0.0108192	0.0669023	0.514364	0.0089955	0.0100077	0.0357867	0.160257
166	0.0101312	0.0641696	0.41578	0.00749625	0.0100077	0.0360522	0.161257
167	0.0101312	0.0623143	0.411922	0.005997	0.0100077	0.0361259	0.163106
168	0.0102566	0.0580581	0.384357	0.00149925	0.0100077	0.0362968	0.163106
169	0.0102566	0.0558397	0.349662	0.00149925	0.0100077	0.0370053	0.167549
170	0.0101312	0.053941	0.33712	0.00149925	0.0100077	0.0372123	0.170464
171	0.0101312	0.0525957	0.320627	0.00149925	0.0100077	0.0375948	0.173593
172	0.0101312	0.0506856	0.306136	0.00149925	0.0100077	0.038022	0.199095
173	0.0100865	0.0497193	0.299409	0.00149925	0.0100077	0.0388496	0.23818
174	0.0100865	0.0500766	0.306136	0.00149925	0.0100077	0.0394106	0.250923
175	0.0100865	0.0508377	0.320627	0.00149925	0.0100077	0.040099	0.258582
176	0.0100865	0.0521123	0.337778	0.00449775	0.0100077	0.0403877	0.250923
177	0.0101312	0.0522866	0.347546	0.005997	0.0100077	0.0408238	0.261738
178	0.0100865	0.0548552	0.411922	0.0149925
