		omega		Posterior		rho				Synonymous theta			kappa			phi	
Site	Lower	Point	Higher	prob of +ve	Lower	Point	Higher		Lower	Point	Higher	Lower	Point	Higher	Lower	Point	Higher
	95% HPD	estimate	95% HPD	selection	95% HPD	estimate	95% HPD		95% HPD	estimate	95% HPD	95% HPD	estimate	95% HPD	95% HPD	estimate	95% HPD
0	0.0100369	0.0513045	0.403839	0.0164918	0.0157258	0.601483	93.6205		0.0244617	0.0374194	0.0576239	0.997388	2.12366	4.99548	0	0	0
1	0.0100369	0.049144	0.33777	0.011994	0.0156717	0.569553	93.6205
2	0.0100369	0.0484014	0.327356	0.0134933	0.0156717	0.535504	93.6205
3	0.0100369	0.0466801	0.302884	0.0104948	0.0157489	0.510946	91.818
4	0.0101211	0.0451563	0.294847	0.00749625	0.0164415	0.507832	91.818
5	0.0101211	0.0439758	0.288478	0.005997	0.0156642	0.484688	83.1879
6	0.0100369	0.0441942	0.276723	0.00449775	0.0102419	0.456821	51.178
7	0.0101211	0.0440398	0.276723	0.00449775	0.0102419	0.387181	41.6101
8	0.0101211	0.0443069	0.276723	0.0029985	0.0102419	0.339667	36.1799
9	0.0100369	0.0435192	0.267699	0.00149925	0.0102419	0.322881	38.0969
10	0.0101211	0.0428193	0.25692	0.00149925	0.0104068	0.306925	40.669
11	0.0100809	0.0414439	0.238734	0	0.0104068	0.305637	40.2103
12	0.0100809	0.0407425	0.223574	0	0.0104068	0.296108	38.172
13	0.0100809	0.0403355	0.218473	0.00149925	0.0102419	0.271819	31.5343
14	0.0100809	0.0406258	0.213114	0.00149925	0.0104068	0.241484	29.8516
15	0.0100809	0.0401292	0.218473	0.00149925	0.0104068	0.197349	15.385
16	0.0100809	0.0394429	0.207196	0	0.0104068	0.175782	10.3809
17	0.0100809	0.0395275	0.213114	0.00149925	0.0104435	0.167033	9.19215
18	0.0100809	0.0399069	0.213114	0.0029985	0.0102419	0.135424	1.98635
19	0.0101131	0.0402397	0.219166	0.0029985	0.0102419	0.13231	1.4534
20	0.0100809	0.0398296	0.207196	0.0029985	0.0101063	0.128016	1.22404
21	0.0100809	0.040422	0.207196	0.0029985	0.0101063	0.125649	1.03579
22	0.0101131	0.0406466	0.207196	0.00449775	0.0101063	0.120204	0.965363
23	0.0101131	0.0404963	0.217772	0.00449775	0.0101575	0.117428	0.897005
24	0.0101131	0.0404012	0.217772	0.00449775	0.0101063	0.113561	0.742114
25	0.0101131	0.0409201	0.218473	0.00449775	0.0110538	0.10814	0.746637
26	0.0101131	0.0410381	0.225199	0.00449775	0.0103925	0.108378	0.746637
27	0.0101131	0.0415417	0.236485	0.0029985	0.0101575	0.112704	0.746637
28	0.0101131	0.0409901	0.236485	0.00149925	0.0101063	0.112776	0.737252
29	0.0101131	0.0417811	0.248773	0.00449775	0.0101575	0.114081	0.744841
30	0.0101131	0.0408547	0.238734	0	0.0101575	0.113795	0.744841
31	0.0101131	0.0408476	0.233409	0	0.0101575	0.114358	0.746637
32	0.0101131	0.0405653	0.233409	0	0.0101575	0.120164	1.00034
33	0.0101131	0.0402274	0.225199	0	0.0101063	0.12225	1.00034
34	0.0101131	0.0409266	0.242459	0	0.0101063	0.129088	1.397
35	0.0101131	0.0410504	0.236485	0	0.0101063	0.13442	2.66485
36	0.0101131	0.0409686	0.225199	0.00149925	0.0101063	0.144146	10.3723
37	0.0101131	0.0411715	0.23313	0.00149925	0.0101063	0.150557	13.0279
38	0.0101131	0.0414979	0.236485	0.00149925	0.0101063	0.150382	10.3723
39	0.0101131	0.0413191	0.242459	0.00149925	0.0101063	0.14825	10.5499
40	0.0101131	0.0424644	0.259531	0.0029985	0.0101063	0.15266	16.6801
41	0.0101131	0.0429227	0.259531	0.00449775	0.0101063	0.155953	22.4313
42	0.0106916	0.0438851	0.282147	0.00449775	0.0101063	0.158003	25.955
43	0.0106916	0.0453176	0.291316	0.00749625	0.0101063	0.169454	32.5498
44	0.0101211	0.0469186	0.307983	0.0089955	0.0101063	0.178755	35.3361
45	0.0101211	0.0460385	0.291316	0.00449775	0.0101063	0.181268	39.3685
46	0.0101211	0.0460022	0.307983	0.00449775	0.0101063	0.172511	38.1494
47	0.0100682	0.0467406	0.308032	0.00149925	0.0101063	0.161135	38.1494
48	0.0100682	0.0475044	0.319899	0	0.0101823	0.145772	35.3361
49	0.0103767	0.0505846	0.350638	0	0.0101063	0.139437	24.674
50	0.0101211	0.0526091	0.369545	0	0.0101009	0.13687	22.4313
51	0.0105959	0.0548614	0.453098	0.00149925	0.0101009	0.126123	18.5171
52	0.0105959	0.0578429	0.471516	0	0.0101063	0.119205	16.3868
53	0.0101211	0.0606649	0.455105	0	0.0103591	0.118665	19.1195
54	0.0105959	0.0657459	0.524728	0.00149925	0.0101009	0.114607	17.8669
55	0.0105959	0.0696401	0.533611	0.005997	0.0101009	0.110381	17.8669
56	0.0103767	0.0729304	0.552544	0.005997	0.0101009	0.11139	19.9553
57	0.0105959	0.0771706	0.569409	0.00749625	0.0101009	0.109543	20.3193
58	0.0101939	0.0837863	0.571908	0.0104948	0.0101009	0.0957841	5.33697
59	0.0105959	0.0908896	0.656605	0.0134933	0.0101009	0.0866164	3.37538
60	0.0105959	0.103426	0.770833	0.0194903	0.0100731	0.0802495	0.623503
61	0.0114317	0.115834	0.896136	0.0254873	0.0100731	0.0766992	0.48526
62	0.0101939	0.126868	0.795389	0.0254873	0.0100731	0.0753219	0.470146
63	0.0105884	0.146196	0.894631	0.035982	0.0100731	0.0720576	0.422885
64	0.0105884	0.181714	0.923032	0.0389805	0.0100731	0.0699122	0.386679
65	0.0101939	0.249604	1.45007	0.077961	0.0103591	0.0699098	0.389246
66	0.0173843	0.213393	1.14618	0.0344828	0.0106807	0.0610122	0.261862
67	0.0230108	0.20512	1.37364	0.0284858	0.0106025	0.0575192	0.227534
68	0.0248751	0.213024	1.28651	0.029985	0.0106025	0.058209	0.226313
69	0.0261585	0.220711	1.37364	0.0314843	0.0106025	0.0575691	0.222134
70	0.0280409	0.225624	1.37364	0.0329835	0.0106807	0.0576145	0.221193
71	0.0280409	0.232385	1.3665	0.035982	0.0106807	0.0581736	0.221193
72	0.0280409	0.242474	1.32145	0.041979	0.0109174	0.058206	0.222393
73	0.0373949	0.265583	1.41911	0.0494753	0.0109174	0.0590983	0.222393
74	0.0387855	0.285134	1.3665	0.0569715	0.0106025	0.0599623	0.219212
75	0.0387855	0.284113	1.37364	0.053973	0.0106025	0.0620075	0.227534
76	0.0387855	0.285649	1.37364	0.0554723	0.0106025	0.0646189	0.243006
77	0.0438845	0.29304	1.42836	0.0584708	0.0106025	0.0671525	0.261862
78	0.0438845	0.301076	1.37364	0.0644678	0.0106025	0.0679721	0.266664
79	0.0456969	0.301495	1.37364	0.0629685	0.0106025	0.0699497	0.282795
80	0.0387855	0.279547	1.39188	0.0584708	0.0106025	0.0711121	0.286133
81	0.0371329	0.266236	1.50195	0.0524738	0.0109429	0.0752353	0.334434
82	0.0315141	0.246735	1.39188	0.047976	0.0106025	0.0758057	0.349638
83	0.025366	0.225692	1.57892	0.0374813	0.0106025	0.0769749	0.349638
84	0.0162305	0.208652	1.15465	0.0344828	0.0106025	0.0797207	0.389246
85	0.0143504	0.197661	0.958859	0.029985	0.0106025	0.0811287	0.379361
86	0.0140979	0.197607	0.958859	0.029985	0.0101066	0.0798827	0.352613
87	0.0143504	0.190019	0.994876	0.0254873	0.0110168	0.0845611	0.40033
88	0.0167629	0.187243	1.15465	0.0254873	0.0110953	0.0858044	0.45233
89	0.0167629	0.189463	1.19197	0.029985	0.0110953	0.0885948	0.486479
90	0.0117844	0.200686	0.994876	0.041979	0.0110953	0.0939293	0.542904
91	0.0191126	0.2112	1.76464	0.0614693	0.0101066	0.0993992	0.737719
92	0.0230243	0.354452	9.23354	0.182909	0.0101066	0.100842	0.755706
93	0.0103359	0.178042	1.33944	0.0749625	0.0101066	0.0992667	0.628577
94	0.0128371	0.139678	1.11532	0.035982	0.0110953	0.0945512	0.520625
95	0.0103359	0.126271	0.884548	0.0314843	0.0110953	0.0929279	0.495876
96	0.0103359	0.11442	0.775198	0.0254873	0.0110953	0.0914549	0.426477
97	0.0103359	0.103849	0.733792	0.0194903	0.0103131	0.0907645	0.42229
98	0.0102768	0.0893675	0.606364	0.0149925	0.0101773	0.0884381	0.421594
99	0.0103274	0.0867003	0.572015	0.011994	0.0108275	0.0817841	0.368993
100	0.0103274	0.0842475	0.572015	0.0194903	0.0108275	0.0794091	0.368993
101	0.0101792	0.0803174	0.525979	0.0164918	0.0110953	0.0764786	0.363729
102	0.0102768	0.0753612	0.442362	0.00749625	0.0108275	0.075723	0.351369
103	0.0101792	0.0705383	0.383744	0.00449775	0.0108275	0.0751846	0.351369
104	0.0102768	0.0668585	0.367556	0.0029985	0.0108275	0.0742454	0.346212
105	0.0101792	0.06443	0.338542	0.0029985	0.0109246	0.0704278	0.289652
106	0.0102768	0.0606896	0.318135	0.0029985	0.0109246	0.0700987	0.289652
107	0.0101792	0.058433	0.29563	0.00149925	0.0109246	0.069634	0.285082
108	0.0101792	0.0575929	0.29563	0.0029985	0.0110953	0.0688356	0.285082
109	0.0103274	0.0568388	0.29563	0.0029985	0.0109246	0.0689582	0.275395
110	0.0105293	0.0557014	0.29563	0.0029985	0.0107277	0.0688798	0.271321
111	0.0103274	0.0551337	0.28782	0.0029985	0.0108507	0.0708231	0.276946
112	0.0102454	0.0530539	0.284307	0.00149925	0.0110953	0.0698549	0.275395
113	0.0103274	0.0518486	0.283164	0.00149925	0.0110953	0.0693864	0.263792
114	0.0101429	0.0510651	0.267462	0.00149925	0.0110953	0.0686218	0.27177
115	0.0101429	0.0499185	0.261717	0.00149925	0.0110953	0.0674586	0.263792
116	0.0101429	0.0490852	0.257086	0.00149925	0.0133718	0.0684332	0.305502
117	0.0101429	0.0485484	0.257086	0.00149925	0.0139827	0.0700834	0.331751
118	0.0102454	0.0481687	0.244468	0.00149925	0.0136845	0.0697868	0.30717
119	0.0101429	0.0474404	0.237609	0.00149925	0.0117483	0.0723966	0.290935
120	0.0101429	0.046898	0.235504	0.00149925	0.0111172	0.0740708	0.289652
121	0.0101429	0.0465838	0.233029	0.00149925	0.0111172	0.0744457	0.290935
122	0.0101429	0.0459222	0.222446	0.0029985	0.0111172	0.0762655	0.311231
123	0.0101094	0.0457433	0.21727	0.0029985	0.0130002	0.0760083	0.372811
124	0.0101094	0.0454157	0.21353	0.00149925	0.0111489	0.0772719	0.342885
125	0.0101094	0.0453745	0.21353	0.00449775	0.0111489	0.0770319	0.342885
126	0.0101094	0.044618	0.21353	0.0029985	0.0111438	0.0728149	0.330357
127	0.0101094	0.0442171	0.233029	0.00149925	0.0111438	0.0713866	0.32021
128	0.0101094	0.0437864	0.20981	0.00149925	0.0111438	0.0716699	0.319383
129	0.0101094	0.0435912	0.203893	0.00449775	0.0111489	0.0724438	0.331751
130	0.0101094	0.0434941	0.203893	0.00449775	0.0111489	0.0716812	0.331751
131	0.0100706	0.0426769	0.193974	0.0029985	0.0111489	0.0726659	0.35381
132	0.0100706	0.0419005	0.173808	0.00149925	0.0111489	0.0712286	0.35381
133	0.0100706	0.041291	0.168512	0	0.0114181	0.0687199	0.361094
134	0.0101957	0.0404586	0.168512	0	0.0114181	0.0677892	0.367414
135	0.0101094	0.0406645	0.177243	0	0.0114181	0.0661718	0.367414
136	0.0100706	0.0407161	0.177243	0	0.0103951	0.0656502	0.331751
137	0.0100706	0.0405833	0.177243	0	0.0103951	0.0656494	0.328068
138	0.0101094	0.0406027	0.177243	0	0.0103951	0.0647629	0.301856
139	0.0100706	0.0409089	0.168512	0	0.0103951	0.0649823	0.311231
140	0.0100706	0.0404881	0.164519	0	0.0103951	0.0656388	0.301856
141	0.0101094	0.040712	0.177243	0	0.0103951	0.0656572	0.301856
142	0.0100706	0.040606	0.177243	0	0.0103951	0.0633478	0.28834
143	0.0101094	0.040566	0.179048	0.00149925	0.0103951	0.062367	0.290935
144	0.0101094	0.0415765	0.196437	0.00149925	0.0100758	0.062548	0.284861
145	0.0101094	0.0417904	0.196437	0.00149925	0.0100089	0.063106	0.28834
146	0.0100353	0.0417632	0.179048	0.00149925	0.0102592	0.0637784	0.300835
147	0.0100706	0.0416917	0.179048	0.00149925	0.0102592	0.0625907	0.299211
148	0.0100353	0.0410039	0.194136	0	0.0102592	0.0614343	0.298104
149	0.0100353	0.040639	0.179048	0	0.0102592	0.0610289	0.300835
150	0.0100353	0.0406167	0.184068	0	0.0100758	0.0643488	0.328756
151	0.0100353	0.0397257	0.17313	0	0.0102592	0.0630503	0.324012
152	0.0100353	0.0406139	0.184068	0	0.0102937	0.0618063	0.310952
153	0.0100353	0.0405869	0.179048	0	0.0102937	0.0608784	0.300835
154	0.0100353	0.0415981	0.190738	0	0.0102937	0.0603826	0.300835
155	0.0100353	0.0419407	0.198468	0	0.0102937	0.0598361	0.300835
156	0.0100353	0.0413095	0.196437	0	0.0103517	0.0586442	0.299211
157	0.0100353	0.0415423	0.190738	0	0.0102937	0.0580424	0.291885
158	0.0100706	0.0423042	0.196437	0	0.010206	0.0573912	0.252844
159	0.0100706	0.0427274	0.204602	0.0029985	0.010206	0.0554752	0.231054
160	0.0100706	0.0441382	0.210414	0.0029985	0.0103517	0.0539944	0.225575
161	0.0100353	0.044033	0.208442	0.00149925	0.010206	0.052312	0.211677
162	0.0100353	0.0444379	0.208442	0.0029985	0.010206	0.0520445	0.211677
163	0.0100353	0.0457797	0.222614	0.0029985	0.010206	0.0519099	0.214892
164	0.0100353	0.0481203	0.245658	0.0029985	0.010206	0.0511302	0.198489
165	0.0100353	0.0499226	0.26942	0.0029985	0.010254	0.0512202	0.197342
166	0.0100706	0.0521739	0.289782	0.0029985	0.010254	0.0520161	0.216138
167	0.0100353	0.0544502	0.354759	0.005997	0.010285	0.0526413	0.22476
168	0.0100353	0.0584714	0.458448	0.0089955	0.010285	0.0533145	0.231054
169	0.0100522	0.061881	0.527292	0.011994	0.010254	0.0535895	0.239811
170	0.0100353	0.0682964	0.586292	0.0209895	0.010254	0.0536928	0.244058
171	0.0100353	0.0751618	0.755156	0.0314843	0.010254	0.0551443	0.254784
172	0.0100353	0.0823561	0.941371	0.0449775	0.010285	0.0559872	0.269068
173	0.0100287	0.113728	1.81689	0.10045	0.010285	0.0578833	0.299049
174	0.0100287	0.0807155	0.95815	0.047976	0.010254	0.0580993	0.311383
175	0.0100287	0.0688065	0.709884	0.023988	0.010285	0.0586792	0.299049
176	0.0101093	0.065901	0.663239	0.017991	0.010285	0.0608863	0.328756
177	0.0102569	0.0641289	0.663239	0.017991	0.010285	0.063631	0.3571
178	0.0101093	0.0618573	0.586292	0.0194903	0.010285	0.0653297	0.3571
179	0.0100287	0.0580545	0.432686	0.0149925	0.010285	0.0686343	0.372317
180	0.0102569	0.0538807	0.320441	0.00449775	0.0102937	0.0736083	0.442565
181	0.0101093	0.0524117	0.300551	0.00449775	0.0118803	0.0724206	0.463168
182	0.0101093	0.0489203	0.264764	0.0029985	0.0118803	0.072341	0.442565
183	0.0101093	0.0477429	0.257914	0.0029985	0.0118803	0.0743552	0.467887
184	0.0100287	0.0466819	0.24743	0.0029985	0.0118803	0.0748079	0.458107
185	0.0100287	0.0460105	0.242267	0.00449775	0.0119026	0.076492	0.521038
186	0.0100287	0.0445453	0.220581	0.00149925	0.0100403	0.0804429	0.521038
187	0.0101093	0.0432651	0.220581	0.00149925	0.0100261	0.0821452	0.545482
188	0.0100287	0.0418592	0.20587	0.00149925	0.0100261	0.0838336	0.613472
189	0.0100287	0.0415112	0.20981	0.00149925	0.0100261	0.0848535	0.690331
190	0.0100287	0.0413072	0.207973	0	0.0100261	0.0842445	0.724707
191	0.0100287	0.0408452	0.207973	0	0.0100261	0.0866404	0.833316
192	0.0100287	0.0406093	0.203718	0	0.0100261	0.091026	0.998678
193	0.0101093	0.0409197	0.213668	0	0.0100261	0.0905038	0.998678
194	0.0101093	0.041244	0.215702	0	0.0100442	0.0909702	0.998678
195	0.0100287	0.0410386	0.215702	0	0.0100261	0.0909129	1.00772
196	0.0101093	0.0414202	0.223573	0	0.0100261	0.0942724	1.25443
197	0.0101093	0.0406664	0.220581	0	0.0100261	0.0917584	1.32193
198	0.0100287	0.0408107	0.223573	0.00149925	0.0100442	0.093377	1.37456
199	0.0101093	0.0423346	0.256222	0.005997	0.0100261	0.0968517	1.42173
200	0.0100287	0.0426256	0.264764	0.00749625	0.0100261	0.0971205	1.37456
201	0.0100287	0.0408254	0.223573	0.0029985	0.0100261	0.0981605	1.42173
202	0.0100287	0.040617	0.223573	0.0029985	0.0100261	0.100696	1.42173
203	0.0100287	0.0418212	0.240666	0.0029985	0.0100261	0.103192	1.9911
204	0.0101093	0.0409982	0.226988	0.00149925	0.0100261	0.107643	3.43077
205	0.0100287	0.0415906	0.247653	0.0029985	0.0100261	0.121929	5.26715
206	0.0100287	0.0435156	0.298437	0.005997	0.0100442	0.130818	6.06274
207	0.0100287	0.0432297	0.32951	0.005997	0.0100261	0.140249	6.06274
208	0.0100287	0.0448148	0.392269	0.0104948	0.0100442	0.147505	6.39704
209	0.0100287	0.0441547	0.389085	0.005997	0.0100261	0.159846	7.39029
210	0.0100287	0.0432251	0.389085	0.00449775	0.0100261	0.173305	7.39029
211	0.0100287	0.0432615	0.37142	0.00749625	0.0100261	0.210538	10.7323
212	0.0100287	0.0442953	0.392269	0.00749625	0.0100261	0.239654	12.9884
213	0.0100287	0.0445286	0.37142	0.0089955	0.0100261	0.31412	32.3165
214	0.0100287	0.0451034	0.364936	0.0104948	0.0100261	0.363928	39.9192
215	0.0100287	0.0461241	0.420269	0.011994	0.0104165	0.434956	47.4757
216	0.0100287	0.0460418	0.426532	0.0089955
