		omega		Posterior		rho				Synonymous theta			kappa			phi	
Site	Lower	Point	Higher	prob of +ve	Lower	Point	Higher		Lower	Point	Higher	Lower	Point	Higher	Lower	Point	Higher
	95% HPD	estimate	95% HPD	selection	95% HPD	estimate	95% HPD		95% HPD	estimate	95% HPD	95% HPD	estimate	95% HPD	95% HPD	estimate	95% HPD
0	0.0198094	0.863297	93.0266	0.443778	0.0111462	0.323477	16.7964		0.0149695	0.0230756	0.0357814	1.80187	3.57707	7.39114	2.06993e+07	1.89554e+16	5.11475e+28
1	0.017625	0.771331	93.3638	0.427286	0.010698	0.269958	13.3706
2	0.0173977	0.812334	94.8643	0.436282	0.0117115	0.240599	12.5658
3	0.0173977	0.796572	94.8643	0.434783	0.011213	0.239865	10.4739
4	0.0173977	0.90582	94.8643	0.458771	0.0110871	0.254653	11.2584
5	0.0170467	0.955007	96.2244	0.464768	0.0117115	0.232235	12.2136
6	0.0170467	0.975001	94.8643	0.463268	0.011213	0.214838	10.4551
7	0.0165514	1.00154	94.8643	0.464768	0.0117115	0.218721	11.8552
8	0.0152224	0.937223	93.3638	0.452774	0.0111462	0.232467	10.4739
9	0.0151887	0.939937	92.9752	0.452774	0.0117459	0.240015	10.4739
10	0.0164026	0.927522	94.8643	0.454273	0.0110871	0.226437	7.30381
11	0.0186662	1.03289	94.8643	0.466267	0.0110871	0.218798	7.48373
12	0.0186662	1.2212	93.7624	0.487256	0.0101205	0.196856	5.35676
13	0.019292	1.27441	94.8643	0.493253	0.0107371	0.185419	4.66102
14	0.0195209	1.3258	93.7624	0.503748	0.0107371	0.178568	3.8003
15	0.0195209	1.26883	93.7624	0.49925	0.0107371	0.173035	3.8003
16	0.0186662	1.13508	94.8643	0.484258	0.0110871	0.170594	3.68868
17	0.0186662	1.05798	93.3638	0.476762	0.0110871	0.160707	3.20692
18	0.020874	1.06019	93.3638	0.478261	0.0113715	0.164515	3.27007
19	0.0230894	1.09166	98.1241	0.478261	0.0113715	0.159353	3.20692
20	0.021522	1.06537	92.1488	0.47976	0.0107371	0.152435	2.90375
21	0.0203702	0.951779	91.3912	0.464768	0.0107371	0.159327	2.90375
22	0.0185688	0.956434	88.5294	0.464768	0.0107371	0.154933	2.87365
23	0.0174382	0.912386	82.8591	0.451274	0.0114757	0.143582	2.77966
24	0.0180928	0.771043	86.3089	0.418291	0.0101205	0.147097	2.77966
25	0.0179514	0.622837	81.0629	0.376312	0.0106659	0.13647	2.90375
26	0.0171971	0.569188	72.8747	0.353823	0.0101205	0.130165	2.23972
27	0.0180928	0.542384	72.4098	0.346327	0.0102031	0.129359	2.23972
28	0.0112448	0.468588	37.413	0.32084	0.011385	0.133811	2.77966
29	0.0122903	0.467946	42.2539	0.310345	0.0103077	0.130652	2.23972
30	0.0118226	0.372921	28.6761	0.268366	0.0106659	0.128359	2.23972
31	0.0158354	0.338814	32.5717	0.247376	0.0103077	0.115123	1.73081
32	0.0158354	0.295372	27.4016	0.212894	0.0103077	0.115522	1.73081
33	0.0146303	0.241	15.9622	0.175412	0.0103077	0.110417	1.33521
34	0.0107101	0.183562	4.78876	0.125937	0.0112932	0.101886	1.21732
35	0.0112408	0.1718	4.51059	0.116942	0.0112932	0.0994542	1.18274
36	0.0110151	0.153617	3.26197	0.0944528	0.011385	0.0980361	1.18274
37	0.0107101	0.138597	1.67564	0.0764618	0.0112932	0.0911984	1.04092
38	0.0107101	0.129883	1.25624	0.0569715	0.0119468	0.0887192	1.06903
39	0.0112408	0.136336	1.25624	0.0569715	0.0112932	0.0937795	1.04092
40	0.0110151	0.133289	1.0428	0.0524738	0.0111775	0.0971135	1.10577
41	0.0117775	0.12286	0.895068	0.0389805	0.0103077	0.109428	1.40745
42	0.0153864	0.124154	1.0428	0.0344828	0.0103077	0.117863	2.29492
43	0.0153864	0.122524	1.01939	0.0329835	0.0103077	0.11921	3.05028
44	0.0159839	0.12726	0.897751	0.0284858	0.0103077	0.143757	6.40583
45	0.0153864	0.129761	0.897751	0.0314843	0.0103077	0.157395	6.40583
46	0.0159839	0.13413	0.895068	0.029985	0.0106537	0.164219	6.40583
47	0.0159839	0.134055	0.897751	0.029985	0.0103077	0.167294	6.96495
48	0.0159839	0.141082	0.984574	0.0329835	0.0102723	0.193424	16.9196
49	0.0205072	0.14356	1.25585	0.0344828	0.0117115	0.236457	27.458
50	0.0205072	0.143186	1.25585	0.035982	0.0102723	0.258326	25.779
51	0.0205072	0.152461	1.29725	0.0464768	0.0102723	0.278204	27.458
52	0.0205072	0.162811	1.33247	0.053973	0.0102723	0.286517	29.852
53	0.019278	0.185532	1.55656	0.0749625	0.011385	0.287129	29.3877
54	0.0309014	0.218424	2.90089	0.110945	0.0117115	0.325303	27.4467
55	0.0273345	0.196955	2.37839	0.095952	0.0127015	0.362222	25.779
56	0.019278	0.17122	1.55685	0.0749625	0.0132438	0.428652	31.4346
57	0.0122093	0.140302	1.08776	0.0524738	0.015397	0.468587	35.4372
58	0.0127673	0.121346	0.901625	0.0344828	0.0132438	0.453538	31.4346
59	0.0118413	0.112316	0.745581	0.023988	0.0164753	0.501485	42.3851
60	0.0123281	0.10683	0.769898	0.0224888	0.0165456	0.515248	51.8103
61	0.0123121	0.0984451	0.745581	0.0194903	0.0151193	0.498361	52.1805
62	0.0108493	0.0916302	0.645636	0.017991	0.0155793	0.495176	52.1805
63	0.0100708	0.0833846	0.588627	0.017991	0.0141983	0.561142	52.1805
64	0.0100708	0.0777392	0.57889	0.0164918	0.0170394	0.561906	67.6241
65	0.0100708	0.0760911	0.591402	0.017991	0.020347	0.661174	61.9538
66	0.0100708	0.0693296	0.484547	0.0104948	0.020347	0.733258	64.9117
67	0.0100708	0.0677317	0.465074	0.0089955	0.0261944	0.86406	73.4826
68	0.0100708	0.0646379	0.444433	0.005997	0.030194	0.887158	88.3836
69	0.0100937	0.0622407	0.421494	0.00449775	0.0231905	0.947605	64.9117
70	0.0100708	0.0603967	0.40276	0.005997	0.0299596	0.990274	88.3836
71	0.0100708	0.0575831	0.345353	0.005997	0.030194	1.03898	89.6059
72	0.0100708	0.0567195	0.348697	0.00749625	0.0285213	1.06429	88.3836
73	0.0100708	0.0563346	0.348697	0.0104948	0.0315025	1.18732	89.6059
74	0.0100708	0.0565802	0.360183	0.0104948	0.0347744	1.29647	97.73
75	0.0100708	0.0566966	0.384694	0.0089955	0.0285213	1.24254	97.73
76	0.0100683	0.0564715	0.407717	0.0089955	0.027189	1.10087	97.73
77	0.0100683	0.0562228	0.389987	0.0104948	0.0153963	0.78562	61.9538
78	0.0100708	0.0561662	0.415014	0.0134933	0.0158452	0.636199	57.2861
79	0.0100364	0.0552793	0.360183	0.0089955	0.0158452	0.513665	40.8749
80	0.0100364	0.0543281	0.348697	0.00749625	0.0111814	0.459306	22.114
81	0.0100364	0.0539538	0.348697	0.0089955	0.0157188	0.353035	24.5348
82	0.0100683	0.0539063	0.333237	0.0029985	0.014694	0.308148	21.8731
83	0.0100683	0.0530789	0.333237	0.0029985	0.0106605	0.274803	11.9647
84	0.0100683	0.0526137	0.331073	0.005997	0.0106605	0.216929	5.71354
85	0.0100708	0.0523703	0.331073	0.005997	0.012004	0.191276	6.01784
86	0.0100708	0.0523217	0.331073	0.00749625	0.0106605	0.153916	1.52192
87	0.0100683	0.0520226	0.323409	0.0089955	0.014694	0.137447	1.38572
88	0.0100683	0.0519706	0.323409	0.0104948	0.010342	0.133761	0.938471
89	0.0100683	0.0503431	0.314554	0.005997	0.010342	0.131162	0.794413
90	0.0100683	0.0510295	0.331073	0.00749625	0.0106605	0.12248	0.683735
91	0.0100708	0.0492364	0.31763	0.00149925	0.0106605	0.112881	0.634899
92	0.0100683	0.0491842	0.323409	0	0.0107049	0.096371	0.564984
93	0.0100683	0.0484045	0.323409	0	0.0102006	0.0921345	0.512943
94	0.0100683	0.0476996	0.323409	0.0029985	0.0106605	0.0872279	0.504491
95	0.0100683	0.0470896	0.323409	0	0.0106605	0.0819052	0.501008
96	0.0100683	0.0488928	0.336677	0	0.0102006	0.0773695	0.421431
97	0.0100683	0.0488522	0.341288	0	0.0102006	0.0738199	0.419883
98	0.0100683	0.0494344	0.345468	0.0089955	0.0106605	0.0690816	0.419883
99	0.0100683	0.047909	0.33396	0.00149925	0.0102006	0.0630519	0.389839
100	0.0100683	0.0470687	0.33396	0	0.0106605	0.058401	0.366062
101	0.0100683	0.0469177	0.333366	0	0.0102006	0.0546793	0.331905
102	0.0100683	0.0466682	0.323409	0	0.0102006	0.0508658	0.2821
103	0.0100683	0.0453276	0.313588	0	0.0102006	0.0478411	0.245233
104	0.0100683	0.0459299	0.313588	0	0.0102006	0.0463397	0.211952
105	0.0100683	0.0451183	0.312209	0	0.0100103	0.0449192	0.20991
106	0.0100683	0.0451977	0.312209	0.0029985	0.0100103	0.0438544	0.197681
107	0.0100683	0.0450872	0.311724	0.00149925	0.0100103	0.0430461	0.197681
108	0.0100683	0.0455132	0.312209	0.00149925	0.0100103	0.0415431	0.186023
109	0.0100683	0.0458645	0.313588	0.00149925	0.0100103	0.0401275	0.181516
110	0.0100708	0.0464895	0.31763	0.0029985	0.0100103	0.0397449	0.18033
111	0.0100708	0.0479069	0.323409	0.0029985	0.0100103	0.0391884	0.169755
112	0.0100937	0.0480969	0.33396	0.0029985	0.0100103	0.0380576	0.158877
113	0.0100708	0.0483923	0.337033	0.00749625	0.0100103	0.0380888	0.158877
114	0.0100937	0.04919	0.342452	0.0104948	0.0100103	0.0367387	0.149167
115	0.0100937	0.0496157	0.34358	0.011994	0.0100103	0.0350887	0.14135
116	0.0100708	0.0517554	0.388119	0.0134933	0.0100103	0.0335881	0.136268
117	0.0100708	0.0523432	0.390943	0.0134933	0.0100103	0.0332617	0.134559
118	0.0100708	0.0552565	0.448063	0.017991	0.0100103	0.0329586	0.137915
119	0.0100708	0.055351	0.448063	0.017991	0.0100103	0.0329273	0.137915
120	0.0100708	0.0572989	0.535787	0.017991	0.0100103	0.032564	0.134559
121	0.0100708	0.0594753	0.60879	0.0209895	0.0100103	0.0320226	0.131767
122	0.010386	0.0614408	0.662243	0.0209895	0.0100103	0.0321843	0.131767
123	0.010386	0.0626888	0.647797	0.011994	0.0100103	0.0322118	0.134559
124	0.0100708	0.0684718	0.688696	0.017991	0.0100103	0.0322445	0.136778
125	0.0100708	0.0749099	0.811502	0.0269865	0.0100103	0.0319684	0.136778
126	0.0108569	0.0834388	1.0109	0.0404798	0.0101975	0.032304	0.14337
127	0.0100708	0.0838425	0.886453	0.0344828	0.0100103	0.0318832	0.136778
128	0.0106326	0.0869379	0.940797	0.0344828	0.0100103	0.0317288	0.13759
129	0.0102473	0.0924122	0.940797	0.0389805	0.0100103	0.0316397	0.137915
130	0.010386	0.0991522	0.966077	0.0404798	0.0100103	0.0322664	0.137915
131	0.0102473	0.108178	1.00326	0.0509745	0.0100103	0.0319706	0.136643
132	0.0100708	0.119278	1.24693	0.0644678	0.0100103	0.0322969	0.134559
133	0.0100708	0.127349	1.27733	0.0689655	0.0100103	0.0323873	0.134559
134	0.010386	0.139798	1.36353	0.0809595	0.0100103	0.0321576	0.134559
135	0.010386	0.154583	1.54415	0.0989505	0.0100103	0.0317153	0.123508
136	0.0113257	0.195791	2.04216	0.14093	0.0100103	0.0313848	0.12186
137	0.0110347	0.288209	2.31549	0.209895	0.0100103	0.0319486	0.131627
138	0.015189	0.472845	3.80478	0.292354	0.0100103	0.0319297	0.131627
139	0.10347	0.941477	13.9075	0.41979	0.0100103	0.0316667	0.127204
140	0.0400497	0.630531	4.54663	0.341829	0.0100191	0.0318314	0.134559
141	0.0327843	0.547733	3.60737	0.304348	0.0100103	0.0319411	0.134559
142	0.0253316	0.52441	2.85102	0.295352	0.0100582	0.0323003	0.134559
143	0.0253316	0.51495	2.76948	0.289355	0.010174	0.0323489	0.135736
144	0.0327843	0.503463	2.77364	0.283358	0.0100582	0.0326028	0.134559
145	0.0327843	0.50301	2.77364	0.278861	0.0100191	0.0326042	0.131627
146	0.0546054	0.519008	3.96785	0.283358	0.0100582	0.0335102	0.134559
147	0.0685599	0.548307	2.77364	0.287856	0.0100582	0.0339172	0.137915
148	0.0809055	0.56923	2.85102	0.298351	0.0100582	0.0350392	0.14633
149	0.0809055	0.596251	2.77364	0.308846	0.0100582	0.0355098	0.165217
150	0.140373	0.678433	3.63737	0.343328	0.0100582	0.0362192	0.167939
151	0.106951	0.606974	3.49318	0.31934	0.0100582	0.0365658	0.168622
152	0.0742101	0.574684	3.12469	0.310345	0.0100582	0.0373256	0.177744
153	0.0742101	0.575744	3.12469	0.310345	0.0101975	0.0385587	0.189847
154	0.079702	0.574189	2.89949	0.305847	0.0100582	0.0471542	0.409444
155	0.079702	0.586113	2.85102	0.313343	0.0100582	0.0505634	0.624848
156	0.079702	0.609274	2.89949	0.322339	0.0101975	0.0611137	3.25509
157	0.106951	0.613537	3.80504	0.322339	0.0101975	0.0760366	18.5666
158	0.106951	0.646051	3.44463	0.34033	0.0101975	0.103397	36.1487
159	0.106951	0.683625	3.44463	0.346327	0.0104474	0.163352	54.4563
160	0.157023	0.735464	3.83607	0.358321	0.0100841	0.299231	62.0277
161	0.160382	0.726628	3.83607	0.355322	0.0104474	0.442472	65.2488
162	0.0496738	0.515659	3.83607	0.283358	0.012365	0.653738	83.8773
163	0.0228163	0.425824	2.55779	0.245877	0.0130006	0.760907	89.6974
164	0.0171025	0.344061	2.27921	0.1994	0.0104043	0.777876	70.6314
165	0.0147159	0.282662	2.07974	0.164918	0.0104043	0.747195	66.869
166	0.0110568	0.223651	1.48865	0.130435	0.0104043	0.723531	60.6282
167	0.0103732	0.203733	1.2314	0.109445	0.0105263	0.808034	63.7857
168	0.0121018	0.192463	1.43355	0.103448	0.0122613	0.70543	74.805
169	0.0110568	0.180726	1.27837	0.0914543	0.0102247	0.60655	56.2331
170	0.0111906	0.172848	1.26243	0.0854573	0.0104043	0.521809	53.261
171	0.011366	0.168738	1.2314	0.0794603	0.0104043	0.524042	56.2331
172	0.0115552	0.160226	1.2314	0.0689655	0.0102247	0.515772	53.261
173	0.0101396	0.153624	1.00657	0.0509745	0.0104043	0.518474	53.261
174	0.0101396	0.145675	0.910193	0.0434783	0.0102247	0.498036	53.261
175	0.010818	0.139766	0.904838	0.0329835	0.0105263	0.473923	55.5535
176	0.0121566	0.130263	0.927706	0.0209895	0.0105263	0.498833	53.261
177	0.0121566	0.129396	0.927706	0.0224888	0.0105263	0.573814	57.9041
178	0.0121566	0.126105	0.927706	0.0209895	0.0122613	0.654968	69.0857
179	0.0117905	0.126226	0.916577	0.0209895	0.0105263	0.77215	57.9041
180	0.0116848	0.127494	0.927706	0.0224888	0.0105263	0.846767	55.5535
181	0.010483	0.125677	0.858055	0.0224888	0.0176106	1.13408	98.7744
182	0.0105301	0.126581	0.867682	0.0224888	0.0233532	1.56823	99.3378
183	0.0105301	0.128375	0.858055	0.0224888	0.0366477	2.00309	99.3378
184	0.0105301	0.133881	0.867682	0.023988	0.0408376	2.28016	99.3378
185	0.0107412	0.140649	0.916577	0.0284858	0.0423832	2.35246	99.3378
186	0.0107412	0.147999	0.927706	0.035982	0.0455474	2.63475	99.3378
187	0.0107412	0.15456	0.916577	0.035982	0.0550092	2.85389	99.3378
188	0.0107412	0.161444	0.989996	0.0434783	0.0550092	2.82605	99.3378
189	0.0107412	0.173545	1.00326	0.0509745	0.0545661	2.76394	99.3378
190	0.0107567	0.188977	1.07993	0.0644678	0.0545661	2.77878	99.3378
191	0.0107567	0.199915	1.09925	0.0689655	0.03647	2.44344	95.3617
192	0.0107567	0.220343	1.23943	0.0824588	0.03647	2.29859	95.3617
193	0.0142786	0.273525	1.94248	0.115442	0.0251483	1.94011	99.1177
194	0.0314198	0.349712	4.5667	0.158921	0.0233535	1.85576	99.1177
195	0.0493393	0.454876	4.92755	0.206897	0.0203465	1.73908	95.3617
196	0.0314198	0.420061	2.67594	0.185907	0.0203465	1.75227	95.3617
197	0.0314198	0.395167	2.67594	0.178411	0.0203465	1.62585	95.3617
198	0.0314198	0.371163	2.82662	0.170915	0.0203465	1.59885	92.5747
199	0.0271495	0.366966	2.75699	0.173913	0.027984	1.5408	95.3617
200	0.0271495	0.39901	3.15185	0.188906	0.0315384	1.42483	95.3617
201	0.0845388	0.663293	14.5993	0.278861	0.0315384	1.26672	95.3617
202	0.0103909	0.310018	1.92447	0.133433	0.0315384	1.26788	95.3617
203	0.0101284	0.243348	1.35936	0.089955	0.0358379	1.26868	95.3617
204	0.0101284	0.215345	1.16785	0.0689655	0.0528223	1.61198	95.3617
205	0.0105417	0.195678	1.10062	0.0554723	0.0654225	1.72826	99.5124
206	0.0101284	0.178348	0.933919	0.035982	0.0673332	1.8424	99.5124
207	0.0101284	0.169773	0.858055	0.0314843	0.0524525	1.67973	99.5124
208	0.0104028	0.171373	0.858055	0.0284858	0.0352374	1.53394	99.5124
209	0.0104372	0.169777	0.858055	0.0284858	0.0229874	1.55467	57.3157
210	0.0103909	0.168712	0.835251	0.0254873	0.0229874	1.51379	57.3157
211	0.0103909	0.165495	0.827665	0.0224888	0.0212599	1.38379	63.7315
212	0.0111011	0.159163	0.867682	0.0209895	0.0229874	1.27948	87.1336
213	0.0101284	0.1557	0.79086	0.0194903	0.0125055	1.226	55.2708
214	0.0104372	0.155686	0.830649	0.0269865	0.0115509	1.02953	51.3247
215	0.0101284	0.1489	0.788731	0.0269865	0.0109955	0.893654	50.4377
216	0.0102846	0.14646	0.787384	0.0254873	0.0111038	0.888884	51.3247
217	0.0101284	0.147933	0.762091	0.023988	0.0108019	0.886411	51.3247
218	0.0102846	0.149882	0.785657	0.0254873	0.0111038	0.888551	57.3157
219	0.0102846	0.154823	0.787384	0.0269865	0.0111038	0.936099	57.3157
220	0.0102846	0.157399	0.830649	0.0314843	0.0108019	0.959684	55.2708
221	0.0101284	0.157811	0.830649	0.0344828	0.0108019	0.932987	55.2708
222	0.0101284	0.17137	1.01656	0.0509745	0.0109955	0.911376	57.3157
223	0.0101284	0.183414	1.13437	0.05997	0.0109955	0.884931	57.132
224	0.0102846	0.194176	1.1877	0.065967	0.0109314	0.781249	51.3247
225	0.0112747	0.205503	1.35263	0.0734633	0.0109314	0.767817	51.3247
226	0.012087	0.226552	1.49094	0.0869565	0.0109314	0.781121	51.3247
227	0.0230937	0.253397	2.83717	0.104948	0.0109314	0.835542	51.3247
228	0.0242133	0.276201	2.66122	0.112444	0.0109314	0.836646	51.3247
229	0.0251486	0.299055	2.33229	0.124438	0.0109314	0.867657	51.3247
230	0.0426015	0.334363	2.68281	0.134933	0.0109198	0.90961	51.3247
231	0.0434811	0.333931	2.66122	0.136432	0.011197	0.995835	51.3247
232	0.0509286	0.339558	2.68281	0.137931	0.011197	1.0509	51.3247
233	0.0515699	0.338722	2.68281	0.131934	0.011197	1.12582	50.9796
234	0.0509286	0.349695	2.68281	0.13943	0.0156788	1.23439	63.8774
235	0.0340368	0.302009	2.68281	0.11994	0.0278619	1.31117	99.5124
236	0.0203391	0.252904	2.18759	0.0944528	0.0278619	1.46162	89.9386
237	0.0126611	0.216307	1.49094	0.0824588	0.0278619	1.54355	87.1336
238	0.0126713	0.194256	1.49094	0.0764618	0.0307025	1.45841	89.0675
239	0.0126611	0.167516	1.33458	0.05997	0.0307025	1.55211	85.127
240	0.0126611	0.141709	1.32125	0.0509745	0.0313363	1.80864	78.9484
241	0.0118108	0.124109	0.927322	0.029985	0.0313363	1.94262	77.8619
242	0.0111987	0.115592	0.852023	0.0224888	0.0313363	1.79697	84.3161
243	0.0111987	0.1103	0.852023	0.0224888	0.0313363	1.7642	84.3161
244	0.0103189	0.10409	0.765467	0.0209895	0.0312007	1.73284	84.3161
245	0.0103189	0.101033	0.765467	0.0209895	0.0312007	1.80958	83.1105
246	0.0101034	0.0943925	0.626684	0.0149925	0.0312007	1.89349	84.3161
247	0.0101034	0.0921103	0.540627	0.0104948	0.0312007	2.06783	83.4168
248	0.0101764	0.086278	0.540627	0.00749625	0.0420142	2.4165	89.0675
249	0.0101034	0.0840383	0.540627	0.0089955	0.0456934	2.52193	90.634
250	0.0101764	0.082558	0.567572	0.0134933	0.054108	2.73786	90.634
251	0.0101764	0.0785455	0.532761	0.0104948	0.0497268	2.97931	85.127
252	0.0101764	0.0767858	0.540627	0.0134933	0.0461838	2.91418	90.634
253	0.0102766	0.0773177	0.56146	0.0149925	0.0469788	2.89403	91.8959
254	0.0103659	0.0744874	0.532761	0.011994	0.0800926	3.07413	91.8959
255	0.0102766	0.0738076	0.532761	0.0149925	0.0800926	2.88148	91.8959
256	0.0104911	0.0716956	0.530996	0.011994	0.0497268	2.7221	62.8975
257	0.0101764	0.0662207	0.474994	0.00749625	0.0497268	2.56574	62.8975
258	0.0101764	0.0639859	0.46102	0.00749625	0.0497268	2.43414	66.0375
259	0.0104911	0.061703	0.452953	0.00749625	0.0800926	2.56679	91.8959
260	0.0104911	0.0590242	0.443868	0.0029985	0.0800926	2.65127	91.8959
261	0.0100329	0.0572436	0.397507	0.0029985	0.0474261	2.40946	66.8496
262	0.0100329	0.0561246	0.366089	0.00149925	0.0515508	2.78251	66.0375
263	0.0104911	0.054423	0.366089	0.00149925	0.066932	3.01318	91.8959
264	0.0104911	0.0528004	0.355658	0.00149925	0.0659878	3.06538	91.8959
265	0.0106834	0.0520057	0.366089	0.00149925	0.0659878	3.39133	98.6281
266	0.0106834	0.0506467	0.347624	0	0.0570433	3.35741	90.634
267	0.0106834	0.0502009	0.350519	0.00149925	0.0659878	3.35307	98.6281
268	0.0106834	0.0492385	0.350519	0.00149925	0.0489615	3.11682	90.634
269	0.0104911	0.049971	0.366089	0.0089955	0.0474311	2.8172	98.6281
270	0.0106834	0.0480294	0.355658	0.0089955	0.0453156	2.35203	98.6281
271	0.0106936	0.0480931	0.347624	0.00449775	0.0453156	2.33084	90.634
272	0.0106834	0.0485028	0.344054	0.00449775	0.0393324	1.99284	81.4332
273	0.0106834	0.0475712	0.32795	0.00449775	0.0315241	1.68484	61.2233
274	0.0106834	0.0469875	0.32795	0.0029985	0.0223234	1.39781	43.6992
275	0.0106834	0.0454668	0.322368	0.00149925	0.0186806	1.29264	40.9963
276	0.0106834	0.0450464	0.318258	0.00149925	0.0212525	1.17997	53.148
277	0.0106936	0.0449501	0.318258	0.00149925	0.01869	1.03693	39.9379
278	0.0106834	0.0443218	0.30666	0.00149925	0.01869	1.00816	42.2686
279	0.0106936	0.0437562	0.293939	0.00149925	0.01869	0.946597	57.8716
280	0.0106834	0.0439947	0.299282	0.00149925	0.01869	1.06388	48.6288
281	0.0104254	0.0448612	0.299282	0.00449775	0.01869	1.09497	42.2686
282	0.0104254	0.0453249	0.318258	0.00449775	0.0323111	1.08351	73.7673
283	0.0106936	0.0462252	0.32795	0.00449775	0.032875	1.08759	79.4105
284	0.0106834	0.046467	0.32795	0.00449775	0.0346592	1.12522	95.0496
285	0.0104254	0.045802	0.327895	0.005997	0.0385308	1.30718	95.0496
286	0.0100329	0.045125	0.30666	0.00449775	0.0462225	1.37123	95.0496
287	0.0104254	0.0459182	0.327895	0.0029985	0.0462225	1.47907	95.0496
288	0.0106834	0.0459449	0.32795	0.00149925	0.0478869	1.66118	95.0496
289	0.010481	0.045751	0.32795	0.0029985	0.0474547	1.61026	97.1306
290	0.0104254	0.0460181	0.32795	0.00449775	0.043264	1.49153	95.0496
291	0.0103912	0.0453955	0.326471	0.005997	0.043264	1.49666	95.0496
292	0.010481	0.0446884	0.32795	0.005997	0.0454135	1.44301	95.0496
293	0.0100329	0.0436787	0.293939	0.005997	0.0425338	1.26848	95.0496
294	0.0103912	0.0433337	0.293939	0	0.0395733	1.22189	94.6848
295	0.0102848	0.0423692	0.281588	0	0.019558	1.197	35.0233
296	0.0100329	0.043495	0.30666	0.0029985	0.0204578	1.09872	37.8577
297	0.0103912	0.0433028	0.322368	0.0029985	0.0206327	0.987001	35.0233
298	0.0103912	0.0441549	0.323909	0.00449775	0.0195231	0.879985	41.2406
299	0.0104254	0.044603	0.365347	0.0029985	0.0195231	0.82561	42.5413
300	0.0103912	0.0440148	0.360605	0	0.0176356	0.734849	42.5413
301	0.0103912	0.0432883	0.323909	0	0.0175194	0.7087	49.8817
302	0.0102848	0.0430383	0.30666	0	0.0133485	0.68167	42.5413
303	0.0103494	0.0435137	0.318258	0.0029985	0.0122198	0.611901	39.4685
304	0.0102848	0.0439724	0.309421	0.00449775	0.0122198	0.660526	41.2406
305	0.0102848	0.0434883	0.292104	0.0029985	0.0125047	0.676721	41.2406
306	0.010094	0.0437063	0.292104	0.00449775	0.010021	0.616358	34.5309
307	0.010094	0.0431652	0.281588	0.00149925	0.0102665	0.516236	30.1621
308	0.010094	0.0430792	0.286907	0.00149925	0.0102143	0.512591	29.6076
309	0.010094	0.0432274	0.281588	0.00149925	0.0116523	0.504581	30.1099
310	0.010094	0.0442629	0.291758	0.00149925	0.0116523	0.514062	30.1621
311	0.010094	0.0452066	0.301649	0.005997	0.0112181	0.45353	22.5327
312	0.010094	0.0455283	0.309421	0.00449775	0.0112181	0.426564	21.2477
313	0.010094	0.0452378	0.308117	0.00149925	0.0112181	0.421979	20.4112
314	0.010094	0.0453669	0.308117	0	0.0115774	0.435397	19.7771
315	0.010094	0.0454895	0.308117	0	0.0112181	0.500263	23.43
316	0.010094	0.0458528	0.30666	0	0.0112181	0.568963	29.3741
317	0.010094	0.0481344	0.30666	0.005997	0.0112181	0.635534	39.4685
318	0.010094	0.0471291	0.292348	0.00149925	0.0120477	0.702171	46.7959
319	0.0100023	0.0489576	0.312959	0.0029985	0.0115774	0.744972	47.4536
320	0.0101326	0.0512359	0.35278	0.00449775	0.0119828	0.848485	53.918
321	0.0100396	0.0505425	0.3332	0.00449775	0.0115774	0.943253	56.4795
322	0.0100023	0.0510979	0.3332	0.0029985	0.0227258	1.03162	97.2077
323	0.0100023	0.0549918	0.418007	0.0089955	0.0268028	1.01675	93.3684
324	0.0100023	0.0563064	0.367678	0.00749625	0.0289828	1.02995	93.3684
325	0.0100023	0.0585747	0.442408	0.0134933	0.0158551	1.02095	56.4795
326	0.0100023	0.061231	0.520307	0.017991	0.0158551	1.05586	55.273
327	0.0100023	0.0646997	0.590952	0.0194903	0.0164558	1.01493	54.0385
328	0.0100023	0.0698249	0.702721	0.023988	0.0298992	1.34509	83.7574
329	0.0100023	0.0735305	0.712024	0.0254873	0.0311272	1.56258	83.7494
330	0.0100023	0.0744433	0.702721	0.023988	0.038653	1.75428	99.1124
331	0.010481	0.0764376	0.63991	0.017991	0.0390021	1.84546	99.1124
332	0.0106924	0.0789193	0.590952	0.0149925	0.0431489	2.18293	99.1124
333	0.0111051	0.0828134	0.636804	0.0164918	0.0311272	2.18062	99.1124
334	0.0111391	0.0870741	0.590952	0.0134933	0.0295149	2.27393	88.7939
335	0.0108177	0.0992978	0.792373	0.0284858	0.0299077	2.29043	88.7939
336	0.01398	0.115753	1.16569	0.0389805	0.0311272	2.86142	90.7085
337	0.0111391	0.143952	1.14919	0.0629685	0.0328011	3.00924	96.7631
338	0.0129068	0.210404	5.44803	0.122939	0.0427513	3.29842	96.7631
339	0.0116357	0.160683	1.59473	0.083958	0.0466876	3.68134	96.7631
340	0.0116357	0.138474	1.19143	0.05997	0.0563744	4.08443	99.0376
341	0.0116078	0.127461	1.13212	0.0509745	0.0823439	4.25404	99.0376
342	0.0108177	0.121785	0.998038	0.0464768	0.095993	4.41077	99.0376
343	0.0112531	0.117395	0.998038	0.0449775	0.09583	4.56554	96.5648
344	0.0108177	0.114417	0.998038	0.0464768	0.0884185	4.64706	96.7631
345	0.0116078	0.112051	1.05341	0.0464768	0.0720115	4.69888	97.9411
346	0.0116078	0.109763	0.998038	0.0449775	0.0428921	4.39191	97.9411
347	0.0116078	0.118482	1.25691	0.0614693	0.0428921	4.3007	97.9411
348	0.0116078	0.121315	1.46498	0.0674663	0.0597445	4.46273	97.9411
349	0.0104852	0.123871	1.23434	0.065967	0.0501165	4.4026	97.9411
350	0.0116078	0.135972	1.705	0.0854573	0.0515036	4.53335	97.9411
351	0.0124354	0.151048	2.68458	0.109445
