		omega		Posterior		rho				Synonymous theta			kappa			phi	
Site	Lower	Point	Higher	prob of +ve	Lower	Point	Higher		Lower	Point	Higher	Lower	Point	Higher	Lower	Point	Higher
	95% HPD	estimate	95% HPD	selection	95% HPD	estimate	95% HPD		95% HPD	estimate	95% HPD	95% HPD	estimate	95% HPD	95% HPD	estimate	95% HPD
0	0.0119628	0.0736544	0.357726	0.00449775	0.0118977	0.616878	77.181		0.0704026	0.105027	0.146879	0.926262	1.78094	3.42719	0	0	0
1	0.0120833	0.0734835	0.346828	0.00149925	0.0118977	0.558518	77.9194
2	0.0120833	0.0719303	0.344978	0.00149925	0.0114996	0.493249	72.8094
3	0.0120833	0.0729159	0.344978	0.00149925	0.0102465	0.442707	61.4557
4	0.0126297	0.0761402	0.35124	0.00149925	0.0108372	0.401235	62.4014
5	0.0131733	0.0785707	0.35124	0.00149925	0.0102465	0.327068	60.9378
6	0.0138721	0.0807363	0.35124	0.00149925	0.0100311	0.251293	42.1997
7	0.0138683	0.0820911	0.349431	0.00149925	0.0100311	0.195297	30.9629
8	0.014142	0.0853252	0.352935	0	0.0100638	0.145773	16.0946
9	0.0165549	0.0927041	0.384785	0	0.0100311	0.100083	3.79891
10	0.0174699	0.0980341	0.424954	0	0.0100311	0.0677903	1.06807
11	0.0174699	0.103341	0.424954	0	0.0100311	0.0477284	0.420026
12	0.0200709	0.112358	0.490388	0.00149925	0.0100311	0.0440463	0.271986
13	0.0210676	0.11413	0.490388	0.00149925	0.0100311	0.0421338	0.228876
14	0.0236751	0.116718	0.490388	0.00149925	0.0100311	0.040575	0.20557
15	0.0210676	0.120634	0.489899	0.0029985	0.0100311	0.0399688	0.198338
16	0.022117	0.124845	0.515416	0.005997	0.0100311	0.0386227	0.189641
17	0.0227885	0.122326	0.500058	0.0029985	0.0100311	0.0381282	0.184985
18	0.0233092	0.119325	0.500058	0.00149925	0.0100311	0.038096	0.184985
19	0.022117	0.118708	0.526006	0.00149925	0.0100373	0.0379712	0.176596
20	0.022117	0.118912	0.538747	0.0029985	0.0100064	0.0374388	0.174176
21	0.019888	0.120228	0.489899	0.0029985	0.0100064	0.0366462	0.174943
22	0.0189834	0.128471	0.601459	0.0164918	0.0100064	0.0360305	0.172065
23	0.0189834	0.137272	0.694396	0.0254873	0.0100064	0.0358142	0.174176
24	0.0260945	0.184569	4.12896	0.095952	0.0100064	0.0357029	0.174176
25	0.0110089	0.105604	0.500058	0.0194903	0.0100064	0.0356312	0.174176
26	0.010587	0.0839922	0.361344	0.0029985	0.0100064	0.0355573	0.170405
27	0.0104091	0.0741395	0.314723	0.0029985	0.0100064	0.0354944	0.167623
28	0.0107534	0.0662902	0.28087	0.0029985	0.0100064	0.035428	0.164515
29	0.0100301	0.0609981	0.231425	0	0.0100064	0.0354353	0.161452
30	0.0107346	0.0577596	0.227544	0	0.0100064	0.0354504	0.164515
31	0.010587	0.0554926	0.220483	0	0.0100064	0.0353401	0.165244
32	0.0107346	0.0536529	0.219508	0	0.0100064	0.0355245	0.165244
33	0.0105155	0.0523018	0.197185	0	0.0100064	0.0357323	0.161452
34	0.0105155	0.052287	0.194685	0.00149925	0.0100064	0.0361092	0.170405
35	0.0105155	0.051786	0.18628	0	0.0100064	0.0366987	0.172065
36	0.010587	0.0505172	0.179956	0	0.0100739	0.0371162	0.185496
37	0.0114717	0.0505415	0.194685	0	0.0100216	0.037457	0.185496
38	0.0110089	0.0498107	0.180232	0	0.0100638	0.0376224	0.185496
39	0.0113527	0.048862	0.180232	0	0.0100064	0.0379718	0.185496
40	0.0110089	0.0487608	0.173656	0	0.0100064	0.0383039	0.189641
41	0.0113527	0.0481042	0.177126	0	0.0100064	0.0381662	0.193312
42	0.0113527	0.0476061	0.173656	0	0.0100064	0.0386496	0.193312
43	0.011454	0.0473734	0.171377	0	0.0100064	0.0383433	0.194664
44	0.0113527	0.0473922	0.165945	0	0.0100064	0.038761	0.199664
45	0.011454	0.0483524	0.170977	0.00149925	0.0100064	0.0393382	0.202284
46	0.0113527	0.04812	0.162107	0	0.0100739	0.0405486	0.203192
47	0.0113527	0.0484371	0.160134	0	0.0100474	0.0411283	0.214828
48	0.0126802	0.0484031	0.177126	0	0.0100474	0.0426271	0.226015
49	0.0113527	0.0496858	0.162107	0	0.0100738	0.0439438	0.227731
50	0.011454	0.0500019	0.165945	0	0.0100738	0.0437665	0.227731
51	0.011454	0.0507786	0.170977	0	0.0100738	0.0446769	0.230693
52	0.011454	0.0509756	0.170478	0	0.0100474	0.0451078	0.241191
53	0.0113527	0.0519073	0.171377	0	0.0100474	0.0455087	0.230693
54	0.0113527	0.0529685	0.171377	0	0.0100474	0.0465208	0.2434
55	0.0113527	0.054308	0.17523	0	0.0100474	0.0462859	0.241191
56	0.0126802	0.0549894	0.19832	0	0.0107661	0.0483549	0.265756
57	0.0116082	0.0559703	0.185963	0	0.0107184	0.0489632	0.266337
58	0.0117407	0.0575543	0.19832	0	0.0107184	0.0496734	0.270159
59	0.0116082	0.0602777	0.203942	0	0.010294	0.0511395	0.265756
60	0.0113527	0.0618459	0.20746	0	0.0100738	0.0532798	0.266214
61	0.0122405	0.0656629	0.240006	0	0.0100738	0.0546322	0.266214
62	0.0116082	0.065047	0.226969	0	0.0100738	0.0564329	0.287467
63	0.0126802	0.0652863	0.240006	0.00149925	0.0100738	0.0563217	0.299992
64	0.0129681	0.0645841	0.240006	0	0.0100738	0.0568053	0.310789
65	0.012055	0.0647274	0.20746	0	0.0100738	0.0579953	0.321569
66	0.0135212	0.065311	0.226969	0	0.010294	0.0594815	0.344511
67	0.0133377	0.0658527	0.226969	0	0.0100738	0.0600346	0.344511
68	0.0126802	0.0666724	0.220758	0	0.0100738	0.0604197	0.352561
69	0.0133377	0.0683753	0.226969	0	0.0100738	0.0615633	0.352561
70	0.0143259	0.0698309	0.241196	0	0.0100738	0.0627204	0.353885
71	0.0143259	0.0695786	0.240006	0.00149925	0.0100738	0.0642693	0.355615
72	0.0148249	0.0716246	0.25664	0.00449775	0.0100738	0.0654513	0.355615
73	0.0158044	0.0763701	0.297006	0.00749625	0.0100738	0.0670046	0.368241
74	0.0151596	0.0737346	0.272445	0.00149925	0.0100738	0.0682655	0.368241
75	0.0155716	0.0723909	0.287676	0.00149925	0.0100738	0.0705908	0.380508
76	0.0148695	0.0711517	0.25664	0	0.0100739	0.0729413	0.406114
77	0.0155716	0.070179	0.245263	0	0.0102213	0.0744579	0.422039
78	0.0151596	0.0698295	0.245263	0	0.0100739	0.0765354	0.435531
79	0.0148695	0.069794	0.25664	0	0.0100739	0.0776558	0.448796
80	0.0155716	0.0718597	0.262267	0	0.0109725	0.0803718	0.53393
81	0.0151596	0.074236	0.28652	0	0.0100404	0.0820286	0.494603
82	0.0151596	0.0766653	0.341843	0.0029985	0.0100739	0.0856728	0.53393
83	0.011582	0.0769016	0.297006	0.00449775	0.0100404	0.0865052	0.53393
84	0.0108792	0.0714522	0.25664	0.00449775	0.0100404	0.0882496	0.575007
85	0.0116511	0.0657553	0.245846	0.00149925	0.0100404	0.0927688	0.629892
86	0.0107136	0.0635615	0.226682	0.00149925	0.0100739	0.107016	0.996087
87	0.0107136	0.0611728	0.216241	0	0.0100404	0.115093	1.29174
88	0.0111251	0.0609626	0.22754	0	0.0100404	0.127768	3.74721
89	0.0100508	0.0603081	0.204426	0	0.0100739	0.143779	19.1256
90	0.0108886	0.0596649	0.204426	0.00149925	0.0100739	0.157725	21.2325
91	0.0111251	0.0597712	0.207882	0.00149925	0.0100739	0.178506	25.6254
92	0.0107193	0.0586982	0.196399	0	0.0100739	0.175361	25.6254
93	0.0122327	0.0580388	0.220758	0	0.0100739	0.194945	27.6907
94	0.0122327	0.0578394	0.220758	0	0.0102319	0.227283	34.4891
95	0.0138169	0.0568388	0.241196	0	0.0102319	0.249981	38.3292
96	0.0143586	0.0557394	0.243564	0	0.0102319	0.297813	41.5327
97	0.0138169	0.0559733	0.241196	0.00149925	0.0102319	0.348579	47.4816
98	0.0136338	0.055456	0.243564	0	0.0102319	0.355008	47.4816
99	0.011333	0.0541708	0.206485	0	0.0102741	0.358468	47.4816
100	0.011582	0.0538192	0.204426	0	0.0102319	0.39309	48.4863
101	0.011752	0.0535659	0.204426	0	0.0102319	0.391545	50.4926
102	0.0119266	0.0537845	0.206485	0.00149925	0.0105177	0.40694	51.7547
103	0.011752	0.0535793	0.204426	0.00149925	0.0105177	0.423591	55.8259
104	0.011752	0.0538251	0.209369	0	0.016707	0.456545	91.7936
105	0.0121309	0.0548625	0.220758	0	0.0119866	0.48689	65.1551
106	0.0122327	0.055399	0.225266	0	0.016707	0.54036	90.5155
107	0.0122327	0.0565811	0.223747	0	0.0162091	0.589748	85.4663
108	0.0127799	0.0577617	0.239554	0	0.016707	0.626084	85.4663
109	0.0127799	0.0596	0.256569	0	0.016707	0.661558	83.2767
110	0.0119266	0.0617705	0.256669	0	0.0162091	0.692775	84.2822
111	0.0107193	0.0654747	0.244192	0.0029985	0.016707	0.744355	90.0065
112	0.0107889	0.0680232	0.256669	0	0.0162091	0.829274	84.2822
113	0.0132396	0.0746076	0.37361	0	0.0162091	0.944103	85.4663
114	0.0132396	0.0840674	0.457612	0.00149925	0.016707	1.03189	85.4663
115	0.0168629	0.0955391	0.6352	0.00449775	0.0178991	1.0963	95.2099
116	0.0202621	0.117866	0.738897	0.0089955	0.0181739	1.17325	95.2099
117	0.0168629	0.118788	0.616829	0.00449775	0.016707	1.15762	91.9017
118	0.0202621	0.124834	0.799443	0.0089955	0.016707	1.11465	95.2099
119	0.0275039	0.133371	1.08437	0.017991	0.016707	1.1259	92.9844
120	0.0168752	0.127116	0.786972	0.0149925	0.0167597	1.1395	92.9844
121	0.0168752	0.123771	0.900733	0.017991
