		omega		Posterior		rho				Synonymous theta			kappa			phi	
Site	Lower	Point	Higher	prob of +ve	Lower	Point	Higher		Lower	Point	Higher	Lower	Point	Higher	Lower	Point	Higher
	95% HPD	estimate	95% HPD	selection	95% HPD	estimate	95% HPD		95% HPD	estimate	95% HPD	95% HPD	estimate	95% HPD	95% HPD	estimate	95% HPD
0	0.0104018	0.0490053	0.350583	0.011994	0.0102762	0.292461	30.584		0.0198019	0.0317041	0.0491022	0.886748	2.19047	4.5039	0	0	0
1	0.0104018	0.0481965	0.350583	0.00749625	0.0102762	0.21323	18.1728
2	0.0104018	0.0475693	0.359958	0.00749625	0.0102762	0.155652	9.17057
3	0.010311	0.0479433	0.350735	0.005997	0.0102762	0.12972	6.05477
4	0.010311	0.0469336	0.336873	0.00149925	0.010056	0.117317	4.18447
5	0.0103562	0.0469248	0.341123	0.00149925	0.0102762	0.10044	2.6371
6	0.0103562	0.0471001	0.342737	0.0029985	0.010056	0.0903706	1.6056
7	0.0103562	0.0465954	0.342737	0.00449775	0.010056	0.0882109	1.45254
8	0.0103562	0.0460125	0.342737	0.0029985	0.0103878	0.0817925	1.28697
9	0.0103562	0.045442	0.342737	0.0029985	0.010056	0.0780655	1.08022
10	0.0103562	0.0447602	0.335267	0.0029985	0.010056	0.0695623	0.752773
11	0.0104018	0.0444328	0.342737	0.0029985	0.0102762	0.0701727	0.903743
12	0.0102781	0.0446149	0.350583	0.0029985	0.010056	0.0692185	0.903743
13	0.0102781	0.0446814	0.350583	0.00149925	0.010056	0.0686374	0.903743
14	0.0103562	0.0455105	0.357643	0.00449775	0.010056	0.068662	0.860988
15	0.0103562	0.0446857	0.350583	0.00449775	0.0102762	0.0682051	0.845145
16	0.0103562	0.0450341	0.357643	0.005997	0.0103878	0.0680998	0.894338
17	0.0103562	0.0447155	0.357643	0.005997	0.0104772	0.0659039	0.894338
18	0.0104018	0.0453783	0.361704	0.00749625	0.010056	0.0664937	0.787283
19	0.0104018	0.0443389	0.360738	0.0089955	0.010056	0.0661526	0.845145
20	0.0105296	0.0434662	0.361704	0.00749625	0.0102762	0.0662095	0.903743
21	0.0104018	0.0438932	0.360738	0.00749625	0.0102762	0.0673053	1.10239
22	0.010212	0.0426614	0.290659	0.0029985	0.010056	0.0673496	1.13022
23	0.010212	0.0428155	0.290659	0.00449775	0.010056	0.0759311	4.07472
24	0.0100111	0.0431707	0.295141	0.0029985	0.010056	0.0807005	9.53922
25	0.010212	0.0427476	0.285935	0.00149925	0.0102762	0.077778	4.64932
26	0.010212	0.0428778	0.26943	0.00149925	0.010056	0.0761514	4.18447
27	0.010212	0.0431228	0.26943	0.00149925	0.010056	0.0782229	4.95984
28	0.010354	0.0428781	0.271989	0.00149925	0.010056	0.0779667	4.38006
29	0.010212	0.0431563	0.26943	0.00149925	0.010056	0.077451	4.18447
30	0.010212	0.0434882	0.279376	0.0029985	0.010056	0.0782829	4.18447
31	0.010212	0.042824	0.271989	0.00149925	0.010056	0.0815714	4.38006
32	0.010212	0.0429834	0.271989	0	0.010056	0.081398	4.6423
33	0.010212	0.0427092	0.268458	0	0.010056	0.0815395	6.99825
34	0.010212	0.042476	0.255893	0	0.010056	0.0793292	4.6423
35	0.0102347	0.0429012	0.256396	0	0.010056	0.0793949	4.6423
36	0.010212	0.0421365	0.238462	0	0.010056	0.0784062	6.2818
37	0.010212	0.0419366	0.239228	0	0.010056	0.0816958	7.88262
38	0.010212	0.0416634	0.236013	0	0.010056	0.0878231	13.4699
39	0.0102347	0.0416665	0.234172	0	0.010056	0.0960099	20.5589
40	0.010212	0.0419659	0.236013	0.00149925	0.010056	0.104825	26.2304
41	0.010354	0.0415654	0.239228	0.00149925	0.010056	0.122915	30.8549
42	0.010212	0.0419301	0.234221	0.005997	0.010056	0.133549	34.7718
43	0.0100173	0.0408598	0.215181	0.00149925	0.0105408	0.144435	39.326
44	0.0101222	0.0408556	0.215181	0.00149925	0.0105408	0.160346	43.8348
45	0.0101222	0.0413646	0.221405	0.00149925	0.010056	0.173454	48.2601
46	0.0101222	0.0414947	0.223412	0.0029985	0.0105408	0.187458	57.0747
47	0.0100782	0.0411578	0.221405	0.00449775	0.0105408	0.182548	57.8006
48	0.0100173	0.0419865	0.225888	0.00749625	0.0103193	0.18908	55.6953
49	0.0100173	0.0419481	0.223412	0.00749625	0.010056	0.171983	52.7416
50	0.010212	0.0422927	0.234221	0.005997	0.010056	0.173098	52.7416
51	0.010212	0.0426221	0.236623	0.005997	0.0103193	0.170877	52.7416
52	0.0100782	0.0427522	0.236623	0.005997	0.0103193	0.17199	52.7416
53	0.0100173	0.0429598	0.238203	0.005997	0.010056	0.175186	52.7416
54	0.0100782	0.0441318	0.255999	0.00449775	0.010056	0.178913	50.0058
55	0.0100173	0.0450532	0.26073	0.00449775	0.010056	0.176045	46.8553
56	0.0100173	0.0464098	0.268458	0.00449775	0.0104994	0.178436	50.0058
57	0.0100173	0.0479159	0.279376	0.00449775	0.010056	0.179347	50.0058
58	0.0100173	0.0484954	0.292284	0.00449775	0.0104994	0.170908	46.8553
59	0.0100173	0.0501345	0.307828	0.00449775	0.0103677	0.170965	44.197
60	0.0100782	0.0496744	0.304685	0	0.0103677	0.17063	44.197
61	0.0100173	0.0492111	0.292284	0	0.010633	0.173249	43.4025
62	0.0100173	0.0501968	0.296955	0.00149925	0.010633	0.177493	42.794
63	0.0100173	0.0515337	0.304685	0.00149925	0.0107842	0.173978	42.794
64	0.0100173	0.0522126	0.32184	0.00149925	0.0107842	0.171538	42.794
65	0.0100782	0.052715	0.342334	0.00149925	0.010633	0.176757	41.2564
66	0.0100173	0.0533178	0.324176	0.0029985	0.0108474	0.184977	42.794
67	0.0102351	0.054522	0.367082	0.0029985	0.0107842	0.200463	40.9675
68	0.0100452	0.0559513	0.363682	0.00449775	0.0104877	0.202075	41.2564
69	0.0100173	0.0578817	0.367082	0.0029985	0.0104877	0.212454	41.2564
70	0.0100173	0.0617919	0.380659	0.00449775	0.0108474	0.20908	39.3001
71	0.0100173	0.0633835	0.39872	0.0029985	0.0106402	0.239186	39.3001
72	0.0100782	0.0687675	0.44023	0.0029985	0.0106402	0.243456	41.2564
73	0.0100058	0.074688	0.50348	0.00449775	0.0105281	0.233324	42.794
74	0.0100058	0.078896	0.535458	0.005997	0.0104347	0.222413	42.794
75	0.0100058	0.0814568	0.535458	0.005997	0.0102051	0.197452	41.2564
76	0.0108189	0.0875808	0.591223	0.0104948	0.0102051	0.18601	39.3001
77	0.0108189	0.101035	0.684903	0.0194903	0.010034	0.17201	32.8017
78	0.0108189	0.110975	0.731394	0.0224888	0.0102051	0.15986	32.8017
79	0.0108189	0.119101	0.742237	0.0269865	0.010034	0.139523	31.6428
80	0.01562	0.132151	1.08811	0.029985	0.010034	0.127167	26.3997
81	0.0157191	0.147971	1.03688	0.0344828	0.010034	0.117592	16.5313
82	0.0173238	0.169402	1.27453	0.0524738	0.010034	0.111134	15.7079
83	0.0197657	0.19935	1.84826	0.0749625	0.010034	0.103991	11.9142
84	0.0173238	0.185908	1.30787	0.0524738	0.010034	0.099712	8.05952
85	0.01562	0.183566	1.0529	0.0464768	0.010034	0.094915	8.05952
86	0.01562	0.180037	0.94461	0.0404798	0.010034	0.0984419	8.05952
87	0.0173238	0.181312	1.12089	0.041979	0.010034	0.0996353	10.4958
88	0.0194938	0.18039	1.25251	0.0464768	0.010034	0.096983	8.05952
89	0.023714	0.177917	1.58255	0.0434783	0.010034	0.0963111	6.3767
90	0.0234576	0.181838	1.71343	0.0509745	0.010034	0.0973697	7.47102
91	0.01562	0.182872	1.22602	0.0554723	0.010034	0.0956361	5.69698
92	0.0263169	0.188968	1.73485	0.0584708	0.010034	0.104513	8.05952
93	0.0263169	0.196477	1.46218	0.0614693	0.010034	0.100519	7.90372
94	0.0263169	0.175679	1.71343	0.0434783	0.010034	0.102585	9.00181
95	0.0121582	0.155167	0.884928	0.0389805	0.010034	0.103033	7.34043
96	0.0123313	0.143729	0.884928	0.035982	0.010034	0.102768	6.74678
97	0.0120377	0.129732	0.76469	0.0254873	0.010034	0.106896	7.43597
98	0.0123796	0.119881	0.76469	0.017991	0.010034	0.106192	7.34043
99	0.0123796	0.112126	0.705431	0.00749625	0.010034	0.107509	6.95827
100	0.0124085	0.107643	0.717001	0.00749625	0.010034	0.102648	6.74678
101	0.0120377	0.107103	0.681016	0.0089955	0.010034	0.104513	6.74678
102	0.0108305	0.10207	0.610573	0.0089955	0.010034	0.102757	5.7566
103	0.0101095	0.0973276	0.532748	0.005997	0.010034	0.103791	5.7566
104	0.0101	0.096837	0.515333	0.005997	0.010034	0.105153	5.7566
105	0.0101095	0.0970468	0.532748	0.0089955	0.010034	0.110994	7.00558
106	0.0101	0.0930862	0.464954	0.0089955	0.010034	0.12134	11.6184
107	0.0101	0.0884576	0.425063	0.00449775	0.010034	0.134668	14.6058
108	0.0101	0.0849875	0.405401	0.00449775	0.010034	0.134236	14.1674
109	0.0101	0.0832136	0.398227	0.005997	0.010034	0.132234	11.4043
110	0.0101	0.0814696	0.383366	0.005997	0.010034	0.129168	11.4043
111	0.0101095	0.0823542	0.398227	0.00749625	0.010034	0.134013	11.4043
112	0.0101095	0.082596	0.393402	0.0029985	0.010034	0.138034	14.0857
113	0.0101645	0.0832442	0.398907	0.0029985	0.010034	0.145392	15.9344
114	0.0101095	0.0871371	0.406928	0.0089955	0.010034	0.155245	15.9344
115	0.0101645	0.0886343	0.422016	0.011994	0.010034	0.158792	16.4617
116	0.0101645	0.0878904	0.398907	0.0104948	0.010034	0.162854	17.212
117	0.0101645	0.0868904	0.377893	0.005997	0.010034	0.171278	18.4237
118	0.0101095	0.0878963	0.37046	0.00449775	0.010034	0.175456	19.6027
119	0.0101095	0.0885989	0.372806	0.0029985	0.010034	0.178014	19.919
120	0.0101095	0.0885693	0.372806	0.0029985	0.010034	0.176488	17.212
121	0.0108076	0.0912085	0.425063	0.005997	0.010034	0.169985	14.696
122	0.0108076	0.0932199	0.422016	0.005997	0.010034	0.164471	11.6698
123	0.0106952	0.0939359	0.422016	0.0089955	0.010034	0.180077	11.6698
124	0.0106621	0.0958216	0.428019	0.0104948	0.010034	0.208363	16.6786
125	0.0101095	0.0990949	0.448699	0.0104948	0.010034	0.222319	18.2507
126	0.010558	0.103315	0.496002	0.011994	0.010034	0.240967	22.2012
127	0.0103277	0.10543	0.508919	0.0134933	0.010034	0.270095	27.7222
128	0.0101095	0.110118	0.508919	0.0149925	0.010034	0.276377	30.1479
129	0.0106621	0.113931	0.568831	0.0194903	0.010034	0.318643	34.2635
130	0.010412	0.116404	0.563106	0.0194903	0.010034	0.344014	34.8745
131	0.0106621	0.12731	0.635336	0.023988	0.010034	0.369909	35.0798
132	0.0106621	0.136594	0.700491	0.0269865	0.010034	0.365942	35.0798
133	0.0106621	0.145101	0.688258	0.0254873	0.010034	0.371547	40.6466
134	0.0142437	0.17855	1.52785	0.0629685	0.010034	0.369225	40.6466
135	0.0118073	0.206762	1.55408	0.0914543	0.010034	0.348739	40.2052
136	0.0107565	0.16681	0.941589	0.047976	0.010034	0.332096	37.1489
137	0.0107565	0.153948	0.834332	0.0344828	0.0100866	0.305793	36.7363
138	0.0107565	0.141351	0.659877	0.0209895	0.010034	0.352046	43.3728
139	0.0107565	0.133382	0.602579	0.0134933	0.0127641	0.357169	59.607
140	0.0107565	0.131593	0.58469	0.0104948	0.0101032	0.348553	45.2121
141	0.0107565	0.130225	0.58469	0.011994	0.0102104	0.320596	43.2497
142	0.0117459	0.132481	0.608987	0.0104948	0.0102104	0.300203	43.2497
143	0.0117459	0.130844	0.608987	0.0089955	0.0102104	0.295452	43.2857
144	0.0107519	0.132227	0.603385	0.0089955	0.0102269	0.273618	43.2497
145	0.0117459	0.133899	0.654538	0.005997	0.0101032	0.264614	36.7363
146	0.0145889	0.13617	0.785943	0.005997	0.0102269	0.270326	37.1489
147	0.0117459	0.140568	0.608987	0.00449775	0.0102269	0.263584	37.1489
148	0.0147821	0.144395	0.785943	0.005997	0.0101032	0.23924	35.9399
149	0.0148969	0.149392	0.795878	0.00749625	0.0101032	0.200562	31.9858
150	0.0192809	0.150033	0.937734	0.005997	0.0101032	0.181232	24.3081
151	0.0163925	0.156033	0.795878	0.0104948	0.0101032	0.160732	20.2891
152	0.0218254	0.164008	0.937734	0.011994	0.0101032	0.141804	21.6249
153	0.0273466	0.170975	1.02115	0.011994	0.0101032	0.124287	17.1321
154	0.0278458	0.180517	0.937734	0.0164918	0.0101032	0.107322	15.2734
155	0.0273466	0.194484	0.937734	0.0254873	0.0101032	0.0895162	11.1222
156	0.0284242	0.2262	1.04542	0.0464768	0.0101032	0.0719566	1.00822
157	0.0338357	0.213637	1.04542	0.0374813	0.0101032	0.0685128	0.789471
158	0.0338357	0.207426	1.04542	0.0329835	0.0101203	0.0671187	0.771992
159	0.0338357	0.202705	1.04542	0.0284858	0.0101203	0.0656304	0.73043
160	0.0323027	0.201158	1.07472	0.0314843	0.0101203	0.0629171	0.668014
161	0.0314267	0.198684	1.04988	0.029985	0.0101203	0.0620401	0.668014
162	0.0284242	0.199656	1.04988	0.0314843	0.0101203	0.0623299	0.839851
163	0.0246814	0.201092	1.16346	0.0389805	0.0101203	0.060519	0.668014
164	0.0218254	0.201408	1.07472	0.0434783	0.0101203	0.0587969	0.537016
165	0.0173321	0.218427	1.07472	0.0629685	0.0101203	0.0582917	0.521554
166	0.0178243	0.188902	1.07472	0.0449775	0.0101203	0.0579097	0.521554
167	0.0150559	0.161512	1.06846	0.0344828	0.0101203	0.0583342	0.565018
168	0.0101985	0.14483	0.700491	0.023988	0.0101203	0.0576028	0.610276
169	0.0101985	0.13613	0.700491	0.023988	0.0101281	0.0584904	0.610276
170	0.0108075	0.125381	0.694466	0.0164918	0.0101203	0.0591544	0.565018
171	0.0108075	0.118943	0.667568	0.0149925	0.0101281	0.0605573	0.668014
172	0.0101985	0.113763	0.588846	0.0134933	0.0101281	0.0643662	0.839851
173	0.0101985	0.106665	0.547683	0.0104948	0.0101281	0.0661417	0.940581
174	0.0101985	0.103177	0.536997	0.0089955	0.0101281	0.0700394	1.52624
175	0.0100367	0.101374	0.529877	0.0104948	0.0101281	0.0700592	1.41535
176	0.0103554	0.100426	0.529877	0.0104948	0.01009	0.0685208	1.07803
177	0.0100367	0.0999454	0.529877	0.011994	0.01009	0.0687634	0.996242
178	0.0100367	0.100273	0.563106	0.0104948	0.01009	0.0680573	0.844361
179	0.0100367	0.0983577	0.522599	0.00749625	0.01009	0.06649	0.715298
180	0.0103554	0.0971509	0.522599	0.005997	0.01009	0.0656763	0.668014
181	0.0104811	0.0975642	0.522599	0.005997	0.01009	0.0662135	0.610276
182	0.011138	0.0926793	0.522599	0.0029985	0.01009	0.065118	0.541949
183	0.0112077	0.0938726	0.529877	0.0029985	0.01009	0.0628904	0.505432
184	0.0112077	0.0928316	0.529877	0.0029985	0.0101281	0.0618754	0.506588
185	0.0104811	0.0957945	0.526735	0.00749625	0.01009	0.0622133	0.506588
186	0.0108909	0.0972039	0.542275	0.0089955	0.01009	0.0636067	0.548731
187	0.0104811	0.0982241	0.542275	0.011994	0.01009	0.0648657	0.688212
188	0.0104811	0.0996091	0.542275	0.011994	0.01009	0.0644495	0.696263
189	0.0103554	0.105153	0.623042	0.017991	0.01009	0.0657196	0.797833
190	0.0103554	0.111353	0.692305	0.0254873	0.01009	0.0732521	1.13031
191	0.0103433	0.115491	0.791743	0.0374813	0.0101048	0.0830787	1.76182
192	0.0103433	0.123382	0.998436	0.047976	0.0101048	0.0849001	2.10199
193	0.0103433	0.16123	2.01817	0.0989505	0.0101048	0.0883096	2.84717
194	0.0103433	0.269197	5.81067	0.202399	0.0101048	0.0966871	7.08989
195	0.12269	2.00202	68.7384	0.577211	0.0102056	0.113409	15.5777
196	0.0108264	0.255607	3.05705	0.196402	0.0102056	0.147057	29.3316
197	0.0109929	0.194259	1.85762	0.136432	0.0102056	0.188665	49.1615
198	0.0109929	0.168917	1.65842	0.109445	0.0102004	0.199572	51.4307
199	0.0109929	0.150927	1.30768	0.0854573	0.0102004	0.218457	52.0643
200	0.0109019	0.141607	1.22704	0.0674663	0.010036	0.210348	47.2925
201	0.0107744	0.133407	1.21243	0.065967	0.010036	0.218877	47.2925
202	0.0120991	0.129639	1.31991	0.0629685	0.010036	0.2335	48.6732
203	0.0120419	0.126761	1.31991	0.0629685	0.010036	0.292305	51.8305
204	0.0109284	0.12179	1.15634	0.0584708	0.010036	0.309361	53.3627
205	0.0109284	0.117659	1.11783	0.053973
