		omega		Posterior		rho				Synonymous theta			kappa			phi	
Site	Lower	Point	Higher	prob of +ve	Lower	Point	Higher		Lower	Point	Higher	Lower	Point	Higher	Lower	Point	Higher
	95% HPD	estimate	95% HPD	selection	95% HPD	estimate	95% HPD		95% HPD	estimate	95% HPD	95% HPD	estimate	95% HPD	95% HPD	estimate	95% HPD
0	0.0102157	0.25232	16.5905	0.233883	0.0168011	1.71839	98.9662		0.000159591	0.00132781	0.00828866	0.0489637	1.66844	44.2957	0	0	0
1	0.0101259	0.219833	14.8737	0.212894	0.0113172	1.58463	69.9225
2	0.0102157	0.204972	13.189	0.211394	0.0116036	1.50683	72.0373
3	0.0101259	0.182703	9.61556	0.193403	0.0120268	1.45341	72.0731
4	0.0101259	0.167616	6.7879	0.178411	0.0127113	1.46723	74.9385
5	0.0101259	0.150246	4.07135	0.163418	0.0126628	1.47084	72.0731
6	0.0101259	0.14602	3.24508	0.157421	0.0126628	1.43313	72.0706
7	0.0102157	0.143522	3.11343	0.154423	0.0113172	1.52686	62.291
8	0.0101259	0.147751	3.24508	0.152924	0.0126628	1.70889	69.828
9	0.0101259	0.137857	2.45583	0.136432	0.0126628	1.80255	69.828
10	0.0101259	0.139707	2.64417	0.13943	0.0168011	2.12608	93.0133
11	0.0101259	0.141532	2.78925	0.148426	0.0158732	2.17265	89.6833
12	0.0102157	0.147921	3.61334	0.16042	0.012686	1.94843	71.6571
13	0.0101259	0.15114	3.7989	0.161919	0.012686	1.68701	72.0373
14	0.0102157	0.156073	3.61334	0.164918	0.0130821	1.4847	72.3262
15	0.0102157	0.153131	3.61334	0.167916	0.012686	1.31482	69.6349
16	0.0101259	0.147852	3.57722	0.164918	0.012686	1.18903	70.7388
17	0.0102157	0.150436	3.28239	0.163418	0.012686	1.20096	70.7388
18	0.0102157	0.15315	3.61334	0.167916	0.0119189	1.1826	72.3262
19	0.0101084	0.152303	3.34163	0.169415	0.0119189	1.30017	73.7249
20	0.0101084	0.153647	3.34163	0.169415	0.0105838	1.44921	65.3784
21	0.0101084	0.158766	3.61334	0.176912	0.0119189	1.57763	73.7249
22	0.0101084	0.16604	3.89696	0.182909	0.0119189	1.52838	72.3262
23	0.0101084	0.1678	4.05516	0.190405	0.0121042	1.50644	73.4642
24	0.0102554	0.161471	3.57722	0.178411	0.0121042	1.44094	73.4642
25	0.0102554	0.163055	3.87184	0.176912	0.0106226	1.46533	65.3784
26	0.0102554	0.165297	3.89696	0.182909	0.0119189	1.61134	73.4642
27	0.0102554	0.160725	3.87184	0.175412	0.012686	1.70751	75.4014
28	0.0104336	0.166224	4.07135	0.182909	0.012686	1.87371	73.4642
29	0.0104336	0.162277	3.87184	0.175412	0.012686	1.97423	73.0726
30	0.0102554	0.170639	4.00005	0.187406	0.0127113	2.03994	73.4642
31	0.0111107	0.168946	4.31015	0.188906	0.0169482	2.11944	95.6071
32	0.0104336	0.171861	4.09853	0.191904	0.020807	2.26516	97.5045
33	0.0104752	0.179613	4.05516	0.203898	0.0211043	2.32153	95.6071
34	0.0106952	0.171738	4.05516	0.191904	0.0228226	2.4161	99.5674
35	0.0106952	0.174497	4.05516	0.191904	0.0238285	2.60796	99.5674
36	0.010271	0.187905	4.09853	0.208396	0.0211043	2.59172	95.6071
37	0.0106952	0.177939	4.09853	0.202399	0.0208253	2.44905	97.5276
38	0.010271	0.179401	4.05516	0.202399	0.0203353	2.43476	91.2912
39	0.0101672	0.180388	4.51964	0.2009	0.0208253	2.26374	91.2912
40	0.0101672	0.181689	5.51754	0.202399	0.0208253	2.23762	91.2912
41	0.0101672	0.17483	5.10117	0.196402	0.0203353	2.22199	91.2912
42	0.0101672	0.16946	4.87073	0.190405	0.0201231	2.13268	95.6071
43	0.0101672	0.159578	3.87184	0.182909	0.0201398	1.97074	91.2912
44	0.0105673	0.158862	4.09853	0.182909	0.0201231	1.85191	91.2912
45	0.0105673	0.165428	4.15988	0.188906	0.0201231	1.84579	91.2912
46	0.010027	0.165027	3.92416	0.184408	0.0185437	1.85707	91.2912
47	0.0102185	0.169569	4.04945	0.185907	0.018396	1.8896	91.2912
48	0.010027	0.161778	3.53526	0.17991	0.0183627	1.92449	88.9335
49	0.010027	0.168217	4.09853	0.190405	0.0183627	1.99687	83.1131
50	0.0102185	0.168511	4.87073	0.185907	0.0202703	1.92206	99.5674
51	0.010027	0.164724	4.37385	0.181409	0.018396	1.81081	91.2912
52	0.010027	0.165003	6.11763	0.187406	0.018396	1.71293	96.7757
53	0.0100249	0.166029	7.12943	0.188906	0.0168661	1.52323	98.8582
54	0.0100249	0.160441	4.87073	0.184408	0.0105832	1.35625	65.6472
55	0.0100249	0.162376	4.34165	0.182909	0.0110084	1.21124	65.9347
56	0.0100249	0.155781	4.87073	0.173913	0.0105832	1.08215	62.2424
57	0.0100249	0.154676	7.00087	0.167916	0.0105832	1.09562	64.496
58	0.0100249	0.155006	5.21182	0.167916	0.0105832	0.970869	65.2623
59	0.0100249	0.159067	6.02143	0.176912	0.0104899	1.00176	65.9347
60	0.0100249	0.159102	5.21182	0.181409	0.0101718	1.00472	61.0696
61	0.0100249	0.162579	5.0258	0.185907	0.0101718	0.985247	60.2717
62	0.0100249	0.16385	4.87073	0.182909	0.0101718	0.927317	60.2717
63	0.0100249	0.167837	4.87073	0.190405	0.0101718	0.878874	60.2717
64	0.0100249	0.176059	5.24218	0.202399	0.0100477	0.886642	55.5194
65	0.0100249	0.181609	5.26381	0.202399	0.0100477	0.980373	60.6684
66	0.0100249	0.172928	4.90676	0.196402	0.0156457	1.07562	99.7101
67	0.0100249	0.161262	4.13642	0.188906	0.0164067	1.06868	99.7101
68	0.010027	0.170046	4.34165	0.196402	0.0175741	1.10027	99.7101
69	0.010027	0.159666	3.82141	0.181409	0.0174263	1.0882	94.0021
70	0.010027	0.149782	3.53311	0.172414	0.0100477	0.999051	52.1431
71	0.0102013	0.148276	3.5512	0.170915	0.0100477	0.886418	52.1431
72	0.0101397	0.145774	3.54421	0.167916	0.0100477	0.902485	53.284
73	0.0100467	0.143862	3.54421	0.170915	0.0101796	0.975942	60.2717
74	0.0100467	0.152788	3.83511	0.182909	0.0100477	0.928885	54.8107
75	0.0100467	0.149185	3.83511	0.17991	0.0101796	0.86021	53.284
76	0.0105484	0.150264	3.94801	0.178411	0.0104713	0.813103	52.2775
77	0.0100467	0.151397	3.83511	0.184408	0.0101796	0.786607	47.5646
78	0.0100467	0.151277	3.90746	0.184408	0.0100477	0.802816	47.5646
79	0.0102013	0.15176	3.83511	0.182909	0.0100477	0.769331	46.3343
80	0.0102013	0.149658	3.83511	0.184408	0.0100477	0.779206	46.3343
81	0.0101397	0.148953	3.83511	0.184408	0.0100477	0.779964	46.3343
82	0.0100467	0.154314	4.11494	0.190405	0.0101796	0.852646	52.2203
83	0.0101397	0.160104	4.42006	0.191904	0.0100477	0.910034	52.2203
84	0.0101397	0.157256	4.42006	0.184408	0.0100477	0.942361	56.8218
85	0.0100467	0.153506	4.27465	0.17991	0.0164206	1.02241	93.7263
86	0.0100467	0.161687	4.42006	0.185907	0.0179755	1.12476	96.7846
87	0.0101397	0.159077	4.49102	0.181409	0.0190453	1.18699	96.7846
88	0.0100467	0.154755	4.07522	0.181409	0.017496	1.18997	96.7846
89	0.0105484	0.144189	3.83511	0.164918	0.016469	1.23422	96.7846
90	0.0100467	0.14029	3.16398	0.167916	0.0172796	1.21377	96.7846
91	0.0101397	0.144801	3.13682	0.169415	0.0158935	1.22561	96.7846
92	0.0101397	0.143424	3.11301	0.167916	0.0157775	1.22491	96.7846
93	0.0105484	0.141816	3.11301	0.166417	0.0117781	1.17348	72.9847
94	0.0100467	0.137962	2.85405	0.16042	0.0100477	1.20281	60.2351
95	0.0100467	0.139541	2.89585	0.166417	0.0100477	1.21264	59.7431
96	0.0100467	0.141948	3.00039	0.161919	0.0104713	1.17636	61.5167
97	0.0100467	0.14732	3.28508	0.169415	0.0101796	1.20055	60.2351
98	0.0100467	0.150431	3.67109	0.173913	0.0100477	1.2245	59.7431
99	0.0100467	0.149736	3.78822	0.178411	0.0158935	1.26555	93.7263
100	0.0100467	0.157864	4.69291	0.184408	0.0170851	1.30456	93.7263
101	0.0100467	0.152261	4.34165	0.178411	0.0187623	1.22929	98.9352
102	0.0100467	0.151747	3.88996	0.173913	0.0182011	1.21362	92.4935
103	0.0100467	0.156759	4.34165	0.176912	0.0187418	1.10708	98.9352
104	0.0101384	0.160279	4.69291	0.17991	0.0142342	1.1031	78.3616
105	0.0100467	0.169655	4.88432	0.191904	0.0186409	1.1185	98.9352
106	0.0100467	0.174941	5.14185	0.196402	0.0105701	1.07005	60.2351
107	0.0103655	0.179929	6.14891	0.1994	0.0104713	1.0861	60.2351
108	0.0102144	0.183505	6.14891	0.203898	0.0104713	1.05362	60.2351
109	0.0101384	0.190321	6.68353	0.209895	0.0104713	1.03526	59.2617
110	0.0100467	0.192166	7.13284	0.211394	0.0101706	0.971737	56.6029
111	0.0101384	0.19107	6.14891	0.203898	0.0142695	0.945918	74.5415
112	0.0100467	0.199343	6.82071	0.209895	0.0183248	1.02309	93.2653
113	0.0100467	0.20411	6.82071	0.215892	0.0183248	1.02991	93.2653
114	0.0100467	0.197947	6.14891	0.205397	0.0177334	1.03857	93.2653
115	0.0100467	0.206179	6.46355	0.212894	0.0177334	1.07924	94.0411
116	0.0100467	0.215387	6.66538	0.22039	0.0185401	1.11225	98.9352
117	0.0101384	0.211765	6.14891	0.214393	0.0181974	1.23364	97.398
118	0.0100467	0.213372	6.46355	0.214393	0.0183248	1.06423	98.9352
119	0.0102495	0.214236	6.14891	0.214393	0.0101706	0.904746	51.2742
120	0.0102495	0.211797	6.31846	0.212894	0.0101706	0.856249	48.3267
121	0.0103969	0.206584	6.46355	0.203898	0.0101706	0.88637	50.8078
122	0.0106299	0.220781	8.16354	0.211394	0.0128751	0.954276	68.8958
123	0.0103969	0.221923	8.16354	0.212894	0.0124072	1.00696	68.8958
124	0.0106299	0.224582	7.08576	0.215892	0.0176571	1.06871	98.9352
125	0.0106299	0.225854	7.08576	0.218891	0.0127346	1.09859	68.8958
126	0.0106299	0.232319	8.16354	0.221889	0.0124072	1.24166	68.8958
127	0.0106299	0.234437	9.0171	0.218891	0.0177334	1.34237	94.0411
128	0.0106299	0.249327	9.95158	0.229385
