		omega		Posterior		rho				Synonymous theta			kappa			phi	
Site	Lower	Point	Higher	prob of +ve	Lower	Point	Higher		Lower	Point	Higher	Lower	Point	Higher	Lower	Point	Higher
	95% HPD	estimate	95% HPD	selection	95% HPD	estimate	95% HPD		95% HPD	estimate	95% HPD	95% HPD	estimate	95% HPD	95% HPD	estimate	95% HPD
0	0.0103667	0.812107	58.9069	0.523238	0.010281	0.0698102	1.35311		0.0174314	0.0245509	0.0358967	1.0161	2.21438	4.3617	6.04177	9.75373e+14	2.48238e+26
1	0.0104864	0.894191	58.9069	0.538231	0.010281	0.0656063	1.30899
2	0.0103667	0.904324	58.9069	0.538231	0.0108366	0.0637506	1.30899
3	0.0101415	0.960715	58.9069	0.551724	0.010281	0.0634131	1.26284
4	0.0101793	0.863617	58.3601	0.535232	0.010281	0.064834	1.29535
5	0.0101793	0.772949	58.3601	0.512744	0.010281	0.0621248	0.804846
6	0.0101415	0.613155	50.3462	0.475262	0.010281	0.0606109	0.643466
7	0.0102659	0.460881	36.6344	0.433283	0.010281	0.0592507	0.584451
8	0.0101793	0.492892	38.2233	0.445277	0.010281	0.0591786	0.584451
9	0.0101415	0.517249	40.6344	0.448276	0.010281	0.0588891	0.556804
10	0.0103001	0.640237	55.8038	0.478261	0.010281	0.059163	0.570795
11	0.0101317	0.665215	59.4673	0.475262	0.0102352	0.0577125	0.556804
12	0.0101287	0.751263	55.8038	0.493253	0.0102352	0.0551923	0.355374
13	0.0101287	0.698323	54.5702	0.47976	0.0102352	0.0558686	0.354604
14	0.0101287	0.531548	41.037	0.430285	0.0102352	0.0551979	0.337513
15	0.0103001	0.40292	36.5574	0.382309	0.0102032	0.0533873	0.302498
16	0.0101287	0.328292	31.2534	0.343328	0.0102352	0.0552619	0.402202
17	0.0101088	0.288506	31.2534	0.325337	0.0106455	0.0590921	0.570795
18	0.0101088	0.262058	33.7441	0.29985	0.0102352	0.0601681	0.561147
19	0.0101088	0.238369	35.1283	0.283358	0.0102352	0.0641857	0.659264
20	0.0101088	0.200683	27.6224	0.25937	0.0102352	0.0693511	0.88895
21	0.0100648	0.125794	9.55276	0.176912	0.0102352	0.0719456	1.21623
22	0.0101088	0.0979646	4.08752	0.127436	0.0105709	0.0754078	1.21623
23	0.0100648	0.0743152	1.54543	0.0689655	0.0106455	0.120684	5.72854
24	0.0101088	0.0593136	0.71933	0.0284858	0.0120121	0.167921	8.93743
25	0.0100648	0.0567357	0.637036	0.0254873	0.0120121	0.241082	14.393
26	0.0100648	0.0533081	0.415625	0.0149925	0.0115662	0.303841	14.393
27	0.0101088	0.0522444	0.34093	0.005997	0.0115662	0.443328	25.8091
28	0.0100648	0.0517279	0.332587	0.0029985	0.0120169	0.53277	34.8363
29	0.0100648	0.0513195	0.332587	0.0029985	0.0120121	0.579783	35.3034
30	0.010038	0.0501787	0.328938	0.0029985	0.0120121	0.593155	35.3034
31	0.0101007	0.0491317	0.292704	0	0.0113672	0.651557	38.3334
32	0.010038	0.0487417	0.278041	0.00149925	0.0113672	0.579446	35.3034
33	0.010038	0.0479258	0.255384	0.0029985	0.0107069	0.535159	35.3034
34	0.0101007	0.0467836	0.255384	0.0029985	0.0110859	0.523243	38.3334
35	0.010038	0.046786	0.244986	0.0029985	0.0144555	0.541927	61.2529
36	0.0101007	0.0461371	0.254141	0.00149925	0.0144555	0.59531	63.0112
37	0.0101007	0.0463172	0.244986	0.00149925	0.0149743	0.628734	67.5983
38	0.010038	0.0463853	0.262088	0.0029985	0.0140213	0.584545	67.5983
39	0.0101007	0.0456414	0.254141	0.00449775	0.0102295	0.587096	47.0739
40	0.010038	0.0444417	0.2404	0.0029985	0.0108792	0.566157	48.9722
41	0.010038	0.0445695	0.244986	0.0029985	0.0109406	0.513566	43.802
42	0.0101007	0.0441303	0.244986	0.0029985	0.0108792	0.55457	44.8469
43	0.010038	0.0443078	0.244986	0.0029985	0.0102295	0.564582	43.802
44	0.010038	0.0446732	0.253742	0.00449775	0.0102295	0.577441	43.802
45	0.0101287	0.0447507	0.284262	0.005997	0.0108792	0.580535	47.4336
46	0.010038	0.0441475	0.27543	0.00449775	0.0108792	0.560546	49.2032
47	0.0101287	0.0429366	0.244986	0.0029985	0.0108792	0.609866	49.8935
48	0.010038	0.0422678	0.2404	0.0029985	0.0110813	0.643282	51.2388
49	0.010038	0.0414501	0.2404	0.00149925	0.0102295	0.667179	45.6806
50	0.010038	0.0407293	0.235754	0.00149925	0.0113395	0.826039	54.4121
51	0.010038	0.0406028	0.235754	0.00149925	0.0145828	0.885048	63.0112
52	0.0101007	0.0399717	0.235754	0	0.0163151	0.978827	69.463
53	0.0101287	0.0400843	0.235754	0	0.0287249	1.10315	97.0144
54	0.0101287	0.0402444	0.235754	0	0.0259201	1.1154	97.0144
55	0.0100376	0.0397527	0.232266	0	0.0239036	1.07665	97.0144
56	0.0100376	0.0402554	0.251512	0.0029985	0.0200462	0.99643	97.0144
57	0.0100376	0.0396619	0.239647	0.00149925	0.0192472	0.890057	97.0144
58	0.0100376	0.0398585	0.239647	0.00149925	0.0175821	0.878038	93.6978
59	0.0101287	0.0391516	0.235754	0.00149925	0.011205	0.805022	63.7588
60	0.0100376	0.0397264	0.235932	0.00149925	0.0101103	0.764476	58.9612
61	0.0100376	0.0398055	0.235754	0.00149925	0.011205	0.758466	63.7588
62	0.0100376	0.0388927	0.221327	0.00149925	0.0101103	0.698627	55.0609
63	0.0100376	0.0389073	0.221327	0.00149925	0.0101103	0.588112	44.7296
64	0.0100376	0.0384497	0.221327	0	0.0101103	0.510805	44.7296
65	0.0100376	0.0380976	0.221327	0	0.0101103	0.470425	51.2388
66	0.0100376	0.038352	0.221327	0	0.0101103	0.437298	47.6782
67	0.0100376	0.0386386	0.225271	0	0.0101103	0.421847	45.8696
68	0.0100376	0.0388234	0.230612	0	0.0101103	0.388556	26.4635
69	0.0100376	0.0396033	0.235932	0.0029985	0.0101103	0.379078	22.7298
70	0.0100376	0.0398996	0.235754	0.0029985	0.0101103	0.391237	22.5783
71	0.0100922	0.0394854	0.235932	0.0029985	0.0101103	0.467549	25.6573
72	0.0100922	0.0393444	0.235932	0.0029985	0.0101103	0.51989	28.2717
73	0.0100376	0.0389573	0.233195	0.0029985	0.0101103	0.501451	35.5392
74	0.0100797	0.0390156	0.235932	0	0.0101103	0.506723	41.9175
75	0.010038	0.0399664	0.273415	0	0.0102178	0.479341	35.5392
76	0.0100376	0.0401768	0.278216	0.00149925	0.0102178	0.425166	29.8644
77	0.0100376	0.0402145	0.2922	0.00149925	0.0102178	0.397019	27.6909
78	0.0100376	0.0396067	0.273415	0.00149925	0.0102295	0.421737	26.872
79	0.0100376	0.0399845	0.2922	0.0029985	0.0102295	0.396309	26.872
80	0.0100376	0.0405352	0.278216	0.0029985	0.0102295	0.338662	27.4181
81	0.010038	0.040741	0.273415	0.005997	0.0102295	0.330494	27.6909
82	0.0100376	0.0387257	0.247327	0.0029985	0.0102295	0.344552	47.6912
83	0.0100797	0.0383338	0.235754	0	0.0105784	0.338897	47.6912
84	0.010038	0.0386034	0.233195	0	0.0102295	0.371775	54.9982
85	0.0100797	0.0388697	0.235754	0	0.0102295	0.344913	54.9489
86	0.010038	0.0392255	0.238674	0.0029985	0.0105784	0.297388	54.9982
87	0.010038	0.0392916	0.238674	0.0029985	0.0102687	0.238498	56.113
88	0.010038	0.0396407	0.235754	0.0029985	0.0100897	0.222147	54.9982
89	0.010038	0.0404666	0.260852	0.0029985	0.0100897	0.213383	39.2179
90	0.010038	0.03998	0.235754	0.00149925	0.0100897	0.195835	37.7191
91	0.010038	0.0396106	0.247327	0.00149925	0.0100897	0.184848	36.1675
92	0.0100797	0.0402143	0.273415	0.00449775	0.0100897	0.181273	36.1675
93	0.010038	0.0401261	0.269397	0.00449775	0.0100897	0.188151	37.7191
94	0.010038	0.0399587	0.273415	0.005997	0.0101209	0.190096	37.7191
95	0.0100292	0.0395197	0.269397	0.00749625	0.0101209	0.184801	37.7191
96	0.010038	0.0385778	0.262961	0.00449775	0.0101209	0.171051	37.7191
97	0.0100292	0.0381623	0.24374	0.00449775	0.0101146	0.168645	37.7191
98	0.0100292	0.0374884	0.237727	0.00149925	0.0100897	0.175089	44.9645
99	0.0100292	0.0372265	0.225271	0	0.0100897	0.169146	46.015
100	0.0100292	0.0371337	0.225271	0	0.0100897	0.152848	44.9645
101	0.0100797	0.0362725	0.217424	0	0.0101209	0.135276	37.7191
102	0.0100797	0.0362564	0.217424	0	0.0100897	0.108603	19.3447
103	0.0100292	0.0358319	0.21191	0	0.0101209	0.0993465	14.606
104	0.0100292	0.03614	0.210357	0	0.0100897	0.0942202	10.3049
105	0.0100292	0.0363412	0.217424	0.0029985	0.0100897	0.0875517	7.80623
106	0.0100292	0.0363375	0.216941	0.00449775	0.0102118	0.07645	6.88359
107	0.0100292	0.0361183	0.21191	0.005997	0.0100897	0.0713228	5.3683
108	0.0100797	0.0365114	0.216941	0.0029985	0.0100897	0.0673008	5.4508
109	0.010038	0.0360497	0.21191	0.00149925	0.0100897	0.0670837	6.66306
110	0.0100469	0.035124	0.203185	0	0.0100897	0.0661059	6.87687
111	0.010038	0.034548	0.194289	0	0.0100416	0.0644654	6.87687
112	0.010038	0.0348441	0.188475	0	0.0100897	0.0643473	7.75608
113	0.010038	0.035076	0.188475	0	0.0100416	0.0659112	7.75608
114	0.010038	0.0356238	0.194289	0.0029985	0.0100416	0.0558147	5.3683
115	0.010038	0.0360693	0.194289	0.00149925	0.0100416	0.0526727	3.81677
116	0.010038	0.0361917	0.201298	0.00449775	0.0100416	0.0423626	0.617087
117	0.0100881	0.0357994	0.201298	0.00149925	0.0100416	0.0382761	0.53445
118	0.010038	0.0352135	0.188475	0	0.0100416	0.0392088	0.617087
119	0.010038	0.0352733	0.188475	0.00149925	0.0100416	0.037047	0.583187
120	0.010038	0.0359552	0.201298	0.005997	0.0100416	0.0375729	0.583187
121	0.0100881	0.0363744	0.203502	0.00749625	0.0100416	0.0363029	0.458536
122	0.010038	0.0363561	0.214418	0.00449775	0.0100416	0.0364933	0.531641
123	0.0100881	0.0365107	0.236277	0.00149925	0.0100416	0.0376252	0.583187
124	0.0100088	0.0366146	0.216707	0.00149925	0.0100416	0.0370688	0.545329
125	0.0100088	0.0374247	0.214418	0.00149925	0.0100416	0.0319939	0.213588
126	0.0100088	0.0382836	0.218011	0.00149925	0.0100416	0.0309168	0.187996
127	0.0100088	0.0387503	0.236277	0.00149925	0.0100416	0.0305418	0.1761
128	0.0100881	0.0386977	0.218011	0.00149925	0.0100416	0.0293642	0.145521
129	0.010038	0.0387723	0.218011	0.00149925	0.0100416	0.0293078	0.152199
130	0.0100088	0.0393131	0.236277	0	0.0100416	0.0290483	0.152199
131	0.0100088	0.0397468	0.23817	0	0.0100416	0.0290906	0.152199
132	0.010038	0.039287	0.218011	0	0.0100416	0.0291199	0.145521
133	0.010038	0.0398883	0.218011	0	0.0100416	0.0290899	0.145521
134	0.010038	0.0403592	0.218011	0	0.0100416	0.0290574	0.145521
135	0.0100088	0.0405861	0.232812	0.00149925	0.0100416	0.0293826	0.161866
136	0.0100088	0.0418104	0.24842	0.00449775	0.0100416	0.0299201	0.141993
137	0.010038	0.0428121	0.291055	0.0134933	0.0100416	0.0299001	0.13663
138	0.010038	0.0435047	0.280453	0.0164918	0.0100416	0.0287371	0.1282
139	0.0100881	0.0439944	0.280453	0.011994	0.0100416	0.0291778	0.132287
140	0.010038	0.0434732	0.274304	0.0089955	0.0100416	0.0292039	0.13663
141	0.010038	0.0433025	0.260335	0.0104948	0.0100416	0.0293781	0.184651
142	0.010038	0.0431786	0.236277	0.0104948	0.0100416	0.0298284	0.206923
143	0.0101054	0.0423979	0.218011	0.00749625	0.0100416	0.0290414	0.184651
144	0.010038	0.0419447	0.214418	0.005997	0.0100416	0.029406	0.184651
145	0.010038	0.0406189	0.210889	0.0029985	0.0100416	0.0293136	0.184651
146	0.010038	0.0404712	0.206224	0.0029985	0.0100416	0.0293357	0.184651
147	0.0100881	0.0410414	0.206224	0.0029985	0.0100416	0.0293567	0.184651
148	0.0100881	0.0415754	0.206224	0.0029985	0.0100416	0.0295187	0.180047
149	0.0100881	0.0430316	0.214418	0.00749625	0.0100416	0.0295286	0.158211
150	0.010038	0.0431218	0.216707	0.00749625	0.0100416	0.0286002	0.145521
151	0.010038	0.0430279	0.214418	0.005997	0.0100416	0.027775	0.118223
152	0.0100881	0.0427834	0.214418	0.005997	0.0100416	0.0275171	0.113793
153	0.010038	0.0429127	0.214418	0.005997	0.0100416	0.0270895	0.107628
154	0.0100881	0.0432089	0.214418	0.005997	0.0100416	0.0262584	0.101913
155	0.010038	0.0432385	0.214418	0.005997	0.0100416	0.025917	0.0985122
156	0.0100881	0.0430482	0.213676	0.00449775	0.0100416	0.0257836	0.0961701
157	0.0100881	0.0423994	0.210889	0.005997	0.0100416	0.0257548	0.0961701
158	0.010149	0.0431757	0.214975	0.0089955	0.0100416	0.0252146	0.0931664
159	0.010149	0.0424879	0.214975	0.0029985	0.0100416	0.0250543	0.0927639
160	0.010038	0.0427531	0.214975	0.00449775	0.0100416	0.0250305	0.0931664
161	0.010038	0.0442541	0.239074	0.0089955	0.0100416	0.0250092	0.0931664
162	0.010038	0.0435454	0.239074	0.0029985	0.0100416	0.0249913	0.0931664
163	0.010038	0.0431599	0.224013	0.00149925	0.0100416	0.0251578	0.0942042
164	0.0100881	0.0430961	0.21902	0	0.0100416	0.0251585	0.0942746
165	0.0100881	0.0432217	0.21902	0	0.0100416	0.0253503	0.0942746
166	0.010038	0.0439822	0.227587	0	0.0100416	0.0254248	0.0942042
167	0.010038	0.0444549	0.248451	0	0.0100416	0.0253542	0.0931664
168	0.010149	0.0448474	0.276123	0	0.0100416	0.0253651	0.0931664
169	0.0102474	0.0454267	0.276123	0	0.0100401	0.0257436	0.0943078
170	0.0102474	0.0452876	0.276123	0	0.0100401	0.0261933	0.0994595
171	0.010149	0.0456201	0.276123	0	0.0100401	0.02624	0.0994595
172	0.010038	0.0453003	0.253987	0	0.0100401	0.0265076	0.10003
173	0.010038	0.0450319	0.233687	0	0.0100401	0.0267184	0.10003
174	0.010038	0.044705	0.233687	0	0.0100401	0.026392	0.10003
175	0.010038	0.0456478	0.263547	0.00149925	0.0100401	0.0263453	0.0994595
176	0.0107288	0.045985	0.29211	0.00149925	0.0100401	0.0265102	0.10003
177	0.0106552	0.0451596	0.288323	0.00149925	0.0100401	0.027075	0.100141
178	0.010038	0.0456073	0.273606	0.00149925	0.0100401	0.0268283	0.0985859
179	0.0102474	0.0468402	0.288323	0.00449775	0.0100401	0.0267934	0.0985122
180	0.010038	0.048887	0.29211	0.011994	0.0100401	0.0272805	0.0988435
181	0.0104824	0.0478534	0.297531	0.00749625	0.0100401	0.0272763	0.0988435
182	0.010038	0.0479484	0.276123	0.00149925	0.0100401	0.0274137	0.10003
183	0.0100881	0.0474279	0.270882	0.00149925	0.0100401	0.0285317	0.107628
184	0.0104346	0.0478463	0.276863	0.00149925	0.0100401	0.0290627	0.108404
185	0.0104346	0.0478739	0.276863	0	0.0100401	0.0294589	0.114035
186	0.0104346	0.0493212	0.276863	0	0.0100401	0.0309557	0.154759
187	0.0108393	0.04962	0.29211	0	0.0100416	0.0319086	0.16688
188	0.0104346	0.0500183	0.277114	0	0.0100416	0.0328915	0.171521
189	0.0106552	0.0502124	0.277114	0.00149925	0.0100401	0.0344149	0.195667
190	0.0102474	0.054402	0.288323	0.011994	0.0100401	0.034049	0.171521
191	0.0102474	0.0542072	0.285067	0.0104948	0.0100401	0.034383	0.171521
192	0.010038	0.0539889	0.279788	0.011994	0.0100401	0.0364187	0.233348
193	0.0106552	0.0537869	0.279788	0.0029985	0.0100561	0.0374029	0.27976
194	0.0109169	0.0547874	0.282738	0.005997	0.0100401	0.0384532	0.260085
195	0.0104346	0.0570962	0.28659	0.0089955	0.0100401	0.0389183	0.275533
196	0.0104346	0.0619917	0.338473	0.0104948	0.0100401	0.0394362	0.275533
197	0.0109169	0.0649412	0.458421	0.011994	0.0100401	0.0380499	0.237854
198	0.010038	0.0684552	0.458421	0.0104948	0.0100401	0.0386502	0.237854
199	0.0116668	0.0736159	0.597746	0.011994	0.0100401	0.0389817	0.237854
200	0.0109269	0.077218	0.595266	0.0149925	0.0100401	0.0390427	0.21825
201	0.0117802	0.083944	0.686105	0.0194903	0.0100561	0.0390643	0.21825
202	0.0109386	0.0970775	0.706735	0.0314843	0.0100401	0.040054	0.253507
203	0.0118201	0.0943649	0.716547	0.029985	0.0100401	0.0407142	0.218231
204	0.0109169	0.0945441	0.706735	0.0344828	0.0100401	0.0409164	0.249747
205	0.0118201	0.0895288	0.706735	0.0284858	0.0100401	0.0412953	0.242127
206	0.0131936	0.0862941	0.716547	0.0209895	0.0102878	0.0420978	0.27976
207	0.0136227	0.0842733	0.716547	0.0164918	0.0100401	0.0436069	0.283385
208	0.0102384	0.0802426	0.56264	0.017991	0.0100401	0.0453289	0.289945
209	0.0103937	0.0769197	0.489137	0.0149925	0.0101216	0.0473188	0.299137
210	0.0102384	0.0742289	0.472552	0.0149925	0.0100401	0.0494754	0.312189
211	0.0103937	0.0731656	0.489137	0.0149925	0.0100401	0.0541817	0.333874
212	0.0102384	0.0720742	0.455392	0.0149925	0.0100561	0.0565283	0.392858
213	0.0102384	0.0706048	0.42058	0.0149925	0.0101216	0.0588218	0.476102
214	0.0102384	0.0699117	0.410361	0.0134933	0.0100561	0.0584615	0.452707
215	0.0102384	0.0691167	0.410361	0.0134933	0.0100401	0.0599553	0.473356
216	0.0102384	0.067976	0.405226	0.011994	0.0100401	0.0635673	0.541209
217	0.0102384	0.0656993	0.382022	0.00749625	0.0100401	0.0694622	0.722974
218	0.0102384	0.065993	0.382022	0.00749625	0.0100401	0.0791933	1.60924
219	0.0101871	0.0625389	0.314793	0.005997	0.0100401	0.0947379	9.4158
220	0.010104	0.060987	0.301618	0.0029985	0.0100401	0.100923	18.4587
221	0.010104	0.0568373	0.271875	0.0029985	0.0102878	0.113794	25.2218
222	0.010104	0.0553298	0.267751	0.0029985	0.0102878	0.157408	36.2539
223	0.0100384	0.0573257	0.271875	0.00749625	0.0100401	0.189566	37.0892
224	0.0100384	0.0572582	0.27686	0.00449775	0.0100401	0.216703	36.2539
225	0.0100384	0.0577471	0.28659	0.00449775	0.0122445	0.282479	52.9809
226	0.010104	0.0559	0.271875	0.00149925	0.0122445	0.299766	55.5103
227	0.0101871	0.0545782	0.267751	0.00149925	0.0100401	0.283595	52.9809
228	0.0101871	0.0541754	0.267751	0.00149925	0.0100561	0.237776	49.3519
229	0.0100384	0.0543483	0.266484	0.00149925	0.0100401	0.213689	47.2649
230	0.010104	0.0539424	0.262714	0.00149925	0.0100401	0.203164	47.8522
231	0.010633	0.0519472	0.265744	0	0.0100561	0.206436	55.5103
232	0.010633	0.0516106	0.262714	0	0.0100401	0.214676	55.5103
233	0.0102685	0.0536216	0.265744	0	0.0129665	0.232102	83.7147
234	0.0100384	0.0532418	0.262714	0	0.0100401	0.22757	65.8654
235	0.010104	0.0530626	0.262098	0	0.0100401	0.21597	65.8654
236	0.010104	0.0537271	0.257518	0.00149925	0.0100401	0.223905	60.814
237	0.0101172	0.0539073	0.256331	0	0.0102878	0.214019	60.814
238	0.010104	0.0531466	0.257518	0.00149925	0.0100401	0.193367	55.5103
239	0.010104	0.0542726	0.261463	0.0029985	0.0100401	0.166736	48.0347
240	0.0100384	0.0557547	0.266484	0.00749625	0.0100401	0.143122	34.2281
241	0.0101172	0.0560404	0.288066	0.0089955	0.0100401	0.134539	26.5749
242	0.010104	0.0546815	0.27686	0.0029985	0.0100401	0.117455	11.8747
243	0.0100384	0.0542964	0.271875	0.0029985	0.0100401	0.11127	7.69893
244	0.0100384	0.0543075	0.271875	0.0029985	0.0100561	0.101383	5.35297
245	0.0101172	0.054631	0.265744	0	0.0100401	0.0906494	2.00205
246	0.0101172	0.0545927	0.266484	0	0.0100401	0.0893601	1.912
247	0.0101172	0.0555942	0.271533	0	0.0100401	0.0913934	2.74078
248	0.0101172	0.0567785	0.27686	0.00149925	0.0100401	0.0877591	2.74078
249	0.0101172	0.0574916	0.288918	0.00149925	0.0100401	0.0828334	1.51907
250	0.0101172	0.0599481	0.308294	0.00449775	0.0105966	0.0814682	1.07253
251	0.0101172	0.0615997	0.308573	0.0029985	0.0106137	0.0797026	1.07691
252	0.0101172	0.0619039	0.313928	0.0029985	0.0100946	0.0882002	1.912
253	0.0101172	0.0648801	0.329866	0.00449775	0.0100561	0.0930332	2.74078
254	0.0101172	0.0682101	0.354277	0.00749625	0.0100561	0.0912812	1.68947
255	0.0101172	0.0707517	0.365769	0.0089955	0.0103587	0.0836855	0.730387
256	0.0101172	0.0710338	0.376448	0.011994	0.0100561	0.0795493	0.631671
257	0.0101172	0.0714756	0.39216	0.0089955	0.0100561	0.0793238	0.631671
258	0.0101172	0.0745106	0.432102	0.0104948	0.0103587	0.0806084	0.574101
259	0.0101172	0.0767884	0.467312	0.011994	0.0103587	0.08075	0.574101
260	0.0101172	0.0784522	0.467312	0.011994	0.0103587	0.0829779	0.631671
261	0.0101172	0.0802326	0.479297	0.011994	0.0103587	0.0876636	0.83253
262	0.0104987	0.083091	0.501322	0.0134933	0.0103587	0.11647	4.5493
263	0.010419	0.0865515	0.528608	0.0149925	0.0103587	0.131194	7.77437
264	0.0102437	0.0925157	0.593361	0.017991	0.0103587	0.159056	22.1341
265	0.0137441	0.0976468	0.817041	0.017991	0.0103587	0.178527	24.9228
266	0.0131776	0.1044	0.817041	0.0254873	0.0103587	0.18495	24.9228
267	0.0140377	0.10852	0.909863	0.0284858	0.0103587	0.189054	24.9228
268	0.010419	0.121522	0.817041	0.0434783	0.0103587	0.222783	29.2909
269	0.010419	0.126512	0.856652	0.047976	0.0103587	0.246336	40.4402
270	0.0151987	0.143644	1.71536	0.0689655	0.0103587	0.278766	45.008
271	0.010419	0.12485	0.951325	0.0494753	0.0150077	0.298281	68.6532
272	0.0104987	0.116766	0.783581	0.0389805	0.0162334	0.30107	69.2372
273	0.0104987	0.109479	0.726988	0.0329835	0.0154694	0.304814	69.2372
274	0.0104086	0.102511	0.687639	0.0254873	0.0240051	0.353915	98.691
275	0.0105543	0.0975596	0.687355	0.0209895	0.0246859	0.430741	98.691
276	0.010419	0.0927803	0.635395	0.017991	0.0249895	0.455874	98.691
277	0.0105543	0.0907015	0.635395	0.0134933	0.0249895	0.530313	98.691
278	0.0105543	0.086855	0.635395	0.0149925	0.0240722	0.594825	98.691
279	0.010419	0.0828114	0.573755	0.00749625	0.0251463	0.611067	98.691
280	0.0105543	0.0786378	0.534667	0.00749625	0.0204353	0.478109	98.691
281	0.0105543	0.0781091	0.534667	0.005997	0.0191884	0.425107	94.3444
282	0.010419	0.076253	0.493877	0.005997	0.0185501	0.394725	94.3444
283	0.010419	0.0751655	0.480264	0.005997	0.0185501	0.350888	94.3444
284	0.010419	0.0753177	0.462123	0.00449775	0.0185281	0.330007	94.3444
285	0.010419	0.0758263	0.480264	0.00449775	0.0179582	0.327627	98.0009
286	0.010419	0.0746528	0.458053	0.00449775	0.0161705	0.290571	85.1949
287	0.010419	0.0726598	0.42917	0.0029985	0.0102988	0.346393	51.6541
288	0.0100816	0.0706387	0.39679	0.00149925	0.0102988	0.361589	50.707
289	0.0100816	0.0700255	0.39679	0.00149925	0.0100786	0.262303	36.2328
290	0.0104166	0.0711802	0.42917	0.0029985	0.0100786	0.229941	27.4571
291	0.0105543	0.0699246	0.42917	0.00149925	0.0100786	0.232898	30.378
292	0.0105543	0.0704743	0.440432	0.0029985	0.0100786	0.26366	39.5198
293	0.0102654	0.0713334	0.42917	0.00449775	0.0102988	0.310448	51.6541
294	0.0105543	0.0714079	0.458053	0.00449775	0.0105372	0.472831	70.5518
295	0.0101908	0.0710231	0.440432	0.005997	0.0105372	0.382909	71.9497
296	0.0102654	0.0719292	0.458053	0.0089955	0.0105372	0.316276	70.5518
297	0.0102654	0.0722067	0.458053	0.005997	0.0100298	0.29685	64.9968
298	0.0101908	0.0730172	0.458053	0.00749625	0.0100298	0.289137	57.4114
299	0.0101675	0.0731493	0.471394	0.0089955	0.0100298	0.286141	57.4114
300	0.0105543	0.0744188	0.501726	0.0089955	0.0103728	0.273744	57.4114
301	0.0105543	0.075275	0.501726	0.0089955	0.0102679	0.266142	52.0469
302	0.0101675	0.0764211	0.494679	0.0089955	0.0103728	0.265318	52.0469
303	0.0102654	0.0773578	0.501726	0.0104948	0.0100298	0.27427	47.0545
304	0.0102654	0.0778603	0.501322	0.0089955	0.0103728	0.271951	51.7661
305	0.0101675	0.078355	0.501322	0.0104948	0.0103728	0.27412	52.0469
306	0.0101675	0.0801685	0.533933	0.0149925	0.0103728	0.287408	51.7661
307	0.0101675	0.0815682	0.533933	0.0164918	0.0102988	0.292323	52.487
308	0.0105778	0.0845503	0.58812	0.0194903	0.0103728	0.294102	52.487
309	0.0101675	0.0869577	0.58812	0.023988	0.0105719	0.281559	52.487
310	0.0101675	0.095669	0.641096	0.029985	0.0103728	0.304168	52.487
311	0.0101675	0.107389	0.848206	0.0434783	0.0105453	0.394655	57.5615
312	0.0105778	0.117813	1.01134	0.0524738	0.0100265	0.537028	57.5615
313	0.0117441	0.140369	2.52687	0.0824588	0.0180995	0.642208	98.138
314	0.01044	0.102828	0.731019	0.0329835	0.0180995	0.730508	82.6354
315	0.0116027	0.085583	0.58812	0.0104948	0.0178118	0.690904	78.5714
316	0.0105646	0.0805655	0.521696	0.011994	0.0181813	0.819511	75.8575
317	0.0105646	0.0736808	0.498154	0.0134933	0.0181813	0.933821	76.0051
318	0.0105646	0.0703549	0.501322	0.017991	0.0180995	1.01233	74.1264
319	0.0105646	0.066327	0.498154	0.011994	0.0180995	1.0142	70.5518
320	0.0101216	0.063229	0.429314	0.0089955	0.0181813	0.890964	64.8734
321	0.0104419	0.0595053	0.408213	0.0029985	0.0178245	0.894763	64.8734
322	0.0105778	0.057981	0.408213	0.00149925	0.0184782	0.962078	83.0931
323	0.0102025	0.0562653	0.375767	0.0029985	0.0184782	0.975916	83.0931
324	0.0101216	0.0556092	0.358862	0.00749625	0.0172236	1.0047	77.0174
325	0.0101216	0.0549009	0.349622	0.011994	0.0182345	1.01326	83.0931
326	0.0101216	0.0535983	0.33448	0.011994	0.0178245	1.03982	83.0931
327	0.0101216	0.0531853	0.330725	0.011994	0.0181813	1.0446	83.0931
328	0.0101216	0.0503646	0.303275	0.00749625	0.0178245	1.05892	83.0931
329	0.0101216	0.0496971	0.306131	0.00749625	0.0130054	1.17622	64.8734
330	0.0101216	0.0481063	0.285103	0.005997	0.0124619	1.37609	64.8734
331	0.0101216	0.0469127	0.257412	0.0029985	0.0166333	1.52928	83.0931
332	0.0101216	0.0469276	0.245639	0.0029985	0.0166333	1.63897	84.0603
333	0.0102025	0.0456012	0.232636	0	0.0198411	1.89358	98.138
334	0.0102033	0.0450866	0.221561	0	0.0202	1.98767	98.138
335	0.0102033	0.0444952	0.221561	0	0.0156533	2.03638	83.0931
336	0.0105195	0.0440333	0.221561	0	0.0156533	1.97661	88.8191
337	0.0101216	0.043378	0.206557	0	0.0152854	1.98204	86.9252
338	0.0101216	0.0431841	0.206557	0	0.0152854	2.06595	87.7019
339	0.0101216	0.0428728	0.212084	0	0.0152854	2.0113	87.7019
340	0.0105195	0.0429	0.221561	0	0.0152854	1.97856	94.8321
341	0.0101216	0.0422342	0.206557	0	0.0100421	1.98079	64.2074
342	0.0105195	0.0421651	0.206557	0	0.0102866	2.02896	64.2074
343	0.0105195	0.0416725	0.210548	0	0.0102866	1.97944	65.0579
344	0.0105195	0.0416197	0.212084	0	0.0100421	1.6829	67.8916
345	0.010431	0.0405518	0.206557	0	0.0100421	1.40465	64.2074
346	0.010431	0.0416266	0.210548	0	0.0100421	1.62479	64.2074
347	0.010431	0.0416916	0.212084	0.0029985	0.0100421	1.55562	65.0579
348	0.0101216	0.0412236	0.199128	0.00449775	0.0103625	1.37255	64.2074
349	0.010431	0.0411306	0.206557	0.00449775	0.0103625	1.44218	64.2074
350	0.010431	0.0410068	0.212084	0.00449775	0.0103625	1.27204	64.2074
351	0.0102231	0.0401261	0.206557	0.00449775	0.0100931	1.30178	64.2074
352	0.0102231	0.0384877	0.194842	0.0029985	0.0100624	1.47529	64.2074
353	0.0101216	0.0378879	0.18471	0.00149925	0.0100624	1.43781	64.2074
354	0.0101216	0.0378538	0.18471	0.00149925	0.0156533	1.64028	96.6747
355	0.0101216	0.0381802	0.18515	0.00149925	0.0168729	1.66691	96.6747
356	0.0100997	0.0394739	0.205997	0.00749625	0.0178245	1.71943	96.6747
357	0.0100997	0.0388543	0.194842	0.00449775	0.0164153	1.73332	96.6747
358	0.0104276	0.0377165	0.182293	0.00149925	0.0100624	1.66549	55.4544
359	0.0104276	0.0372558	0.178335	0	0.0100624	1.43477	46.8902
360	0.010431	0.0367183	0.178335	0	0.0100931	1.33638	50.1654
361	0.0102231	0.0372556	0.185524	0.00149925	0.0100931	1.26804	50.1654
362	0.0101216	0.0370678	0.185524	0.0029985	0.0101671	1.23396	50.1654
363	0.0104276	0.0372868	0.194231	0.0029985	0.0100624	1.11913	46.8902
364	0.0104276	0.0352089	0.173571	0	0.0103625	1.13713	46.8902
365	0.010187	0.0346983	0.170544	0	0.0103625	1.17993	51.2804
366	0.0104276	0.0343489	0.173571	0	0.0103625	1.16085	51.2062
367	0.010431	0.0345601	0.178335	0	0.0103625	1.1349	51.6208
368	0.0104066	0.0345758	0.178335	0	0.0102025	1.05315	51.6208
369	0.0101216	0.0344119	0.178335	0	0.0100996	0.856683	51.2804
370	0.0104066	0.0344788	0.185524	0	0.0100996	0.725851	51.2062
371	0.0103264	0.0341903	0.185524	0	0.0100996	0.770275	52.547
372	0.0103264	0.0344619	0.191997	0	0.011245	0.720814	57.3535
373	0.0104066	0.0348916	0.191666	0	0.0103625	0.651532	53.6324
374	0.0104066	0.034424	0.191666	0	0.0100996	0.581996	52.5959
375	0.0104066	0.0342616	0.191666	0	0.0100996	0.556839	52.5959
376	0.0101216	0.0353126	0.191997	0	0.0100996	0.539945	52.5959
377	0.0104066	0.0349031	0.194231	0	0.0100996	0.591376	54.9452
378	0.0101216	0.0360896	0.195783	0.00149925	0.0103625	0.653166	57.3535
379	0.0101216	0.0374256	0.208525	0.00449775	0.0100996	0.775257	57.3535
380	0.0104066	0.0374533	0.208525	0.00449775	0.0156533	0.845191	96.6747
381	0.0101216	0.0372819	0.207111	0.00449775	0.0103625	0.818653	64.2074
382	0.0101216	0.03762	0.219782	0.00449775	0.0103625	0.804758	64.2074
383	0.0105158	0.0376553	0.237165	0.00449775	0.0103625	0.802309	64.2074
384	0.0104066	0.0384365	0.235037	0.00449775	0.0149353	0.908308	93.9662
385	0.0101216	0.038878	0.216073	0.005997	0.0103874	1.00766	64.2074
386	0.0101117	0.0389502	0.216073	0.005997	0.0151707	1.10958	94.8321
387	0.0101216	0.0393258	0.237165	0.005997	0.0132223	1.23946	79.6585
388	0.0101216	0.0401187	0.263633	0.005997	0.0165807	1.25048	99.9343
389	0.0101216	0.0402246	0.263633	0.005997	0.0165767	1.21704	99.9343
390	0.0101216	0.0408673	0.297237	0.0089955	0.0141374	1.21508	84.6737
391	0.0101216	0.041842	0.304949	0.0089955	0.0108431	1.09656	64.2074
392	0.0101257	0.0413483	0.279251	0.005997	0.0108431	1.09047	64.2074
393	0.0101216	0.0420969	0.26857	0.005997	0.0108431	0.979357	64.2074
394	0.0101216	0.0425857	0.279251	0.0029985	0.0111446	0.883806	64.9136
395	0.0101733	0.0439437	0.319562	0.00749625	0.0111446	0.824973	64.9136
396	0.0101733	0.0443499	0.319562	0.005997	0.0112946	0.744578	64.2074
397	0.0101216	0.0449509	0.304949	0.00149925	0.0116517	0.76436	64.2074
398	0.0101216	0.0457607	0.304949	0	0.0116517	0.770366	64.2074
399	0.0101216	0.0467905	0.313386	0	0.0116517	0.686498	64.9136
400	0.0101733	0.0476475	0.319423	0	0.0112946	0.658116	64.2074
401	0.0101216	0.0458751	0.293903	0	0.0112946	0.613408	64.9136
402	0.0101733	0.0461474	0.286569	0	0.0102761	0.594919	60.7145
403	0.0101733	0.0491051	0.318035	0.0029985	0.0102761	0.574112	60.7145
404	0.0101216	0.0501245	0.329944	0.0029985	0.0102761	0.545248	60.7145
405	0.0101216	0.0523281	0.362039	0.005997	0.0106684	0.523671	64.1932
406	0.0101216	0.0530388	0.362039	0.00749625	0.0106684	0.565799	64.1932
407	0.0101733	0.0528365	0.3421	0.005997	0.0106684	0.627934	64.9136
408	0.0101733	0.0542379	0.362039	0.0089955	0.0106684	0.590965	64.9136
409	0.0101733	0.058687	0.403559	0.0164918	0.0106684	0.616955	64.2074
410	0.0101733	0.0587691	0.392383	0.011994	0.0106684	0.679279	67.4427
411	0.0101733	0.0672006	0.594329	0.023988	0.0106684	0.711846	67.4427
412	0.0101733	0.0717322	0.701842	0.029985	0.0106684	0.786259	67.4427
413	0.0101733	0.0765702	0.798921	0.0329835	0.0102761	0.817452	64.1932
414	0.0101838	0.079942	0.835557	0.0344828	0.0106684	0.758625	59.4972
415	0.0101733	0.084341	0.883326	0.0434783	0.0106684	0.811961	62.4106
416	0.0110077	0.0934802	1.02718	0.0524738	0.0106684	0.838045	62.4106
417	0.0107404	0.102342	1.02718	0.0554723	0.0118747	0.893539	69.2266
418	0.0110851	0.116733	1.02718	0.0614693	0.0157483	0.99172	99.1735
419	0.0104458	0.144826	1.65098	0.0974513	0.015638	1.01228	99.1735
420	0.0119872	0.192528	4.5834	0.149925	0.0165109	1.19201	99.5469
421	0.0104825	0.151993	1.73994	0.107946	0.0171836	1.48818	99.5469
422	0.0104825	0.12902	1.15687	0.0704648	0.0236027	2.04552	99.5469
423	0.0115614	0.114542	1.02718	0.047976	0.0236027	2.22483	99.5469
424	0.0104825	0.110417	0.89903	0.0449775	0.0246226	2.62021	99.5469
425	0.0104825	0.108105	0.878146	0.0404798	0.0286266	3.07902	99.5469
426	0.0104825	0.107385	0.878146	0.0389805	0.0333592	3.41864	99.5469
427	0.0104825	0.108959	0.883326	0.0374813	0.0352537	3.72883	99.5469
428	0.011416	0.110804	1.02718	0.0434783	0.0346832	3.56245	99.5469
429	0.011416	0.106706	1.02718	0.0464768
