		omega		Posterior		rho				Synonymous theta			kappa			phi	
Site	Lower	Point	Higher	prob of +ve	Lower	Point	Higher		Lower	Point	Higher	Lower	Point	Higher	Lower	Point	Higher
	95% HPD	estimate	95% HPD	selection	95% HPD	estimate	95% HPD		95% HPD	estimate	95% HPD	95% HPD	estimate	95% HPD	95% HPD	estimate	95% HPD
0	0.0201345	1.17908	67.0794	0.517241	0.0104274	0.519805	45.6798		7.87445e-05	0.000544466	0.00445668	0.367607	6.62093	124.26	1.31301	1.03804e+08	7.12876e+25
1	0.0174925	1.12509	57.9556	0.514243	0.0103746	0.47758	45.6798
2	0.0148728	1.05819	49.6911	0.502249	0.0103746	0.463584	46.6972
3	0.0143374	0.944806	46.557	0.491754	0.0100899	0.471158	48.2678
4	0.0143374	0.870483	45.4527	0.478261	0.0100899	0.48727	45.4032
5	0.0122376	0.816405	37.1532	0.470765	0.0100899	0.529407	49.787
6	0.0135947	0.805309	39.7916	0.470765	0.0100899	0.536459	49.787
7	0.0135947	0.830895	39.7916	0.470765	0.0100899	0.507763	45.4032
8	0.0135947	0.842757	39.7916	0.473763	0.0100962	0.491361	45.4032
9	0.0101323	0.826557	28.2499	0.476762	0.0100899	0.467247	39.9888
10	0.0101323	0.825286	28.2499	0.476762	0.0100899	0.454402	39.9888
11	0.0142661	0.806656	39.9778	0.473763	0.0100899	0.438063	37.3318
12	0.0101323	0.76991	27.886	0.466267	0.0100899	0.431902	36.4493
13	0.0101323	0.756111	28.2499	0.467766	0.0100899	0.444908	37.0586
14	0.0135744	0.728293	42.0183	0.454273	0.0100899	0.451016	37.0586
15	0.0135744	0.746116	44.4594	0.46027	0.0103746	0.455706	37.3318
16	0.0101323	0.720198	30.9398	0.458771	0.0100899	0.457281	33.8054
17	0.0101323	0.758773	30.9398	0.472264	0.0100899	0.482545	39.9888
18	0.0117522	0.693713	30.9398	0.454273	0.0104102	0.470517	40.9946
19	0.0125224	0.666263	29.5536	0.446777	0.0104102	0.471948	46.6972
20	0.0125224	0.688221	29.89	0.446777	0.0104102	0.475498	42.1188
21	0.0125224	0.734971	29.89	0.467766	0.0104102	0.44903	37.0586
22	0.0122376	0.731144	30.9398	0.466267	0.0100899	0.458025	37.3318
23	0.0122376	0.761551	30.9398	0.473763	0.0104102	0.500472	38.9739
24	0.0116576	0.764638	31.1486	0.476762	0.0104582	0.485467	38.6605
25	0.0110863	0.770748	31.1486	0.47976	0.0100899	0.508968	40.2716
26	0.0120038	0.823001	36.1844	0.491754	0.0104582	0.534054	43.9171
27	0.0125662	0.785309	36.1844	0.47976	0.0104582	0.555507	43.9171
28	0.0116576	0.69837	33.9023	0.458771	0.0104582	0.597395	45.2854
29	0.0107981	0.689513	29.89	0.46027	0.0104582	0.602911	46.0458
30	0.0121219	0.685319	36.0624	0.455772	0.0104582	0.641372	46.803
31	0.0117522	0.744347	36.2182	0.470765	0.0112637	0.7398	51.9734
32	0.0130048	0.760551	42.3347	0.476762	0.0119001	0.862543	55.7614
33	0.0128656	0.735638	42.3347	0.475262	0.0119001	0.794794	55.3237
34	0.0125662	0.785241	43.1264	0.484258	0.0119001	0.722033	55.3237
35	0.0107688	0.828095	43.1264	0.490255	0.0119001	0.744027	55.7614
36	0.0225092	0.935797	88.3035	0.511244	0.0114179	0.772533	55.3237
37	0.0228233	0.907453	95.4439	0.506747	0.0117373	0.755612	55.7614
38	0.0168144	0.929568	68.3207	0.512744	0.0117373	0.731874	55.7614
39	0.0168144	0.949865	68.3207	0.517241	0.0119001	0.724009	55.7614
40	0.021948	0.943329	91.4735	0.515742	0.0119473	0.763668	58.9045
41	0.0228233	0.952645	97.2974	0.512744	0.0105125	0.717876	51.8695
42	0.0228233	1.03515	97.2974	0.530735	0.0103032	0.715187	51.6612
43	0.021948	1.08597	91.4735	0.533733	0.0103032	0.771629	51.9734
44	0.0243105	1.23984	95.4439	0.554723	0.0103032	0.741954	51.7865
45	0.0228233	1.38521	87.8886	0.572714	0.0103032	0.677115	51.9734
46	0.0243105	1.4421	91.4735	0.583208	0.0103032	0.595056	51.8695
47	0.0243388	1.61374	94.0819	0.607196	0.0103032	0.54735	51.7865
48	0.0243388	1.65469	97.2974	0.617691	0.0100899	0.520754	44.9833
49	0.0236299	1.69756	98.1451	0.623688	0.0100899	0.531831	41.6171
50	0.0243105	1.94777	91.4735	0.649175	0.0100899	0.498965	41.6171
51	0.0292339	2.38013	98.1451	0.686657	0.0100899	0.491437	41.6171
52	0.0317576	2.73781	97.2974	0.71964	0.0100899	0.507346	39.7702
53	0.0441631	3.08198	98.1451	0.745127	0.0100899	0.527184	43.1714
54	0.0567419	3.56195	98.1451	0.775112	0.0100899	0.521081	43.1714
55	0.0635112	4.04767	91.4735	0.7991	0.0114179	0.56068	50.1376
56	0.112567	4.70075	97.2974	0.821589	0.0103032	0.579872	46.8191
57	0.131417	5.4031	98.3607	0.83958	0.0103032	0.677862	48.1808
58	0.25327	6.84443	98.3607	0.871064	0.0103032	0.708731	48.1808
59	0.345419	8.11459	98.3607	0.901049	0.010081	0.70385	48.1808
60	0.178002	6.06113	97.8788	0.854573	0.010081	0.716946	48.1808
61	0.0874662	4.69172	97.8788	0.808096	0.0100468	0.746048	48.1808
62	0.0520725	3.6247	97.8788	0.761619	0.0100468	0.799902	50.1376
63	0.0404533	3.12485	97.2974	0.730135	0.0100468	0.840455	52.8157
64	0.0369568	2.91162	97.8788	0.715142	0.0100468	0.943416	58.7876
65	0.0369568	2.74412	97.2974	0.701649	0.0139181	0.98122	79.3861
66	0.0357035	2.60809	88.7386	0.691154	0.0139181	0.974811	72.5941
67	0.0357035	2.44425	91.3977	0.676162	0.0176096	0.999065	88.8122
68	0.0357035	2.14348	88.7386	0.647676	0.0159704	1.01408	78.4707
69	0.0311091	1.79566	91.3977	0.617691	0.0159704	1.03044	76.0737
70	0.0271454	1.47109	88.7386	0.577211	0.0139181	1.01962	69.8289
71	0.02619	1.3428	88.7386	0.563718	0.0136694	1.0517	67.5148
72	0.0215829	1.28969	75.5455	0.56072	0.0138343	1.11267	69.3705
73	0.0215829	1.22178	75.5455	0.553223	0.0139181	1.13823	64.8225
74	0.0139639	1.20169	50.096	0.551724	0.0138343	1.21019	61.1254
75	0.0150843	1.21563	56.9322	0.556222	0.0138343	1.20122	62.439
76	0.0148253	1.22669	54.564	0.562219	0.0139914	1.26377	64.772
77	0.0241344	1.21898	91.3977	0.55922	0.0139914	1.19008	64.8225
78	0.0139639	1.21455	56.9322	0.56072	0.0139914	1.13024	64.5415
79	0.0139639	1.19101	56.9322	0.563718	0.0139914	1.1012	64.8225
80	0.010717	1.13127	42.6293	0.55922	0.0139181	1.0628	64.8225
81	0.0108657	1.12461	43.1751	0.554723	0.0137384	1.02428	64.8225
82	0.0107512	1.08266	43.0929	0.550225	0.0137384	1.04701	64.8225
83	0.0107512	1.07906	43.0929	0.550225	0.0138343	1.02601	64.8225
84	0.0107512	1.12602	43.0929	0.562219	0.0138343	0.972987	64.8225
85	0.0107512	1.13979	43.0929	0.565217	0.0140446	0.829795	64.8225
86	0.0107512	1.30507	50.096	0.587706	0.0137384	0.803583	64.8225
87	0.0195423	1.43882	87.8886	0.608696	0.0139181	0.76934	67.5563
88	0.0196891	1.57052	87.8886	0.61919	0.0137384	0.776194	68.1949
89	0.0195423	1.82885	87.8886	0.644678	0.017699	0.744255	88.1253
90	0.0215934	2.14023	96.6618	0.662669	0.0173966	0.795756	81.8156
91	0.0249144	2.53407	96.6618	0.694153	0.0139914	0.803319	64.8225
92	0.0254975	3.07184	91.3977	0.721139	0.0137384	0.75211	62.6805
93	0.0368684	4.05289	96.6618	0.770615	0.0137384	0.775097	61.1001
94	0.0934702	5.99714	96.6618	0.836582	0.0137384	0.827084	62.6805
95	0.835817	10.5263	98.9361	0.938531	0.0170297	0.84841	64.1262
96	0.0687956	5.61811	96.6618	0.836582	0.0170297	0.941092	61.1001
97	0.0329753	3.87078	90.562	0.767616	0.0164299	0.963868	61.1001
98	0.0329753	2.96808	96.6618	0.721139	0.0157588	0.968657	60.0837
99	0.0294671	2.64502	96.0952	0.701649	0.0157588	0.954895	60.0837
100	0.025836	2.34187	91.3977	0.67916	0.0157588	0.876297	67.2232
101	0.0244224	1.97614	96.0952	0.646177	0.0157588	0.845169	67.5983
102	0.021532	1.66217	96.0952	0.616192	0.0154121	0.829847	69.43
103	0.0114685	1.43891	54.3315	0.587706	0.0106989	0.781223	49.5165
104	0.0114685	1.32208	50.0192	0.575712	0.0157747	0.790406	69.854
105	0.0115839	1.27465	49.1752	0.568216	0.0163212	0.833738	69.854
106	0.0116777	1.19142	50.0192	0.562219	0.0163212	0.851225	69.854
107	0.0114685	1.07167	45.0257	0.544228	0.0154121	0.832246	63.1629
108	0.0115839	1.04529	45.0257	0.532234	0.0154121	0.808194	64.5415
109	0.010813	0.877968	40.4574	0.49925	0.0154121	0.838563	69.43
110	0.010813	0.744949	32.9838	0.464768	0.0154121	0.888434	69.43
111	0.010813	0.671741	35.5285	0.443778	0.0168959	0.94849	69.854
112	0.0109925	0.598197	29.4081	0.425787	0.017046	0.933847	69.854
113	0.0109925	0.572936	28.9667	0.422789	0.0154121	0.93167	69.43
114	0.0109925	0.514883	24.4665	0.406297	0.0168959	0.982898	75.1896
115	0.0109925	0.499547	23.254	0.4003	0.0161493	0.973054	73.1189
116	0.0109925	0.483882	22.2708	0.395802	0.0161493	0.991309	73.1189
117	0.0109925	0.415056	20.9084	0.367316	0.0109972	0.927743	57.3102
118	0.0109925	0.392932	21.2906	0.353823	0.0155342	0.894833	69.854
119	0.010813	0.373851	21.3713	0.344828
