		omega		Posterior		rho				Synonymous theta			kappa			phi	
Site	Lower	Point	Higher	prob of +ve	Lower	Point	Higher		Lower	Point	Higher	Lower	Point	Higher	Lower	Point	Higher
	95% HPD	estimate	95% HPD	selection	95% HPD	estimate	95% HPD		95% HPD	estimate	95% HPD	95% HPD	estimate	95% HPD	95% HPD	estimate	95% HPD
0	0.0185624	2.8655	25.7108	0.802099	0.0100428	0.0626875	3.39807		0.0171689	0.029055	0.0461357	1.04899	2.32393	4.78012	4.29506	16.8121	41.6174
1	1.42381	6.75843	29.9337	0.965517	0.0100117	0.0480868	0.911065
2	3.39178	8.29367	27.4423	1	0.0100117	0.0427156	0.497019
3	3.42971	8.3531	27.4423	1	0.0100117	0.0397045	0.398974
4	3.39307	8.40782	27.4423	1	0.0100117	0.0369643	0.269219
5	3.42971	8.5234	29.9337	1	0.0100117	0.035509	0.256499
6	3.15358	8.57396	29.6659	1	0.0100117	0.0349312	0.235954
7	0.0100397	0.0255346	0.0863049	0	0.0100117	0.0339125	0.206035
8	0.0100397	0.0255312	0.0867871	0	0.0101377	0.0324122	0.189726
9	0.0100397	0.0255213	0.0867871	0	0.0100117	0.0322097	0.181176
10	0.0100397	0.0254784	0.0867871	0	0.0100117	0.031983	0.175949
11	0.0100397	0.0254773	0.0867871	0	0.0100117	0.0316585	0.166336
12	0.010237	0.0255459	0.0897154	0	0.0100117	0.0316002	0.175949
13	0.010237	0.0256664	0.0897154	0	0.0100117	0.0309894	0.175949
14	0.010237	0.025665	0.0897154	0	0.0100117	0.0301304	0.160554
15	0.010237	0.025775	0.0897154	0	0.0100117	0.0302553	0.160554
16	0.010237	0.025837	0.0895938	0	0.0100117	0.0297506	0.148084
17	0.0102813	0.0259744	0.0897154	0	0.0100117	0.0294974	0.137048
18	0.0103838	0.0260596	0.0897154	0	0.0100428	0.0289707	0.123089
19	0.0102813	0.0262594	0.0897154	0	0.0100428	0.0288266	0.123089
20	0.0101079	0.0263354	0.0897154	0	0.0100117	0.0294037	0.141552
21	0.0100397	0.0264245	0.0897154	0	0.0100117	0.0291993	0.141552
22	0.0100397	0.0266011	0.0897154	0	0.0100117	0.0294881	0.143847
23	0.010237	0.0266103	0.0897154	0	0.0100117	0.0298087	0.148084
24	0.0101079	0.0267783	0.0897154	0	0.0100117	0.0298196	0.151004
25	0.0101079	0.0268327	0.0897154	0	0.0100117	0.0296275	0.151004
26	0.0100397	0.0271334	0.0897154	0	0.0101377	0.0294673	0.154001
27	0.010237	0.0274696	0.0933908	0	0.0100117	0.0297376	0.157771
28	0.0103972	0.0276345	0.0933908	0	0.0101377	0.0298154	0.166879
29	0.0103972	0.0279027	0.0933908	0	0.0101377	0.0296178	0.166879
30	0.0103838	0.0282029	0.0956948	0	0.0101377	0.029385	0.166879
31	0.0103838	0.0282669	0.0956948	0	0.0100117	0.0292159	0.157771
32	0.0103838	0.0283296	0.0933908	0	0.0100117	0.0294675	0.166879
33	0.0103838	0.0284286	0.0933908	0	0.0100117	0.0293667	0.173626
34	0.0102813	0.028597	0.0933908	0	0.0100117	0.0298321	0.175949
35	0.0102813	0.0287011	0.0933908	0	0.0100117	0.0299028	0.175949
36	0.0103838	0.02888	0.0956948	0	0.0100117	0.0299598	0.176971
37	0.0103838	0.0289217	0.0956948	0	0.0100117	0.0292517	0.173626
38	0.0105753	0.0289572	0.0972911	0	0.0101509	0.0298527	0.188023
39	0.0105753	0.0289591	0.0972911	0	0.0100117	0.029244	0.166879
40	0.0105753	0.0290191	0.0975047	0	0.0100117	0.0292723	0.166879
41	0.0105753	0.0290581	0.0975047	0	0.0100117	0.0295071	0.166879
42	0.0105753	0.0290337	0.0975047	0	0.0100117	0.0298686	0.173834
43	0.0105753	0.0291584	0.0982874	0	0.0100117	0.0293821	0.173626
44	0.0105753	0.0291899	0.0982874	0	0.0100117	0.0291148	0.155241
45	0.0105753	0.0291891	0.0975047	0	0.0100117	0.028635	0.154426
46	0.0107538	0.0293046	0.0986414	0	0.0100117	0.0294438	0.164213
47	0.0107538	0.0293002	0.0986414	0	0.0100117	0.0291115	0.154426
48	0.0107538	0.0292753	0.0986414	0	0.0100117	0.028906	0.154426
49	0.0107538	0.0293491	0.0986414	0	0.0100117	0.0282813	0.141177
50	0.0107538	0.0293829	0.0986414	0	0.0100117	0.0281954	0.136429
51	0.0107538	0.0293682	0.0986414	0	0.0100117	0.0280327	0.136429
52	0.0105753	0.029461	0.0975047	0	0.0100117	0.0278861	0.123761
53	0.0105753	0.0294942	0.0975047	0	0.0100117	0.0276402	0.122299
54	0.0105753	0.0294993	0.0975047	0	0.0100117	0.0276359	0.118718
55	0.0105753	0.0295693	0.0975047	0	0.0100117	0.0277988	0.124665
56	0.0105753	0.0296396	0.0975047	0	0.0100117	0.0276684	0.12553
57	0.0105931	0.0297559	0.0975047	0	0.0100117	0.0275134	0.124665
58	0.0107538	0.0297704	0.0982874	0	0.0100117	0.0276153	0.124665
59	0.0107538	0.0297118	0.0985576	0	0.0100117	0.0277257	0.124665
60	0.0107538	0.0297427	0.0975582	0	0.0100117	0.0269697	0.109862
61	0.0107538	0.029815	0.0975582	0	0.0100117	0.0276081	0.122299
62	0.0107538	0.0298187	0.0975582	0	0.0100117	0.0285877	0.130262
63	0.0107538	0.0298349	0.0975582	0	0.0100117	0.0280284	0.130262
64	0.0107538	0.0297669	0.0975582	0	0.0100117	0.0270339	0.122299
65	0.0107538	0.0297941	0.0975582	0	0.0100117	0.0320493	0.173626
66	0.0108146	0.029811	0.0985576	0	0.0100117	0.0282627	0.130742
67	0.0108146	0.0298174	0.0985576	0	0.0100117	0.0279383	0.130262
68	0.0108146	0.0298018	0.0985576	0	0.0100117	0.0281095	0.136873
69	0.0108146	0.0297909	0.0985576	0	0.0100158	0.0284873	0.138146
70	0.0108146	0.0298302	0.0985576	0	0.0101305	0.0290993	0.156153
71	0.0108146	0.0298417	0.0985576	0	0.0100158	0.0293158	0.156153
72	0.0108146	0.0298621	0.0985576	0	0.0100158	0.0288958	0.138146
73	0.0108146	0.0298663	0.0985576	0	0.0100158	0.0284285	0.12553
74	0.0107538	0.0299866	0.0997463	0	0.0100158	0.0284111	0.12553
75	0.0107538	0.0300337	0.100768	0	0.0101305	0.0281997	0.122401
76	0.0106246	0.0301278	0.100768	0	0.0101305	0.0278015	0.10804
77	0.0106246	0.0300957	0.100768	0	0.0101305	0.027853	0.10804
78	0.0106246	0.0301191	0.100768	0	0.0100158	0.027559	0.101162
79	0.0106246	0.0301108	0.100768	0	0.0100158	0.0275696	0.101162
80	0.0106246	0.0301654	0.100768	0	0.0100158	0.0281534	0.110261
81	0.0106246	0.0301743	0.100768	0	0.0101305	0.0283368	0.133866
82	0.0106246	0.0301408	0.100768	0	0.0100158	0.0278901	0.110261
83	0.0106246	0.0300519	0.100768	0	0.0100158	0.0283333	0.122299
84	0.0102219	0.0300959	0.0985576	0	0.0101305	0.029227	0.143771
85	0.0102219	0.0297739	0.0985576	0	0.0100158	0.0297701	0.154426
86	0.0100397	0.0301643	0.101248	0.00149925	0.0100158	0.0308213	0.173626
87	0.0106246	0.0309955	0.11948	0.00149925	0.0100158	0.0312403	0.180719
88	0.0102219	0.0307651	0.11526	0.00149925	0.0100158	0.0315575	0.177556
89	0.0100397	0.0309589	0.11453	0.0029985	0.0100158	0.0330005	0.201498
90	0.0100397	0.0312555	0.115499	0.0029985	0.0100158	0.035051	0.255303
91	0.010103	0.0313018	0.115499	0.00449775	0.0100158	0.0357213	0.284108
92	0.0100397	0.0317535	0.119035	0.00149925	0.0100158	0.0362543	0.315324
93	0.0100397	0.0322219	0.125876	0.0029985	0.0100158	0.036279	0.315324
94	0.0100397	0.032805	0.129356	0.00749625	0.0101305	0.0364703	0.437801
95	0.010103	0.0326814	0.13123	0.00749625	0.0101305	0.0362267	0.359343
96	0.010103	0.0315155	0.123371	0.00449775	0.0101305	0.0360123	0.355716
97	0.0100397	0.0311969	0.119035	0.0029985	0.0101305	0.0354076	0.330081
98	0.010103	0.0314856	0.123371	0.00449775	0.0101305	0.0358156	0.341504
99	0.0102219	0.0316351	0.130774	0.00149925	0.0101305	0.0347058	0.330081
100	0.0100397	0.0314381	0.127383	0	0.0101305	0.0346279	0.330081
101	0.0102219	0.0317574	0.130774	0.00149925	0.0101305	0.0347305	0.330081
102	0.0102219	0.0314801	0.130774	0.00149925	0.0100906	0.0344487	0.330081
103	0.0102219	0.0314815	0.13123	0.00149925	0.0100906	0.0328842	0.201498
104	0.0100397	0.0307222	0.118357	0	0.0100906	0.0324764	0.194349
105	0.0102219	0.0313871	0.13123	0.0029985	0.0100906	0.0327033	0.21848
106	0.0100397	0.0306861	0.125876	0	0.0100906	0.0330853	0.201498
107	0.0101438	0.0312489	0.13123	0	0.0100906	0.0339131	0.238738
108	0.0102219	0.0311302	0.13123	0	0.0100906	0.0338929	0.238738
109	0.0101438	0.0311251	0.13123	0	0.0100906	0.0339657	0.201498
110	0.010036	0.030825	0.129356	0	0.0100906	0.0339975	0.190839
111	0.0100909	0.0314201	0.13123	0.00149925	0.0100906	0.0319731	0.13074
112	0.010036	0.031536	0.130774	0	0.0100906	0.0310232	0.126372
113	0.010036	0.0314372	0.130774	0	0.0100906	0.0304134	0.121754
114	0.010036	0.0314795	0.13123	0	0.0100906	0.0303508	0.126372
115	0.010036	0.0311624	0.13123	0	0.0100906	0.0307239	0.131844
116	0.010036	0.0307348	0.130774	0	0.0100906	0.0299737	0.126372
117	0.0100909	0.0304919	0.13123	0	0.0100906	0.0313696	0.142855
118	0.010036	0.0306199	0.13123	0	0.0100906	0.0322387	0.157689
119	0.010036	0.0306911	0.143571	0.00149925	0.0100906	0.0328053	0.152699
120	0.010036	0.0297526	0.129356	0.00149925	0.0100906	0.0334922	0.157689
121	0.010036	0.0294543	0.12842	0.00149925	0.0101982	0.0339282	0.166888
122	0.010036	0.0297857	0.130774	0.0029985	0.0100906	0.0348415	0.166888
123	0.010036	0.0293439	0.13123	0.00149925	0.0101509	0.0350154	0.166888
124	0.010036	0.0292398	0.13123	0.0029985	0.0101982	0.0357722	0.170594
125	0.010036	0.0290901	0.143571	0.0029985	0.0101509	0.035926	0.170594
126	0.010036	0.0291321	0.13123	0.0029985	0.0100906	0.0357197	0.166888
127	0.010036	0.0288718	0.122167	0.0029985	0.0100906	0.0367629	0.172774
128	0.0100273	0.0291658	0.126477	0.00449775	0.0100906	0.0382554	0.197767
129	0.0100273	0.0288244	0.121337	0.0029985	0.0100906	0.0379276	0.196076
130	0.0100273	0.0283708	0.119962	0	0.0101911	0.036948	0.170594
131	0.0100273	0.0280286	0.115338	0	0.0100906	0.0381237	0.185533
132	0.0100273	0.0279592	0.115338	0	0.0100906	0.0380415	0.181075
133	0.0100273	0.0280547	0.119962	0	0.0100906	0.0379688	0.185533
134	0.0100273	0.0282831	0.122396	0	0.0100906	0.0382661	0.185533
135	0.0100273	0.0284141	0.126477	0	0.0101509	0.0374668	0.1814
136	0.0100273	0.0287226	0.131473	0	0.0100906	0.0375869	0.1814
137	0.0100397	0.0287072	0.143571	0.00149925	0.0100906	0.038056	0.185533
138	0.0100397	0.0287726	0.143571	0.00149925	0.0100906	0.0381318	0.185533
139	0.0100273	0.0283961	0.123371	0.0029985	0.0100906	0.0376875	0.185533
140	0.0100273	0.0280806	0.119962	0.0029985	0.010339	0.0380464	0.197792
141	0.0100273	0.0281161	0.121337	0.0029985	0.010227	0.0387589	0.197792
142	0.0100273	0.0282921	0.123371	0.0029985	0.010339	0.0381171	0.197792
143	0.0100273	0.028185	0.123371	0.00149925	0.0100906	0.0369555	0.1814
144	0.0100273	0.0282276	0.130316	0.00149925	0.0101509	0.0371991	0.1814
145	0.0100273	0.0285477	0.145371	0.00149925	0.0100906	0.0384767	0.194751
146	0.0100273	0.0284851	0.15231	0.00149925	0.0101509	0.041422	0.225968
147	0.0100273	0.0287019	0.15231	0.00149925	0.0100906	0.0434932	0.234379
148	0.0100273	0.0285905	0.15231	0	0.0100906	0.0454482	0.263709
149	0.0100397	0.0287812	0.155009	0	0.0100906	0.0475038	0.408405
150	0.0100273	0.0285793	0.154443	0	0.0100906	0.0487378	0.408405
151	0.0100273	0.0288329	0.157392	0	0.0100906	0.0504033	0.551101
152	0.0100273	0.0287753	0.157392	0	0.0101509	0.0504171	0.764611
153	0.0100273	0.0288648	0.166608	0	0.0100906	0.0515815	1.03576
154	0.0100273	0.0291094	0.183373	0.00149925	0.0100906	0.0509365	0.764611
155	0.0100273	0.0290242	0.183373	0.00149925	0.0100906	0.0504813	0.749819
156	0.0100273	0.0292134	0.183373	0.0029985	0.0100906	0.0507704	0.723031
157	0.0100273	0.0290719	0.190902	0.0029985	0.0100906	0.0509797	0.635629
158	0.0100273	0.0286196	0.190902	0.0029985	0.0100906	0.0520346	0.574446
159	0.0100273	0.0284326	0.189855	0.00149925	0.0100906	0.0519955	0.533806
160	0.0100273	0.02901	0.197181	0.005997	0.0100906	0.0526285	0.505914
161	0.0100273	0.0293783	0.197181	0.0089955	0.0100906	0.0518416	0.431666
162	0.0100273	0.0291614	0.189855	0.0089955	0.0101509	0.0514974	0.418089
163	0.0100543	0.0290885	0.189235	0.0089955	0.0100906	0.0522984	0.431666
164	0.0100543	0.0287369	0.171277	0.005997	0.0100906	0.0507148	0.382884
165	0.0100817	0.0280812	0.155272	0	0.0101509	0.047809	0.301467
166	0.0100817	0.0281996	0.155272	0	0.0100906	0.0452257	0.274465
167	0.0100543	0.0281057	0.154443	0	0.0100906	0.0425751	0.241392
168	0.0100543	0.0285257	0.154443	0.00149925	0.0100906	0.0421032	0.229192
169	0.0100543	0.0283986	0.146751	0	0.0100906	0.0417288	0.203669
170	0.0100543	0.0282234	0.146751	0	0.0100906	0.0415798	0.18856
171	0.0100543	0.0284884	0.154443	0	0.0100906	0.0411081	0.182458
172	0.0100543	0.0290107	0.155272	0	0.0101509	0.0418259	0.186415
173	0.0100543	0.0293899	0.171277	0	0.0100906	0.0418597	0.18856
174	0.0100543	0.0296278	0.175423	0	0.0100906	0.0424371	0.197767
175	0.0100543	0.0302556	0.177228	0	0.0101911	0.0426199	0.197767
176	0.0100543	0.0303229	0.176289	0	0.0101911	0.045242	0.241392
177	0.0100543	0.0305975	0.179574	0.00149925	0.0101911	0.0502911	0.313445
178	0.0100543	0.031316	0.195909	0.00149925	0.0100906	0.0652408	2.41297
179	0.0100543	0.032106	0.209922	0.0029985	0.0100906	0.0768879	8.08169
180	0.0100819	0.031723	0.203077	0.00449775	0.0101911	0.0872884	9.74186
181	0.0101634	0.0316184	0.197947	0.0029985	0.0101911	0.0990726	15.3102
182	0.0102092	0.0313841	0.197947	0.00149925	0.0101911	0.105991	15.4798
183	0.0100819	0.0329662	0.231494	0.00449775	0.0102289	0.12218	19.6124
184	0.0100909	0.0311155	0.183373	0.00149925	0.0102289	0.141995	24.8218
185	0.0100909	0.0309722	0.183373	0.0029985	0.0101911	0.147215	23.9859
186	0.0100909	0.0301627	0.162624	0.00149925	0.0101911	0.151587	24.4067
187	0.0100909	0.0295779	0.15231	0	0.0102289	0.157208	24.8218
188	0.0101634	0.0293709	0.15231	0.00149925	0.0101911	0.164199	26.4396
189	0.0100909	0.0290647	0.139927	0.00149925	0.0101911	0.171837	26.5842
190	0.0100909	0.0297324	0.15231	0.0029985	0.0101911	0.187987	26.5842
191	0.0100909	0.0301137	0.160411	0.0029985	0.0101911	0.198086	27.8149
192	0.0100909	0.0298607	0.162624	0.00149925	0.0104807	0.206009	27.1685
193	0.0100909	0.030079	0.16457	0.00149925	0.0104807	0.209385	27.1685
194	0.0100909	0.0297356	0.162624	0.00449775	0.0101911	0.216594	24.8218
195	0.0101634	0.0291908	0.15231	0.00449775	0.0106415	0.212339	24.8218
196	0.0100909	0.0288309	0.13301	0.0029985	0.0104807	0.213941	24.8218
197	0.0100909	0.0292815	0.139927	0.005997	0.0104807	0.220649	24.8218
198	0.0100909	0.0289777	0.139927	0.00149925	0.0102395	0.201911	19.6124
199	0.0100909	0.0290589	0.139927	0.00149925	0.0104807	0.202263	19.6124
200	0.0101641	0.0291735	0.149965	0.0029985	0.0104807	0.19808	22.0297
201	0.0101641	0.0293812	0.149965	0.0029985	0.0106415	0.200261	24.8218
202	0.0100381	0.0293061	0.145629	0	0.0104807	0.172784	15.9233
203	0.0100381	0.0296028	0.147161	0	0.0104807	0.170978	15.9233
204	0.0100381	0.0301857	0.149965	0.00149925	0.010457	0.164339	13.2636
205	0.0100381	0.0301026	0.149965	0.00149925	0.0104807	0.155704	11.6002
206	0.0100381	0.0304375	0.149902	0.00149925	0.010457	0.155294	7.00893
207	0.0100381	0.0310986	0.158025	0.00449775	0.0107781	0.15098	6.16305
208	0.0100381	0.0312578	0.158025	0.005997	0.0104807	0.148684	5.3731
209	0.0100381	0.0308866	0.16457	0.005997	0.0104572	0.141747	2.94713
210	0.0100381	0.0307633	0.16457	0.005997	0.0104572	0.134685	1.63134
211	0.0100381	0.0297585	0.154567	0.00149925	0.0109636	0.126018	1.11711
212	0.0100255	0.0295317	0.149902	0.00149925	0.0107781	0.117632	0.926393
213	0.0100255	0.0293836	0.147161	0.00149925	0.0110394	0.119107	0.969456
214	0.0100255	0.0296785	0.151625	0.00149925	0.0110394	0.120109	0.969456
215	0.0100255	0.0299473	0.154881	0.00149925	0.0111162	0.125213	1.08566
216	0.0100255	0.0298515	0.154881	0.00149925	0.0110394	0.129588	1.09887
217	0.0100255	0.0294985	0.151625	0.00149925	0.0110394	0.131877	1.20968
218	0.0100255	0.0296291	0.151625	0	0.0103448	0.136238	1.25145
219	0.0100255	0.0297358	0.153269	0	0.0104572	0.142703	1.63134
220	0.0100255	0.0301643	0.154881	0.00149925	0.0103448	0.151546	2.65079
221	0.0100255	0.0303036	0.154881	0	0.0104572	0.162751	3.87509
222	0.0100255	0.0313437	0.164898	0	0.0103448	0.166071	5.34859
223	0.0100255	0.0319424	0.17021	0.00149925	0.010659	0.175635	8.31368
224	0.0100255	0.0324046	0.173112	0.0029985	0.0103448	0.180015	8.31368
225	0.0100381	0.032321	0.17021	0.00149925	0.0104572	0.170868	8.31368
226	0.0100381	0.0316731	0.164068	0	0.0104572	0.167673	7.12749
227	0.0100381	0.0320984	0.164068	0	0.0108059	0.165104	8.31368
228	0.0100381	0.0330336	0.167934	0	0.0103448	0.153611	7.12749
229	0.0100381	0.0339424	0.175965	0.00149925	0.0103448	0.153033	7.12749
230	0.0100381	0.0344914	0.187623	0	0.0108059	0.15559	8.31368
231	0.0100414	0.0353604	0.193426	0	0.0104572	0.145919	6.41713
232	0.0100414	0.0355862	0.196771	0	0.0103448	0.137111	5.64507
233	0.0100414	0.0361709	0.198125	0	0.0103448	0.131417	5.04504
234	0.0100414	0.0366809	0.216383	0	0.010676	0.119211	2.65702
235	0.0100414	0.037327	0.230565	0	0.0103448	0.114351	2.05461
236	0.0100414	0.0378022	0.233425	0	0.0103448	0.110953	2.05461
237	0.0100414	0.0388386	0.237218	0.00149925	0.0101394	0.103468	1.62951
238	0.0100414	0.0391166	0.243029	0.00149925	0.010427	0.0949719	1.4331
239	0.0100414	0.0396257	0.25235	0.00149925	0.0104075	0.0930239	1.4331
240	0.0100414	0.0415562	0.284911	0.00149925	0.0103448	0.0966491	1.5716
241	0.0100414	0.0425074	0.305624	0.00149925	0.0101394	0.0948114	1.5716
242	0.0100414	0.0438484	0.319844	0.005997	0.0104075	0.0923842	1.63109
243	0.0100414	0.0449117	0.314124	0.00749625	0.0101394	0.0874555	1.54066
244	0.0100458	0.0465077	0.37557	0.0089955	0.0101394	0.0813603	1.36752
245	0.0100458	0.0478798	0.43443	0.0104948	0.0103448	0.0826562	1.4567
246	0.0102878	0.0517101	0.536234	0.0194903	0.0100816	0.0810927	1.4331
247	0.0100458	0.0580679	0.82375	0.0329835	0.0100816	0.0776922	1.36752
248	0.0100458	0.0601848	0.863923	0.0374813	0.0100816	0.0757306	1.21473
249	0.0100458	0.0636583	0.970744	0.0494753	0.0100816	0.0737885	1.16773
250	0.0100458	0.0695398	1.08707	0.0629685	0.0100816	0.0717191	1.12095
251	0.0100458	0.0803739	1.37176	0.0869565	0.0100816	0.0714741	1.10456
252	0.0100458	0.0894369	1.49926	0.106447	0.0100816	0.070656	1.0094
253	0.0100458	0.118655	2.23289	0.155922	0.0100816	0.0697689	0.994678
254	0.0100458	0.155168	2.77118	0.206897	0.0100816	0.0675541	0.701967
255	0.0104674	0.272492	4.12404	0.326837	0.0101394	0.0704347	0.918291
256	0.0276609	0.911538	10.6025	0.584708	0.0100816	0.0716918	0.918291
257	0.0307735	0.954944	10.6025	0.596702	0.0100816	0.0746601	1.04374
258	0.0395448	1.08369	10.6025	0.626687	0.0101375	0.0857275	1.63046
259	0.0759516	1.35887	10.6025	0.689655	0.0100816	0.0955577	2.48865
260	0.421054	2.03821	12.6681	0.790105	0.0100816	0.0999649	3.71544
261	0.440982	2.15398	12.6681	0.806597
