		omega		Posterior		rho				Synonymous theta			kappa			phi	
Site	Lower	Point	Higher	prob of +ve	Lower	Point	Higher		Lower	Point	Higher	Lower	Point	Higher	Lower	Point	Higher
	95% HPD	estimate	95% HPD	selection	95% HPD	estimate	95% HPD		95% HPD	estimate	95% HPD	95% HPD	estimate	95% HPD	95% HPD	estimate	95% HPD
0	0.0100324	0.0542196	0.353471	0.023988	0.0166113	1.08173	63.1216		0.0409658	0.0539497	0.0711239	2.98078	5.73981	10.3871	0	0	0
1	0.0100324	0.051963	0.317372	0.0104948	0.0121731	1.40024	48.6236
2	0.0100324	0.051217	0.317372	0.0104948	0.0206066	1.42705	91.5428
3	0.0100324	0.0486715	0.257558	0.00149925	0.0210324	1.45651	91.5428
4	0.0100324	0.0493303	0.27436	0	0.0210324	1.49595	91.8772
5	0.0100324	0.0494758	0.27436	0	0.0198383	1.3254	91.8772
6	0.0100324	0.0496231	0.260099	0	0.010941	1.16325	54.3311
7	0.0100324	0.048753	0.248723	0	0.010941	1.01274	56.7279
8	0.0100324	0.0489408	0.246619	0	0.0100587	0.90686	53.2964
9	0.0100324	0.0482634	0.245742	0.00149925	0.0101926	0.882657	53.2964
10	0.0100324	0.0486551	0.245742	0.00149925	0.0101926	0.935748	53.2964
11	0.0100324	0.050048	0.248723	0.00449775	0.0101926	0.963715	48.6236
12	0.0100324	0.0495561	0.233399	0	0.0101926	0.967615	47.7158
13	0.0107379	0.0504715	0.260212	0	0.0101926	0.949395	52.8759
14	0.0100324	0.050457	0.232536	0	0.0101926	0.882603	58.7699
15	0.0100324	0.0514007	0.233399	0	0.0147033	0.877581	91.8772
16	0.0107379	0.0515213	0.257558	0	0.0147303	0.887828	93.3421
17	0.0107379	0.0526241	0.260212	0	0.0147303	0.85162	93.3421
18	0.0107379	0.0521614	0.257558	0	0.0147576	0.858484	93.3421
19	0.0100324	0.0534307	0.251776	0	0.0147576	0.814264	93.3421
20	0.0101922	0.0538386	0.260212	0	0.0147303	0.806774	91.8772
21	0.0101922	0.0544226	0.260212	0.0029985	0.0147576	0.81019	93.3421
22	0.0107592	0.0546965	0.260212	0.00149925	0.0147576	0.771528	93.3421
23	0.0100324	0.0546599	0.235241	0.0029985	0.0147576	0.69866	93.3421
24	0.0100324	0.0548894	0.235241	0.0029985	0.0147576	0.693032	93.3421
25	0.0107379	0.0568072	0.257558	0.00449775	0.0147576	0.687773	93.3421
26	0.0100324	0.0602302	0.263352	0.00749625	0.0143487	0.650106	93.3421
27	0.0100324	0.0614617	0.258804	0.0029985	0.0113712	0.626065	75.5151
28	0.0100324	0.0626233	0.27529	0.00449775	0.0119358	0.616116	75.5151
29	0.0107592	0.0632752	0.272181	0.0029985	0.0100838	0.554764	59.7977
30	0.0106622	0.0659421	0.286104	0	0.0101926	0.510252	59.7977
31	0.0123225	0.0667767	0.344789	0.00149925	0.0101926	0.466482	51.7886
32	0.0123225	0.066801	0.356386	0.0029985	0.0101926	0.387428	48.6236
33	0.0123225	0.0693333	0.365022	0.0029985	0.0101926	0.359591	44.932
34	0.0112159	0.0710784	0.344789	0.0029985	0.0101926	0.333778	50.9124
35	0.0112159	0.0740321	0.363058	0.0029985	0.0101531	0.319184	44.932
36	0.0147387	0.0793521	0.514008	0.00449775	0.0107819	0.296116	44.932
37	0.0123225	0.0850362	0.475799	0.0029985	0.0101531	0.280608	34.951
38	0.0148711	0.0896189	0.514008	0.0029985	0.0101531	0.240673	26.9353
39	0.0170908	0.0935136	0.585051	0.0029985	0.0101531	0.212511	15.6686
40	0.0147387	0.0970345	0.563368	0.005997	0.0101531	0.182452	11.584
41	0.0161347	0.101365	0.585051	0.005997	0.0101531	0.158181	8.78287
42	0.0148711	0.105066	0.563368	0.0089955	0.0101531	0.140597	4.82801
43	0.0172953	0.114365	0.678455	0.017991	0.0101926	0.128275	2.49951
44	0.0189939	0.112246	0.678455	0.0149925	0.0101531	0.116691	1.72693
45	0.0207135	0.114581	0.715644	0.017991	0.0107819	0.108622	1.19126
46	0.0210311	0.114988	0.715644	0.0194903	0.0101531	0.104908	1.11631
47	0.0210311	0.116058	0.715644	0.0209895	0.0101531	0.0980383	0.892692
48	0.0207135	0.117203	0.715644	0.0209895	0.0101531	0.0895859	0.68013
49	0.019202	0.117348	0.678455	0.0209895	0.0101531	0.0889731	0.716779
50	0.0189939	0.119093	0.734345	0.0254873	0.0101531	0.0786521	0.612493
51	0.0151044	0.122637	0.734345	0.0284858	0.0101531	0.0721015	0.523243
52	0.0161347	0.11221	0.734345	0.023988	0.0101531	0.0690319	0.50178
53	0.0161347	0.103515	0.678455	0.0164918	0.0101531	0.0671506	0.441097
54	0.0164708	0.0948449	0.678455	0.0089955	0.0101531	0.0669029	0.436782
55	0.0154798	0.090721	0.59173	0.005997	0.0101531	0.0664865	0.444441
56	0.0159076	0.0875808	0.594357	0.00449775	0.0101531	0.0652871	0.429531
57	0.0121853	0.0842593	0.455344	0.0029985	0.0101531	0.0646515	0.412631
58	0.0123814	0.0828441	0.455344	0.0029985	0.0101531	0.0621167	0.356084
59	0.0121853	0.0823358	0.451474	0.0029985	0.0101531	0.0596357	0.33992
60	0.0121853	0.0824849	0.475799	0.00449775	0.0101619	0.0588448	0.324719
61	0.0121853	0.0803505	0.475799	0.0029985	0.0101619	0.0562613	0.306492
62	0.0105316	0.0762453	0.377168	0.00149925	0.0101619	0.0544304	0.306492
63	0.0105316	0.0747708	0.372742	0.0029985	0.0101926	0.0513477	0.275989
64	0.0105316	0.0721365	0.356386	0.00449775	0.0101619	0.0497224	0.257546
65	0.0105551	0.0704275	0.342386	0.00449775	0.0101619	0.0480164	0.240545
66	0.0103183	0.0688266	0.342386	0.00449775	0.0101619	0.047238	0.230335
67	0.0103183	0.0680046	0.342386	0.00449775	0.0101926	0.0452961	0.204557
68	0.0103183	0.0655191	0.335727	0.00449775	0.0101926	0.0440867	0.178931
69	0.0103183	0.0651084	0.335727	0.005997	0.0101926	0.0424929	0.169729
70	0.0103183	0.0633366	0.306929	0.00449775	0.0101619	0.041992	0.164388
71	0.0103183	0.0631331	0.305206	0.00149925	0.0101926	0.0417152	0.157103
72	0.0103183	0.0606054	0.280001	0	0.0100203	0.0416269	0.156824
73	0.0103183	0.0595404	0.273016	0	0.0100203	0.0414358	0.151852
74	0.0104565	0.0593503	0.280052	0	0.0101619	0.0411978	0.149927
75	0.0103183	0.0600734	0.280001	0.00449775	0.0101619	0.0412401	0.149062
76	0.0101228	0.0607305	0.29722	0.00449775	0.0100203	0.0419611	0.149927
77	0.0103183	0.0607168	0.318396	0.00449775	0.0101619	0.0416433	0.149927
78	0.0101228	0.0600487	0.306929	0.00449775	0.0101619	0.0414139	0.149043
79	0.0101228	0.0598743	0.29722	0.00449775	0.0100203	0.0412102	0.143315
80	0.0100034	0.0595714	0.29722	0.00149925	0.0100203	0.0413304	0.142789
81	0.0100034	0.0610879	0.34038	0.00149925	0.0100203	0.0414825	0.142789
82	0.0100034	0.0617523	0.352344	0.00149925	0.0100203	0.0418095	0.142789
83	0.0100034	0.0638849	0.372742	0.00449775	0.0101619	0.0422808	0.148531
84	0.0100034	0.0642069	0.361233	0.005997	0.0101619	0.0423763	0.148531
85	0.0100034	0.0630645	0.328602	0.0029985	0.0100203	0.0423845	0.143315
86	0.0100034	0.0640083	0.34038	0.005997	0.0100203	0.0428381	0.148203
87	0.0100034	0.0650875	0.372742	0.00749625	0.0100203	0.0424695	0.148203
88	0.0100034	0.0668976	0.412889	0.0104948	0.0101926	0.0434109	0.155693
89	0.0100034	0.0726817	0.484946	0.0254873	0.0100203	0.0445444	0.157818
90	0.0100034	0.100496	2.6427	0.0929535	0.0101926	0.0451859	0.161354
91	0.0100034	0.0692229	0.484946	0.0284858	0.0101926	0.0461477	0.166647
92	0.0100034	0.0599003	0.361233	0.0149925	0.0100364	0.0477006	0.188474
93	0.0103764	0.054504	0.275584	0.00449775	0.0101926	0.0486557	0.207037
94	0.0100034	0.0524271	0.252343	0.00449775	0.0100364	0.047845	0.188474
95	0.0100034	0.0506022	0.238504	0.00449775	0.0100364	0.0475166	0.17564
96	0.0100034	0.0485111	0.230651	0.0029985	0.0101619	0.0480123	0.19464
97	0.0100034	0.046767	0.220212	0.0029985	0.0101619	0.0480427	0.195504
98	0.0100034	0.0457506	0.219714	0.0029985	0.0101619	0.0497558	0.225577
99	0.0100034	0.0439967	0.213135	0.0029985	0.0100364	0.0497013	0.215832
100	0.0100034	0.0434109	0.21145	0.0029985	0.0102598	0.0499044	0.226442
101	0.0100034	0.0428237	0.203956	0.00449775	0.0102598	0.0513687	0.242355
102	0.0100034	0.042099	0.19606	0.0029985	0.0101619	0.0501634	0.230969
103	0.0100034	0.0420341	0.201402	0.00449775	0.0101619	0.0506761	0.230969
104	0.0100034	0.0406692	0.19606	0.00449775	0.0106535	0.0560018	0.355156
105	0.0100034	0.0403021	0.191188	0.0029985	0.0102598	0.0480515	0.215832
106	0.0100034	0.0390207	0.18649	0.0029985	0.0100364	0.0459741	0.1836
107	0.0100034	0.0390894	0.18649	0.0029985	0.0101147	0.044862	0.157103
108	0.0100852	0.0387024	0.187566	0.0029985	0.0101147	0.0438116	0.149043
109	0.0100034	0.0389248	0.187566	0.0029985	0.0101147	0.0438563	0.148531
110	0.0100852	0.0384548	0.18649	0.0029985	0.0100364	0.0421934	0.141319
111	0.0100034	0.0379673	0.178384	0.0029985	0.0101147	0.0416542	0.138704
112	0.0100034	0.0376216	0.172965	0.0029985	0.0100364	0.0413922	0.135585
113	0.0100034	0.0372006	0.172965	0.0029985	0.0100364	0.0418038	0.144079
114	0.0100822	0.0364479	0.172965	0	0.0116671	0.0416666	0.166162
115	0.0100034	0.036436	0.172965	0	0.0101147	0.0416784	0.144079
116	0.0100822	0.0362714	0.172965	0.00149925	0.0116563	0.0415041	0.163153
117	0.0100822	0.0361147	0.172965	0	0.0101147	0.0413765	0.138103
118	0.0100034	0.0360414	0.172965	0	0.0101147	0.0412198	0.135585
119	0.0100034	0.0353387	0.172912	0	0.0101147	0.041383	0.135585
120	0.0100034	0.0354415	0.17866	0	0.0101147	0.0416747	0.143315
121	0.0100822	0.0358056	0.187566	0.0029985	0.0108921	0.0420968	0.157818
122	0.0100822	0.0356217	0.18649	0.0029985	0.0101147	0.0418502	0.144079
123	0.0100034	0.0346323	0.16542	0.00149925	0.0101147	0.0410132	0.139548
124	0.0100034	0.0348415	0.172181	0.00449775	0.0102598	0.0413827	0.144079
125	0.0100034	0.0344656	0.164114	0.0029985	0.0101147	0.0410433	0.139548
126	0.0100034	0.034423	0.161899	0.0029985	0.0101147	0.0415769	0.144079
127	0.0100034	0.0341496	0.164114	0.0029985	0.0101147	0.0418881	0.148203
128	0.0100034	0.033679	0.15801	0	0.0102598	0.0412614	0.140439
129	0.0100034	0.0341869	0.173735	0	0.0101147	0.0411906	0.137569
130	0.0100034	0.0348744	0.17866	0.00149925	0.0101147	0.0411527	0.130617
131	0.0100034	0.0365322	0.199756	0.0134933	0.0101147	0.0402143	0.122039
132	0.0100034	0.0353145	0.18614	0.00749625	0.0101147	0.0407525	0.126786
133	0.0100034	0.0349787	0.18614	0.00449775	0.0101147	0.0409265	0.124641
134	0.0100034	0.0348225	0.189021	0.0029985	0.0101147	0.0412202	0.124641
135	0.0100034	0.0344529	0.189382	0.00149925	0.0101147	0.0419987	0.137569
136	0.0100034	0.0340642	0.18649	0.00149925	0.0101147	0.0420402	0.137569
137	0.0100034	0.0337841	0.172181	0.00149925	0.0101147	0.0416756	0.126663
138	0.0100034	0.0330491	0.173735	0	0.0101147	0.0417849	0.126663
139	0.0100034	0.0328601	0.16542	0	0.0101147	0.0418194	0.133024
140	0.0100034	0.0326615	0.15801	0	0.0101147	0.0415745	0.130617
141	0.0100034	0.032559	0.15801	0	0.0102598	0.0419553	0.133024
142	0.0100034	0.0332354	0.16542	0.00149925	0.0102598	0.0421624	0.133024
143	0.0100034	0.0332225	0.165312	0.00149925	0.0102598	0.0448782	0.157076
144	0.0100034	0.03278	0.159413	0.00149925	0.0102598	0.0442569	0.154112
145	0.0100034	0.0325182	0.15801	0.00149925	0.0102598	0.0449864	0.153874
146	0.0100034	0.0326437	0.159413	0.00149925	0.0102598	0.0457734	0.161485
147	0.0100034	0.0323673	0.15801	0	0.0102598	0.0462971	0.170818
148	0.0100034	0.0322115	0.16262	0	0.0102598	0.0464742	0.171654
149	0.0100034	0.0322133	0.169113	0	0.0102598	0.046903	0.179123
150	0.0100034	0.0334438	0.197285	0.00149925	0.0102598	0.0462953	0.171654
151	0.0100034	0.0339857	0.202452	0.00149925	0.0102598	0.0465906	0.170069
152	0.0100034	0.0345575	0.209589	0.00149925	0.0102598	0.046822	0.170818
153	0.0100034	0.0350546	0.212735	0.00149925	0.0102598	0.0457689	0.157076
154	0.0100807	0.0350629	0.215068	0.00149925	0.0102598	0.0455271	0.147213
155	0.0100034	0.0340366	0.202452	0	0.0102598	0.0459441	0.147213
156	0.0100034	0.0344643	0.205314	0.00149925	0.0102598	0.0475247	0.149336
157	0.0100034	0.0347704	0.203794	0.00149925	0.0102598	0.0482226	0.157103
158	0.0100034	0.0347764	0.203794	0	0.0106535	0.0507765	0.173281
159	0.0100034	0.0352932	0.203794	0.00149925	0.0107613	0.0530743	0.190256
160	0.0100034	0.0347622	0.197285	0.00149925	0.0107208	0.0563083	0.209191
161	0.0100034	0.0357458	0.201419	0.00449775	0.0107208	0.0561322	0.200615
162	0.0100034	0.0365196	0.201419	0.00449775	0.0107208	0.0585081	0.220034
163	0.0100034	0.0372122	0.201419	0.00449775	0.0107208	0.0580648	0.220034
164	0.0100034	0.037759	0.209589	0.00449775	0.0107208	0.0577747	0.210386
165	0.0100034	0.0386386	0.209589	0.00149925	0.0107208	0.0579427	0.210386
166	0.0100034	0.0391096	0.203794	0.00149925	0.0109845	0.0576423	0.215334
167	0.0100034	0.0392866	0.209589	0.00149925	0.0102644	0.0586737	0.215334
168	0.0100034	0.0393938	0.203794	0.00149925	0.0102644	0.0596472	0.229043
169	0.0100034	0.0401723	0.212735	0.0029985	0.0102644	0.0616623	0.250167
170	0.0100034	0.0402336	0.210227	0.0029985	0.0101021	0.0639139	0.260367
171	0.0100034	0.0413776	0.240947	0.0029985	0.0109845	0.0651191	0.299748
172	0.0100034	0.0420389	0.240947	0.0029985	0.0102644	0.0903337	0.764174
173	0.0100914	0.0422164	0.240947	0	0.0102644	0.104709	9.76315
174	0.0100034	0.0437654	0.273238	0.00449775	0.0102644	0.118925	13.6166
175	0.0100914	0.0470228	0.366323	0.005997	0.0102644	0.131226	14.8375
176	0.0100034	0.0514859	0.476793	0.0089955	0.0102644	0.136354	10.4913
177	0.010118	0.0532204	0.501565	0.0089955	0.0107208	0.146423	10.4913
178	0.010118	0.0540806	0.501565	0.0089955	0.0107208	0.152766	10.4913
179	0.0101329	0.0588017	0.614636	0.0089955	0.0118508	0.158163	13.6166
180	0.0100034	0.0619732	0.635157	0.0134933	0.0102218	0.156788	9.76315
181	0.0100034	0.071986	0.778106	0.0269865	0.0102218	0.156248	4.75187
182	0.0103716	0.0884357	1.04633	0.0509745	0.0102218	0.146046	1.22917
183	0.0100034	0.129839	1.85338	0.106447	0.0128755	0.136479	0.964121
184	0.0301816	0.752086	49.1048	0.401799	0.0128755	0.12552	0.868426
185	0.010239	0.122006	1.68295	0.0884558	0.0134975	0.115977	0.830396
186	0.0100226	0.0783374	0.778106	0.0284858	0.0134975	0.106025	0.726475
187	0.0102398	0.0689854	0.666158	0.0089955	0.0134975	0.109292	0.75314
188	0.0100226	0.0618251	0.483151	0.005997	0.012722	0.112853	0.756132
189	0.010239	0.0546403	0.370902	0	0.012722	0.116819	0.810175
190	0.0100226	0.0518312	0.333373	0	0.012722	0.118049	0.906244
191	0.010239	0.0499566	0.316611	0	0.0128755	0.120538	0.964121
192	0.0100226	0.0490668	0.294769	0	0.0102218	0.129688	1.33367
193	0.0100849	0.0468814	0.289772	0	0.0102218	0.139318	2.15954
194	0.0100226	0.046527	0.277329	0	0.0102218	0.153003	3.08392
195	0.0100226	0.0461197	0.256732	0	0.0102218	0.16346	4.08401
196	0.0100226	0.0454719	0.235804	0.00149925	0.0107208	0.193196	11.5533
197	0.0100849	0.0448029	0.226985	0.00149925	0.0103105	0.206071	24.9749
198	0.0100849	0.0439813	0.226985	0.00149925	0.0102218	0.218962	27.1462
199	0.0100226	0.0432339	0.219211	0.00149925	0.0102218	0.241667	34.0957
200	0.0100849	0.0423259	0.219211	0.00149925	0.0102218	0.241164	12.5422
201	0.0100226	0.0414786	0.210984	0.0029985	0.0102218	0.251342	10.4622
202	0.0100226	0.0396679	0.191044	0.00149925	0.0100392	0.2735	13.0789
203	0.0100849	0.039182	0.191044	0.0029985	0.0128755	0.318429	22.2629
204	0.0100849	0.0390737	0.183422	0	0.0114012	0.373396	21.95
205	0.0100849	0.0400198	0.191044	0.0029985	0.0102218	0.413255	21.95
206	0.0100226	0.0408998	0.194797	0.005997	0.0128755	0.486131	33.4944
207	0.0100849	0.0402868	0.191044	0.00449775	0.0107208	0.5701	34.0957
208	0.0100849	0.0407049	0.191044	0.005997	0.020671	0.765702	96.973
209	0.0100849	0.0406299	0.191044	0.005997	0.0236638	0.883852	97.7289
210	0.0100849	0.0401259	0.171863	0.00149925	0.020671	1.0269	92.3073
211	0.0100849	0.040115	0.171863	0.00149925	0.0236638	1.06519	97.7289
212	0.0100849	0.0399495	0.170838	0	0.021427	1.06413	97.7289
213	0.0100849	0.0402883	0.171076	0	0.0183865	1.12625	92.3073
214	0.0100849	0.040951	0.182704	0	0.0199835	1.16112	97.7289
215	0.0100226	0.0414415	0.183422	0	0.0183865	1.13683	92.3073
216	0.0100226	0.0421318	0.193865	0	0.0160523	1.16848	92.3073
217	0.0100226	0.0423137	0.191044	0	0.0147098	1.20836	92.3073
218	0.0100226	0.0427761	0.193865	0	0.0163791	1.18711	97.7289
219	0.0100849	0.0433888	0.203746	0.00149925	0.0121393	1.01581	74.517
220	0.0100226	0.0437116	0.205635	0.00449775	0.0121393	0.908919	72.9055
221	0.0100849	0.0439905	0.210984	0.00449775	0.0121393	0.773696	72.0486
222	0.0100226	0.0451867	0.213727	0.00749625	0.0124061	0.667467	72.9055
223	0.0100226	0.0470999	0.279741	0.00749625	0.010195	0.588524	55.3511
224	0.0100226	0.0482362	0.317617	0.0089955	0.0109289	0.49381	55.3511
225	0.0100226	0.0485494	0.346684	0.00749625	0.010195	0.454015	51.0942
226	0.0109257	0.0486782	0.383569	0.00449775	0.0121393	0.487892	70.0472
227	0.0109257	0.0508548	0.40276	0.005997	0.0132212	0.497964	81.0217
228	0.0102572	0.0517658	0.383569	0.005997	0.0128755	0.485707	79.3286
229	0.0100898	0.0545017	0.40276	0.0089955	0.0148209	0.549287	95.6515
230	0.0123052	0.0561301	0.491736	0.011994	0.0145155	0.551004	95.9062
231	0.0119508	0.0584766	0.491736	0.0149925	0.0148209	0.543358	95.9062
232	0.0100898	0.0549368	0.363718	0.0089955	0.0152204	0.599297	95.9337
233	0.0110128	0.0523247	0.363718	0.00749625	0.0152204	0.6806	95.9337
234	0.0100898	0.0495123	0.275644	0.00149925	0.0152204	0.831141	95.2042
235	0.010239	0.0484116	0.235902	0	0.0152561	1.03204	95.9337
236	0.0100898	0.04883	0.235902	0.00149925	0.0163209	1.31773	95.9062
237	0.010239	0.0469713	0.234126	0.00149925	0.0177825	1.44031	97.9952
238	0.0100898	0.0453877	0.218614	0.0029985	0.0183558	1.67477	95.9062
239	0.0102809	0.0437688	0.212907	0.0029985	0.0195374	1.67183	97.9952
240	0.0100898	0.0427756	0.205346	0.0029985	0.0244111	1.93195	97.9952
241	0.010239	0.0408077	0.184919	0.00149925	0.0292117	2.23203	97.9952
242	0.0100844	0.0402209	0.174713	0.00149925	0.0271237	2.23082	97.9952
243	0.0103461	0.0399011	0.184919	0.00149925	0.0271237	2.51213	97.9952
244	0.010239	0.0397499	0.184919	0.0029985	0.0265149	1.93003	97.9952
245	0.010239	0.0399458	0.184919	0.005997	0.0214629	1.38681	97.9952
246	0.0100844	0.0399292	0.184919	0.00749625	0.0193967	1.19602	95.2042
247	0.0102121	0.0389286	0.184919	0.00749625	0.017545	0.857744	95.9062
248	0.0100844	0.0379437	0.166983	0.00449775	0.0155092	0.683047	87.2678
249	0.0100844	0.0376764	0.166983	0.00449775	0.0162282	0.551572	87.3191
250	0.0100844	0.0375324	0.166983	0.00749625	0.0120601	0.451153	68.3577
251	0.0100844	0.0358008	0.154391	0.0029985	0.0127018	0.382955	69.224
252	0.0100844	0.0354657	0.154391	0.0029985	0.0120601	0.35021	72.9055
253	0.0100324	0.0350446	0.154391	0.005997	0.0127018	0.325853	81.0217
254	0.0100844	0.0345724	0.154391	0.005997	0.0127018	0.301209	81.0217
255	0.0100844	0.0342613	0.154391	0.005997	0.0122023	0.294948	79.2661
256	0.0100324	0.0339064	0.153349	0.005997	0.0127018	0.284394	81.0217
257	0.0100324	0.0336442	0.143519	0.00449775	0.0120601	0.274222	72.9055
258	0.0100844	0.0340102	0.148226	0.00449775	0.0107805	0.250873	68.3577
259	0.0100324	0.033366	0.140128	0.00149925	0.0102179	0.221341	63.4943
260	0.0100324	0.0326762	0.126633	0	0.0101011	0.205728	60.3559
261	0.0100324	0.0320154	0.123357	0	0.0102179	0.180148	60.1125
262	0.0100324	0.0318333	0.125094	0	0.0100198	0.149896	54.3903
263	0.0100324	0.0318975	0.125094	0	0.0100198	0.145794	43.4056
264	0.0100324	0.0321826	0.137164	0	0.0100198	0.136416	32.8235
265	0.0100324	0.0320934	0.137164	0	0.0100198	0.12436	29.7019
266	0.0100324	0.0322621	0.137164	0	0.0100198	0.117059	28.1341
267	0.0100324	0.0322354	0.140128	0	0.0100198	0.113136	21.8997
268	0.0100324	0.0322208	0.141691	0	0.0100198	0.102095	12.4481
269	0.0100324	0.0323692	0.150646	0	0.0100198	0.0935332	7.28538
270	0.0100844	0.032613	0.154391	0	0.0100198	0.0915956	5.28704
271	0.0100324	0.0328894	0.16496	0	0.0100198	0.0911156	5.28704
272	0.0100324	0.0325174	0.150646	0	0.0100198	0.0885354	4.30665
273	0.0100844	0.0324149	0.16496	0	0.0100198	0.0866456	3.71707
274	0.0100324	0.0325877	0.154391	0.0029985	0.0100198	0.0816069	3.31236
275	0.0100324	0.0316113	0.144339	0	0.0100198	0.0779105	2.74572
276	0.0100738	0.0317483	0.150202	0	0.0100198	0.0768212	2.34183
277	0.0100167	0.0313853	0.141967	0	0.0100198	0.0774736	3.09067
278	0.0100324	0.0312881	0.141244	0	0.0100198	0.085093	3.63437
279	0.0100738	0.031371	0.144339	0	0.0100198	0.084226	3.55847
280	0.0100738	0.0315267	0.141244	0	0.0100198	0.0824415	3.45719
281	0.0100738	0.0315514	0.140128	0	0.0100198	0.0766491	2.50876
282	0.0100738	0.0317181	0.144339	0	0.0100198	0.0736363	1.42249
283	0.0100844	0.0317783	0.141244	0	0.0100198	0.0752549	1.25622
284	0.0100844	0.0320699	0.141244	0	0.0100198	0.0762478	1.21834
285	0.0100659	0.032189	0.149951	0	0.0100198	0.0776603	1.25622
286	0.0100441	0.0323897	0.154391	0	0.0100198	0.0816781	1.2626
287	0.0100659	0.0332962	0.166663	0	0.0100198	0.0785696	1.25622
288	0.0100441	0.0343614	0.175192	0	0.0100198	0.0814544	1.42249
289	0.0100441	0.0345901	0.195131	0	0.0100198	0.0851603	1.59687
290	0.0100441	0.0346814	0.195131	0	0.0100198	0.0892889	2.17882
291	0.0100853	0.0348157	0.201064	0	0.0100198	0.0942261	2.66657
292	0.0100441	0.0341972	0.189359	0	0.0100198	0.0935069	2.60816
293	0.0100441	0.0343711	0.201064	0.00149925	0.0100198	0.0984354	2.66657
294	0.0100659	0.0349451	0.202381	0.00449775	0.0100448	0.105456	2.60816
295	0.0100659	0.0347351	0.202381	0.0029985	0.0100448	0.109897	2.60816
296	0.0100441	0.0349524	0.202381	0.0029985	0.0101011	0.114845	2.70458
297	0.0100441	0.0351071	0.202381	0.0029985	0.0100448	0.12581	3.37198
298	0.0100441	0.034905	0.200714	0.00149925	0.0100448	0.134153	3.71707
299	0.0100441	0.0351392	0.200714	0	0.0101206	0.159501	4.78337
300	0.0100659	0.0355358	0.203887	0	0.0100448	0.174884	5.13694
301	0.0100659	0.0359393	0.202381	0	0.0102558	0.188736	7.43408
302	0.0100659	0.0368692	0.203887	0	0.0102558	0.233813	8.18539
303	0.0100659	0.0377401	0.203887	0.00149925	0.0106452	0.294641	8.95599
304	0.0100659	0.0390657	0.203887	0	0.0103008	0.325396	13.3743
305	0.0101286	0.0392349	0.203887	0	0.0100081	0.382154	20.1352
306	0.0100659	0.0401867	0.216005	0.00149925	0.0100081	0.510203	33.03
307	0.0100659	0.0415141	0.234126	0.0029985	0.0100081	0.58742	37.2769
308	0.0102121	0.0412906	0.242058	0.00149925	0.0105913	0.693468	49.5007
309	0.0101286	0.0423461	0.242058	0.0029985	0.0173897	0.827922	97.3531
310	0.0101286	0.0440132	0.259812	0.00749625	0.0169989	1.06524	97.3531
311	0.0101286	0.0443294	0.25762	0.00749625	0.0176901	1.42873	97.3531
312	0.0101286	0.0453447	0.266497	0.005997	0.0176582	1.68651	97.3531
313	0.0101286	0.0462029	0.27278	0.00449775	0.018647	1.99941	97.7682
314	0.0101877	0.0468005	0.27278	0.0029985	0.0212165	2.32403	98.9759
315	0.0101286	0.0479063	0.27278	0.0029985	0.0350979	2.9901	98.9759
316	0.0103461	0.048645	0.280047	0.0029985	0.0412926	3.78164	97.7682
317	0.0103461	0.0489562	0.283248	0.00449775	0.0472313	4.42283	97.7682
318	0.0103461	0.0515378	0.316055	0.005997	0.0732334	5.37841	98.5791
319	0.0103461	0.0529244	0.320931	0.00449775	0.186413	7.14955	97.7682
320	0.0104681	0.0552574	0.329445	0.005997	0.209473	7.51036	97.7682
321	0.0103461	0.0584094	0.408266	0.0089955	0.399629	8.59932	98.5791
322	0.0103461	0.0625328	0.497063	0.0134933	0.246353	8.37018	98.5791
323	0.0104681	0.0602972	0.493508	0.0134933	0.276685	8.37018	98.5791
324	0.0101079	0.0583787	0.40092	0.00749625	0.233239	8.21326	98.5791
325	0.0103461	0.056738	0.386343	0.00749625	0.217814	7.95049	98.5791
326	0.0103461	0.0570308	0.386343	0.0089955	0.18332	7.72709	98.5791
327	0.0101286	0.0569807	0.386343	0.0104948	0.13469	7.6611	97.7682
328	0.0103461	0.055808	0.386343	0.0089955	0.0546758	7.18816	97.7682
329	0.0101079	0.055141	0.329349	0.0104948	0.0546758	7.32645	97.7682
330	0.0101079	0.0528904	0.293222	0.00449775	0.0546758	7.29138	98.547
331	0.0103461	0.0521725	0.31989	0.0029985	0.0606927	7.13664	98.5791
332	0.0103461	0.0519834	0.320931	0.00149925	0.0600121	6.62151	98.5791
333	0.0101079	0.0524779	0.320931	0.00149925	0.0554172	6.30864	98.5791
334	0.0101079	0.0515095	0.293222	0.00149925	0.0546758	5.99622	97.7682
335	0.0101079	0.0502634	0.283248	0.00149925	0.0521513	5.64358	98.547
336	0.0103461	0.0488701	0.285176	0.00149925	0.0546758	5.29202	97.7682
337	0.0105099	0.048991	0.293222	0.0029985	0.0483248	4.84078	97.7682
338	0.0101079	0.0501268	0.293222	0.0029985	0.0381215	4.13881	97.7682
339	0.0105409	0.0506824	0.32168	0.0029985	0.0362719	3.55686	97.7682
340	0.0105409	0.0517271	0.374978	0.005997	0.0294032	3.04051	97.7682
341	0.0110691	0.0522272	0.386973	0.005997	0.0233823	2.43731	97.6922
342	0.0105099	0.0544758	0.386973	0.0134933
