		omega		Posterior		rho				Synonymous theta			kappa			phi	
Site	Lower	Point	Higher	prob of +ve	Lower	Point	Higher		Lower	Point	Higher	Lower	Point	Higher	Lower	Point	Higher
	95% HPD	estimate	95% HPD	selection	95% HPD	estimate	95% HPD		95% HPD	estimate	95% HPD	95% HPD	estimate	95% HPD	95% HPD	estimate	95% HPD
0	0.0100515	0.103762	1.15617	0.0554723	0.0119467	0.558538	41.6809		0.0119494	0.0183233	0.0280777	3.95123	10.0661	26.4492	0	0	0
1	0.0100515	0.101447	1.15617	0.0554723	0.0118235	0.61135	43.5772
2	0.0100515	0.0997353	1.06639	0.0524738	0.013937	0.637957	54.4886
3	0.0100515	0.0980961	0.799076	0.0464768	0.013937	0.636246	54.4886
4	0.0100515	0.0939695	0.76258	0.041979	0.0121656	0.600909	44.1169
5	0.0100515	0.0871588	0.673705	0.0314843	0.0126257	0.578628	44.1169
6	0.0100515	0.0906848	0.674522	0.0344828	0.0142922	0.566059	52.7954
7	0.0100515	0.0878082	0.625065	0.0269865	0.0144148	0.53089	54.4249
8	0.0100783	0.0849916	0.625623	0.0254873	0.0127574	0.53803	59.5494
9	0.0100515	0.0868208	0.625065	0.0284858	0.010035	0.581656	51.9643
10	0.0100515	0.0870547	0.625065	0.0224888	0.0170891	0.636499	99.0789
11	0.0100515	0.0888718	0.642085	0.0269865	0.012674	0.716202	74.1962
12	0.0100515	0.0914509	0.625623	0.0269865	0.0159589	0.786252	99.0789
13	0.0100515	0.0928575	0.642085	0.0269865	0.01606	0.87241	99.0789
14	0.0100515	0.0970442	0.642085	0.0269865	0.0175557	1.10208	99.0789
15	0.0100515	0.0994672	0.630369	0.0254873	0.0194186	1.32044	99.0789
16	0.0100783	0.100906	0.633346	0.0269865	0.0212705	1.62089	99.0789
17	0.0102801	0.107443	0.739287	0.0314843	0.0214703	1.70339	99.0789
18	0.0102801	0.110612	0.739287	0.029985	0.0218695	1.6411	99.0789
19	0.0111152	0.115309	0.788581	0.0314843	0.0224868	1.5947	99.0789
20	0.0110694	0.118339	0.786368	0.0329835	0.0224868	1.55933	99.0789
21	0.0102801	0.126578	0.786368	0.041979	0.0255236	1.4803	99.0789
22	0.0102801	0.127129	0.883307	0.041979	0.0255236	1.50918	99.0789
23	0.0114809	0.134566	1.02686	0.0449775	0.0277035	1.57436	99.0789
24	0.0112033	0.138359	1.02227	0.047976	0.0287263	1.54589	99.0789
25	0.0106788	0.144294	1.02686	0.0554723	0.0293158	1.55933	99.0789
26	0.0127176	0.148706	1.29194	0.0614693	0.0293158	1.57144	99.0789
27	0.0127176	0.158371	1.29194	0.0644678	0.0293158	1.4545	98.5613
28	0.0125361	0.162962	1.29194	0.0689655	0.0335488	1.4072	98.5613
29	0.0123831	0.182361	1.3639	0.0809595	0.0324239	1.29315	98.5613
30	0.0111805	0.209336	1.43997	0.0989505	0.0343399	1.15956	98.5613
31	0.0221421	0.239588	2.83459	0.113943	0.0343399	0.973199	97.9426
32	0.024286	0.289854	2.63827	0.143928	0.0244894	0.800748	68.6098
33	0.0221421	0.354127	3.29804	0.188906	0.037806	0.80112	98.5613
34	0.0226758	0.339494	3.29804	0.181409	0.037806	0.712625	97.9426
35	0.0226758	0.323849	3.2489	0.172414	0.0147515	0.576796	32.086
36	0.0223065	0.304968	2.50893	0.155922	0.0141682	0.443535	21.3545
37	0.0221482	0.27836	2.18855	0.136432	0.0122085	0.334264	11.8372
38	0.0210924	0.257397	2.28382	0.125937	0.0102423	0.29979	8.51453
39	0.0223065	0.253733	2.28382	0.125937	0.0102423	0.28615	8.51453
40	0.0177082	0.251387	1.96698	0.124438	0.0102423	0.259988	7.97833
41	0.0169145	0.252674	1.72967	0.121439	0.0102423	0.236628	6.65111
42	0.0138275	0.246285	1.5118	0.121439	0.0111523	0.22659	7.50206
43	0.0135647	0.25105	1.5118	0.124438	0.0110272	0.202545	6.32331
44	0.0223065	0.255147	2.29079	0.128936	0.0102423	0.205064	6.93649
45	0.0219807	0.25592	2.29079	0.127436	0.0102423	0.200983	6.32331
46	0.0223065	0.257203	2.28938	0.125937	0.0102423	0.196398	6.32331
47	0.0219807	0.261697	2.28938	0.128936	0.0102423	0.191182	6.32331
48	0.0138275	0.267722	1.60248	0.133433	0.0108288	0.188941	6.24289
49	0.0195682	0.277557	2.28938	0.143928	0.0102423	0.177774	5.34333
50	0.0177082	0.301184	2.28938	0.154423	0.0102423	0.172007	5.59905
51	0.0195682	0.32172	2.58667	0.167916	0.0107234	0.175477	6.24289
52	0.0226758	0.265248	2.58667	0.13943	0.0107234	0.172756	6.94154
53	0.0162464	0.231309	1.72065	0.118441	0.0108288	0.172165	7.4449
54	0.0162464	0.220253	1.60248	0.112444	0.0108288	0.174514	7.4449
55	0.0162115	0.194014	1.64893	0.095952	0.0107234	0.176318	7.78606
56	0.0133909	0.169375	1.36602	0.0824588	0.0103855	0.189039	11.8506
57	0.0125234	0.15044	1.23367	0.071964	0.0124374	0.205536	16.996
58	0.0147133	0.140961	1.3925	0.0614693	0.0124374	0.216617	18.5971
59	0.0132377	0.131901	1.24691	0.0569715	0.0104422	0.218758	15.9192
60	0.012255	0.117762	1.03991	0.0449775	0.0101757	0.21709	16.5339
61	0.0125234	0.110228	1.03991	0.0404798	0.0104422	0.217197	17.7746
62	0.0111424	0.1049	0.86049	0.0329835	0.0101757	0.23115	20.4539
63	0.0117442	0.100763	0.86049	0.029985	0.0101757	0.234711	23.2958
64	0.0117442	0.0999452	0.823955	0.0269865	0.0100929	0.217759	23.2958
65	0.0120479	0.0965543	0.843699	0.0254873	0.0100267	0.207797	21.2779
66	0.0104966	0.0919875	0.740033	0.0269865	0.0100267	0.203765	23.2958
67	0.0104966	0.0906815	0.71211	0.0254873	0.0100929	0.187299	20.3016
68	0.0108248	0.0891579	0.71211	0.023988	0.0100929	0.163045	19.5807
69	0.0106036	0.0901119	0.71211	0.0254873	0.0100754	0.15552	18.5971
70	0.0111346	0.0886204	0.71211	0.0224888	0.0100929	0.158835	20.3016
71	0.0106036	0.0849108	0.66138	0.0164918	0.0100754	0.156934	22.3443
72	0.0100928	0.0793949	0.593694	0.0134933	0.0100754	0.154315	24.8575
73	0.0103813	0.0771516	0.593694	0.0134933	0.0100754	0.151045	28.0535
74	0.0103368	0.0736885	0.540405	0.0104948	0.0100754	0.156805	31.8141
75	0.0103368	0.0743843	0.540405	0.0104948	0.0100929	0.146958	29.3067
76	0.0103813	0.0750929	0.553353	0.0104948	0.0100754	0.140366	27.6173
77	0.0103368	0.0737878	0.559881	0.0104948	0.0100754	0.137169	22.0844
78	0.0102242	0.0716822	0.593694	0.0104948	0.0100754	0.129704	21.2779
79	0.0102242	0.0704346	0.591952	0.0104948	0.0100754	0.125882	21.2779
80	0.0102242	0.0700738	0.628605	0.0164918	0.0100754	0.120138	20.3016
81	0.0102242	0.068082	0.628605	0.0164918	0.0100754	0.0962533	14.1969
82	0.0102242	0.0658572	0.628605	0.0134933	0.0100161	0.0718296	6.20085
83	0.0102242	0.0643178	0.553353	0.0104948	0.0100161	0.0645086	5.37057
84	0.0102242	0.0633573	0.517771	0.0104948	0.0100161	0.0517764	1.70168
85	0.0100928	0.0612341	0.495464	0.00749625	0.0100161	0.0494016	1.61237
86	0.0102242	0.0585919	0.452704	0.005997	0.0100161	0.044504	0.6673
87	0.0100928	0.0574037	0.435172	0.00449775	0.0100161	0.0425356	0.769713
88	0.0102242	0.0570302	0.435172	0.00449775	0.0100161	0.0347004	0.27894
89	0.0100928	0.0565239	0.435172	0.011994	0.0100161	0.0316536	0.210223
90	0.0100928	0.0530548	0.343257	0.0089955	0.0100161	0.0294924	0.186564
91	0.0102242	0.0518924	0.336455	0.00749625	0.0100161	0.0271191	0.146004
92	0.0100928	0.0519852	0.371454	0.0089955	0.0100161	0.0261981	0.129129
93	0.0100928	0.0530973	0.39071	0.0149925	0.0100754	0.0253255	0.12882
94	0.0100928	0.0515158	0.405494	0.011994	0.0100754	0.0246156	0.127125
95	0.0100928	0.0500724	0.336455	0.00749625	0.0100754	0.0244838	0.127522
96	0.0102242	0.0495879	0.333567	0.005997	0.0100161	0.0237121	0.116986
97	0.0102242	0.0500149	0.333567	0.00749625	0.0100161	0.0233595	0.115754
98	0.0102242	0.0492763	0.326572	0.005997	0.0100161	0.0228658	0.101874
99	0.0102242	0.0478625	0.299948	0.005997	0.0100161	0.0224524	0.10011
100	0.0102242	0.047171	0.299948	0.00449775	0.0100161	0.0221601	0.0995302
101	0.0100928	0.0467856	0.299948	0.005997	0.0100161	0.0220591	0.0973226
102	0.0100928	0.0460133	0.299948	0.00449775	0.0100161	0.0220087	0.0973226
103	0.0102242	0.0462027	0.322987	0.0029985	0.0100161	0.0218001	0.0936938
104	0.0100928	0.0458341	0.31018	0.0029985	0.0100161	0.0215042	0.0871937
105	0.0100928	0.0455581	0.31018	0.0029985	0.0100161	0.0214706	0.0897493
106	0.0102242	0.0457214	0.322987	0.00449775	0.0100161	0.0216194	0.090617
107	0.0100928	0.045362	0.31018	0.005997	0.0100161	0.0213741	0.090527
108	0.0100928	0.0453711	0.31018	0.00749625	0.0100161	0.0208317	0.0809193
109	0.0100928	0.0456014	0.31018	0.00749625	0.0100161	0.0206023	0.0799584
110	0.0102242	0.0468789	0.326297	0.0089955	0.0100161	0.0206858	0.0817245
111	0.0102242	0.0473991	0.326572	0.0089955	0.0100161	0.0205609	0.0799584
112	0.0102242	0.0488009	0.333567	0.0134933	0.0100161	0.020362	0.0783391
113	0.0102242	0.0481368	0.330996	0.0149925	0.0100161	0.0200897	0.0783391
114	0.0102242	0.0475804	0.326572	0.0134933	0.0100161	0.0199957	0.0780426
115	0.0102242	0.048054	0.330996	0.011994	0.0100161	0.0197508	0.0761877
116	0.0100836	0.0470773	0.310982	0.011994	0.0100161	0.0196425	0.075499
117	0.0100836	0.0469034	0.310982	0.011994	0.0100161	0.0196027	0.0744488
118	0.0100836	0.0468149	0.310982	0.0089955	0.0100161	0.0195622	0.0744488
119	0.0100928	0.0477572	0.326572	0.0104948	0.0100161	0.019456	0.072157
120	0.0100836	0.0484915	0.333567	0.0104948	0.0100161	0.0192105	0.068789
121	0.0100928	0.0482693	0.326572	0.0134933	0.0100161	0.0189881	0.0648677
122	0.0100836	0.0467797	0.309716	0.0089955	0.0100161	0.0189535	0.0642781
123	0.0100928	0.0462291	0.295403	0.0089955	0.0100161	0.0187123	0.0620566
124	0.0100092	0.0458692	0.295403	0.0089955	0.0100161	0.0183646	0.0564822
125	0.0100092	0.0449705	0.272804	0.0089955	0.0100161	0.0183086	0.0564822
126	0.0100092	0.044805	0.277217	0.0104948	0.0100161	0.0181336	0.0524328
127	0.0100092	0.0457601	0.283839	0.0104948	0.0100161	0.0181226	0.0515442
128	0.0100092	0.0456212	0.2749	0.0089955	0.0100161	0.0181721	0.0524328
129	0.0100092	0.0458919	0.262396	0.0089955	0.0100161	0.0179957	0.0515442
130	0.0100092	0.0482343	0.295005	0.011994	0.0100161	0.0176655	0.0489429
131	0.0100092	0.0496004	0.333567	0.0134933	0.0100161	0.0179979	0.0507609
132	0.0100092	0.0501059	0.32272	0.011994	0.0100161	0.017922	0.0497086
133	0.0100092	0.0507573	0.337099	0.011994	0.0100161	0.017922	0.0497086
134	0.0100092	0.0511076	0.32272	0.00749625	0.0100161	0.0178279	0.0496373
135	0.0102503	0.0536162	0.377907	0.011994	0.0100161	0.0178473	0.0507609
136	0.0101192	0.0541073	0.377907	0.011994	0.0100161	0.0175891	0.0448798
137	0.0100092	0.0535857	0.359299	0.00749625	0.0100161	0.0175045	0.044206
138	0.0100092	0.0529689	0.351293	0.005997	0.0100161	0.0175653	0.044206
139	0.0102503	0.0536394	0.377907	0.005997	0.0100161	0.0175722	0.0448798
140	0.0103943	0.0539032	0.377907	0.005997	0.0100161	0.0176194	0.0448798
141	0.0103943	0.0553884	0.385808	0.0089955	0.0100161	0.0175896	0.0448798
142	0.0101192	0.0559435	0.388917	0.0089955	0.0100161	0.0174688	0.0440382
143	0.0100092	0.0566204	0.388917	0.0089955	0.0100161	0.0175714	0.0461091
144	0.0101192	0.0565171	0.388917	0.0104948	0.0100161	0.0178507	0.0497367
145	0.0103943	0.056181	0.388917	0.0089955	0.0100161	0.0177124	0.0465159
146	0.0103943	0.0562763	0.377907	0.0089955	0.0100161	0.0174443	0.0461091
147	0.0103943	0.0575935	0.377481	0.00749625	0.0100161	0.017592	0.0497086
148	0.0103943	0.0593298	0.385808	0.0089955	0.0100161	0.017629	0.0503074
149	0.0103943	0.0586845	0.377481	0.005997	0.0100161	0.0177223	0.0553293
150	0.0104966	0.0588447	0.377907	0.005997	0.0100161	0.0177568	0.0553293
151	0.0103943	0.0591297	0.377481	0.00449775	0.0100754	0.0179131	0.0582408
152	0.0103943	0.0598753	0.385808	0.00749625	0.0100161	0.0180131	0.0582408
153	0.0103943	0.0620873	0.432663	0.0089955	0.0100161	0.018158	0.0637217
154	0.0101192	0.0653897	0.472001	0.0134933	0.0100161	0.0182054	0.0653172
155	0.0103943	0.0657876	0.49901	0.0149925	0.0100161	0.0183938	0.0653172
156	0.0103943	0.0656276	0.491801	0.0149925	0.0100161	0.0183861	0.0653172
157	0.0103943	0.0677363	0.505329	0.0149925	0.0100161	0.0180644	0.0633652
158	0.0103943	0.0696233	0.512461	0.0164918	0.0100029	0.0181065	0.0637217
159	0.0103943	0.0712044	0.554121	0.017991	0.0100161	0.0182154	0.0653172
160	0.0101192	0.0746398	0.611859	0.023988	0.0100029	0.0180378	0.0633652
161	0.0101192	0.0762464	0.646076	0.0254873	0.0100952	0.0181804	0.0653172
162	0.0103943	0.0761187	0.588376	0.0194903	0.0100029	0.0179873	0.0622029
163	0.0103943	0.0805183	0.730814	0.029985	0.0100952	0.0181112	0.0653172
164	0.0103943	0.0836412	0.777872	0.0329835	0.0100754	0.0182396	0.0655494
165	0.0103943	0.084351	0.8175	0.035982	0.0100029	0.0184403	0.0672162
166	0.0104966	0.0870371	0.840213	0.0374813	0.0100952	0.018708	0.0694392
167	0.0104966	0.0923924	0.840213	0.0374813	0.0100754	0.0187875	0.0694392
168	0.0103943	0.0988123	0.920109	0.041979	0.0100029	0.0191309	0.0727049
169	0.0104966	0.102853	0.95043	0.0464768	0.0100029	0.018952	0.0727049
170	0.0103943	0.106268	0.95043	0.0464768	0.0100029	0.0189892	0.075499
171	0.0103943	0.113142	1.02637	0.0524738	0.0100188	0.0187169	0.0694392
172	0.0125234	0.120553	1.51166	0.0584708	0.0100029	0.0186361	0.069287
173	0.0125234	0.132353	1.55443	0.0764618	0.0100029	0.0186683	0.069287
174	0.0125462	0.144385	1.54287	0.0854573	0.0100029	0.0184764	0.0653172
175	0.0127363	0.150382	1.55443	0.0944528	0.0100188	0.018478	0.0653172
176	0.0128972	0.162562	1.55443	0.104948	0.0100029	0.0181206	0.0515814
177	0.0128972	0.172887	1.55443	0.112444	0.0100029	0.0180672	0.0515814
178	0.0125234	0.186001	1.55443	0.125937	0.0100029	0.0181086	0.0515814
179	0.0125234	0.203479	1.78537	0.137931	0.0100029	0.0181242	0.0514368
180	0.0127631	0.2337	2.17588	0.161919	0.0100029	0.0182381	0.0573405
181	0.0125234	0.268136	2.26294	0.188906	0.0100029	0.0181667	0.0624321
182	0.0187122	0.306279	3.51316	0.208396	0.0100029	0.0180968	0.0633652
183	0.0256103	0.36769	4.46203	0.232384	0.0100029	0.0179582	0.0569436
184	0.0379602	0.481252	5.00958	0.284858	0.0100029	0.0177073	0.0534569
185	0.0439669	0.467995	5.00958	0.277361	0.0100029	0.0177017	0.0534569
186	0.0424434	0.459411	3.89196	0.271364	0.0100188	0.0177716	0.0548171
187	0.054233	0.461339	5.00958	0.269865	0.0100029	0.0181051	0.0612515
188	0.0419227	0.451147	4.46203	0.268366	0.0100029	0.018064	0.0573405
189	0.0505844	0.45346	5.09071	0.266867	0.0100029	0.0181255	0.0573405
190	0.0444453	0.494567	5.42277	0.289355	0.0100029	0.0180613	0.0573405
191	0.0268578	0.619807	7.82714	0.335832	0.0100188	0.0177296	0.0548171
192	0.0166052	0.393219	5.09071	0.250375	0.0100029	0.0176271	0.0546381
193	0.0134594	0.294293	3.03454	0.193403	0.0100188	0.0176631	0.0548171
194	0.011565	0.246629	1.80446	0.154423	0.0100029	0.017543	0.0525596
195	0.0125895	0.198608	1.80446	0.125937	0.0100029	0.0179427	0.0546381
196	0.011141	0.16737	1.67783	0.103448	0.0100029	0.0181322	0.0566146
197	0.0101419	0.144754	1.43833	0.089955	0.0100188	0.0179869	0.0563172
198	0.0100601	0.126991	1.25529	0.0734633	0.0100029	0.017677	0.0534569
199	0.0100601	0.118791	1.12099	0.0644678	0.0100029	0.0176942	0.0534569
200	0.0101419	0.106589	1.01844	0.0509745	0.0100029	0.0174628	0.0492581
201	0.0100601	0.0963677	0.915227	0.0389805	0.0100029	0.0173628	0.0478725
202	0.0100601	0.0906079	0.851668	0.0329835	0.0100029	0.0172564	0.0452503
203	0.0100601	0.0881204	0.851668	0.0329835	0.0100029	0.0171582	0.0447339
204	0.0102228	0.0858241	0.777872	0.0314843	0.0100029	0.0171231	0.0435801
205	0.0101746	0.0807371	0.730814	0.0254873	0.0100029	0.0173032	0.0449226
206	0.0101419	0.0791102	0.730814	0.0254873	0.0100029	0.0172913	0.0449226
207	0.0100601	0.0734497	0.690102	0.0194903	0.0100029	0.0173224	0.0449226
208	0.0100601	0.0717732	0.679463	0.0194903	0.0100029	0.0173326	0.0452503
209	0.0100601	0.0706624	0.662683	0.0164918	0.0100029	0.0173669	0.0455813
210	0.0100601	0.0682633	0.601956	0.0134933	0.0100029	0.0172916	0.0452503
211	0.0101419	0.0678198	0.596527	0.0104948	0.0100029	0.0174049	0.0472356
212	0.0100601	0.06509	0.546319	0.0104948	0.0100029	0.0173429	0.0452503
213	0.0101419	0.0630971	0.546319	0.0104948	0.0100754	0.0171726	0.0448394
214	0.0100601	0.0605114	0.503191	0.005997	0.0100754	0.0168994	0.0420301
215	0.0102476	0.0598056	0.503191	0.005997	0.0100029	0.0170234	0.0435801
216	0.0100601	0.0567003	0.447601	0.0029985	0.0100029	0.0169478	0.0429353
217	0.0100601	0.0560957	0.452507	0.005997	0.0100754	0.0170368	0.0435801
218	0.0102228	0.0552823	0.46987	0.0089955	0.0100754	0.0174209	0.0483686
219	0.0101419	0.0538124	0.447601	0.005997	0.0100754	0.0173338	0.0482
220	0.0100601	0.0510941	0.407478	0.00449775	0.0100754	0.0169584	0.0448394
221	0.0100601	0.0488622	0.392487	0.0029985	0.0100029	0.0170147	0.0448394
222	0.0101419	0.0486332	0.407478	0.00449775	0.0100029	0.017121	0.0467567
223	0.0100601	0.0483467	0.394048	0.00449775	0.0100029	0.017131	0.0448394
224	0.0100601	0.0477143	0.394048	0.005997	0.0100029	0.0173403	0.0478725
225	0.0101419	0.0480833	0.394048	0.0104948	0.0100029	0.0175579	0.0495852
226	0.0100601	0.0478117	0.347119	0.005997	0.0100029	0.0179361	0.0534569
227	0.0101419	0.0480762	0.357694	0.0104948	0.0100029	0.0177726	0.0521509
228	0.0100601	0.0475025	0.340008	0.0104948	0.0100639	0.0179399	0.0566146
229	0.0100601	0.048241	0.357694	0.0104948	0.0100029	0.0182399	0.0602735
230	0.0101419	0.0485504	0.340008	0.0089955	0.0100639	0.0182094	0.0598853
231	0.0101419	0.0475767	0.327506	0.00149925	0.0100029	0.0182772	0.0612515
232	0.0100601	0.0477965	0.331901	0.00449775	0.0100029	0.0181803	0.0606929
233	0.0101419	0.0487397	0.36001	0.011994	0.0100029	0.0185048	0.0623104
234	0.0101419	0.0483463	0.36001	0.00449775	0.0100639	0.0183815	0.0637317
235	0.0101419	0.0484165	0.357694	0.011994	0.0100029	0.0183251	0.0598853
236	0.0100601	0.0489643	0.357694	0.0164918	0.0100029	0.0182445	0.0598853
237	0.0100601	0.049495	0.363527	0.0209895	0.0100029	0.0181883	0.0598853
238	0.0100601	0.0490999	0.347119	0.017991	0.0100029	0.0183885	0.0636161
239	0.0100601	0.0479124	0.327506	0.0149925	0.0100029	0.0184746	0.0646073
240	0.0100601	0.0483934	0.337933	0.0164918	0.0100029	0.0186651	0.0650919
241	0.0100601	0.0493269	0.354841	0.0194903	0.0100029	0.0186459	0.0646073
242	0.0100601	0.0487724	0.338167	0.0164918	0.0100029	0.0187057	0.0646073
243	0.0100601	0.0487763	0.338167	0.0164918	0.0100029	0.018819	0.0646073
244	0.0100601	0.0495928	0.354841	0.0164918	0.0100029	0.0187761	0.0636161
245	0.0100601	0.0502677	0.354841	0.017991	0.0100473	0.0189707	0.0651188
246	0.0100601	0.0491019	0.338167	0.0164918	0.0100029	0.0190088	0.0646073
247	0.0100601	0.0481179	0.338167	0.0164918	0.0100029	0.0192292	0.0665706
248	0.0100601	0.0470605	0.328254	0.0149925	0.0100029	0.0192889	0.067068
249	0.0100601	0.0471906	0.331901	0.017991	0.0100029	0.0193658	0.07387
250	0.0100601	0.0470695	0.331901	0.0164918	0.0100029	0.0195637	0.07387
251	0.0100601	0.0474162	0.331901	0.0164918	0.0100473	0.0199578	0.0874247
252	0.0100601	0.0479128	0.338167	0.017991	0.0100029	0.0199274	0.0726281
253	0.0100601	0.0475583	0.322409	0.017991	0.0100029	0.0200627	0.07387
254	0.0100878	0.0473166	0.322409	0.017991	0.0100029	0.0201538	0.0771051
255	0.0100878	0.0460911	0.302523	0.0164918	0.0100029	0.0198593	0.0711204
256	0.0100601	0.0460334	0.300267	0.011994	0.0100029	0.0201129	0.069287
257	0.0100601	0.0461784	0.302523	0.011994	0.0100029	0.0202484	0.069287
258	0.0100878	0.0463137	0.302523	0.011994	0.0100029	0.0205632	0.0711204
259	0.0100601	0.0478868	0.309983	0.0134933	0.0100029	0.0208663	0.0842001
260	0.0100601	0.0482801	0.309983	0.0134933	0.0100029	0.0208995	0.0817307
261	0.0100601	0.0505029	0.370859	0.0224888	0.0100029	0.0209873	0.0789121
262	0.0100601	0.0519633	0.370859	0.0224888	0.0100473	0.0212175	0.0842001
263	0.0100601	0.0518296	0.417262	0.0224888	0.0100029	0.0213589	0.0842001
264	0.0100601	0.0514095	0.417262	0.0254873	0.0100029	0.0213039	0.0817307
265	0.0100601	0.049961	0.368417	0.0194903	0.0100029	0.0215629	0.0880378
266	0.0100601	0.0494747	0.356268	0.017991	0.0100029	0.0214783	0.0842001
267	0.0100601	0.0495454	0.377757	0.0209895	0.0100029	0.0218615	0.0969486
268	0.0100601	0.0497443	0.377757	0.0209895	0.0100029	0.022211	0.102574
269	0.0100601	0.0504077	0.452019	0.0224888	0.0100029	0.0226442	0.105953
270	0.0100601	0.0518876	0.670036	0.035982	0.0100029	0.0225987	0.105953
271	0.0100601	0.0495976	0.511572	0.0284858	0.0100029	0.0229457	0.113459
272	0.0100601	0.0490035	0.557278	0.0269865	0.0100029	0.0229202	0.113459
273	0.0100601	0.0503878	0.616387	0.029985	0.0100029	0.0230169	0.113459
274	0.0100064	0.0486379	0.546003	0.0269865	0.0100029	0.0234445	0.127624
275	0.0100064	0.0469057	0.500231	0.0209895	0.0100029	0.0234705	0.127624
276	0.0100064	0.0460844	0.431415	0.0194903	0.0100029	0.0237089	0.135673
277	0.0100064	0.0453035	0.389598	0.0164918	0.0100029	0.0236776	0.135673
278	0.0100601	0.0440832	0.351683	0.011994	0.0100473	0.0240062	0.145428
279	0.0100601	0.0448267	0.370859	0.0149925	0.0100473	0.0238107	0.135673
280	0.0100601	0.0443025	0.370126	0.0149925	0.0100029	0.024563	0.136175
281	0.0100601	0.0440912	0.370859	0.0149925	0.010102	0.0247645	0.136175
282	0.0100064	0.0439458	0.370859	0.0149925	0.0100473	0.0249106	0.136175
283	0.0100601	0.0452416	0.417465	0.0209895	0.0101384	0.0259177	0.153786
284	0.0100601	0.0447976	0.383032	0.0164918	0.0101384	0.0261016	0.152829
285	0.0100064	0.0439517	0.380108	0.0134933	0.0100473	0.0265994	0.154503
286	0.0101483	0.0443695	0.383032	0.0134933	0.0100473	0.0271161	0.166422
287	0.0101483	0.0446169	0.383032	0.0149925	0.0100473	0.0273558	0.211459
288	0.0102382	0.0437882	0.383592	0.0164918	0.0100473	0.0284293	0.27276
289	0.0101419	0.0437331	0.383032	0.0209895	0.0101384	0.0296305	0.279955
290	0.010017	0.0413999	0.342189	0.017991	0.0101729	0.0305878	0.279955
291	0.010017	0.0412926	0.342189	0.017991	0.0100473	0.0315182	0.300746
292	0.010017	0.0413426	0.342189	0.017991	0.0100473	0.0315844	0.32464
293	0.010017	0.0412758	0.334408	0.017991	0.0100473	0.0311526	0.293624
294	0.010017	0.0418386	0.336983	0.0164918	0.0100473	0.0328841	0.375075
295	0.010017	0.0423742	0.336983	0.0134933	0.0100473	0.0338938	0.387562
296	0.010017	0.0414389	0.272445	0.011994	0.0100473	0.0353579	0.422378
297	0.010017	0.0421962	0.29921	0.0089955	0.0100473	0.0393065	0.647347
298	0.010017	0.0438698	0.362203	0.0104948	0.0100473	0.0462637	1.23005
299	0.010017	0.0433914	0.336983	0.00749625	0.0100473	0.0569338	2.7005
300	0.010084	0.0435481	0.342189	0.00749625	0.0100473	0.0714006	4.99321
301	0.010017	0.0440515	0.342189	0.00749625	0.0101384	0.100037	13.1848
302	0.010017	0.044087	0.342189	0.00749625	0.0101427	0.160575	22.6482
303	0.010017	0.0446367	0.356552	0.00749625	0.0102304	0.388854	49.2297
304	0.010017	0.0451371	0.362203	0.00749625	0.0102304	0.900993	76.3272
305	0.010017	0.0447172	0.349768	0.00749625	0.0133804	1.05442	99.4625
306	0.010017	0.0441431	0.340454	0.00449775	0.0134301	1.18026	98.166
307	0.010017	0.0443027	0.340454	0.0029985	0.013704	1.32241	99.4625
308	0.010017	0.043723	0.334408	0.0029985	0.0140997	1.27133	99.4625
309	0.010017	0.0436897	0.284533	0.00449775	0.0148997	1.32655	99.4625
310	0.010017	0.0427582	0.26367	0.005997	0.0151403	1.48053	99.4625
311	0.010017	0.0426595	0.272445	0.005997	0.0151639	1.57166	99.4625
312	0.010017	0.0425817	0.28036	0.00749625	0.0148997	1.75901	98.166
313	0.010017	0.0432254	0.300998	0.0089955	0.0156424	2.0484	99.4625
314	0.010017	0.0431964	0.296769	0.011994	0.0177569	2.46678	99.4625
315	0.010017	0.0424127	0.284533	0.0089955	0.0168753	2.58271	99.4625
316	0.010017	0.0430259	0.318777	0.011994	0.0200113	2.69026	99.4625
317	0.010017	0.0428325	0.307624	0.0104948	0.0211551	2.91004	99.4625
318	0.010017	0.0426222	0.300998	0.011994	0.0211551	2.87488	99.4625
319	0.010017	0.0421004	0.28036	0.0104948	0.0202473	3.36173	99.4625
320	0.010017	0.0431843	0.296769	0.011994	0.0177569	3.28099	99.4625
321	0.010017	0.0435639	0.300998	0.0134933	0.020787	3.38027	99.4625
322	0.010017	0.0440389	0.318777	0.0149925	0.0283103	3.59479	99.4625
323	0.010017	0.0443387	0.307624	0.0134933	0.0417171	3.71534	99.4625
324	0.010017	0.044622	0.318777	0.005997	0.0465325	3.79507	99.4625
325	0.0101419	0.0455487	0.334408	0.005997	0.048676	3.90691	99.4625
326	0.0101419	0.0456211	0.344385	0.005997	0.0550142	4.02033	98.166
327	0.0102302	0.0476421	0.389035	0.0089955	0.0620386	4.02858	98.166
328	0.0101419	0.0472896	0.371864	0.005997	0.0758872	4.12129	98.166
329	0.0101419	0.0478813	0.371864	0.005997	0.0765327	3.96953	98.166
330	0.0101419	0.0482365	0.379273	0.005997	0.0765327	4.11094	98.166
331	0.0101419	0.0473476	0.36499	0.00449775	0.0761531	4.19173	98.166
332	0.0101419	0.0486619	0.374506	0.005997	0.0690192	3.88788	98.166
333	0.0101419	0.049347	0.371864	0.00449775	0.0394384	3.18634	98.166
334	0.0101419	0.0481084	0.338579	0.00149925	0.0210629	2.3374	98.166
335	0.0101343	0.046942	0.290412	0	0.0200113	2.11965	98.166
336	0.0101343	0.0480075	0.334408	0	0.0144176	1.9662	80.5301
337	0.0101343	0.0484747	0.335845	0.00149925	0.0144176	1.91063	80.5301
338	0.0101343	0.0494243	0.344385	0.0029985	0.0146492	1.71153	86.2061
339	0.0101343	0.0512491	0.381232	0.017991	0.0125075	1.56681	71.8159
340	0.0101343	0.0493505	0.345171	0.0089955	0.0125075	1.39867	69.295
341	0.0101343	0.0509194	0.379273	0.011994	0.0118858	1.30371	65.0774
342	0.0101343	0.0513912	0.381232	0.0134933	0.0133288	1.34709	71.9193
343	0.0101343	0.0518901	0.370743	0.00749625	0.0133079	1.41837	68.9292
344	0.0101343	0.0513339	0.341534	0.00149925	0.0133288	1.49941	69.295
345	0.0101343	0.0513926	0.341534	0.00149925	0.0134	1.61995	69.295
346	0.0101343	0.0513743	0.334408	0.0029985	0.0134	1.79987	69.295
347	0.0101343	0.0519218	0.345171	0.00449775	0.013652	1.70631	69.295
348	0.0101283	0.0528234	0.356377	0.00449775	0.0133288	1.66915	69.295
349	0.0101283	0.0537821	0.362203	0.00449775	0.0133288	1.68285	70.2298
350	0.0101283	0.0541829	0.362203	0.005997	0.0133288	1.76112	70.2298
351	0.0101283	0.0549845	0.374506	0.005997	0.013652	1.79453	69.295
352	0.0101283	0.0546004	0.374506	0.0029985	0.0133288	1.70838	72.0368
353	0.0101283	0.0551798	0.375088	0.0029985	0.0127885	1.95538	74.6091
354	0.0100272	0.0560575	0.381232	0.00449775	0.011223	1.946	69.295
355	0.0101283	0.0565763	0.405498	0.005997	0.0119433	1.87754	72.8634
356	0.0101283	0.0564932	0.405498	0.005997	0.0120185	1.75052	72.8634
357	0.0101283	0.0562632	0.408704	0.005997	0.0119433	1.64445	72.8634
358	0.0101283	0.0553256	0.408704	0.005997	0.011824	1.64699	72.8634
359	0.0101283	0.0563093	0.405498	0.005997	0.0119433	1.6754	72.8634
360	0.0101283	0.0576305	0.4496	0.0089955	0.0119433	1.76067	72.8634
361	0.0101283	0.0606616	0.577605	0.0164918	0.0133288	1.81067	79.6427
362	0.0101283	0.0618517	0.616228	0.0194903	0.0130372	1.90135	79.6427
363	0.0101283	0.0628977	0.627978	0.0224888	0.0133288	1.92965	80.7714
364	0.0101283	0.065255	0.673791	0.023988	0.0130372	1.87009	80.7714
365	0.0101283	0.0663036	0.7069	0.0254873	0.0120185	1.82488	75.6405
366	0.0101283	0.0690185	0.673791	0.0269865
