		omega		Posterior		rho				Synonymous theta			kappa			phi	
Site	Lower	Point	Higher	prob of +ve	Lower	Point	Higher		Lower	Point	Higher	Lower	Point	Higher	Lower	Point	Higher
	95% HPD	estimate	95% HPD	selection	95% HPD	estimate	95% HPD		95% HPD	estimate	95% HPD	95% HPD	estimate	95% HPD	95% HPD	estimate	95% HPD
0	0.0100427	0.0313931	0.193946	0.00149925	0.0109265	1.57829	44.8112		0.047257	0.0567023	0.0701987	3.62349	5.78761	9.3375	0	0	0
1	0.0100427	0.0320471	0.194032	0.00449775	0.0115812	1.36177	40.1132
2	0.0100212	0.0320991	0.193946	0.005997	0.0115812	1.12703	35.1747
3	0.0100212	0.0322254	0.216873	0.00749625	0.0115812	0.98897	34.4216
4	0.0101588	0.0311643	0.194032	0.005997	0.0115812	0.799493	23.6844
5	0.0100212	0.0307236	0.186211	0.005997	0.0115812	0.735922	23.4807
6	0.0100212	0.0295041	0.157933	0	0.0103492	0.756666	23.6844
7	0.0100212	0.0279143	0.11588	0	0.0115812	0.756255	27.8598
8	0.0100212	0.0277213	0.11588	0	0.0115812	0.770216	39.5085
9	0.0100212	0.0274594	0.11588	0	0.0115812	0.725851	45.5789
10	0.0100212	0.027462	0.11588	0	0.0100287	0.663698	39.5085
11	0.0100212	0.0272207	0.108338	0	0.0111323	0.613979	53.5779
12	0.0100212	0.0268269	0.105593	0	0.0108484	0.713391	65.6683
13	0.0100212	0.026968	0.106293	0.00449775	0.0105968	0.655603	73.9974
14	0.0100212	0.0277313	0.11588	0.011994	0.0105968	0.641458	73.9974
15	0.0100212	0.0263623	0.105593	0.00149925	0.0108551	0.701442	76.9752
16	0.0100212	0.0260661	0.105593	0	0.0105968	0.701657	65.7044
17	0.0100212	0.0260892	0.105593	0	0.0105968	0.752277	65.7044
18	0.0100212	0.0263385	0.10547	0	0.0105968	0.668642	65.7044
19	0.0100212	0.0263945	0.106293	0	0.0105968	0.692704	65.7044
20	0.0100212	0.0264197	0.106293	0	0.0108484	0.638092	65.7044
21	0.0100212	0.0261819	0.107709	0	0.0108484	0.639871	65.7044
22	0.0100212	0.0264934	0.11588	0	0.0108551	0.66586	65.7044
23	0.0100212	0.0268902	0.116229	0.00149925	0.0100287	0.618692	65.7044
24	0.0100212	0.0266483	0.11588	0.0029985	0.0100287	0.667014	65.7044
25	0.0100212	0.0266078	0.108338	0.0104948	0.0100287	0.668116	65.7044
26	0.0100212	0.0244223	0.0959931	0	0.0100287	0.658608	65.7044
27	0.0100212	0.0245496	0.0992881	0.00149925	0.0107998	0.594952	65.7044
28	0.0100212	0.0246709	0.0995591	0.00149925	0.0107998	0.554746	70.5226
29	0.0100212	0.0251986	0.107069	0.00149925	0.0107998	0.532201	70.5226
30	0.0100212	0.0252522	0.105593	0.00149925	0.0107998	0.501251	70.5226
31	0.0100212	0.0249254	0.0992881	0.00149925	0.0107998	0.478427	70.5226
32	0.0100212	0.024639	0.10547	0	0.0107998	0.441372	63.7514
33	0.0100212	0.0248384	0.105593	0	0.0100287	0.453459	59.0568
34	0.0100212	0.0250028	0.107709	0	0.0107998	0.451307	57.196
35	0.0100212	0.0254991	0.11588	0	0.0108477	0.433084	56.164
36	0.0100212	0.0253671	0.11588	0	0.0107998	0.433376	53.0493
37	0.0100212	0.0246888	0.10827	0	0.0107998	0.470585	56.164
38	0.0100212	0.0236421	0.0897385	0	0.0128585	0.57086	65.7044
39	0.0100212	0.0231682	0.0775403	0	0.0128585	0.717448	65.7044
40	0.0100212	0.0233285	0.0775403	0	0.0128585	0.639706	59.4486
41	0.0100212	0.0232878	0.076562	0	0.0156407	0.607102	70.5882
42	0.0100212	0.0236008	0.0817925	0.00449775	0.0154479	0.536444	70.5882
43	0.0100212	0.0232474	0.0775403	0.00149925	0.0123904	0.475909	51.1512
44	0.0100212	0.0231334	0.0775403	0	0.012378	0.437397	50.6211
45	0.0100212	0.0230423	0.0749935	0	0.0100261	0.340481	29.0359
46	0.0100212	0.0231504	0.0749935	0	0.0100261	0.323156	35.053
47	0.0100212	0.0233211	0.0749935	0	0.0100261	0.342254	49.1133
48	0.0100212	0.0233369	0.0749935	0	0.0100261	0.316478	50.0122
49	0.0100212	0.0233823	0.0749935	0	0.0107402	0.346902	50.0887
50	0.0100212	0.0234507	0.0765182	0	0.0119333	0.315408	50.0122
51	0.0100212	0.0236254	0.0765182	0	0.0120614	0.262718	50.0887
52	0.0100212	0.0237635	0.0775403	0	0.0117237	0.243865	44.6174
53	0.0100212	0.0236353	0.076562	0	0.0100398	0.181459	38.1294
54	0.0100212	0.0237956	0.076562	0	0.0100398	0.144801	30.7721
55	0.0100212	0.0236731	0.0746211	0	0.0100398	0.127137	25.5946
56	0.0100212	0.0235836	0.076562	0	0.0100398	0.103304	22.6663
57	0.0100212	0.0238932	0.0817925	0	0.0100398	0.0916574	17.2498
58	0.0100212	0.024167	0.0883843	0	0.0100288	0.0791692	8.818
59	0.0100212	0.0242802	0.0885234	0	0.0103331	0.0718311	8.54399
60	0.0100212	0.0244573	0.0899639	0	0.0100288	0.0573089	1.11424
61	0.0100212	0.0241907	0.0885234	0	0.0100398	0.0504608	0.655759
62	0.0100212	0.024158	0.0885234	0	0.0100398	0.0517426	0.605482
63	0.0100212	0.0242802	0.088883	0	0.0100398	0.0516608	0.605482
64	0.0100212	0.0266768	0.10827	0.017991	0.0100398	0.0498884	0.592667
65	0.0100212	0.0249576	0.10547	0	0.0100398	0.0508665	0.605482
66	0.0100804	0.0251207	0.116524	0	0.0100551	0.0507358	0.605482
67	0.0100804	0.0253162	0.116524	0	0.0100288	0.0505821	0.605482
68	0.0100212	0.0253243	0.10827	0	0.0103331	0.0507812	0.605482
69	0.0101322	0.0252467	0.116524	0	0.0100538	0.0505403	0.605482
70	0.0100804	0.0253373	0.116524	0	0.0100538	0.050237	0.592667
71	0.0100212	0.0248568	0.10547	0	0.0100538	0.0490326	0.592667
72	0.0100212	0.0245576	0.1046	0	0.0100288	0.047584	0.563603
73	0.0100212	0.0248809	0.10547	0	0.0100288	0.047745	0.655759
74	0.0100212	0.024968	0.10827	0	0.0100288	0.0427991	0.198803
75	0.0100212	0.0248012	0.10827	0	0.0100538	0.0378983	0.15711
76	0.0100212	0.0253709	0.112542	0	0.0100538	0.0370835	0.147114
77	0.0100212	0.0255276	0.11588	0	0.0100538	0.03771	0.14772
78	0.0100212	0.0254841	0.116524	0	0.0100538	0.0379024	0.147114
79	0.0100212	0.0251586	0.11588	0	0.0103269	0.035999	0.133476
80	0.0100212	0.0248132	0.112542	0	0.0103269	0.0359402	0.131603
81	0.0100212	0.024331	0.10547	0	0.0100538	0.0363055	0.133476
82	0.0100212	0.0243406	0.10547	0	0.0102152	0.0358151	0.133476
83	0.0100212	0.0243466	0.10827	0	0.0102152	0.0360981	0.139696
84	0.0100212	0.0242482	0.10827	0	0.0100538	0.0361412	0.132274
85	0.0100212	0.0241765	0.10547	0	0.0103269	0.0358243	0.132274
86	0.0100212	0.0241695	0.10547	0	0.0102152	0.0359683	0.130494
87	0.0100212	0.0244715	0.10827	0	0.0103269	0.0363867	0.132274
88	0.0100212	0.0248859	0.11588	0.00449775	0.0103269	0.0365557	0.133476
89	0.0100212	0.0245099	0.11588	0	0.0102218	0.0371156	0.137553
90	0.0100212	0.0249678	0.120491	0	0.0103269	0.037115	0.138381
91	0.0100212	0.0252123	0.141065	0	0.0103269	0.0368974	0.138381
92	0.0100212	0.0250065	0.116524	0	0.0103269	0.0370954	0.137553
93	0.0100212	0.0250584	0.116524	0	0.0103269	0.0371521	0.138381
94	0.0100212	0.0246139	0.114743	0	0.0103269	0.0372254	0.136881
95	0.0100212	0.0239269	0.0934951	0	0.0103269	0.0384953	0.14326
96	0.0100212	0.0237485	0.0878243	0	0.0105059	0.0396362	0.157525
97	0.0100212	0.0237252	0.0849794	0	0.0105059	0.042562	0.171407
98	0.0100212	0.0245973	0.0948027	0	0.0105059	0.0439397	0.172574
99	0.0100212	0.0252102	0.102473	0.0029985	0.0105059	0.0461994	0.207074
100	0.0100212	0.0248796	0.0990145	0.00149925	0.0103269	0.0494856	0.232211
101	0.0100212	0.0248255	0.102473	0	0.0103269	0.0517289	0.292911
102	0.0100212	0.0248421	0.107678	0	0.0103269	0.0543724	0.352156
103	0.0100212	0.0245095	0.0990145	0	0.0103269	0.0562451	0.415785
104	0.0100212	0.0244798	0.0952684	0	0.0103269	0.0596396	0.551992
105	0.0100212	0.0245115	0.0952684	0	0.0105059	0.069838	1.78999
106	0.0100212	0.0249147	0.107463	0	0.0105059	0.0663869	1.5318
107	0.0100212	0.0245681	0.107463	0	0.0105059	0.0766565	2.74536
108	0.0100212	0.024333	0.0990145	0	0.0105059	0.0895437	3.97199
109	0.0100212	0.0242068	0.103684	0	0.0107586	0.0957252	3.97199
110	0.0100212	0.0244605	0.10866	0	0.0105059	0.0973832	2.74536
111	0.0100212	0.0249057	0.10827	0.00149925	0.0105059	0.100695	2.74536
112	0.0100212	0.0243105	0.103684	0	0.0105059	0.101508	2.65834
113	0.0100212	0.0239068	0.0996182	0	0.0104012	0.105021	2.74536
114	0.0100212	0.0236267	0.0968524	0	0.0104012	0.107624	3.30184
115	0.0100212	0.023522	0.0940665	0.00149925	0.0104012	0.115962	4.49811
116	0.0100212	0.0238314	0.0968524	0.00149925	0.0104012	0.124508	6.04046
117	0.0100212	0.0236274	0.0948027	0	0.0104012	0.124745	3.94906
118	0.0100212	0.0230783	0.0938189	0	0.0104012	0.125441	3.30184
119	0.0100212	0.0226871	0.0854796	0	0.0104012	0.119483	3.30184
120	0.0100212	0.0227733	0.0914197	0	0.0104012	0.109777	3.00917
121	0.0100212	0.0227761	0.0914197	0	0.0103211	0.106477	2.57392
122	0.0100212	0.0229599	0.0940665	0	0.0104012	0.0868086	1.42009
123	0.0100212	0.0231377	0.0940665	0	0.0103211	0.0876681	1.01639
124	0.0100212	0.0230039	0.088027	0	0.0102967	0.0892404	0.888922
125	0.0100212	0.0231895	0.0942817	0	0.0103211	0.0895224	0.812692
126	0.0100212	0.0232634	0.0947486	0	0.0104012	0.0907555	0.812692
127	0.0100212	0.0231772	0.0947486	0	0.0102967	0.0908325	0.70415
128	0.0100212	0.0229339	0.0942817	0	0.0102967	0.089999	0.699602
129	0.0100212	0.0226638	0.0878243	0	0.0104735	0.0910296	0.812692
130	0.0100212	0.0224215	0.0849794	0	0.0102967	0.0887156	0.663349
131	0.0100212	0.0223863	0.0849794	0	0.0102967	0.0885924	0.566059
132	0.0100212	0.0221116	0.080703	0	0.0102967	0.0872954	0.566059
133	0.0100212	0.0216127	0.0795395	0	0.0102967	0.0834346	0.475147
134	0.0100212	0.0214853	0.0794675	0	0.0103211	0.0811472	0.437523
135	0.0100212	0.0213696	0.0794675	0	0.0103211	0.0811847	0.437523
136	0.0100212	0.0212298	0.0794675	0	0.0129636	0.0793057	0.491108
137	0.0100212	0.0214281	0.0800598	0	0.0102967	0.0776449	0.379455
138	0.0100212	0.0215737	0.0818742	0	0.0104735	0.0738565	0.377926
139	0.0100212	0.0215833	0.0846376	0	0.0104735	0.0703629	0.373223
140	0.0100212	0.0215422	0.0849794	0	0.0103211	0.067428	0.330294
141	0.0100212	0.0216457	0.088027	0	0.0103211	0.066844	0.333818
142	0.0100212	0.0212561	0.0848138	0	0.0103211	0.067708	0.333818
143	0.0100212	0.0214315	0.0859849	0	0.0104956	0.0716835	0.379923
144	0.0100212	0.0214584	0.0878243	0	0.0105593	0.0697698	0.355667
145	0.0100212	0.0212526	0.0846376	0	0.0108179	0.0680463	0.333818
146	0.0100212	0.0208572	0.0794675	0	0.0108179	0.0680171	0.333818
147	0.0100212	0.0205025	0.0683917	0	0.0105593	0.0681305	0.322795
148	0.0100212	0.0206472	0.0685477	0	0.0108179	0.0706145	0.333818
149	0.0100212	0.0210921	0.0795395	0.0029985	0.012575	0.0710643	0.400887
150	0.0100212	0.0209434	0.080002	0	0.0108179	0.0733086	0.363253
151	0.0100212	0.02095	0.080002	0	0.0101471	0.0733872	0.379923
152	0.0100212	0.0214072	0.0859849	0	0.012575	0.0731357	0.447494
153	0.0100212	0.022093	0.0947225	0.00449775	0.0108179	0.070782	0.355667
154	0.0100212	0.0223244	0.095644	0.00449775	0.012575	0.074537	0.437523
155	0.0100212	0.0223224	0.095644	0.00449775	0.012575	0.0773426	0.442406
156	0.0100212	0.0221619	0.0948027	0.00449775	0.0102967	0.0841018	0.525878
157	0.0100212	0.0233917	0.0984512	0.0149925	0.0108179	0.0831052	0.470117
158	0.0100212	0.0213984	0.0846376	0	0.0108179	0.092381	0.623897
159	0.0100212	0.0214848	0.0846376	0.00149925	0.0102967	0.103298	0.690169
160	0.0100212	0.0209967	0.0752816	0	0.0115449	0.114559	0.996257
161	0.0100212	0.020856	0.0685477	0	0.0106547	0.124417	0.999272
162	0.0100212	0.0208235	0.0684261	0	0.0130307	0.115699	1.14978
163	0.0100212	0.0208234	0.0684261	0	0.0144909	0.112873	1.10234
164	0.0100212	0.0211152	0.0752816	0	0.0146662	0.0990841	0.728482
165	0.0100212	0.0211598	0.0794675	0	0.0110598	0.102982	0.602197
166	0.0100212	0.021274	0.0794675	0	0.0106547	0.124953	1.11296
167	0.0100205	0.0222238	0.0859849	0	0.0110598	0.128171	1.53583
168	0.0100205	0.022303	0.0859849	0	0.0110598	0.111799	0.831718
169	0.0100212	0.0233335	0.103635	0.0029985	0.0110598	0.10084	0.534478
170	0.0100212	0.0236676	0.125797	0.0029985	0.0110598	0.0934698	0.470117
171	0.0100212	0.0234198	0.106381	0	0.0114829	0.0906617	0.411637
172	0.0100212	0.0231569	0.103635	0	0.0134531	0.0874022	0.436337
173	0.0100212	0.0228504	0.0984512	0	0.0119388	0.0866218	0.411637
174	0.0100212	0.0230353	0.0953423	0.00149925	0.0114829	0.085897	0.42448
175	0.0100212	0.0225083	0.088027	0	0.0102517	0.0861596	0.378242
176	0.0100212	0.022237	0.0795395	0	0.0102517	0.0844164	0.378242
177	0.0100212	0.0223411	0.0801511	0	0.0102517	0.0876003	0.470117
178	0.0100212	0.0224222	0.0801511	0	0.0102517	0.0886733	0.402293
179	0.0100212	0.0223493	0.0795395	0	0.0102517	0.0962279	0.665733
180	0.0100212	0.0220523	0.0774553	0	0.0102517	0.104599	0.782047
181	0.0100212	0.0221694	0.0774553	0	0.0102517	0.106211	0.782047
182	0.0100212	0.0220555	0.0774553	0	0.0102517	0.107431	0.831205
183	0.0100212	0.0219897	0.0774553	0	0.0101825	0.107542	0.831718
184	0.0100212	0.0222524	0.0786465	0	0.0102517	0.107959	0.83499
185	0.0100212	0.022652	0.0873689	0	0.0102517	0.111184	1.0591
186	0.0100212	0.0229965	0.0940092	0	0.0102517	0.120534	1.58843
187	0.0100212	0.023406	0.0984512	0	0.0102517	0.119347	2.04612
188	0.0100212	0.0233288	0.0981257	0	0.0102517	0.122215	2.57892
189	0.0100212	0.023483	0.100966	0	0.0102517	0.117428	2.57892
190	0.0100212	0.0236078	0.100966	0	0.0102435	0.118366	3.05702
191	0.0100212	0.0236284	0.100966	0	0.0112336	0.117976	3.37772
192	0.0100212	0.0236718	0.100966	0	0.0116512	0.113807	3.37772
193	0.0100212	0.0235461	0.0984512	0	0.0102435	0.102234	1.94261
194	0.0100212	0.0237368	0.10414	0	0.0102435	0.0951267	1.66543
195	0.0100212	0.0240733	0.132778	0	0.0102435	0.0848441	1.26711
196	0.0100212	0.0249061	0.160188	0	0.0102435	0.0820161	1.22157
197	0.0100212	0.0249745	0.160188	0	0.0102435	0.0783349	1.22157
198	0.0100212	0.0250196	0.1464	0	0.0102502	0.0723016	0.965301
199	0.0100212	0.025353	0.151393	0.005997	0.0102502	0.0717374	0.965301
200	0.0100212	0.0254791	0.158467	0.0089955	0.0102502	0.0698159	0.965301
201	0.0100212	0.0250818	0.139008	0.00449775	0.0102502	0.0702776	1.26711
202	0.0100212	0.0262161	0.164404	0.0194903	0.0102502	0.0714082	2.3475
203	0.0100212	0.0243702	0.112285	0.005997	0.0102629	0.07273	2.44916
204	0.0100212	0.0237842	0.100966	0.0029985	0.0102629	0.0782297	2.85531
205	0.0100212	0.0237062	0.100966	0.0029985	0.0102502	0.0755727	2.36705
206	0.0100123	0.0237497	0.10414	0.0029985	0.0102629	0.076129	2.18549
207	0.0100212	0.0236724	0.100966	0.0029985	0.0102502	0.0769054	2.57892
208	0.0100212	0.0231816	0.088891	0.00149925	0.0102502	0.0776031	2.57892
209	0.0100212	0.0228606	0.0844718	0	0.0102502	0.0745226	1.98429
210	0.0100123	0.0230466	0.0873689	0	0.0102502	0.0731149	1.98429
211	0.0100123	0.0229878	0.0873689	0	0.0102629	0.0733343	1.98429
212	0.0100123	0.023173	0.0929312	0	0.0102629	0.0734969	1.98429
213	0.0100123	0.0233483	0.100966	0	0.0102502	0.0725918	1.98429
214	0.0100123	0.0237451	0.107197	0	0.0102502	0.0714009	1.98429
215	0.0100022	0.0246703	0.108731	0.00449775	0.0101085	0.0682323	1.98429
216	0.0100022	0.0247064	0.108731	0.0029985	0.0101085	0.0674057	1.98429
217	0.0100022	0.0249658	0.118181	0.0029985	0.0101085	0.0750386	4.65864
218	0.0100022	0.0251734	0.118181	0.0029985	0.0101085	0.0682205	4.13106
219	0.0100022	0.0255144	0.122977	0.0029985	0.0101085	0.0627903	0.457604
220	0.0100022	0.0265533	0.146757	0.0029985	0.0103246	0.0555922	0.280558
221	0.0100022	0.0268579	0.145795	0.0029985	0.0101085	0.0540099	0.255166
222	0.0100022	0.026488	0.1248	0	0.0101085	0.049365	0.231538
223	0.0100022	0.0264042	0.116127	0	0.0101085	0.0484064	0.216471
224	0.0100022	0.0267762	0.1248	0	0.010011	0.0478523	0.206374
225	0.0100022	0.0269448	0.133665	0	0.010011	0.0461285	0.187786
226	0.0100022	0.026911	0.132156	0	0.010011	0.0443337	0.18111
227	0.0100022	0.0268675	0.132156	0	0.010011	0.0437503	0.16687
228	0.0100022	0.0264799	0.116127	0	0.010011	0.044127	0.171646
229	0.0100022	0.0268861	0.122977	0.00149925	0.010011	0.0457393	0.183043
230	0.0100022	0.0261752	0.108731	0	0.0109462	0.0455002	0.187786
231	0.0100022	0.0261211	0.113048	0	0.0109462	0.0452008	0.185626
232	0.0100022	0.0259416	0.113048	0	0.0109462	0.0460933	0.183043
233	0.0100022	0.0254117	0.105042	0	0.0109462	0.0476433	0.187786
234	0.0100022	0.0254232	0.105042	0	0.0109462	0.0481906	0.192644
235	0.0100022	0.0254617	0.10414	0	0.0109462	0.0481575	0.192644
236	0.0100022	0.0255339	0.105042	0	0.0109462	0.0493327	0.192644
237	0.0100022	0.0254812	0.105042	0	0.010011	0.0512323	0.187786
238	0.0100022	0.0252679	0.100411	0	0.0112464	0.053326	0.217621
239	0.0100022	0.0250403	0.0980039	0	0.0109462	0.0558268	0.220375
240	0.0100022	0.0251072	0.104132	0	0.0109462	0.0565947	0.233487
241	0.0100022	0.0251528	0.104132	0	0.010011	0.0568018	0.217621
242	0.0100022	0.0247287	0.0958518	0	0.010011	0.0577831	0.220375
243	0.0100022	0.0248387	0.0980039	0	0.0109549	0.0592113	0.274081
244	0.0100022	0.0248277	0.0980039	0	0.0109549	0.060413	0.274081
245	0.0100022	0.0247485	0.101408	0	0.0101085	0.0640661	0.275819
246	0.0100022	0.02503	0.107197	0	0.0110707	0.0603495	0.275833
247	0.0100022	0.0250861	0.108731	0	0.0109462	0.0603102	0.274422
248	0.0100022	0.0249171	0.107197	0	0.0109549	0.0608677	0.275833
249	0.0100022	0.0249556	0.0980039	0	0.0109549	0.0605285	0.275833
250	0.0100022	0.0251046	0.103098	0	0.0109462	0.0604445	0.274422
251	0.0100022	0.02421	0.0914025	0	0.0109549	0.0616885	0.274081
252	0.0100022	0.0236301	0.0842392	0	0.0109462	0.063575	0.274081
253	0.0100022	0.0234022	0.0840297	0	0.0109549	0.0652145	0.274081
254	0.0100022	0.0232695	0.0819137	0	0.0109462	0.0680254	0.274081
255	0.0100022	0.0232511	0.0786039	0	0.0109462	0.0704646	0.274422
256	0.0100022	0.0231262	0.0786039	0	0.0113885	0.0697158	0.278422
257	0.0100022	0.0232863	0.0819137	0	0.0109462	0.0737511	0.275833
258	0.0100022	0.0232417	0.0794036	0	0.0109072	0.0707616	0.250254
259	0.0100022	0.0231766	0.0819137	0	0.0109072	0.0722324	0.251413
260	0.0100022	0.0232825	0.0840297	0	0.0109072	0.0735939	0.254398
261	0.0100022	0.0231847	0.0840297	0	0.0109072	0.0745628	0.253119
262	0.0100022	0.0232376	0.0840722	0	0.0109072	0.0764048	0.250254
263	0.0100022	0.023197	0.0840297	0	0.0109072	0.0816285	0.251413
264	0.0100022	0.0232078	0.0840722	0	0.0109072	0.0827247	0.251413
265	0.0100022	0.0233928	0.0848902	0	0.0109072	0.0817039	0.251413
266	0.0100022	0.0234621	0.0865879	0	0.0109072	0.0809253	0.250573
267	0.0100022	0.0236323	0.0865879	0	0.0109072	0.0796739	0.250573
268	0.0100022	0.0233804	0.0840722	0	0.0109072	0.0799394	0.250573
269	0.0100022	0.0233661	0.0842392	0	0.0109072	0.0825456	0.263268
270	0.0100022	0.0234172	0.0848902	0	0.0109072	0.0869701	0.297972
271	0.0100022	0.0233636	0.0848902	0	0.0121193	0.092047	0.352351
272	0.0100022	0.0228883	0.0840297	0	0.0126023	0.0932575	0.358967
273	0.0100022	0.022692	0.0794036	0	0.0121193	0.0947394	0.352351
274	0.0100022	0.022982	0.0830063	0.00149925	0.0109072	0.0900906	0.285865
275	0.0100022	0.0230909	0.0821192	0.00149925	0.0134025	0.091024	0.358967
276	0.0100022	0.0231715	0.0821192	0.00149925	0.0129039	0.0930406	0.344092
277	0.0100022	0.0231648	0.0794036	0.00149925	0.0129039	0.0928942	0.344092
278	0.0100022	0.0235623	0.0803772	0.00149925	0.0134884	0.0967278	0.352351
279	0.0100022	0.0237279	0.0821192	0.00149925	0.0134025	0.0994441	0.352351
280	0.0100022	0.0242298	0.0952324	0.00149925	0.0154552	0.100002	0.400309
281	0.0100022	0.0242838	0.0952324	0	0.0159484	0.0998599	0.352351
282	0.0100022	0.0240527	0.0952324	0	0.0159484	0.103068	0.344092
283	0.0100022	0.0242701	0.0952324	0.0029985	0.0163984	0.104975	0.352351
284	0.0100022	0.0245214	0.0965092	0	0.0240507	0.119149	0.575081
285	0.0100231	0.0241925	0.0958761	0	0.0259971	0.123062	0.558245
286	0.0100231	0.0241683	0.0952324	0.00149925	0.0349876	0.116832	0.558245
287	0.0100621	0.0241554	0.096834	0	0.0354535	0.114648	0.558245
288	0.0100621	0.0240567	0.0958761	0	0.0259971	0.114388	0.359286
289	0.0100621	0.0243653	0.096834	0	0.0244515	0.115546	0.358967
290	0.0100242	0.0254795	0.105428	0	0.0244515	0.1179	0.358967
291	0.0100242	0.0252598	0.105428	0	0.0267868	0.119989	0.490505
292	0.0100804	0.0249757	0.101754	0	0.0265732	0.122909	0.490505
293	0.0100804	0.0248138	0.101754	0	0.0265732	0.123543	0.490505
294	0.0100804	0.0247023	0.101754	0	0.0240507	0.130857	0.532763
295	0.0100621	0.02462	0.101369	0	0.0240507	0.140175	0.71948
296	0.0100621	0.0250668	0.101754	0.00449775	0.0244256	0.130789	0.543726
297	0.0100621	0.0253902	0.105428	0.00449775	0.0247145	0.125892	0.490505
298	0.0100242	0.0251315	0.101754	0.00449775	0.0244256	0.12553	0.537243
299	0.0100621	0.0247577	0.101754	0.00449775	0.0218534	0.123894	0.558245
300	0.0100242	0.0245831	0.0952324	0.00449775	0.0129091	0.131785	0.558245
301	0.0100242	0.0242231	0.0867337	0.0029985	0.0119179	0.140778	1.28286
302	0.0100242	0.0237933	0.0867337	0.0029985	0.0136199	0.109131	0.490505
303	0.0100242	0.0234833	0.0849475	0	0.0136199	0.100421	0.377089
304	0.0100804	0.0234084	0.0849475	0	0.0136199	0.0963084	0.345694
305	0.0100242	0.0230189	0.0821192	0	0.0136199	0.0940035	0.340258
306	0.0100242	0.0230124	0.0806513	0	0.0136199	0.0934773	0.340258
307	0.0100242	0.0233048	0.0806513	0	0.0136199	0.0941553	0.345694
308	0.0100242	0.0234168	0.0806513	0	0.0136199	0.0977689	0.352351
309	0.0100242	0.0231667	0.0806513	0	0.0136199	0.101673	0.352351
310	0.0100242	0.0229607	0.0771688	0	0.0136199	0.101114	0.352351
311	0.0100621	0.0227719	0.0761248	0	0.0136199	0.101779	0.33561
312	0.0100242	0.0227313	0.0761248	0	0.0136199	0.106348	0.433842
313	0.0100621	0.0227022	0.0761248	0	0.0136199	0.104467	0.432781
314	0.0100621	0.0232644	0.0840722	0	0.0177274	0.10987	0.654929
315	0.0100242	0.0228526	0.0760445	0	0.0182011	0.107097	0.693779
316	0.0100242	0.022395	0.0739204	0	0.0170639	0.109287	0.693779
317	0.0100621	0.0222075	0.0726992	0	0.0170639	0.110877	0.66484
318	0.0100735	0.0218371	0.0726992	0	0.0203244	0.112401	0.718882
319	0.0100735	0.0218118	0.0726992	0.00149925	0.0182011	0.110471	0.66484
320	0.0100621	0.0216291	0.0721241	0	0.0182011	0.113723	0.645242
321	0.0100804	0.0216367	0.0727335	0	0.0173505	0.10848	0.645242
322	0.0100804	0.02168	0.0727335	0	0.0148713	0.104155	0.532763
323	0.0100735	0.0218824	0.0727335	0	0.016375	0.101717	0.532763
324	0.0100621	0.0220303	0.0727335	0	0.0158856	0.100261	0.451532
325	0.0101103	0.0216037	0.0727335	0	0.0169905	0.0969965	0.435287
326	0.0100735	0.0217076	0.0727335	0	0.0158856	0.0937522	0.38081
327	0.0100242	0.0218444	0.0739204	0	0.0169905	0.093161	0.360876
328	0.0100242	0.0216144	0.0727335	0	0.0169905	0.0929547	0.360734
329	0.0100804	0.0217183	0.0760445	0	0.0169905	0.0925495	0.336782
330	0.0100242	0.0218961	0.0760445	0	0.0169905	0.09374	0.341882
331	0.0100242	0.0223106	0.0848521	0	0.0185012	0.0949475	0.360876
332	0.0100212	0.0221325	0.0842392	0	0.01871	0.0945296	0.360876
333	0.0100212	0.0221275	0.0845565	0	0.0182302	0.0957151	0.360876
334	0.0100212	0.0220769	0.0845565	0	0.016375	0.0985925	0.38081
335	0.0100804	0.0223398	0.0922576	0	0.01871	0.100259	0.437052
336	0.0100735	0.0223638	0.0922576	0	0.0198969	0.102641	0.437052
337	0.0100212	0.02222	0.0863163	0	0.0189255	0.101185	0.431031
338	0.0100212	0.0224098	0.0887685	0	0.0189255	0.101912	0.431031
339	0.0100212	0.0224839	0.0920133	0	0.0189255	0.102051	0.436684
340	0.0100212	0.0228562	0.0920826	0	0.0170224	0.101892	0.450954
341	0.0100212	0.0227413	0.0887685	0	0.0173505	0.104378	0.525901
342	0.0100212	0.0226947	0.0887685	0	0.01871	0.107384	0.59809
343	0.0100212	0.0227448	0.0848521	0	0.01871	0.107419	0.59809
344	0.0100212	0.0226397	0.081273	0	0.0173505	0.105981	0.59809
345	0.0100212	0.0229597	0.0835036	0	0.0170224	0.104918	0.641711
346	0.0100212	0.0231145	0.0835036	0	0.0170224	0.106149	0.641711
347	0.0100212	0.0234268	0.0863163	0.00149925	0.0125545	0.110353	0.59809
348	0.0100242	0.0232268	0.0863163	0.00149925	0.0126885	0.103618	0.600065
349	0.0100212	0.0232874	0.0920826	0	0.0108839	0.0955503	0.433842
350	0.0100212	0.0230406	0.0887685	0	0.0108839	0.0922997	0.434182
351	0.0100212	0.0233195	0.10136	0	0.0103549	0.0876466	0.431031
352	0.0100212	0.023112	0.0989695	0	0.0108839	0.0851944	0.433842
353	0.0100212	0.0229326	0.0931551	0	0.0113436	0.0833383	0.431031
354	0.0100212	0.02303	0.096834	0	0.0118041	0.084205	0.433842
355	0.0100212	0.0229338	0.0989695	0	0.0108839	0.0845078	0.433842
356	0.0100212	0.0228562	0.0989695	0	0.0108839	0.0830124	0.433842
357	0.0100212	0.0230034	0.100945	0.00149925	0.0125545	0.0766985	0.433842
358	0.0100212	0.0230424	0.100945	0	0.0125545	0.0731812	0.431031
359	0.0100212	0.0232926	0.104285	0	0.0125545	0.0707588	0.431031
360	0.0100212	0.0232229	0.10136	0	0.0125545	0.0682009	0.433842
361	0.0100242	0.0231235	0.0989695	0	0.0112753	0.063313	0.360734
362	0.0100212	0.0233922	0.0989695	0.00449775	0.0103549	0.0628445	0.323932
363	0.0100242	0.0234051	0.0989695	0.00449775	0.0108839	0.0623659	0.323932
364	0.0100212	0.0230136	0.0889298	0	0.0112753	0.0617449	0.323932
365	0.0100212	0.0231792	0.0931551	0	0.0112753	0.0615016	0.323932
366	0.0100212	0.0233167	0.0887744	0	0.0112753	0.0608001	0.320527
367	0.0100212	0.0232459	0.0887744	0	0.0112753	0.0594619	0.30626
368	0.0100212	0.0236947	0.0974898	0	0.0112753	0.0589406	0.30626
369	0.0100212	0.0237942	0.0953582	0	0.0112753	0.0595643	0.30626
370	0.0100212	0.0242136	0.0889298	0.0029985	0.0112753	0.0593471	0.30626
371	0.0100212	0.0239068	0.0887744	0.0029985	0.0108839	0.0599769	0.30626
372	0.0100212	0.023168	0.0849282	0	0.0112753	0.0604685	0.32198
373	0.0100212	0.0230111	0.0774291	0	0.0103549	0.0615815	0.323932
374	0.0100212	0.0231829	0.081273	0	0.0112753	0.0634492	0.358389
375	0.0100212	0.02339	0.0863163	0	0.0112753	0.0654001	0.371494
376	0.0100212	0.0238192	0.0897969	0	0.0104331	0.0669721	0.364569
377	0.0100212	0.0242065	0.0993068	0	0.0102197	0.0679517	0.378175
378	0.0100212	0.0244364	0.105483	0	0.0103549	0.0708193	0.443444
379	0.0100212	0.0245602	0.106525	0	0.0102197	0.0843698	0.878867
380	0.0100212	0.0247057	0.11618	0.00149925	0.0104331	0.0992827	2.35137
381	0.0100212	0.0246401	0.112428	0.00149925	0.0102197	0.111921	3.89492
382	0.0100212	0.0243922	0.10482	0.00149925	0.0103549	0.108938	4.20004
383	0.0100212	0.0244575	0.110422	0.00149925	0.0103549	0.107308	4.20004
384	0.0100212	0.024367	0.112428	0.00149925	0.0104331	0.107528	4.20004
385	0.0100212	0.024372	0.11618	0.00149925	0.0104331	0.0978164	2.22819
386	0.0100212	0.0241516	0.121624	0	0.0104331	0.0925319	1.40314
387	0.0100242	0.023924	0.11618	0	0.0104331	0.0914667	1.40314
388	0.0100212	0.0242396	0.110422	0.005997	0.0104331	0.0838639	1.05596
389	0.0100212	0.0242777	0.105993	0.005997	0.0104331	0.0764941	0.94326
390	0.0100212	0.0242547	0.110422	0.00449775	0.0104331	0.0733717	0.919118
391	0.0100212	0.0247897	0.123033	0.0029985	0.0102957	0.0740607	1.02036
392	0.0100212	0.0248559	0.123033	0.0029985	0.0106259	0.0788044	1.42476
393	0.0100242	0.0246875	0.11618	0.0029985	0.0102957	0.0901485	4.20004
394	0.0100212	0.0246842	0.114537	0.00149925	0.0102957	0.0954728	6.07887
395	0.0100212	0.0251527	0.117209	0.00149925	0.0102957	0.0929986	3.89492
396	0.0100212	0.0254859	0.131761	0	0.0102957	0.0921917	3.35244
397	0.0100242	0.0257529	0.131942	0	0.0102957	0.0917881	3.06585
398	0.0100242	0.0259622	0.131942	0	0.0102957	0.0928732	3.89492
399	0.0100212	0.0257167	0.114537	0	0.0102957	0.094069	7.43617
400	0.0100212	0.0257086	0.0993068	0	0.0102957	0.0933986	7.43617
401	0.0100212	0.0251972	0.0887744	0	0.0102957	0.0970927	8.97685
402	0.0100212	0.0253319	0.0887744	0	0.0102957	0.0970741	9.78159
403	0.0100212	0.0247187	0.0862829	0	0.0102957	0.10538	10.1618
404	0.0100212	0.0246485	0.0852025	0	0.0102957	0.101003	10.1618
405	0.0100212	0.024719	0.085815	0	0.0102957	0.0990157	5.033
406	0.0100212	0.0242678	0.0819189	0	0.0102957	0.0973136	5.033
407	0.0100212	0.0244336	0.0823814	0.00149925	0.0102957	0.0905619	4.10532
408	0.0100212	0.0247829	0.084368	0.00149925	0.0102957	0.0818298	2.69468
409	0.0100242	0.0243911	0.0819189	0	0.0102957	0.078807	2.36598
410	0.0100242	0.0242865	0.0819189	0	0.0102957	0.0662179	1.46026
411	0.0100212	0.0247556	0.0823814	0.00149925	0.0103756	0.0590907	1.07707
412	0.0100212	0.0247574	0.0823814	0.00149925	0.0101117	0.0513055	0.830586
413	0.0100212	0.0251287	0.084368	0.00149925	0.0101117	0.0454689	0.446304
414	0.0100212	0.0248077	0.0834782	0	0.0101117	0.0403466	0.26198
415	0.0100212	0.0254561	0.085815	0	0.0101526	0.0382801	0.244536
416	0.0100212	0.025418	0.085815	0	0.0101526	0.0379716	0.244536
417	0.0100212	0.0257597	0.091886	0	0.0101526	0.0368898	0.244536
418	0.0100212	0.0259113	0.091886	0	0.0101526	0.0330074	0.183739
419	0.0100212	0.0259292	0.091886	0	0.0101117	0.0328008	0.173547
420	0.0100242	0.02618	0.0931423	0	0.0101117	0.0319065	0.144352
421	0.0100339	0.0261433	0.0931423	0	0.0100367	0.031197	0.139874
422	0.0100339	0.0262867	0.0931423	0	0.0100367	0.0303201	0.136467
423	0.0100212	0.0263821	0.0908315	0	0.0100367	0.0300222	0.133922
424	0.0100212	0.0262275	0.0908315	0	0.0100367	0.0285517	0.112098
425	0.0101581	0.0264411	0.093423	0	0.0100367	0.0283846	0.111041
426	0.0100212	0.0267803	0.0931423	0	0.0100367	0.0282469	0.102658
427	0.0100212	0.0267656	0.093423	0	0.0100367	0.0282182	0.102658
428	0.0100212	0.0271146	0.0947917	0	0.0100367	0.0281112	0.102658
429	0.0100212	0.0273887	0.0959519	0	0.0100367	0.0282497	0.102658
430	0.0100212	0.0274389	0.101621	0	0.0100367	0.0282146	0.102658
431	0.0100212	0.0277622	0.100281	0	0.0100367	0.027713	0.097375
432	0.0100212	0.0278741	0.10357	0	0.0100367	0.0275313	0.0951894
433	0.0100242	0.0279149	0.106525	0	0.0100367	0.0270451	0.0886522
434	0.0100212	0.0281719	0.106525	0	0.0100367	0.0273477	0.0951894
435	0.0100212	0.0284363	0.106525	0	0.0100367	0.0271939	0.0951894
436	0.0100212	0.0287918	0.109127	0	0.0100367	0.027021	0.0951894
437	0.0100212	0.0297915	0.119961	0	0.0100367	0.026891	0.0946087
438	0.0100212	0.0298629	0.119061	0	0.0100367	0.0268461	0.0946087
439	0.0100212	0.0303582	0.12042	0	0.0100367	0.0268	0.0946087
440	0.0100212	0.0308423	0.132783	0	0.0100367	0.0270822	0.0951894
441	0.0100212	0.0309394	0.132783	0	0.0100367	0.0267529	0.0886522
442	0.0100212	0.0313244	0.129616	0	0.0101117	0.0266147	0.0890561
443	0.0100212	0.0311862	0.132783	0	0.0101117	0.0262689	0.0890561
444	0.0100212	0.031024	0.129616	0	0.0101117	0.0259282	0.0890561
445	0.0100212	0.031082	0.131528	0	0.0100367	0.025663	0.0886522
446	0.0100212	0.0311645	0.137439	0	0.0101117	0.0256104	0.0890561
447	0.0101581	0.0308597	0.13852	0	0.0100367	0.0259567	0.0890561
448	0.0100212	0.0311508	0.138332	0	0.0100367	0.025529	0.0881318
449	0.0100212	0.0310635	0.137439	0	0.0100367	0.0253939	0.0869639
450	0.0100212	0.0311799	0.138332	0	0.0100367	0.0251512	0.0865275
451	0.0100336	0.0315888	0.140199	0	0.0100367	0.0253107	0.0869639
452	0.0100242	0.0322063	0.149049	0	0.0100367	0.0254172	0.0865275
453	0.0100242	0.0330622	0.159842	0	0.0100367	0.0252765	0.0869639
454	0.0100212	0.0334698	0.176149	0	0.0100367	0.0255312	0.0903853
455	0.0100212	0.0336467	0.177628	0	0.0100367	0.0255312	0.0903853
456	0.0100212	0.0349449	0.191235	0	0.0100367	0.0253371	0.0886522
457	0.0100212	0.0354737	0.191235	0	0.0100367	0.0254939	0.0886522
458	0.0100212	0.0366378	0.18596	0	0.0100367	0.0260264	0.0944806
459	0.0100212	0.0362969	0.179075	0	0.0101117	0.0269178	0.102716
460	0.0100242	0.0367749	0.18596	0	0.010249	0.0268348	0.102716
461	0.0100212	0.0374744	0.191715	0	0.0101117	0.0273718	0.102716
462	0.0100212	0.0389181	0.209835	0.0029985	0.0101544	0.0278841	0.109368
463	0.0100212	0.0383069	0.191715	0	0.0101117	0.0281707	0.109368
464	0.0100212	0.0389796	0.20963	0	0.0101117	0.0281822	0.109368
465	0.0100212	0.0404529	0.220911	0	0.0101117	0.0278752	0.107501
466	0.0100212	0.043027	0.242992	0.00149925	0.0101117	0.0282822	0.109368
467	0.0100212	0.0436218	0.266428	0.00149925	0.0102957	0.0285387	0.115472
468	0.0100212	0.0449637	0.273044	0.00149925	0.0101117	0.0296921	0.121652
469	0.0100242	0.04646	0.277252	0.0029985	0.0101117	0.0308252	0.133922
470	0.0100212	0.0468778	0.28992	0.00449775	0.0101117	0.0314054	0.138365
471	0.0100212	0.0487649	0.328429	0.005997	0.0101117	0.031817	0.138365
472	0.0100212	0.0520912	0.410406	0.011994	0.0101117	0.0326709	0.141393
473	0.0100212	0.0534752	0.410406	0.00749625	0.010249	0.0332903	0.150082
474	0.0100212	0.0525252	0.387775	0.0089955	0.010249	0.032926	0.1494
475	0.0100212	0.0526018	0.410406	0.0089955	0.0101117	0.0335421	0.150082
476	0.0100212	0.0504522	0.353905	0.00449775	0.010249	0.0353506	0.163464
477	0.0100212	0.0490793	0.321431	0.0029985	0.0102957	0.0375529	0.17174
478	0.0100212	0.0456653	0.264205	0.0029985	0.010249	0.0380696	0.179364
479	0.0100242	0.0444666	0.250442	0.0029985	0.0103832	0.0391265	0.185579
480	0.0100212	0.0436517	0.229787	0.00149925	0.0104714	0.0401293	0.185579
481	0.0100212	0.0423913	0.191715	0	0.010249	0.0412061	0.185579
482	0.0100212	0.0417646	0.18596	0	0.010781	0.0426064	0.212194
483	0.0100242	0.0412429	0.18032	0	0.0104056	0.044954	0.208985
484	0.0100242	0.0403728	0.178036	0	0.011332	0.0477298	0.254216
485	0.0100242	0.0407719	0.18032	0	0.0114713	0.0513139	0.253401
486	0.0100242	0.0394409	0.167759	0.00149925	0.011332	0.0531667	0.258327
487	0.0100242	0.0381636	0.146867	0.00149925	0.0107685	0.0575813	0.254216
488	0.0100242	0.0372584	0.142929	0.00149925	0.011332	0.120393	7.00991
489	0.0100247	0.0357541	0.138114	0.00149925	0.0104944	0.149652	13.2534
490	0.0100247	0.0353409	0.138114	0.00149925	0.010781	0.136854	14.7069
491	0.0100247	0.0348311	0.138114	0.00149925	0.0101047	0.113602	11.2683
492	0.0100242	0.0342244	0.134906	0	0.0101047	0.107332	9.64062
493	0.0100242	0.0333114	0.131528	0	0.0101047	0.10466	9.64062
494	0.0100242	0.0329701	0.130286	0	0.0101047	0.101599	9.64062
495	0.0100242	0.0328349	0.125013	0	0.0101047	0.10033	9.64062
496	0.0100242	0.0331312	0.121234	0	0.0101047	0.0913944	11.2683
497	0.0100242	0.0333646	0.121234	0.0029985	0.0101047	0.090772	11.653
498	0.0100247	0.0328272	0.120203	0	0.0101047	0.0965271	31.2809
499	0.0105562	0.0329625	0.134701	0	0.0101047	0.0969253	31.2809
500	0.0100247	0.0327733	0.121234	0	0.0101047	0.0988897	31.2809
501	0.0100247	0.0326427	0.120203	0	0.0101047	0.0989583	31.2809
502	0.0105562	0.0327309	0.134701	0	0.0101047	0.0964784	31.2809
503	0.0106581	0.0326123	0.134701	0	0.0101047	0.0904323	31.2809
504	0.0100247	0.0321696	0.119902	0	0.0101047	0.0866561	16.1523
505	0.0106581	0.0322163	0.134701	0	0.0101047	0.0816856	9.64062
506	0.0106581	0.0318881	0.134701	0	0.0101047	0.0775393	6.85373
507	0.0106581	0.032297	0.140765	0	0.0101047	0.0756026	8.02723
508	0.0108365	0.0328674	0.147612	0.00149925	0.0101047	0.0986974	12.7488
509	0.0100247	0.0345458	0.147612	0.00449775	0.0101047	0.0971419	12.7488
510	0.0100247	0.0355782	0.18032	0.005997	0.0101047	0.0981552	13.2534
511	0.0100247	0.0357319	0.225096	0.0104948	0.0101047	0.097707	12.7488
512	0.0100247	0.0354597	0.200385	0.00449775	0.0101047	0.0994014	12.7488
513	0.0100247	0.0357966	0.205875	0.00749625	0.0101047	0.0996165	11.3857
514	0.0100247	0.0347554	0.200385	0	0.0101047	0.100581	11.3857
515	0.0100247	0.0359128	0.229588	0.00149925	0.0101047	0.0988472	12.0782
516	0.0100887	0.035952	0.232593	0.00149925	0.010845	0.106008	12.0782
517	0.0100887	0.0357976	0.232593	0	0.0101261	0.0921393	7.92856
518	0.0100887	0.0360052	0.232593	0	0.010845	0.0872165	1.81977
519	0.0100247	0.0366643	0.232593	0	0.0101261	0.0873476	1.41538
520	0.0100247	0.0374134	0.247533	0	0.0101261	0.0843201	1.41538
521	0.0100247	0.0378676	0.231202	0	0.010845	0.0829389	1.40478
522	0.0100247	0.039628	0.259661	0	0.0101261	0.0819211	1.26509
523	0.0100247	0.0399915	0.259661	0.00149925	0.0101261	0.0803584	0.994383
524	0.0100247	0.0411757	0.3199	0.00449775	0.0101261	0.0813189	0.994383
525	0.0100247	0.0443462	0.380576	0.0149925	0.0101261	0.0803593	0.981862
526	0.0100247	0.047945	0.576584	0.0344828	0.010845	0.0772004	0.981862
527	0.0100247	0.0718455	3.32951	0.110945	0.0101261	0.075806	0.903606
528	0.185193	6.35288	40.6298	0.902549	0.0101261	0.0728743	0.754525
529	0.0102322	0.0833141	4.37057	0.148426	0.0104935	0.0720247	0.920388
530	0.0100659	0.0464859	0.772446	0.0404798	0.0101261	0.0684412	0.592095
531	0.0102322	0.0393184	0.36281	0.0149925	0.0105265	0.0662931	0.431114
532	0.0102322	0.0380978	0.332006	0.011994	0.0101261	0.0651775	0.34798
533	0.0102322	0.0363185	0.309616	0.00449775	0.0105265	0.0626681	0.319075
534	0.0100659	0.0339831	0.221795	0.00149925	0.0105265	0.0638611	0.313772
535	0.010172	0.0325816	0.183863	0.00149925	0.0105265	0.0645243	0.286978
536	0.0100659	0.0311542	0.159636	0	0.0111289	0.0646511	0.306285
537	0.0100659	0.0306835	0.147015	0	0.0123915	0.0596947	0.266441
538	0.0100659	0.0303603	0.143203	0	0.0115195	0.0575077	0.228888
539	0.0100659	0.0298102	0.126837	0.0029985	0.0115195	0.0571926	0.228478
540	0.0100659	0.0301075	0.135967	0.00449775	0.0123915	0.0571927	0.240611
541	0.0100659	0.029721	0.126837	0.00149925	0.0115195	0.0561647	0.228888
542	0.0100659	0.0297669	0.126837	0	0.0111289	0.055253	0.228292
543	0.0100659	0.0300123	0.129483	0	0.0111289	0.0542325	0.225956
544	0.0100659	0.029351	0.116109	0	0.0110863	0.0534908	0.225956
545	0.0100659	0.0295922	0.126837	0	0.0111289	0.0524926	0.228292
546	0.0100659	0.0296532	0.129483	0	0.010787	0.0511446	0.21159
547	0.0100659	0.0298608	0.129483	0	0.0110863	0.0503992	0.21159
548	0.0100659	0.0297173	0.125218	0	0.0110863	0.0499146	0.21159
549	0.0101533	0.029196	0.115342	0	0.010787	0.0518694	0.21159
550	0.0100659	0.0299049	0.116109	0	0.0110863	0.0523363	0.225956
551	0.0101533	0.0300376	0.125218	0	0.0110506	0.0539634	0.228888
552	0.0101533	0.0299388	0.125218	0	0.0110506	0.0542288	0.228888
553	0.0100659	0.0301267	0.125218	0	0.010787	0.0559045	0.235069
554	0.0101533	0.0300764	0.125218	0	0.0101062	0.0567831	0.228888
555	0.0105387	0.0306571	0.146212	0	0.0100006	0.0571748	0.228888
556	0.0102713	0.0307746	0.145703	0	0.0101062	0.0613288	0.268017
557	0.0102713	0.0305307	0.145703	0	0.0101062	0.0644864	0.284546
558	0.0102713	0.0304018	0.145703	0	0.0100006	0.0682881	0.418124
559	0.0100233	0.0310359	0.146212	0.00149925	0.0100068	0.0716119	0.657196
560	0.0106996	0.0318949	0.173974	0.0029985	0.0100068	0.0773708	1.1478
561	0.0107295	0.031955	0.173974	0	0.010269	0.0789616	1.31796
562	0.0100233	0.0320048	0.154492	0	0.010269	0.0801373	1.31796
563	0.0103644	0.0321088	0.173974	0	0.0100068	0.0831569	1.31796
564	0.0100039	0.0316751	0.149143	0	0.0100068	0.0807757	1.28587
565	0.010562	0.0325702	0.173974	0	0.0100068	0.0817921	1.1478
566	0.0100039	0.0338191	0.173974	0.00449775	0.0102328	0.0841943	1.31796
567	0.0103407	0.0336147	0.173974	0.00149925	0.0100068	0.0859225	1.1478
568	0.0103407	0.034263	0.177381	0	0.0100068	0.0874514	1.00676
569	0.0103407	0.0347168	0.182179	0	0.0100068	0.0873271	0.786095
570	0.0100659	0.0348684	0.182179	0.00149925	0.0100068	0.0893903	0.962632
571	0.0103407	0.0354693	0.1917	0.00149925	0.0100068	0.0899474	0.684804
572	0.0103407	0.0359303	0.1917	0.00149925	0.0100068	0.0889118	0.673168
573	0.0103407	0.0359468	0.187443	0.00149925	0.0100068	0.0929496	0.673168
574	0.0107295	0.0367697	0.200721	0	0.0100068	0.0893949	0.56554
575	0.0107295	0.0374158	0.202381	0	0.0100068	0.0889583	0.523768
576	0.0103461	0.0391228	0.200721	0	0.0100068	0.0917255	0.545032
577	0.0103407	0.0406415	0.2479	0.00449775	0.010269	0.0910775	0.525317
578	0.0103407	0.0398349	0.237961	0.00149925	0.0100068	0.0948914	0.534433
579	0.0103407	0.0400402	0.243898	0.00149925	0.0100068	0.102192	0.555916
580	0.0100039	0.0420089	0.264704	0.00449775	0.0103197	0.106758	0.588105
581	0.0103407	0.0429637	0.305975	0.00449775	0.0117484	0.110058	0.607486
582	0.010362	0.045193	0.33526	0.0104948	0.0119895	0.109358	0.588105
583	0.0102807	0.0504391	0.510113	0.0149925	0.0119895	0.108334	0.588105
584	0.0102807	0.0563031	0.597499	0.023988	0.0117484	0.106558	0.526627
585	0.0102807	0.0609418	0.620743	0.0284858	0.0119096	0.10868	0.588105
586	0.0102807	0.077494	1.23625	0.065967	0.0119096	0.111738	0.534433
587	0.0102807	0.108684	2.39938	0.115442	0.0129145	0.112207	0.534433
588	0.0109298	0.186009	5.84965	0.224888	0.0135751	0.1121	0.534433
589	0.0102022	0.0872345	1.2425	0.095952	0.0159218	0.112611	0.527649
590	0.0102022	0.068108	1.06855	0.0554723	0.0138104	0.115868	0.527649
591	0.0102022	0.0578379	0.542341	0.023988	0.0135751	0.11867	0.534433
592	0.0102022	0.0509452	0.333418	0.0089955	0.0100068	0.127065	0.750435
593	0.0102022	0.0478017	0.317747	0.005997	0.0100068	0.142514	1.56035
594	0.0102022	0.0455559	0.311797	0.00449775	0.0119096	0.143784	1.29178
595	0.0102022	0.0427169	0.234234	0.00149925	0.0100068	0.140873	0.651754
596	0.0102022	0.0411053	0.217257	0	0.0116098	0.131607	0.585466
597	0.0102022	0.0389096	0.203504	0	0.0116208	0.12499	0.551696
598	0.0102022	0.0383181	0.194362	0	0.0155717	0.122002	0.587026
599	0.0102022	0.0382318	0.195678	0	0.0155717	0.120713	0.514616
600	0.0102022	0.0355375	0.173974	0	0.0189929	0.120498	0.587026
601	0.0102022	0.0346023	0.171597	0	0.0150798	0.117042	0.510287
602	0.0101358	0.0329299	0.14909	0	0.0138104	0.113527	0.47237
603	0.0101358	0.0328287	0.145582	0.00149925	0.0150798	0.11114	0.474757
604	0.0101358	0.0324005	0.143761	0.00149925	0.0150798	0.109232	0.453216
605	0.0101358	0.0315206	0.131709	0.0029985	0.0159218	0.106037	0.474757
606	0.0101358	0.0310524	0.13046	0.00149925	0.0159218	0.109296	0.47237
607	0.0101358	0.0305999	0.13046	0	0.0150798	0.113315	0.460429
608	0.0101358	0.0308545	0.139751	0.00149925	0.0159218	0.110095	0.474757
609	0.0101358	0.0303503	0.131709	0	0.0153517	0.111417	0.460429
610	0.0101358	0.0306289	0.135438	0	0.0138245	0.116	0.494198
611	0.0101358	0.030634	0.135438	0	0.0153517	0.121027	0.572542
612	0.0102022	0.0307991	0.140392	0	0.0153517	0.122147	0.661342
613	0.010087	0.0308568	0.135438	0	0.0153517	0.127667	0.705374
614	0.0102022	0.0304095	0.128871	0	0.0119449	0.150955	0.716623
615	0.0102022	0.0302634	0.128871	0	0.0232843	0.162603	1.38807
616	0.010087	0.0301459	0.124032	0	0.0260979	0.170299	1.34782
617	0.010087	0.0300633	0.124032	0	0.0287626	0.187396	1.43267
618	0.010087	0.031056	0.145582	0	0.0287626	0.212131	1.53865
619	0.010087	0.0305209	0.145582	0	0.035999	0.230935	2.07273
620	0.0102022	0.0299041	0.140392	0	0.0260979	0.243101	1.90412
621	0.010224	0.0302047	0.140967	0	0.0383791	0.249145	2.55603
622	0.010087	0.0299579	0.128871	0	0.0187637	0.198595	1.54934
623	0.0102687	0.0300506	0.140392	0	0.0154765	0.168496	1.43267
624	0.0102728	0.0306951	0.140967	0	0.0113222	0.136956	1.04556
625	0.0102687	0.0308364	0.140967	0	0.0109976	0.125044	1.04556
626	0.0102728	0.0318947	0.159194	0.00449775	0.0109976	0.106576	1.06483
627	0.0102728	0.0321225	0.159194	0.00449775	0.0109743	0.0939726	1.04556
628	0.010087	0.0318273	0.145582	0.00449775	0.0103709	0.079064	0.681913
629	0.0102728	0.0315542	0.140967	0.005997	0.0106367	0.0723745	0.613895
630	0.010087	0.0304823	0.134997	0	0.0106367	0.0606412	0.39935
631	0.010087	0.029965	0.134997	0	0.0106367	0.0597238	0.394861
632	0.0102687	0.0301409	0.139751	0	0.0100349	0.0561738	0.325245
633	0.0100446	0.0294743	0.124598	0	0.0104185	0.0527778	0.305455
634	0.0102687	0.0289396	0.12309	0	0.0103709	0.0524437	0.286327
635	0.0102728	0.0282758	0.1191	0	0.0103709	0.0503063	0.259394
636	0.0100446	0.0279413	0.114539	0	0.0103709	0.0476185	0.226311
637	0.0102687	0.0277468	0.115816	0	0.0103709	0.0451502	0.204922
638	0.0100446	0.027746	0.114539	0	0.0103709	0.0448471	0.200502
639	0.0100446	0.0274827	0.112949	0	0.010416	0.0449535	0.209811
640	0.0100446	0.0267993	0.108434	0	0.0103709	0.0427315	0.18851
641	0.0100446	0.0266109	0.112949	0	0.010416	0.0423309	0.167874
642	0.0100446	0.0262621	0.107028	0	0.010416	0.042428	0.166605
643	0.0100446	0.0263695	0.107028	0	0.010416	0.0419984	0.16569
644	0.0100446	0.0261569	0.107028	0	0.010416	0.0420943	0.166605
645	0.0100446	0.026329	0.107028	0	0.010416	0.0418795	0.166605
646	0.0100446	0.0265421	0.107028	0	0.010416	0.0416727	0.159054
647	0.0100446	0.0265506	0.107028	0	0.0102878	0.0423192	0.157635
648	0.0100446	0.0260975	0.0992039	0	0.0107229	0.0424396	0.157635
649	0.0102728	0.0262622	0.108093	0	0.0107229	0.0429513	0.157635
650	0.0100446	0.0260694	0.104364	0	0.0107229	0.0428743	0.157635
651	0.0102728	0.026168	0.108093	0	0.0107229	0.0427956	0.159054
652	0.0100446	0.0266786	0.115816	0	0.0107229	0.0433127	0.158428
653	0.0100446	0.0261387	0.108093	0	0.0107229	0.0439957	0.159054
654	0.0100446	0.0264041	0.115816	0	0.0107229	0.0437232	0.161724
655	0.0100446	0.0262927	0.1157	0	0.0109743	0.0437945	0.167182
656	0.0100446	0.0258062	0.107028	0	0.0109743	0.0438142	0.167874
657	0.0100446	0.0259059	0.107028	0	0.0109743	0.0449033	0.167182
658	0.0100446	0.0261274	0.107028	0	0.0109743	0.0465611	0.1859
659	0.0100446	0.0257678	0.104251	0	0.0109743	0.0483634	0.197443
660	0.0100867	0.0263064	0.110039	0	0.0109743	0.0546561	0.214579
661	0.0100867	0.0262571	0.110039	0	0.0106386	0.0583981	0.214579
662	0.0100446	0.0260281	0.104251	0	0.0116893	0.0600364	0.246794
663	0.0100446	0.0268237	0.1115	0	0.0116893	0.0596859	0.246794
664	0.0100446	0.0267726	0.1115	0.00149925	0.0116893	0.0593613	0.246794
665	0.0100867	0.0265199	0.110039	0.00149925	0.0116893	0.0631283	0.246794
666	0.0100446	0.0264205	0.110039	0.00149925	0.0116893	0.0657513	0.248521
667	0.0100867	0.026189	0.110039	0.00149925	0.0109743	0.0668321	0.246794
668	0.0100446	0.0258571	0.0988128	0.005997	0.0106386	0.0730971	0.325616
669	0.0100446	0.0252555	0.0922439	0.00149925	0.0127269	0.0794098	0.445848
670	0.0100446	0.0252147	0.0922439	0	0.0127269	0.0844205	0.445848
671	0.0100446	0.0250066	0.0888873	0	0.0128196	0.0875074	0.445848
672	0.0100446	0.0250061	0.0888873	0	0.0141219	0.0839076	0.466084
673	0.0100867	0.0250769	0.0906196	0	0.0143602	0.0858108	0.445848
674	0.0100867	0.0252994	0.0928484	0	0.0127269	0.0868085	0.325669
675	0.0100867	0.0254193	0.0928484	0	0.0151914	0.086288	0.332746
676	0.0100867	0.0253654	0.0981752	0	0.0144639	0.0881447	0.332746
677	0.0100867	0.0252822	0.0928484	0	0.0144639	0.0879128	0.332746
678	0.0100867	0.0254166	0.100798	0	0.0128196	0.0888063	0.449447
679	0.0100867	0.0248247	0.0928484	0	0.0128196	0.0934316	0.570697
680	0.0100867	0.0246778	0.0928484	0.00149925	0.0105374	0.0897999	0.418946
681	0.0100867	0.0246253	0.0928484	0	0.0101785	0.0875971	0.337784
682	0.0100867	0.0245657	0.0976673	0	0.0129868	0.0806113	0.331715
683	0.0100867	0.0244936	0.0928484	0	0.0127269	0.0790466	0.337784
684	0.0100867	0.0246046	0.0928484	0	0.0130229	0.0779554	0.325669
685	0.0100867	0.0248521	0.0928484	0	0.0129868	0.0777043	0.321076
686	0.0100867	0.0247574	0.0977691	0	0.0130229	0.077113	0.297055
687	0.0100867	0.0245105	0.0977691	0	0.0129868	0.0770999	0.297055
688	0.0100867	0.0243919	0.0928484	0	0.0157422	0.079238	0.391248
689	0.0100867	0.02461	0.0977691	0	0.0157422	0.0787259	0.391248
690	0.0100867	0.0241135	0.0928484	0	0.0105374	0.076614	0.256089
691	0.0100867	0.0241102	0.0928484	0	0.0101785	0.0755005	0.253425
692	0.0100867	0.0240135	0.0922439	0	0.0109162	0.0738803	0.256089
693	0.0100867	0.0239036	0.0858413	0	0.0124756	0.0733026	0.270629
694	0.0100867	0.0239995	0.0857973	0	0.0129868	0.0733529	0.290943
695	0.0100867	0.02413	0.0847658	0	0.0129868	0.0743073	0.290943
696	0.0100867	0.024233	0.0863663	0	0.0124756	0.075644	0.292439
697	0.0100867	0.0244297	0.0977691	0	0.0152168	0.0778501	0.354661
698	0.0100867	0.0245049	0.0977691	0	0.0152168	0.0807479	0.367746
699	0.0100867	0.0245799	0.098938	0	0.0156582	0.0842022	0.402156
700	0.0100867	0.024546	0.098938	0	0.0159454	0.0873158	0.455585
701	0.0100867	0.0243462	0.0977691	0	0.0159454	0.088027	0.455585
702	0.0100867	0.0239182	0.0857973	0	0.0159454	0.0889563	0.455585
703	0.0100867	0.0242677	0.0858413	0.0029985	0.0156582	0.086849	0.417636
704	0.0100867	0.02446	0.0858823	0.00449775	0.0156582	0.0882782	0.402156
705	0.0100867	0.0245204	0.0977691	0.00449775	0.0159454	0.0887552	0.407267
706	0.0100867	0.0245337	0.0977691	0.0029985	0.0156582	0.0883728	0.402321
707	0.0100867	0.0244829	0.0863663	0	0.0155753	0.0888573	0.417636
708	0.0100867	0.024799	0.0977691	0	0.0107854	0.0900902	0.407267
709	0.0100867	0.024736	0.0977691	0	0.0107854	0.0895148	0.407267
710	0.0100867	0.0244198	0.0863663	0	0.0106321	0.0896361	0.407267
711	0.0100867	0.0252851	0.0977691	0	0.0106321	0.0904702	0.402321
712	0.0100867	0.0257923	0.100154	0	0.0106321	0.0896949	0.402321
713	0.0100867	0.0257041	0.098938	0	0.0107854	0.0906873	0.455585
714	0.0100867	0.0258291	0.100154	0	0.0106321	0.0920585	0.450188
715	0.0100867	0.0259854	0.0900094	0	0.0106321	0.0900154	0.402434
716	0.0100867	0.0261344	0.092521	0	0.0106321	0.0892674	0.402434
717	0.0100867	0.02661	0.098938	0	0.0106321	0.087918	0.450188
718	0.0100867	0.0269382	0.100548	0	0.0105016	0.0862954	0.402434
719	0.0100867	0.0264139	0.098938	0	0.0105016	0.0844806	0.411472
720	0.0100867	0.0264338	0.101931	0	0.0106321	0.0810482	0.411472
721	0.0100867	0.0278816	0.114214	0.0164918	0.0101985	0.0772384	0.3444
722	0.0100867	0.0258757	0.092521	0	0.0101985	0.0769029	0.32688
723	0.0100867	0.0261051	0.0977691	0	0.0101985	0.0750386	0.305729
724	0.0100867	0.026303	0.0977691	0	0.0101985	0.0751796	0.305729
725	0.0100867	0.0266688	0.100548	0	0.0101985	0.0742266	0.31014
726	0.0100867	0.02688	0.101931	0	0.0101985	0.073524	0.30427
727	0.0100867	0.0267743	0.101931	0	0.0101985	0.0744956	0.302621
728	0.0100867	0.0265858	0.098938	0	0.0106321	0.0726762	0.30427
729	0.0100867	0.0267228	0.098938	0	0.0106321	0.0742868	0.305729
730	0.0100867	0.026778	0.104682	0	0.0106321	0.0743254	0.305729
731	0.0100867	0.0269783	0.117861	0	0.0101985	0.0767561	0.293556
732	0.0100867	0.0269601	0.116366	0	0.0101985	0.0786373	0.302621
733	0.0100867	0.026994	0.117438	0	0.0101985	0.0805076	0.305729
734	0.0100867	0.0271294	0.119379	0	0.0106321	0.0824924	0.32688
735	0.0100867	0.0270538	0.119379	0	0.0106321	0.0859739	0.346544
736	0.0100867	0.0266359	0.118221	0	0.0106321	0.094056	0.402156
737	0.0100867	0.0270603	0.124489	0	0.0108601	0.102283	0.481
738	0.0100867	0.0270771	0.125671	0	0.0198071	0.116317	1.05186
739	0.0100867	0.027409	0.128329	0	0.0106321	0.118456	0.64183
740	0.0100867	0.0277792	0.130077	0	0.0106321	0.120817	0.567045
741	0.0100867	0.0282995	0.132455	0	0.0106321	0.120559	0.548058
742	0.0100867	0.0283009	0.132455	0	0.0107854	0.124187	0.567045
743	0.0100867	0.0282142	0.132455	0	0.0107854	0.131419	0.720175
744	0.0100867	0.0277944	0.129784	0	0.0120364	0.14102	1.50138
745	0.0100867	0.0281443	0.130151	0	0.0119234	0.144137	1.54856
746	0.0100867	0.0287468	0.134819	0	0.0108444	0.161214	2.92967
747	0.0100867	0.0290071	0.137591	0.00149925	0.022582	0.193401	8.07979
748	0.0100248	0.0297414	0.143435	0.0029985	0.0150625	0.221821	7.42527
749	0.0100248	0.0295604	0.134819	0.0029985	0.0119234	0.262806	8.16388
750	0.0100248	0.029931	0.134819	0.0029985	0.0113786	0.316209	16.3734
751	0.0100248	0.0296529	0.135238	0.0029985	0.0112371	0.377236	30.5065
752	0.0100867	0.0299374	0.139251	0.00149925	0.0149862	0.510112	62.5725
753	0.0100248	0.0302938	0.143435	0.00149925	0.0132661	0.569354	69.6168
754	0.0100248	0.031402	0.14473	0	0.0189982	0.712622	98.7743
755	0.0100248	0.0320961	0.152361	0	0.0193921	0.779906	98.7743
756	0.0100248	0.0322747	0.148333	0	0.0140488	0.69976	71.5569
757	0.0100867	0.0331405	0.167839	0.00149925	0.0143116	0.603905	64.8656
758	0.0100248	0.0350758	0.199297	0.005997	0.0168545	0.605256	62.5725
759	0.0100867	0.0372589	0.274369	0.00749625	0.0168545	0.642998	62.5725
760	0.0100867	0.0396869	0.308722	0.00749625
