		omega		Posterior		rho				Synonymous theta			kappa			phi	
Site	Lower	Point	Higher	prob of +ve	Lower	Point	Higher		Lower	Point	Higher	Lower	Point	Higher	Lower	Point	Higher
	95% HPD	estimate	95% HPD	selection	95% HPD	estimate	95% HPD		95% HPD	estimate	95% HPD	95% HPD	estimate	95% HPD	95% HPD	estimate	95% HPD
0	0.0178544	0.74301	44.8874	0.404798	0.0101813	0.289262	19.5791		0.0213365	0.0346972	0.0514002	1.36568	3.04824	6.01905	46.262	6.18548e+11	1.00843e+19
1	0.0178544	0.74198	38.1073	0.409295	0.0103623	0.283962	19.5791
2	0.0176291	0.726701	38.1073	0.410795	0.0105089	0.284051	19.5791
3	0.0145247	0.673067	30.6758	0.4003	0.0105089	0.260762	19.0838
4	0.0145247	0.576044	24.5825	0.35982	0.0105089	0.264039	19.5791
5	0.0123018	0.516675	12.1724	0.329835	0.010652	0.262075	19.5791
6	0.0188999	0.453498	11.8778	0.302849	0.010652	0.281132	19.5791
7	0.0236371	0.400541	8.15552	0.278861	0.0105089	0.342447	33.155
8	0.0176291	0.215137	2.73242	0.13943	0.0100886	0.369272	33.155
9	0.0176291	0.174606	2.14338	0.0974513	0.0104399	0.403425	37.0723
10	0.0123018	0.144662	1.49929	0.071964	0.010106	0.400496	37.0723
11	0.0112437	0.122966	1.0823	0.047976	0.010106	0.401778	36.7276
12	0.0101249	0.10818	0.867677	0.0329835	0.010106	0.410754	34.7951
13	0.0107464	0.0996833	0.74834	0.0194903	0.010106	0.418053	34.6783
14	0.0107464	0.094199	0.724177	0.0149925	0.0109017	0.404511	37.0723
15	0.0110757	0.0914641	0.724177	0.0149925	0.010106	0.405167	31.9334
16	0.0100297	0.0859936	0.547223	0.0104948	0.0104399	0.402972	32.6476
17	0.0100297	0.0845531	0.557151	0.0104948	0.010106	0.390981	31.6623
18	0.0101548	0.0816458	0.506632	0.00749625	0.010106	0.39075	27.9607
19	0.0101548	0.0809179	0.506632	0.0104948	0.010106	0.385892	31.6623
20	0.0107464	0.0776341	0.502246	0.00749625	0.010106	0.374286	27.9607
21	0.0103655	0.0751998	0.421794	0.0089955	0.010106	0.374299	26.0146
22	0.0112437	0.0748937	0.421794	0.00749625	0.010106	0.38775	26.8354
23	0.0107464	0.0748177	0.421794	0.0089955	0.0104399	0.373454	26.506
24	0.0110018	0.0732962	0.421794	0.00749625	0.0101947	0.351839	22.7527
25	0.0110018	0.0740955	0.421794	0.00749625	0.0101354	0.35902	26.2924
26	0.0107464	0.0732007	0.398514	0.005997	0.0101354	0.395088	31.3318
27	0.0112437	0.0703365	0.405827	0.00149925	0.0101354	0.384703	31.3318
28	0.0112437	0.0693409	0.396268	0.00149925	0.0101354	0.348894	28.7553
29	0.0107464	0.0681544	0.376961	0.00149925	0.0101947	0.299995	22.7527
30	0.0110018	0.0670623	0.396268	0.0029985	0.010288	0.267698	22.7527
31	0.0110018	0.067957	0.396268	0.00449775	0.0101354	0.270736	26.506
32	0.0110018	0.0687511	0.42	0.005997	0.0101354	0.247734	22.6707
33	0.0107464	0.0676821	0.398514	0.005997	0.0101354	0.213039	20.5007
34	0.0105582	0.0684046	0.398514	0.00449775	0.0101354	0.192575	17.8966
35	0.0104362	0.0688341	0.398514	0.00449775	0.0101354	0.188416	19.9286
36	0.0100297	0.0717036	0.398514	0.0149925	0.0101354	0.176508	13.7874
37	0.0107118	0.0676476	0.396754	0.00449775	0.0100783	0.177081	13.1483
38	0.0107118	0.0689454	0.398514	0.005997	0.0100783	0.170123	8.38332
39	0.0104362	0.0716884	0.398514	0.00749625	0.0101947	0.183984	13.0147
40	0.0107118	0.0716728	0.398514	0.0029985	0.0101947	0.179182	9.89793
41	0.0110018	0.0716357	0.396268	0.00149925	0.0101947	0.176815	8.74562
42	0.0104362	0.0753945	0.403707	0.005997	0.010288	0.179732	8.74562
43	0.0107118	0.0764725	0.403707	0.005997	0.0101947	0.199539	13.0067
44	0.0105582	0.0796389	0.457302	0.0089955	0.010288	0.217523	13.7858
45	0.0105582	0.0817133	0.457302	0.0089955	0.0104399	0.22515	16.4868
46	0.0107464	0.0872288	0.492951	0.0104948	0.010288	0.214554	13.7708
47	0.0107118	0.0919174	0.498871	0.0089955	0.0101947	0.212811	13.7708
48	0.0107464	0.0955971	0.523457	0.0104948	0.010288	0.204409	11.5249
49	0.0107464	0.0983192	0.530296	0.0104948	0.0101947	0.205968	13.7708
50	0.0107464	0.100308	0.530296	0.0089955	0.0103715	0.205843	14.1186
51	0.0101489	0.105033	0.530296	0.0089955	0.0111493	0.214187	17.2996
52	0.0110519	0.112991	0.589749	0.00749625	0.0101947	0.212041	17.8966
53	0.0112437	0.128564	0.71239	0.0194903	0.0101947	0.218254	19.4159
54	0.0146614	0.150372	0.962954	0.0344828	0.0101947	0.222265	19.4159
55	0.0151845	0.174015	1.20029	0.0494753	0.0115296	0.222575	24.2996
56	0.016926	0.187139	1.20029	0.047976	0.0101947	0.21126	22.8463
57	0.0262145	0.208093	2.32162	0.0644678	0.0101947	0.226253	33.418
58	0.0262145	0.190425	1.45564	0.041979	0.0101947	0.243286	33.418
59	0.0262145	0.18188	1.16421	0.0329835	0.0115296	0.227432	47.3145
60	0.0262145	0.170771	1.20029	0.0209895	0.0101947	0.213721	43.5338
61	0.0177563	0.165236	0.845855	0.0149925	0.0101947	0.205628	43.5338
62	0.0173687	0.164637	0.845855	0.0149925	0.0101027	0.195162	26.8477
63	0.0173687	0.162063	0.876819	0.0149925	0.0101027	0.191493	26.8477
64	0.0173687	0.164584	0.921923	0.017991	0.0101947	0.17818	22.8822
65	0.0143761	0.168567	0.900408	0.023988	0.0101027	0.178999	26.8477
66	0.0154344	0.173633	0.938839	0.023988	0.0101027	0.165635	19.2517
67	0.0144827	0.172496	0.938839	0.0254873	0.0101027	0.156789	17.5559
68	0.0141609	0.178496	0.938839	0.0314843	0.0101027	0.157109	17.5559
69	0.0141609	0.182131	0.938839	0.035982	0.0101027	0.15949	16.9341
70	0.013729	0.186121	0.997823	0.0374813	0.0101027	0.160211	16.9341
71	0.0213619	0.209	2.06243	0.0584708	0.0102126	0.149228	16.4868
72	0.0200934	0.230394	2.06243	0.0824588	0.0106454	0.142275	16.9341
73	0.0239512	0.304495	4.40328	0.152924	0.0101027	0.134045	8.74562
74	0.0888043	0.706027	13.0598	0.355322	0.0101027	0.13289	8.74562
75	0.01936	0.301013	4.24937	0.182909	0.0102126	0.125572	8.57069
76	0.0181522	0.208235	2.88947	0.104948	0.0101027	0.133611	9.88219
77	0.0116955	0.165221	1.18106	0.0569715	0.0101027	0.127169	8.26512
78	0.0110549	0.152355	0.889098	0.0389805	0.0101337	0.108866	4.86655
79	0.0116955	0.140468	0.775314	0.0254873	0.0101337	0.105715	4.86655
80	0.0122771	0.134784	0.775314	0.0224888	0.0101337	0.103308	3.70775
81	0.0143076	0.124933	0.775314	0.0134933	0.0101337	0.101059	2.48873
82	0.0116955	0.119703	0.594504	0.00749625	0.0101337	0.100819	2.48873
83	0.0146366	0.118218	0.775314	0.00749625	0.0101337	0.102201	4.31963
84	0.0145356	0.118418	0.705507	0.00749625	0.0101337	0.102794	3.30768
85	0.0142364	0.119199	0.705507	0.005997	0.0101337	0.101845	2.394
86	0.0145356	0.119216	0.699882	0.0029985	0.0101337	0.102076	2.48873
87	0.0142364	0.119311	0.723533	0.00749625	0.0101337	0.101986	2.394
88	0.0145356	0.121819	0.775314	0.0104948	0.0101337	0.102884	2.394
89	0.0142364	0.124301	0.775314	0.011994	0.0101337	0.0976937	2.21774
90	0.0143076	0.12799	0.798168	0.0134933	0.0101337	0.0959176	2.32529
91	0.0143076	0.123662	0.768157	0.0134933	0.0101	0.0908981	1.69834
92	0.0145356	0.132519	0.817215	0.0164918	0.0101	0.0895928	1.70785
93	0.0145356	0.134566	0.771004	0.0149925	0.0101	0.086953	1.69834
94	0.0145356	0.141851	0.838357	0.023988	0.0101	0.0863983	1.65832
95	0.0145356	0.146382	0.838357	0.0254873	0.0101	0.0811793	1.4166
96	0.0119585	0.159338	0.928956	0.041979	0.0101	0.0740616	0.650607
97	0.0149125	0.143092	0.838357	0.023988	0.0101	0.0740653	0.651879
98	0.0145356	0.130745	0.729183	0.0149925	0.0100411	0.0741346	0.632024
99	0.0145356	0.124038	0.694274	0.011994	0.0100411	0.0730169	0.528248
100	0.0149125	0.114553	0.694274	0.0089955	0.0100411	0.0685294	0.432937
101	0.0110558	0.109474	0.515647	0.005997	0.0100411	0.0666999	0.416416
102	0.0110558	0.10456	0.477028	0.005997	0.0101	0.0659974	0.39073
103	0.0111631	0.101657	0.469269	0.00449775	0.0101	0.0654174	0.39073
104	0.0116339	0.0983555	0.475007	0.00149925	0.0101	0.0652986	0.39073
105	0.0118708	0.0960354	0.469269	0	0.0101	0.0642221	0.39073
106	0.0116339	0.0915161	0.44703	0	0.0100411	0.0632601	0.385484
107	0.0116339	0.0906456	0.445667	0.00149925	0.0100411	0.0636248	0.39073
108	0.0119175	0.0885132	0.451998	0.00149925	0.0100411	0.0627591	0.37375
109	0.0119175	0.0878755	0.44703	0.00149925	0.0100411	0.0639194	0.359927
110	0.0116339	0.0867616	0.434775	0.00149925	0.0100411	0.0627592	0.318236
111	0.0116339	0.0861392	0.428244	0.0029985	0.0100411	0.0612099	0.303567
112	0.0119175	0.0867874	0.451998	0.0029985	0.0101	0.0618304	0.306796
113	0.0119175	0.0859102	0.44703	0.0029985	0.0101	0.0621246	0.307068
114	0.0119175	0.087594	0.454543	0.00449775	0.0101	0.0607092	0.306796
115	0.0119175	0.0868274	0.461101	0.00749625	0.0100411	0.0607432	0.303567
116	0.0109874	0.0870631	0.417307	0.00749625	0.0100411	0.0624687	0.307068
117	0.0119175	0.0869111	0.434325	0.005997	0.0100411	0.0648988	0.334308
118	0.0116464	0.086225	0.428244	0.00449775	0.0102054	0.0644544	0.307068
119	0.0119175	0.0880128	0.461101	0.00449775	0.0102054	0.0652785	0.307068
120	0.0119175	0.0894118	0.475007	0.005997	0.0102054	0.0652229	0.306796
121	0.0119175	0.0910371	0.50996	0.00449775	0.0101208	0.0656109	0.307068
122	0.0115872	0.090485	0.477028	0.00149925	0.0100411	0.0671257	0.322297
123	0.0106524	0.0925727	0.495298	0	0.0100411	0.0687045	0.324628
124	0.0101949	0.0942267	0.498754	0.00149925	0.0102054	0.0713567	0.350995
125	0.0131726	0.100595	0.702988	0.00449775	0.0102054	0.0725282	0.350995
126	0.0121158	0.107616	0.702988	0.011994	0.0100411	0.0720659	0.326274
127	0.0106508	0.117063	0.702584	0.023988	0.0100748	0.0753645	0.335309
128	0.0130109	0.125215	1.03484	0.0314843	0.0100748	0.0756893	0.335309
129	0.0119175	0.13673	1.03484	0.0389805	0.0100748	0.0765912	0.335309
130	0.0101949	0.162759	1.23407	0.065967	0.0100748	0.0771938	0.329098
131	0.0106524	0.251835	3.53587	0.151424	0.0120478	0.0775984	0.384535
132	0.0608052	0.88457	14.1729	0.413793	0.0116476	0.0798711	0.384535
133	0.0124599	0.291228	4.1185	0.164918	0.0119629	0.081898	0.41356
134	0.0107259	0.207421	1.67946	0.0854573	0.0119629	0.084083	0.418611
135	0.0107259	0.178857	0.988864	0.0494753	0.0119629	0.0866467	0.41356
136	0.0118249	0.174588	1.026	0.0449775	0.0119629	0.0879054	0.418611
137	0.0110933	0.170349	0.842805	0.0314843	0.010607	0.0898288	0.384535
138	0.0127009	0.1663	0.766497	0.0164918	0.0108894	0.0933483	0.41356
139	0.0127009	0.166206	0.765482	0.0164918	0.0100749	0.0955457	0.422381
140	0.0137273	0.160745	0.766497	0.011994	0.010607	0.0991422	0.477924
141	0.0162103	0.161507	0.826589	0.011994	0.0126941	0.101661	0.59787
142	0.0162103	0.16325	0.802814	0.011994	0.0145999	0.103289	0.659416
143	0.0162103	0.16073	0.814454	0.011994	0.0100749	0.107031	0.549686
144	0.0162103	0.159069	0.855813	0.011994	0.010607	0.111971	0.59787
145	0.0151948	0.164527	0.826589	0.011994	0.0120336	0.113774	0.659416
146	0.0146824	0.167068	0.826589	0.0164918	0.0123611	0.113138	0.59787
147	0.0146824	0.176639	0.855813	0.0194903	0.010607	0.116953	0.59787
148	0.0124599	0.188688	0.855813	0.029985	0.0161518	0.1216	1.12925
149	0.0110933	0.242938	2.97157	0.0734633	0.0117684	0.115611	0.641987
150	0.0136636	0.188861	0.875173	0.029985	0.0126941	0.11642	0.641987
151	0.0154605	0.181277	0.907189	0.023988	0.0100887	0.116541	0.6012
152	0.0161095	0.172851	0.893157	0.017991	0.0100887	0.117042	0.6012
153	0.0161095	0.16683	0.861385	0.0149925	0.010607	0.115951	0.628578
154	0.0161095	0.163938	0.855813	0.0149925	0.010607	0.112626	0.6012
155	0.0161095	0.161652	0.875173	0.0164918	0.0100887	0.11344	0.599727
156	0.0153965	0.155203	0.855813	0.0164918	0.0108894	0.110761	0.6012
157	0.0153965	0.148722	0.893157	0.0149925	0.0100887	0.106913	0.588839
158	0.0147562	0.145931	0.907189	0.011994	0.0106456	0.103418	0.6012
159	0.0119709	0.147509	0.795233	0.011994	0.0100887	0.0987891	0.529761
160	0.0101392	0.145128	0.672715	0.011994	0.0102243	0.0996674	0.572032
161	0.0119709	0.147685	0.798094	0.0134933	0.0102243	0.100298	0.6012
162	0.0118249	0.147584	0.802814	0.0134933	0.0102603	0.0999061	0.6012
163	0.0118249	0.148214	0.798094	0.0149925	0.0117525	0.0949842	0.622427
164	0.0101392	0.155691	0.7247	0.0194903	0.0120904	0.0906458	0.6012
165	0.0101392	0.160606	0.802814	0.0314843	0.0121598	0.0903849	0.6012
166	0.0119709	0.169076	1.08202	0.0434783	0.0101762	0.0899954	0.559295
167	0.0118249	0.179512	1.08156	0.047976	0.0101762	0.0879014	0.559295
168	0.0136636	0.188727	1.42651	0.0689655	0.0100016	0.0888196	0.6012
169	0.0108807	0.232698	1.51719	0.125937	0.0100016	0.0864986	0.556931
170	0.0167775	0.297689	2.80509	0.172414	0.0101762	0.0859432	0.6012
171	0.0245614	0.428884	3.43311	0.253373	0.0100016	0.0849136	0.673526
172	0.120442	0.76882	4.06198	0.371814	0.0100016	0.0855592	0.974334
173	0.146876	0.79872	4.90617	0.376312	0.0100016	0.0836921	0.909146
174	0.186198	0.855025	7.36431	0.391304	0.0101762	0.0837992	1.10074
175	0.146415	0.825893	5.74587	0.377811	0.0103452	0.0827085	1.14008
176	0.0868842	0.655965	3.85487	0.293853	0.0100016	0.0822855	1.14008
177	0.0684669	0.519535	3.55614	0.221889	0.0105755	0.0816754	1.36528
178	0.0656931	0.44967	3.43311	0.178411	0.0104827	0.0760971	1.14008
179	0.0454903	0.401458	3.09219	0.146927	0.0100016	0.069161	0.6012
180	0.0645021	0.397539	3.09219	0.143928	0.0102243	0.0646031	0.434391
181	0.0359753	0.379481	1.88668	0.133433	0.0102994	0.0582287	0.33344
182	0.0359753	0.375712	1.78539	0.130435	0.0102994	0.0575393	0.332721
183	0.0368229	0.376547	1.7511	0.127436	0.0102994	0.0563957	0.332721
184	0.0454903	0.379078	1.86678	0.124438	0.0100665	0.0566732	0.332721
185	0.0368229	0.372294	2.02616	0.127436	0.0100665	0.0562082	0.342155
186	0.0645021	0.404415	2.03712	0.136432	0.0100665	0.055981	0.342155
187	0.0833032	0.435865	1.88668	0.148426	0.0100665	0.057104	0.38831
188	0.071837	0.418454	2.02616	0.142429	0.0100665	0.0581727	0.422039
189	0.0553866	0.403235	2.03712	0.134933	0.0100665	0.0595246	0.544579
190	0.0370565	0.385812	1.6537	0.131934	0.0100665	0.0607694	0.544579
191	0.0386659	0.386464	1.6537	0.131934	0.0100427	0.0646164	0.690046
192	0.0370565	0.370134	2.03712	0.134933	0.0100427	0.0685885	0.780727
193	0.0347644	0.373539	1.97753	0.137931	0.0100427	0.0726179	0.917619
194	0.0245075	0.370885	1.63284	0.145427	0.0100427	0.077495	1.03644
195	0.0203276	0.374238	1.63284	0.157421	0.0100427	0.191731	19.0902
196	0.0169948	0.382331	1.63284	0.166417	0.0100427	0.425358	42.3949
197	0.0146859	0.40924	1.62511	0.182909	0.0104827	0.781717	51.3119
198	0.0267573	0.50098	4.31032	0.245877	0.0122484	1.58579	69.0514
199	0.179326	1.13343	24.8273	0.437781	0.0173451	1.80309	91.4917
200	0.0152665	0.503917	3.81708	0.307346	0.0100427	1.75814	52.9597
201	0.0152665	0.429925	3.57278	0.278861	0.0208172	1.69616	97.7898
202	0.0152665	0.401234	3.20848	0.266867
