		omega		Posterior		rho				Synonymous theta			kappa			phi	
Site	Lower	Point	Higher	prob of +ve	Lower	Point	Higher		Lower	Point	Higher	Lower	Point	Higher	Lower	Point	Higher
	95% HPD	estimate	95% HPD	selection	95% HPD	estimate	95% HPD		95% HPD	estimate	95% HPD	95% HPD	estimate	95% HPD	95% HPD	estimate	95% HPD
0	0.0100091	0.0437865	0.226491	0.005997	0.0101652	0.333827	35.8518		0.0464637	0.0622889	0.0805296	2.35616	3.93686	6.77551	0	0	0
1	0.0100166	0.0432492	0.217756	0.005997	0.0101652	0.331602	35.8518
2	0.0100091	0.0415032	0.187142	0.00149925	0.0101652	0.324834	31.1209
3	0.0100091	0.0409113	0.178783	0.00149925	0.0101752	0.321135	36.5426
4	0.0100091	0.0405809	0.176996	0.00149925	0.0101652	0.320476	38.3856
5	0.0100091	0.0404475	0.178783	0	0.0101652	0.326207	38.3856
6	0.0100166	0.0403005	0.179236	0	0.0101652	0.312903	41.6376
7	0.0100091	0.0404717	0.179236	0	0.0101652	0.276467	41.6376
8	0.0100091	0.0406315	0.178783	0.00149925	0.0101652	0.259932	41.6376
9	0.0100091	0.040369	0.176311	0	0.0101652	0.231317	36.5426
10	0.0100091	0.0405975	0.176311	0	0.0101652	0.17829	28.261
11	0.0100166	0.0404542	0.174347	0.00149925	0.0101652	0.135297	18.001
12	0.0100091	0.0394584	0.169034	0	0.0101652	0.112445	12.1752
13	0.0100006	0.0392712	0.16864	0	0.0101652	0.092438	9.31687
14	0.0100006	0.0393061	0.16864	0	0.0101652	0.0791365	5.16161
15	0.0100006	0.0392961	0.167641	0	0.0100718	0.0693744	4.57619
16	0.0100006	0.0398521	0.168235	0	0.0100198	0.0567134	1.2106
17	0.0100006	0.0407353	0.173435	0.00149925	0.0100198	0.0489572	0.521407
18	0.0100006	0.0419179	0.176311	0.00149925	0.0100198	0.0422304	0.304027
19	0.0100006	0.0430481	0.184485	0.0029985	0.0100198	0.0400462	0.239532
20	0.0100006	0.0444643	0.198401	0.0029985	0.0100198	0.0390661	0.229838
21	0.0100091	0.0463935	0.217756	0.0029985	0.0105581	0.0379745	0.229838
22	0.0100006	0.0466362	0.217756	0	0.0100198	0.0372	0.211313
23	0.0100006	0.0473296	0.221117	0	0.0100198	0.0367704	0.195573
24	0.0102062	0.048045	0.225186	0	0.0100198	0.0368506	0.194241
25	0.0100006	0.0495887	0.225186	0	0.0100718	0.0363633	0.18717
26	0.010511	0.0512719	0.23678	0	0.0105581	0.0357942	0.18717
27	0.0102062	0.0529225	0.23678	0	0.0105581	0.0360184	0.18717
28	0.0100006	0.0546171	0.252862	0	0.0100198	0.0360158	0.181616
29	0.010511	0.0584172	0.279657	0.00449775	0.0105644	0.0361827	0.192208
30	0.0101732	0.0604283	0.279657	0	0.0105644	0.0362387	0.194241
31	0.010511	0.0618642	0.295164	0	0.0100198	0.0358917	0.179581
32	0.0104013	0.0622484	0.295164	0.00149925	0.0100198	0.036474	0.179581
33	0.010511	0.0627118	0.295164	0	0.0100198	0.0367676	0.181616
34	0.0100091	0.068392	0.345741	0.005997	0.0100198	0.0365905	0.181616
35	0.010511	0.0696515	0.359912	0.005997	0.0100198	0.0372122	0.181616
36	0.0109052	0.0752689	0.390616	0.005997	0.0100198	0.037586	0.194241
37	0.0109052	0.0785941	0.390616	0.00749625	0.0100198	0.0377035	0.18717
38	0.0113462	0.0860251	0.44211	0.0104948	0.0105644	0.0380449	0.194241
39	0.0135545	0.0933533	0.704605	0.0134933	0.0105342	0.0375482	0.193374
40	0.0117497	0.0908534	0.564516	0.0089955	0.0105342	0.0379789	0.193374
41	0.0117497	0.0903668	0.526145	0.005997	0.0101577	0.0383968	0.194241
42	0.0117497	0.0900541	0.512536	0.00449775	0.0100718	0.0390871	0.194241
43	0.0122767	0.0878608	0.522809	0.00449775	0.0100198	0.0403404	0.207453
44	0.0117944	0.0869242	0.476995	0.0029985	0.0100198	0.0414911	0.241861
45	0.0111985	0.086261	0.44211	0.00149925	0.0100198	0.041306	0.241861
46	0.0100091	0.0865288	0.399656	0.00149925	0.0100198	0.0410958	0.207453
47	0.0142392	0.0917426	0.607664	0.0089955	0.0100718	0.0404831	0.191886
48	0.0154324	0.0986933	0.906921	0.0224888	0.0100718	0.0410349	0.188493
49	0.0123444	0.0895534	0.573468	0.0104948	0.0100718	0.0417523	0.191886
50	0.0108566	0.0795355	0.399656	0.00449775	0.0100718	0.0409044	0.178967
51	0.0114036	0.0709064	0.399656	0.00449775	0.0100718	0.0401826	0.170035
52	0.0111985	0.0650951	0.381696	0.005997	0.0100781	0.0402701	0.171157
53	0.0100091	0.0601097	0.282995	0	0.0100781	0.0413463	0.177548
54	0.0100091	0.056844	0.25381	0.0029985	0.0101577	0.0416747	0.173419
55	0.0100091	0.0535747	0.20638	0.00149925	0.0101577	0.0420758	0.177548
56	0.0100091	0.0506794	0.192434	0	0.0101577	0.0422556	0.171157
57	0.0100091	0.0495231	0.185047	0	0.0101577	0.0434991	0.170035
58	0.0100091	0.0499588	0.201622	0	0.0102028	0.0431518	0.168388
59	0.0100091	0.0492971	0.20638	0.00149925	0.0101577	0.0433779	0.170035
60	0.0100091	0.0484735	0.201622	0.0029985	0.0101577	0.044458	0.177548
61	0.0100091	0.0468656	0.184485	0.0029985	0.0101577	0.0444477	0.182444
62	0.0100477	0.0447428	0.179161	0.00149925	0.0101577	0.0446591	0.184352
63	0.0100091	0.0443772	0.171454	0.00149925	0.0101577	0.0446772	0.183445
64	0.0100091	0.0432023	0.168235	0	0.0101577	0.0448285	0.184352
65	0.0100091	0.0418121	0.15943	0	0.0101577	0.046041	0.189743
66	0.0100091	0.0412651	0.160338	0	0.0101577	0.0465204	0.192478
67	0.0100477	0.0416705	0.168235	0.00149925	0.0102028	0.047096	0.192478
68	0.0100091	0.0411281	0.160338	0.00149925	0.0101577	0.0471942	0.189743
69	0.0100477	0.0405044	0.164268	0.00149925	0.0102028	0.0477243	0.192208
70	0.0100477	0.040427	0.168235	0	0.0102028	0.0483844	0.192478
71	0.0100091	0.0409695	0.171454	0.00449775	0.0102028	0.0481516	0.192208
72	0.0100477	0.0406326	0.169414	0	0.0102028	0.0484272	0.192208
73	0.0100477	0.0408261	0.171454	0	0.0101577	0.0472079	0.186718
74	0.0100477	0.0408226	0.168235	0	0.0101577	0.0477752	0.186718
75	0.0100022	0.0401847	0.164268	0	0.0101577	0.0475753	0.182908
76	0.0100022	0.0395372	0.152839	0	0.0101577	0.0472113	0.177548
77	0.0100477	0.039142	0.152839	0	0.0102028	0.0473092	0.182908
78	0.0100022	0.0391992	0.152839	0	0.0101577	0.0482281	0.184352
79	0.0100477	0.0387635	0.152839	0	0.0100007	0.0477021	0.177548
80	0.0100022	0.0388305	0.152666	0	0.0101577	0.0485039	0.186718
81	0.0100022	0.037751	0.149769	0	0.0102028	0.0494072	0.19625
82	0.0100022	0.0378778	0.151926	0	0.0100007	0.0505252	0.198671
83	0.0100022	0.037591	0.151566	0	0.0100007	0.0513128	0.198671
84	0.0100171	0.037691	0.152839	0	0.0100007	0.0532744	0.225362
85	0.0100171	0.0370112	0.152839	0	0.0100007	0.0541193	0.22062
86	0.0100022	0.037515	0.152839	0	0.0102452	0.0568662	0.233949
87	0.0100022	0.0380378	0.162409	0	0.0101577	0.0585324	0.233949
88	0.0100022	0.0383685	0.164268	0	0.0102085	0.0598721	0.233949
89	0.0100022	0.0386176	0.164268	0	0.0101577	0.0611335	0.233949
90	0.0100022	0.0392752	0.169414	0.00149925	0.0103497	0.0630234	0.247989
91	0.0100022	0.0407185	0.18608	0.00149925	0.0100007	0.0664451	0.247989
92	0.0100022	0.0415965	0.191264	0	0.0101577	0.068707	0.262754
93	0.0100022	0.0427059	0.199187	0.00149925	0.0101577	0.0721251	0.278792
94	0.0100022	0.0435201	0.20492	0	0.0102085	0.0793636	0.300554
95	0.0100022	0.0424872	0.190825	0	0.0102085	0.0875061	0.354795
96	0.0100022	0.0432275	0.197242	0	0.0121227	0.0902659	0.400836
97	0.0100022	0.044443	0.208103	0.00149925	0.0121227	0.101388	0.536212
98	0.0100022	0.0445878	0.213905	0	0.0133515	0.111036	0.749801
99	0.0100022	0.0451924	0.216238	0	0.0102085	0.127603	0.749801
100	0.0100022	0.04565	0.216238	0	0.0104637	0.161591	2.67278
101	0.0100022	0.0458939	0.215536	0	0.0104637	0.183007	4.4569
102	0.0100022	0.0470585	0.218361	0	0.0104637	0.176557	4.04071
103	0.0100022	0.0485552	0.227448	0.00149925	0.0104637	0.176817	2.95312
104	0.0100022	0.0500439	0.240852	0	0.0104637	0.172274	2.08567
105	0.0100171	0.0513388	0.248583	0	0.0109729	0.164674	2.08567
106	0.0103683	0.0539874	0.25488	0	0.0108181	0.153814	1.00449
107	0.0104554	0.055483	0.255291	0.00149925	0.0151249	0.134786	0.74517
108	0.0103031	0.0556242	0.248583	0	0.0150531	0.127217	0.646817
109	0.0104554	0.0570181	0.26819	0	0.0134798	0.122647	0.544073
110	0.0103776	0.0594639	0.26819	0.00149925	0.0150531	0.120311	0.544073
111	0.0104554	0.0624	0.300898	0.00449775	0.0150531	0.115747	0.478088
112	0.0100441	0.0635546	0.30144	0.00149925	0.0150531	0.117129	0.478088
113	0.0107536	0.0699244	0.338441	0.00149925	0.0158161	0.115173	0.46043
114	0.0105617	0.0737776	0.338441	0	0.0195386	0.112322	0.478088
115	0.0105269	0.0823733	0.392235	0.0029985	0.0212112	0.111699	0.535858
116	0.0132284	0.0896153	0.486249	0.00149925	0.0222291	0.113416	0.466114
117	0.0133252	0.101764	0.627861	0.00749625	0.0222291	0.112227	0.46043
118	0.0133252	0.109794	0.694154	0.017991	0.0232729	0.111238	0.466114
119	0.0132429	0.130127	0.842891	0.0329835	0.0222342	0.107896	0.46043
120	0.0224974	0.122592	0.872911	0.0149925	0.0173543	0.106787	0.360563
121	0.0224974	0.121292	0.872911	0.011994	0.0173543	0.107386	0.360563
122	0.0236131	0.12481	0.872911	0.0104948	0.0172948	0.107998	0.360563
123	0.0217199	0.125847	0.694154	0.00749625	0.0172948	0.109523	0.360563
124	0.0229783	0.129047	0.694154	0.0089955	0.0222342	0.111634	0.428282
125	0.0233196	0.130126	0.694154	0.0089955	0.0236714	0.114403	0.438977
126	0.0289883	0.135886	0.870992	0.0164918	0.0236714	0.120041	0.466114
127	0.0289883	0.137993	0.870992	0.0164918	0.0195386	0.126316	0.46043
128	0.0289883	0.128924	0.953496	0.0089955	0.0195386	0.127597	0.466114
129	0.022567	0.122136	0.694154	0.00449775	0.0190233	0.12976	0.466114
130	0.0181338	0.118912	0.507916	0.0029985	0.021266	0.129212	0.466114
131	0.0181338	0.116176	0.507916	0	0.0236714	0.133239	0.46043
132	0.0181338	0.115614	0.491047	0	0.0226068	0.131766	0.438977
133	0.019073	0.117128	0.507916	0	0.0236213	0.132637	0.466114
134	0.0181338	0.113725	0.534023	0	0.0226068	0.131634	0.466114
135	0.0186295	0.113076	0.534023	0	0.0238678	0.132353	0.489985
136	0.0197825	0.113895	0.534023	0	0.0228804	0.132226	0.466114
137	0.0186295	0.113676	0.534023	0.0029985	0.0206855	0.13258	0.489985
138	0.0165498	0.113539	0.473336	0.00449775	0.0164441	0.12595	0.434831
139	0.0210421	0.114061	0.596881	0.00449775	0.0146777	0.121005	0.378179
140	0.0210421	0.114818	0.596881	0.00449775	0.0164441	0.118789	0.409259
141	0.0197825	0.110108	0.499266	0	0.0146777	0.117923	0.387738
142	0.0184889	0.105305	0.484529	0.00149925	0.0146777	0.116963	0.391597
143	0.0161481	0.101762	0.413385	0.00149925	0.0160773	0.119603	0.466114
144	0.0161481	0.0997484	0.390349	0	0.0164185	0.120574	0.451766
145	0.0161481	0.0968932	0.42235	0	0.0164441	0.12185	0.489985
146	0.0168927	0.0958919	0.413385	0	0.014584	0.122543	0.46043
147	0.0168927	0.0936958	0.413385	0	0.014584	0.124963	0.466114
148	0.0169267	0.0910226	0.447493	0	0.0131191	0.127769	0.489985
149	0.0120895	0.0890738	0.341153	0	0.014584	0.134212	0.65643
150	0.0141531	0.0902669	0.403774	0.00149925	0.014584	0.140404	0.918515
151	0.0120895	0.0898841	0.35059	0.00149925	0.0135567	0.147565	0.939057
152	0.0162984	0.0906768	0.469662	0.00149925	0.014584	0.157882	1.3115
153	0.013906	0.090979	0.413385	0.00449775	0.0164185	0.173522	2.61782
154	0.0169267	0.0913899	0.460195	0.00149925	0.0164185	0.186207	2.91038
155	0.0177606	0.0918188	0.460195	0	0.0164185	0.199362	3.05832
156	0.0180486	0.0926629	0.460157	0	0.0124029	0.225947	5.55696
157	0.0174169	0.0919141	0.469662	0	0.0164185	0.248933	15.08
158	0.0174169	0.0922333	0.469662	0	0.0141148	0.266564	15.08
159	0.0169321	0.0940178	0.469662	0.0029985	0.0141148	0.272278	15.08
160	0.0174169	0.0981846	0.482303	0.005997	0.0124029	0.262868	14.5869
161	0.0142759	0.102632	0.469331	0.0149925	0.0100595	0.260553	11.68
162	0.0142759	0.0971302	0.432988	0.005997	0.0100595	0.245798	7.71289
163	0.0142759	0.0922034	0.432988	0.0029985	0.0100595	0.238752	4.97992
164	0.011167	0.0885242	0.338441	0.0029985	0.0100595	0.229528	4.57942
165	0.011104	0.0850428	0.328353	0.0029985	0.0100595	0.223136	7.71289
166	0.0108774	0.0838944	0.312544	0.0029985	0.0100595	0.21173	4.97992
167	0.011104	0.0832302	0.324332	0.0029985	0.0108537	0.229377	13.0229
168	0.0108774	0.0841085	0.307469	0.0029985	0.0100595	0.225143	13.8443
169	0.0126589	0.0820757	0.338441	0.0029985	0.0100595	0.220332	15.08
170	0.0126462	0.0809945	0.338525	0.00449775	0.0100595	0.195106	5.01109
171	0.0108877	0.0810647	0.278479	0.00449775	0.0100595	0.197877	7.71289
172	0.0106816	0.0804089	0.280981	0.00149925	0.0100595	0.185139	7.14606
173	0.0108877	0.0798229	0.296446	0.0029985	0.0100595	0.18077	6.65799
174	0.0110946	0.0784495	0.288223	0	0.0100595	0.180802	6.65799
175	0.0108877	0.0779961	0.286259	0.00149925	0.016689	0.179052	10.6102
176	0.0108877	0.0783535	0.288223	0	0.0100595	0.179756	5.88066
177	0.0108877	0.0800867	0.285591	0	0.0100595	0.182152	5.88066
178	0.0108877	0.0794389	0.285591	0	0.0100595	0.180599	5.88066
179	0.0108877	0.0795498	0.280981	0	0.0128353	0.18901	9.58532
180	0.0108877	0.0798061	0.280981	0	0.0108537	0.19857	9.58532
181	0.0108877	0.0795532	0.280981	0	0.0100595	0.19864	9.32651
182	0.0108877	0.080243	0.288223	0	0.0108537	0.193261	8.8523
183	0.0106816	0.0812545	0.296446	0	0.0108382	0.191912	8.38185
184	0.0125085	0.0830871	0.361787	0.00149925	0.0108382	0.201472	8.57298
185	0.0125085	0.0848354	0.361787	0.00149925	0.0129441	0.211516	8.8523
186	0.0106816	0.0877208	0.337976	0.00449775	0.0108382	0.184988	4.91821
187	0.0126859	0.091506	0.413011	0.005997	0.0105076	0.162657	3.75954
188	0.0133705	0.0935122	0.482303	0.0104948	0.0103153	0.12142	0.958147
189	0.0129506	0.0979196	0.482303	0.0104948	0.0105076	0.110847	0.827705
190	0.0126859	0.100853	0.482303	0.0089955	0.0101869	0.0966515	0.478368
191	0.0131734	0.105909	0.484738	0.00749625	0.0101869	0.0840657	0.401493
192	0.0131734	0.10883	0.484738	0.0089955	0.0101215	0.0724227	0.326365
193	0.0160562	0.116194	0.665847	0.0134933	0.0104576	0.0636009	0.316503
194	0.0161658	0.122122	0.735388	0.0149925	0.0101869	0.0577708	0.294313
195	0.0174426	0.135088	0.742717	0.0149925	0.0101215	0.0540154	0.274259
196	0.0198525	0.148862	0.820876	0.017991	0.0101215	0.0526719	0.270481
197	0.0404296	0.178364	1.30509	0.0344828	0.0101215	0.0504287	0.248499
198	0.0397612	0.169778	1.01351	0.0254873	0.0104576	0.0481369	0.241333
199	0.0397612	0.170237	1.01351	0.0254873	0.0104576	0.0474452	0.241333
200	0.0298887	0.167981	0.816503	0.023988	0.0104576	0.0470376	0.241333
201	0.0298887	0.174762	0.845484	0.0224888	0.0101215	0.0456072	0.229092
202	0.0396689	0.179956	0.93451	0.0224888	0.0100923	0.0454387	0.229092
203	0.0396689	0.193372	1.08379	0.0404798	0.0100923	0.0459308	0.229982
204	0.0397612	0.192886	1.19164	0.0434783	0.0100923	0.0449607	0.22305
205	0.0408302	0.193165	1.30509	0.0464768	0.0102737	0.0454405	0.238071
206	0.0396689	0.19521	1.50474	0.0524738	0.0101215	0.0465541	0.238071
207	0.0399199	0.196804	1.62882	0.0629685	0.0100923	0.0475539	0.251378
208	0.0129318	0.152683	0.940308	0.035982	0.0100923	0.0507376	0.321751
209	0.0102093	0.12611	0.618711	0.017991	0.0100923	0.0537551	0.44005
210	0.0107136	0.112431	0.618711	0.0089955	0.0100923	0.0592589	0.817695
211	0.0102093	0.104028	0.576119	0.00749625	0.0100923	0.0601089	0.817695
212	0.0129318	0.0969357	0.68205	0.005997	0.0100923	0.0706619	2.72222
213	0.0100876	0.0884836	0.515202	0.005997	0.0100923	0.0769805	4.46795
214	0.0101995	0.0855308	0.521578	0.00749625	0.0101215	0.0830476	26.3056
215	0.0101995	0.078513	0.480372	0.005997	0.0100923	0.0803013	4.46795
216	0.0101995	0.0740565	0.466425	0.0029985	0.010142	0.0792896	2.40265
217	0.0101586	0.069801	0.455857	0.0029985	0.0100205	0.077169	1.89283
218	0.0101586	0.0639554	0.438275	0.00449775	0.0100205	0.0790119	2.72222
219	0.0102093	0.0585867	0.384556	0.0029985	0.0100205	0.0814171	2.24599
220	0.0101995	0.0549225	0.333035	0.00149925	0.0100205	0.08751	2.72222
221	0.0101995	0.0528709	0.315852	0.00149925	0.0100205	0.0940733	2.77151
222	0.0100967	0.0504138	0.29038	0.00149925	0.0100205	0.0978347	2.81035
223	0.0100967	0.0492331	0.276031	0.00449775	0.0100205	0.10174	3.62816
224	0.0100967	0.0463969	0.25166	0.0029985	0.0100205	0.109184	5.9725
225	0.0100967	0.0445712	0.232276	0.00149925	0.0100205	0.115193	7.33932
226	0.0100967	0.0433949	0.226078	0.00149925	0.0100205	0.121169	7.60632
227	0.0100967	0.0423896	0.209853	0.00149925	0.0100205	0.126272	7.60632
228	0.0100967	0.0415084	0.206173	0.00149925	0.0100205	0.138504	11.7491
229	0.0100967	0.04046	0.188117	0.0029985	0.0100205	0.149785	13.0309
230	0.0100583	0.0392293	0.175847	0.00149925	0.0100205	0.157307	17.5969
231	0.0100875	0.0389249	0.175847	0.0029985	0.0100205	0.159262	13.0309
232	0.0100583	0.0387367	0.175847	0.00449775	0.0100205	0.165053	13.0309
233	0.0100875	0.0397424	0.187478	0.0089955	0.0100205	0.163787	11.7491
234	0.0100583	0.0383311	0.179047	0.005997	0.0100205	0.161371	11.3902
235	0.0100583	0.0367655	0.154975	0.00149925	0.0100205	0.16421	10.4053
236	0.0100875	0.0364229	0.152777	0.0029985	0.0100205	0.151383	8.09365
237	0.0100875	0.0354291	0.149961	0	0.0100205	0.138842	6.35478
238	0.0100875	0.035293	0.147448	0	0.0100205	0.133998	5.33098
239	0.0100875	0.0349488	0.143895	0	0.0100205	0.134103	5.17099
240	0.0100875	0.0349105	0.146096	0	0.0100205	0.126911	4.62751
241	0.0100875	0.0349925	0.140443	0	0.0100205	0.128339	4.84273
242	0.0100246	0.0350055	0.151139	0	0.0100205	0.129085	4.84273
243	0.0100246	0.0350967	0.149961	0	0.0100205	0.133668	5.9725
244	0.0100246	0.0352819	0.151139	0	0.0100205	0.137894	6.46611
245	0.0100246	0.0353001	0.149961	0	0.0100205	0.140991	6.46611
246	0.0100246	0.0353141	0.151139	0	0.0100205	0.134465	5.33098
247	0.0100246	0.0357117	0.151139	0	0.0100281	0.125685	4.1831
248	0.0100246	0.0361501	0.152487	0	0.0100398	0.115029	3.58096
249	0.0100246	0.0367019	0.163677	0.00449775	0.0106395	0.109088	3.62674
250	0.0100246	0.0365438	0.158041	0.0029985	0.0100281	0.101181	2.77199
251	0.0100246	0.0365536	0.163677	0.00449775	0.0100281	0.0920601	1.42871
252	0.0101146	0.0355484	0.152487	0	0.0100281	0.0894378	0.98207
253	0.0100875	0.0357302	0.152487	0	0.0106033	0.0836497	0.857405
254	0.0100246	0.0366517	0.158041	0	0.0106395	0.0760075	0.735266
255	0.0100246	0.0371216	0.152487	0.00149925	0.0101377	0.073866	0.652742
256	0.0100246	0.0366604	0.149961	0	0.0101377	0.0733903	0.606025
257	0.0100246	0.0371331	0.166193	0	0.0100281	0.0813024	0.797456
258	0.0100875	0.0375735	0.168059	0	0.0100281	0.0953354	2.30898
259	0.0100875	0.0376516	0.167539	0	0.0100281	0.103575	3.00627
260	0.0101146	0.0391032	0.187643	0	0.0100281	0.112594	3.44374
261	0.0101842	0.0396832	0.191756	0	0.0100281	0.119738	3.62262
262	0.0101146	0.0405531	0.193963	0	0.0100281	0.123055	3.44374
263	0.0101146	0.0410394	0.196036	0.00149925	0.0104824	0.122704	3.56144
264	0.0101146	0.0413319	0.198341	0.00149925	0.0104824	0.124841	3.7708
265	0.0101146	0.0413854	0.193963	0.00149925	0.0100281	0.124124	3.62262
266	0.0101146	0.0414922	0.193963	0	0.0100281	0.125814	3.96767
267	0.0101842	0.0420222	0.198341	0	0.0100281	0.136869	5.2276
268	0.0102632	0.0426788	0.205456	0.00149925	0.0100281	0.138165	5.14159
269	0.0102623	0.0429484	0.20844	0.00149925	0.0100281	0.150408	6.90316
270	0.0102623	0.0438223	0.208975	0.00449775	0.0103107	0.157036	7.77602
271	0.0102623	0.0443611	0.210007	0.0029985	0.0100506	0.167431	8.54991
272	0.0102623	0.0453305	0.218329	0	0.0100506	0.181628	11.1811
273	0.0102623	0.0456969	0.227396	0	0.0103107	0.205606	18.7925
274	0.0102623	0.0461041	0.232078	0	0.0100006	0.221647	25.2649
275	0.0102623	0.0477596	0.240668	0.0029985	0.0106038	0.275717	45.6564
276	0.0102623	0.0480917	0.256306	0.0029985	0.0113853	0.30853	51.9011
277	0.0102623	0.049725	0.287624	0.00149925	0.0113018	0.324131	51.9011
278	0.0102623	0.0535387	0.318459	0	0.0115751	0.30656	49.8171
279	0.0102623	0.0569807	0.333144	0	0.0113853	0.292333	45.6564
280	0.0102632	0.064041	0.47515	0.005997	0.0115751	0.306873	45.6564
281	0.0102632	0.0714179	0.53706	0.005997	0.0128916	0.341123	51.9011
282	0.0106988	0.0799293	0.591369	0.011994	0.0116427	0.372309	47.679
283	0.0101998	0.090168	0.656133	0.0224888	0.0128916	0.409583	51.9011
284	0.010636	0.0879728	0.656133	0.017991	0.0113018	0.424978	45.6564
285	0.010636	0.0880484	0.656133	0.017991	0.0115522	0.449841	45.6564
286	0.010636	0.0888797	0.660609	0.017991
