		omega		Posterior		rho				Synonymous theta			kappa			phi	
Site	Lower	Point	Higher	prob of +ve	Lower	Point	Higher		Lower	Point	Higher	Lower	Point	Higher	Lower	Point	Higher
	95% HPD	estimate	95% HPD	selection	95% HPD	estimate	95% HPD		95% HPD	estimate	95% HPD	95% HPD	estimate	95% HPD	95% HPD	estimate	95% HPD
0	0.0101053	0.0345502	0.250803	0.0104948	0.0100893	0.267604	51.8094		0.0498126	0.0661083	0.087437	1.80115	3.30784	6.25417	2.24735	15.9062	74.1472
1	0.0101053	0.0334574	0.21997	0.0029985	0.0100893	0.23426	38.0878
2	0.0101053	0.0325798	0.19045	0	0.0100893	0.216073	38.0878
3	0.0101053	0.0314202	0.1748	0	0.0100893	0.209667	41.0017
4	0.0101053	0.0314424	0.173086	0	0.010228	0.194421	41.1209
5	0.0101053	0.031076	0.170765	0	0.010228	0.155147	36.7918
6	0.0101053	0.0310527	0.170765	0.00149925	0.010228	0.143448	35.292
7	0.0101053	0.0310487	0.170765	0.00149925	0.010232	0.138928	35.292
8	0.0101053	0.0305965	0.145996	0.00149925	0.010232	0.121552	31.8037
9	0.0101053	0.0301714	0.139411	0.00149925	0.010232	0.113982	27.1664
10	0.0101053	0.0300509	0.139411	0.00149925	0.010232	0.101133	31.8037
11	0.0100301	0.0302843	0.139411	0.00149925	0.0100753	0.0909928	31.8037
12	0.0100301	0.0299912	0.135378	0	0.0100753	0.0770494	25.3004
13	0.0100301	0.0298808	0.135378	0	0.0100084	0.056211	5.95096
14	0.0100301	0.0307863	0.1404	0.0104948	0.0100084	0.0470396	1.64299
15	0.0100301	0.0290473	0.121584	0.00149925	0.0102128	0.0345457	0.300919
16	0.0100301	0.0281992	0.115064	0	0.0100084	0.0320597	0.196846
17	0.0100772	0.0277356	0.114082	0	0.0100084	0.0307315	0.158407
18	0.0100772	0.0275037	0.109681	0	0.0100084	0.0302747	0.13916
19	0.0100772	0.0277394	0.112772	0	0.0102128	0.0295697	0.133435
20	0.0100772	0.0277852	0.114082	0	0.010232	0.028837	0.132268
21	0.0101053	0.0279325	0.115064	0	0.010232	0.0286565	0.131287
22	0.0100772	0.0277213	0.115001	0	0.0100084	0.0282415	0.123954
23	0.0101053	0.0281823	0.115064	0	0.0100753	0.0277962	0.123654
24	0.0101053	0.0279467	0.115001	0	0.0101932	0.0274781	0.123954
25	0.0100772	0.0278119	0.114082	0	0.0100084	0.0269321	0.112522
26	0.0101053	0.0280566	0.115064	0	0.0100084	0.0273825	0.113662
27	0.0100772	0.0278619	0.109681	0	0.0100753	0.0269455	0.109793
28	0.0100772	0.0281002	0.114082	0	0.0100084	0.0266466	0.107028
29	0.0100772	0.0279668	0.106113	0	0.0100753	0.0265336	0.109588
30	0.0100772	0.0277509	0.103744	0.00149925	0.0100084	0.0264523	0.105944
31	0.0100772	0.0277819	0.103744	0	0.0100753	0.0267541	0.109793
32	0.0100772	0.0277468	0.102409	0	0.0100084	0.0269197	0.109793
33	0.0100772	0.027668	0.105458	0	0.0100753	0.0267893	0.109793
34	0.0100772	0.0277494	0.105458	0	0.0100084	0.0269669	0.109793
35	0.0100242	0.0276234	0.105458	0	0.0100084	0.0270573	0.113662
36	0.0100242	0.027421	0.103744	0	0.0100753	0.0271653	0.1149
37	0.0100242	0.0272923	0.103744	0	0.0100899	0.0273164	0.1149
38	0.0100242	0.0275778	0.106113	0	0.0100753	0.0274743	0.117199
39	0.0100242	0.0276662	0.113237	0	0.0100753	0.0272291	0.114754
40	0.0100242	0.0279258	0.115001	0	0.010188	0.0273333	0.110406
41	0.0100242	0.027858	0.115001	0	0.010188	0.027069	0.109793
42	0.0100242	0.0280209	0.116229	0.00149925	0.010188	0.0271894	0.110406
43	0.0100242	0.0278016	0.116575	0	0.0100753	0.0276534	0.117199
44	0.0100242	0.0286716	0.122447	0	0.0100753	0.0276738	0.117199
45	0.0100242	0.0289577	0.123722	0	0.0100753	0.0271632	0.109793
46	0.0100242	0.0288605	0.121611	0	0.0100753	0.0271492	0.114754
47	0.0100242	0.0288975	0.121611	0	0.0100753	0.027282	0.117199
48	0.0100242	0.029402	0.12512	0	0.0100013	0.027133	0.117199
49	0.0100242	0.0301828	0.143415	0.00149925	0.0100753	0.0265845	0.109793
50	0.0100242	0.0306033	0.143415	0.0029985	0.0100753	0.0265848	0.109793
51	0.0100242	0.0309938	0.143639	0.0029985	0.0100013	0.0265397	0.103624
52	0.0100242	0.0311213	0.144355	0.00149925	0.0100013	0.0269959	0.113575
53	0.0100242	0.0307548	0.144355	0	0.0100753	0.0273802	0.11859
54	0.0100242	0.0308049	0.145191	0	0.0100753	0.0284142	0.12429
55	0.0100242	0.0311914	0.146455	0	0.0100753	0.0284363	0.124376
56	0.0100242	0.0316098	0.147615	0	0.0100753	0.0275613	0.11859
57	0.0100242	0.0325246	0.165813	0	0.0101199	0.0277174	0.124376
58	0.0100242	0.0334151	0.187058	0	0.010232	0.0276121	0.124376
59	0.0100242	0.0346822	0.193285	0	0.0100013	0.0284341	0.124376
60	0.0100242	0.0353069	0.205162	0	0.0100753	0.0292151	0.137667
61	0.0100242	0.0355278	0.205162	0	0.0100013	0.029774	0.140537
62	0.0100242	0.0356045	0.205162	0	0.0100013	0.0296485	0.140537
63	0.0100242	0.036602	0.210433	0	0.0100013	0.0297216	0.137046
64	0.0100242	0.0371247	0.217657	0	0.0100753	0.0306552	0.160943
65	0.0100242	0.0375883	0.217657	0	0.0100013	0.0310124	0.160943
66	0.0100772	0.0380094	0.217657	0	0.0100013	0.0308012	0.143571
67	0.0100242	0.0396201	0.243255	0	0.0100013	0.0308551	0.148801
68	0.0100242	0.0417392	0.276981	0.0029985	0.0100753	0.0310072	0.160943
69	0.0100772	0.0451694	0.309384	0.00749625	0.0100753	0.0307017	0.160943
70	0.0101967	0.0475828	0.338104	0.0089955	0.0100013	0.0306596	0.150724
71	0.0100772	0.049885	0.349463	0.00749625	0.0100694	0.0305464	0.160943
72	0.0100772	0.0514652	0.35206	0.00449775	0.0100013	0.0312829	0.176582
73	0.0100772	0.0545417	0.38473	0.00449775	0.0100013	0.0303456	0.148801
74	0.0100772	0.0570446	0.407822	0.00449775	0.0100013	0.0297149	0.137046
75	0.0100772	0.06269	0.444679	0.00449775	0.0100013	0.0287301	0.123005
76	0.0100772	0.0682872	0.48524	0.00449775	0.0100694	0.0286449	0.1141
77	0.0106781	0.073906	0.565917	0.00449775	0.0100013	0.0283242	0.112505
78	0.0102944	0.0824656	0.577451	0.0104948	0.0100013	0.0280949	0.109461
79	0.0105602	0.0888181	0.605051	0.005997	0.0100013	0.0276538	0.100098
80	0.0100772	0.0987619	0.639592	0.0089955	0.0100013	0.0270771	0.0984588
81	0.0102263	0.11668	0.759563	0.017991	0.0100013	0.0272954	0.100098
82	0.0100772	0.14785	0.936321	0.041979	0.0100013	0.0270634	0.0984588
83	0.0102263	0.190951	1.30842	0.0764618	0.0100694	0.0271045	0.101305
84	0.0303364	0.339893	3.09278	0.176912	0.0100506	0.0271258	0.101678
85	0.0319179	0.341056	2.71381	0.175412	0.0100013	0.0265816	0.100098
86	0.0281255	0.269746	1.90772	0.133433	0.0100013	0.0264165	0.0984588
87	0.0303364	0.237846	1.84007	0.107946	0.0100013	0.0265855	0.0984588
88	0.0303364	0.235441	1.93364	0.109445	0.0100013	0.0266159	0.101272
89	0.0101865	0.159729	1.12395	0.0674663	0.0100013	0.0262991	0.0984588
90	0.0101865	0.115493	0.916029	0.0404798	0.0100013	0.0259484	0.0984588
91	0.0100643	0.0897719	0.731746	0.023988	0.0100404	0.0257972	0.0959027
92	0.0100643	0.0783152	0.681367	0.0194903	0.0100013	0.0255449	0.0951791
93	0.0101865	0.0664327	0.59096	0.017991	0.0100013	0.0256623	0.0913172
94	0.0100643	0.058524	0.47739	0.0134933	0.0100387	0.0255722	0.0919618
95	0.0100643	0.0554537	0.483232	0.0134933	0.0100013	0.0256939	0.0919618
96	0.0100578	0.050197	0.410774	0.0089955	0.0100387	0.0256517	0.0919618
97	0.0100578	0.0462654	0.382122	0.0089955	0.0100013	0.0253848	0.0886121
98	0.0100578	0.0426583	0.301259	0.00149925	0.0100387	0.0254172	0.0919618
99	0.0100003	0.04196	0.27797	0.0029985	0.0100013	0.0254946	0.0912399
100	0.0100578	0.0399761	0.271871	0.00149925	0.0100387	0.0256022	0.0912399
101	0.0100003	0.0377887	0.251586	0	0.0100387	0.0258151	0.0919618
102	0.0100003	0.0366137	0.223344	0	0.0100013	0.0261338	0.0951791
103	0.0100003	0.0352217	0.205162	0	0.0100013	0.0260978	0.0919618
104	0.0100003	0.0342408	0.187168	0	0.0100013	0.0262783	0.0951791
105	0.0100003	0.0336761	0.185166	0	0.0100013	0.0262689	0.0919618
106	0.0100003	0.0334539	0.185166	0	0.0100013	0.0263319	0.0984588
107	0.0100003	0.0330638	0.177379	0	0.0100013	0.0266591	0.101678
108	0.0100003	0.0325221	0.177379	0	0.0100013	0.0270522	0.11221
109	0.0100003	0.0318915	0.166214	0	0.0100013	0.0274096	0.120638
110	0.0100003	0.0313308	0.160799	0	0.0100013	0.0284066	0.137046
111	0.0100003	0.0308707	0.141363	0	0.0100013	0.0288838	0.142011
112	0.0100003	0.0307584	0.141363	0	0.0100089	0.0282424	0.135956
113	0.0100003	0.0295263	0.133412	0	0.0100013	0.0287709	0.138843
114	0.0100003	0.0291914	0.133133	0	0.0100013	0.0294606	0.143344
115	0.0100003	0.0289296	0.131278	0.00149925	0.0100387	0.0305411	0.150215
116	0.0100121	0.0285469	0.128824	0	0.0100089	0.0318396	0.16762
117	0.0100121	0.0285097	0.128824	0	0.0100089	0.0328847	0.184259
118	0.0100121	0.0277814	0.126434	0	0.0100089	0.0334185	0.186379
119	0.0100003	0.0276911	0.126434	0	0.0100387	0.0337136	0.205952
120	0.0100003	0.0272953	0.125669	0	0.0100387	0.0342615	0.220424
121	0.0100003	0.0268952	0.115073	0	0.0100387	0.0352942	0.241059
122	0.0100003	0.0265895	0.112635	0	0.0100387	0.0350467	0.241059
123	0.0100003	0.0262327	0.108363	0	0.0100387	0.0357157	0.254719
124	0.0100003	0.0260846	0.111788	0	0.0100387	0.0354599	0.254719
125	0.0100003	0.0263276	0.114468	0	0.0100387	0.0364449	0.244709
126	0.0100003	0.0256741	0.111293	0	0.0100387	0.0371583	0.254719
127	0.0100003	0.025392	0.111293	0	0.0100387	0.0385139	0.258963
128	0.0100003	0.0254195	0.111293	0	0.0100387	0.0388741	0.294919
129	0.0100003	0.0251557	0.102256	0	0.0100387	0.038746	0.284752
130	0.0100003	0.0248937	0.101749	0	0.0100387	0.0388543	0.255946
131	0.0100003	0.0248662	0.103828	0	0.0100387	0.0385171	0.257825
132	0.0100003	0.0249503	0.103828	0	0.0100387	0.0389397	0.258902
133	0.0100003	0.0248294	0.104706	0	0.0100387	0.0398106	0.274001
134	0.0100003	0.0245509	0.104706	0	0.0100404	0.0417216	0.297476
135	0.0100003	0.0243755	0.103828	0	0.0100404	0.043225	0.307908
136	0.0100003	0.0241412	0.101067	0	0.0100404	0.0423665	0.294342
137	0.0100003	0.0235879	0.0902964	0.00149925	0.0100404	0.0437624	0.294342
138	0.0100003	0.0237479	0.0902964	0.00149925	0.0100404	0.0445734	0.295844
139	0.0100183	0.0234124	0.0870511	0	0.0100404	0.0472804	0.335765
140	0.0100003	0.0233983	0.0870511	0	0.0100404	0.0493252	0.366251
141	0.0100003	0.0233347	0.0870511	0.00449775	0.0100404	0.0547785	0.446201
142	0.0100183	0.023182	0.0870511	0.00149925	0.0100404	0.0511074	0.366915
143	0.0100003	0.0228643	0.0856892	0	0.0100404	0.0498898	0.344517
144	0.0100003	0.0225041	0.079847	0	0.0100753	0.0498809	0.366915
145	0.0100003	0.0223098	0.0790415	0	0.0100404	0.0509998	0.402286
146	0.0100183	0.0224857	0.079847	0	0.0100404	0.0502162	0.402286
147	0.0100003	0.0227051	0.084386	0	0.0100404	0.0482845	0.366915
148	0.0100183	0.0224831	0.0826282	0	0.0100404	0.0481019	0.335765
149	0.0100003	0.0227484	0.0826282	0	0.0100404	0.0474128	0.30936
150	0.0100003	0.0227052	0.084386	0	0.0100404	0.0464614	0.295595
151	0.0100183	0.0227862	0.0870511	0	0.0100404	0.0435247	0.26373
152	0.0100003	0.0221515	0.0790415	0	0.0100404	0.0409742	0.252974
153	0.0100183	0.0222558	0.0826282	0	0.0100404	0.0401451	0.238736
154	0.0100003	0.0225722	0.0849331	0.00149925	0.0100404	0.0388814	0.228431
155	0.0100003	0.0227961	0.0856463	0.0029985	0.0100404	0.0397992	0.233972
156	0.0100003	0.0223575	0.084386	0	0.0100404	0.039665	0.233972
157	0.0100003	0.0221695	0.0849331	0	0.0100404	0.0401704	0.233972
158	0.0100003	0.0216182	0.0774885	0	0.0100404	0.039572	0.238736
159	0.0100003	0.0216581	0.0774885	0	0.0100404	0.039314	0.233972
160	0.0100003	0.0216508	0.0770411	0	0.0100404	0.0400363	0.238736
161	0.0100003	0.0217422	0.0735747	0	0.0100021	0.0408867	0.270839
162	0.0100003	0.0217083	0.0774885	0	0.0100021	0.0407693	0.262213
163	0.0100003	0.021551	0.0727297	0	0.0100021	0.0388319	0.23043
164	0.0100003	0.0213725	0.0699882	0	0.0100021	0.0384424	0.229116
165	0.0100003	0.0212028	0.0684842	0	0.0100021	0.0374355	0.20574
166	0.0100003	0.0210771	0.068046	0	0.0100147	0.0366088	0.198455
167	0.0100003	0.021104	0.0684842	0	0.0100021	0.03619	0.190536
168	0.0100003	0.0211334	0.0684842	0	0.0100021	0.0352454	0.17382
169	0.0100003	0.0212431	0.070488	0	0.0100021	0.0345286	0.17382
170	0.0100003	0.0212753	0.0712761	0	0.0100021	0.0333017	0.160705
171	0.0100003	0.0215184	0.0734624	0	0.0100021	0.0326722	0.160705
172	0.0100003	0.0216337	0.0745045	0	0.0100404	0.0326372	0.160705
173	0.0100003	0.0219444	0.0774885	0.0029985	0.0100753	0.0325132	0.160705
174	0.0100003	0.022029	0.0790415	0.00149925	0.0100404	0.031882	0.156969
175	0.0100003	0.0217114	0.0790415	0	0.0100404	0.0315664	0.15693
176	0.0100003	0.0219458	0.0824829	0	0.0100404	0.03146	0.156969
177	0.0100003	0.0219958	0.0790415	0	0.0100021	0.0313442	0.157929
178	0.0100003	0.0218777	0.0782397	0	0.0100021	0.031644	0.159773
179	0.0100128	0.0219583	0.0824829	0	0.0100021	0.031591	0.159773
180	0.0100128	0.0219347	0.0824829	0	0.0100021	0.0318382	0.159773
181	0.0100128	0.0219097	0.0824829	0	0.0100021	0.0317684	0.159162
182	0.0100128	0.0220139	0.0824829	0	0.0100021	0.0315373	0.157929
183	0.0100003	0.0219129	0.0790415	0	0.0100021	0.0317903	0.157929
184	0.0100003	0.0219207	0.0824829	0	0.0100021	0.0315243	0.157101
185	0.0100003	0.0222017	0.084917	0	0.0100404	0.0315273	0.157101
186	0.0100003	0.0221235	0.0824829	0	0.0100021	0.0312124	0.154776
187	0.0100003	0.0222253	0.0826846	0	0.0100021	0.0309953	0.152234
188	0.0100003	0.0223631	0.0842385	0	0.0100021	0.0308859	0.153805
189	0.0100003	0.0226582	0.0889176	0	0.0100021	0.0313025	0.159162
190	0.0100003	0.0225008	0.0870511	0	0.0100021	0.031434	0.171292
191	0.0100003	0.0224385	0.084917	0	0.0100021	0.0316841	0.184635
192	0.0100003	0.0225405	0.0880307	0	0.0100404	0.0325237	0.197929
193	0.0100003	0.0224367	0.0889176	0	0.0100021	0.0327767	0.198286
194	0.0100003	0.0222026	0.0880307	0	0.0100404	0.0334436	0.209579
195	0.0100128	0.0224342	0.0898085	0	0.0100404	0.0338551	0.209579
196	0.0100128	0.0224606	0.0880307	0	0.0100404	0.0342583	0.210384
197	0.0100003	0.0224952	0.0880307	0	0.0100404	0.0353839	0.23043
198	0.0100128	0.0224975	0.0880307	0	0.0100404	0.03696	0.285441
199	0.0100003	0.0221922	0.0842385	0	0.0100404	0.0384786	0.316664
200	0.0100003	0.0221916	0.084917	0	0.0100404	0.0409599	0.417986
201	0.0100003	0.022076	0.0826846	0	0.0100404	0.0426408	0.454838
202	0.0100003	0.0221808	0.0824829	0	0.0100404	0.0465198	0.4976
203	0.0100003	0.0220367	0.0804185	0	0.0100404	0.0494533	0.859543
204	0.0100003	0.0223954	0.0842385	0.00149925	0.0100404	0.0517476	0.885401
205	0.0100003	0.0223819	0.0831139	0.00149925	0.0100404	0.0518884	0.659068
206	0.0100003	0.0218999	0.0753681	0	0.0100404	0.0514902	0.559551
207	0.0100003	0.0218797	0.0733891	0	0.0100404	0.0531772	0.550639
208	0.0100003	0.0217636	0.07063	0	0.0100404	0.0539743	0.536927
209	0.0100003	0.0215505	0.0703912	0	0.0100404	0.0561039	0.550639
210	0.0100504	0.0215283	0.07063	0	0.0100404	0.0557959	0.518749
211	0.0100128	0.0216288	0.07063	0	0.0100404	0.0563132	0.474382
212	0.0100128	0.0215293	0.07063	0	0.0100404	0.0570505	0.474382
213	0.0100128	0.0222271	0.0757942	0.0029985	0.0100404	0.0587138	0.510307
214	0.0100128	0.021969	0.0751119	0.00449775	0.0100404	0.0617869	0.518749
215	0.0100504	0.0213527	0.07063	0.00149925	0.0100404	0.0643471	0.583668
216	0.0100128	0.022011	0.0751119	0.00449775	0.0100404	0.0689466	0.659068
217	0.0100128	0.0217485	0.07063	0	0.0100404	0.0730292	0.731978
218	0.0100504	0.0216395	0.07063	0	0.0100404	0.0766032	0.82928
219	0.0100504	0.0216701	0.07063	0	0.010199	0.0853459	0.926809
220	0.0100128	0.0218098	0.070488	0	0.0100952	0.0928104	0.885401
221	0.0100128	0.0217895	0.07063	0	0.0100952	0.100377	0.885401
222	0.0100128	0.0220659	0.0716551	0	0.010199	0.105368	0.918212
223	0.0100128	0.0226566	0.0831139	0.00149925	0.0100952	0.115749	0.926809
224	0.0100128	0.0226759	0.0842385	0.00149925	0.0100952	0.129781	1.11044
225	0.0100128	0.0228399	0.0867539	0.00149925	0.0100952	0.150028	1.17659
226	0.0100128	0.0227774	0.0867539	0	0.0100952	0.169823	1.43825
227	0.0100128	0.0227635	0.0867539	0	0.010199	0.193447	1.54463
228	0.0100187	0.0230046	0.0898085	0	0.010199	0.248615	1.64347
229	0.0100128	0.0231935	0.0898085	0.00149925	0.0204146	0.34092	2.44108
230	0.0100128	0.0232085	0.0898085	0.00149925	0.0500693	0.366848	3.75452
231	0.0100128	0.0230458	0.0880118	0	0.0568916	0.360671	3.55642
232	0.0100128	0.0232184	0.0898085	0	0.0400429	0.400144	3.57328
233	0.0100128	0.023316	0.0937809	0.00149925	0.0148097	0.438775	3.90779
234	0.0100128	0.0236213	0.0973317	0.0029985	0.0113784	0.481015	11.1605
235	0.0100128	0.0236035	0.0898085	0.0029985	0.062291	0.521872	92.3093
236	0.0100128	0.0234327	0.0880118	0.0029985	0.062291	0.541552	99.5897
237	0.0100128	0.0230324	0.0852083	0.0029985	0.0659749	0.57445	99.5897
238	0.0100128	0.0229035	0.0824338	0.0029985	0.0572645	0.58358	99.5897
239	0.0100128	0.0223743	0.0751119	0	0.0502565	0.582218	99.5897
240	0.0100128	0.0226665	0.0770359	0.00149925	0.0400429	0.58123	99.5897
241	0.0100128	0.0226742	0.0770359	0.00149925	0.0335966	0.574277	99.5897
242	0.0100128	0.0227729	0.0760306	0.00149925	0.0294638	0.534919	99.5897
243	0.0100128	0.0223589	0.0697375	0	0.0278539	0.497724	99.5897
244	0.0100128	0.0221167	0.0661605	0	0.0277998	0.472865	98.5289
245	0.0100187	0.0220636	0.0661605	0	0.0277998	0.442314	99.5897
246	0.0100187	0.0223881	0.067537	0	0.0247282	0.410039	99.5897
247	0.0100128	0.0224717	0.0685324	0	0.0116687	0.38284	53.5188
248	0.0100128	0.0223756	0.067537	0	0.0174053	0.393608	85.8888
249	0.0100128	0.022278	0.0661605	0	0.0114386	0.390358	59.2842
250	0.0100187	0.0221029	0.0661605	0	0.0171369	0.402123	93.3037
251	0.0100128	0.0222716	0.0661605	0	0.0187694	0.421444	99.5897
252	0.0100187	0.0224233	0.067537	0	0.0171369	0.408626	96.2909
253	0.0100128	0.0224418	0.0661605	0	0.0171369	0.429653	96.2909
254	0.0100919	0.0223451	0.0661605	0	0.0171369	0.420228	96.6457
255	0.0100805	0.0222939	0.0661605	0	0.0171369	0.493083	93.3037
256	0.0100128	0.0224957	0.067537	0	0.0208011	0.626792	99.5897
257	0.0100128	0.0227279	0.0697375	0	0.0220005	0.784773	99.5897
258	0.0100128	0.0230162	0.0725313	0	0.023884	0.905709	99.5897
259	0.0100128	0.0229818	0.070848	0	0.0275324	0.992406	99.5897
260	0.0100128	0.0231807	0.0792106	0.00149925	0.0288801	1.03089	99.5897
261	0.0100128	0.0234093	0.0831139	0.00149925	0.0288801	1.06974	99.5897
262	0.0100128	0.0236293	0.0896795	0.00149925	0.0298933	1.07872	99.5897
263	0.0100128	0.0239371	0.0933557	0.0029985	0.0275324	1.06776	99.5897
264	0.0100128	0.0240557	0.0933557	0.0029985	0.0230955	0.992562	99.5897
265	0.0100128	0.023729	0.086147	0.00149925	0.021858	0.917667	99.5897
266	0.0100128	0.0237517	0.0896795	0	0.0176288	0.895789	94.2052
267	0.0100128	0.023923	0.0933557	0	0.0171369	0.86718	93.3037
268	0.0100128	0.0240146	0.0981215	0	0.0171369	0.74654	93.3037
269	0.0100128	0.0241293	0.0981878	0	0.0193802	0.653248	99.5897
270	0.0100128	0.0243281	0.0981878	0	0.0129561	0.529084	62.131
271	0.0100128	0.0244516	0.10204	0	0.0133148	0.522073	62.131
272	0.0100128	0.0246393	0.106638	0	0.0126727	0.390205	54.0245
273	0.0100128	0.024668	0.108154	0	0.0107888	0.261116	39.1609
274	0.0103116	0.0251415	0.112676	0	0.0102206	0.170232	21.3733
275	0.0100128	0.0259385	0.112676	0	0.0105841	0.100409	1.90263
276	0.0101741	0.0263973	0.118184	0	0.0102206	0.0685931	0.455143
277	0.0100128	0.026862	0.124982	0	0.0107888	0.0586734	0.370171
278	0.0101741	0.0275726	0.130815	0	0.010071	0.0526738	0.317653
279	0.0101741	0.0287876	0.145752	0.00149925	0.0103953	0.0501373	0.310144
280	0.0100128	0.0305357	0.163379	0.005997	0.010071	0.0483757	0.276759
281	0.0102421	0.0314903	0.185219	0	0.0101135	0.0470896	0.262631
282	0.0102421	0.0318505	0.188302	0	0.0102206	0.0465222	0.258506
283	0.0102421	0.0320172	0.185219	0	0.0102669	0.0449587	0.245023
284	0.0102421	0.0322553	0.188302	0	0.0102669	0.0447745	0.244777
285	0.0102421	0.0324004	0.188302	0	0.0102669	0.045015	0.244777
286	0.0100128	0.0324684	0.185219	0	0.0102669	0.0453016	0.245023
287	0.0100128	0.032566	0.185219	0	0.0106315	0.0444383	0.245023
288	0.0100128	0.0324873	0.185219	0	0.0106584	0.0449542	0.245023
289	0.0100128	0.0325645	0.185219	0	0.0107025	0.0465477	0.262631
290	0.0100128	0.032728	0.185219	0	0.010071	0.0493966	0.292239
291	0.010143	0.0327836	0.185219	0
