		omega		Posterior		rho				Synonymous theta			kappa			phi	
Site	Lower	Point	Higher	prob of +ve	Lower	Point	Higher		Lower	Point	Higher	Lower	Point	Higher	Lower	Point	Higher
	95% HPD	estimate	95% HPD	selection	95% HPD	estimate	95% HPD		95% HPD	estimate	95% HPD	95% HPD	estimate	95% HPD	95% HPD	estimate	95% HPD
0	0.0134939	0.107242	0.643116	0.0164918	0.0308715	1.76284	86.5062		0.034966	0.0501633	0.0699307	1.63402	3.30117	5.99414	0.773945	2.48897e+13	2.25899e+28
1	0.0116018	0.106929	0.535444	0.0149925	0.0279214	1.3059	89.5434
2	0.0116018	0.107349	0.535444	0.0149925	0.0235823	1.1598	80.2577
3	0.0116693	0.109678	0.535444	0.0134933	0.0221016	1.08701	80.4054
4	0.0153223	0.112296	0.654427	0.011994	0.0216969	0.998397	80.4054
5	0.014634	0.115499	0.654427	0.0149925	0.0221016	1.0064	80.4054
6	0.0138707	0.11778	0.636163	0.011994	0.0206514	1.0066	80.4054
7	0.0153223	0.119695	0.632554	0.011994	0.0245871	1.08628	80.4054
8	0.0153223	0.124494	0.632554	0.0149925	0.0272949	1.22208	80.4054
9	0.0157822	0.131499	0.643145	0.0149925	0.0170225	0.857083	70.5275
10	0.0170389	0.14053	0.673405	0.0194903	0.0124729	0.661521	57.0048
11	0.0170389	0.175985	1.22899	0.053973	0.011852	0.511195	50.2094
12	0.0199097	0.153233	0.938274	0.0269865	0.0102064	0.346783	28.2887
13	0.0213697	0.144802	0.910043	0.0149925	0.0100106	0.206383	9.94648
14	0.0188539	0.144304	0.786665	0.0134933	0.0100106	0.124901	3.12287
15	0.0196249	0.142791	0.786665	0.011994	0.0100106	0.112151	2.91806
16	0.0199097	0.141186	0.812709	0.00749625	0.0100106	0.103338	3.7251
17	0.0213832	0.142295	0.910043	0.0089955	0.0100106	0.0901147	3.12287
18	0.020836	0.142719	0.910043	0.0134933	0.0100106	0.0954328	4.52413
19	0.0138493	0.159958	0.938274	0.0434783	0.0100106	0.0914176	4.18879
20	0.0157189	0.127026	0.788714	0.0104948	0.0100106	0.0904462	3.96839
21	0.0117626	0.114329	0.546257	0.005997	0.0100106	0.0863144	3.83425
22	0.0116674	0.108913	0.529221	0.0089955	0.0100106	0.0830628	3.96839
23	0.0116674	0.105468	0.492681	0.0089955	0.0100106	0.0797645	3.78893
24	0.0117626	0.104023	0.48334	0.00749625	0.0100106	0.0769953	3.74726
25	0.01248	0.0988227	0.492681	0.00749625	0.0100106	0.0753291	3.27524
26	0.0117626	0.0916767	0.460883	0.0029985	0.0100106	0.0753752	3.39772
27	0.0113144	0.0901693	0.429653	0.0029985	0.0100106	0.0736903	3.27524
28	0.0113144	0.0872542	0.417954	0.0029985	0.0100106	0.0724531	3.08324
29	0.0107746	0.084149	0.371086	0.0029985	0.0100106	0.0687697	2.89298
30	0.0107746	0.0816949	0.356538	0.0029985	0.0100106	0.066146	2.36189
31	0.0107746	0.0806442	0.356538	0.00149925	0.0100106	0.0638652	1.81239
32	0.0109249	0.0786404	0.333761	0.0029985	0.0100106	0.0617838	1.47747
33	0.0100345	0.0757864	0.287141	0.00149925	0.0100106	0.0614931	1.32488
34	0.0100345	0.0756362	0.285242	0.00149925	0.0100106	0.0618223	1.39452
35	0.0109249	0.0748708	0.309319	0.00149925	0.0100106	0.061704	1.37876
36	0.0117626	0.0744026	0.333761	0.00149925	0.0100106	0.0628412	1.47747
37	0.0100345	0.0736827	0.284129	0	0.0100106	0.0626801	1.47747
38	0.0110923	0.0744186	0.33047	0.0029985	0.0100106	0.0623949	1.37876
39	0.0110311	0.0740393	0.33047	0.00149925	0.0100106	0.0627249	0.964616
40	0.0110311	0.0757494	0.345513	0.00149925	0.0100106	0.0638591	1.47747
41	0.0110311	0.0759051	0.345513	0.00149925	0.0100106	0.0636918	1.47747
42	0.0100345	0.0810086	0.345513	0.005997	0.0100106	0.063691	1.37876
43	0.0100345	0.0837279	0.370732	0.0089955	0.0100106	0.0651755	1.23159
44	0.0100345	0.0888638	0.48334	0.0224888	0.0100106	0.0641127	1.23159
45	0.0100345	0.0920209	0.533017	0.0254873	0.0100106	0.0636142	0.989208
46	0.0100345	0.0954377	0.586373	0.029985	0.0100106	0.0578465	0.6501
47	0.0100345	0.106822	0.897255	0.0434783	0.0100106	0.0540818	0.473759
48	0.0111724	0.119316	1.2062	0.05997	0.0100106	0.0514957	0.429531
49	0.0100345	0.158351	1.88385	0.10045	0.0100106	0.0499911	0.34836
50	0.0404269	0.394662	13.8375	0.289355	0.0100106	0.0497188	0.331604
51	0.010671	0.181408	3.37583	0.127436	0.0101691	0.0497155	0.349345
52	0.0108414	0.131866	1.17421	0.0629685	0.0101691	0.0495152	0.349345
53	0.010671	0.106764	0.731168	0.029985	0.0102569	0.0492854	0.349345
54	0.010612	0.0964015	0.590105	0.023988	0.0101931	0.0486075	0.351756
55	0.0110209	0.0888704	0.489053	0.0149925	0.0102569	0.0483469	0.362922
56	0.010612	0.0863578	0.453751	0.011994	0.0101931	0.0480724	0.331604
57	0.010612	0.082278	0.363136	0.005997	0.0102569	0.0470172	0.316706
58	0.0110209	0.0810749	0.387097	0.005997	0.0101357	0.0458388	0.285578
59	0.010671	0.0795043	0.363136	0.00449775	0.0101931	0.0451461	0.283361
60	0.0110209	0.078611	0.364839	0.005997	0.0100937	0.0443157	0.267347
61	0.0108414	0.0778367	0.355896	0.00449775	0.0100937	0.0439081	0.267347
62	0.0108414	0.078795	0.355896	0.00749625	0.0100937	0.0431693	0.25439
63	0.0108414	0.076456	0.334889	0.00449775	0.0100937	0.0406584	0.19116
64	0.0110209	0.0762647	0.334889	0.0029985	0.0101357	0.0399536	0.186892
65	0.0113235	0.0783738	0.363136	0.0029985	0.0100937	0.0402808	0.192383
66	0.0106194	0.077849	0.331778	0.00149925	0.0100937	0.0393824	0.17793
67	0.0110209	0.0781756	0.334889	0.00149925	0.0100937	0.0389269	0.167451
68	0.0108414	0.0796556	0.336162	0.00149925	0.0100937	0.037873	0.15985
69	0.0110209	0.0809913	0.336162	0.00449775	0.0101931	0.0374689	0.163021
70	0.0110209	0.0830734	0.348385	0.0029985	0.0100937	0.0378989	0.163021
71	0.0120882	0.0862625	0.379604	0.00149925	0.0100937	0.037786	0.167451
72	0.0122096	0.0871377	0.379604	0.0029985	0.0101931	0.0374076	0.163021
73	0.0120882	0.0910643	0.379604	0.005997	0.0101357	0.0378978	0.163021
74	0.0122096	0.0935027	0.379604	0.005997	0.0101931	0.0376151	0.163021
75	0.0120882	0.0973752	0.392638	0.00749625	0.0100937	0.0377504	0.154255
76	0.0153383	0.10475	0.597126	0.0134933	0.0100937	0.0378123	0.154255
77	0.0116234	0.101011	0.430004	0.0134933	0.0100219	0.0375724	0.15985
78	0.011539	0.10064	0.451011	0.0134933	0.0100219	0.0378823	0.163021
79	0.011539	0.0971302	0.427336	0.011994	0.0100937	0.0380983	0.166481
80	0.0111575	0.0944108	0.384786	0.00449775	0.0100219	0.0394746	0.167451
81	0.0113391	0.092176	0.37135	0.00449775	0.0101357	0.0398637	0.179279
82	0.011539	0.0904116	0.358917	0.00449775	0.0100937	0.0409842	0.18768
83	0.011539	0.0861018	0.336162	0.00149925	0.0100937	0.0408889	0.18768
84	0.0115633	0.0820684	0.306131	0	0.0100219	0.0407438	0.174806
85	0.0115633	0.0824202	0.307464	0	0.0100219	0.0411109	0.183062
86	0.0113391	0.0813647	0.307464	0	0.0100219	0.0419493	0.186892
87	0.0116234	0.0813732	0.306131	0	0.0101931	0.042409	0.18768
88	0.0116234	0.0804348	0.306131	0.00149925	0.0100219	0.0433648	0.18768
89	0.0116234	0.0805041	0.306131	0.00149925	0.0100219	0.0441788	0.199165
90	0.0120882	0.0798389	0.307464	0	0.0101931	0.0450865	0.199165
91	0.0110364	0.0784087	0.276215	0	0.0100876	0.0455791	0.199165
92	0.0132357	0.0797677	0.334262	0	0.0100876	0.0474343	0.209161
93	0.0132357	0.079414	0.33047	0	0.0100876	0.0496575	0.225152
94	0.0132357	0.0808468	0.33047	0	0.0100876	0.0520225	0.237092
95	0.0132357	0.0818554	0.332966	0	0.0100876	0.0535343	0.273727
96	0.0132357	0.0834274	0.33047	0	0.0100876	0.0551296	0.287017
97	0.0132357	0.0845056	0.332966	0.00149925	0.0104187	0.0549086	0.287017
98	0.0121278	0.086481	0.332966	0.0029985	0.0100876	0.0571487	0.287017
99	0.0132357	0.0891669	0.379396	0.005997	0.0100375	0.0602381	0.309741
100	0.0138302	0.0897969	0.383623	0.00449775	0.0100375	0.0631513	0.355316
101	0.0140408	0.0900517	0.383623	0.0029985	0.0100375	0.0649045	0.37541
102	0.0132357	0.091716	0.383623	0.00449775	0.0110216	0.0681146	0.542095
103	0.0138302	0.0943568	0.392638	0.0029985	0.0100375	0.0682431	0.462914
104	0.0132357	0.0939067	0.383623	0.00149925	0.0100375	0.0692869	0.484681
105	0.0132357	0.0952378	0.383623	0.00149925	0.0110216	0.073676	0.684552
106	0.0177401	0.0984025	0.516974	0.00149925	0.0110216	0.0760863	0.672084
107	0.0132357	0.101029	0.393141	0.0029985	0.0110848	0.079138	0.672084
108	0.0202531	0.104957	0.481542	0.00149925	0.0110848	0.0820683	0.749565
109	0.0202531	0.101419	0.53506	0.00149925	0.0110848	0.0827972	0.664172
110	0.0176607	0.0977371	0.439861	0.00149925	0.0110848	0.0822564	0.630897
111	0.0176607	0.0975575	0.439861	0.00149925	0.0110848	0.082332	0.587229
112	0.0207258	0.0964613	0.45181	0.00149925	0.0110848	0.08075	0.587229
113	0.0203555	0.0966992	0.45181	0.00449775	0.011852	0.0839964	0.701652
114	0.0189913	0.0971732	0.45181	0.00449775	0.0110848	0.083838	0.677459
115	0.0176607	0.0961289	0.481542	0.00449775	0.0129343	0.0834937	0.701652
116	0.012122	0.0973837	0.347128	0.00449775	0.0121587	0.0821985	0.54691
117	0.012122	0.0969152	0.368771	0.005997	0.0129343	0.0831657	0.54691
118	0.012122	0.0976892	0.385617	0.005997	0.0129343	0.0815728	0.468424
119	0.0176607	0.100817	0.569975	0.00749625	0.0129343	0.0788623	0.37695
120	0.0176607	0.101024	0.517673	0.005997	0.0129343	0.079957	0.37695
121	0.0183727	0.103612	0.519056	0.00749625	0.0129343	0.0788961	0.362691
122	0.0183727	0.106163	0.575343	0.011994	0.0129343	0.0784906	0.35819
123	0.0172527	0.108809	0.575343	0.0164918	0.0129343	0.0785907	0.326752
124	0.0159819	0.105903	0.575343	0.0164918	0.0129343	0.0802863	0.373799
125	0.0140251	0.101023	0.529237	0.0164918	0.0121245	0.0803333	0.362691
126	0.0156685	0.0958155	0.529237	0.0134933	0.0120311	0.0783774	0.325058
127	0.0140251	0.0898604	0.464733	0.011994	0.0118214	0.077881	0.326752
128	0.0116786	0.0855098	0.379396	0.0089955	0.0108622	0.0791926	0.326752
129	0.0110969	0.0786114	0.302828	0.00149925	0.0120311	0.0784798	0.367068
130	0.0110725	0.0733432	0.279547	0.00149925	0.0120311	0.0786873	0.370737
131	0.0110725	0.0691888	0.261669	0	0.0120311	0.0762637	0.326752
132	0.0116786	0.0672492	0.271443	0	0.0118214	0.0767679	0.326752
133	0.0116786	0.0664206	0.271443	0	0.010511	0.077632	0.314383
134	0.0116786	0.0657478	0.279547	0	0.0118214	0.0780114	0.367123
135	0.0116786	0.0651206	0.279547	0.00149925	0.0120311	0.0773878	0.367123
136	0.0115755	0.065285	0.271443	0.00149925	0.0100276	0.0762328	0.287585
137	0.0116723	0.0640952	0.270581	0.00149925	0.0118214	0.0770465	0.314383
138	0.0120259	0.0630832	0.26905	0.00149925	0.0120311	0.0766587	0.314383
139	0.0120259	0.06256	0.267415	0.0029985	0.0118214	0.077049	0.325058
140	0.0120259	0.061972	0.264723	0.00149925	0.0118214	0.0770308	0.341863
141	0.0120259	0.0612692	0.267415	0.00149925	0.0120311	0.0760934	0.341863
142	0.0120259	0.0607896	0.270581	0.00149925	0.0118214	0.0774813	0.367068
143	0.0116723	0.0618682	0.26905	0.00449775	0.0100405	0.0791351	0.36485
144	0.0120259	0.061356	0.276235	0.00149925	0.0100405	0.079672	0.404447
145	0.0116723	0.0607747	0.270581	0	0.0100405	0.0836167	0.496149
146	0.0107338	0.0612961	0.256532	0.00149925	0.010511	0.0890498	0.680835
147	0.0107338	0.0623002	0.256532	0	0.0123382	0.095412	1.02898
148	0.0107338	0.0631522	0.261669	0	0.0106997	0.100249	1.02898
149	0.0107338	0.0639893	0.26905	0.00149925	0.0102229	0.115282	1.63673
150	0.0107338	0.0630048	0.261669	0.00149925	0.0106997	0.123031	1.86079
151	0.0107338	0.0633041	0.264723	0.00149925	0.0101914	0.127439	1.83196
152	0.0107338	0.063543	0.265596	0.00149925	0.0101914	0.126141	1.97122
153	0.0107338	0.0636918	0.265596	0.00149925	0.0102229	0.117401	1.63673
154	0.0107338	0.063849	0.261669	0	0.0101914	0.11186	1.51818
155	0.0107338	0.064523	0.264723	0	0.0101914	0.118945	2.13004
156	0.0120569	0.0657988	0.291345	0	0.0101914	0.114286	1.83196
157	0.0107338	0.0663881	0.271498	0	0.0102229	0.115173	1.92457
158	0.0107338	0.0675556	0.271498	0	0.0102229	0.123448	3.13459
159	0.0108703	0.0686614	0.282982	0	0.0103869	0.121883	2.93607
160	0.0109701	0.0715248	0.291345	0	0.0102229	0.122156	2.93607
161	0.012881	0.0748571	0.380945	0	0.0102229	0.123227	3.21642
162	0.0127118	0.0767218	0.386095	0	0.0102229	0.125482	3.87911
163	0.0116973	0.0802285	0.384396	0	0.0102229	0.123237	3.87911
164	0.0116973	0.0821388	0.393225	0	0.0102229	0.126443	5.44024
165	0.0117364	0.0849652	0.397893	0	0.0102229	0.132105	7.11037
166	0.0112986	0.0894078	0.401636	0.00449775	0.0100471	0.135658	7.22711
167	0.0106149	0.0940275	0.401636	0.00449775	0.0100471	0.137087	7.98832
168	0.0106149	0.0975589	0.423391	0.0089955	0.0100471	0.132426	7.22711
169	0.0116973	0.103418	0.477328	0.011994	0.0100471	0.131891	7.22711
170	0.0116973	0.111196	0.505225	0.0134933	0.0102229	0.130295	7.22711
171	0.0110361	0.119459	0.54	0.0209895	0.0100471	0.133016	7.98832
172	0.0180192	0.144011	1.03682	0.041979	0.0102229	0.1504	13.8049
173	0.0185564	0.133612	0.808169	0.0194903	0.0102229	0.157414	18.9649
174	0.0174378	0.132507	0.692581	0.0149925	0.0102229	0.17284	21.2562
175	0.0180429	0.131189	0.68996	0.0104948	0.0102687	0.180472	20.9046
176	0.0174378	0.130645	0.68996	0.0089955	0.0102229	0.184706	20.9046
177	0.0174378	0.131233	0.68996	0.00749625	0.0102687	0.189245	20.9046
178	0.0177196	0.132322	0.713657	0.005997	0.0102229	0.187577	19.8843
179	0.0176284	0.132983	0.68996	0.00449775	0.0102229	0.181884	17.7186
180	0.0176284	0.133208	0.790813	0.005997	0.0102229	0.154539	7.17765
181	0.0177196	0.136556	0.729898	0.005997	0.0102229	0.14631	7.11317
182	0.0200149	0.146783	0.808169	0.00749625	0.0102687	0.141164	6.4996
183	0.0218917	0.153725	0.870673	0.0104948	0.0102687	0.136085	6.73767
184	0.0238564	0.160038	0.882983	0.0104948	0.0102687	0.132378	6.6131
185	0.0238564	0.172408	0.906518	0.0149925	0.0100741	0.116745	3.36668
186	0.0239917	0.184023	0.882983	0.017991	0.0100741	0.106879	2.67137
187	0.0360158	0.213714	1.29249	0.0284858	0.0102687	0.0962987	1.65134
188	0.0496341	0.247405	1.31587	0.041979	0.0100741	0.0886853	1.35873
189	0.069818	0.295504	1.31587	0.0554723	0.0100082	0.0832401	1.06929
190	0.0836766	0.295382	1.47414	0.0509745	0.0100082	0.0787966	0.796888
191	0.0827457	0.295296	1.33534	0.047976	0.0102687	0.0726565	0.564866
192	0.0842543	0.300208	1.47414	0.053973	0.0102995	0.0705969	0.478688
193	0.0718259	0.29034	1.29249	0.0494753	0.0102995	0.0680031	0.427731
194	0.0625465	0.282422	1.31587	0.0524738	0.0100082	0.0675893	0.400815
195	0.0576821	0.289749	1.47414	0.0584708	0.0102995	0.0679699	0.389726
196	0.044314	0.299228	1.66971	0.065967	0.0102995	0.0697795	0.37345
197	0.044314	0.288585	1.66971	0.0584708	0.0102995	0.0699967	0.37345
198	0.052102	0.263362	1.29249	0.0434783	0.0103734	0.0749603	0.424523
199	0.052102	0.263588	1.29249	0.041979	0.0102995	0.0762605	0.424523
200	0.052102	0.266012	1.29249	0.0449775	0.0103734	0.075573	0.40263
201	0.0522523	0.268325	1.29249	0.0464768	0.0109019	0.0765591	0.434773
202	0.0576673	0.268453	1.64062	0.0494753	0.0103734	0.0787146	0.427731
203	0.0677736	0.272346	1.77261	0.0494753	0.0103734	0.0804063	0.434773
204	0.0576821	0.262004	1.66971	0.0434783	0.0103734	0.0824578	0.433865
205	0.0530534	0.254219	1.7293	0.0389805	0.0103734	0.0862222	0.441879
206	0.0389129	0.246899	1.7293	0.0389805	0.0103734	0.0904478	0.502664
207	0.0360406	0.245667	1.7293	0.0389805	0.0103734	0.100608	0.658029
208	0.0125859	0.190393	1.00419	0.023988	0.0103734	0.113244	0.870934
209	0.0101026	0.160935	0.763858	0.023988	0.0103734	0.132534	1.35685
210	0.0101026	0.151479	0.712521	0.0194903	0.0103734	0.148087	2.19944
211	0.0101026	0.138379	0.663855	0.00749625	0.0101012	0.16853	3.7732
212	0.0101026	0.12801	0.600543	0.00449775	0.0108641	0.187073	4.70308
213	0.0100031	0.116495	0.562914	0.0029985	0.0100146	0.19728	5.09691
214	0.0100031	0.107265	0.530029	0.00449775	0.0100146	0.210622	7.82623
215	0.0101026	0.100279	0.518864	0.005997	0.0104865	0.262446	28.2205
216	0.0101026	0.0952548	0.498377	0.005997	0.0108374	0.347266	49.3941
217	0.0101026	0.0922998	0.498377	0.00749625	0.0104865	0.404837	49.3941
218	0.0101026	0.0882674	0.477501	0.00449775	0.0104865	0.424783	48.3645
219	0.0100332	0.0840394	0.449733	0.0029985	0.0104865	0.461115	49.1148
220	0.0100332	0.080791	0.449733	0.005997	0.0104865	0.461625	47.0256
221	0.0100332	0.080482	0.427776	0.0029985	0.0106408	0.429486	46.6024
222	0.0100332	0.0799447	0.401636	0.00449775	0.0106408	0.45269	46.6024
223	0.0100332	0.0791097	0.398569	0.0029985	0.0101012	0.525192	48.0744
224	0.0100332	0.0790341	0.398569	0.0029985	0.0164628	0.597259	82.1772
225	0.0100332	0.0809694	0.406736	0.0029985	0.0162665	0.658154	82.1772
226	0.0100332	0.0811321	0.434787	0.005997	0.015539	0.704973	86.7411
227	0.0100332	0.0836474	0.472977	0.011994
