		omega		Posterior		rho				Synonymous theta			kappa			phi	
Site	Lower	Point	Higher	prob of +ve	Lower	Point	Higher		Lower	Point	Higher	Lower	Point	Higher	Lower	Point	Higher
	95% HPD	estimate	95% HPD	selection	95% HPD	estimate	95% HPD		95% HPD	estimate	95% HPD	95% HPD	estimate	95% HPD	95% HPD	estimate	95% HPD
0	0.0104451	0.0410063	0.196341	0.0029985	0.0194909	1.26818	39.5771		0.0500929	0.0587236	0.0700947	2.23776	3.15088	4.44624	0	0	0
1	0.0104451	0.041141	0.196341	0.00449775	0.0122336	1.00801	27.0773
2	0.0104451	0.0403552	0.183327	0.00449775	0.010443	0.798696	19.681
3	0.0107606	0.0388045	0.183327	0	0.0107617	0.670719	16.1566
4	0.0100398	0.0388166	0.161043	0	0.0102444	0.585231	14.9908
5	0.0100398	0.0388763	0.166781	0	0.012169	0.577579	16.5264
6	0.0104174	0.0384163	0.161043	0.00449775	0.010443	0.567449	14.9908
7	0.0104174	0.0378915	0.150815	0.00449775	0.0102444	0.45939	14.4124
8	0.0104925	0.03667	0.150815	0	0.010026	0.430246	13.5178
9	0.0104174	0.0360805	0.138376	0	0.0102444	0.379186	11.116
10	0.0104451	0.0362309	0.138376	0	0.0102444	0.342835	9.9021
11	0.0104174	0.0362813	0.138376	0	0.010443	0.327255	9.9021
12	0.0104174	0.0359206	0.138376	0	0.0105392	0.329113	11.116
13	0.0102024	0.0360728	0.138376	0	0.010443	0.316646	11.116
14	0.0102993	0.0350315	0.138376	0	0.010026	0.309224	11.116
15	0.0102024	0.0351255	0.138376	0.00449775	0.010026	0.253138	9.07829
16	0.0100398	0.0343661	0.143731	0.00749625	0.0100667	0.240013	9.07829
17	0.0102024	0.0332733	0.138376	0	0.0104135	0.232589	9.07829
18	0.0102253	0.0333173	0.139488	0	0.010026	0.233361	11.116
19	0.0100398	0.0334878	0.139488	0	0.010026	0.261329	15.6934
20	0.0102024	0.0337175	0.150815	0	0.0104135	0.260226	21.1668
21	0.0102993	0.0331964	0.150815	0	0.010026	0.300892	24.003
22	0.0100398	0.0334214	0.143731	0	0.0104135	0.312198	28.6116
23	0.0102253	0.0333043	0.138376	0	0.0105037	0.310457	32.0227
24	0.0102253	0.0346952	0.150815	0	0.0105037	0.316341	32.0227
25	0.0102024	0.0354219	0.155522	0	0.0107617	0.278774	32.7171
26	0.0102253	0.0359303	0.173457	0	0.010026	0.233337	22.8226
27	0.0102253	0.0359638	0.173457	0	0.010026	0.234908	20.7195
28	0.0102253	0.0356138	0.173457	0	0.010026	0.239021	20.7195
29	0.0102253	0.0356738	0.173457	0	0.0105037	0.220382	17.2269
30	0.0102024	0.036136	0.181868	0	0.0105037	0.211269	14.2924
31	0.0102253	0.0356401	0.173457	0	0.0107181	0.206874	14.2924
32	0.0102993	0.0347663	0.150815	0	0.0105037	0.198305	11.0645
33	0.0102993	0.0344168	0.150815	0	0.0105037	0.193082	11.0645
34	0.0102993	0.0344127	0.150815	0	0.0105037	0.200088	14.2924
35	0.0102253	0.0352144	0.156111	0	0.010026	0.19956	14.8634
36	0.0102976	0.036304	0.173457	0	0.0105037	0.198143	14.2924
37	0.0102253	0.0365713	0.166781	0	0.0102772	0.204085	14.2924
38	0.0102976	0.0364831	0.156557	0	0.0102772	0.203986	14.2924
39	0.0102253	0.036786	0.156557	0	0.0105037	0.224295	14.2
40	0.0102253	0.0371515	0.156557	0	0.010139	0.157417	14.2
41	0.0102253	0.0376708	0.173457	0	0.010139	0.121553	14.2
42	0.0102253	0.0378372	0.173457	0	0.010026	0.0948641	8.85772
43	0.0102976	0.0381173	0.18253	0	0.010139	0.0873475	6.06215
44	0.0102253	0.0400346	0.193997	0	0.0105037	0.0807706	4.84368
45	0.0102253	0.0411189	0.19606	0	0.0106321	0.0664712	1.93686
46	0.0102253	0.0415212	0.203153	0	0.010026	0.0587005	0.535013
47	0.0101134	0.0426624	0.217867	0.0029985	0.010026	0.0498643	0.304571
48	0.0102253	0.0438668	0.222709	0.0029985	0.0102431	0.0482814	0.288526
49	0.0101134	0.0464566	0.25572	0.005997	0.010139	0.0464239	0.268224
50	0.0101134	0.0466853	0.285165	0.00749625	0.010139	0.0446749	0.234867
51	0.0101134	0.0465458	0.285165	0.00749625	0.010139	0.0441868	0.234867
52	0.0101134	0.0453033	0.266917	0.00449775	0.010139	0.0437161	0.232475
53	0.0101134	0.0437169	0.234227	0.00449775	0.010139	0.043354	0.231053
54	0.0101134	0.0428439	0.211218	0.00149925	0.0102431	0.0428049	0.231053
55	0.0101134	0.0416221	0.197786	0.00149925	0.0102431	0.0418553	0.232475
56	0.0101134	0.0413369	0.203153	0.00149925	0.010026	0.0407723	0.218701
57	0.0101849	0.0415842	0.211218	0.00149925	0.0102431	0.0405924	0.231053
58	0.0100778	0.0401795	0.197786	0.00149925	0.010026	0.0402228	0.218701
59	0.0100778	0.0395834	0.197298	0.00149925	0.010026	0.0399616	0.218701
60	0.0100778	0.0386274	0.19178	0	0.010026	0.040075	0.218701
61	0.0101134	0.0384539	0.197786	0	0.010026	0.0395636	0.218701
62	0.0100778	0.0384655	0.211218	0	0.010026	0.0396972	0.214947
63	0.0100778	0.0374494	0.211218	0	0.010139	0.0384422	0.195523
64	0.0100778	0.0360186	0.191791	0	0.010026	0.0384379	0.195523
65	0.0100778	0.0356577	0.177071	0	0.010139	0.0387506	0.214947
66	0.0100778	0.0342362	0.143185	0	0.010026	0.0379489	0.195523
67	0.0100778	0.0338461	0.137434	0	0.010139	0.0382307	0.214947
68	0.0100778	0.0334542	0.137143	0	0.010139	0.038625	0.223804
69	0.0101134	0.0334444	0.137434	0	0.010026	0.0385393	0.218701
70	0.0100778	0.0330632	0.130439	0	0.010139	0.0384011	0.222054
71	0.0100778	0.0332555	0.133571	0	0.010139	0.0385912	0.223804
72	0.0100778	0.0328811	0.125993	0	0.010139	0.0376743	0.22033
73	0.0100778	0.0332599	0.128627	0	0.010139	0.0385295	0.222054
74	0.0100778	0.0331815	0.128627	0	0.010139	0.0361303	0.19777
75	0.0101212	0.0323124	0.125993	0	0.010026	0.0351846	0.164426
76	0.0101212	0.0319346	0.125993	0	0.010139	0.0340191	0.141935
77	0.0101212	0.0319162	0.125993	0	0.010139	0.0333553	0.134188
78	0.0100778	0.0326081	0.128627	0	0.010139	0.0330395	0.129616
79	0.0100778	0.0324527	0.128627	0	0.010139	0.0329513	0.127005
80	0.0101134	0.0320512	0.125993	0	0.0102431	0.0325303	0.128213
81	0.0100778	0.0320034	0.124343	0	0.010026	0.0320824	0.120662
82	0.0100778	0.0316454	0.123494	0	0.010026	0.0313101	0.119286
83	0.0100778	0.0315433	0.123494	0	0.010026	0.0310143	0.119286
84	0.0101134	0.0311619	0.123494	0	0.010139	0.030276	0.11266
85	0.0100778	0.0314775	0.123494	0	0.010139	0.0302568	0.11266
86	0.0101212	0.0316561	0.125993	0	0.010139	0.0307132	0.11266
87	0.0100778	0.0321884	0.128627	0	0.010139	0.0302485	0.111742
88	0.0100778	0.0325021	0.133571	0	0.010139	0.0302434	0.111742
89	0.0100778	0.0338414	0.139081	0	0.010139	0.0310504	0.111742
90	0.0100778	0.033672	0.139081	0	0.010139	0.0317822	0.119286
91	0.0100778	0.0339951	0.144555	0	0.010139	0.0331518	0.129616
92	0.0100778	0.0350496	0.144555	0	0.0102431	0.0321726	0.128213
93	0.0100778	0.0353201	0.146325	0	0.010139	0.0321051	0.127435
94	0.0100778	0.0361382	0.156572	0	0.0102431	0.0325671	0.127435
95	0.0100778	0.0383555	0.17199	0.00449775	0.0102431	0.0326149	0.127005
96	0.0100778	0.0359567	0.144555	0	0.0102431	0.0326492	0.127435
97	0.0100778	0.0355415	0.137143	0	0.0101684	0.0323629	0.124665
98	0.0100778	0.0348263	0.137143	0	0.0104403	0.0330358	0.127435
99	0.0100778	0.0348877	0.138945	0	0.0104403	0.0334979	0.128213
100	0.0101849	0.0353789	0.144555	0	0.0104403	0.0333637	0.128213
101	0.0100778	0.0355698	0.144555	0.00149925	0.0104403	0.0328058	0.120662
102	0.0100778	0.0362653	0.154661	0.00149925	0.0101684	0.0329568	0.120662
103	0.0101134	0.0383702	0.17199	0.00149925	0.0104403	0.0329897	0.127005
104	0.0100778	0.0391545	0.17199	0.00149925	0.0104403	0.0332357	0.127435
105	0.0100778	0.0401179	0.189736	0.0029985	0.0104403	0.0334082	0.128213
106	0.0100778	0.0423818	0.255904	0.011994	0.0101684	0.0333138	0.120662
107	0.0100778	0.0437901	0.276682	0.0164918	0.0104403	0.0338525	0.127005
108	0.0100778	0.0458676	0.276682	0.0164918	0.0104403	0.033641	0.120662
109	0.0102993	0.0504452	0.337713	0.0164918	0.0104403	0.0333716	0.120662
110	0.0107592	0.0546518	0.40006	0.0164918	0.0104403	0.0336263	0.127435
111	0.0100778	0.0610061	0.706073	0.023988	0.0104403	0.0338506	0.128213
112	0.0102993	0.0769607	0.921733	0.0389805	0.0104403	0.0338547	0.128636
113	0.0126408	0.100797	1.2544	0.05997	0.0101453	0.0340379	0.128636
114	0.0112362	0.146889	1.34527	0.115442	0.010805	0.0348344	0.136774
115	0.0135639	0.209231	2.14153	0.176912	0.0109436	0.0351392	0.136051
116	0.0373678	0.449884	5.81254	0.332834	0.0111194	0.0373711	0.141351
117	0.0308893	0.400701	5.81254	0.310345	0.0106583	0.0372711	0.136051
118	0.0104235	0.156715	2.13079	0.157421	0.010462	0.0379329	0.136774
119	0.0100557	0.0865912	1.04986	0.0569715	0.010805	0.0391548	0.141351
120	0.0100557	0.0659293	0.684986	0.023988	0.0101453	0.0414186	0.14594
121	0.0100557	0.0569669	0.546601	0.0134933	0.0106583	0.0419634	0.164668
122	0.0100557	0.0516764	0.405176	0	0.010462	0.0426262	0.164668
123	0.0101683	0.0489808	0.338049	0	0.011379	0.0443856	0.19046
124	0.0103536	0.0477944	0.338049	0	0.010805	0.0469873	0.19046
125	0.0101683	0.0444662	0.291148	0	0.010462	0.050507	0.19046
126	0.0101683	0.0420625	0.246791	0	0.0108106	0.0512485	0.199282
127	0.0103536	0.039822	0.23977	0	0.0113454	0.051452	0.199282
128	0.0103536	0.0385171	0.228054	0	0.0116129	0.0530563	0.209801
129	0.0101683	0.0359224	0.176007	0	0.0101453	0.0570705	0.220871
130	0.0106084	0.0353552	0.175538	0	0.0121466	0.0598627	0.292447
131	0.0106084	0.0355821	0.175538	0	0.0121466	0.0636867	0.369297
132	0.0106084	0.0350792	0.175538	0	0.0104595	0.0754182	0.653572
133	0.0106084	0.0345244	0.171512	0	0.0104595	0.0772936	0.653572
134	0.0101683	0.0329293	0.159351	0	0.0106583	0.0710509	0.369297
135	0.0100388	0.0326703	0.159351	0.00149925	0.0121466	0.0679365	0.371845
136	0.0100213	0.0340206	0.178233	0.0149925	0.0126891	0.0681382	0.370526
137	0.0100213	0.0344517	0.21261	0.0164918	0.0126948	0.0701517	0.365101
138	0.0100213	0.0326238	0.167243	0.0089955	0.0126948	0.0695057	0.369297
139	0.0100213	0.0315721	0.137704	0	0.0126948	0.0701071	0.370526
140	0.0100213	0.0320052	0.143947	0	0.0126948	0.0704965	0.369297
141	0.0100213	0.0315597	0.125787	0.00149925	0.0126948	0.070342	0.374677
142	0.0100213	0.0305924	0.129033	0	0.0106558	0.0735952	0.371845
143	0.0100213	0.0300607	0.126378	0	0.0111119	0.07633	0.374677
144	0.0100388	0.0303832	0.129033	0	0.0109436	0.0770826	0.374677
145	0.0100388	0.0305801	0.129033	0	0.0105325	0.0781788	0.404392
146	0.0100388	0.0308105	0.129166	0	0.0105325	0.0774899	0.438782
147	0.0100213	0.0309281	0.129166	0	0.0105325	0.0786521	0.467464
148	0.0100213	0.0301125	0.125787	0	0.0106583	0.0874615	0.89433
149	0.0100213	0.0297239	0.123546	0	0.0108248	0.0790664	0.404392
150	0.0100213	0.0296565	0.123546	0	0.0116562	0.0769467	0.404392
151	0.0100213	0.0304818	0.137704	0.00149925	0.0123736	0.0762951	0.404392
152	0.0100213	0.0321177	0.167243	0.0089955	0.0106583	0.0750005	0.344172
153	0.0100213	0.031631	0.162524	0.00749625	0.0108248	0.0740565	0.344172
154	0.0100213	0.0305379	0.152322	0.00449775	0.0142547	0.0729294	0.404392
155	0.0100213	0.029964	0.139632	0	0.0123736	0.070344	0.32936
156	0.0100213	0.029611	0.126378	0	0.0123736	0.0718234	0.32936
157	0.0100213	0.0297264	0.137704	0	0.0126948	0.071907	0.344172
158	0.0100213	0.0292953	0.126378	0	0.0142163	0.071664	0.382217
159	0.0100213	0.0289672	0.126378	0	0.0109436	0.0717628	0.303702
160	0.0100213	0.0288605	0.126378	0	0.0109436	0.0728077	0.312124
161	0.0100213	0.0283024	0.118077	0	0.0109762	0.072622	0.32936
162	0.0100213	0.0283199	0.118077	0	0.014445	0.0764154	0.414307
163	0.0100213	0.0286842	0.123546	0.00149925	0.014445	0.0767421	0.414307
164	0.0100213	0.0287173	0.121017	0.00149925	0.0146961	0.0776184	0.421474
165	0.0100213	0.0284757	0.118077	0	0.014445	0.0776634	0.4159
166	0.0101291	0.0280776	0.114751	0	0.014445	0.0769589	0.4159
167	0.0101291	0.0282206	0.114751	0.0029985	0.0146961	0.0785648	0.421474
168	0.0102469	0.0286511	0.123726	0.0029985	0.0107169	0.0803997	0.344172
169	0.0100213	0.0282482	0.118077	0.0029985	0.0142163	0.081678	0.421474
170	0.0100213	0.0279158	0.106979	0.00149925	0.0123736	0.0809999	0.414307
171	0.0100213	0.0278593	0.112765	0	0.0110197	0.0845631	0.414307
172	0.0100213	0.0277882	0.112765	0	0.0102632	0.0864251	0.414307
173	0.0100213	0.0277196	0.112765	0	0.0107169	0.0847895	0.506118
174	0.0100213	0.0274173	0.112765	0	0.0102632	0.0858243	0.487056
175	0.0100213	0.0267084	0.101217	0	0.0102632	0.0834006	0.499382
176	0.0100213	0.026456	0.101217	0	0.0102665	0.0811973	0.419429
177	0.0100213	0.0258935	0.0923234	0	0.0108248	0.0783127	0.421474
178	0.0100213	0.0258604	0.0900936	0	0.0109762	0.0768861	0.421474
179	0.0100213	0.0257883	0.0923234	0	0.0110197	0.0741577	0.42094
180	0.0100213	0.0259078	0.095263	0	0.0102665	0.0711802	0.389964
181	0.0100213	0.0259622	0.0997758	0	0.0102665	0.0685513	0.382217
182	0.0100213	0.0259993	0.0997758	0	0.0102898	0.0663717	0.354449
183	0.0100213	0.0261882	0.101217	0	0.0102898	0.0664528	0.354449
184	0.0100213	0.0263973	0.114299	0	0.0102665	0.066777	0.354449
185	0.0100213	0.0257444	0.0997758	0	0.0102665	0.0639716	0.354449
186	0.0100422	0.0260569	0.112765	0	0.0102665	0.0598916	0.354449
187	0.0100213	0.0258784	0.101217	0	0.0103886	0.0562575	0.354449
188	0.0100213	0.0259357	0.101217	0	0.0101045	0.0550125	0.333076
189	0.0100213	0.0261598	0.101217	0	0.0101045	0.0534526	0.293708
190	0.0100422	0.0262216	0.112765	0	0.010255	0.0525805	0.284318
191	0.0100422	0.0263773	0.112765	0	0.0101045	0.0523368	0.284318
192	0.0100213	0.0263578	0.0974284	0	0.0101045	0.0515315	0.284318
193	0.0100213	0.0255798	0.0906812	0	0.0101045	0.050361	0.293708
194	0.0101291	0.0251325	0.0906812	0	0.0101045	0.0490942	0.284318
195	0.0101291	0.0251116	0.0906067	0	0.0102898	0.0481985	0.284318
196	0.0101291	0.0252629	0.0906812	0	0.0101045	0.0484329	0.310207
197	0.0100213	0.0249432	0.0860342	0	0.0102898	0.046055	0.267636
198	0.0101291	0.0251083	0.0907413	0	0.0102898	0.0450836	0.241698
199	0.0101154	0.0249786	0.0906812	0	0.01037	0.0439923	0.241543
200	0.0100213	0.0249866	0.0906812	0	0.0100865	0.0433926	0.220229
201	0.0100213	0.0248292	0.0900936	0	0.0100865	0.0428691	0.19839
202	0.0100213	0.0248687	0.0860342	0	0.0100865	0.0434372	0.199432
203	0.0100213	0.0246913	0.0900936	0	0.01037	0.0430319	0.19839
204	0.0100213	0.02505	0.0954707	0.00149925	0.0100865	0.0431645	0.18873
205	0.0100213	0.0257253	0.112765	0.0029985	0.0100865	0.0431563	0.190307
206	0.0100213	0.0254241	0.105254	0	0.0100865	0.0418722	0.182738
207	0.0100213	0.0250333	0.101241	0	0.0100865	0.0411765	0.188278
208	0.0100213	0.0246427	0.0954707	0	0.0100865	0.0407901	0.181141
209	0.0100213	0.0249507	0.0974284	0	0.0100865	0.039466	0.163284
210	0.0100213	0.0253225	0.105254	0	0.0100865	0.0389573	0.150138
211	0.0100213	0.025332	0.101241	0	0.0100865	0.0381482	0.147358
212	0.0100213	0.0258723	0.121679	0	0.0100865	0.0371123	0.143369
213	0.0100213	0.0260898	0.123726	0.00149925	0.0100865	0.0373654	0.156246
214	0.0100213	0.0258027	0.123726	0.00149925	0.0100865	0.0368233	0.15375
215	0.0100213	0.0256649	0.123726	0.00149925	0.0100865	0.0376281	0.181141
216	0.0100213	0.0259407	0.123726	0.00149925	0.0100865	0.0380189	0.18873
217	0.0100422	0.025198	0.103916	0	0.0100865	0.0378119	0.190307
218	0.0100422	0.0256659	0.103916	0	0.0106958	0.0371887	0.199432
219	0.0100213	0.0262365	0.115096	0	0.0100865	0.037168	0.181351
220	0.0100213	0.0273665	0.132709	0	0.0105342	0.0374084	0.190307
221	0.0100213	0.0272826	0.132709	0	0.0102898	0.0373186	0.181351
222	0.0100213	0.0273262	0.132709	0	0.0104211	0.0367989	0.181351
223	0.0100213	0.0271524	0.132709	0	0.0105342	0.0355217	0.151409
224	0.0100213	0.0283771	0.143883	0.00149925	0.0107665	0.0352422	0.151409
225	0.0100213	0.0276375	0.132709	0	0.0107665	0.0351897	0.151409
226	0.0100213	0.0271764	0.125238	0	0.0107665	0.0348945	0.151409
227	0.0100213	0.0272463	0.127928	0	0.0102898	0.0338971	0.137408
228	0.0100213	0.0274889	0.127928	0	0.0102898	0.0333412	0.136206
229	0.0100213	0.0275638	0.127928	0	0.0106958	0.0326239	0.131576
230	0.0102279	0.0291493	0.145767	0	0.0107169	0.0310446	0.117402
231	0.0100213	0.0290872	0.140876	0	0.0102898	0.0302038	0.110213
232	0.0100213	0.029107	0.140876	0	0.0106958	0.0295336	0.104845
233	0.0100213	0.0287035	0.132709	0	0.0106958	0.029378	0.104845
234	0.0103	0.0283746	0.125238	0	0.0106958	0.0290075	0.101469
235	0.0103	0.0283635	0.125117	0	0.0106958	0.0291347	0.104845
236	0.0100422	0.027967	0.111353	0	0.0103679	0.0290722	0.101469
237	0.0100422	0.0278679	0.111353	0	0.0106958	0.0288551	0.102388
238	0.0100213	0.0277901	0.105234	0	0.0103679	0.0285895	0.101469
239	0.0100213	0.0282665	0.114173	0	0.0103679	0.0284986	0.101469
240	0.0100213	0.0284134	0.115096	0	0.0103679	0.0282527	0.108786
241	0.0100213	0.0290807	0.127309	0	0.0103679	0.0280542	0.108786
242	0.0100213	0.0299191	0.132709	0	0.0103679	0.027993	0.108786
243	0.0100213	0.0304841	0.138053	0	0.0103679	0.0278593	0.108786
244	0.0100213	0.0300938	0.136279	0	0.0102898	0.0274979	0.101469
245	0.0100213	0.0301818	0.138053	0	0.0102898	0.0275555	0.101469
246	0.0100213	0.0304662	0.143697	0	0.0102898	0.0275737	0.101469
247	0.0100213	0.0305822	0.15079	0	0.0103679	0.027467	0.108786
248	0.0100213	0.0312138	0.155684	0	0.0103679	0.0274431	0.109407
249	0.0100213	0.0316066	0.155723	0	0.0103679	0.0274259	0.109407
250	0.0103002	0.0317998	0.160687	0	0.0103679	0.0274106	0.109407
251	0.0100213	0.0316132	0.155723	0	0.0103679	0.027565	0.109407
252	0.0100213	0.0315639	0.155723	0	0.0102898	0.0277272	0.109407
253	0.0100213	0.0314236	0.155684	0	0.0105404	0.0283785	0.117402
254	0.0100213	0.032187	0.158016	0	0.0102898	0.028989	0.125316
255	0.0100213	0.0324908	0.166444	0	0.0103679	0.0290982	0.125316
256	0.0100213	0.0326582	0.166444	0	0.0102898	0.0294076	0.125316
257	0.0100213	0.0334282	0.180461	0	0.0107169	0.0300207	0.132522
258	0.0103002	0.0343429	0.183981	0	0.0102898	0.0308334	0.134171
259	0.0103002	0.0353294	0.183981	0	0.0100344	0.0339699	0.211676
260	0.0107047	0.0366974	0.193211	0	0.0107852	0.0352686	0.250968
261	0.0103002	0.0390118	0.208763	0.00149925	0.0100344	0.0365191	0.231604
262	0.0107143	0.0420107	0.287849	0.00149925	0.0102898	0.0420486	0.359808
263	0.0103002	0.0443006	0.303427	0.0029985	0.0100344	0.0449029	0.86919
264	0.0107047	0.0471541	0.344145	0.00149925	0.0100344	0.0500058	1.90952
265	0.0103002	0.0486412	0.360946	0.0029985	0.0100344	0.0406587	0.320539
266	0.010762	0.0523917	0.399251	0.0029985	0.0100344	0.0369198	0.266036
267	0.0103002	0.0570043	0.397916	0.00149925	0.0102028	0.0342644	0.24974
268	0.0107047	0.0611983	0.445464	0	0.0102028	0.0335347	0.24974
269	0.0103002	0.0682312	0.445464	0	0.0100344	0.0329193	0.216451
270	0.0112214	0.0727764	0.490324	0	0.0100344	0.0325925	0.211676
271	0.0125745	0.0775971	0.547447	0	0.0100344	0.0324919	0.203144
272	0.0112757	0.0839232	0.532929	0.00449775	0.0100344	0.0321829	0.180836
273	0.0125322	0.0910547	0.585299	0.00449775	0.0100344	0.03148	0.170321
274	0.0125322	0.0996921	0.585299	0.00449775	0.0100344	0.0312462	0.160128
275	0.0117938	0.116127	0.605452	0.005997	0.0100344	0.031198	0.160807
276	0.0134777	0.133305	0.718831	0.00749625	0.0100344	0.0313448	0.15975
277	0.0136251	0.178168	0.720987	0.0194903	0.0100344	0.0309547	0.15975
278	0.0473053	0.240745	1.2838	0.041979	0.0100173	0.0305706	0.160807
279	0.0484802	0.248913	1.33496	0.0494753	0.0100344	0.0302991	0.157581
280	0.0529337	0.264062	1.33496	0.0614693	0.0100173	0.0296089	0.134585
281	0.0450484	0.24339	1.09834	0.0449775	0.0100173	0.0288475	0.128246
282	0.0484802	0.233979	1.2838	0.041979	0.0100962	0.0286273	0.128246
283	0.0484802	0.220521	1.09834	0.029985	0.0100173	0.0282679	0.122728
284	0.0452091	0.218411	1.09823	0.029985	0.0100256	0.0279047	0.117402
285	0.0452091	0.219274	1.09834	0.029985	0.0100173	0.0267333	0.114254
286	0.036014	0.219911	0.85594	0.029985	0.0100173	0.0264486	0.114254
287	0.0492843	0.222566	1.09834	0.029985	0.0100173	0.026525	0.116582
288	0.0492843	0.221569	1.09834	0.029985	0.0100173	0.0263971	0.114254
289	0.0434632	0.236614	1.13342	0.0509745	0.0100173	0.0263241	0.114254
290	0.0450484	0.237462	1.13342	0.0494753	0.0100173	0.026126	0.110777
291	0.0162263	0.169328	0.931911	0.035982	0.0100173	0.0260234	0.115923
292	0.015625	0.146825	0.931911	0.0314843	0.0100173	0.0258896	0.115923
293	0.010931	0.119298	0.564766	0.0149925	0.0100173	0.0259606	0.121589
294	0.0109791	0.103272	0.533004	0.005997	0.0100173	0.0258119	0.121589
295	0.0120291	0.095459	0.564766	0.00449775	0.0100173	0.025988	0.123738
296	0.0109791	0.0939881	0.521295	0.0029985	0.0100173	0.0260864	0.126658
297	0.0120291	0.0915737	0.548328	0.0029985	0.0100173	0.0257931	0.122728
298	0.010931	0.0903576	0.498105	0.00149925	0.0100173	0.0254736	0.121589
299	0.0109791	0.0898574	0.490307	0	0.0100173	0.0253126	0.114531
300	0.0101968	0.088453	0.421705	0	0.0100173	0.0253322	0.109936
301	0.0101968	0.0844173	0.389198	0	0.0100256	0.0250058	0.101469
302	0.010931	0.0855932	0.407331	0	0.0100256	0.0248568	0.100567
303	0.010931	0.0835728	0.398559	0	0.0100256	0.0246812	0.0978945
304	0.0105639	0.0813776	0.398559	0	0.0100256	0.0247223	0.0978945
305	0.0109791	0.0801273	0.398559	0.00149925	0.0100256	0.024779	0.0958588
306	0.0109791	0.0808859	0.398559	0.00149925	0.0100256	0.0242816	0.0801306
307	0.0105639	0.0803234	0.398559	0.00149925	0.0100256	0.0237477	0.0704825
308	0.0105639	0.0801821	0.398559	0.0029985	0.0100256	0.0236105	0.0704825
309	0.0100142	0.0734829	0.333923	0.0029985	0.0100256	0.023588	0.0759431
310	0.0101968	0.0654866	0.32311	0.0029985	0.0100256	0.0237901	0.0800465
311	0.0109791	0.0606566	0.333923	0.0029985	0.0100256	0.0239356	0.0800465
312	0.0107261	0.058344	0.32311	0.0029985	0.0100256	0.0238612	0.0764437
313	0.0101968	0.0556033	0.278677	0.00749625	0.0100256	0.0237748	0.0704825
314	0.0105044	0.0540557	0.273826	0	0.0100256	0.0237383	0.0759431
315	0.0104677	0.0534992	0.269001	0	0.0100256	0.0242179	0.0764437
316	0.010931	0.0527945	0.273826	0	0.0100256	0.0244588	0.0801306
317	0.0109791	0.0507725	0.273826	0	0.0100256	0.0245656	0.0811666
318	0.0109791	0.0494715	0.273826	0	0.0100256	0.0246761	0.0853443
319	0.011139	0.0482093	0.273826	0	0.0100256	0.0247888	0.0865479
320	0.0111714	0.0482379	0.277484	0.00149925	0.0100962	0.0248653	0.0893908
321	0.0104677	0.046352	0.262879	0.00449775	0.0100962	0.0249018	0.0893908
322	0.0105639	0.0435987	0.262879	0.00449775	0.0100256	0.0251567	0.0893908
323	0.0100118	0.0391305	0.216154	0.00449775	0.0100256	0.0254845	0.0908019
324	0.0100118	0.03796	0.211199	0.00449775	0.010418	0.0256262	0.0958588
325	0.0104677	0.0370643	0.219264	0.00449775	0.0102017	0.0258706	0.0958588
326	0.0100118	0.0345999	0.177135	0	0.0103049	0.0255402	0.0958588
327	0.0100118	0.0335424	0.15825	0	0.0102017	0.0256192	0.0893908
328	0.0100118	0.0343315	0.190263	0	0.0104514	0.0258701	0.0958588
329	0.0100118	0.0341881	0.191235	0.0029985	0.0104221	0.0262205	0.0958588
330	0.0100118	0.0330824	0.191235	0.0029985	0.010418	0.026249	0.0958588
331	0.0100118	0.032656	0.19027	0.0029985	0.0104221	0.0264797	0.0979769
332	0.0100118	0.0324836	0.19027	0.0029985	0.0100712	0.0266284	0.0979769
333	0.0100118	0.0320335	0.19027	0.0029985	0.010418	0.0267796	0.0985135
334	0.0100118	0.0316324	0.190263	0.0029985	0.0103049	0.0273445	0.100875
335	0.0100118	0.0304106	0.166	0.0029985	0.010418	0.0274385	0.103473
336	0.0100118	0.0297489	0.155813	0.0029985	0.0103049	0.02729	0.0985135
337	0.0100118	0.0294564	0.151652	0.0029985	0.010418	0.0274491	0.100875
338	0.0100118	0.0291987	0.155813	0.0029985	0.0103049	0.0281149	0.103474
339	0.0100118	0.028873	0.149718	0	0.0104221	0.0286606	0.106241
340	0.0100118	0.0285998	0.14092	0	0.0104514	0.0287573	0.106241
341	0.0100118	0.0285136	0.123249	0	0.010418	0.0289142	0.106241
342	0.0100118	0.0294051	0.138586	0	0.010418	0.0294586	0.109235
343	0.0100118	0.0292118	0.123807	0	0.0100045	0.0299978	0.110255
344	0.0100118	0.0288126	0.121132	0	0.010418	0.0306852	0.117482
345	0.0100118	0.028478	0.120062	0	0.0104294	0.0305124	0.117482
346	0.0100118	0.0293042	0.123249	0.005997	0.0104294	0.0307148	0.117482
347	0.0100118	0.0285314	0.120062	0	0.0104294	0.030764	0.117482
348	0.0100118	0.0272417	0.114349	0	0.0100818	0.0314299	0.117482
349	0.0100118	0.0272382	0.114599	0	0.0100818	0.0315919	0.117482
350	0.0100118	0.0271141	0.114599	0	0.0103049	0.0324148	0.123802
351	0.0100118	0.0273342	0.115151	0	0.0100818	0.0332487	0.123802
352	0.0100118	0.0277144	0.115151	0	0.0103049	0.033339	0.129165
353	0.0100118	0.0283788	0.124777	0.00149925	0.0103049	0.0333651	0.129165
354	0.0100118	0.0281466	0.124777	0.0029985	0.0100818	0.0337139	0.123604
355	0.0100118	0.0280777	0.115151	0.0029985	0.0102186	0.0340506	0.135118
356	0.0100118	0.0282029	0.120062	0.00149925	0.0102186	0.0345764	0.135118
357	0.0100118	0.0282938	0.120062	0.00149925	0.0100818	0.0355945	0.141071
358	0.0100118	0.0281103	0.119747	0.00149925	0.0100818	0.0364847	0.162793
359	0.0100118	0.0283646	0.124777	0.0029985	0.0100818	0.0371966	0.162793
360	0.0100118	0.028124	0.119747	0.00149925	0.0102186	0.0378071	0.166476
361	0.0100118	0.0281821	0.119747	0.00149925	0.0100818	0.0391375	0.186182
362	0.0100118	0.0279909	0.119747	0.00149925	0.0100818	0.0394055	0.186182
363	0.0100118	0.0277324	0.114614	0.00149925	0.0105131	0.0402097	0.194002
364	0.0100118	0.0272658	0.114349	0	0.0104648	0.040777	0.194002
365	0.0100118	0.0276009	0.119747	0	0.0100818	0.0414248	0.185191
366	0.0100118	0.0286504	0.135144	0.00149925	0.0102186	0.0422218	0.194002
367	0.0100118	0.0286215	0.132368	0.005997	0.0104648	0.0439027	0.222837
368	0.0100118	0.0287395	0.134375	0.0029985	0.0104648	0.044104	0.203703
369	0.0100118	0.0283159	0.124777	0	0.0100818	0.0445312	0.203703
370	0.0100972	0.0283312	0.115151	0	0.0102831	0.0456194	0.255843
371	0.0104866	0.029126	0.135144	0.00149925	0.010281	0.0455062	0.217936
372	0.0100142	0.0292686	0.135144	0.00149925	0.0100818	0.0461565	0.203703
373	0.0104866	0.0296262	0.144946	0.00149925	0.010281	0.0462296	0.200697
374	0.0100972	0.0289834	0.135144	0.00149925	0.0105131	0.0501831	0.28997
375	0.0104866	0.0286402	0.135719	0	0.010281	0.0513895	0.31043
376	0.0104866	0.0278759	0.115151	0	0.0100818	0.0512875	0.31043
377	0.0104866	0.0273675	0.114349	0	0.0105131	0.0506556	0.28997
378	0.0104866	0.0272629	0.114349	0	0.0105131	0.0507262	0.28997
379	0.0104866	0.0267685	0.112012	0	0.0105131	0.0515798	0.28997
380	0.0104866	0.026617	0.112012	0	0.0100818	0.0516844	0.232962
381	0.0100142	0.028214	0.124777	0.005997	0.0100818	0.0527548	0.203703
382	0.0100142	0.0265165	0.104945	0.00149925	0.010281	0.0557326	0.272284
383	0.0102667	0.0264764	0.110358	0.00149925	0.010281	0.057679	0.272284
384	0.0102667	0.0265994	0.114614	0.00149925	0.0100818	0.0571919	0.258666
385	0.0100142	0.0269484	0.119747	0	0.0102167	0.057277	0.217936
386	0.0104866	0.0266542	0.115151	0	0.0100818	0.0589858	0.203703
387	0.0104866	0.0269383	0.115151	0	0.0100818	0.0644753	0.272284
388	0.0104866	0.0264505	0.110344	0	0.010281	0.0708922	0.329772
389	0.0104866	0.0263286	0.104945	0	0.010281	0.0707189	0.329772
390	0.0104866	0.0268376	0.10775	0	0.0106675	0.0748125	0.331768
391	0.0104866	0.0278254	0.122727	0	0.0106675	0.0746961	0.329772
392	0.0100142	0.0278318	0.122727	0	0.0106675	0.0753922	0.329772
393	0.0104866	0.0270634	0.104945	0	0.0106675	0.0772914	0.330957
394	0.0104866	0.026658	0.095692	0	0.0100818	0.0754122	0.284057
395	0.0104866	0.026873	0.095692	0	0.0101114	0.075821	0.303809
396	0.0104866	0.0273494	0.108555	0	0.0100818	0.0718748	0.273362
397	0.0104866	0.0273099	0.0988534	0	0.0100818	0.0694224	0.266821
398	0.0104866	0.0275565	0.104945	0	0.0100818	0.0701777	0.284057
399	0.0104866	0.0280021	0.104945	0	0.0100818	0.0706267	0.284057
400	0.0104866	0.0282666	0.110358	0	0.0100818	0.0752676	0.329772
401	0.0104866	0.0285574	0.112652	0	0.0100818	0.0775496	0.352216
402	0.0100142	0.0283947	0.104945	0	0.0100818	0.079991	0.352216
403	0.0104866	0.0289355	0.114614	0	0.0100818	0.0812835	0.346698
404	0.0104866	0.0285054	0.104945	0	0.0106675	0.0774686	0.331768
405	0.0104866	0.0283541	0.110358	0	0.0106675	0.077838	0.329772
406	0.0104866	0.0295687	0.118614	0.00149925	0.0109033	0.0795111	0.331768
407	0.0104866	0.0308855	0.134375	0.00449775	0.0106675	0.0794883	0.331768
408	0.0105389	0.0310736	0.134375	0.00149925	0.0109033	0.0810365	0.350094
409	0.0105389	0.0324035	0.142571	0.00149925	0.0100818	0.0824553	0.319145
410	0.0105389	0.0333755	0.153455	0.0029985	0.0109033	0.0809929	0.331768
411	0.0105389	0.0332259	0.152987	0.0029985	0.010281	0.0785456	0.306135
412	0.0105389	0.0334231	0.152987	0.0029985	0.0105411	0.0787124	0.331768
413	0.0105389	0.0339664	0.153455	0.0029985	0.0109033	0.0812522	0.369392
414	0.0105389	0.0345761	0.154783	0.0029985	0.0109033	0.0843434	0.369392
415	0.0100142	0.036059	0.170599	0.00449775	0.0105411	0.0871056	0.406373
416	0.0105389	0.0370051	0.198868	0.00449775	0.0118633	0.0876209	0.514585
417	0.0104014	0.0375219	0.20188	0.00149925	0.0109033	0.0880573	0.514585
418	0.0104014	0.0376563	0.198868	0.00149925	0.0105411	0.0913199	0.687435
419	0.0104014	0.0404716	0.212496	0.011994	0.011306	0.0931166	0.641576
420	0.0105389	0.0397295	0.212496	0.00149925	0.011534	0.0910434	0.595586
421	0.0105389	0.0416591	0.212496	0	0.0143191	0.0871652	0.627273
422	0.0105498	0.0429265	0.212496	0	0.0143191	0.0860946	0.610029
423	0.0105498	0.0446485	0.215461	0	0.0143191	0.0865644	0.627273
424	0.0100142	0.047045	0.218396	0.00449775	0.011534	0.0832834	0.595586
425	0.0104014	0.0484683	0.242644	0.00449775	0.011534	0.0848134	0.610029
426	0.0104014	0.0506919	0.258776	0.00749625	0.011534	0.0867082	0.627273
427	0.0100142	0.0525588	0.270619	0.00749625	0.011534	0.0851052	0.610029
428	0.0104014	0.0484901	0.233469	0.0029985	0.011534	0.0838087	0.610029
429	0.0105498	0.0453646	0.218396	0	0.0146964	0.0767709	0.61675
430	0.0105498	0.0435728	0.215461	0	0.010468	0.0727157	0.346698
431	0.0100142	0.0425854	0.20188	0	0.011534	0.0678471	0.317984
432	0.0104014	0.0423201	0.212496	0.005997	0.011534	0.0658413	0.302553
433	0.0104014	0.0398711	0.20188	0.00149925	0.011534	0.0661061	0.307387
434	0.0104014	0.0386619	0.18816	0	0.011534	0.0659619	0.307387
435	0.0104014	0.0388415	0.198868	0	0.011534	0.062651	0.287361
436	0.0104014	0.0378891	0.198868	0	0.011534	0.0608135	0.2852
437	0.0104014	0.0376855	0.198868	0	0.0113441	0.0576533	0.274256
438	0.0104014	0.0376707	0.198868	0	0.0116034	0.0576092	0.287361
439	0.0104014	0.0382364	0.212496	0.00149925	0.011534	0.0554649	0.287361
440	0.0104014	0.0365765	0.20188	0	0.0123165	0.0559649	0.307607
441	0.0104014	0.0361791	0.20188	0	0.0131012	0.0551371	0.318937
442	0.0104014	0.0354552	0.198868	0	0.0124028	0.0540863	0.302553
443	0.0104014	0.0332736	0.179693	0	0.011306	0.0512986	0.239499
444	0.0100552	0.0324058	0.168792	0	0.0100687	0.0477086	0.201774
445	0.0104014	0.0310956	0.162982	0	0.0100687	0.047001	0.207056
446	0.0104014	0.0313512	0.165843	0	0.0100687	0.0463124	0.201774
447	0.0104014	0.0310199	0.162982	0	0.0100687	0.0458503	0.193279
448	0.0104014	0.0309093	0.162982	0	0.0113441	0.0452403	0.190985
449	0.0104014	0.0308548	0.162982	0	0.0100687	0.0444047	0.16818
450	0.0104014	0.0307597	0.162982	0	0.0102485	0.043526	0.16818
451	0.0104014	0.0299997	0.160252	0	0.0102485	0.0439162	0.16818
452	0.0104014	0.0305057	0.162982	0	0.0102485	0.0439225	0.16818
453	0.0104014	0.0297871	0.162982	0	0.0100687	0.04335	0.157643
454	0.0104014	0.0302722	0.162982	0	0.010601	0.0428933	0.16818
455	0.0100142	0.0294977	0.141741	0	0.010601	0.0426313	0.16818
456	0.0100142	0.0293028	0.137983	0	0.010722	0.0425293	0.16818
457	0.0102064	0.0285778	0.137983	0	0.0101836	0.0427019	0.16818
458	0.0102064	0.0281008	0.137983	0	0.0101836	0.0419453	0.166627
459	0.0102064	0.0277314	0.133154	0	0.010601	0.0466255	0.190876
460	0.0102064	0.0273348	0.118614	0	0.0101836	0.0480932	0.190768
461	0.0102064	0.0270051	0.107113	0	0.010601	0.0522301	0.409513
462	0.0102063	0.0276732	0.130659	0	0.0101836	0.0542783	0.41971
463	0.0102063	0.0278106	0.130659	0	0.0106549	0.0546321	0.41971
464	0.0100142	0.0276524	0.130659	0	0.0106549	0.054885	0.409904
465	0.0102063	0.0275494	0.130659	0	0.0106549	0.0528164	0.41971
466	0.0102063	0.0277172	0.118614	0	0.0101836	0.0525202	0.325715
467	0.0102063	0.0275378	0.118614	0	0.0101836	0.0527597	0.325715
468	0.0102063	0.0276216	0.119177	0	0.0101836	0.0513081	0.325715
469	0.0102063	0.027631	0.119177	0	0.0101836	0.0468664	0.210491
470	0.0102063	0.0277478	0.119177	0	0.0101836	0.0427057	0.158921
471	0.0100142	0.0281972	0.134375	0	0.0106549	0.0406193	0.149226
472	0.0100408	0.0276748	0.134375	0	0.0106549	0.0405879	0.150396
473	0.0102063	0.0277436	0.130659	0	0.0101836	0.0419586	0.158921
474	0.0100393	0.0275425	0.130659	0	0.0106549	0.0417715	0.161931
475	0.0100393	0.027316	0.130659	0	0.0101836	0.0416655	0.150396
476	0.0100393	0.0273503	0.130223	0	0.0106549	0.041467	0.150396
477	0.0100393	0.0267824	0.117288	0	0.0101836	0.0411424	0.147162
478	0.0100393	0.0266457	0.107649	0	0.0101836	0.0413388	0.158921
479	0.0100393	0.0279799	0.117288	0.00749625	0.0101836	0.0397239	0.147162
480	0.0100393	0.0271368	0.113774	0	0.0106549	0.0385303	0.150396
481	0.0100393	0.0271924	0.107649	0	0.0101836	0.038844	0.149226
482	0.0100159	0.0271218	0.107649	0	0.010039	0.0386859	0.150396
483	0.0100393	0.0268586	0.107649	0	0.010039	0.0383285	0.153627
484	0.0100393	0.0267574	0.107649	0	0.010039	0.0382404	0.158921
485	0.0100393	0.0264426	0.107649	0	0.010039	0.0382965	0.158921
486	0.0100393	0.0262593	0.113774	0	0.010039	0.0388688	0.158921
487	0.0100393	0.0259177	0.104621	0	0.010039	0.0391267	0.155283
488	0.0100393	0.0258563	0.104621	0	0.010039	0.0393569	0.158921
489	0.0100159	0.0252072	0.0985853	0	0.010039	0.0395863	0.158921
490	0.0100159	0.025447	0.0996679	0	0.010039	0.0409492	0.16662
491	0.0100159	0.0255496	0.100247	0	0.010039	0.0402076	0.158921
492	0.0100159	0.0266795	0.113774	0	0.010039	0.0404786	0.16662
493	0.0100393	0.0274403	0.118615	0	0.010039	0.0391855	0.135942
494	0.0100159	0.027695	0.116445	0	0.010039	0.0389997	0.155283
495	0.0100159	0.0279076	0.118615	0	0.010039	0.038239	0.135942
496	0.0100393	0.0279847	0.116445	0	0.010039	0.0372623	0.127727
497	0.0100393	0.0281449	0.116445	0	0.010039	0.0372911	0.127727
498	0.0100159	0.0272049	0.10182	0	0.010039	0.0370033	0.123314
499	0.0100393	0.0270364	0.10182	0	0.010039	0.037538	0.135942
500	0.0100159	0.0266568	0.10182	0	0.010039	0.0371761	0.136219
501	0.0100393	0.0267411	0.104621	0	0.010039	0.0370054	0.127727
502	0.0100393	0.0266987	0.10182	0.0029985	0.010039	0.0379296	0.127727
503	0.0100393	0.0266221	0.10182	0	0.010039	0.0380029	0.127727
504	0.0100159	0.0260678	0.0844656	0	0.010039	0.0387737	0.144643
505	0.0100408	0.0261483	0.0866408	0	0.010039	0.0397291	0.166183
506	0.0100408	0.0261263	0.0959119	0	0.010039	0.0397825	0.166183
507	0.0100159	0.0253993	0.0844656	0	0.010039	0.0407347	0.17409
508	0.0100159	0.0253674	0.0844656	0	0.010039	0.042956	0.210491
509	0.0100159	0.0253275	0.0886157	0	0.010039	0.0440829	0.263728
510	0.0100408	0.0256043	0.0959119	0	0.0104081	0.0514108	0.369638
511	0.0100159	0.0255574	0.0886157	0	0.0104081	0.0578919	0.441449
512	0.0100408	0.0263043	0.0959119	0	0.0107516	0.0512676	0.309676
513	0.0100471	0.0265092	0.0959119	0	0.0113495	0.0474985	0.288539
514	0.0100471	0.0265074	0.0959119	0	0.0104724	0.0448379	0.227673
515	0.0100408	0.0262112	0.0920902	0	0.0107516	0.0435968	0.199688
516	0.0100408	0.026214	0.0886157	0	0.0104724	0.0430406	0.186619
517	0.0100408	0.026	0.0875119	0	0.0107516	0.0416789	0.186211
518	0.0100794	0.0261388	0.0984029	0	0.0107516	0.0414127	0.186211
519	0.0100471	0.0263278	0.0981983	0	0.0107516	0.0407061	0.180328
520	0.0100408	0.0264972	0.0981983	0	0.0107516	0.0400033	0.178874
521	0.0100471	0.0261986	0.0959119	0	0.0102684	0.0383805	0.161499
522	0.0100408	0.0264149	0.0959119	0	0.0102684	0.0377344	0.161499
523	0.0100471	0.0264567	0.0981983	0	0.0102684	0.0372902	0.161499
524	0.0100408	0.0255788	0.0855011	0	0.0102684	0.0374455	0.161499
525	0.0100408	0.0254554	0.0855011	0	0.0100994	0.0373378	0.154567
526	0.0100408	0.025208	0.0855011	0	0.0102684	0.0366498	0.1467
527	0.0100471	0.0251525	0.0855011	0	0.0100994	0.0371639	0.154567
528	0.0100471	0.0251794	0.0855011	0	0.010227	0.036701	0.1467
529	0.0100471	0.0254537	0.0875497	0	0.0104724	0.0371164	0.161499
530	0.0100471	0.0253765	0.0875497	0	0.0104724	0.0370323	0.161499
531	0.0100471	0.0253811	0.0875497	0	0.0104724	0.037013	0.161499
532	0.0100408	0.0256192	0.0855011	0	0.0104724	0.0378319	0.169466
533	0.0100408	0.025453	0.0814692	0	0.0104724	0.0383286	0.169466
534	0.0100408	0.0251585	0.078783	0	0.0104724	0.0380199	0.169466
535	0.0100408	0.0254126	0.078783	0	0.010227	0.0384712	0.178874
536	0.0100408	0.0248928	0.0796423	0	0.0104724	0.0384561	0.172949
537	0.0100471	0.0238795	0.0745611	0	0.010227	0.0391063	0.178874
538	0.0100408	0.0240226	0.0739425	0	0.0104724	0.0398559	0.19923
539	0.0100471	0.024177	0.0745611	0	0.0104371	0.0404344	0.228952
540	0.0100408	0.0245639	0.0749774	0	0.0104371	0.0402221	0.228952
541	0.0100408	0.0247149	0.0756185	0	0.0104371	0.0405307	0.253395
542	0.0102976	0.0239728	0.0749774	0	0.0104371	0.0401908	0.264508
543	0.0100408	0.0237836	0.0725169	0	0.0104724	0.0391398	0.264508
544	0.0100471	0.0237676	0.0725169	0	0.010227	0.0410845	0.281071
545	0.0100408	0.0237543	0.0719703	0	0.010227	0.0413446	0.264508
546	0.0100408	0.0252478	0.073432	0.0134933	0.0104371	0.0413575	0.264508
547	0.0100471	0.0244409	0.0732619	0.00149925	0.0104724	0.0409179	0.264508
548	0.0100471	0.0243015	0.0732619	0	0.0104371	0.0402706	0.252674
549	0.0100408	0.0242702	0.0739425	0	0.010227	0.0398226	0.242536
550	0.0100408	0.0242809	0.0739425	0	0.0104371	0.0398114	0.252674
551	0.0100408	0.0247616	0.0791829	0	0.010227	0.0386933	0.227781
552	0.0100471	0.0255839	0.0898632	0	0.0102004	0.0380315	0.242536
553	0.0100408	0.0258453	0.0898632	0	0.0102004	0.0373038	0.227781
554	0.0100471	0.0260613	0.091212	0	0.0102004	0.0366448	0.208981
555	0.0100471	0.0261044	0.091212	0	0.0102004	0.0363394	0.208389
556	0.0100408	0.0259636	0.0859146	0	0.0102004	0.0349043	0.208389
557	0.0100408	0.0260593	0.083646	0	0.0102004	0.0353396	0.227781
558	0.0100408	0.0262206	0.0859146	0	0.0100278	0.0358117	0.227781
559	0.0100471	0.026191	0.0959119	0	0.0102004	0.0386589	0.293819
560	0.0100408	0.0265909	0.0989189	0	0.0104371	0.0375029	0.293819
561	0.0100471	0.0259662	0.0989189	0	0.0106138	0.0360238	0.293819
562	0.0100471	0.0263041	0.101872	0	0.0102004	0.0345445	0.272539
563	0.0100794	0.02648	0.113712	0	0.0102004	0.0340136	0.229352
564	0.0100794	0.0263196	0.113712	0	0.0103594	0.0338408	0.27444
565	0.0100408	0.0262646	0.105102	0	0.010227	0.0328874	0.186211
566	0.0100235	0.0262738	0.105102	0	0.0103594	0.0316854	0.148679
567	0.0100235	0.0263101	0.105102	0	0.0103594	0.031771	0.148679
568	0.0100235	0.0261311	0.101872	0	0.0104371	0.0317513	0.148679
569	0.0100235	0.0259335	0.0989189	0	0.0104371	0.0318506	0.148679
570	0.0100408	0.0256291	0.096053	0	0.0103594	0.0317668	0.144607
571	0.0100235	0.0255475	0.0872534	0	0.010227	0.0321725	0.144607
572	0.0100235	0.0253482	0.0858404	0	0.0100278	0.0329208	0.153423
573	0.0100408	0.0253955	0.0959119	0	0.0100278	0.032879	0.147782
574	0.0100408	0.0254559	0.0959119	0	0.0100278	0.0327515	0.147782
575	0.0100235	0.0259478	0.0830208	0	0.0100278	0.0322971	0.147782
576	0.0100235	0.0277373	0.0989189	0.0134933	0.0100278	0.031945	0.153423
577	0.0100235	0.0266358	0.0853667	0	0.0100278	0.0315281	0.179083
578	0.0100235	0.0267832	0.0853667	0	0.0100278	0.0320056	0.199126
579	0.0100408	0.02771	0.096053	0	0.0101581	0.0311743	0.193551
580	0.0100235	0.0273554	0.0915069	0	0.0101581	0.0316156	0.198152
581	0.0100235	0.0270374	0.0915069	0	0.0101581	0.0320795	0.198152
582	0.0100235	0.0270036	0.0862562	0	0.0100278	0.0335197	0.208791
583	0.0100408	0.0266814	0.0853667	0	0.0101581	0.034247	0.257494
584	0.0100794	0.0264993	0.0853667	0	0.0100278	0.0343843	0.238004
585	0.0100794	0.0263471	0.0853521	0	0.0101581	0.0337923	0.257494
586	0.0100408	0.0265151	0.0853521	0	0.0101581	0.0341469	0.258731
587	0.0100235	0.0267355	0.0858404	0	0.0101581	0.0340387	0.258731
588	0.0103377	0.0267195	0.0929389	0	0.0101581	0.0342432	0.258731
589	0.0100235	0.0267622	0.0853521	0	0.0100278	0.0338831	0.202545
590	0.0104759	0.0271974	0.0929389	0	0.0100278	0.0336846	0.198152
591	0.0100235	0.0271559	0.0853521	0	0.0101581	0.0361768	0.293819
592	0.0100235	0.0273047	0.0853521	0	0.0101581	0.0370029	0.293819
593	0.0104303	0.0275566	0.0921938	0	0.0100278	0.0378813	0.293819
594	0.0102032	0.0303162	0.119144	0.005997	0.0101581	0.0389407	0.317221
595	0.0104303	0.0307429	0.122563	0.0089955	0.0101581	0.0388917	0.317221
596	0.0100408	0.0317441	0.122563	0.0134933	0.0100278	0.0390089	0.312612
597	0.0101241	0.0303438	0.113712	0	0.0100278	0.0383741	0.301996
598	0.0100235	0.0315153	0.129652	0	0.0101581	0.0385598	0.293819
599	0.0100235	0.0319824	0.139934	0.00149925	0.0101581	0.0395709	0.293819
600	0.0101241	0.0318053	0.129652	0	0.0101581	0.0397243	0.293819
601	0.0100408	0.0322334	0.129652	0	0.0100278	0.0405516	0.283205
602	0.0100408	0.0330108	0.158575	0	0.0101581	0.0411474	0.317221
603	0.0100408	0.0328611	0.149602	0.00149925	0.0101581	0.0408313	0.317221
604	0.0100408	0.0319577	0.124121	0	0.0100278	0.0389418	0.254384
605	0.0104303	0.0311387	0.126949	0	0.0100278	0.0394745	0.254384
606	0.0100408	0.0312615	0.124121	0	0.0101581	0.0410537	0.27444
607	0.0104303	0.0306987	0.126949	0	0.0100278	0.0420337	0.288832
608	0.0100487	0.0324026	0.132991	0.0029985	0.0100278	0.0438404	0.332599
609	0.0100408	0.0332116	0.149132	0.00449775	0.010756	0.0446165	0.36172
610	0.0100487	0.0338728	0.16246	0.0029985	0.010756	0.0444723	0.346559
611	0.0100408	0.0340401	0.16246	0	0.010756	0.0455256	0.383546
612	0.0100408	0.0344628	0.174679	0	0.0102156	0.044695	0.36172
613	0.0100408	0.0345233	0.16246	0	0.0102156	0.0451392	0.349054
614	0.0100408	0.0352756	0.191582	0	0.0102156	0.0453081	0.346559
615	0.0100487	0.0357511	0.193652	0	0.0104712	0.0476213	0.368184
616	0.0100487	0.0362676	0.193652	0	0.0104712	0.0470818	0.366233
617	0.0102032	0.0373787	0.204829	0.00149925	0.0102156	0.044468	0.288322
618	0.0100408	0.0399322	0.250866	0.00149925	0.0102156	0.0436474	0.25409
619	0.0100093	0.0397889	0.223258	0	0.0102156	0.0428191	0.219012
620	0.0100408	0.0399051	0.223258	0	0.0102156	0.043407	0.196583
621	0.0100408	0.0409848	0.23685	0	0.0102156	0.0435476	0.196583
622	0.0100487	0.0421315	0.24422	0	0.0102156	0.0437207	0.182583
623	0.0100487	0.0431618	0.24422	0	0.0102156	0.0438499	0.176029
624	0.0100093	0.046107	0.254467	0.0029985	0.0102156	0.0442645	0.178149
625	0.0100093	0.0480675	0.260527	0.00149925	0.0104712	0.044055	0.182583
626	0.0100093	0.0502512	0.283627	0.00449775	0.0104712	0.0439042	0.176029
627	0.0100408	0.0515058	0.305682	0	0.0102156	0.0432201	0.16247
628	0.0100093	0.0561536	0.34635	0.0029985	0.0104712	0.0436746	0.170256
629	0.0100093	0.0585505	0.355371	0.0029985	0.0104712	0.0452631	0.178149
630	0.0100408	0.0639512	0.421933	0.0029985	0.0106319	0.0457353	0.182639
631	0.0105354	0.0687176	0.528508	0.00449775	0.0111329	0.0455806	0.182639
632	0.010416	0.0864196	0.664995	0.0089955	0.0106319	0.0465228	0.182639
633	0.0125249	0.084664	0.778286	0.00449775	0.0104712	0.0473204	0.182639
634	0.01257	0.0844911	0.778286	0.0029985	0.0102156	0.0485681	0.214843
635	0.0127588	0.0848239	0.778286	0.0029985	0.0102156	0.049472	0.224634
636	0.0127588	0.0859177	0.778286	0.0029985	0.0102156	0.0496005	0.268419
637	0.0125249	0.08862	0.778286	0.0029985	0.0102156	0.0495749	0.224634
638	0.0100408	0.09195	0.664995	0.0089955	0.0102156	0.0496586	0.224634
639	0.0100487	0.0959704	0.778286	0.0194903	0.0114477	0.0506716	0.284324
640	0.0100458	0.102713	0.846712	0.0329835	0.0101845	0.0502643	0.235057
641	0.0100487	0.129651	2.10236	0.0884558	0.010011	0.0500709	0.224634
642	0.0100295	0.077592	0.778286	0.0374813	0.010011	0.0497134	0.224634
643	0.0100408	0.0646454	0.651246	0.0314843	0.010011	0.050368	0.234004
644	0.0100295	0.0563755	0.542185	0.0224888	0.010011	0.0521813	0.273916
645	0.0100408	0.0516668	0.523096	0.0149925	0.010011	0.0529922	0.280518
646	0.0100295	0.0463124	0.310626	0.00749625	0.010011	0.0536969	0.283017
647	0.0100126	0.0418348	0.231978	0	0.010011	0.0515506	0.268419
648	0.0100126	0.0384082	0.195142	0	0.010011	0.0523655	0.273916
649	0.0100126	0.0346857	0.151973	0	0.010011	0.0522774	0.273916
650	0.0100126	0.0337543	0.144717	0	0.010011	0.0555778	0.311109
651	0.0100126	0.0336533	0.144717	0	0.0101845	0.0554323	0.293948
652	0.0100126	0.0335894	0.139496	0.00149925	0.010011	0.0591076	0.318395
653	0.0100487	0.0332004	0.138939	0	0.010011	0.0575225	0.319448
654	0.0100126	0.0331768	0.135695	0	0.010011	0.0576246	0.319448
655	0.0100126	0.0329414	0.134993	0	0.010011	0.0555261	0.269501
656	0.0100126	0.0319303	0.124715	0	0.0101479	0.0568425	0.360884
657	0.0100126	0.0312438	0.121293	0	0.010011	0.0603119	0.435687
658	0.0100126	0.0312758	0.122268	0	0.010011	0.0631589	0.999577
659	0.0100126	0.030892	0.123871	0	0.010011	0.0644677	1.43222
660	0.0100295	0.0302575	0.122268	0	0.0102156	0.0679054	1.74751
661	0.0100126	0.0298099	0.121293	0	0.010011	0.0710768	2.09235
662	0.0100295	0.0300763	0.122268	0.00449775	0.0101479	0.0757387	2.70828
663	0.0100126	0.0297616	0.122268	0.00449775	0.010011	0.0797228	2.79456
664	0.0100126	0.0296005	0.12331	0.00449775	0.010011	0.0808493	3.61608
665	0.0100487	0.0301217	0.134993	0.0029985	0.0108646	0.0866211	7.21658
666	0.0100458	0.0299292	0.134993	0	0.010011	0.0857133	5.96999
667	0.0100126	0.0289264	0.121293	0	0.010011	0.0787225	2.89759
668	0.0100126	0.0287079	0.121293	0	0.010011	0.0707828	2.12232
669	0.0100126	0.0281036	0.11718	0	0.010011	0.0661466	0.959465
670	0.0100126	0.0279627	0.11718	0	0.0103658	0.0584553	0.408189
671	0.0100408	0.0274969	0.113552	0	0.0103658	0.0583268	0.408189
672	0.0100295	0.027489	0.113552	0	0.0103658	0.0577445	0.408189
673	0.0100295	0.0275208	0.113552	0	0.0103658	0.057293	0.408189
674	0.0100408	0.0272017	0.113552	0	0.010011	0.0568469	0.379615
675	0.0100295	0.0273667	0.113712	0	0.0101479	0.0567847	0.379615
676	0.0100126	0.0273798	0.11718	0	0.0103658	0.0574384	0.379615
677	0.0100679	0.0274867	0.126885	0	0.0103658	0.057821	0.379615
678	0.0100295	0.0268625	0.105224	0	0.0103658	0.0581673	0.379615
679	0.0100126	0.0268591	0.103204	0	0.0103658	0.057961	0.379615
680	0.0100295	0.0268526	0.103204	0	0.0103658	0.0621778	0.518217
681	0.0100408	0.0267226	0.103204	0	0.0103658	0.0631237	0.56694
682	0.0100126	0.0263912	0.10267	0	0.0103658	0.0693379	0.629006
683	0.0100126	0.0264133	0.10267	0	0.0108646	0.0696379	0.56694
684	0.0100126	0.0261726	0.10267	0	0.0108646	0.0691655	0.56694
685	0.0100408	0.0260783	0.103204	0	0.0108646	0.073135	0.668413
686	0.0100126	0.025909	0.10267	0	0.0108646	0.0774543	0.847021
687	0.0100126	0.0258149	0.100684	0	0.0130053	0.0815132	1.04737
688	0.0100295	0.0254954	0.0949069	0	0.0130053	0.0818513	1.08068
689	0.0100126	0.0253153	0.0930923	0	0.0130053	0.0844891	1.08068
690	0.0100126	0.0251637	0.0910588	0	0.0130053	0.0877614	1.08068
691	0.0100126	0.0248825	0.088975	0	0.0126776	0.0897556	1.04737
692	0.0100126	0.0245559	0.087499	0	0.0116434	0.0872413	1.04737
693	0.0100126	0.0246669	0.088975	0	0.0113197	0.0864349	1.08068
694	0.0100126	0.0248504	0.0930923	0	0.0113197	0.0797407	1.032
695	0.0100126	0.0248389	0.0930923	0	0.0116434	0.0753051	1.0359
696	0.0100126	0.0247894	0.0930923	0	0.0101271	0.0699592	0.815306
697	0.0100126	0.0246714	0.0930923	0	0.0101271	0.0665088	0.675146
698	0.0100126	0.0245691	0.0930923	0	0.0101271	0.064034	0.559808
699	0.0100126	0.0246512	0.0940846	0	0.0101271	0.0597398	0.438329
700	0.0100126	0.0244559	0.090607	0	0.0101271	0.0607641	0.47822
701	0.0100126	0.0251841	0.099801	0	0.0101271	0.0595875	0.438116
702	0.0100126	0.024978	0.0955917	0	0.0101271	0.0587121	0.420676
703	0.0100126	0.0248855	0.0949069	0	0.0101271	0.0578458	0.420676
704	0.0100295	0.0248327	0.0949069	0	0.0101271	0.0580259	0.438116
705	0.0100126	0.02518	0.099801	0	0.0101271	0.0573176	0.425117
706	0.0100408	0.025663	0.10267	0	0.0103854	0.0596988	0.513335
707	0.0100408	0.0255865	0.10267	0	0.0101271	0.05775	0.425117
708	0.0100458	0.0264123	0.104795	0	0.0101271	0.0575922	0.420676
709	0.0100458	0.0263264	0.104795	0	0.0101271	0.0528596	0.392332
710	0.0101136	0.0260754	0.104795	0	0.0102101	0.0524661	0.392332
711	0.0101313	0.0259183	0.104795	0	0.0102101	0.049539	0.291772
712	0.0101313	0.025871	0.104795	0	0.0101271	0.0489498	0.280307
713	0.0100295	0.0273142	0.108896	0	0.0102101	0.0480384	0.262181
714	0.0100295	0.0274878	0.108896	0	0.0102101	0.0468565	0.25439
715	0.0100295	0.0276618	0.1106	0	0.0103197	0.04546	0.25439
716	0.0100295	0.0276496	0.108896	0	0.0102363	0.0468478	0.31261
717	0.0100295	0.0282939	0.12821	0	0.0102363	0.0462554	0.365123
718	0.0101136	0.0285873	0.132807	0	0.0102363	0.046014	0.262181
719	0.0101136	0.029016	0.132807	0	0.0102363	0.044611	0.253905
720	0.0100458	0.0296343	0.132807	0	0.0102363	0.0432278	0.232117
721	0.0100295	0.0306672	0.14822	0	0.0103854	0.042549	0.232117
722	0.0100295	0.0307538	0.14822	0	0.0102363	0.0411318	0.222988
723	0.0101136	0.030833	0.1509	0.00149925	0.0102363	0.0411932	0.206042
724	0.0101313	0.0310487	0.1509	0.00149925	0.0103854	0.0419875	0.232117
725	0.0100458	0.0310707	0.14822	0	0.0111882	0.0400471	0.232117
726	0.0100295	0.0325568	0.1509	0	0.0111882	0.0398978	0.232117
727	0.0100295	0.0335745	0.176036	0.00149925	0.010465	0.0397918	0.232117
728	0.0100295	0.0338469	0.158355	0.00149925	0.0102363	0.0380356	0.178535
729	0.0100295	0.0346259	0.163372	0.00149925	0.0102363	0.0369091	0.16433
730	0.0100295	0.03497	0.158355	0.00149925	0.0102363	0.0348512	0.139846
731	0.0100458	0.0345171	0.1509	0	0.0102363	0.0349811	0.120266
732	0.0100458	0.0346736	0.1509	0	0.0102363	0.0345167	0.115177
733	0.0101733	0.0354272	0.16251	0	0.0102363	0.0335994	0.107896
734	0.0100458	0.0362891	0.1509	0	0.0102363	0.0332665	0.105309
735	0.0100295	0.0369099	0.158355	0	0.0103197	0.0321964	0.10256
736	0.0101441	0.0386154	0.16988	0	0.0103197	0.032282	0.10256
737	0.0100295	0.0398919	0.186913	0	0.0102363	0.0323827	0.10256
738	0.0101441	0.0405035	0.205427	0	0.0103197	0.0329621	0.106409
739	0.0100458	0.0409518	0.21582	0	0.0102363	0.0331928	0.106409
740	0.0101651	0.0422743	0.24019	0.00149925	0.0102363	0.031868	0.10256
741	0.0101441	0.0446842	0.24019	0.0029985	0.0102363	0.0312205	0.10256
742	0.0101441	0.0455515	0.24019	0.0029985	0.0102363	0.0315972	0.10256
743	0.0101763	0.0492643	0.269785	0.00149925	0.0102363	0.0318348	0.10256
744	0.0101763	0.0524191	0.281769	0.00149925	0.0102363	0.0310537	0.100163
745	0.0101763	0.054623	0.285027	0	0.0102363	0.0306451	0.0941786
746	0.0105396	0.0587525	0.32151	0	0.0102363	0.030883	0.0963593
747	0.0109933	0.0595426	0.333618	0	0.0102363	0.03125	0.0925519
748	0.0115584	0.0618636	0.333618	0	0.0102363	0.0313413	0.0900884
749	0.0121913	0.0652095	0.333618	0	0.0102363	0.03198	0.0926039
750	0.0120537	0.0674975	0.333618	0	0.0102363	0.0323932	0.0941786
751	0.0130736	0.0698545	0.39641	0.00149925	0.0102363	0.0319857	0.0926039
752	0.0130433	0.070008	0.39641	0.00149925	0.0103993	0.0326093	0.100701
753	0.0130433	0.0709537	0.39641	0.00149925	0.0111882	0.0334367	0.118341
754	0.0125776	0.0740293	0.39641	0.00149925	0.0102363	0.0331794	0.100163
755	0.0120537	0.0805325	0.432125	0.0134933	0.0102363	0.0333355	0.102833
756	0.0130736	0.0786814	0.396227	0.00149925	0.0102363	0.0343483	0.108068
757	0.0130736	0.0825342	0.420467	0.0104948	0.0103993	0.0353477	0.111192
758	0.0138338	0.0792328	0.420467	0.00149925	0.0105715	0.0355709	0.111192
759	0.0138068	0.0784305	0.418787	0	0.0102363	0.0364543	0.111051
760	0.0138338	0.0784713	0.418787	0	0.0102363	0.0369325	0.111192
761	0.0136198	0.0805653	0.458795	0	0.0103993	0.037243	0.118341
762	0.0122236	0.0820166	0.420467	0	0.0102363	0.0400791	0.147328
763	0.0141518	0.0834553	0.501674	0	0.0102363	0.0399613	0.147328
764	0.0141518	0.0850625	0.501674	0	0.0102363	0.0418739	0.161176
765	0.014452	0.0851725	0.501674	0	0.0102363	0.0440111	0.190855
766	0.0130736	0.0868136	0.449824	0	0.0111495	0.0449834	0.269812
767	0.0142829	0.0880732	0.501674	0	0.0103051	0.0469348	0.352823
768	0.0142829	0.0847803	0.432125	0	0.0102363	0.0451469	0.276637
769	0.0119547	0.0856503	0.432125	0.00449775	0.0100253	0.0435271	0.219056
770	0.0115655	0.0870245	0.432125	0.005997	0.0100253	0.0423662	0.190855
771	0.0138338	0.0870929	0.511568	0.00449775	0.0100253	0.0411981	0.184531
772	0.0138808	0.0885936	0.511568	0.00449775	0.0100253	0.0400728	0.158526
773	0.0139003	0.0891832	0.511568	0.00449775	0.0100253	0.0400148	0.161176
774	0.0142829	0.0932111	0.550799	0.00449775	0.0100253	0.0399617	0.158526
775	0.0142829	0.0962498	0.550799	0.0029985	0.0100253	0.0397998	0.158526
776	0.0142829	0.0971537	0.556737	0.005997	0.0100253	0.0383976	0.149013
777	0.0142829	0.100388	0.581092	0.0089955	0.0100253	0.0367379	0.120798
778	0.0142829	0.110221	0.602184	0.0089955	0.0100253	0.0352436	0.110727
779	0.0138808	0.133984	0.737032	0.0269865	0.0100134	0.0354993	0.116441
780	0.0164554	0.15066	1.00461	0.0404798	0.0100134	0.0342881	0.104981
781	0.0202579	0.179435	1.19912	0.0734633	0.0100134	0.033038	0.103997
782	0.0202579	0.182898	1.19912	0.0749625	0.0102363	0.032091	0.104981
783	0.0196111	0.148536	1.17838	0.0494753	0.0100134	0.0315529	0.101603
784	0.0129092	0.113453	0.679726	0.0224888	0.0102363	0.0314451	0.104981
785	0.0122629	0.0986801	0.595458	0.0164918	0.0100134	0.0313984	0.103381
786	0.0102982	0.0875928	0.410077	0.00149925	0.0100134	0.0314154	0.103381
787	0.0129092	0.0832723	0.481628	0.00149925	0.0100134	0.0312134	0.103381
788	0.0129092	0.079746	0.458795	0.0029985	0.0100134	0.0302818	0.101603
789	0.0129092	0.07502	0.458795	0.00149925	0.0100134	0.03001	0.101075
790	0.0129092	0.0738022	0.449824	0.00149925	0.0100134	0.0301552	0.101075
791	0.0129092	0.0736172	0.459344	0.0029985	0.0100253	0.0298674	0.101075
792	0.0129092	0.070759	0.458795	0.0029985	0.0100253	0.029731	0.101075
793	0.0102982	0.0657276	0.343853	0.0029985	0.0100134	0.0293347	0.0980208
794	0.0102982	0.0640164	0.311357	0.00149925	0.0100134	0.0293687	0.0980208
795	0.0102982	0.061734	0.29904	0.00149925	0.0100134	0.0292353	0.0943603
796	0.0102982	0.060055	0.263543	0.00149925	0.0100134	0.0294299	0.095252
797	0.0102982	0.0572093	0.234403	0	0.0100134	0.029964	0.0997014
798	0.0102982	0.0585888	0.247736	0	0.0100134	0.029425	0.095252
799	0.012709	0.0594144	0.285027	0	0.0100134	0.0293975	0.095252
800	0.0120713	0.0596701	0.251774	0	0.0100134	0.0291036	0.0943603
801	0.0113728	0.0583878	0.236392	0	0.0100134	0.0289783	0.0943603
802	0.0107231	0.0587164	0.226732	0	0.0100134	0.0286978	0.0943603
803	0.0105732	0.0582262	0.226732	0	0.0100134	0.0290471	0.0985926
804	0.0103207	0.0584252	0.20561	0	0.0100134	0.029415	0.101075
805	0.0120434	0.0582263	0.238611	0.00149925	0.0100253	0.0294351	0.101075
806	0.0119184	0.0588459	0.239044	0.00149925	0.0100134	0.0290095	0.0985926
807	0.0116211	0.0585363	0.239044	0.00149925	0.0100134	0.0291598	0.100163
808	0.0107411	0.0558967	0.205569	0	0.0100134	0.0293265	0.100163
809	0.0107411	0.0554515	0.205569	0	0.0100134	0.0295893	0.100163
810	0.0116211	0.0557018	0.215856	0	0.0100134	0.030001	0.101075
811	0.0107411	0.054377	0.198701	0	0.0100134	0.0300603	0.106083
812	0.0107411	0.052295	0.177829	0	0.0100134	0.0299393	0.103483
813	0.0118961	0.0528971	0.201605	0.005997	0.0100134	0.0298632	0.101075
814	0.0107411	0.0541718	0.196633	0	0.0100134	0.0289765	0.0985926
815	0.0107411	0.0546516	0.201605	0	0.0100134	0.0288631	0.0980208
816	0.0107411	0.0569635	0.236392	0.00149925	0.0100253	0.0289251	0.0980208
817	0.0107411	0.0585444	0.237328	0	0.0100134	0.0290243	0.0980208
818	0.0107411	0.0584595	0.239044	0	0.0100134	0.0287982	0.0946877
819	0.0107411	0.0599292	0.304589	0	0.0100134	0.0287879	0.0946877
820	0.0107411	0.0612811	0.32625	0.00149925	0.0100253	0.02901	0.0980208
821	0.0107411	0.0624277	0.334553	0.005997	0.0100134	0.0295862	0.0985926
822	0.0107411	0.0717318	0.659901	0.0389805	0.0100134	0.0295137	0.0980208
823	0.0104346	0.0690916	0.615552	0.0329835	0.0100253	0.0302752	0.0997014
824	0.0104346	0.0682689	0.535205	0.029985	0.0100253	0.0301914	0.100163
825	0.0117446	0.0605366	0.362006	0.0089955	0.0100253	0.0307449	0.106083
826	0.0103207	0.058284	0.295907	0.00749625	0.0100253	0.0308003	0.106083
827	0.0104218	0.0552565	0.239044	0	0.0100253	0.0308094	0.106083
828	0.0104218	0.0533253	0.237328	0	0.0100253	0.0306933	0.106083
829	0.0104218	0.0526563	0.236392	0	0.0100253	0.0311083	0.106083
830	0.0104218	0.053017	0.237328	0.00449775	0.0100253	0.0316415	0.106083
831	0.0104218	0.0541651	0.28291	0.011994	0.0100253	0.0316518	0.106083
832	0.0103207	0.052287	0.239044	0.0029985	0.0100253	0.0318808	0.110727
833	0.0104218	0.0517343	0.239044	0	0.0100253	0.0320426	0.119499
834	0.0104218	0.052818	0.278755	0	0.0100253	0.031955	0.110727
835	0.0117446	0.055821	0.362006	0.00149925	0.0100253	0.031706	0.106083
836	0.0103207	0.0534975	0.26777	0	0.0100253	0.0315657	0.106083
837	0.0104346	0.0526888	0.26777	0.0029985	0.0100253	0.0317908	0.106083
838	0.0103207	0.0522981	0.236211	0.00449775	0.0100253	0.0314637	0.106083
839	0.0104346	0.0496363	0.18858	0	0.0100253	0.0311229	0.100163
840	0.0104346	0.0500336	0.190259	0	0.0100253	0.0304101	0.0985926
841	0.0104926	0.0508296	0.231946	0.0029985	0.0100253	0.0299871	0.0985926
842	0.0107411	0.0498058	0.231946	0.0029985	0.0100253	0.0298611	0.0964024
843	0.0103207	0.0478037	0.200937	0	0.0100253	0.0298303	0.0964024
844	0.0112938	0.0481049	0.241554	0	0.0100253	0.0300477	0.0905679
845	0.0112813	0.0488505	0.241554	0.00149925	0.0100253	0.0299313	0.0905679
846	0.0103207	0.0484845	0.201172	0.00149925	0.0100253	0.030627	0.102583
847	0.0103577	0.0472781	0.179539	0	0.0100253	0.0322769	0.121695
848	0.0103207	0.0470027	0.175745	0	0.0103788	0.0327407	0.140398
849	0.0104926	0.046377	0.175745	0	0.0103788	0.0321771	0.140398
850	0.0103577	0.0454901	0.160654	0	0.0100253	0.0308399	0.123608
851	0.0103577	0.0455862	0.160905	0	0.0100253	0.0311017	0.123608
852	0.0103577	0.0459164	0.160905	0	0.0100253	0.0314604	0.124453
853	0.0103207	0.046111	0.160905	0	0.0100253	0.0306277	0.123608
854	0.0103207	0.0466729	0.169885	0	0.0100253	0.0306958	0.133498
855	0.0103207	0.0468841	0.169885	0	0.0103788	0.030726	0.140398
856	0.0103207	0.0477262	0.174506	0	0.0103788	0.0309915	0.140398
857	0.0103207	0.0481215	0.174506	0	0.0103788	0.031074	0.140398
858	0.0103577	0.0482703	0.174506	0	0.0103788	0.0311385	0.140643
859	0.0105512	0.0476706	0.17554	0	0.0103788	0.030694	0.140643
860	0.0103577	0.0478955	0.174506	0	0.0103788	0.0304468	0.140398
861	0.0103577	0.0480582	0.174506	0	0.0103788	0.0303698	0.140398
862	0.0103207	0.0475092	0.169885	0	0.0103788	0.0297265	0.140398
863	0.0105512	0.0472744	0.177585	0	0.0106487	0.0300578	0.140643
864	0.010152	0.0475139	0.169885	0	0.0103788	0.0305012	0.140398
865	0.0104432	0.0479302	0.177585	0	0.0103788	0.0313045	0.140398
866	0.0103577	0.0489364	0.179539	0	0.0103788	0.0310493	0.140398
867	0.010152	0.0519811	0.225781	0	0.0103788	0.0314972	0.140398
868	0.0103577	0.0533281	0.259114	0	0.0103788	0.0312592	0.140398
869	0.0103635	0.0571466	0.397352	0	0.0103788	0.0313978	0.140398
870	0.0112938	0.0618967	0.55144	0	0.0100253	0.0313747	0.124303
871	0.0103577	0.0612604	0.526409	0.00149925	0.0100253	0.0306281	0.109802
872	0.0109125	0.0608138	0.55144	0.00149925	0.0103788	0.0307532	0.110727
873	0.0103417	0.0560245	0.459572	0	0.0100253	0.0308688	0.111322
874	0.0103417	0.052631	0.397352	0	0.0103788	0.0309801	0.111322
875	0.0103417	0.0486055	0.301534	0	0.0103788	0.0313017	0.111322
876	0.010181	0.0455448	0.196633	0	0.0102267	0.0322411	0.119819
877	0.010181	0.044076	0.177585	0	0.0102196	0.0326775	0.119008
878	0.0102479	0.0409096	0.169093	0	0.0102196	0.0334985	0.123914
879	0.0102479	0.0393989	0.160664	0	0.0102196	0.0334337	0.122268
880	0.010181	0.0383724	0.157256	0	0.0102196	0.0342223	0.122268
881	0.0102479	0.0372248	0.157256	0	0.0102196	0.0348344	0.122268
882	0.0100618	0.0368562	0.156786	0	0.0102583	0.0348941	0.123914
883	0.0100618	0.0367186	0.152587	0	0.0102583	0.0352459	0.123914
884	0.0100618	0.0372751	0.160905	0	0.0102583	0.035404	0.123914
885	0.010181	0.0355698	0.152587	0	0.0102583	0.0355533	0.123914
886	0.0100618	0.0351873	0.148157	0	0.0102267	0.0361374	0.128056
887	0.0100618	0.0345325	0.148157	0	0.0102267	0.036563	0.1326
888	0.0100618	0.0335576	0.148157	0	0.0102267	0.0362109	0.128056
889	0.0100618	0.0326556	0.144567	0	0.0103637	0.0370834	0.132073
890	0.0100618	0.0305679	0.11765	0	0.0103637	0.0375722	0.132073
891	0.0100618	0.0292135	0.10365	0	0.0103637	0.0377981	0.132073
892	0.0100618	0.028856	0.100256	0	0.0103637	0.0384609	0.132073
893	0.0100618	0.0285289	0.100007	0	0.0103637	0.039288	0.1326
894	0.0100618	0.0285766	0.100007	0	0.0102583	0.0404324	0.136083
895	0.0100618	0.0286758	0.100256	0	0.0102583	0.0406868	0.136376
896	0.0101279	0.0286196	0.100007	0	0.0102583	0.0411014	0.138285
897	0.0101279	0.0284483	0.098315	0	0.0102583	0.0415546	0.140037
898	0.0101279	0.0285433	0.100256	0	0.0102583	0.0422948	0.140037
899	0.0101279	0.0290783	0.10365	0	0.0102583	0.0435967	0.140037
900	0.0101279	0.0287054	0.100256	0	0.0102583	0.0444369	0.144427
901	0.0101279	0.0282976	0.100256	0	0.0106868	0.0458827	0.158368
902	0.0101279	0.0282678	0.102201	0	0.0106868	0.0467547	0.163353
903	0.0101279	0.0280776	0.101302	0	0.0110452	0.0494386	0.206679
904	0.0101279	0.0281139	0.100256	0	0.0110452	0.05213	0.228316
905	0.0101279	0.0281824	0.102201	0	0.0106868	0.0502081	0.206679
906	0.0101279	0.02843	0.10365	0	0.0110452	0.0498303	0.211411
907	0.0101279	0.0293549	0.110031	0.00449775	0.0110452	0.0504778	0.211411
908	0.0101279	0.0282978	0.10365	0	0.0110452	0.0550616	0.23212
909	0.0101212	0.0290003	0.110031	0.0029985	0.0106868	0.0577846	0.234461
910	0.0101212	0.0297085	0.116084	0.0089955	0.0106868	0.0579518	0.234461
911	0.0101212	0.0289758	0.110031	0.00449775	0.0106868	0.0595073	0.238498
912	0.0101212	0.0285267	0.110031	0.00149925	0.0106868	0.0607766	0.238498
913	0.0101212	0.0285645	0.108412	0	0.0104517	0.0632686	0.239607
914	0.0101212	0.0290638	0.108412	0	0.0110452	0.0645646	0.263964
915	0.0101212	0.0292671	0.108412	0	0.0106868	0.0670865	0.263964
916	0.0101212	0.0303033	0.111244	0	0.0106868	0.0674584	0.263964
917	0.0101212	0.0298366	0.110246	0	0.0104517	0.0715899	0.303207
918	0.0101212	0.0293645	0.110031	0	0.0104225	0.0761021	0.354585
919	0.0101117	0.0292481	0.110031	0	0.0106868	0.0804926	0.436255
920	0.0101117	0.028632	0.110031	0	0.0104225	0.0838842	0.436255
921	0.0101117	0.028404	0.110031	0	0.0104225	0.0853083	0.436255
922	0.0101117	0.027984	0.110031	0	0.0104225	0.0847148	0.436255
923	0.0101117	0.0279159	0.110031	0	0.0104517	0.0835902	0.436691
924	0.0101117	0.0276362	0.110031	0	0.0104225	0.0829328	0.436255
925	0.0101117	0.0278214	0.110031	0	0.0104225	0.0828418	0.436255
926	0.0101117	0.0277583	0.108412	0	0.0104225	0.0825188	0.436255
927	0.0101117	0.0272785	0.104352	0	0.0104225	0.0823925	0.436255
928	0.0101117	0.02775	0.110031	0	0.0104225	0.0826197	0.436255
929	0.0101117	0.0276608	0.110031	0	0.0101601	0.0911226	0.610726
930	0.0101117	0.0275282	0.110031	0	0.0104225	0.0924334	0.630463
931	0.0101117	0.0275049	0.110031	0	0.0136465	0.0877909	0.724312
932	0.0101117	0.0274504	0.110246	0	0.0107832	0.081295	0.456553
933	0.0100738	0.0278376	0.119479	0	0.010732	0.0763703	0.427014
934	0.0100738	0.0280594	0.127989	0	0.010732	0.075988	0.44914
935	0.0100738	0.0282728	0.127989	0	0.0107832	0.0755987	0.456553
936	0.0101117	0.027501	0.111244	0	0.0107832	0.0728905	0.44914
937	0.0100738	0.0272479	0.110031	0	0.0107832	0.0708197	0.425618
938	0.0100738	0.0277103	0.118965	0.00149925	0.0107832	0.0705397	0.413716
939	0.0101117	0.0276627	0.118965	0.00149925	0.0107832	0.0724783	0.413716
940	0.0101117	0.0275639	0.118965	0.00149925	0.0107832	0.0748796	0.434309
941	0.0101117	0.0273507	0.118965	0	0.0107832	0.0732425	0.413716
942	0.0101117	0.0273328	0.118965	0	0.0100021	0.0717504	0.374212
943	0.0101117	0.0271617	0.118965	0	0.0104517	0.073418	0.401339
944	0.0101117	0.027302	0.118965	0	0.0106023	0.0714551	0.374212
945	0.0100738	0.0274465	0.118965	0	0.010642	0.0692301	0.374212
946	0.0100738	0.0275632	0.121479	0	0.0104517	0.0665992	0.320365
947	0.0100738	0.0269612	0.111244	0	0.0106023	0.0681542	0.413716
948	0.0101117	0.0271868	0.118965	0	0.0106023	0.0736555	0.555139
949	0.0101117	0.0273115	0.118965	0	0.0107832	0.0806601	0.924644
950	0.0100738	0.0277172	0.127989	0	0.0107832	0.0838424	0.924644
951	0.0100738	0.0271007	0.121479	0	0.0107832	0.0857917	0.924644
952	0.0100738	0.0278165	0.133477	0	0.0107832	0.088454	0.971632
953	0.0100738	0.0288193	0.187673	0	0.010642	0.0913661	0.971632
954	0.0100738	0.0292644	0.187673	0	0.0100021	0.0905477	0.971632
955	0.0100738	0.0301189	0.187673	0
