		omega		Posterior		rho				Synonymous theta			kappa			phi	
Site	Lower	Point	Higher	prob of +ve	Lower	Point	Higher		Lower	Point	Higher	Lower	Point	Higher	Lower	Point	Higher
	95% HPD	estimate	95% HPD	selection	95% HPD	estimate	95% HPD		95% HPD	estimate	95% HPD	95% HPD	estimate	95% HPD	95% HPD	estimate	95% HPD
0	0.0101399	0.0618531	0.687574	0.0374813	0.0100168	0.212191	24.7056		0.0122752	0.0250361	0.0441648	1.2387	3.83205	12.1304	0	0	0
1	0.0101399	0.0599194	0.566447	0.029985	0.0100168	0.233515	28.968
2	0.0101399	0.0607411	0.622082	0.0314843	0.0100168	0.236663	35.8167
3	0.0101399	0.0598846	0.61935	0.0314843	0.0100168	0.233584	35.8167
4	0.0102673	0.0551834	0.542022	0.0209895	0.0100168	0.218161	22.0003
5	0.0100427	0.0531125	0.446029	0.0164918	0.0100168	0.215524	20.8828
6	0.0100427	0.0526314	0.436466	0.0134933	0.0100168	0.191514	18.9399
7	0.0100427	0.0515698	0.410119	0.0104948	0.0100168	0.18511	16.5924
8	0.0100427	0.0502813	0.401212	0.0089955	0.0100168	0.174806	14.8963
9	0.0101635	0.0488828	0.387822	0.00749625	0.0100168	0.164834	18.4085
10	0.0101635	0.0491733	0.401212	0.011994	0.0100168	0.157206	16.5924
11	0.0100427	0.046821	0.376167	0.005997	0.0100422	0.15115	18.6656
12	0.0100427	0.0463285	0.34858	0.0029985	0.0100422	0.131715	14.8963
13	0.0100089	0.0465878	0.332845	0.0029985	0.0100169	0.114787	14.7041
14	0.0100089	0.0475096	0.351292	0.0029985	0.0100169	0.110982	14.3474
15	0.0102673	0.0487341	0.387822	0.00149925	0.0100169	0.0964346	10.7999
16	0.0103083	0.0491008	0.387822	0.00149925	0.0100169	0.0845828	8.91391
17	0.0100089	0.0500676	0.387822	0.0029985	0.0100169	0.0726117	2.8342
18	0.0102673	0.0504166	0.392384	0.0029985	0.0100169	0.0563151	0.895505
19	0.0102673	0.051031	0.392384	0.005997	0.0100169	0.0504931	0.739063
20	0.0100089	0.0515929	0.387822	0.00149925	0.0100169	0.0483095	0.622267
21	0.0103083	0.05383	0.436466	0.0029985	0.0100169	0.0477993	0.559455
22	0.0102673	0.055003	0.440822	0.005997	0.0100169	0.0460184	0.494663
23	0.0100089	0.0567455	0.476088	0.0104948	0.0100169	0.0450125	0.42353
24	0.0100089	0.0590425	0.536939	0.017991	0.0100169	0.0445017	0.42353
25	0.0100089	0.0601321	0.536939	0.0149925	0.0100169	0.0441589	0.420079
26	0.0102673	0.0620113	0.561965	0.0164918	0.0100169	0.0451669	0.420079
27	0.0100461	0.0634699	0.571228	0.0164918	0.0100169	0.0446468	0.42353
28	0.0100461	0.0659735	0.622431	0.0164918	0.0100169	0.0451149	0.420079
29	0.0100461	0.0675228	0.676537	0.0194903	0.0100169	0.0448873	0.420079
30	0.0100461	0.0733081	0.832733	0.035982	0.0100169	0.0453632	0.397158
31	0.0100461	0.076924	0.876932	0.0404798	0.0100169	0.0443757	0.353567
32	0.0100461	0.0844628	0.997057	0.0494753	0.0100169	0.0436656	0.302455
33	0.0100461	0.0871196	1.00801	0.0509745	0.0100169	0.0443389	0.329325
34	0.0100461	0.100214	1.14793	0.0674663	0.0100422	0.0433859	0.295633
35	0.0101259	0.119947	1.32811	0.095952	0.0100169	0.0434836	0.278917
36	0.0100461	0.142914	1.53569	0.127436	0.0100169	0.0438442	0.278917
37	0.0100461	0.185424	1.89916	0.16042	0.0100169	0.0447905	0.311988
38	0.0111792	0.236686	2.60038	0.215892	0.0100422	0.0457783	0.350815
39	0.0101259	0.330823	2.81676	0.271364	0.0100422	0.0472099	0.381865
40	0.0174125	0.485019	5.72064	0.347826	0.0100422	0.0475491	0.374036
41	0.186485	1.01438	9.18001	0.503748	0.0100422	0.0475244	0.374036
42	0.186485	1.02757	11.0814	0.496252	0.0100422	0.0486143	0.381865
43	0.0372093	0.680438	5.72064	0.389805	0.0100422	0.0493661	0.459149
44	0.0323279	0.524247	5.02966	0.326837	0.0100422	0.0529177	0.589195
45	0.0322296	0.464524	4.75891	0.295352	0.0100422	0.0548018	0.705684
46	0.0307447	0.433231	4.47385	0.274363	0.0100422	0.0572074	0.747738
47	0.0144252	0.405507	2.51095	0.262369	0.0100422	0.0608704	0.954904
48	0.0144252	0.396171	2.51095	0.254873	0.010118	0.0622555	0.954904
49	0.0185005	0.391827	3.35628	0.244378	0.0100422	0.0617948	0.855923
50	0.0144252	0.393807	2.83592	0.248876	0.0100422	0.0624216	0.855923
51	0.0150953	0.408429	3.36171	0.25937	0.0102968	0.0583132	0.681906
52	0.0226858	0.433734	4.47385	0.274363	0.0102968	0.0573552	0.599049
53	0.0236722	0.480631	4.47385	0.302849	0.0100422	0.0550065	0.388791
54	0.0153272	0.552937	4.64244	0.341829	0.0100422	0.054847	0.367029
55	0.131678	1.19983	27.8011	0.503748	0.0102968	0.0553017	0.370883
56	0.0148749	0.440671	5.03054	0.301349	0.0100422	0.0585826	0.378528
57	0.011054	0.291428	2.47027	0.208396	0.0100422	0.0602511	0.455398
58	0.0137616	0.214073	2.1255	0.142429	0.0100422	0.0592753	0.414907
59	0.011986	0.173781	1.66359	0.104948	0.0100422	0.0592421	0.491126
60	0.011054	0.149503	1.27733	0.0854573	0.0100422	0.0600982	0.510952
61	0.0121758	0.129146	1.24614	0.0614693	0.0100422	0.0606814	0.459149
62	0.0121758	0.119104	1.17442	0.0524738	0.0100422	0.0626591	0.56246
63	0.0106226	0.114378	1.0059	0.047976	0.0100422	0.0635808	0.602462
64	0.0105913	0.105093	0.86856	0.0374813	0.0101835	0.0631341	0.588259
65	0.0103554	0.0969843	0.813123	0.0344828	0.0101835	0.0608295	0.414907
66	0.0105913	0.0909836	0.771561	0.0269865	0.0100422	0.0588028	0.360832
67	0.0105913	0.0888573	0.70139	0.023988	0.0100422	0.0568817	0.323206
68	0.0100015	0.0844393	0.618828	0.0209895	0.0100422	0.0567356	0.315881
69	0.0105913	0.0809157	0.618828	0.0194903	0.0100422	0.0554406	0.297058
70	0.0105913	0.0797131	0.580026	0.017991	0.0101601	0.0534843	0.283245
71	0.0105913	0.0785981	0.562782	0.0164918	0.0101601	0.050777	0.261298
72	0.0100015	0.0757317	0.505861	0.0134933	0.0100422	0.050067	0.226652
73	0.0100238	0.0747572	0.505861	0.0089955	0.0100422	0.0490713	0.21227
74	0.0105913	0.0727893	0.505861	0.005997	0.0100422	0.0501444	0.227202
75	0.0100015	0.0748562	0.51449	0.0104948	0.0100422	0.0504505	0.226652
76	0.0104109	0.073884	0.527046	0.0089955	0.0100422	0.0513117	0.248407
77	0.0104109	0.0715999	0.480658	0.005997	0.0100422	0.0536876	0.292808
78	0.0104109	0.0716103	0.484493	0.005997	0.0100422	0.0559561	0.349979
79	0.0104109	0.0701144	0.484493	0.00449775	0.0100422	0.0571061	0.377351
80	0.0100238	0.0708338	0.480658	0.00449775	0.0100422	0.057236	0.360832
81	0.0100015	0.0723289	0.48175	0.005997	0.0100422	0.0557655	0.309926
82	0.0107936	0.0728985	0.520594	0.00749625	0.0100422	0.0520547	0.275424
83	0.0109126	0.0760461	0.55526	0.0104948	0.0101313	0.0507516	0.271845
84	0.0104667	0.0758129	0.561965	0.011994	0.0101313	0.0497122	0.271845
85	0.0104721	0.0764306	0.55526	0.011994	0.0100427	0.0485714	0.252833
86	0.0104667	0.0755475	0.55526	0.011994	0.0100427	0.0478064	0.225142
87	0.0100015	0.0775758	0.520594	0.0149925	0.010473	0.0466156	0.225142
88	0.0104667	0.0794646	0.561965	0.0149925	0.0100437	0.0466634	0.218778
89	0.0104667	0.0809436	0.561965	0.0104948	0.0101313	0.0456625	0.21227
90	0.0106495	0.0813134	0.571228	0.0089955	0.0100437	0.0443155	0.192715
91	0.0101798	0.0852297	0.571228	0.0134933	0.0100437	0.0435765	0.192715
92	0.0100015	0.091084	0.650855	0.0194903	0.0101313	0.0430574	0.186164
93	0.0115258	0.0975717	0.860898	0.029985	0.0100437	0.0419558	0.17646
94	0.0104721	0.102178	0.860898	0.0389805	0.0101313	0.0415865	0.181701
95	0.0100015	0.104952	0.860898	0.041979	0.0101313	0.0417348	0.187067
96	0.0101798	0.111463	1.06148	0.0524738	0.0100437	0.0420205	0.187067
97	0.0101798	0.116589	1.0319	0.0509745	0.0100437	0.0413454	0.184131
98	0.0104199	0.122974	1.27281	0.0584708	0.0100437	0.0411966	0.180272
99	0.0106976	0.130622	1.38349	0.0674663	0.0103306	0.0406359	0.180272
100	0.0113109	0.143761	1.84274	0.0824588	0.0100437	0.0419312	0.193091
101	0.01385	0.185708	3.50171	0.124438	0.0100437	0.042512	0.20272
102	0.0103479	0.14243	1.76063	0.083958	0.0100437	0.0428186	0.205216
103	0.0103479	0.124744	1.45191	0.0674663	0.0103036	0.0441009	0.253943
104	0.0103479	0.1046	0.904244	0.0464768	0.0100994	0.0451601	0.253943
105	0.0107172	0.09475	0.793715	0.0314843	0.0100437	0.0483328	0.381499
106	0.0100782	0.0888136	0.696217	0.0209895	0.0100994	0.0535441	0.678856
107	0.0104725	0.083831	0.663787	0.0164918	0.0100994	0.0587196	1.08563
108	0.0104725	0.08149	0.663787	0.017991	0.0100994	0.0695306	3.02521
109	0.0107172	0.0789095	0.663787	0.017991	0.0101623	0.0870625	7.01063
110	0.0106483	0.0772394	0.663787	0.0164918	0.0100994	0.102543	10.3298
111	0.0103479	0.0755619	0.620373	0.0134933	0.0100994	0.120256	19.8809
112	0.0100782	0.0726773	0.589927	0.0089955	0.0100994	0.14136	31.2556
113	0.0102447	0.0690969	0.521675	0.00449775	0.0100994	0.157392	44.7632
114	0.0101981	0.0666986	0.511902	0.00449775	0.0100994	0.160701	44.7632
115	0.0101981	0.0658876	0.481022	0.00449775	0.0100994	0.15867	39.074
116	0.0101981	0.0648157	0.464109	0.0029985	0.0100994	0.165856	39.074
117	0.0101981	0.065986	0.478096	0.00749625	0.0100994	0.173726	25.4382
118	0.0100782	0.0629612	0.450408	0.0029985	0.0100995	0.187712	38.1702
119	0.0100782	0.0599	0.401212	0.00149925	0.0100995	0.207198	39.074
120	0.0102447	0.0587357	0.398688	0.00149925	0.0100995	0.220807	40.7269
121	0.0101981	0.0577012	0.398688	0.0029985	0.0100995	0.225257	41.7118
122	0.0101981	0.0566403	0.39166	0.005997	0.0100995	0.234032	43.2172
123	0.0101869	0.0561851	0.39166	0.00449775	0.0100995	0.25067	39.074
124	0.0101869	0.0552431	0.384504	0.005997	0.0100995	0.274395	40.7269
125	0.0100782	0.0549917	0.368971	0.00149925	0.0100995	0.295099	41.7118
126	0.0100782	0.0542355	0.360303	0	0.0100995	0.298774	43.2172
127	0.0100782	0.0544028	0.360303	0	0.0100995	0.302422	40.7269
128	0.0100782	0.0556084	0.39166	0.00449775	0.0100995	0.283458	39.1357
129	0.0101869	0.0541141	0.389159	0.0029985	0.0100995	0.276378	39.8582
130	0.0101869	0.0533215	0.368971	0.00449775	0.0100995	0.29412	43.2172
131	0.0101869	0.0540802	0.384504	0.0089955	0.0100995	0.292609	43.2172
132	0.0102447	0.0530386	0.352167	0.00749625	0.0100361	0.281664	40.2861
133	0.0101981	0.0524705	0.337326	0.0104948	0.0100076	0.287938	44.0483
134	0.0101981	0.0535739	0.35219	0.00749625	0.0100076	0.28233	45.922
135	0.0101981	0.0533257	0.35219	0.00749625	0.0100076	0.272006	45.922
136	0.0102447	0.053394	0.35219	0.00449775	0.0100361	0.296706	48.7328
137	0.0102447	0.0534463	0.35219	0.00449775	0.0100361	0.321635	48.7328
138	0.0102447	0.0536756	0.35219	0.00449775	0.0100361	0.366382	50.2419
139	0.0102447	0.0543405	0.366782	0.00449775	0.0100361	0.406748	53.5286
140	0.010094	0.0546898	0.366782	0.005997	0.0100361	0.46125	56.3315
141	0.0102755	0.0560665	0.389629	0.00749625	0.0100361	0.601743	60.251
142	0.0102447	0.0574012	0.412745	0.0104948	0.0100361	0.710753	62.3403
143	0.010094	0.0582217	0.427647	0.0134933	0.01041	0.788159	66.495
144	0.010094	0.0567829	0.427647	0.0104948	0.01041	0.870615	66.495
145	0.0100609	0.056448	0.427647	0.0104948	0.01041	0.889246	66.495
146	0.0100609	0.05823	0.447089	0.0134933	0.01041	0.831663	64.1231
147	0.0100609	0.0593086	0.497944	0.0224888	0.0100174	0.821438	59.7236
148	0.0100609	0.060823	0.528041	0.023988	0.0100174	0.818776	59.7236
149	0.0100609	0.0639047	0.637868	0.029985
