		omega		Posterior		rho				Synonymous theta			kappa			phi	
Site	Lower	Point	Higher	prob of +ve	Lower	Point	Higher		Lower	Point	Higher	Lower	Point	Higher	Lower	Point	Higher
	95% HPD	estimate	95% HPD	selection	95% HPD	estimate	95% HPD		95% HPD	estimate	95% HPD	95% HPD	estimate	95% HPD	95% HPD	estimate	95% HPD
0	0.010005	0.057727	0.523818	0.0284858	0.0100196	0.242119	14.3198		0.0184706	0.0305516	0.0512285	2.28063	8.6065	35.1305	0	0	0
1	0.0101994	0.0540089	0.470644	0.0149925	0.0100196	0.226093	15.0096
2	0.0102343	0.0522785	0.446621	0.011994	0.0100196	0.222826	17.4122
3	0.0101994	0.0522404	0.446621	0.0134933	0.0100196	0.232845	18.4079
4	0.0101243	0.050822	0.369895	0.0089955	0.0100389	0.250821	28.3197
5	0.010005	0.0509351	0.354338	0.011994	0.0100389	0.268138	29.1191
6	0.010005	0.0503928	0.345807	0.011994	0.0100389	0.261783	29.1191
7	0.0101243	0.0489253	0.317029	0.0089955	0.0100196	0.260595	28.2874
8	0.010005	0.048775	0.317029	0.0104948	0.0100196	0.250104	28.2874
9	0.010005	0.049	0.345807	0.011994	0.0100196	0.236906	22.9026
10	0.010005	0.0488333	0.354338	0.011994	0.0100196	0.232811	19.7041
11	0.010005	0.0482989	0.315587	0.0089955	0.0100196	0.213673	18.4079
12	0.010005	0.0481948	0.345807	0.0089955	0.0100196	0.199067	15.2019
13	0.010005	0.0462641	0.297432	0.005997	0.0100196	0.187389	15.2019
14	0.010005	0.0473459	0.311152	0.005997	0.0100196	0.159052	10.8039
15	0.0101243	0.0469189	0.310666	0.00749625	0.0100196	0.154442	10.8039
16	0.010005	0.0460944	0.297432	0.00749625	0.0100196	0.147039	9.20346
17	0.010005	0.0448588	0.27824	0.00449775	0.0100196	0.135344	8.53373
18	0.0101243	0.0436842	0.274793	0.0029985	0.0100196	0.121463	7.90056
19	0.0101243	0.0432678	0.274103	0.00449775	0.0100196	0.117655	8.58889
20	0.0101243	0.043037	0.260955	0.00449775	0.0100196	0.100243	6.93697
21	0.0100522	0.0426792	0.260955	0.00449775	0.0100196	0.0877714	4.99218
22	0.010005	0.042411	0.260955	0.00449775	0.0100196	0.0786896	2.05645
23	0.010005	0.0432647	0.274793	0.005997	0.0100196	0.0734185	1.3562
24	0.010005	0.0425027	0.260955	0.00449775	0.0100196	0.0646145	1.09296
25	0.0100522	0.042279	0.260955	0.0029985	0.0100196	0.0608073	0.910695
26	0.0100522	0.042003	0.260955	0.0029985	0.0100196	0.0557873	0.771236
27	0.010005	0.0419183	0.260955	0.00449775	0.0100718	0.0544738	0.748093
28	0.010005	0.0415256	0.260955	0.00149925	0.0100718	0.0527658	0.746154
29	0.010005	0.0414825	0.269322	0.00449775	0.0100718	0.0529431	0.751773
30	0.0100522	0.0411162	0.274103	0.0029985	0.0100718	0.052003	0.746154
31	0.010005	0.0407349	0.260955	0.00149925	0.0100718	0.0507227	0.561836
32	0.010005	0.0412563	0.269322	0.005997	0.0100718	0.0490463	0.522926
33	0.0100522	0.0400329	0.260955	0.00449775	0.0100718	0.0460025	0.407903
34	0.010005	0.0400744	0.247695	0.00749625	0.0100718	0.0449129	0.373591
35	0.0100522	0.0397191	0.240991	0.005997	0.0100718	0.0442634	0.286585
36	0.0100522	0.0402779	0.260955	0.0104948	0.0100718	0.0447761	0.338514
37	0.010005	0.0395094	0.247695	0.0104948	0.0100718	0.0447252	0.296714
38	0.0101243	0.0393451	0.261322	0.00749625	0.0100718	0.0434744	0.291993
39	0.010005	0.0380561	0.229726	0.005997	0.0100718	0.0432701	0.291693
40	0.0100522	0.0379497	0.229726	0.005997	0.0100718	0.0427414	0.286585
41	0.010005	0.0375792	0.226704	0.00449775	0.0100718	0.0426473	0.280551
42	0.010005	0.0370576	0.226704	0.00449775	0.0100319	0.0420173	0.263983
43	0.0100522	0.037145	0.229726	0.00449775	0.0100319	0.0417177	0.235622
44	0.010005	0.0368773	0.19341	0.00149925	0.0100319	0.0415484	0.234997
45	0.010005	0.036661	0.190908	0.00149925	0.0100319	0.0421081	0.241902
46	0.010005	0.0364624	0.19153	0	0.0100319	0.041746	0.241902
47	0.0100183	0.0368771	0.197678	0.0029985	0.0100319	0.0409859	0.215621
48	0.010005	0.0372465	0.209128	0.0029985	0.0100461	0.0421813	0.264329
49	0.010005	0.0366115	0.19341	0.00149925	0.0100461	0.0452005	0.291693
50	0.010005	0.0361557	0.180939	0.00149925	0.0100461	0.0464828	0.298841
51	0.0101243	0.0362714	0.197678	0	0.0100461	0.0467712	0.291693
52	0.010005	0.0366824	0.20095	0.0029985	0.0100461	0.0481177	0.359992
53	0.010005	0.0371733	0.21735	0.00449775	0.0100461	0.0473519	0.324712
54	0.010005	0.0368953	0.21735	0.00449775	0.0100461	0.0457267	0.282001
55	0.010005	0.0364925	0.209128	0.00449775	0.0100461	0.0437974	0.230712
56	0.010005	0.0362809	0.198903	0.00449775	0.0100461	0.0421099	0.203357
57	0.010005	0.0360357	0.197678	0.00149925	0.0100461	0.0417497	0.197226
58	0.010005	0.0362125	0.20095	0.00149925	0.0100461	0.040522	0.192375
59	0.010005	0.0365204	0.20095	0.0029985	0.0100461	0.039863	0.189489
60	0.010005	0.0360335	0.198903	0.0029985	0.0100461	0.0397189	0.179656
61	0.010005	0.0363023	0.19341	0.0029985	0.0101948	0.0391151	0.179656
62	0.010005	0.0369231	0.198903	0.00449775	0.0101948	0.0394158	0.179656
63	0.010005	0.0374905	0.226734	0.00749625	0.0101464	0.0398255	0.179656
64	0.010005	0.0377247	0.259855	0.0104948	0.0101464	0.0402023	0.179778
65	0.010005	0.0373047	0.223002	0.005997	0.01008	0.0412669	0.189489
66	0.010005	0.0372032	0.208934	0.005997	0.0101948	0.0419382	0.194385
67	0.010005	0.0373917	0.223002	0.00449775	0.01008	0.0431022	0.206504
68	0.010005	0.0376952	0.208934	0.00449775	0.0102635	0.045113	0.241739
69	0.010005	0.0374886	0.199254	0.005997	0.0102635	0.0460417	0.237108
70	0.010005	0.0373625	0.208934	0.00449775	0.0102635	0.0474131	0.25769
71	0.010005	0.0370899	0.199254	0.00449775	0.0102788	0.0485774	0.257814
72	0.0100973	0.037883	0.211993	0.00449775	0.0102635	0.0500956	0.266695
73	0.010005	0.0385195	0.211518	0.00449775	0.0102635	0.0522053	0.287738
74	0.010005	0.0391268	0.226734	0.005997	0.0102635	0.054371	0.299917
75	0.010005	0.0392744	0.234024	0.005997	0.0102635	0.0561733	0.310541
76	0.010005	0.0394381	0.245596	0.0029985	0.0102635	0.0592578	0.35799
77	0.010005	0.040307	0.246619	0.00449775	0.0102635	0.06357	0.477139
78	0.010005	0.039981	0.245596	0.00449775	0.0102635	0.0682325	0.527563
79	0.010005	0.0401866	0.259855	0.005997	0.0102635	0.0707881	0.527563
80	0.010005	0.0411218	0.27466	0.0089955	0.0102098	0.0771848	0.735476
81	0.010005	0.0417463	0.280364	0.011994	0.0102098	0.083203	0.978655
82	0.010005	0.04167	0.246619	0.00749625	0.0102098	0.0972868	2.22915
83	0.010005	0.041147	0.246619	0.005997	0.0102098	0.108238	7.57105
84	0.010005	0.0409996	0.234024	0.005997	0.0102098	0.11555	17.0482
85	0.010005	0.0406363	0.226734	0.00449775	0.0101718	0.114016	17.0482
86	0.010005	0.0400884	0.22642	0.00149925	0.0101718	0.111811	13.6843
87	0.0100973	0.0399887	0.226734	0.0029985	0.0101718	0.115657	14.2236
88	0.010005	0.0405466	0.234553	0.005997	0.0101718	0.113672	7.57105
89	0.010005	0.040546	0.241191	0.00749625	0.0101718	0.116842	19.9102
90	0.010005	0.0413112	0.234553	0.00749625	0.0101718	0.112862	19.7783
91	0.010005	0.0417586	0.241191	0.005997	0.0101718	0.106229	14.2236
92	0.010005	0.0413608	0.240721	0.00449775	0.0101718	0.103779	14.2236
93	0.010005	0.0414686	0.240721	0.00449775	0.0101718	0.0944933	9.23291
94	0.010005	0.042423	0.248426	0.0029985	0.0101718	0.0820042	1.01319
95	0.010005	0.0433672	0.267906	0.00449775	0.0101718	0.0749134	0.734867
96	0.010005	0.0433542	0.253489	0.00449775	0.0101718	0.0657744	0.466032
97	0.010005	0.043678	0.26075	0.005997	0.0100699	0.0586937	0.338208
98	0.010005	0.0447741	0.267906	0.00749625	0.0100699	0.0574066	0.316518
99	0.010005	0.0449484	0.26075	0.0104948	0.0100699	0.0566589	0.299372
100	0.010005	0.0436535	0.267906	0.00749625	0.0100699	0.0562809	0.299372
101	0.010005	0.0440341	0.26075	0.0104948	0.0100699	0.0563837	0.310541
102	0.010005	0.0437702	0.254154	0.00749625	0.0100699	0.0567951	0.323123
103	0.010005	0.0443909	0.267906	0.0089955	0.0100699	0.0570841	0.316518
104	0.010005	0.0428686	0.247316	0.005997	0.0100699	0.0575005	0.326845
105	0.010005	0.0435638	0.244238	0.00449775	0.0100699	0.0571046	0.326845
106	0.010005	0.0435157	0.244238	0.0029985	0.0100699	0.0567263	0.326845
107	0.010005	0.0437524	0.247316	0.00449775	0.0100699	0.0579895	0.331623
108	0.0100183	0.0441794	0.247316	0.005997	0.0100699	0.0580643	0.342138
109	0.0101088	0.0449705	0.254154	0.005997	0.0100699	0.0670665	0.43688
110	0.0100183	0.044692	0.254154	0.0029985	0.0100699	0.0777792	0.773557
111	0.0100183	0.0467145	0.268774	0.005997	0.0100699	0.0779815	0.935305
112	0.0100183	0.0476165	0.289145	0.00749625	0.0100699	0.078378	1.31582
113	0.0101088	0.0480843	0.328513	0.00749625	0.0100112	0.0779478	1.31582
114	0.0101088	0.0494975	0.344003	0.0104948	0.0100112	0.0799259	1.55417
115	0.0100183	0.049944	0.328513	0.005997	0.0100112	0.0843167	1.95822
116	0.0100183	0.0504134	0.328513	0.00449775	0.0100047	0.0893089	3.3967
117	0.0100183	0.0506047	0.343499	0.00449775	0.0100047	0.091069	4.12365
118	0.0100183	0.0524463	0.372605	0.00449775	0.0100047	0.0991807	5.5813
119	0.0100183	0.0539582	0.372605	0.0029985	0.0100699	0.105944	7.02584
120	0.0100183	0.0550458	0.401504	0.0029985	0.0100047	0.110506	7.35563
121	0.0100183	0.05728	0.429981	0.005997	0.0100047	0.109273	7.51421
122	0.0100183	0.0583181	0.453375	0.005997	0.0100047	0.10928	7.51421
123	0.0101088	0.0581592	0.456504	0.0029985	0.0100047	0.120568	12.9544
124	0.0100183	0.0589353	0.453119	0.0029985	0.0100047	0.129525	18.3188
125	0.0100183	0.061666	0.475394	0.0089955	0.0100047	0.133509	19.1367
126	0.0100183	0.0624631	0.476272	0.0104948	0.0100047	0.138631	23.1533
127	0.0100183	0.0642776	0.479533	0.011994	0.0100047	0.144187	24.9004
128	0.0100183	0.066959	0.539766	0.017991	0.0100047	0.144931	24.9004
129	0.0100183	0.072332	0.643189	0.0224888	0.0100047	0.147569	29.7091
130	0.0100183	0.0807313	0.848881	0.0329835	0.0100047	0.142282	29.7091
131	0.0100183	0.0848677	0.880618	0.0374813	0.0100761	0.137578	31.4305
132	0.0100183	0.092287	0.911508	0.041979	0.0100047	0.141897	31.7454
133	0.0100183	0.106981	1.21013	0.0629685	0.0101403	0.140747	34.9961
134	0.0101603	0.121752	1.4445	0.0794603	0.0100047	0.139774	34.6587
135	0.0101603	0.141915	2.06998	0.104948	0.0100047	0.162323	39.678
136	0.0101603	0.119376	1.48302	0.0809595	0.01007	0.216257	47.014
137	0.0100183	0.104169	1.08503	0.0569715	0.0100047	0.230941	47.014
138	0.0100183	0.0939596	0.907995	0.0389805	0.01007	0.230691	47.014
139	0.0100183	0.0875772	0.808118	0.0329835	0.0100047	0.246074	47.014
140	0.0100183	0.0840781	0.787602	0.0284858	0.0100047	0.303317	48.2969
141	0.0100183	0.0806982	0.739825	0.0224888	0.0107994	0.350335	56.7115
142	0.0100183	0.076452	0.639457	0.0224888	0.0107994	0.421966	58.9857
143	0.0100183	0.0739809	0.592423	0.017991	0.0127402	0.491816	70.4546
144	0.0101338	0.0717851	0.556684	0.0134933	0.0127782	0.487939	70.4546
145	0.0102233	0.070538	0.561138	0.011994	0.013131	0.482666	70.4546
146	0.0101338	0.0690419	0.551023	0.0104948	0.0128305	0.454813	70.4546
147	0.0101338	0.0689824	0.548613	0.0104948	0.0130253	0.466446	70.4546
148	0.0102233	0.0676927	0.551023	0.0104948	0.0105263	0.467475	53.1516
149	0.0101603	0.0650906	0.535421	0.00749625	0.0101403	0.452897	48.2969
150	0.0101338	0.0646881	0.535421	0.0089955	0.0100047	0.454627	47.7051
151	0.0102345	0.0637283	0.535048	0.0089955	0.0109437	0.483783	55.4509
152	0.0101338	0.0633317	0.526974	0.0104948	0.0117837	0.507193	62.8385
153	0.0101338	0.0637549	0.535421	0.0164918	0.0130231	0.486129	70.4546
154	0.0102345	0.0634372	0.539596	0.0209895	0.0130231	0.490415	70.4546
155	0.0102345	0.0648021	0.559692	0.0254873	0.0105263	0.518577	55.4509
156	0.0102345	0.0646401	0.561964	0.023988	0.0105263	0.515596	55.4509
157	0.0100183	0.0650508	0.57235	0.0254873	0.0105263	0.53155	55.4509
158	0.0102345	0.065431	0.639457	0.0284858	0.0106742	0.558487	55.4509
159	0.0101536	0.0664267	0.675282	0.0329835	0.0127782	0.615208	70.4546
160	0.0102345	0.0694604	0.773658	0.041979	0.0163473	0.697639	93.1699
161	0.0100183	0.0752607	1.12781	0.0554723
