		omega		Posterior		rho				Synonymous theta			kappa			phi	
Site	Lower	Point	Higher	prob of +ve	Lower	Point	Higher		Lower	Point	Higher	Lower	Point	Higher	Lower	Point	Higher
	95% HPD	estimate	95% HPD	selection	95% HPD	estimate	95% HPD		95% HPD	estimate	95% HPD	95% HPD	estimate	95% HPD	95% HPD	estimate	95% HPD
0	0.0147985	1.26362	97.8344	0.538231	0.0100239	0.0702203	1.60376		0.0573445	0.0818614	0.111951	0.859763	1.67694	2.98728	567.766	2.78983e+08	1.0956e+15
1	0.0147609	1.17987	94.9458	0.529235	0.0100239	0.0650249	1.27311
2	0.0101713	1.08216	67.855	0.515742	0.0100819	0.0602517	1.12196
3	0.0147985	1.06071	97.8344	0.518741	0.0100819	0.0587358	0.864521
4	0.0137136	0.959455	94.9458	0.497751	0.0100819	0.055162	0.679352
5	0.0101713	0.934708	67.855	0.491754	0.0100819	0.0522554	0.613922
6	0.0147946	0.993587	95.5488	0.50075	0.010134	0.0535576	0.656803
7	0.012316	0.869161	78.201	0.482759	0.010134	0.0520264	0.61525
8	0.0128862	0.745255	76.5455	0.463268	0.010142	0.0509454	0.540305
9	0.010133	0.573457	56.2225	0.422789	0.010134	0.0504516	0.521851
10	0.011026	0.424211	56.6412	0.37931	0.010134	0.0500585	0.510307
11	0.010133	0.301142	35.4919	0.326837	0.010134	0.0505615	0.521851
12	0.010133	0.240481	29.6689	0.290855	0.010134	0.047887	0.446378
13	0.0100669	0.204737	26.9072	0.265367	0.010134	0.0458204	0.405234
14	0.0100669	0.175095	25.1721	0.242879	0.010134	0.0462309	0.429851
15	0.010133	0.151118	22.336	0.22039	0.010134	0.0450649	0.391987
16	0.0100669	0.122174	20.0678	0.196402	0.010134	0.0445555	0.391987
17	0.0105489	0.0991931	18.9498	0.167916	0.010134	0.0439904	0.381277
18	0.0100081	0.0764888	15.7379	0.122939	0.010134	0.0435968	0.389798
19	0.0100081	0.0530108	2.56484	0.0674663	0.010134	0.0446049	0.429851
20	0.0100081	0.0428697	0.41331	0.0374813	0.0101777	0.046743	0.583469
21	0.0100081	0.0342879	0.163103	0.0029985	0.010134	0.0468479	0.568586
22	0.0100081	0.0335274	0.156015	0.0029985	0.010134	0.0461835	0.504899
23	0.0100081	0.0329331	0.145364	0	0.010134	0.0462559	0.568586
24	0.0100081	0.0322127	0.134242	0	0.010134	0.0461434	0.504899
25	0.0100081	0.0315775	0.128976	0	0.010134	0.0467067	0.543904
26	0.0100081	0.0316775	0.128838	0	0.010134	0.0468898	0.486121
27	0.0100081	0.0315145	0.128838	0	0.0101179	0.045725	0.448916
28	0.0100081	0.0315767	0.128838	0.00149925	0.0101179	0.0438716	0.389798
29	0.0100081	0.0319746	0.133485	0.00149925	0.0101179	0.0409094	0.282803
30	0.0100081	0.0320928	0.131134	0.00149925	0.0101179	0.0378834	0.224656
31	0.0100081	0.0322174	0.128838	0	0.0101179	0.0380263	0.199132
32	0.0100669	0.0322827	0.128131	0	0.0101179	0.0376705	0.198699
33	0.0100669	0.0321382	0.125035	0	0.0101179	0.0378006	0.199132
34	0.0100669	0.0324543	0.122367	0	0.0101179	0.0371784	0.197608
35	0.0100669	0.0320739	0.117077	0	0.0101179	0.036759	0.190771
36	0.0100669	0.0319677	0.117077	0	0.010114	0.0363687	0.196163
37	0.0100669	0.0322434	0.117077	0	0.010114	0.0364275	0.197608
38	0.0100669	0.0322587	0.117077	0	0.010114	0.0362794	0.187328
39	0.0100669	0.0320247	0.116853	0	0.010114	0.0362786	0.190771
40	0.0100669	0.0320316	0.119254	0	0.010114	0.0365096	0.198699
41	0.0101857	0.0325491	0.125035	0	0.010114	0.0366172	0.199698
42	0.0101404	0.0327811	0.125035	0	0.010114	0.0373351	0.21266
43	0.0100669	0.0329882	0.124515	0	0.010114	0.0379425	0.223722
44	0.0100669	0.0333735	0.124515	0	0.0101179	0.0386482	0.231302
45	0.0101404	0.0332544	0.125035	0	0.0100896	0.0392831	0.231612
46	0.0100669	0.0328821	0.121672	0	0.0100896	0.040134	0.284992
47	0.0100669	0.0335116	0.124515	0.00149925	0.0100896	0.0400677	0.28077
48	0.0100669	0.0335806	0.122367	0	0.0100896	0.0417482	0.297431
49	0.0100669	0.0345305	0.125743	0.00149925	0.0100896	0.0442018	0.372344
50	0.0100669	0.0346871	0.125743	0	0.0100896	0.045983	0.39387
51	0.0100817	0.0358991	0.131134	0	0.010054	0.04966	0.475711
52	0.0100669	0.0361908	0.135379	0.00149925	0.010054	0.0528035	0.616107
53	0.0100669	0.0370812	0.136793	0.00149925	0.010054	0.0601127	0.730523
54	0.0100669	0.0381346	0.141647	0.0029985	0.010054	0.0805189	1.2725
55	0.0100669	0.0395895	0.156074	0.0029985	0.010054	0.116226	3.69593
56	0.0102875	0.0408646	0.162155	0.00149925	0.010054	0.19522	24.0237
57	0.0100669	0.0425448	0.169762	0.00149925	0.0101109	0.314558	34.6015
58	0.0100669	0.0435972	0.176211	0.0029985	0.010054	0.379097	36.7217
59	0.0100083	0.0455544	0.182135	0.00149925	0.010054	0.44969	36.2421
60	0.0100669	0.0477939	0.201804	0.00149925	0.0102648	0.530887	41.1427
61	0.0100083	0.0510325	0.23567	0.00149925	0.010054	0.549293	35.5898
62	0.010536	0.0536818	0.25896	0	0.010054	0.561324	31.0374
63	0.0100083	0.0581282	0.263252	0	0.015205	0.600096	41.1427
64	0.0100669	0.062139	0.296904	0.00149925	0.0138265	0.695146	38.179
65	0.0100669	0.0663599	0.30108	0.0029985	0.0300485	0.657789	75.7335
66	0.0100083	0.0728661	0.333895	0.0029985	0.030035	0.621086	62.1095
67	0.010536	0.0804575	0.368636	0.0029985	0.0100896	0.543511	8.64801
68	0.0103161	0.0900323	0.395009	0.0089955	0.0522172	0.71879	73.6301
69	0.0102875	0.0903142	0.380327	0.00749625	0.0105381	0.529458	28.4389
70	0.0114791	0.0892012	0.380327	0.00449775	0.0103998	0.426308	22.1865
71	0.0114791	0.0917544	0.406276	0.005997	0.0103998	0.36292	24.1917
72	0.0120288	0.0924668	0.409686	0.00749625	0.0101844	0.319044	28.4389
73	0.010536	0.0967645	0.406276	0.0089955	0.0103617	0.271331	28.3276
74	0.0136704	0.10052	0.516351	0.00749625	0.0104738	0.262315	28.4389
75	0.017456	0.104334	0.62938	0.0104948	0.0103617	0.223919	16.078
76	0.0175754	0.108177	0.664336	0.0104948	0.0103617	0.172086	3.73499
77	0.0207488	0.114389	0.799676	0.0149925	0.0104717	0.153994	3.51213
78	0.0229594	0.122826	0.907403	0.023988	0.0104717	0.134325	3.51422
79	0.0223681	0.122645	0.912973	0.023988	0.0103617	0.11572	3.13362
80	0.0175754	0.11137	0.646705	0.0134933	0.0104717	0.0928647	1.47651
81	0.0175754	0.0985876	0.568262	0.0089955	0.0103198	0.0776604	0.816798
82	0.0126549	0.0892005	0.385019	0.00149925	0.0103617	0.0711555	0.669058
83	0.0126549	0.0842601	0.338017	0	0.0103198	0.0705104	0.640108
84	0.0142498	0.0822273	0.358738	0	0.0101759	0.0653573	0.616107
85	0.0131206	0.0785969	0.317888	0	0.0103198	0.0636408	0.625757
86	0.0126549	0.0758715	0.299795	0	0.0101759	0.0612492	0.604862
87	0.0126549	0.0741769	0.299795	0	0.0101759	0.0629559	0.640108
88	0.0123097	0.072809	0.279784	0	0.0101759	0.0626213	0.652024
89	0.0126549	0.0706866	0.267678	0	0.0101759	0.0616658	0.652024
90	0.0126849	0.0703167	0.270805	0	0.0103198	0.0585654	0.625757
91	0.0126549	0.0699593	0.270805	0	0.0103198	0.0579299	0.625757
92	0.0126549	0.0699322	0.270805	0	0.0103198	0.057339	0.618763
93	0.0126549	0.0698104	0.260192	0	0.0103198	0.0539721	0.552755
94	0.0126549	0.0701978	0.260192	0	0.0103198	0.052377	0.55801
95	0.0126549	0.0705193	0.260192	0	0.0103198	0.0498419	0.419594
96	0.0123097	0.0706535	0.27035	0	0.0103198	0.0458686	0.337884
97	0.0159968	0.0720301	0.339564	0	0.0103198	0.0456422	0.34409
98	0.0163323	0.0736825	0.339564	0.00149925	0.0103198	0.042857	0.285767
99	0.0161493	0.0766177	0.339564	0.00149925	0.0100475	0.0408408	0.255345
100	0.0161493	0.0803064	0.339564	0.00149925	0.0103198	0.0385607	0.232008
101	0.0167109	0.08463	0.357565	0	0.0103198	0.0364732	0.201062
102	0.0167109	0.0901828	0.383523	0.00149925	0.0103198	0.0365825	0.201755
103	0.0184953	0.095658	0.462473	0.0029985	0.0103198	0.0366195	0.203952
104	0.0168373	0.107076	0.532554	0.0194903	0.0103198	0.0369053	0.203952
105	0.0168498	0.117103	0.675972	0.0284858	0.0100475	0.0362627	0.196078
106	0.0176028	0.114417	0.663829	0.0224888	0.0103213	0.0353356	0.178315
107	0.0176028	0.111753	0.663829	0.0224888	0.0100475	0.0347116	0.160129
108	0.0168498	0.113864	0.799865	0.0314843	0.0100475	0.0343422	0.151075
109	0.0131206	0.0938255	0.462473	0.011994	0.0101612	0.0337958	0.137467
110	0.0153127	0.0840501	0.42486	0.00449775	0.0102985	0.033534	0.143971
111	0.0113708	0.0779897	0.319462	0.0029985	0.0101612	0.0336079	0.148858
112	0.0113708	0.0712676	0.308837	0.0029985	0.0101612	0.0331225	0.146431
113	0.0113708	0.0699193	0.298818	0.0029985	0.0101612	0.0330728	0.148858
114	0.0108324	0.0684101	0.268361	0.00149925	0.0101612	0.03317	0.151075
115	0.0113708	0.0669986	0.268361	0.00149925	0.0102613	0.0323197	0.143971
116	0.0113708	0.0651599	0.259021	0.00149925	0.0101612	0.0326586	0.143971
117	0.0113708	0.0640083	0.255656	0.00149925	0.0102613	0.033024	0.152024
118	0.0113708	0.0632891	0.237924	0.00149925	0.0101612	0.0326593	0.140597
119	0.0115821	0.0628361	0.237924	0.00149925	0.0101612	0.0322164	0.140597
120	0.0113162	0.0627324	0.236779	0	0.0102613	0.0321074	0.137516
121	0.0113162	0.0632236	0.237924	0	0.0102985	0.0316729	0.137516
122	0.0108324	0.0623551	0.220857	0	0.0102985	0.032102	0.137516
123	0.0113162	0.0622826	0.220857	0	0.0102613	0.0327781	0.140938
124	0.0115106	0.0627652	0.220857	0	0.0101612	0.0333314	0.140938
125	0.0115106	0.0628422	0.218023	0	0.0102613	0.0339914	0.145166
126	0.0113162	0.0625906	0.229408	0	0.010297	0.0342964	0.148703
127	0.0113162	0.0630245	0.229408	0	0.0101612	0.034686	0.148703
128	0.0113162	0.0638428	0.233807	0	0.0102613	0.0355172	0.152804
129	0.0113162	0.0643023	0.236779	0	0.0101612	0.0362502	0.160129
130	0.0131206	0.0665928	0.27984	0.0029985	0.0102613	0.0368971	0.178315
131	0.0119689	0.0682587	0.27984	0.00449775	0.0101612	0.0374728	0.18642
132	0.011966	0.0631766	0.236779	0	0.010297	0.0384876	0.20192
133	0.0113305	0.0607962	0.220857	0	0.0101612	0.0396815	0.22873
134	0.0117963	0.0603566	0.220857	0	0.0101612	0.0400666	0.221687
135	0.0116603	0.0596561	0.220857	0	0.0101612	0.0408009	0.209261
136	0.0116603	0.058338	0.220857	0	0.0105381	0.0422555	0.239686
137	0.01038	0.0579702	0.19257	0	0.0103213	0.0444628	0.280787
138	0.01038	0.0564457	0.177428	0	0.0104945	0.0474517	0.338225
139	0.01038	0.0565043	0.177428	0	0.0104945	0.0493154	0.354641
140	0.01038	0.0561253	0.180593	0	0.0105381	0.0523035	0.400341
141	0.01038	0.0559728	0.180593	0	0.0104945	0.0569764	0.45948
142	0.01038	0.0556022	0.177428	0	0.0101612	0.061218	0.554403
143	0.01038	0.0552962	0.180593	0.00149925	0.0104945	0.0704922	0.658412
144	0.01038	0.0549335	0.173641	0	0.0101612	0.077878	0.780875
145	0.0101414	0.0551541	0.173641	0	0.0109522	0.089104	0.989061
146	0.0102896	0.0549875	0.173641	0	0.0127269	0.111545	1.32462
147	0.0102896	0.0555817	0.17832	0	0.0124218	0.123659	1.52022
148	0.0101414	0.0561375	0.184213	0	0.011641	0.130292	1.53441
149	0.0101414	0.0559128	0.187438	0	0.0122509	0.11241	1.40989
150	0.0102896	0.0577533	0.20437	0	0.0100159	0.086251	0.807615
151	0.0106198	0.0598285	0.226088	0.00149925	0.0100159	0.0747772	0.727597
152	0.01038	0.0619608	0.232753	0.00449775	0.0101612	0.0651618	0.553084
153	0.01038	0.0604637	0.226088	0.005997	0.0100159	0.0594367	0.459497
154	0.0122415	0.0573459	0.232753	0.0029985	0.0100159	0.0576042	0.441807
155	0.0102468	0.0562188	0.196052	0.0029985	0.0100159	0.0560784	0.401734
156	0.01038	0.0543725	0.184213	0.00149925	0.0101451	0.0523791	0.394693
157	0.0108324	0.0535648	0.184213	0	0.0101451	0.0491929	0.388469
158	0.0102468	0.051918	0.167413	0	0.0100159	0.0493251	0.394693
159	0.0108762	0.0506745	0.167413	0	0.0101451	0.0465757	0.358882
160	0.0108762	0.0507902	0.168644	0	0.0100159	0.045413	0.318544
161	0.0109151	0.0504605	0.168644	0	0.0100159	0.0436318	0.312632
162	0.0112636	0.049545	0.168644	0.00149925	0.0100159	0.041323	0.271742
163	0.0114819	0.048876	0.168644	0	0.0100159	0.0404275	0.261058
164	0.010556	0.0478001	0.149529	0	0.0100159	0.0389228	0.243262
165	0.010556	0.0469537	0.147192	0	0.0100159	0.0387562	0.243262
166	0.0100767	0.0468677	0.14568	0	0.0100159	0.0370194	0.190031
167	0.0104255	0.046499	0.149529	0	0.0100159	0.0356531	0.167738
168	0.0100767	0.0463519	0.144541	0	0.0100159	0.0348957	0.160129
169	0.0100767	0.0464623	0.148731	0	0.0100159	0.0340222	0.153725
170	0.0100767	0.0464203	0.147192	0	0.0100159	0.0332559	0.148831
171	0.0106549	0.0469585	0.164093	0.00149925	0.0100159	0.0331632	0.152024
172	0.0106549	0.0463422	0.163359	0	0.0100159	0.0328695	0.148831
173	0.0104255	0.0462831	0.157473	0	0.0100159	0.032789	0.152024
174	0.0104255	0.046122	0.157473	0	0.0100159	0.0325721	0.144831
175	0.0106623	0.046763	0.164809	0.00149925	0.0100159	0.0331422	0.149303
176	0.010556	0.0469376	0.164809	0	0.0100159	0.033379	0.152024
177	0.010556	0.0482504	0.170072	0	0.0100159	0.0332227	0.148024
178	0.0101015	0.0490303	0.170072	0	0.0100159	0.0331582	0.149303
179	0.0101015	0.0502815	0.18381	0	0.0100159	0.032822	0.148024
180	0.0102468	0.0518538	0.195856	0.00149925	0.0100159	0.032902	0.149303
181	0.010556	0.0532348	0.219867	0	0.0100159	0.0332435	0.157907
182	0.0101015	0.0551903	0.219867	0	0.0100159	0.0337266	0.165178
183	0.0101015	0.0584825	0.248329	0.0029985	0.0100159	0.0337666	0.157907
184	0.0101015	0.0624371	0.287763	0.0029985	0.0100159	0.0340475	0.160583
185	0.0106623	0.0674191	0.381465	0.00149925	0.0100159	0.0347871	0.186792
186	0.0100686	0.0717036	0.395497	0.005997	0.0100159	0.0371722	0.251777
187	0.0100686	0.0709375	0.395497	0.00449775	0.0101451	0.0386586	0.301567
188	0.0100686	0.0707486	0.395497	0.00449775	0.0100159	0.0400878	0.341971
189	0.0106623	0.0695585	0.395497	0.00449775	0.0100159	0.0439725	0.44149
190	0.0106623	0.0680681	0.395382	0.0029985	0.0100159	0.0529321	1.35979
191	0.0100686	0.0681586	0.391511	0.005997	0.0100159	0.0635349	3.16069
192	0.0101015	0.0690424	0.471622	0.0104948
