		omega		Posterior		rho				Synonymous theta			kappa			phi	
Site	Lower	Point	Higher	prob of +ve	Lower	Point	Higher		Lower	Point	Higher	Lower	Point	Higher	Lower	Point	Higher
	95% HPD	estimate	95% HPD	selection	95% HPD	estimate	95% HPD		95% HPD	estimate	95% HPD	95% HPD	estimate	95% HPD	95% HPD	estimate	95% HPD
0	0.0101319	0.23751	7.38752	0.230885	0.0100096	0.481898	47.8802		0.000648565	0.00435034	0.0194664	3.94682e+07	1.06912e+11	9.87991e+13	0	0	0
1	0.0101319	0.210505	5.3051	0.209895	0.0100997	0.472714	46.8271
2	0.0101319	0.194522	4.03292	0.191904	0.0100997	0.484797	47.0946
3	0.0102659	0.186601	3.8748	0.187406	0.0100096	0.478891	47.0946
4	0.0102659	0.176887	3.60946	0.176912	0.0100096	0.490353	49.9635
5	0.0101319	0.17828	3.74663	0.17991	0.0101838	0.50584	51.7356
6	0.0101319	0.174612	3.60946	0.173913	0.0105629	0.561954	53.3026
7	0.0100532	0.180975	3.74663	0.17991	0.0101838	0.609371	49.9635
8	0.0104634	0.198672	4.30975	0.197901	0.0105629	0.666891	52.8837
9	0.0100532	0.191317	3.8748	0.190405	0.0105629	0.697076	52.8837
10	0.0100532	0.185229	3.74663	0.190405	0.0101838	0.713182	52.9782
11	0.0100532	0.17384	3.22499	0.170915	0.0112472	0.796865	60.7112
12	0.0100532	0.170132	3.18199	0.172414	0.0112472	0.794311	60.5885
13	0.0100532	0.164282	3.18199	0.169415	0.0112513	0.873523	65.4348
14	0.0101319	0.164924	3.24727	0.167916	0.0102946	0.95633	60.7879
15	0.0100532	0.166981	3.03977	0.167916	0.0108376	0.926613	68.3103
16	0.0102192	0.171368	3.24727	0.175412	0.0112513	0.95606	71.8176
17	0.0100532	0.168441	3.11263	0.167916	0.0128315	0.965214	78.7012
18	0.0100532	0.166991	2.52702	0.16042	0.0121161	0.996281	76.8561
19	0.0102192	0.174962	2.71605	0.163418	0.0129562	1.03287	78.7012
20	0.0100532	0.180315	2.71605	0.166417	0.0130619	1.04604	76.8561
21	0.0102192	0.183419	2.65696	0.164918	0.0136383	1.06682	75.1746
22	0.0100496	0.188104	2.83065	0.169415	0.0134439	1.07416	75.1746
23	0.0100496	0.193687	2.83065	0.175412	0.0134439	1.0929	76.8561
24	0.0100496	0.193859	2.83065	0.176912	0.0171084	1.04484	99.392
25	0.0102391	0.190032	2.71605	0.172414	0.0171084	1.04236	99.392
26	0.0102391	0.187055	2.74131	0.172414	0.0171084	1.09157	98.3608
27	0.0102391	0.193691	2.95837	0.17991	0.0171084	1.07857	99.392
28	0.0102391	0.198731	3.17493	0.181409	0.0171084	1.05583	99.1051
29	0.0104015	0.20738	3.55797	0.191904	0.0171084	1.08476	99.1051
30	0.0104015	0.211332	3.58555	0.1994	0.0167863	1.12408	99.392
31	0.0110102	0.211831	4.1436	0.206897	0.0158507	1.08724	99.392
32	0.0110102	0.212732	4.1436	0.206897	0.0122827	1.02946	76.4165
33	0.0104015	0.217874	4.10788	0.214393	0.0130017	0.969962	76.4165
34	0.0108168	0.228106	4.64351	0.221889	0.0122827	0.946864	76.4165
35	0.0104015	0.234551	4.64351	0.227886	0.0129966	0.96012	76.4165
36	0.0106617	0.255878	5.08297	0.248876	0.0132376	0.974992	76.4165
37	0.0104015	0.268743	5.08297	0.26087	0.0136383	0.952301	76.4165
38	0.0107441	0.276417	5.42395	0.269865	0.0136383	0.949419	76.4165
39	0.0104015	0.278925	5.08297	0.268366	0.0127897	0.882652	73.0067
40	0.0106617	0.291886	5.20193	0.283358	0.0127897	0.917981	73.0067
41	0.0104015	0.292793	4.88298	0.281859	0.0127897	0.947118	73.0067
42	0.0104015	0.322557	5.96544	0.29985	0.0129371	1.02734	75.1746
43	0.0104438	0.343263	6.34274	0.313343	0.0129371	1.13338	75.1746
44	0.0104438	0.372271	6.69328	0.335832	0.0127897	1.14457	75.1746
45	0.0104015	0.389624	6.69328	0.346327	0.0129371	1.23854	77.1661
46	0.0104015	0.412013	7.05257	0.35982	0.0129371	1.25923	77.1661
47	0.0106617	0.489959	8.66274	0.395802	0.0167863	1.33558	99.1051
48	0.0104015	0.545167	9.96107	0.421289	0.0182003	1.45665	99.8193
49	0.0106617	0.641081	11.3065	0.454273	0.0171232	1.50132	99.8193
50	0.0204079	0.852245	20.8934	0.508246	0.0183743	1.4981	99.8193
51	0.0208644	1.14449	23.3371	0.572714	0.018765	1.51788	99.8193
52	0.0977934	1.8312	72.0523	0.652174	0.0182003	1.51649	99.8193
53	0.0102816	1.13864	18.2239	0.574213	0.0168223	1.41532	99.3953
54	0.0109714	0.879423	15.5333	0.523238	0.0183743	1.35996	99.8193
55	0.0109525	0.66683	12.1981	0.473763	0.0182003	1.331	99.8193
56	0.0113161	0.551051	10.4805	0.436282	0.018765	1.29679	99.8193
57	0.0101436	0.470722	8.66274	0.4003	0.0183364	1.22901	99.3953
58	0.0109525	0.450332	8.98236	0.394303	0.0167174	1.14277	99.3953
59	0.0109525	0.422731	8.66274	0.386807	0.0163081	1.10578	99.8193
60	0.0101436	0.392866	7.93933	0.370315	0.0167174	1.10585	99.8193
61	0.0103898	0.372819	7.93933	0.362819	0.0163081	1.0297	99.8193
62	0.0101436	0.345284	7.1537	0.346327	0.0169602	1.03108	99.8193
63	0.0103898	0.33515	6.65356	0.337331	0.0174146	1.07131	99.8193
64	0.0103898	0.327329	6.78779	0.326837	0.0160495	0.960928	96.8913
65	0.0101436	0.323245	7.48107	0.323838	0.0137178	0.878714	82.651
66	0.0103898	0.339571	9.59608	0.332834
