		omega		Posterior		rho				Synonymous theta			kappa			phi	
Site	Lower	Point	Higher	prob of +ve	Lower	Point	Higher		Lower	Point	Higher	Lower	Point	Higher	Lower	Point	Higher
	95% HPD	estimate	95% HPD	selection	95% HPD	estimate	95% HPD		95% HPD	estimate	95% HPD	95% HPD	estimate	95% HPD	95% HPD	estimate	95% HPD
0	0.0314344	0.151676	0.506714	0.00149925	0.0112674	0.110145	1.03173		0.050058	0.0672612	0.0870815	2.19378	4.37547	7.96909	2.26035	8.58177	34.7402
1	0.0338943	0.15169	0.506714	0	0.0103176	0.105366	0.824983
2	0.0369225	0.151227	0.484027	0	0.0103176	0.10472	0.755219
3	0.0369225	0.152524	0.503139	0	0.0112674	0.105308	0.755219
4	0.0369225	0.152934	0.503139	0	0.0126739	0.105694	0.746445
5	0.0369225	0.153215	0.503139	0	0.012775	0.10644	0.733125
6	0.0369225	0.153606	0.503139	0	0.0128058	0.110094	0.733125
7	0.0369225	0.154254	0.476687	0	0.012775	0.113695	0.746445
8	0.0369225	0.154955	0.476687	0	0.0188299	0.118031	1.064
9	0.0369225	0.155378	0.476687	0	0.0186782	0.120433	1.064
10	0.0370979	0.156037	0.476687	0	0.0188299	0.125793	1.064
11	0.0370979	0.156621	0.476687	0	0.0183959	0.129357	1.064
12	0.0394987	0.15791	0.476687	0	0.0189986	0.137986	1.064
13	0.0394987	0.158195	0.476687	0	0.0205003	0.145639	1.064
14	0.0377652	0.15937	0.462682	0	0.0225702	0.147553	1.064
15	0.0377652	0.160539	0.462682	0	0.0225702	0.14673	1.064
16	0.0377652	0.161368	0.462682	0	0.0237057	0.148073	1.064
17	0.0543926	0.161256	0.704881	0	0.0247992	0.147095	1.064
18	0.0504204	0.161019	0.665891	0	0.0227948	0.136535	1.064
19	0.0504204	0.160421	0.665891	0	0.016539	0.121919	0.76941
20	0.0524684	0.160849	0.66317	0	0.0139772	0.113399	0.667755
21	0.0543926	0.16097	0.665891	0	0.0139772	0.106908	0.667755
22	0.0501618	0.1569	0.722752	0	0.0125854	0.103723	0.728871
23	0.0417157	0.156395	0.704881	0.00149925	0.0116224	0.0969536	0.602793
24	0.0417157	0.159353	0.704881	0.0029985	0.0114743	0.0897671	0.590694
25	0.0370979	0.160011	0.722752	0.005997	0.0105585	0.0857402	0.552521
26	0.0314344	0.157841	0.704881	0.0089955	0.0105963	0.0758565	0.486735
27	0.0292796	0.163446	1.00434	0.017991	0.0101434	0.0760291	0.486735
28	0.019973	0.135354	0.750362	0.005997	0.0101434	0.0750904	0.509818
29	0.0113335	0.112027	0.463919	0.00149925	0.0101434	0.0741195	0.590694
30	0.0100152	0.0958526	0.363845	0.00149925	0.0101434	0.0721922	0.559851
31	0.0102383	0.0856802	0.33787	0	0.0101434	0.072037	0.5875
32	0.0103509	0.0785335	0.324682	0	0.0101434	0.0716076	0.602793
33	0.0103509	0.0732655	0.316518	0	0.0101434	0.0722683	0.634526
34	0.0103509	0.0689923	0.308027	0	0.0101434	0.0725535	0.667755
35	0.0103509	0.0654683	0.286459	0.00149925	0.0101434	0.0713082	0.689673
36	0.0100152	0.0628261	0.271191	0.00149925	0.0101434	0.0712214	0.749523
37	0.0103509	0.0606981	0.277594	0.0029985	0.0101434	0.0716387	0.845278
38	0.0102383	0.0585539	0.267301	0.00149925	0.0101434	0.0755424	1.44889
39	0.0100868	0.0563203	0.252507	0	0.0101434	0.0741264	1.42027
40	0.0103509	0.054099	0.250246	0	0.0100899	0.0747743	1.47768
41	0.0102129	0.0525804	0.250133	0	0.010461	0.074355	1.47768
42	0.0100868	0.0511229	0.232385	0	0.010461	0.0729219	1.44889
43	0.0100868	0.0500976	0.219631	0	0.0100899	0.0701033	1.18344
44	0.0100868	0.0484572	0.219631	0	0.0100899	0.0733692	2.12212
45	0.0100868	0.0472908	0.219631	0.00449775	0.0100899	0.0690096	1.44889
46	0.0103509	0.0451257	0.219631	0	0.0100899	0.0693685	1.44889
47	0.0100382	0.0441753	0.211653	0	0.0100899	0.066865	1.44889
48	0.010323	0.0434805	0.220924	0	0.0101434	0.0651522	1.44889
49	0.0100204	0.0436289	0.218143	0	0.0100899	0.0631414	1.13775
50	0.0100204	0.0434399	0.209464	0	0.0100899	0.0614618	0.995091
51	0.0100204	0.0429261	0.207398	0	0.0100199	0.0601482	1.02985
52	0.0100204	0.0416142	0.189781	0	0.0100899	0.0596884	1.01464
53	0.0100868	0.0409456	0.182393	0.00149925	0.0100899	0.0588856	0.928829
54	0.0100797	0.0394058	0.174807	0	0.0100899	0.0599641	0.928829
55	0.0100204	0.0402613	0.178834	0.00149925	0.0100899	0.0589475	0.928829
56	0.0100204	0.0409272	0.184404	0.00449775	0.0100899	0.0585679	0.928829
57	0.0100204	0.0408827	0.184404	0.00449775	0.0100899	0.0544978	0.601511
58	0.0100204	0.0403791	0.197675	0.00149925	0.0100899	0.0526932	0.43474
59	0.0100204	0.0416419	0.217193	0.00149925	0.0100899	0.0511639	0.374732
60	0.0100797	0.0415845	0.225179	0.00149925	0.0100899	0.0480863	0.301608
61	0.0100797	0.043164	0.238	0.00149925	0.0100899	0.0478111	0.301608
62	0.0100797	0.0437898	0.243292	0.0029985	0.0100899	0.0456562	0.247358
63	0.0100797	0.0430293	0.23491	0	0.0100899	0.0450415	0.227444
64	0.0100797	0.0431451	0.238	0.00149925	0.0100899	0.0452	0.227444
65	0.0100797	0.043407	0.243292	0.00149925	0.0100899	0.045169	0.214349
66	0.010323	0.0442679	0.258726	0.0029985	0.0100899	0.0473961	0.247358
67	0.0100797	0.0447379	0.255694	0.0029985	0.0100899	0.0483632	0.254785
68	0.0100868	0.0451413	0.258726	0.0029985	0.0100899	0.0478379	0.249632
69	0.0100797	0.0464107	0.267275	0.0029985	0.0100899	0.0467716	0.247358
70	0.0100797	0.047464	0.267275	0.00149925	0.0100899	0.0452582	0.228302
71	0.0100797	0.0503395	0.341421	0.00449775	0.0100899	0.045149	0.228335
72	0.0100868	0.0560681	0.446712	0.0164918	0.010015	0.0460828	0.219527
73	0.0100868	0.0504945	0.369085	0.00749625	0.010015	0.0479217	0.243666
74	0.0100868	0.0476597	0.308532	0.0029985	0.010015	0.0499736	0.254785
75	0.010211	0.0441628	0.258726	0.0029985	0.010015	0.0497706	0.254785
76	0.0100178	0.0416807	0.24565	0	0.010015	0.0493594	0.249632
77	0.0100368	0.0392466	0.221143	0	0.010015	0.0482526	0.24765
78	0.0100178	0.0383973	0.207228	0	0.010015	0.0480197	0.24765
79	0.0100178	0.0372538	0.19868	0	0.010015	0.047007	0.228335
80	0.0100178	0.035937	0.19868	0	0.010015	0.0456483	0.200179
81	0.0100178	0.0348168	0.20158	0	0.010015	0.0452987	0.19758
82	0.0100137	0.0336873	0.189781	0.00149925	0.010015	0.0453214	0.192514
83	0.0100137	0.0316456	0.178323	0.0029985	0.010015	0.0439481	0.172934
84	0.0100137	0.0310478	0.170618	0.00449775	0.010015	0.0427871	0.160405
85	0.0100178	0.0296843	0.166931	0.0029985	0.0100751	0.0413379	0.148774
86	0.0100137	0.0301731	0.169769	0.0089955	0.0100751	0.0400921	0.141695
87	0.0100137	0.0282979	0.1298	0	0.0100899	0.0400671	0.141695
88	0.0100137	0.0275791	0.120464	0	0.0103555	0.0400816	0.142495
89	0.0100137	0.0271793	0.113966	0	0.0100899	0.0396242	0.142495
90	0.0100137	0.0270085	0.113966	0	0.0103555	0.0391554	0.1441
91	0.0100211	0.0269844	0.113966	0.00149925	0.0100899	0.039495	0.1441
92	0.0100211	0.026809	0.113966	0.00149925	0.0100899	0.0386106	0.143265
93	0.0100211	0.0260093	0.108168	0	0.0102263	0.0377927	0.143265
94	0.0100211	0.0250876	0.0973373	0	0.010015	0.0376235	0.138029
95	0.0100211	0.0248622	0.0967505	0	0.010015	0.037562	0.136223
96	0.0100211	0.0248477	0.0973373	0	0.0100899	0.0373838	0.138029
97	0.0100211	0.02469	0.0980126	0	0.010015	0.0374737	0.135206
98	0.0100368	0.0246542	0.0980961	0	0.010015	0.037479	0.136223
99	0.0100211	0.024421	0.0954509	0	0.010015	0.0371383	0.136223
100	0.0100211	0.0240925	0.0902143	0	0.010015	0.0376139	0.142495
101	0.0100211	0.0241041	0.0868425	0	0.0103555	0.0378538	0.148774
102	0.0100211	0.0240014	0.0868425	0	0.010051	0.0383361	0.148774
103	0.0100211	0.0241401	0.0868425	0	0.010015	0.0382326	0.14515
104	0.0100211	0.024026	0.0859172	0.00149925	0.0100899	0.038049	0.14515
105	0.0100211	0.023965	0.0857995	0	0.010051	0.0380525	0.14515
106	0.0100211	0.0239645	0.0864142	0	0.010015	0.0368072	0.138372
107	0.0100211	0.0233575	0.0837257	0	0.010015	0.035968	0.136223
108	0.0100211	0.0230472	0.0807901	0	0.010051	0.0354098	0.13511
109	0.0100211	0.0230785	0.0807901	0	0.0100899	0.0355393	0.138372
110	0.0100211	0.0229828	0.0778252	0	0.010051	0.0356861	0.13511
111	0.0100211	0.0230305	0.0794958	0	0.0100899	0.0361535	0.138372
112	0.0100211	0.02287	0.0794958	0	0.0103795	0.0374942	0.146053
113	0.0100211	0.0228579	0.0802954	0	0.0101259	0.0389043	0.168939
114	0.0100211	0.0230695	0.082347	0	0.0103795	0.0394924	0.191209
115	0.0100211	0.0234331	0.0837257	0.00149925	0.0101259	0.0401839	0.196012
116	0.0100211	0.0232995	0.0837257	0.00149925	0.0103795	0.0400249	0.194002
117	0.0100211	0.0232198	0.0837257	0.00149925	0.0103795	0.0406223	0.220765
118	0.0100282	0.0229063	0.0826589	0.00149925	0.0101259	0.0414138	0.22098
119	0.0100282	0.0227974	0.0826589	0.00149925	0.0103795	0.0424071	0.249359
120	0.0100282	0.0228421	0.0826589	0.0029985	0.0103795	0.0433123	0.255531
121	0.0100282	0.0227741	0.0826589	0.00149925	0.0103795	0.0442439	0.267092
122	0.0100211	0.0226212	0.082347	0	0.0101259	0.0464866	0.309516
123	0.0100211	0.0225046	0.0811451	0	0.0103795	0.0484272	0.325457
124	0.0100211	0.0225911	0.0815608	0	0.0103795	0.0503394	0.331926
125	0.0100211	0.0225127	0.0815608	0	0.0103795	0.0510848	0.337571
126	0.0100211	0.0225427	0.0815608	0	0.010178	0.0578438	0.520654
127	0.0100211	0.0222943	0.0807901	0	0.010178	0.0675344	0.824375
128	0.0100211	0.0221641	0.0802954	0	0.010178	0.11534	2.9004
129	0.0100211	0.0222219	0.0778252	0.0029985	0.010178	0.183409	32.1627
130	0.0100211	0.0220554	0.0762765	0.0029985	0.0139654	0.289464	51.1416
131	0.0100211	0.0219123	0.0738825	0.00149925	0.0283845	0.542764	74.2425
132	0.0100211	0.0218628	0.0738825	0	0.0283845	0.611001	64.7809
133	0.0100211	0.0222059	0.0788282	0	0.0228376	0.32069	43.8354
134	0.0100211	0.0223177	0.0788282	0	0.0133026	0.270679	16.8616
135	0.0100211	0.0224493	0.0788282	0.00149925	0.0101731	0.257113	13.783
136	0.0100211	0.0225956	0.0788282	0.00149925	0.0139964	0.252946	13.783
137	0.0100211	0.0226582	0.07849	0.00149925	0.0142537	0.212112	1.71001
138	0.0100211	0.0231785	0.0807901	0.0029985	0.0186895	0.185749	1.50601
139	0.0100211	0.0231275	0.0807901	0.00149925	0.0205842	0.158364	1.25626
140	0.0100211	0.023113	0.0807901	0.00149925	0.017602	0.143503	1.02044
141	0.0100211	0.0229103	0.07849	0.00149925	0.0183283	0.130808	0.886687
142	0.0100211	0.0226432	0.0780763	0	0.017602	0.120397	0.847429
143	0.0100211	0.0225072	0.0778252	0	0.017602	0.112648	0.847429
144	0.0100211	0.0224148	0.0762765	0	0.0183283	0.107722	0.847429
145	0.0100211	0.0222067	0.0761213	0	0.0138903	0.103301	0.699395
146	0.0100211	0.0221537	0.0762765	0	0.013488	0.10382	0.722967
147	0.0100211	0.0222424	0.0780763	0	0.0122717	0.103286	0.71633
148	0.0100681	0.0226679	0.0837257	0.00149925	0.0112884	0.100264	0.699395
149	0.0100681	0.0227161	0.0837257	0.00149925	0.0122712	0.0955642	0.699395
150	0.0100737	0.0226113	0.083465	0.00149925	0.0114312	0.0962498	0.681539
151	0.0100211	0.0227081	0.0837257	0.00149925	0.0123183	0.0924419	0.678566
152	0.0100211	0.0227802	0.0837257	0.00149925	0.011567	0.0844212	0.533879
153	0.0100737	0.022478	0.0837257	0	0.011567	0.0781429	0.504748
154	0.010095	0.0223729	0.083465	0	0.0122712	0.0732665	0.475487
155	0.0100737	0.0222454	0.083465	0	0.011567	0.0718506	0.416686
156	0.0100737	0.0225874	0.0854101	0	0.0115353	0.0693253	0.41483
157	0.0100211	0.0224055	0.0837257	0	0.011034	0.0676553	0.372715
158	0.0100211	0.022356	0.0837257	0	0.0106063	0.0650624	0.336578
159	0.0100458	0.0224421	0.0850478	0	0.0103289	0.0625135	0.315171
160	0.0100458	0.022697	0.0872892	0	0.0106063	0.0602523	0.315171
161	0.0100458	0.0229867	0.0941662	0	0.0106063	0.0614315	0.329332
162	0.0100458	0.0226015	0.0854101	0	0.0103289	0.0585861	0.27817
163	0.0100458	0.0228008	0.0872892	0	0.011567	0.0592662	0.315171
164	0.0100458	0.0227954	0.0861805	0	0.011567	0.0585156	0.315171
165	0.0100458	0.0228262	0.0854101	0	0.0103289	0.0577933	0.27817
166	0.0100737	0.0230702	0.0854101	0.00149925	0.0106063	0.0563364	0.272809
167	0.0100737	0.0230964	0.0854101	0	0.0105939	0.0552639	0.252304
168	0.0100737	0.0230868	0.0851996	0	0.0103289	0.0553629	0.24401
169	0.0100737	0.0234258	0.0941662	0	0.0103289	0.0549669	0.24401
170	0.0100737	0.0232903	0.0941662	0	0.0105939	0.0564585	0.252304
171	0.0100737	0.0234006	0.0961089	0	0.0103289	0.0545619	0.231169
172	0.0100019	0.0233281	0.0941662	0	0.0105939	0.0531262	0.207095
173	0.0100019	0.0233294	0.0914764	0	0.0103289	0.0531244	0.207095
174	0.0100019	0.0233504	0.0914764	0	0.0103289	0.0539667	0.231169
175	0.0100019	0.0236501	0.0961089	0	0.0103289	0.0530611	0.221265
176	0.0100019	0.0238454	0.101345	0	0.0103289	0.0522747	0.221265
177	0.0100019	0.0239462	0.11048	0	0.0103289	0.0518059	0.202376
178	0.0100019	0.0241663	0.11174	0	0.0101619	0.0515636	0.196723
179	0.0100019	0.024289	0.11048	0	0.0105811	0.0501154	0.182555
180	0.0100019	0.0245821	0.11174	0	0.0101619	0.0510625	0.187782
181	0.0100019	0.0246491	0.11174	0	0.0101619	0.0508792	0.187782
182	0.0100019	0.0246308	0.11048	0	0.0105811	0.0505323	0.187782
183	0.0100019	0.0249303	0.11174	0	0.0105811	0.0504419	0.187782
184	0.0100019	0.0252264	0.11174	0	0.0105811	0.0502205	0.185936
185	0.0100019	0.0253837	0.110845	0	0.0105811	0.0511631	0.185936
186	0.0100019	0.0254467	0.108013	0	0.0105811	0.0502102	0.183914
187	0.0100019	0.0260391	0.113412	0	0.0105811	0.0506086	0.183914
188	0.0100019	0.0266736	0.119694	0	0.0105811	0.0516095	0.187782
189	0.0100019	0.0270567	0.124396	0	0.0105939	0.051584	0.192644
190	0.0100019	0.0271612	0.134151	0	0.0106063	0.0524099	0.19607
191	0.0100019	0.0279848	0.138288	0.00149925	0.0101619	0.0525089	0.19607
192	0.0100019	0.0278597	0.134151	0	0.010088	0.0539422	0.221265
193	0.0100019	0.0277397	0.122331	0	0.010088	0.0545637	0.231169
194	0.0100019	0.0280237	0.135589	0	0.0105939	0.0569765	0.305137
195	0.0100019	0.0281889	0.138288	0	0.0105939	0.0583902	0.315171
196	0.0100019	0.0284856	0.139578	0	0.0105939	0.0575696	0.302407
197	0.0100019	0.0286545	0.138288	0	0.010088	0.0567885	0.231016
198	0.0100019	0.0289582	0.139578	0	0.010088	0.0566072	0.231016
199	0.0100659	0.0297164	0.154514	0.00149925	0.010088	0.0568313	0.264904
200	0.0100659	0.029993	0.158348	0.0029985	0.010088	0.0570831	0.253563
201	0.0100019	0.0313362	0.169552	0.00149925	0.010088	0.0572364	0.264904
202	0.0100019	0.0324387	0.188218	0.0029985	0.010088	0.0576663	0.264904
203	0.0100019	0.0325891	0.185946	0	0.0118499	0.057816	0.315171
204	0.0100799	0.0334309	0.188218	0	0.0103745	0.0580016	0.264904
205	0.0100659	0.0355349	0.204252	0	0.0103745	0.0578369	0.270301
206	0.0100019	0.0366694	0.213285	0.00149925	0.0106063	0.0558389	0.25542
207	0.0100019	0.0370605	0.214757	0.00149925	0.0105939	0.0557417	0.253563
208	0.0100659	0.037649	0.227409	0.00149925	0.0103455	0.0562515	0.270301
209	0.0100019	0.0400188	0.25511	0.005997	0.0103455	0.0514474	0.225547
210	0.0100659	0.040812	0.25511	0	0.0106063	0.0479834	0.19607
211	0.0100799	0.0423374	0.258303	0	0.0106063	0.0450668	0.183914
212	0.0100019	0.0456167	0.275506	0	0.0103285	0.042443	0.163977
213	0.0100799	0.0478288	0.283412	0	0.0100812	0.0415557	0.147449
214	0.0100019	0.0504894	0.283412	0	0.0100812	0.0407002	0.147449
215	0.0100799	0.0550491	0.3153	0.0029985	0.0101256	0.0391318	0.141119
216	0.0100799	0.0575968	0.323221	0.0029985	0.0100812	0.038636	0.136514
217	0.0100799	0.0605607	0.384179	0.005997	0.0100812	0.0380521	0.136514
218	0.0103085	0.0665087	0.404407	0.00749625	0.0101381	0.0371862	0.125257
219	0.0103332	0.0751527	0.519755	0.0089955	0.0100812	0.0360658	0.11566
220	0.0127301	0.0956144	0.861081	0.023988	0.0100812	0.0354913	0.110677
221	0.0122573	0.0846058	0.576539	0.00749625	0.0100812	0.0352659	0.115253
222	0.0118271	0.0811484	0.519755	0.0089955	0.0103285	0.0353298	0.11779
223	0.0121327	0.0790145	0.507806	0.0089955	0.0103285	0.0352092	0.11779
224	0.011525	0.0774343	0.47098	0.0089955	0.0103285	0.0354921	0.118385
225	0.0121288	0.077325	0.507806	0.0104948	0.0101381	0.0347439	0.115253
226	0.0122863	0.0774494	0.519755	0.0104948	0.0100812	0.0336238	0.108156
227	0.0120937	0.0805999	0.576539	0.011994	0.0100812	0.0333752	0.105998
228	0.0118271	0.0832567	0.625357	0.017991	0.0100812	0.0325953	0.102312
229	0.0121288	0.0751447	0.625357	0.0134933	0.0101015	0.0325707	0.10398
230	0.0118271	0.0710886	0.593957	0.0104948	0.0100812	0.0323119	0.102312
231	0.0103085	0.0666615	0.402729	0.00749625	0.0100812	0.0321835	0.102312
232	0.0100686	0.0622789	0.367906	0.005997	0.0101015	0.0323137	0.102312
233	0.0100686	0.0579356	0.324893	0.0104948	0.0100812	0.0316874	0.0993653
234	0.0101605	0.0535712	0.271079	0.0029985	0.0100812	0.0319928	0.0999832
235	0.010148	0.0520498	0.265986	0.00149925	0.0100812	0.03266	0.105575
236	0.0100686	0.0513911	0.246214	0	0.0101015	0.0325604	0.102312
237	0.010148	0.0491006	0.232603	0.00149925	0.0101352	0.0324788	0.102591
238	0.0100686	0.048426	0.229308	0.00149925	0.0100812	0.0327449	0.105575
239	0.010148	0.0461241	0.216662	0.00149925	0.0100812	0.0325046	0.102312
240	0.010148	0.0445841	0.193282	0	0.0101352	0.0328412	0.102591
241	0.010173	0.0433549	0.193282	0	0.0101352	0.0329904	0.102591
242	0.010148	0.0431198	0.193282	0	0.0100812	0.0332411	0.102591
243	0.0100686	0.0427199	0.18974	0	0.0100812	0.0340455	0.105125
244	0.0100686	0.041846	0.18974	0.00149925	0.0100812	0.0348096	0.108156
245	0.0100217	0.0413577	0.187595	0.00149925	0.0101352	0.0348156	0.110677
246	0.0100217	0.0403702	0.177653	0.0029985	0.0100812	0.0352929	0.113171
247	0.0100217	0.0390573	0.162561	0	0.0100812	0.0352331	0.113814
248	0.0100217	0.0382652	0.162561	0	0.0100812	0.03585	0.116285
249	0.0100217	0.0372563	0.151522	0	0.0100812	0.0370773	0.125257
250	0.0100217	0.0372102	0.161839	0.00149925	0.0100812	0.0379089	0.132696
251	0.0100217	0.036265	0.145212	0	0.0100812	0.039964	0.158842
252	0.0100217	0.0360194	0.139102	0	0.0100812	0.0419233	0.193466
253	0.0100217	0.0352339	0.138119	0	0.0101015	0.0435497	0.207828
254	0.0100936	0.0351336	0.137279	0	0.0100812	0.0461395	0.218757
255	0.0100217	0.0343091	0.134367	0	0.0100812	0.0471031	0.221842
256	0.0100217	0.0341748	0.127789	0	0.0100812	0.0510925	0.236064
257	0.0100217	0.0345938	0.136499	0	0.0100812	0.0535464	0.258875
258	0.0100217	0.0339811	0.131683	0	0.0100812	0.0579142	0.307308
259	0.0100217	0.0332316	0.119638	0	0.010241	0.0587811	0.317907
260	0.0100217	0.03315	0.12139	0	0.0104956	0.0607697	0.321381
261	0.0100217	0.0332067	0.127233	0.0029985	0.0103285	0.0610536	0.30348
262	0.0100217	0.0328481	0.127662	0.00149925	0.0104956	0.0616025	0.321381
263	0.0100217	0.0324344	0.127233	0.00149925	0.0103285	0.0635372	0.320833
264	0.0100217	0.0320089	0.12139	0.00149925	0.0103285	0.0706063	0.385322
265	0.0100217	0.0312663	0.118967	0	0.0106976	0.0742846	0.392275
266	0.0100217	0.0311937	0.12079	0	0.0105298	0.0810601	0.479343
267	0.0100217	0.0309052	0.12079	0	0.0135596	0.0873915	0.762669
268	0.0100217	0.0311298	0.124082	0	0.0104927	0.0829956	0.479197
269	0.0100064	0.0307548	0.116833	0	0.0122268	0.0756966	0.3862
270	0.0100064	0.0303217	0.110039	0	0.0122268	0.0747461	0.3862
271	0.0100217	0.0303414	0.110039	0	0.0121823	0.071266	0.320833
272	0.0100064	0.0297245	0.0971266	0	0.0121823	0.0674564	0.265794
273	0.0100064	0.0297771	0.10207	0	0.0121823	0.0659946	0.265794
274	0.0100064	0.0294881	0.0971266	0	0.0121823	0.0645005	0.244419
275	0.0100064	0.0295119	0.0996532	0	0.0121823	0.0637743	0.239464
276	0.0100064	0.0293049	0.0971266	0	0.0121823	0.0629205	0.233417
277	0.0100064	0.0293304	0.0994142	0	0.0121823	0.0629014	0.233417
278	0.0100064	0.0292541	0.0958086	0	0.011944	0.0629214	0.233417
279	0.0100064	0.029612	0.0996532	0	0.011944	0.0624915	0.233417
280	0.0100064	0.0300412	0.113338	0.0029985	0.0104393	0.0623151	0.220837
281	0.0100064	0.0297357	0.0996532	0	0.0104393	0.0620325	0.230909
282	0.0100064	0.0299011	0.105516	0	0.0104393	0.0606532	0.219383
283	0.0100064	0.0306422	0.11381	0.0029985	0.010749	0.0597178	0.220837
284	0.0100064	0.0312164	0.135699	0.00449775	0.010749	0.0603819	0.219383
285	0.0100064	0.0309215	0.135699	0.00449775	0.010749	0.0607511	0.225352
286	0.0100064	0.0309307	0.126315	0.00449775	0.0105951	0.0616204	0.232323
287	0.0100064	0.0309108	0.116833	0.00449775	0.0104393	0.0622005	0.232323
288	0.0100064	0.0307904	0.125251	0.00149925	0.0105951	0.0682877	0.313901
289	0.0100064	0.0309708	0.135699	0	0.0104393	0.0668028	0.289957
290	0.0100064	0.0307613	0.125251	0	0.0108065	0.0664791	0.289957
291	0.0100064	0.0307623	0.133888	0	0.0108065	0.0666409	0.289957
292	0.0100064	0.030666	0.126315	0	0.0122064	0.0717044	0.387659
293	0.0100064	0.0306241	0.125251	0	0.0122064	0.0706565	0.356339
294	0.0100064	0.0303914	0.11381	0	0.0124957	0.0719104	0.356339
295	0.0100064	0.0304218	0.11381	0	0.0124957	0.0709725	0.357126
296	0.0100217	0.0306971	0.125251	0	0.0122801	0.0719308	0.357126
297	0.0100217	0.0310922	0.128101	0.0029985	0.0124957	0.0732696	0.374428
298	0.0100217	0.0315937	0.132377	0.00149925	0.0140034	0.07409	0.396553
299	0.0100217	0.0318924	0.128101	0	0.0140034	0.073255	0.388579
300	0.0100217	0.0324006	0.133587	0	0.0130097	0.0730118	0.357126
301	0.0100217	0.032775	0.140577	0	0.0141097	0.0744984	0.388579
302	0.0100217	0.0331691	0.146427	0	0.013961	0.0742827	0.396553
303	0.0100217	0.0329756	0.144604	0	0.013961	0.0737454	0.396553
304	0.0100217	0.0326708	0.140577	0	0.0140034	0.0713507	0.357126
305	0.0100217	0.0327917	0.140523	0	0.0140034	0.0703249	0.357126
306	0.0100217	0.033101	0.140523	0	0.013961	0.0711642	0.357126
307	0.0100217	0.033341	0.140577	0	0.013961	0.0719747	0.357126
308	0.0100217	0.0337514	0.140523	0	0.0133176	0.0724145	0.357126
309	0.0100217	0.0341684	0.148303	0	0.0135923	0.0717996	0.357126
310	0.0100217	0.0346512	0.148303	0	0.0130336	0.0736933	0.357126
311	0.0100217	0.0348779	0.146427	0	0.0133176	0.0742363	0.372234
312	0.0100217	0.0356764	0.151171	0	0.013961	0.0734839	0.372234
313	0.0100217	0.0364046	0.152319	0	0.013961	0.0732952	0.372234
314	0.0100217	0.0378764	0.157595	0.00149925	0.013961	0.0727276	0.372234
315	0.0100217	0.0389744	0.165384	0.00449775	0.0126444	0.0723425	0.356339
316	0.0100217	0.039173	0.170228	0.00149925	0.0123867	0.0728017	0.354979
317	0.0100217	0.0397963	0.17136	0.00449775	0.0126444	0.0718831	0.372732
318	0.0100217	0.0404968	0.176637	0.00449775	0.0123867	0.0719766	0.356339
319	0.0100217	0.0425627	0.223497	0.00749625	0.012061	0.0748464	0.356339
320	0.0100217	0.0441088	0.239791	0.0104948	0.0106373	0.0783139	0.356339
321	0.0100449	0.0459947	0.255274	0.011994	0.0109181	0.0764139	0.372732
322	0.0100449	0.0480988	0.288473	0.0134933	0.0110993	0.0725642	0.354979
323	0.0100449	0.0519256	0.346062	0.0224888	0.0111415	0.0719774	0.354695
324	0.0100449	0.0620531	1.05599	0.053973	0.0110993	0.0721482	0.354695
325	0.0100449	0.0541064	0.346062	0.0269865	0.0109181	0.0708819	0.356339
326	0.0102565	0.048266	0.255274	0.00749625	0.0111415	0.0699805	0.373381
327	0.0110291	0.0456014	0.255274	0.00149925	0.0106037	0.0695336	0.373381
328	0.0100449	0.0447486	0.217494	0.00149925	0.0107206	0.0664126	0.373381
329	0.0100449	0.0442953	0.199402	0.00149925	0.0102794	0.0623141	0.356339
330	0.0102807	0.0429767	0.179387	0.00149925	0.010701	0.0593591	0.356339
331	0.0100449	0.0415105	0.165977	0.00149925	0.0102794	0.0586155	0.333996
332	0.0100449	0.0408244	0.159691	0.0029985	0.0102794	0.0588291	0.333996
333	0.0100449	0.0402467	0.159691	0.00149925	0.0102794	0.0584218	0.333996
334	0.0102498	0.0395283	0.159691	0	0.0102794	0.0581412	0.333996
335	0.0102498	0.0390559	0.15251	0.00149925	0.0102794	0.0588144	0.353953
336	0.0102498	0.0383534	0.150419	0.00149925	0.0105173	0.0554364	0.337166
337	0.0102498	0.0370353	0.132377	0	0.0102794	0.0533172	0.288655
338	0.0100449	0.0372465	0.135699	0	0.0101523	0.0516905	0.247654
339	0.0100449	0.0371535	0.132377	0	0.0105173	0.0502816	0.247654
340	0.0100449	0.0375301	0.144604	0	0.0102794	0.0504611	0.245131
341	0.0100449	0.0372557	0.139658	0	0.0105173	0.0498193	0.245131
342	0.0102498	0.0369942	0.144604	0	0.0101523	0.0484858	0.223964
343	0.0100449	0.0369937	0.135699	0	0.0102794	0.0479977	0.221691
344	0.0100449	0.0370294	0.139658	0	0.0104463	0.0474819	0.223964
345	0.0100449	0.0374004	0.132184	0.00449775	0.0102794	0.0466683	0.21496
346	0.0100449	0.0370239	0.139658	0	0.0102794	0.0456827	0.210865
347	0.0101462	0.0372608	0.144604	0	0.0102794	0.0454542	0.207483
348	0.0102498	0.0377443	0.15294	0	0.0104463	0.0466674	0.21496
349	0.0100449	0.0380938	0.15294	0	0.0102794	0.0465904	0.21496
350	0.0100449	0.0384164	0.159691	0	0.0102794	0.0466659	0.223964
351	0.0100449	0.0390226	0.179149	0	0.0101523	0.0480378	0.245131
352	0.0100449	0.0390685	0.18566	0.00149925	0.0101523	0.051674	0.412576
353	0.0100449	0.0387467	0.179149	0	0.0101523	0.0582549	0.605021
354	0.0100449	0.0387958	0.187904	0	0.0101523	0.0622067	0.98095
355	0.0100449	0.0403891	0.237538	0	0.0102794	0.0651017	1.04881
356	0.0101462	0.0415353	0.248094	0.00149925	0.0102794	0.0705297	1.70858
357	0.0102498	0.0447862	0.322595	0.00449775
