		omega		Posterior		rho				Synonymous theta			kappa			phi	
Site	Lower	Point	Higher	prob of +ve	Lower	Point	Higher		Lower	Point	Higher	Lower	Point	Higher	Lower	Point	Higher
	95% HPD	estimate	95% HPD	selection	95% HPD	estimate	95% HPD		95% HPD	estimate	95% HPD	95% HPD	estimate	95% HPD	95% HPD	estimate	95% HPD
0	0.0100519	0.0428486	0.303247	0.0164918	0.0116634	0.667765	67.2833		0.0266711	0.0339967	0.0423852	2.91202	4.425	7.7519	0	0	0
1	0.0100736	0.0430486	0.286931	0.0134933	0.0137521	0.679488	71.1501
2	0.0100519	0.0412415	0.256797	0.00749625	0.0116634	0.576351	54.2717
3	0.0100519	0.0397355	0.242973	0.00449775	0.0120795	0.515732	45.6474
4	0.0100519	0.0396084	0.243105	0	0.0120795	0.48732	45.6474
5	0.0100519	0.0397217	0.256797	0	0.0113489	0.492936	45.6474
6	0.0100519	0.0397543	0.243105	0	0.0120085	0.491804	52.2396
7	0.0100519	0.0385292	0.201947	0.00149925	0.0113489	0.432748	45.6474
8	0.0101113	0.0376719	0.200313	0.00149925	0.0111842	0.421503	46.7493
9	0.0100519	0.0367666	0.195365	0	0.0111842	0.429175	46.7493
10	0.0100519	0.0367274	0.194344	0	0.0107062	0.43207	46.7493
11	0.0101259	0.0364506	0.200313	0	0.0107062	0.452021	52.0077
12	0.0101113	0.0361584	0.200313	0	0.0107014	0.470294	52.2396
13	0.0101113	0.0357866	0.200313	0	0.0107014	0.454484	46.7493
14	0.0100519	0.035444	0.195365	0.00149925	0.0107014	0.409746	33.7592
15	0.0100519	0.0355694	0.195365	0.00149925	0.0107014	0.410005	20.088
16	0.0101113	0.0361685	0.200313	0.00449775	0.0107014	0.37376	18.223
17	0.0100519	0.0361084	0.200313	0.005997	0.0107014	0.360186	18.223
18	0.0100519	0.036503	0.219027	0.005997	0.0107014	0.410909	29.6795
19	0.0100519	0.0358521	0.201947	0.00749625	0.0107014	0.491755	32.7147
20	0.0101259	0.0364792	0.229503	0.011994	0.0105888	0.566293	44.8004
21	0.0101259	0.0344738	0.200313	0.005997	0.0105888	0.649303	44.8004
22	0.0100519	0.0343823	0.200313	0.005997	0.0105888	0.878799	46.7493
23	0.0100519	0.0347492	0.229317	0.00449775	0.0126233	0.850541	67.2833
24	0.0100519	0.0333912	0.194344	0.00149925	0.0167306	0.842457	73.3671
25	0.0100519	0.0326883	0.189505	0.00149925	0.0226915	0.817002	90.3708
26	0.0100519	0.0319411	0.163941	0.00149925	0.0227003	1.00756	90.3708
27	0.0100519	0.0313642	0.16193	0.00149925	0.016341	0.942315	65.2454
28	0.0101113	0.0324577	0.190416	0.005997	0.0121146	0.935003	39.6912
29	0.0100519	0.0327489	0.190416	0.005997	0.0121146	0.911411	39.6912
30	0.0101623	0.031989	0.190416	0.005997	0.0107794	0.797231	39.6912
31	0.0101623	0.0325957	0.190416	0.0104948	0.0107794	0.684414	34.1583
32	0.0100519	0.0312771	0.132154	0	0.0120341	0.494317	33.5616
33	0.0101623	0.0306895	0.129665	0.0029985	0.0100803	0.391491	21.3014
34	0.0101623	0.0298688	0.122877	0.0029985	0.0100803	0.301719	21.3014
35	0.0100298	0.0297002	0.121633	0.0029985	0.0100803	0.313255	34.1583
36	0.0100298	0.0297514	0.121633	0.0029985	0.0100803	0.332493	33.4102
37	0.0100298	0.0297258	0.121633	0.0029985	0.0101792	0.391764	34.1583
38	0.0100298	0.0303235	0.12386	0.00449775	0.0101792	0.453082	34.1583
39	0.0100298	0.0306418	0.125122	0.00449775	0.0101792	0.508399	48.5768
40	0.0100298	0.0300604	0.12386	0	0.0101792	0.520763	48.5768
41	0.0100298	0.0302832	0.125122	0	0.0101792	0.549082	48.5768
42	0.0100298	0.0307181	0.126007	0	0.0121146	0.597987	51.3756
43	0.0100298	0.0304038	0.125122	0	0.0121146	0.677317	48.5768
44	0.0100298	0.0307342	0.125122	0.0029985	0.0219289	0.87159	90.6701
45	0.0100519	0.0304443	0.125122	0.00449775	0.0219289	0.908187	90.6701
46	0.0100298	0.0304999	0.125122	0.00449775	0.0214143	0.926025	70.7744
47	0.0100298	0.0311168	0.129665	0.00449775	0.0262892	1.03747	99.443
48	0.0100519	0.0306808	0.129665	0.00149925	0.0262892	1.22896	97.5675
49	0.0100298	0.0312016	0.129665	0.00449775	0.0219289	1.25801	88.3801
50	0.0100298	0.031259	0.129665	0.00149925	0.0223489	1.30966	90.6701
51	0.0100298	0.0314956	0.129665	0.00149925	0.0259973	1.4626	99.443
52	0.0100298	0.0318761	0.129665	0.00149925	0.0223512	1.73439	93.3292
53	0.0100519	0.0308744	0.129665	0	0.0227003	1.98215	94.122
54	0.0100298	0.0303638	0.127886	0	0.0259973	2.11325	99.443
55	0.0100298	0.0304042	0.127886	0	0.0279386	2.17765	93.8783
56	0.0100298	0.0320507	0.132152	0.011994	0.0279386	2.41587	93.8783
57	0.0100298	0.0305476	0.128662	0.00449775	0.0279433	2.64226	93.8783
58	0.0100298	0.0307121	0.128662	0.0029985	0.0297073	2.98548	93.3292
59	0.0100298	0.0305145	0.128662	0.00449775	0.0375076	3.52533	93.8783
60	0.0100298	0.0303454	0.128662	0.00449775	0.0688092	4.14095	93.8783
61	0.0100298	0.0310072	0.139037	0.00449775	0.0896408	4.59446	93.8783
62	0.0100298	0.0331202	0.189505	0.0089955	0.0896408	4.99824	93.3292
63	0.0100298	0.0347562	0.221158	0.0149925	0.0732159	4.82089	93.8783
64	0.0100298	0.0353051	0.25648	0.0149925	0.0688092	4.71097	96.4034
65	0.0100298	0.0346937	0.221158	0.0149925	0.0877882	5.7061	96.4034
66	0.0100298	0.0343129	0.206605	0.0134933	0.0958414	6.39893	96.4034
67	0.0100298	0.0333929	0.176582	0.00749625	0.111433	6.74307	96.2487
68	0.0100298	0.0327504	0.172805	0.00749625	0.115572	6.58984	96.4034
69	0.0100298	0.0333203	0.176582	0.005997	0.111433	6.51444	96.2487
70	0.0100298	0.0336677	0.163859	0.0029985	0.111433	6.40963	96.2487
71	0.0100298	0.0337911	0.189505	0.0029985	0.111433	6.28031	96.2487
72	0.0100298	0.0331447	0.163859	0.00149925	0.115572	6.32746	93.3292
73	0.0100298	0.0323154	0.163859	0.00149925	0.113457	6.05727	93.3292
74	0.0100988	0.0320931	0.163859	0	0.111433	5.41226	97.4804
75	0.0100988	0.0322199	0.163859	0	0.0732335	4.99594	97.4804
76	0.0100988	0.0325208	0.163859	0	0.0762956	5.06312	97.4804
77	0.0100298	0.0332102	0.163859	0	0.054596	4.71118	93.1477
78	0.0100298	0.033155	0.176582	0	0.054596	4.36488	97.4804
79	0.0100298	0.0332629	0.172805	0	0.0517522	4.27211	97.4804
80	0.0100298	0.033131	0.157061	0	0.0517522	4.3009	93.1477
81	0.0100298	0.034712	0.176582	0.00449775	0.0342183	4.23058	97.4804
82	0.0100298	0.0341558	0.192625	0.00449775	0.0537232	4.29173	93.1477
83	0.0100298	0.0337906	0.163859	0.00449775	0.0293347	3.35351	93.1477
84	0.0100298	0.033506	0.157061	0.00449775	0.0290188	2.90207	93.1477
85	0.0100298	0.0336714	0.172805	0.00449775	0.0254343	2.32708	92.12
86	0.0100298	0.0332252	0.157061	0.00449775	0.0235328	1.71018	91.4295
87	0.0100298	0.0335013	0.238137	0.00449775	0.0233853	1.34746	91.4295
88	0.0100298	0.0338797	0.25648	0.00449775	0.0233853	1.2784	91.4295
89	0.0100298	0.0336242	0.250126	0	0.0210554	1.15716	91.4295
90	0.0100298	0.0333305	0.250126	0	0.0187793	0.995155	91.4295
91	0.0100298	0.0335947	0.238137	0	0.0104684	0.814601	57.7712
92	0.0100298	0.0324709	0.169572	0	0.0104684	0.711122	55.3878
93	0.0100298	0.0322279	0.157061	0	0.010032	0.625476	48.2482
94	0.0100298	0.0325662	0.169572	0	0.010032	0.5282	42.7223
95	0.0100298	0.0325872	0.17158	0	0.010032	0.444931	31.2387
96	0.0100988	0.0332613	0.176582	0	0.010032	0.395217	31.2387
97	0.0101341	0.0336843	0.178059	0	0.010032	0.361431	24.3513
98	0.0101341	0.0336924	0.208175	0.00449775	0.0104684	0.319817	24.3513
99	0.0101341	0.0336055	0.210044	0.0089955	0.0100228	0.31076	24.3513
100	0.0101341	0.0317978	0.160463	0	0.0104684	0.275738	22.0147
101	0.0100439	0.0317482	0.160463	0	0.0104684	0.244769	20.124
102	0.0100439	0.0311397	0.157002	0	0.0104684	0.243902	19.4621
103	0.0100439	0.0304433	0.151642	0	0.0104684	0.21459	13.2236
104	0.0100439	0.030458	0.151642	0	0.0104684	0.199529	8.62447
105	0.0100439	0.0312667	0.160463	0	0.0102532	0.184318	8.01452
106	0.0101341	0.0319788	0.200674	0.00149925	0.0104684	0.185577	8.62447
107	0.0101341	0.0334714	0.226607	0.00149925	0.0104684	0.179577	8.69445
108	0.010014	0.0329782	0.216874	0	0.0104684	0.189157	10.0988
109	0.010014	0.0323524	0.210044	0	0.0104684	0.176985	10.2791
110	0.010014	0.0321402	0.210044	0	0.0112995	0.186679	13.2236
111	0.010014	0.0313211	0.174782	0	0.0107727	0.160061	8.75813
112	0.0100439	0.030482	0.166987	0	0.0107727	0.151128	8.84194
113	0.0100439	0.030536	0.166987	0	0.0107727	0.149739	8.84194
114	0.0100439	0.0303001	0.166987	0	0.0107727	0.155566	10.2791
115	0.0100439	0.030106	0.166987	0	0.0107727	0.152126	10.2791
116	0.0100866	0.029642	0.166987	0.00449775	0.011121	0.148664	10.2791
117	0.0100866	0.0299251	0.166987	0.00749625	0.011121	0.147267	10.2791
118	0.0100866	0.0294989	0.155807	0	0.011121	0.150931	11.3992
119	0.010014	0.0298368	0.151642	0	0.011121	0.150049	12.8773
120	0.0100439	0.0299008	0.155807	0	0.0112675	0.156533	13.3073
121	0.010014	0.0300753	0.158468	0	0.0103063	0.162561	16.1005
122	0.010014	0.0303195	0.169572	0.00149925	0.011121	0.172869	16.1005
123	0.010014	0.0310212	0.169572	0.0104948	0.0112433	0.222008	41.3538
124	0.010014	0.0304286	0.158468	0	0.0112433	0.265754	46.5443
125	0.010014	0.0298724	0.125515	0	0.0112433	0.349638	46.5443
126	0.010014	0.0303173	0.150652	0	0.0112433	0.426792	52.4477
127	0.010014	0.0302533	0.158468	0	0.0112995	0.441315	53.1132
128	0.010014	0.0300698	0.178059	0	0.0102211	0.51176	47.6225
129	0.0100439	0.0310289	0.216874	0	0.011121	0.565879	49.0797
130	0.010014	0.0312457	0.216874	0	0.0102211	0.610216	47.6225
131	0.010014	0.0312826	0.216874	0	0.0102211	0.588321	47.6225
132	0.010014	0.0310297	0.196996	0	0.0105253	0.537239	47.6225
133	0.0100439	0.0317953	0.218897	0	0.0105253	0.513124	47.6225
134	0.0100439	0.0317601	0.187245	0	0.0105253	0.471639	47.6225
135	0.010014	0.0313188	0.169572	0	0.0105253	0.404726	47.6225
136	0.010014	0.0321097	0.183399	0.00149925	0.0102211	0.315473	41.1073
137	0.010014	0.0322916	0.183399	0.00149925	0.0102211	0.30531	39.9708
138	0.0100439	0.0327461	0.187245	0.005997	0.0102211	0.303569	37.7326
139	0.0100439	0.0332092	0.204353	0.005997	0.0102211	0.315606	41.1073
140	0.0100439	0.0321913	0.178059	0.00149925	0.0102211	0.31531	39.9708
141	0.0100439	0.0324639	0.173007	0	0.0102211	0.309173	37.7326
142	0.0100439	0.032815	0.178059	0	0.0102211	0.323816	37.7326
143	0.0100439	0.0329515	0.178059	0	0.0102211	0.381329	39.9708
144	0.0100439	0.0328458	0.178059	0	0.0102211	0.45274	43.2451
145	0.0100439	0.0324414	0.171237	0	0.0102211	0.59596	53.2538
146	0.010061	0.0326007	0.171237	0	0.0105253	0.656825	73.3629
147	0.0100235	0.0327729	0.173007	0	0.0122741	0.749514	82.6027
148	0.0100439	0.0329723	0.171237	0	0.0122741	0.919913	80.4269
149	0.0100235	0.0333031	0.171237	0	0.0122741	0.954128	80.4269
150	0.0100235	0.0336382	0.178059	0	0.0122741	1.20385	84.1956
151	0.01002	0.0333044	0.173007	0	0.0122741	1.37189	84.1956
152	0.01002	0.0335855	0.173007	0	0.0118491	1.39287	84.4037
153	0.01002	0.0335164	0.175538	0	0.0118491	1.44263	84.4037
154	0.01002	0.0337174	0.178059	0	0.0136362	1.76992	99.1357
155	0.01002	0.0337682	0.182673	0.00149925	0.0121986	2.10043	84.4037
156	0.01002	0.0336695	0.169572	0.00149925	0.0144844	2.22711	92.8962
157	0.01002	0.0337332	0.169572	0.00149925	0.0238983	2.71978	99.1357
158	0.0102183	0.0335556	0.169572	0	0.0359236	2.80291	99.1357
159	0.0101365	0.0336067	0.167976	0	0.0398877	2.98477	84.1956
160	0.0101365	0.033781	0.167976	0	0.0307114	2.25711	92.8962
161	0.0100439	0.033896	0.167976	0	0.0197002	1.52525	84.4037
162	0.0101593	0.0341485	0.183141	0	0.0187236	1.30049	84.4037
163	0.0101365	0.0348075	0.206119	0.00449775	0.0190804	1.21937	92.8962
164	0.01002	0.0350938	0.206119	0.005997	0.0190435	1.22021	92.8962
165	0.0100439	0.0354202	0.211085	0.0104948	0.0190435	1.20435	92.8962
166	0.0100439	0.0346402	0.183141	0.0104948	0.0187236	1.03805	92.8962
167	0.0100439	0.0340056	0.175626	0.00749625	0.0177762	0.863137	92.8962
168	0.01002	0.0336023	0.167976	0.005997	0.0153878	0.76037	92.8962
169	0.0100439	0.0322631	0.158468	0	0.0109646	0.717988	84.1956
170	0.01002	0.0318296	0.152016	0	0.0108811	0.738102	82.9658
171	0.0100439	0.0315232	0.158468	0	0.0153878	0.79223	99.1855
172	0.01002	0.0313599	0.153425	0	0.0153878	0.699445	99.1855
173	0.01002	0.0317338	0.162658	0	0.0165997	1.03357	99.1855
174	0.0101365	0.0312567	0.158468	0	0.0170832	1.59455	99.1855
175	0.0100439	0.0313226	0.158468	0	0.0170832	1.92531	99.1855
176	0.0101593	0.0322939	0.169386	0	0.016997	2.31955	99.1855
177	0.01002	0.0320098	0.169386	0	0.0164015	2.3311	93.8422
178	0.01002	0.0316713	0.167976	0	0.0174587	2.5749	93.8422
179	0.01002	0.0322538	0.179016	0	0.0174587	2.41804	93.8422
180	0.01002	0.0328732	0.179016	0.00149925	0.017637	2.23093	97.2331
181	0.01002	0.0328827	0.177443	0.00149925	0.0145074	2.11554	85.9401
182	0.0101542	0.032753	0.167976	0.00149925	0.0145121	2.08062	84.1956
183	0.0101542	0.0330718	0.167976	0.00149925	0.0148817	1.97886	83.4843
184	0.0101542	0.0324126	0.158393	0.00149925	0.0137712	1.52565	83.4843
185	0.0100439	0.0325906	0.158393	0	0.012962	1.10901	83.4843
186	0.01002	0.0323489	0.144363	0	0.0126101	0.640601	83.4843
187	0.0100439	0.0323977	0.144363	0	0.0102332	0.416288	61.8494
188	0.01002	0.0322749	0.144363	0	0.0103933	0.348909	61.8494
189	0.0100103	0.0327536	0.148018	0.0029985	0.0104658	0.274381	59.9453
190	0.0100103	0.0327721	0.148018	0.0029985	0.0105121	0.248039	59.9453
191	0.0100103	0.0323519	0.14783	0.00149925	0.0100175	0.229791	53.2717
192	0.0100103	0.0338215	0.158393	0.011994	0.0100175	0.224305	37.4193
193	0.0100103	0.0343022	0.163234	0.011994	0.0100175	0.20596	35.2516
194	0.0100103	0.0337895	0.163234	0.0164918	0.0100175	0.195034	33.2559
195	0.0100103	0.034104	0.170873	0.017991	0.0100175	0.182356	30.7936
196	0.0100103	0.0333972	0.163234	0.0104948	0.0102107	0.179826	29.1549
197	0.0100103	0.0332848	0.167976	0.017991	0.0100175	0.181965	27.2599
198	0.0100103	0.032717	0.162658	0.017991	0.0103933	0.21204	35.1018
199	0.0100103	0.0325409	0.158393	0.017991	0.0104714	0.251572	37.4193
200	0.0100103	0.0327871	0.160326	0.017991	0.0105121	0.286114	39.9815
201	0.0100103	0.0325955	0.162658	0.017991	0.0105121	0.333573	47.228
202	0.01002	0.0327293	0.167976	0.0209895	0.0105121	0.365251	57.1752
203	0.0100103	0.033017	0.172441	0.023988	0.0105121	0.36771	57.1752
204	0.0100103	0.0330147	0.172441	0.023988	0.0105121	0.358083	57.1752
205	0.0100103	0.0326915	0.167976	0.023988	0.0117841	0.360855	62.9865
206	0.0100103	0.0330229	0.201251	0.023988	0.0117841	0.326557	62.9865
207	0.0100103	0.0321321	0.193784	0.0194903	0.0103754	0.297793	54.9265
208	0.01002	0.0318049	0.193784	0.0194903	0.0105121	0.230314	45.1214
209	0.0100103	0.031964	0.184481	0.0194903	0.0105121	0.214291	45.1214
210	0.0100103	0.0319837	0.193784	0.0194903	0.0103754	0.211717	45.1214
211	0.0100103	0.0301909	0.162658	0.00749625	0.0105121	0.22101	58.7374
212	0.0100103	0.030899	0.172441	0.00749625	0.0105121	0.200753	58.7374
213	0.0100676	0.0304567	0.167976	0.00449775	0.0105121	0.188916	58.7374
214	0.0100103	0.0301933	0.162658	0.00149925	0.0105121	0.173202	57.1752
215	0.0100676	0.0301557	0.158393	0.00149925	0.0105121	0.169907	57.1752
216	0.0100103	0.0300249	0.142573	0	0.0105121	0.184038	57.1752
217	0.0100103	0.0310091	0.172441	0.00149925	0.0105121	0.19085	53.2717
218	0.0104395	0.0315354	0.201534	0.00149925	0.0105121	0.176473	45.1214
219	0.0104395	0.0317013	0.203351	0.00149925	0.0105121	0.156152	36.6315
220	0.0100103	0.0316217	0.193784	0	0.0101773	0.149396	33.2559
221	0.0100021	0.0307071	0.182752	0	0.0101773	0.139875	29.5115
222	0.0100021	0.0301711	0.178842	0	0.0105367	0.130393	26.3562
223	0.0100021	0.0300655	0.193784	0	0.0101773	0.113278	22.3078
224	0.0100021	0.0308055	0.19645	0	0.0101773	0.0967483	12.6754
225	0.0101113	0.0316287	0.203429	0	0.0101773	0.084608	6.63505
226	0.0100021	0.0320588	0.203429	0	0.0101773	0.0704364	3.19688
227	0.0100021	0.0316257	0.203351	0	0.0101733	0.0577628	0.722535
228	0.0100021	0.0308151	0.203351	0	0.0103656	0.0542875	0.511839
229	0.0100021	0.0308909	0.203351	0.00149925	0.0103656	0.0501147	0.400889
230	0.0100021	0.030618	0.173921	0.005997	0.0101733	0.0468775	0.367994
231	0.0100021	0.0308051	0.173921	0.0089955	0.0101733	0.0440071	0.338499
232	0.0100021	0.0316559	0.199871	0.0104948	0.0103656	0.0437331	0.343038
233	0.0100021	0.0321964	0.207884	0.0134933	0.0101733	0.0438941	0.338499
234	0.0100021	0.0323577	0.21183	0.0134933	0.0100011	0.0453636	0.592273
235	0.0100021	0.0316867	0.203351	0.0089955	0.0102122	0.0418788	0.329799
236	0.0100021	0.0309939	0.169291	0.005997	0.0102122	0.0402948	0.329565
237	0.0100676	0.0298354	0.165484	0	0.0101733	0.0378355	0.251774
238	0.0100676	0.0300848	0.165484	0	0.0100011	0.0367896	0.230218
239	0.0100676	0.0302768	0.16603	0	0.0100011	0.0356024	0.197732
240	0.0100765	0.0303726	0.165091	0.00149925	0.0102612	0.0344898	0.196541
241	0.0100021	0.0297209	0.157548	0.0029985	0.0100011	0.0318037	0.139943
242	0.0100021	0.028818	0.139122	0	0.0101733	0.0300875	0.132993
243	0.0100021	0.0287877	0.139122	0	0.0100011	0.0312847	0.132993
244	0.0100021	0.0295185	0.151229	0.0029985	0.0100011	0.0332348	0.153902
245	0.0100676	0.0310218	0.15803	0.0089955	0.0100011	0.0323713	0.148596
246	0.0100676	0.0305557	0.151304	0.00749625	0.0100011	0.0309851	0.130734
247	0.0100676	0.0300432	0.151304	0	0.0101058	0.0299381	0.123194
248	0.0100676	0.0302346	0.157548	0	0.0101058	0.0312956	0.131129
249	0.0100676	0.0293535	0.142902	0	0.0100011	0.0326261	0.132993
250	0.0100676	0.0291239	0.142902	0	0.0100011	0.0315736	0.130734
251	0.0100676	0.0290706	0.142902	0	0.0100011	0.0307078	0.128848
252	0.0100103	0.0292505	0.142902	0	0.0100011	0.0302114	0.123194
253	0.0100103	0.0299656	0.148482	0	0.0100011	0.0307027	0.131129
254	0.0100103	0.029947	0.148482	0	0.0100011	0.0295946	0.121107
255	0.0100103	0.0307297	0.165032	0	0.0100141	0.0303811	0.12335
256	0.0100676	0.0309326	0.167023	0.0029985	0.0102122	0.0297835	0.12335
257	0.0100103	0.0312357	0.167023	0.00449775	0.0100141	0.0296547	0.113503
258	0.0100103	0.0319825	0.171926	0.00749625	0.0100011	0.0293715	0.107792
259	0.0100103	0.0315765	0.168635	0.0089955	0.0100011	0.0294233	0.102455
260	0.0100103	0.0325896	0.174903	0.0194903	0.0100011	0.0291004	0.100981
261	0.0100676	0.0318143	0.171926	0.0104948	0.0100011	0.0292354	0.102455
262	0.0100848	0.0300228	0.151304	0	0.0100011	0.0296361	0.110901
263	0.0100676	0.0297873	0.151304	0	0.0100011	0.0302852	0.120882
264	0.0100676	0.0298818	0.151304	0	0.0100011	0.030129	0.113503
265	0.0100676	0.0302474	0.167023	0	0.0100011	0.0301225	0.113853
266	0.0100103	0.0309512	0.18728	0	0.0100011	0.0300397	0.113853
267	0.0100103	0.030521	0.184781	0	0.0100011	0.0299745	0.100348
268	0.0100676	0.0304676	0.20249	0	0.0100011	0.0321177	0.132993
269	0.0100103	0.0304568	0.174903	0.00149925	0.0100011	0.030381	0.106913
270	0.0100103	0.0300982	0.168635	0.00149925	0.0100011	0.0304693	0.101975
271	0.0100676	0.0300752	0.167023	0	0.0100011	0.0301633	0.100348
272	0.0100676	0.0303877	0.167023	0	0.0100011	0.030364	0.101975
273	0.0100103	0.0308999	0.168635	0	0.0100011	0.0309112	0.123109
274	0.0100103	0.0308098	0.170239	0.00149925	0.0100011	0.0311947	0.12335
275	0.0100103	0.0305192	0.168635	0.0029985	0.0100011	0.0322188	0.146796
276	0.0100676	0.0299562	0.167023	0.00149925	0.0100011	0.0325761	0.146796
277	0.0100103	0.0297434	0.167023	0	0.0100011	0.0325713	0.154088
278	0.0100676	0.0296877	0.167023	0	0.0100011	0.032655	0.154088
279	0.0100676	0.0298488	0.167023	0	0.0104329	0.0339024	0.215597
280	0.0100103	0.0294497	0.148266	0	0.0100011	0.0338889	0.194987
281	0.0100103	0.0288047	0.139633	0	0.0105129	0.0344483	0.210458
282	0.0100103	0.0285989	0.139633	0	0.0105129	0.0357819	0.215597
283	0.0100676	0.0280017	0.131664	0	0.0105535	0.0360797	0.215597
284	0.0100972	0.0276342	0.131664	0	0.0108303	0.036307	0.215597
285	0.0100676	0.0281996	0.134699	0.00149925	0.0108348	0.0374337	0.215597
286	0.0100676	0.0284826	0.14067	0	0.0108904	0.0377278	0.215597
287	0.0100103	0.0285465	0.14067	0	0.0108904	0.0378779	0.215597
288	0.0100103	0.0289274	0.148266	0	0.0102564	0.0393603	0.215597
289	0.0100103	0.0287246	0.14266	0	0.0101733	0.0404806	0.218229
290	0.0100103	0.0283091	0.138653	0	0.0108904	0.0421523	0.256057
291	0.0100103	0.0280424	0.134699	0	0.0108904	0.0435467	0.271506
292	0.0100103	0.0283511	0.138653	0	0.0108904	0.0435233	0.271506
293	0.0100103	0.0282384	0.134699	0.00149925	0.0108904	0.0434546	0.256057
294	0.0100103	0.0289337	0.14266	0.00449775	0.0108904	0.0434933	0.256057
295	0.0100103	0.0284891	0.127274	0.00449775	0.0108809	0.043649	0.256057
296	0.0100103	0.0283835	0.127274	0.005997	0.0108809	0.0436732	0.256057
297	0.0100103	0.0295125	0.14067	0.0164918	0.0108904	0.0425587	0.218229
298	0.0100103	0.0296162	0.14067	0.0164918	0.0101945	0.0449202	0.231198
299	0.0101113	0.0291969	0.14067	0.0134933	0.0108348	0.0456243	0.252118
300	0.0100103	0.0281373	0.138653	0.0029985	0.0108348	0.0475257	0.264858
301	0.0100676	0.0277396	0.134699	0.0029985	0.0108348	0.0475818	0.264858
302	0.0100103	0.0273576	0.127274	0	0.0105129	0.0462997	0.2201
303	0.0100103	0.0272894	0.13159	0	0.0108348	0.0452672	0.2201
304	0.0101113	0.0279651	0.14067	0.00449775	0.0108904	0.0435026	0.218229
305	0.0100103	0.0291227	0.157493	0.0104948	0.0108348	0.0439023	0.218229
306	0.0100103	0.0304127	0.192067	0.0089955	0.0105129	0.0485509	0.27194
307	0.0100103	0.0315227	0.205633	0.0089955	0.0108904	0.051372	0.353359
308	0.0101329	0.0311611	0.192849	0.0089955	0.0101945	0.0545423	0.473379
309	0.0100103	0.030546	0.174883	0.00749625	0.0101945	0.0611944	0.826571
310	0.0101329	0.0299128	0.157493	0.0029985	0.010197	0.0620927	0.826571
311	0.0100103	0.0292232	0.151437	0	0.010197	0.0572179	0.526059
312	0.0100103	0.0295859	0.151437	0	0.0104384	0.0574976	0.625045
313	0.0100781	0.0304028	0.157493	0	0.0104384	0.0546064	0.400881
314	0.0100103	0.0317464	0.17829	0.005997	0.0102356	0.0541799	0.401093
315	0.0100781	0.0312088	0.173041	0	0.0102356	0.0531144	0.378007
316	0.0100103	0.0314047	0.173041	0	0.0102356	0.0525186	0.387882
317	0.0100103	0.0320134	0.181174	0.00149925	0.0102374	0.0483675	0.378007
318	0.0100103	0.0321194	0.17829	0.00149925	0.0102374	0.045596	0.378007
319	0.0100103	0.0325838	0.17829	0.00149925	0.0102356	0.0427109	0.353359
320	0.0100103	0.0336351	0.205633	0.0029985	0.0102374	0.0416241	0.353359
321	0.0100103	0.0330022	0.181292	0.00149925	0.0101291	0.0403211	0.247039
322	0.0100103	0.0330202	0.182729	0.00149925	0.0101291	0.0375793	0.247039
323	0.0100103	0.0344416	0.20953	0.00149925	0.0101291	0.0357928	0.23737
324	0.0100103	0.033915	0.182729	0.00149925	0.0101291	0.0323923	0.190289
325	0.0102736	0.0331435	0.17829	0	0.0101291	0.0296626	0.161117
326	0.0100103	0.0319269	0.16283	0	0.0101291	0.0279008	0.144996
327	0.0100103	0.0319422	0.16283	0	0.0101824	0.0274771	0.134002
328	0.0100103	0.0320108	0.167181	0	0.0101113	0.0263925	0.118608
329	0.0100103	0.0329797	0.182729	0	0.0101113	0.0258973	0.116999
330	0.0100103	0.0331024	0.187384	0	0.0101113	0.0253335	0.109019
331	0.0100103	0.0332323	0.187384	0	0.0101113	0.0252349	0.109019
332	0.0101	0.0331224	0.17829	0	0.0101113	0.024849	0.0954006
333	0.0100103	0.0318266	0.165649	0	0.0101605	0.0241631	0.0937838
334	0.0101	0.0312409	0.157493	0	0.0101605	0.0243352	0.0954006
335	0.0100103	0.0308343	0.151437	0	0.0101605	0.0244427	0.0954006
336	0.0100103	0.0307465	0.14067	0	0.0101113	0.0241033	0.0911265
337	0.0101	0.0306007	0.14067	0	0.0101113	0.0241137	0.0935167
338	0.0101	0.0306982	0.14067	0	0.0100187	0.0239346	0.090644
339	0.0101571	0.0305829	0.14067	0	0.0101113	0.0237242	0.0911265
340	0.0101	0.030833	0.14067	0.00149925	0.0101113	0.023613	0.0911265
341	0.0101	0.0329527	0.175023	0.0134933	0.0100187	0.0241144	0.094249
342	0.0101	0.0320056	0.158163	0.00749625	0.0100187	0.0238332	0.094249
343	0.0100103	0.0309986	0.147514	0	0.0100187	0.023864	0.0960276
344	0.0100103	0.0312561	0.150532	0	0.0100187	0.0245303	0.127841
345	0.0101	0.0317091	0.16283	0.00149925	0.0100187	0.0242649	0.127841
346	0.0102792	0.0329193	0.176136	0.00149925	0.0100187	0.023385	0.0960276
347	0.0102792	0.0332877	0.176136	0	0.0100187	0.023093	0.090644
348	0.0101462	0.0343383	0.17829	0.0029985	0.0100187	0.023101	0.0960276
349	0.0101	0.0349661	0.1808	0.00449775	0.0100187	0.0228832	0.0873106
350	0.0101462	0.0352669	0.197074	0.0029985	0.0100187	0.0229516	0.0873106
351	0.0101	0.0344771	0.187589	0	0.0100187	0.0228639	0.090644
352	0.0101	0.034108	0.1808	0	0.0100187	0.0225226	0.084834
353	0.0101	0.0338284	0.1808	0	0.0100187	0.0222778	0.0785766
354	0.0101462	0.0337188	0.1808	0	0.0100187	0.0221067	0.0820182
355	0.0102706	0.0332498	0.1808	0	0.0100187	0.0220903	0.0815936
356	0.0101	0.0335407	0.189472	0	0.0100187	0.0220346	0.0815936
357	0.0102706	0.0336566	0.199369	0	0.0100187	0.0218285	0.0785552
358	0.0101	0.0340415	0.199369	0.00149925	0.0100187	0.0211548	0.0689923
359	0.0101	0.0345257	0.199369	0.005997	0.0100187	0.0211754	0.0684314
360	0.0101	0.0346147	0.199369	0.005997	0.0100187	0.0212306	0.0698451
361	0.0102706	0.033689	0.180755	0	0.0100187	0.0213409	0.0707882
362	0.0101462	0.0334776	0.172717	0	0.0100187	0.0213589	0.0707882
363	0.0101462	0.0341219	0.172717	0.0029985	0.0100187	0.0218487	0.0785766
364	0.0101987	0.035171	0.180715	0.00449775	0.0100187	0.0217786	0.0785552
365	0.0101462	0.0351909	0.180755	0.00449775	0.0100187	0.0217324	0.0785552
366	0.0102706	0.0350111	0.180755	0.005997	0.0100187	0.0217477	0.0785552
367	0.0101987	0.033847	0.166435	0.005997	0.0100187	0.021611	0.0785552
368	0.0101462	0.0334116	0.15848	0.005997	0.0100187	0.02162	0.0785552
369	0.0101462	0.0331201	0.166435	0.00449775	0.0100187	0.0217112	0.0839514
370	0.0101987	0.033227	0.17915	0.005997	0.0100187	0.0221165	0.090644
371	0.0101462	0.0341914	0.188186	0.00449775	0.0100187	0.0226425	0.104486
372	0.0101462	0.0354138	0.22093	0.00749625	0.0100187	0.0225352	0.10521
373	0.0101462	0.0356327	0.229492	0.00749625	0.0100187	0.0219252	0.0960276
374	0.0100297	0.035873	0.229492	0.00749625	0.0100187	0.0218542	0.0979827
375	0.0100297	0.0359358	0.22093	0.00749625	0.0100187	0.0211391	0.0919534
376	0.0100297	0.035961	0.21263	0.00749625	0.0100187	0.0211426	0.0919534
377	0.0100297	0.0353115	0.199514	0.00749625	0.0100187	0.0210863	0.0919534
378	0.0101462	0.035245	0.199514	0.0029985	0.0100187	0.0211896	0.0919534
379	0.0102792	0.0343161	0.199514	0.00149925	0.0100187	0.021407	0.0919534
380	0.0102792	0.0345003	0.199514	0	0.0100187	0.0213048	0.0919534
381	0.0101987	0.0346815	0.199514	0	0.0100187	0.0215883	0.0939269
382	0.0100297	0.0349967	0.199514	0.0029985	0.0100187	0.0214194	0.0919534
383	0.0101987	0.0355579	0.225447	0.0029985	0.0100187	0.0213516	0.0889439
384	0.0101987	0.035322	0.225744	0.0029985	0.0100187	0.0213306	0.0889439
385	0.0100297	0.0340711	0.213021	0.00449775	0.0100187	0.0213671	0.0889439
386	0.0100297	0.0342116	0.219268	0.00749625	0.0100187	0.0213144	0.084834
387	0.0101987	0.0335965	0.213021	0.00749625	0.0100187	0.0212794	0.0842956
388	0.0100297	0.0334344	0.199514	0.00749625	0.0100187	0.0213257	0.0842956
389	0.0101987	0.0327753	0.199514	0.005997	0.0100187	0.0213754	0.084834
390	0.0100297	0.0321222	0.183837	0.0029985	0.0100187	0.0215239	0.084834
391	0.0100297	0.0320755	0.183837	0.0029985	0.0100401	0.0211312	0.0816983
392	0.0100297	0.0324506	0.180755	0.0029985	0.0100401	0.0210379	0.0816983
393	0.0100297	0.032644	0.180755	0	0.0100401	0.0212449	0.0816983
394	0.0100297	0.0328384	0.187589	0.00149925	0.0100401	0.0218083	0.0889439
395	0.0100297	0.0327141	0.187589	0.0029985	0.0100401	0.0223275	0.0919534
396	0.0100297	0.0324997	0.180755	0	0.0100401	0.0228605	0.0995064
397	0.0102706	0.0318618	0.180755	0	0.0100401	0.0234073	0.119261
398	0.0101987	0.0316772	0.180755	0	0.0100401	0.0234465	0.119261
399	0.0101462	0.0328896	0.213021	0.005997	0.0101113	0.0235779	0.126136
400	0.0101987	0.0324361	0.180715	0.005997	0.0100401	0.0241603	0.144672
401	0.0100297	0.0325469	0.196173	0.0029985	0.0100401	0.0252195	0.155325
402	0.0100146	0.0319707	0.183837	0	0.0100401	0.0264171	0.163503
403	0.0100146	0.0319959	0.186646	0	0.0100401	0.0274638	0.163503
404	0.0100146	0.0324908	0.213021	0	0.0101113	0.0282847	0.17133
405	0.0101462	0.0317618	0.180815	0	0.0100401	0.0301483	0.185405
406	0.0100297	0.0311225	0.180815	0	0.0100401	0.0324642	0.198455
407	0.0101462	0.0304586	0.180815	0	0.0100401	0.0361193	0.238022
408	0.0100297	0.0294765	0.169049	0	0.0100401	0.0410005	0.262526
409	0.0100146	0.0289575	0.165848	0	0.0101605	0.0498275	0.338866
410	0.0100146	0.0278958	0.124793	0	0.0101113	0.0746859	0.609241
411	0.0100146	0.027759	0.14148	0	0.0101113	0.113837	1.15419
412	0.0101575	0.0279958	0.155637	0	0.0101113	0.120999	0.944068
413	0.0100146	0.0281289	0.155637	0.00149925	0.0101113	0.0990376	0.436404
414	0.0100146	0.0282679	0.165848	0.00149925	0.0101824	0.0968312	0.412557
415	0.0100297	0.0279832	0.165848	0.00149925	0.0101824	0.0926545	0.387703
416	0.0101575	0.0286292	0.180755	0.0029985	0.0101113	0.0939579	0.384546
417	0.0100146	0.0282585	0.176666	0.00149925	0.0101824	0.0955045	0.384546
418	0.0101575	0.028074	0.180755	0	0.010482	0.0957041	0.387703
419	0.0101575	0.027967	0.180755	0	0.010482	0.101308	0.412557
420	0.0101575	0.0282327	0.180755	0	0.0120056	0.112573	0.498771
421	0.0100297	0.0285145	0.180755	0	0.0118323	0.141568	0.666257
422	0.0101575	0.0284791	0.180755	0	0.0229441	0.155813	1.24619
423	0.0100146	0.029426	0.180755	0.00449775	0.0158234	0.158509	0.794142
424	0.0100146	0.0288549	0.169297	0	0.0142143	0.156383	0.793718
425	0.0100297	0.0292014	0.169297	0	0.0128203	0.162161	0.793718
426	0.0101575	0.02918	0.169297	0	0.0142143	0.1592	0.787606
427	0.0100297	0.0294908	0.169297	0.0029985	0.0161759	0.157764	0.793718
428	0.0100297	0.029945	0.180755	0.00449775	0.014248	0.156804	0.793718
429	0.0100146	0.0334571	0.21425	0.0224888	0.014248	0.156445	0.794142
430	0.0100146	0.0292502	0.154663	0	0.0128203	0.151051	0.646499
431	0.0101012	0.0293381	0.154663	0	0.0128203	0.149816	0.626417
432	0.0101012	0.029856	0.153848	0	0.0103681	0.149331	0.557286
433	0.0100146	0.0297844	0.144019	0	0.010474	0.150333	0.557286
434	0.0101012	0.030716	0.153848	0	0.0206574	0.152508	0.832283
435	0.0100146	0.0301979	0.137672	0	0.0253423	0.151575	0.821876
436	0.0101012	0.0299384	0.132369	0	0.0278467	0.150521	0.832283
437	0.0100146	0.0295972	0.120973	0	0.0251388	0.153443	0.832283
438	0.0100146	0.0295458	0.120973	0	0.0263709	0.151027	0.832283
439	0.0100771	0.0298941	0.123676	0	0.0251388	0.146208	0.821876
440	0.0100771	0.0301935	0.129451	0	0.0192048	0.138817	0.821876
441	0.0100771	0.0304901	0.129451	0.00149925	0.0192048	0.136282	0.832283
442	0.0100771	0.0317418	0.155637	0.00149925	0.0263709	0.127511	0.832283
443	0.0100771	0.0317739	0.167998	0.00149925	0.0263709	0.128883	0.832283
444	0.0100771	0.0314383	0.167998	0	0.0220016	0.130489	0.601567
445	0.0100146	0.031675	0.160791	0	0.0132335	0.149467	0.757335
446	0.0100146	0.0324432	0.167998	0	0.0210769	0.137449	0.549439
447	0.0101575	0.0322551	0.183955	0	0.0220016	0.132657	0.549439
448	0.0101575	0.0324504	0.183955	0	0.0210769	0.128171	0.494058
449	0.0100771	0.0326344	0.183955	0	0.0183737	0.116145	0.492332
450	0.0100146	0.0330476	0.196173	0	0.0178087	0.109834	0.480036
451	0.0100771	0.0333003	0.199235	0	0.0178087	0.10449	0.481906
452	0.0100771	0.0329369	0.191426	0	0.0178087	0.1044	0.481906
453	0.0100146	0.0319866	0.167691	0	0.0134422	0.0903413	0.394346
454	0.0101575	0.032482	0.17798	0	0.0134422	0.0812478	0.412557
455	0.0101575	0.0323758	0.17798	0	0.0134422	0.0785914	0.412557
456	0.0100146	0.03198	0.172856	0	0.0110447	0.0761488	0.341109
457	0.0101787	0.0319926	0.183955	0	0.0110447	0.0719646	0.341109
458	0.0101575	0.0320847	0.183955	0	0.0107079	0.0676848	0.316499
459	0.0101575	0.0321072	0.183955	0	0.0107702	0.0659435	0.316499
460	0.0100146	0.0320317	0.172856	0	0.0107079	0.0637224	0.316499
461	0.0100771	0.0319889	0.167691	0.0029985	0.0103818	0.0612913	0.30687
462	0.0101575	0.0318001	0.172856	0.00149925	0.0110408	0.061524	0.320232
463	0.0100771	0.0321939	0.173132	0	0.0105686	0.0598164	0.30322
464	0.0100771	0.0318653	0.165116	0	0.0104955	0.0558559	0.296191
465	0.0100771	0.0323426	0.167691	0	0.0104955	0.0552843	0.296191
466	0.0101247	0.032574	0.172856	0	0.0105686	0.054534	0.296191
467	0.0100771	0.0338848	0.184151	0.00149925	0.0102471	0.0542833	0.279437
468	0.0100057	0.0343295	0.187564	0.0029985	0.0102471	0.0538237	0.254986
469	0.0100057	0.033521	0.184151	0.0029985	0.0104955	0.0534927	0.255506
470	0.0100057	0.0332046	0.183955	0.0029985	0.0104955	0.057377	0.31545
471	0.0101247	0.0328697	0.183955	0	0.0102471	0.0609135	0.369524
472	0.0100057	0.0336601	0.172856	0	0.0104955	0.0540475	0.280772
473	0.0100077	0.0334826	0.172856	0	0.0100045	0.0522629	0.271726
474	0.0100057	0.0340384	0.184151	0.00149925	0.0105631	0.0524685	0.30687
475	0.0100057	0.034859	0.194189	0.00449775	0.0104955	0.0510758	0.312241
476	0.0100057	0.0343363	0.187564	0.00149925	0.0101383	0.0515824	0.312241
477	0.0100057	0.0347851	0.194189	0.0029985	0.0101383	0.0517288	0.312241
478	0.0100057	0.0359242	0.209779	0.0164918	0.0105631	0.0508986	0.31545
479	0.0100057	0.0339346	0.19167	0.00449775	0.0101383	0.0493367	0.282491
480	0.0100057	0.0339698	0.187564	0	0.0101383	0.0509365	0.312241
481	0.0100057	0.0343398	0.194189	0	0.0100045	0.0502502	0.31545
482	0.0100057	0.0335034	0.19167	0	0.0100045	0.0506211	0.331318
483	0.0100077	0.0332661	0.187564	0	0.0100045	0.0507604	0.312241
484	0.0100057	0.0337939	0.194189	0	0.0100045	0.052702	0.35664
485	0.0100057	0.0333716	0.187564	0	0.0100045	0.0534643	0.633039
486	0.0100057	0.0338261	0.187564	0	0.0100045	0.0535957	0.976642
487	0.0100771	0.0337001	0.184151	0	0.0100045	0.0535937	0.976642
488	0.0100057	0.0328049	0.163654	0.00149925	0.0105686	0.0538797	1.57435
489	0.0100057	0.0324403	0.139543	0.00149925	0.0105686	0.0542099	1.57266
490	0.0100057	0.0324332	0.139543	0.00149925	0.0105686	0.0528808	1.57435
491	0.0100057	0.0333095	0.142482	0	0.0105751	0.0518853	1.57266
492	0.0100057	0.0345447	0.184151	0	0.0101383	0.0479978	0.340992
493	0.0100077	0.0354025	0.186732	0	0.0101383	0.0468648	0.340992
494	0.0100057	0.0359587	0.19086	0	0.0100045	0.0462964	0.312241
495	0.0100077	0.035536	0.186739	0	0.0100045	0.046578	0.312241
496	0.0100977	0.0351266	0.186739	0	0.0102944	0.0463198	0.310954
497	0.0100977	0.0353567	0.186739	0	0.0102509	0.0472623	0.310954
498	0.0101027	0.0354262	0.186739	0	0.0102509	0.0464621	0.251981
499	0.0100771	0.0357971	0.186732	0	0.0101096	0.0459582	0.251981
500	0.0100771	0.0357412	0.186732	0	0.0102509	0.0453603	0.249931
501	0.0100771	0.0355838	0.186732	0	0.0101096	0.0451907	0.249931
502	0.0101027	0.0348862	0.186732	0	0.0101096	0.0451824	0.249931
503	0.0100057	0.0345715	0.179116	0	0.0105751	0.045317	0.249931
504	0.0100057	0.0340542	0.165116	0	0.0100045	0.0421782	0.167908
505	0.0100057	0.0339374	0.165116	0	0.0105751	0.0425352	0.230832
506	0.0100057	0.0342134	0.179116	0	0.0105751	0.041892	0.230832
507	0.0100057	0.0346664	0.184151	0.0029985	0.0105751	0.0412799	0.230832
508	0.0100057	0.0352056	0.186732	0.005997	0.0105751	0.0402925	0.230832
509	0.0100057	0.0362697	0.19167	0.00749625	0.0100426	0.0396767	0.199151
510	0.0100771	0.0365913	0.195165	0.00749625	0.0100045	0.0384703	0.174005
511	0.0100771	0.0368133	0.195165	0.00749625	0.0100045	0.0388004	0.174005
512	0.0100057	0.0364109	0.18486	0	0.0100045	0.0394112	0.177283
513	0.0100057	0.0364774	0.186732	0	0.0100045	0.0415499	0.191489
514	0.0103046	0.036985	0.19643	0	0.0105814	0.0428206	0.249127
515	0.0100057	0.0371807	0.19167	0	0.0105571	0.0433771	0.249127
516	0.0100057	0.0373421	0.19086	0	0.0100045	0.0426017	0.226088
517	0.0100077	0.0370133	0.186732	0	0.0100045	0.0428212	0.226088
518	0.0101319	0.0365338	0.186732	0	0.0105571	0.0426894	0.249127
519	0.0101319	0.0364896	0.186732	0	0.0100045	0.0419289	0.226088
520	0.0101319	0.0361377	0.186732	0	0.0105571	0.0413908	0.194705
521	0.0101027	0.0363177	0.186732	0	0.0105571	0.0414014	0.199151
522	0.0100057	0.0371885	0.186732	0	0.0100426	0.0417387	0.199151
523	0.0100771	0.0373553	0.19086	0.0029985	0.0105814	0.0422039	0.217357
524	0.0100057	0.0386983	0.194189	0.0104948	0.0105571	0.0421941	0.217357
525	0.0100771	0.0382647	0.195165	0.011994	0.0100045	0.0426555	0.22298
526	0.0100057	0.0385447	0.194189	0.0104948	0.0105571	0.0424716	0.226088
527	0.0100771	0.0379747	0.195165	0.00449775	0.0100045	0.0418147	0.199151
528	0.0100771	0.0372149	0.19086	0.00149925	0.0100045	0.0413103	0.199151
529	0.0100077	0.0375059	0.190293	0.0029985	0.0105571	0.0407343	0.199151
530	0.0100057	0.0377177	0.194189	0.0029985	0.0100045	0.0400711	0.171929
531	0.0100057	0.0379296	0.194189	0.00149925	0.0100045	0.0408814	0.174005
532	0.0100057	0.037833	0.194189	0.00149925	0.0105571	0.042879	0.199151
533	0.0100057	0.0377494	0.190293	0.00149925	0.0105814	0.0451077	0.23482
534	0.0100057	0.0378869	0.200565	0.00149925	0.0100045	0.0490756	0.262993
535	0.0100057	0.0384017	0.213221	0.00149925	0.0105323	0.0491999	0.331041
536	0.0100057	0.0393312	0.216934	0.00449775	0.0100045	0.0501276	0.331041
537	0.0100057	0.0396665	0.219767	0.00149925	0.0105814	0.0547984	6.87031
538	0.0100057	0.0399846	0.238972	0.00149925	0.0105323	0.0567757	7.90641
539	0.0100057	0.0400223	0.241361	0.00149925	0.0100045	0.0576482	7.90641
540	0.0100057	0.0406628	0.25276	0.00149925	0.0100308	0.0574144	12.559
541	0.0100057	0.0412397	0.260732	0.0029985	0.0102838	0.0590995	12.559
542	0.0100057	0.0412642	0.25276	0.00149925	0.0102838	0.0585393	12.559
543	0.0101027	0.0420915	0.262055	0.00149925	0.0102838	0.0586902	12.559
544	0.0101027	0.0419491	0.261036	0.00149925	0.0102838	0.0593915	11.0252
545	0.0101283	0.0437799	0.277035	0.00449775	0.0102838	0.0599999	11.0252
546	0.0101283	0.0432491	0.277035	0.0029985	0.0102838	0.0582792	11.0252
547	0.0100057	0.0446779	0.299469	0.00749625	0.0102838	0.0581281	11.0252
548	0.0100057	0.0451711	0.321561	0.00749625	0.0103631	0.0566137	11.0252
549	0.0100057	0.046142	0.299469	0.005997	0.0103631	0.0551969	7.90641
550	0.0100057	0.0465911	0.293317	0.0029985	0.0102587	0.047723	0.621393
551	0.0101027	0.0458441	0.277035	0.00149925	0.0102587	0.0486765	0.453547
552	0.0100057	0.0458549	0.277035	0.00149925	0.0102587	0.0429232	0.296935
553	0.0100057	0.0447788	0.273935	0.00149925	0.0102587	0.039973	0.255166
554	0.0100057	0.0439641	0.266111	0.0029985	0.0102587	0.0397996	0.254523
555	0.0100057	0.0446557	0.262055	0.0029985	0.0102838	0.0396943	0.262993
556	0.0100057	0.045147	0.262055	0.00149925	0.0102587	0.0414246	0.28915
557	0.0100057	0.0454279	0.251591	0.00149925	0.0102587	0.0420649	0.28915
558	0.0101027	0.0465962	0.275068	0.00149925	0.0102587	0.0421958	0.28915
559	0.0101027	0.0475372	0.273935	0	0.0103631	0.0430706	0.309697
560	0.0101027	0.0473797	0.253366	0	0.0102587	0.0443375	0.309697
561	0.0101027	0.0496592	0.277035	0.0029985	0.0102587	0.0464352	0.381913
562	0.0101411	0.0508991	0.293317	0.0029985	0.0103784	0.0428948	0.262993
563	0.0112482	0.0544558	0.34073	0.00149925	0.0103784	0.0405716	0.232646
564	0.0104292	0.0577977	0.34073	0.00749625	0.0103784	0.0392219	0.211933
565	0.0106575	0.0583899	0.34073	0.0029985	0.0100039	0.0402082	0.215838
566	0.0110996	0.0597983	0.35366	0.0029985	0.0102587	0.0398978	0.211933
567	0.0110996	0.0601895	0.342596	0.0029985	0.0100039	0.0395355	0.190506
568	0.0106575	0.0628958	0.342596	0.005997	0.0100039	0.0406991	0.219445
569	0.0106575	0.0641463	0.34634	0.00749625	0.0102587	0.0407136	0.255166
570	0.0101027	0.0683317	0.35366	0.0089955	0.0103784	0.0415984	0.264756
571	0.0101027	0.0708437	0.35366	0.0089955	0.0103784	0.0416169	0.264756
572	0.0100224	0.0721931	0.401854	0.0149925	0.0100039	0.042134	0.264756
573	0.0100224	0.0759421	0.475952	0.0164918	0.0100265	0.0422986	0.264756
574	0.0100224	0.0769068	0.475952	0.0134933	0.0100039	0.0428258	0.264756
575	0.0100224	0.0827334	0.650691	0.017991	0.0100039	0.0432352	0.28915
576	0.0121773	0.0878234	0.865289	0.0254873	0.0102587	0.0441081	0.310275
577	0.0132897	0.0912585	0.903344	0.0254873	0.0100039	0.0467667	0.365431
578	0.0133267	0.0855977	0.82058	0.017991	0.0100265	0.0467246	0.409015
579	0.0132897	0.0834837	0.795697	0.0134933	0.0100265	0.0453087	0.354123
580	0.0100224	0.0824947	0.583361	0.0134933	0.0100039	0.044713	0.310275
581	0.0100224	0.0792671	0.57847	0.0134933	0.0100039	0.0443334	0.296935
582	0.0100224	0.0760734	0.549852	0.0134933	0.0100039	0.045053	0.310275
583	0.0100224	0.0712381	0.476576	0.00749625	0.0100265	0.0479972	0.409015
584	0.0100224	0.0681378	0.427941	0.0089955	0.0100039	0.0488357	0.385588
585	0.0100224	0.0645021	0.404784	0.0089955	0.0100039	0.0503809	0.432387
586	0.0100224	0.061767	0.401854	0.00449775	0.0100265	0.049951	0.432387
587	0.0100224	0.0610522	0.356263	0.00449775	0.0104904	0.0520324	0.506171
588	0.0100224	0.0654293	0.518874	0.029985	0.0100039	0.0526535	0.506171
589	0.0100224	0.0611125	0.348754	0.005997	0.0107118	0.0510096	0.514074
590	0.0102342	0.0590165	0.342966	0	0.0100039	0.048519	0.381913
591	0.0101027	0.0590868	0.342966	0	0.0100039	0.0475001	0.381913
592	0.0103451	0.0562334	0.342966	0	0.0100039	0.0476712	0.373859
593	0.0103451	0.054445	0.342966	0.00449775	0.0100039	0.0458926	0.373859
594	0.0103451	0.0523514	0.342966	0.005997	0.0100265	0.0456087	0.373859
595	0.0100224	0.0490097	0.328989	0.00749625	0.0100039	0.0402869	0.219445
596	0.0103451	0.0483297	0.341481	0.00449775	0.0100265	0.0383994	0.198353
597	0.0106575	0.047968	0.342966	0.00449775	0.0100265	0.0379824	0.198353
598	0.0100224	0.0478497	0.328989	0.00449775	0.0100503	0.0366526	0.198353
599	0.0100224	0.0461428	0.311659	0.00149925	0.0100265	0.0343287	0.153925
600	0.0100224	0.045344	0.294453	0.00149925	0.0100503	0.0325481	0.13515
601	0.0100224	0.0441101	0.282497	0	0.0100503	0.0316788	0.13515
602	0.0100224	0.0436212	0.282497	0	0.0100503	0.0314233	0.13515
603	0.0100224	0.0431929	0.258812	0	0.0100265	0.030734	0.133879
604	0.0100224	0.0429502	0.258812	0	0.0101591	0.0302875	0.13515
605	0.0100224	0.0438019	0.282497	0	0.0101585	0.0313676	0.135524
606	0.0100224	0.0440988	0.263616	0	0.0101585	0.0296776	0.129307
607	0.0100224	0.0434821	0.260204	0	0.0101591	0.0290215	0.124002
608	0.0100224	0.0424899	0.242531	0	0.0101585	0.0285233	0.121519
609	0.0100224	0.0423158	0.239445	0	0.0100039	0.0280864	0.117814
610	0.0100224	0.042194	0.243381	0	0.0100039	0.027976	0.117814
611	0.0100224	0.0427831	0.247104	0	0.0100039	0.0277793	0.113522
612	0.0100224	0.0427289	0.243381	0	0.0101585	0.0278137	0.121909
613	0.0100224	0.042551	0.239445	0	0.0100265	0.0273166	0.121519
614	0.0100224	0.0419543	0.217236	0	0.0100039	0.0273365	0.118977
615	0.0100224	0.0417645	0.208692	0	0.0100039	0.0272604	0.121519
616	0.0100224	0.0422183	0.195749	0	0.0100039	0.0272163	0.123581
617	0.0100224	0.0422491	0.187826	0	0.0100039	0.0272929	0.123581
618	0.0100224	0.0425413	0.189701	0	0.0100039	0.0273959	0.123581
619	0.0100224	0.0428012	0.195749	0	0.0100039	0.0273401	0.123581
620	0.0100224	0.0426681	0.195749	0	0.0100039	0.0269466	0.103695
621	0.0100224	0.0424992	0.18429	0	0.0100039	0.0270765	0.102947
622	0.0100224	0.0426275	0.18429	0	0.0100039	0.0274594	0.113522
623	0.0100224	0.0430494	0.195749	0	0.0100379	0.0278774	0.124002
624	0.0100224	0.0415084	0.18429	0	0.0100039	0.0276535	0.103695
625	0.0100224	0.0416156	0.195749	0	0.0100039	0.0284089	0.124002
626	0.0100224	0.0413222	0.193066	0	0.0100039	0.0283792	0.12839
627	0.0100224	0.0406086	0.18429	0	0.0100379	0.0279057	0.124002
628	0.0100224	0.0405386	0.18429	0.00149925	0.0100039	0.0270742	0.0980784
629	0.0100224	0.0394122	0.18429	0.0029985	0.0100039	0.0271034	0.102328
630	0.0100224	0.0398	0.193066	0.0029985	0.0101724	0.0277164	0.124002
631	0.0100224	0.0392241	0.193066	0.0029985	0.0100039	0.0287755	0.154389
632	0.0100224	0.0389495	0.193066	0.00149925	0.0100039	0.0288988	0.150421
633	0.0100224	0.0388759	0.193066	0.005997	0.0101724	0.029714	0.184253
634	0.0100224	0.038873	0.193066	0.005997	0.0101724	0.0295385	0.184253
635	0.0100224	0.0385655	0.18429	0	0.0101724	0.0292488	0.181819
636	0.0100224	0.0375526	0.177925	0	0.0101724	0.0296658	0.184253
637	0.0100224	0.037077	0.177925	0	0.0101724	0.0297063	0.231419
638	0.0100224	0.0360031	0.173598	0	0.0101724	0.0290133	0.231419
639	0.0100224	0.0362022	0.18429	0	0.0101724	0.0285576	0.231419
640	0.0100224	0.0362459	0.173598	0	0.0101724	0.0282365	0.231419
641	0.0100224	0.0361951	0.171668	0	0.0101724	0.0280794	0.206388
642	0.0100224	0.0360975	0.168439	0	0.0101724	0.0281826	0.185276
643	0.0100224	0.0359383	0.169063	0	0.0101724	0.0284731	0.185276
644	0.0100224	0.0352308	0.166672	0	0.0101724	0.0284451	0.185276
645	0.0100224	0.0353738	0.178586	0	0.0101724	0.0282358	0.185276
646	0.0100224	0.0353037	0.169063	0	0.0101724	0.0289031	0.258163
647	0.0100224	0.0352845	0.168439	0	0.0101724	0.0291549	0.249223
648	0.0100224	0.034826	0.168439	0	0.0101724	0.0289945	0.231419
649	0.0100224	0.034952	0.168439	0	0.0101724	0.0297814	0.25256
650	0.0100224	0.0358071	0.178586	0.00749625	0.0100549	0.0304376	0.274982
651	0.0100224	0.0358559	0.18429	0.00449775	0.0100549	0.030273	0.258163
652	0.0100224	0.0366522	0.191364	0.00749625	0.0101724	0.0300864	0.249223
653	0.0100224	0.0364684	0.193947	0.00149925	0.0101724	0.0298414	0.249223
654	0.0100224	0.0374609	0.229583	0.00149925	0.0101724	0.0299328	0.235433
655	0.0100224	0.0372189	0.206827	0.00149925	0.0100549	0.0302995	0.218429
656	0.0100241	0.0384508	0.278283	0.00149925	0.0100549	0.0296314	0.175073
657	0.0100224	0.0384374	0.27669	0.00149925	0.0100549	0.0290655	0.138782
658	0.0100224	0.0391426	0.349712	0.00149925	0.0100549	0.0291136	0.160705
659	0.0100241	0.039351	0.398504	0	0.0100549	0.0300532	0.184253
660	0.0100224	0.0390542	0.307939	0	0.0100549	0.0299076	0.184253
661	0.0100224	0.0382002	0.306304	0	0.0100549	0.0299166	0.175073
662	0.0100224	0.0379378	0.306304	0	0.0102927	0.029929	0.175073
663	0.0100224	0.0375721	0.278283	0.00149925	0.0100549	0.029685	0.173607
664	0.0100224	0.0375997	0.278283	0.00149925	0.0100549	0.02933	0.15906
665	0.0100224	0.0385279	0.289312	0.0029985	0.0102365	0.0277962	0.134285
666	0.0100224	0.040051	0.349712	0.011994	0.0102365	0.0274222	0.133279
667	0.0100224	0.0419317	0.408543	0.0269865	0.0100549	0.0270003	0.118505
668	0.0100224	0.0437115	0.454361	0.0374813	0.0100549	0.0267527	0.0989377
669	0.0100224	0.049418	1.2554	0.0614693	0.0103247	0.0262811	0.0951335
670	0.0100224	0.0524043	1.57174	0.0689655	0.0104606	0.0261211	0.0940898
671	0.0100241	0.0567193	2.1623	0.0854573	0.0103247	0.0257534	0.0904902
672	0.0100241	0.0648588	2.51904	0.109445	0.0104606	0.0252021	0.0904902
673	0.0100241	0.0713255	2.62091	0.133433	0.0103904	0.024936	0.0868932
674	0.0100224	0.103225	3.38193	0.206897	0.0103904	0.0249454	0.0826175
675	0.011556	0.231416	6.12255	0.386807	0.0103904	0.024961	0.0826175
676	1.20231	3.5271	16.68	0.968516	0.0103247	0.0242262	0.0772598
677	1.2554	3.98206	9.83269	0.998501	0.0100867	0.0239003	0.0749055
678	1.44282	3.70009	9.28608	1	0.0100549	0.0239514	0.0749055
679	1.44174	3.61366	8.79306	1	0.0103247	0.0238056	0.0717014
680	1.44174	3.57843	8.78823	0.998501	0.0100549	0.0236279	0.0662999
681	1.12045	3.02054	8.52561	0.968516	0.0100549	0.0236426	0.0662999
682	1.12045	2.94857	8.52561	0.965517	0.0100867	0.0233348	0.0662999
683	1.06707	3.08815	6.94394	0.986507	0.0100867	0.0233117	0.0662999
684	1.31332	3.08464	8.52561	0.986507	0.0102463	0.0232807	0.0662999
685	1.24341	3.00394	8.52561	0.977511	0.0100867	0.0232221	0.0662999
686	0.109188	1.95311	6.67653	0.86057	0.0100549	0.0233909	0.0662999
687	0.0691645	1.73643	7.8516	0.826087	0.0102463	0.0232904	0.0662999
688	0.0439309	1.54761	8.31484	0.8006	0.0100549	0.0232978	0.0674823
689	0.0115179	0.335334	4.30474	0.449775	0.0100549	0.0236597	0.0698569
690	0.0106812	0.150641	3.74816	0.277361	0.0100549	0.0238897	0.0763503
691	0.0105202	0.0805737	2.9814	0.145427	0.0100101	0.0241192	0.0780808
692	0.0101121	0.0543344	1.42296	0.065967	0.0100549	0.0241726	0.0763503
693	0.0103792	0.0439366	0.346442	0.0269865	0.0100549	0.0244525	0.0808721
694	0.0105202	0.0390798	0.219876	0.00749625	0.0100101	0.0243768	0.0798458
695	0.0105202	0.0375142	0.198123	0.005997	0.0100867	0.0249216	0.0826175
696	0.0105202	0.0367101	0.195679	0.00749625	0.0101537	0.0257184	0.0929136
697	0.0106616	0.0356766	0.188786	0	0.0100549	0.0254269	0.0882662
698	0.0106484	0.0356035	0.187857	0	0.0100101	0.0252479	0.0859339
699	0.0106616	0.0354518	0.187857	0	0.0100549	0.0257706	0.0882662
700	0.0106616	0.0359377	0.188786	0	0.0100549	0.0259873	0.0904874
701	0.0106812	0.0377945	0.208876	0	0.0100549	0.0262415	0.0914192
702	0.0103792	0.0394725	0.208973	0.005997	0.0100549	0.0263857	0.0914192
703	0.0106812	0.0396384	0.22932	0.005997	0.0100549	0.0260412	0.0859339
704	0.0106484	0.0368686	0.198123	0	0.0101537	0.025809	0.0850087
705	0.0106484	0.0361125	0.187857	0	0.0101537	0.0258968	0.0850087
706	0.0106484	0.0364728	0.188786	0	0.0100549	0.0259518	0.0850087
707	0.0106616	0.0369294	0.195679	0	0.0100549	0.0253274	0.0828024
708	0.0106802	0.0361756	0.195679	0	0.0101377	0.0252223	0.0850087
709	0.0106616	0.0346251	0.187857	0	0.0100549	0.0252464	0.0850087
710	0.0106484	0.0349118	0.187857	0	0.0101377	0.0256798	0.0881212
711	0.0106616	0.0345919	0.188786	0	0.0101377	0.0258582	0.0904874
712	0.0104958	0.0342016	0.179582	0	0.0101377	0.0255634	0.0904874
713	0.0104958	0.0339268	0.179582	0	0.0100549	0.0258897	0.0904874
714	0.0104958	0.0330311	0.176344	0	0.0100549	0.0260817	0.0904874
715	0.0101817	0.031515	0.164877	0	0.0101377	0.0261615	0.0928031
716	0.0101817	0.0313471	0.164877	0	0.0101377	0.026027	0.0928031
717	0.0101817	0.0321263	0.169648	0	0.0101377	0.0263521	0.0934479
718	0.0100402	0.0328689	0.166932	0.00149925	0.0100549	0.0279449	0.103695
719	0.0103792	0.0341888	0.169648	0	0.0101377	0.0285925	0.123742
720	0.0101817	0.0349582	0.169648	0	0.0100549	0.0294168	0.150737
721	0.0103792	0.035129	0.164877	0	0.0101377	0.0296306	0.150737
722	0.0103792	0.0344677	0.160825	0	0.0100549	0.0296571	0.173895
723	0.0103759	0.0344849	0.164701	0	0.0100549	0.0302943	0.18248
724	0.0101817	0.0350845	0.161721	0	0.0100549	0.0310025	0.228844
725	0.0103759	0.0353923	0.172178	0	0.0100549	0.0315498	0.23598
726	0.0101817	0.0355398	0.169648	0	0.0100549	0.0323867	0.248305
727	0.0101817	0.035645	0.172178	0	0.0100549	0.0327385	0.248305
728	0.0104142	0.03547	0.179582	0	0.0101377	0.0328959	0.248305
729	0.0104142	0.0354483	0.179582	0	0.0100549	0.0378764	0.35245
730	0.0104958	0.0352115	0.179582	0	0.0100549	0.0393847	0.372758
731	0.0105228	0.0348927	0.179582	0	0.0100549	0.0400626	0.437669
732	0.0104958	0.0355011	0.181872	0.00149925	0.0102166	0.0394178	0.419578
733	0.0104958	0.0359638	0.181872	0.00149925	0.0102166	0.0459919	0.699299
734	0.0104958	0.0361858	0.181872	0.00149925	0.0102166	0.0750852	5.74983
735	0.0104958	0.0360397	0.179582	0	0.0102166	0.113839	27.4435
736	0.0105228	0.0361353	0.179582	0	0.0102166	0.172622	36.1553
737	0.0105228	0.035932	0.179582	0	0.0102166	0.19191	36.1553
738	0.0104958	0.0357952	0.179582	0	0.0102166	0.234532	37.2045
739	0.0104012	0.0361416	0.179582	0	0.0102166	0.232868	37.2045
740	0.0106125	0.0366905	0.183129	0	0.0102166	0.277726	57.7576
741	0.0106125	0.0371921	0.183129	0	0.0102166	0.291117	50.3567
742	0.0104012	0.0378546	0.181872	0.00149925	0.0102166	0.330335	50.3567
743	0.0104012	0.0385144	0.183129	0.00149925	0.0102166	0.343553	49.6611
744	0.0104012	0.0384997	0.182478	0.00149925	0.0102166	0.363215	49.6611
745	0.0105228	0.0381548	0.183129	0.00149925	0.0102166	0.256053	29.3843
746	0.0104012	0.0372408	0.17843	0.00149925	0.0102166	0.225435	29.3843
747	0.0104012	0.0360006	0.169053	0	0.01011	0.203964	31.8642
748	0.0104012	0.0351086	0.154767	0	0.01011	0.197625	31.8642
749	0.0104012	0.0347105	0.141851	0	0.0102166	0.203728	43.3256
750	0.0104012	0.0348954	0.141851	0	0.0102743	0.221452	43.3256
751	0.0104012	0.0356378	0.157691	0	0.0102743	0.22528	34.5558
752	0.0104012	0.0352622	0.157691	0	0.0102251	0.224448	31.9524
753	0.0104012	0.0352946	0.155065	0	0.0102743	0.246143	40.4992
754	0.0104012	0.0350809	0.157691	0	0.0108411	0.25899	46.1812
755	0.0104012	0.0348831	0.154767	0	0.0102743	0.262454	46.3966
756	0.0104012	0.0355113	0.180623	0	0.0113944	0.345708	59.6143
757	0.0104012	0.0360805	0.183129	0	0.0108411	0.376041	59.6143
758	0.0104012	0.036814	0.183129	0	0.0108411	0.430683	59.6143
759	0.0100745	0.0365098	0.180623	0	0.0108411	0.436569	59.6143
760	0.0100745	0.0364659	0.180623	0	0.0108411	0.440474	59.6143
761	0.010164	0.0369898	0.183129	0	0.010336	0.444514	56.2557
762	0.0100745	0.0388057	0.183129	0	0.010336	0.491598	58.2256
763	0.0100745	0.0398803	0.218967	0	0.0108411	0.520003	60.9766
764	0.0100745	0.0415922	0.242819	0	0.0105054	0.556303	59.6143
765	0.010164	0.040292	0.222311	0	0.0105054	0.574536	59.6143
766	0.0100745	0.0405053	0.224136	0	0.0108411	0.584074	61.1183
767	0.0100745	0.0414983	0.245312	0	0.0113715	0.559632	60.9766
768	0.0100745	0.0425638	0.27558	0	0.010336	0.561292	52.4935
769	0.0100745	0.044111	0.27558	0	0.0104413	0.562909	52.4935
770	0.0100745	0.0437865	0.270925	0	0.010336	0.546621	50.911
771	0.010164	0.0436305	0.27558	0.00149925	0.010336	0.561319	50.911
772	0.0100276	0.0417906	0.222311	0	0.010336	0.583299	50.911
773	0.0100276	0.0417305	0.222311	0	0.010336	0.582915	50.9542
774	0.0100276	0.044216	0.263937	0.0029985	0.010336	0.624296	52.4935
775	0.0100276	0.0487086	0.376648	0.0209895	0.0108411	0.78915	59.6143
776	0.0100276	0.0444885	0.27558	0.005997	0.0108411	0.864176	59.6498
777	0.010164	0.0450578	0.376648	0.00449775	0.010336	0.926572	59.6498
778	0.0100927	0.0457537	0.376648	0.0029985	0.0108411	0.949383	59.6498
779	0.0100927	0.0451098	0.376648	0.00149925	0.0108411	0.947398	59.6143
780	0.0100927	0.0449942	0.376648	0.00149925	0.0108411	0.913325	59.6143
781	0.0100927	0.0445429	0.376648	0.0029985	0.0108411	0.902814	56.5992
782	0.0100276	0.0441401	0.351087	0.00149925	0.0113113	0.895533	58.9401
783	0.0100927	0.0435234	0.329009	0.00149925	0.0113113	0.917046	58.9401
784	0.010164	0.0431728	0.329009	0.00149925	0.0113113	0.861877	58.9401
785	0.0100276	0.0435011	0.329009	0.00149925	0.0113113	0.827315	58.2256
786	0.0100276	0.0434523	0.351087	0.00149925	0.0113113	0.854626	67.1766
787	0.0100276	0.0427216	0.328502	0.00149925	0.0113715	0.890065	67.1766
788	0.0100927	0.0424837	0.325956	0.00149925	0.0113715	0.921829	69.6139
789	0.0100927	0.0426967	0.325956	0.00149925	0.0109658	0.904481	65.4031
790	0.0100276	0.0428158	0.325956	0.00149925	0.0113715	0.911714	71.3187
791	0.0100927	0.0428507	0.325956	0.00149925	0.0113715	0.85601	71.3187
792	0.010164	0.0421288	0.325956	0.00149925	0.0113715	0.820497	71.3187
793	0.0100276	0.0420053	0.311008	0.00149925	0.0113715	0.79961	71.3187
794	0.0100276	0.0423727	0.311008	0.00149925	0.0113715	0.761116	71.3187
795	0.010164	0.0425493	0.281894	0.00149925	0.0113715	0.707547	65.4031
796	0.010164	0.0431417	0.281894	0.00149925	0.0113944	0.680166	58.2256
797	0.010164	0.0431136	0.281894	0.00149925	0.0113944	0.666862	58.2256
798	0.0100276	0.0436812	0.282382	0.0029985	0.0113944	0.652771	58.2256
799	0.010164	0.0440471	0.325956	0.00449775	0.0113944	0.640643	58.2256
800	0.010164	0.0441301	0.330729	0.00449775	0.0109658	0.631674	52.4935
801	0.010164	0.0453993	0.368653	0.005997	0.0113944	0.632621	52.4935
802	0.010164	0.045959	0.368653	0.00449775	0.0113944	0.622283	52.4935
803	0.010164	0.0457886	0.368653	0.0029985	0.0113944	0.586872	52.4935
804	0.0100276	0.0462015	0.376678	0.0029985	0.0109658	0.598895	52.4935
805	0.0100276	0.0462763	0.376678	0.0029985	0.0116209	0.691865	58.2256
806	0.0100276	0.0463029	0.376678	0.0029985	0.0114469	0.737904	58.2256
807	0.0100276	0.0470081	0.376678	0.0029985	0.0120241	0.950012	63.4411
808	0.0100276	0.0492635	0.376678	0.00449775	0.0205802	1.18296	99.5335
809	0.0100276	0.0493803	0.376678	0.00449775
