		omega		Posterior		rho				Synonymous theta			kappa			phi	
Site	Lower	Point	Higher	prob of +ve	Lower	Point	Higher		Lower	Point	Higher	Lower	Point	Higher	Lower	Point	Higher
	95% HPD	estimate	95% HPD	selection	95% HPD	estimate	95% HPD		95% HPD	estimate	95% HPD	95% HPD	estimate	95% HPD	95% HPD	estimate	95% HPD
0	0.0100054	0.0331331	0.276031	0.00149925	0.0184562	2.29645	99.7632		0.0382397	0.0609041	0.0887675	2.9118	9.72142	32.9911	0	0	0
1	0.0100054	0.0311317	0.227535	0	0.0182363	2.11097	99.7632
2	0.0100054	0.0297642	0.198006	0.00149925	0.0176654	1.8948	97.3984
3	0.0100054	0.0292914	0.190364	0	0.0176654	1.72378	99.7632
4	0.0100054	0.0286493	0.150612	0	0.0176654	1.55429	99.7632
5	0.0100054	0.0284348	0.154312	0.0029985	0.0174926	1.52217	99.7632
6	0.0100054	0.0286212	0.161724	0.00449775	0.0172716	1.49066	99.7632
7	0.0100054	0.0283478	0.150612	0.0029985	0.0174926	1.48589	99.7632
8	0.0100054	0.0278311	0.146485	0	0.0176654	1.45412	99.7632
9	0.0100203	0.0276023	0.149694	0	0.0168402	1.34547	99.7632
10	0.0100054	0.0276634	0.149694	0	0.0157389	1.27706	99.7632
11	0.0100054	0.0274259	0.149328	0	0.0135444	1.2034	90.7177
12	0.0100054	0.0270758	0.146022	0	0.0135444	1.07312	87.6414
13	0.0100054	0.0270155	0.134012	0	0.0108881	1.02488	69.0856
14	0.0100054	0.0270048	0.134012	0	0.0135444	1.02799	87.6414
15	0.0100054	0.0265021	0.121162	0	0.0108881	1.01703	69.0856
16	0.0100054	0.0259343	0.112075	0	0.014495	1.07388	90.7884
17	0.0100054	0.0258527	0.109729	0.00149925	0.0141695	1.0463	87.6414
18	0.0100203	0.0255083	0.105633	0.00149925	0.0170887	1.0262	99.7632
19	0.0100054	0.0252537	0.0970693	0.00149925	0.0170887	1.06711	99.7632
20	0.0100054	0.0250684	0.0960466	0.00149925	0.0173224	1.10454	95.6154
21	0.0100054	0.0253412	0.0980768	0.00149925	0.0136745	1.03643	70.5605
22	0.0100054	0.0251568	0.0980768	0	0.0142433	0.948079	70.7393
23	0.0100054	0.0248252	0.0978291	0	0.0149045	0.962301	70.7393
24	0.0100054	0.0249525	0.0980768	0	0.0188317	1.00354	85.7032
25	0.0100054	0.0249151	0.10185	0	0.0188317	0.981863	87.9294
26	0.0100054	0.0252547	0.105616	0.00149925	0.0193272	0.895391	85.7032
27	0.0100054	0.0257257	0.114038	0.00149925	0.0193272	0.851231	90.7884
28	0.0100054	0.0254568	0.114804	0.0029985	0.0196216	0.839884	90.7884
29	0.0100054	0.0254146	0.114804	0.0029985	0.0196216	0.83796	90.7884
30	0.0100054	0.025516	0.124869	0.0029985	0.0209048	0.755127	99.9147
31	0.0100203	0.0249622	0.109749	0.00149925	0.0139516	0.676388	62.0943
32	0.0100054	0.0248941	0.105616	0.00149925	0.0139763	0.656314	62.0943
33	0.0100054	0.0246938	0.109749	0.00149925	0.0203574	0.67319	90.7884
34	0.0100054	0.0244508	0.10185	0.00149925	0.0193272	0.682226	90.7884
35	0.0100054	0.0243535	0.104633	0	0.0240926	0.735705	98.6798
36	0.0100203	0.0245965	0.109749	0	0.0280681	0.769904	98.6798
37	0.0100203	0.0248547	0.114362	0.00149925	0.0303528	0.792444	95.8174
38	0.0100054	0.024724	0.114362	0	0.0303528	0.807771	94.1171
39	0.0100054	0.0245651	0.109729	0	0.0280681	0.801877	90.7873
40	0.0100203	0.0245999	0.114362	0	0.0280681	0.735993	93.9209
41	0.0100046	0.0242905	0.10185	0	0.0239174	0.6168	93.9209
42	0.0100046	0.0242519	0.105616	0	0.0224263	0.59092	89.8014
43	0.0100046	0.0242527	0.105616	0	0.017773	0.552503	65.2536
44	0.0100046	0.0240201	0.101433	0	0.0147268	0.50846	51.693
45	0.0100046	0.0243413	0.101785	0.00149925	0.0145811	0.501455	50.5148
46	0.0100046	0.0241609	0.101785	0	0.0145811	0.49753	51.5448
47	0.0100046	0.02435	0.10377	0	0.0126039	0.42885	38.6801
48	0.0100046	0.0243836	0.102438	0	0.0126039	0.394644	37.926
49	0.0100046	0.0242386	0.101785	0	0.0128084	0.377514	33.9255
50	0.0100046	0.0238096	0.0943199	0	0.0126039	0.367681	33.9255
51	0.0100046	0.0235856	0.089647	0.00149925	0.0126039	0.349797	29.709
52	0.0100046	0.023631	0.089647	0.00149925	0.0126039	0.346121	27.0769
53	0.0100046	0.0235394	0.089647	0.00149925	0.0101406	0.352923	24.1183
54	0.0100046	0.0234819	0.0879892	0	0.017773	0.349565	43.1374
55	0.0100046	0.0235773	0.089647	0	0.0168096	0.353213	44.9956
56	0.0100046	0.0234266	0.089647	0	0.0139043	0.346652	43.1374
57	0.0100046	0.0235036	0.0907398	0	0.0139043	0.343529	42.5884
58	0.0100046	0.0240661	0.101785	0	0.0259725	0.38738	90.7873
59	0.0100046	0.0239049	0.101785	0	0.0117834	0.283239	35.7134
60	0.0100046	0.0246992	0.111183	0.00149925	0.0100744	0.19379	16.8423
61	0.0100046	0.024701	0.109729	0.00149925	0.0114204	0.0960782	0.615764
62	0.0100046	0.0245943	0.108466	0.00149925	0.0119	0.0885589	0.465801
63	0.0100046	0.0249193	0.111733	0.0029985	0.0118072	0.0869651	0.459832
64	0.0100046	0.02507	0.109729	0.0029985	0.0119	0.0859601	0.459832
65	0.0100046	0.0248876	0.108466	0.0029985	0.0119553	0.0847209	0.445085
66	0.0100203	0.0249894	0.108466	0.0029985	0.0118072	0.0846176	0.416431
67	0.0100046	0.0248785	0.107864	0.0029985	0.0118072	0.0847696	0.426991
68	0.0100046	0.0254742	0.111183	0.005997	0.0118072	0.0851372	0.426991
69	0.0100046	0.0258197	0.118665	0.00449775	0.0116206	0.0829185	0.428977
70	0.0100046	0.0257253	0.11421	0.00149925	0.0119	0.0816385	0.445715
71	0.0100046	0.0250551	0.10632	0	0.0116206	0.0811887	0.42698
72	0.0100046	0.0250933	0.100742	0	0.01105	0.0787056	0.421114
73	0.0100046	0.0252593	0.103235	0	0.0106083	0.0746091	0.387882
74	0.0100046	0.0252754	0.102438	0	0.011176	0.0728337	0.416431
75	0.0100203	0.0254329	0.102438	0	0.0112425	0.0695783	0.387882
76	0.0100203	0.0253391	0.103235	0	0.0103114	0.0673122	0.340554
77	0.0100203	0.0255387	0.111183	0	0.0103114	0.066075	0.340554
78	0.0100203	0.025638	0.111183	0	0.0102455	0.0655582	0.340554
79	0.0100203	0.025416	0.105543	0	0.0100177	0.0654896	0.340554
80	0.0100203	0.0255871	0.111183	0	0.0102455	0.0658165	0.416431
81	0.0100203	0.02578	0.117734	0	0.0102455	0.0651939	0.416431
82	0.0100203	0.0257523	0.117846	0	0.0100514	0.0628973	0.386969
83	0.0100203	0.0257858	0.117846	0.0029985	0.0100514	0.0625123	0.386969
84	0.0100203	0.0257326	0.117734	0.0029985	0.0100514	0.0617466	0.375493
85	0.0100227	0.0256407	0.108207	0.0029985	0.0100514	0.0603416	0.362864
86	0.0100227	0.0255127	0.115647	0.00149925	0.0100514	0.0602253	0.362864
87	0.0100227	0.0253858	0.108207	0	0.0100514	0.0598533	0.362864
88	0.0100453	0.0259377	0.117846	0	0.0100514	0.059611	0.343118
89	0.0100227	0.0262684	0.124254	0.0029985	0.0100514	0.0595981	0.354772
90	0.0100227	0.0261319	0.118753	0.0029985	0.0100068	0.0586569	0.343118
91	0.0100529	0.0256671	0.118665	0.0029985	0.0100514	0.0570468	0.327012
92	0.0100453	0.0253139	0.105543	0	0.0100068	0.0559451	0.309449
93	0.0100529	0.0252973	0.10562	0	0.0100068	0.0552395	0.302688
94	0.0100453	0.0253162	0.105411	0.00149925	0.0100068	0.0554234	0.295484
95	0.0100453	0.0250178	0.10467	0	0.0100514	0.0558147	0.315547
96	0.0100453	0.0248966	0.102438	0	0.0100068	0.0569436	0.327012
97	0.0100453	0.0252482	0.106181	0	0.0100514	0.0574021	0.335453
98	0.0100453	0.0254932	0.109046	0	0.0100068	0.0618617	0.51914
99	0.0100453	0.0257721	0.118621	0	0.0100068	0.06323	0.588676
100	0.0100453	0.0255684	0.109046	0	0.0100068	0.0644025	0.62626
101	0.0100453	0.0256609	0.112439	0	0.0100068	0.0694082	0.768938
102	0.0100453	0.0258465	0.118621	0	0.0100131	0.0770482	1.11472
103	0.0100453	0.0259797	0.118621	0	0.0100068	0.078373	1.11472
104	0.0100453	0.0258493	0.118397	0	0.0100068	0.0874456	2.24579
105	0.0100453	0.0262881	0.118397	0.00149925	0.0100068	0.0905947	2.30944
106	0.0100453	0.0265638	0.118621	0.00149925	0.0100068	0.105023	5.82773
107	0.0100453	0.0265355	0.118397	0.00149925	0.0100068	0.117103	11.1856
108	0.0100453	0.0262799	0.115067	0.00149925	0.0100068	0.123486	12.9147
109	0.0100453	0.0267243	0.120174	0.00449775	0.0100068	0.132065	13.1031
110	0.0100453	0.0272766	0.128523	0.00449775	0.0100068	0.135787	13.7182
111	0.0100453	0.0269861	0.121131	0.00449775	0.0100068	0.140701	15.5545
112	0.0100453	0.0273566	0.121131	0.00449775	0.0100068	0.151738	18.6969
113	0.0100453	0.0277451	0.126752	0.0029985	0.0100068	0.144363	25.6167
114	0.0100453	0.0279213	0.126752	0.0029985	0.0100068	0.157517	28.4179
115	0.0100453	0.0281709	0.126752	0.00149925	0.0100068	0.183551	37.9074
116	0.0100453	0.0282865	0.128523	0.00149925	0.0100068	0.185753	37.9074
117	0.0100453	0.0282804	0.126752	0.00149925	0.0100068	0.192404	39.5207
118	0.0100453	0.0285204	0.129602	0.00149925	0.0100068	0.216639	43.141
119	0.0100453	0.0284348	0.126752	0.00149925	0.0100068	0.219376	40.9887
120	0.0100453	0.0281944	0.118397	0	0.0100068	0.20834	37.9074
121	0.0100453	0.0286172	0.120174	0	0.0100068	0.190238	28.4179
122	0.0100453	0.028466	0.118397	0	0.0100899	0.188855	27.605
123	0.0100453	0.0286279	0.126752	0.00149925	0.0100406	0.187484	28.4179
124	0.0100453	0.0297438	0.142082	0.0029985	0.0100406	0.186329	26.9111
125	0.0100453	0.0299822	0.143164	0.00149925	0.0100406	0.186504	26.9111
126	0.0100453	0.0303165	0.155727	0.00149925	0.0100406	0.186006	26.3034
127	0.0100453	0.0301652	0.147463	0	0.0100406	0.182144	26.3034
128	0.0100453	0.0304686	0.148911	0	0.0100406	0.178831	24.7386
129	0.0100453	0.0303155	0.147463	0	0.0100406	0.171951	20.9675
130	0.0100453	0.0306558	0.143164	0	0.0100406	0.170072	20.1806
131	0.0100453	0.0311066	0.148911	0	0.0100406	0.154867	14.6257
132	0.0100453	0.0311388	0.155727	0	0.0100406	0.150081	9.94252
133	0.0100453	0.0322017	0.167653	0	0.0100406	0.151784	10.2839
134	0.010115	0.0323643	0.167653	0	0.0100406	0.148137	10.2839
135	0.0100453	0.0330121	0.180738	0	0.0100694	0.147937	10.2839
136	0.0100453	0.0330668	0.180738	0	0.0100899	0.146966	10.2839
137	0.0101815	0.0338139	0.189276	0	0.0100694	0.137503	6.73769
138	0.0100453	0.0349276	0.194831	0	0.0100694	0.136689	4.66657
139	0.010115	0.0359514	0.209421	0	0.0100514	0.141868	4.09588
140	0.010115	0.0370261	0.217364	0.00149925	0.0100514	0.146371	4.59728
141	0.010115	0.038093	0.225513	0	0.0100514	0.159885	8.94768
142	0.0100453	0.0383379	0.225513	0	0.0100899	0.174759	10.2839
143	0.0101815	0.0394943	0.237956	0	0.0100694	0.198475	12.384
144	0.0100453	0.0399145	0.237956	0	0.0100514	0.220201	18.6078
145	0.0100453	0.0418201	0.261796	0.00149925	0.0100514	0.22786	18.6493
146	0.0100453	0.04382	0.275517	0.0029985	0.0100514	0.245875	20.4877
147	0.0101307	0.0445241	0.298309	0.0029985	0.0100514	0.251004	18.6078
148	0.0100453	0.0449298	0.283767	0	0.01095	0.252774	15.4465
149	0.0101307	0.0472729	0.315156	0.00149925	0.0107987	0.245268	12.6377
150	0.0100453	0.0499738	0.324566	0.00149925	0.0107987	0.257252	12.7334
151	0.0100453	0.0528694	0.351709	0.00449775	0.0112395	0.249751	12.6149
152	0.0101307	0.0558196	0.435922	0.00749625	0.0105606	0.267375	12.7334
153	0.0101307	0.0614534	0.468169	0.0104948	0.0112531	0.270729	12.6149
154	0.0101307	0.0696367	0.609554	0.0134933	0.0104409	0.266214	8.11227
155	0.0101815	0.0792728	0.737236	0.023988	0.0105606	0.256442	5.75514
156	0.0101307	0.0955712	0.861073	0.0404798	0.0101357	0.253564	5.43403
157	0.0102584	0.152134	1.93524	0.101949	0.0101357	0.26249	6.1405
158	0.0104676	0.133897	1.37374	0.077961	0.0101357	0.274408	8.11227
159	0.0101815	0.131925	1.28009	0.0734633
