		omega		Posterior		rho				Synonymous theta			kappa			phi	
Site	Lower	Point	Higher	prob of +ve	Lower	Point	Higher		Lower	Point	Higher	Lower	Point	Higher	Lower	Point	Higher
	95% HPD	estimate	95% HPD	selection	95% HPD	estimate	95% HPD		95% HPD	estimate	95% HPD	95% HPD	estimate	95% HPD	95% HPD	estimate	95% HPD
0	0.0105363	0.0811114	1.26639	0.05997	0.0100379	0.691337	56.677		0.00610187	0.0123434	0.0229728	0.751752	2.30026	12.0602	0	0	0
1	0.0102576	0.0757707	0.906917	0.0434783	0.0147429	0.762331	83.8239
2	0.0103009	0.0733971	0.813482	0.0344828	0.013473	0.854071	79.2333
3	0.0102576	0.0728659	0.681411	0.023988	0.013473	0.990991	81.3187
4	0.0102576	0.0714423	0.681411	0.023988	0.013473	1.05653	83.7419
5	0.0102576	0.0686191	0.610996	0.017991	0.0147429	1.19194	90.0276
6	0.0102576	0.0668093	0.544859	0.0134933	0.0149289	1.16009	90.0276
7	0.0100762	0.0636855	0.489962	0.011994	0.0149468	1.0958	89.8091
8	0.0101583	0.0630963	0.489962	0.011994	0.0161427	1.04747	94.9437
9	0.0101583	0.0627135	0.509724	0.0149925	0.0161427	1.15804	89.8091
10	0.0104742	0.060221	0.489962	0.0104948	0.0174374	1.41869	92.969
11	0.0102195	0.060078	0.45869	0.0089955	0.0235272	1.8252	96.3226
12	0.0102195	0.0596785	0.45869	0.011994	0.0242703	2.18089	92.0992
13	0.0102195	0.0596672	0.474755	0.0134933	0.0300037	2.51466	96.3226
14	0.0103009	0.0577596	0.404194	0.0104948	0.0300037	2.71184	93.659
15	0.0102195	0.0581269	0.397823	0.0104948	0.0309959	2.592	92.969
16	0.0102195	0.0577	0.397823	0.00749625	0.0344658	2.64204	98.2656
17	0.0101016	0.0579624	0.397823	0.0104948	0.0300037	2.36659	93.206
18	0.0102104	0.0586172	0.401899	0.0134933	0.0337805	2.22945	99.804
19	0.0102195	0.0593024	0.404194	0.0134933	0.0296563	2.05507	93.206
20	0.0101016	0.0593176	0.430346	0.0149925	0.0303079	1.91275	99.804
21	0.0101016	0.0587162	0.45869	0.017991	0.0296563	1.80845	99.804
22	0.0102104	0.057197	0.404194	0.0149925	0.0264309	1.57479	93.206
23	0.0100067	0.0560343	0.430346	0.0164918	0.0252949	1.48038	93.206
24	0.0100067	0.0549035	0.404194	0.0164918	0.0209982	1.26004	99.804
25	0.0100067	0.0544696	0.404194	0.017991	0.0185774	1.13472	92.969
26	0.0100067	0.0540376	0.429077	0.017991	0.0184935	1.08627	96.3226
27	0.0100117	0.0541432	0.404194	0.0194903	0.0185774	1.04465	99.804
28	0.0100067	0.0532815	0.385589	0.017991	0.0151378	0.984716	93.206
29	0.0100067	0.0538271	0.390466	0.017991	0.0154356	0.911464	93.206
30	0.0100067	0.0531614	0.385589	0.0164918	0.0151378	0.806542	92.7684
31	0.0100067	0.0530147	0.385589	0.0164918	0.0151378	0.78484	91.2214
32	0.0100067	0.0530523	0.385589	0.0164918	0.0151378	0.740515	91.2214
33	0.0100067	0.0524223	0.38442	0.0134933	0.0133102	0.754349	85.153
34	0.0100067	0.0507847	0.367322	0.00749625	0.0134413	0.741069	85.153
35	0.0100067	0.0507279	0.371889	0.0089955	0.0134413	0.743287	85.153
36	0.0100067	0.0523801	0.385589	0.0089955	0.0136962	0.798809	86.3618
37	0.0100117	0.0525846	0.397823	0.0089955	0.0134413	0.766832	85.153
38	0.0100117	0.052691	0.401899	0.0104948	0.0150715	0.735497	92.969
39	0.0100038	0.0533626	0.45869	0.0149925	0.0150715	0.733326	92.7684
40	0.0100038	0.053009	0.45869	0.0149925	0.0150715	0.719404	91.2214
41	0.0100038	0.0526398	0.442099	0.011994	0.01442	0.658464	92.969
42	0.0100117	0.0528602	0.442099	0.0149925	0.0145316	0.646304	92.969
43	0.0100038	0.0509595	0.39661	0.011994	0.0138438	0.666552	91.2214
44	0.0100038	0.0516325	0.39661	0.0104948	0.0138438	0.664423	92.969
45	0.0100038	0.0511409	0.39661	0.0089955	0.0138438	0.667508	92.969
46	0.0100038	0.0516227	0.411634	0.00749625	0.0136962	0.79183	89.5104
47	0.0100038	0.0518528	0.4301	0.0089955	0.0136962	0.920014	86.3618
48	0.0100038	0.0517316	0.434235	0.00749625	0.0164498	1.18549	98.0831
49	0.0100038	0.0511649	0.434235	0.005997	0.0162635	1.32502	98.0831
50	0.0100038	0.0505467	0.4301	0.00749625	0.0164498	1.4162	98.0831
51	0.0100038	0.0493349	0.411848	0.00449775	0.0181092	1.49278	98.0831
52	0.0100038	0.0490015	0.411848	0.00749625	0.0185774	1.54825	98.0831
53	0.0100038	0.0485721	0.392868	0.0089955	0.0165837	1.56801	98.0831
54	0.0100038	0.0489345	0.380892	0.00749625	0.0165837	1.5331	98.0831
55	0.0100038	0.0478948	0.350215	0.00449775	0.0164498	1.43505	98.0831
56	0.0100038	0.047766	0.350215	0.005997	0.0162635	1.29988	98.0831
57	0.0100038	0.0477235	0.363682	0.0089955	0.014634	1.20203	91.2214
58	0.0100038	0.0467804	0.350215	0.0089955	0.014634	1.11612	91.2214
59	0.0100038	0.048565	0.386612	0.0164918	0.0132247	1.12223	84.9978
60	0.0100038	0.046546	0.350215	0.0089955	0.014634	1.12319	92.9222
61	0.0100038	0.0465223	0.342674	0.00749625	0.0135418	1.07279	81.503
62	0.0100038	0.0455573	0.3229	0.005997	0.0149581	1.11729	90.8284
63	0.0100038	0.0452912	0.314096	0.00449775	0.0147622	1.17442	90.8284
64	0.0100038	0.0451595	0.314096	0.005997	0.014634	1.14774	92.9222
65	0.0100038	0.0459272	0.314096	0.005997	0.0147622	1.2197	90.8284
66	0.0100038	0.0469279	0.3229	0.005997	0.0151436	1.35392	93.0705
67	0.0100038	0.0466968	0.33248	0.005997	0.0164498	1.40303	97.6069
68	0.0100038	0.0473351	0.342708	0.00749625	0.0161485	1.38404	98.5019
69	0.0100038	0.0478563	0.379461	0.0104948	0.0161485	1.43403	97.6069
70	0.0100038	0.047932	0.372542	0.0104948	0.0161485	1.40951	97.6069
71	0.0100038	0.0476943	0.348894	0.0089955	0.0161485	1.34614	97.6069
72	0.0100312	0.046771	0.342708	0.00449775	0.0135418	1.19848	87.2169
73	0.0100038	0.0465662	0.342708	0.00449775	0.0137373	1.16879	87.2169
74	0.0100312	0.0467808	0.342708	0.00449775	0.0134309	1.13006	85.2183
75	0.0100038	0.0460497	0.320844	0.005997	0.0133564	1.19348	87.5336
76	0.0100038	0.0447444	0.313968	0.00149925	0.0134641	1.24882	88.8425
77	0.0100038	0.0438532	0.298478	0.00149925	0.0120435	1.29511	77.7955
78	0.0100312	0.0441995	0.31918	0.0029985	0.0137373	1.32698	88.8425
79	0.0100038	0.0447751	0.320844	0.0029985	0.0155456	1.4226	95.4473
80	0.0100038	0.0449657	0.33248	0.0029985	0.0155362	1.43099	93.0705
81	0.0100038	0.044967	0.340637	0.00149925	0.0155362	1.40578	92.9222
82	0.0100038	0.0449206	0.33248	0.00149925	0.0155362	1.37264	93.0705
83	0.0100038	0.0453774	0.344106	0.005997	0.0122705	1.31417	74.3947
84	0.0100038	0.0450247	0.362439	0.005997	0.0122705	1.23207	74.2681
85	0.0100038	0.0451735	0.362439	0.00749625	0.012571	1.13578	75.4387
86	0.0100038	0.0457075	0.364255	0.0104948	0.012667	1.02121	74.3947
87	0.0100312	0.0460075	0.372542	0.0104948	0.0128642	0.943728	74.2681
88	0.0100038	0.045579	0.372542	0.011994	0.012667	0.977832	74.2681
89	0.0100038	0.0456303	0.372542	0.0134933	0.012571	0.887952	74.3947
90	0.0100038	0.0455363	0.374149	0.0149925	0.0124265	0.857814	74.2681
91	0.0100038	0.0449498	0.372542	0.0149925	0.0119679	0.880408	69.6671
92	0.0100038	0.0443771	0.351882	0.0149925	0.012571	0.919851	73.6914
93	0.0100312	0.043721	0.372542	0.0134933	0.012571	0.858533	70.5797
94	0.0100038	0.0424991	0.341243	0.0104948	0.0119679	0.867571	67.8631
95	0.0100038	0.0420499	0.302295	0.00449775	0.0100906	0.810062	55.8496
96	0.0100038	0.0422778	0.290513	0.0029985	0.0101429	0.714013	43.91
97	0.0100398	0.0410634	0.290513	0.00149925	0.0108857	0.601529	41.6264
98	0.0102104	0.0409353	0.290513	0.00149925	0.0108204	0.546027	39.3227
99	0.0100038	0.0405745	0.281638	0	0.0100906	0.570135	46.3025
100	0.0102104	0.0407826	0.290513	0.00149925	0.0100906	0.515819	47.4495
101	0.0102104	0.0409963	0.290513	0.00449775	0.0109416	0.536108	56.048
102	0.0100398	0.041303	0.290513	0.00449775	0.0101429	0.597539	56.048
103	0.010035	0.0404849	0.290513	0.005997	0.0102387	0.619191	56.048
104	0.0100038	0.0399062	0.282931	0.005997	0.0103105	0.523573	54.5633
105	0.010035	0.0404808	0.290513	0.00749625	0.0102387	0.537621	54.5633
106	0.0100038	0.0402011	0.290513	0.011994	0.0103105	0.491856	54.7333
107	0.0102104	0.0396466	0.288415	0.0104948	0.0102387	0.426553	47.4495
108	0.0102104	0.039097	0.282931	0.00749625	0.0102387	0.379164	40.6481
109	0.0100038	0.0382752	0.268159	0.005997	0.0101922	0.349101	37.8423
110	0.0100038	0.0380632	0.25456	0.00749625	0.0102387	0.308781	31.1914
111	0.0100038	0.0373429	0.246547	0.00749625	0.010249	0.296905	37.8423
112	0.0101732	0.0375515	0.246547	0.00749625	0.0101738	0.304362	41.6264
113	0.0101732	0.0376601	0.246547	0.00749625	0.0101738	0.302956	47.4495
114	0.010035	0.0383357	0.268159	0.0089955	0.0101738	0.286896	48.56
115	0.0101732	0.0385609	0.282931	0.00749625	0.0101893	0.272865	45.5146
116	0.010035	0.0389364	0.292027	0.0104948	0.0101738	0.25643	47.4495
117	0.010035	0.0397535	0.292027	0.0134933	0.0101738	0.235601	47.4495
118	0.010035	0.0398559	0.282931	0.0104948	0.0101738	0.229509	44.4669
119	0.0101732	0.0406641	0.282931	0.0134933	0.0105681	0.209423	40.0995
120	0.010035	0.0416204	0.282931	0.017991	0.0105344	0.210089	43.2596
121	0.0101732	0.0415675	0.293966	0.0164918	0.0105344	0.219343	42.425
122	0.010035	0.0421748	0.337345	0.0194903	0.0101893	0.220104	42.425
123	0.010035	0.0419361	0.337345	0.0194903	0.0105344	0.20979	42.425
124	0.010035	0.0420042	0.337345	0.0194903	0.010507	0.194863	38.7205
125	0.0101732	0.040412	0.288415	0.0134933	0.0105344	0.180109	38.3353
126	0.0101732	0.0404954	0.293966	0.0149925	0.0101893	0.191861	38.6847
127	0.0101732	0.0408503	0.292027	0.011994	0.0100495	0.19716	40.0976
128	0.0101732	0.0400834	0.288415	0.011994	0.0100495	0.182568	40.0976
129	0.010035	0.0397694	0.276716	0.011994	0.0100495	0.171956	37.6021
130	0.010035	0.0393756	0.286592	0.011994	0.0100971	0.162283	36.0739
131	0.010225	0.0376548	0.242314	0.0089955	0.0100971	0.152294	35.1622
132	0.010035	0.0379273	0.242314	0.0104948	0.0100971	0.143274	36.0739
133	0.010035	0.0386636	0.276716	0.011994	0.0100971	0.139217	31.4493
134	0.010035	0.0402045	0.327064	0.0164918	0.0100971	0.137457	37.2221
135	0.010035	0.04201	0.400664	0.0164918	0.0100971	0.136114	37.6021
136	0.010035	0.0420798	0.400664	0.0164918	0.0100971	0.128012	27.9147
137	0.010035	0.0426565	0.415386	0.0164918	0.0100971	0.123637	28.8156
138	0.010035	0.0434098	0.487257	0.0209895	0.0100971	0.116049	28.8156
139	0.010035	0.0426817	0.410956	0.0194903	0.0100971	0.1093	25.2594
140	0.010035	0.0431739	0.415386	0.0164918	0.0100971	0.105371	20.8231
141	0.010035	0.044004	0.415386	0.017991	0.0100971	0.093561	14.9958
142	0.010035	0.0443107	0.415386	0.017991	0.0100971	0.0864749	8.23802
143	0.010035	0.0440123	0.415386	0.0149925	0.0100971	0.0752234	4.85002
144	0.010035	0.0437587	0.415386	0.0149925	0.0100971	0.0683786	4.55696
145	0.0101732	0.0433244	0.388115	0.011994	0.0100971	0.0624401	2.37996
146	0.010035	0.0444248	0.415386	0.0164918	0.0100971	0.0583864	1.33271
147	0.010035	0.0470917	0.463439	0.0224888	0.0100971	0.0593137	2.27733
148	0.0101732	0.0476993	0.424211	0.0209895	0.0100971	0.06546	4.93226
149	0.0101732	0.0478002	0.424211	0.023988	0.0100971	0.068921	5.9321
150	0.0101732	0.0471853	0.415386	0.0194903	0.0100971	0.0725932	7.8749
151	0.010225	0.046137	0.389273	0.0164918	0.0100489	0.0566596	1.31755
152	0.0101732	0.046453	0.424211	0.0164918	0.0100489	0.0578268	1.31755
153	0.0101732	0.0457404	0.368986	0.0089955	0.0100489	0.0592007	2.14872
154	0.01013	0.0460401	0.384995	0.0104948	0.0100489	0.0576051	2.14872
155	0.01013	0.0475031	0.475435	0.0134933	0.0100489	0.0570825	2.14872
156	0.01013	0.0491431	0.506969	0.0194903	0.0100489	0.0545079	2.14872
157	0.01013	0.048724	0.475435	0.0149925	0.0100489	0.0537056	2.14872
158	0.01013	0.0493578	0.487257	0.0164918	0.0100194	0.0520881	1.35192
159	0.01013	0.0488965	0.475435	0.0164918	0.0100194	0.0495052	0.863048
160	0.01013	0.0486164	0.389273	0.0134933	0.0100194	0.0479785	0.74243
161	0.01013	0.0476451	0.37169	0.011994	0.0100194	0.0481289	0.74243
162	0.01013	0.0489565	0.378849	0.011994	0.0100194	0.0472625	0.645488
163	0.01013	0.0488539	0.384995	0.0134933	0.0100194	0.046735	0.645488
164	0.01013	0.0480547	0.35859	0.0104948	0.0100194	0.0460975	0.593011
165	0.01013	0.0484754	0.378849	0.011994	0.0100489	0.0456729	0.593011
166	0.01013	0.0484734	0.378849	0.011994	0.0100971	0.0431091	0.336297
167	0.01013	0.0490381	0.389273	0.0134933	0.0100194	0.042483	0.329615
168	0.01013	0.0483275	0.378849	0.0089955	0.0100194	0.0422047	0.313301
169	0.0101732	0.0493841	0.386062	0.005997	0.0100194	0.0429897	0.32469
170	0.01013	0.0518598	0.438251	0.0104948	0.0100971	0.042636	0.329615
171	0.01013	0.0519007	0.389273	0.0089955	0.0100194	0.041287	0.275317
172	0.01013	0.0514039	0.389273	0.00749625	0.0100194	0.0411479	0.275317
173	0.01013	0.051971	0.426549	0.00749625	0.0100194	0.0418723	0.292138
174	0.0101732	0.0522892	0.433489	0.0089955	0.0100194	0.0418529	0.292138
175	0.0101732	0.0524864	0.433489	0.0089955	0.0100194	0.0411729	0.275317
176	0.0101732	0.0526092	0.438251	0.0089955	0.0100194	0.0409465	0.275317
177	0.0101732	0.0519596	0.441664	0.011994	0.0100971	0.0423905	0.313301
178	0.0101732	0.0525331	0.451101	0.0164918	0.0100194	0.0423731	0.313035
179	0.0101732	0.0523439	0.451101	0.0164918	0.0103679	0.043062	0.329615
180	0.0100671	0.0512847	0.438251	0.0149925	0.0100194	0.0424088	0.313035
181	0.0100671	0.0508738	0.433489	0.0149925	0.0100194	0.0424909	0.313035
182	0.0100671	0.0500387	0.427781	0.011994	0.0104689	0.0434469	0.329615
183	0.0100671	0.0493919	0.433489	0.0104948	0.0104689	0.0437251	0.347616
184	0.0100671	0.049751	0.433489	0.011994	0.0104689	0.0426125	0.335794
185	0.0100671	0.0502846	0.450457	0.0134933	0.0100194	0.0411251	0.286018
186	0.0100671	0.0497001	0.438251	0.0149925	0.0100194	0.0388468	0.215811
187	0.0100671	0.0477872	0.426549	0.0104948	0.0103679	0.0376989	0.196771
188	0.0100671	0.0477829	0.393064	0.0089955	0.0100971	0.0364197	0.175034
189	0.0100671	0.0476328	0.334147	0.005997	0.0100971	0.0363708	0.163885
190	0.0100671	0.0467125	0.32412	0.00749625	0.0100971	0.0365875	0.175034
191	0.0100671	0.0475102	0.35859	0.0134933	0.0100971	0.0359304	0.163885
192	0.0100671	0.0473668	0.334147	0.011994	0.0100194	0.035951	0.173748
193	0.0100671	0.0484787	0.35859	0.0104948	0.0100194	0.0355716	0.163885
194	0.0100375	0.0499061	0.384995	0.0164918	0.0100194	0.0352338	0.162156
195	0.0100375	0.0487712	0.370463	0.0104948	0.0100807	0.0349399	0.159105
196	0.0100375	0.0482206	0.345376	0.00749625	0.0100807	0.0343269	0.157369
197	0.0100375	0.0486922	0.35859	0.0089955	0.0100194	0.0346147	0.157369
198	0.0100375	0.0490531	0.35859	0.0149925	0.0100194	0.0341028	0.15467
199	0.0100375	0.0500547	0.379478	0.017991	0.0100194	0.0339421	0.15467
200	0.0100375	0.0510195	0.430562	0.0209895	0.0100194	0.0347002	0.157369
201	0.0100375	0.050045	0.405455	0.017991	0.0100971	0.0352215	0.159948
202	0.0100375	0.0503352	0.408861	0.0164918	0.0100971	0.0351137	0.157369
203	0.0100375	0.0499955	0.408861	0.0164918	0.0101722	0.0338092	0.14713
204	0.0100375	0.0508783	0.408861	0.0164918	0.0101722	0.0336925	0.14713
205	0.0100375	0.0519434	0.450457	0.0209895	0.0100971	0.0339041	0.15467
206	0.0100375	0.0529798	0.479008	0.0209895	0.0100971	0.0336683	0.156854
207	0.0100405	0.051936	0.461224	0.0209895	0.0101722	0.0340435	0.163885
208	0.0100405	0.0507391	0.433489	0.0209895	0.0101722	0.0350673	0.179211
209	0.0100822	0.0514605	0.482818	0.0209895	0.0100971	0.0378557	0.213982
210	0.0100405	0.0503398	0.431504	0.0194903	0.0100971	0.0386786	0.2675
211	0.0100405	0.04967	0.408861	0.0164918	0.0100971	0.0386217	0.272637
212	0.0100405	0.0495514	0.408861	0.0149925	0.0100971	0.0385873	0.272637
213	0.0100405	0.049972	0.453285	0.0164918	0.0101822	0.0392442	0.304464
214	0.0100405	0.0516957	0.453285	0.0194903	0.0100971	0.0412292	0.375847
215	0.0100405	0.0517778	0.480642	0.0224888	0.0101822	0.0445153	0.614841
216	0.0100405	0.0509496	0.446701	0.0209895	0.0100971	0.0450415	0.615657
217	0.0101732	0.0511042	0.49733	0.0224888	0.0104213	0.0444568	0.621802
218	0.0101732	0.0520315	0.562827	0.023988	0.0102907	0.0453946	0.621802
219	0.0100405	0.0523054	0.562827	0.0254873	0.0100971	0.0486262	0.93636
220	0.0100405	0.0532396	0.562827	0.0269865	0.0100971	0.0493066	1.13099
221	0.0100405	0.0552479	0.672706	0.029985	0.0100259	0.0521325	1.54101
222	0.0100405	0.0553206	0.672706	0.0284858	0.0100259	0.0547573	2.23796
223	0.0100405	0.0567119	0.700145	0.029985	0.0100971	0.0528772	1.92993
224	0.0100405	0.0583053	0.721015	0.0284858	0.0100259	0.0482829	0.808779
225	0.0100168	0.0608686	0.749998	0.0344828	0.0100259	0.0454234	0.576342
226	0.0100168	0.0656632	0.790228	0.0404798	0.0100259	0.0444939	0.554686
227	0.0101732	0.0651583	0.790228	0.0374813	0.0102147	0.04491	0.615657
228	0.0100168	0.0654392	0.814944	0.035982	0.0100971	0.0461108	0.621802
229	0.0100168	0.0671295	0.785321	0.0329835	0.0102147	0.0509204	0.946464
230	0.0100168	0.0680789	0.756369	0.0314843	0.0100259	0.0564073	1.24965
231	0.0101732	0.0729046	0.869399	0.0404798	0.0100259	0.0579366	1.30191
232	0.0100405	0.0737408	0.939506	0.0449775	0.0102147	0.0679452	4.68407
233	0.0100168	0.0732527	0.962807	0.0464768	0.0100971	0.0926558	10.0942
234	0.0103633	0.0759279	1.04451	0.053973	0.0104213	0.120393	14.1348
235	0.0106534	0.0768536	1.04451	0.0494753	0.0103873	0.128247	14.1348
236	0.0103828	0.0790288	1.04451	0.0524738	0.0103873	0.140625	14.2424
237	0.0100168	0.0814253	1.04451	0.05997	0.0102147	0.163991	14.2424
238	0.0100168	0.096091	1.9056	0.0884558
