		omega		Posterior		rho				Synonymous theta			kappa			phi	
Site	Lower	Point	Higher	prob of +ve	Lower	Point	Higher		Lower	Point	Higher	Lower	Point	Higher	Lower	Point	Higher
	95% HPD	estimate	95% HPD	selection	95% HPD	estimate	95% HPD		95% HPD	estimate	95% HPD	95% HPD	estimate	95% HPD	95% HPD	estimate	95% HPD
0	0.0100286	0.0421438	0.491369	0.029985	0.0120817	0.544967	42.1023		0.0377339	0.0465073	0.0576652	3.0258	4.89599	8.06242	0	0	0
1	0.0100985	0.0415893	0.491369	0.0164918	0.0160903	0.586161	56.7698
2	0.0100286	0.0393965	0.324842	0.0134933	0.0108345	0.612429	30.8933
3	0.0100286	0.0389039	0.275697	0.0104948	0.0120817	0.639409	28.2952
4	0.0100286	0.0372408	0.233716	0.011994	0.0114586	0.648208	30.8933
5	0.0100286	0.0361151	0.229464	0.0104948	0.0114586	0.534051	30.8933
6	0.0100286	0.0355076	0.203727	0.0104948	0.0114586	0.514986	30.8933
7	0.0100286	0.0338935	0.17258	0.00749625	0.0102049	0.547087	30.8933
8	0.0101391	0.0324105	0.165426	0.00149925	0.0102049	0.505494	31.085
9	0.0101391	0.0321697	0.16536	0	0.0114586	0.46749	30.8933
10	0.0101311	0.032216	0.165426	0	0.0114586	0.375984	25.7807
11	0.0100286	0.0315829	0.154372	0	0.0116022	0.285563	22.2738
12	0.0100286	0.0306961	0.141902	0.00149925	0.0114586	0.298675	28.026
13	0.0100286	0.0302661	0.141902	0.00149925	0.0116022	0.352118	31.9972
14	0.0100286	0.029628	0.141512	0.00149925	0.0144717	0.421794	49.8038
15	0.0100003	0.0297238	0.145955	0.00149925	0.0143326	0.574301	49.8038
16	0.0100003	0.029525	0.141533	0	0.0126692	0.698995	47.5472
17	0.0100003	0.0294444	0.141533	0	0.0126692	0.71391	49.8038
18	0.0100003	0.029449	0.141902	0.00149925	0.0126692	0.746591	47.5472
19	0.0100286	0.0286639	0.141902	0	0.0160903	0.556234	44.8969
20	0.0100286	0.0275577	0.126809	0	0.0162091	0.592836	44.8969
21	0.0100286	0.027671	0.126809	0	0.0157341	0.573631	44.8969
22	0.0100286	0.0274765	0.126643	0	0.0157341	0.562172	49.8038
23	0.0100003	0.0273087	0.120858	0	0.0138605	0.606036	47.214
24	0.0100003	0.0268961	0.117996	0	0.0138605	0.620425	49.2373
25	0.0100003	0.0267226	0.117129	0	0.0138605	0.705052	49.8038
26	0.0100003	0.0266196	0.117129	0	0.0138605	0.762776	49.2373
27	0.0100003	0.0262174	0.107706	0	0.0160903	0.814242	52.1991
28	0.0100003	0.0260052	0.104018	0	0.0137518	0.829157	49.2373
29	0.0100003	0.0258754	0.0985296	0	0.0164846	0.777603	52.1991
30	0.0100003	0.0259245	0.0985296	0	0.0164846	0.968256	62.5234
31	0.0100003	0.0260355	0.0985296	0	0.0265303	1.236	87.7694
32	0.0100003	0.02583	0.0980642	0	0.0265303	1.56812	87.7694
33	0.0100003	0.0257285	0.0980642	0	0.0365879	2.08968	94.3104
34	0.0100003	0.0261291	0.0985296	0.00149925	0.0522319	2.33166	94.5451
35	0.0100003	0.0258253	0.0934906	0.00149925	0.0370022	2.16313	94.5451
36	0.0100286	0.0259026	0.0985296	0.00149925	0.0316506	1.9466	94.5451
37	0.0100003	0.0258188	0.0969185	0.00149925	0.0343244	1.73865	94.5451
38	0.0100003	0.0254618	0.0850289	0	0.03064	1.75719	94.5451
39	0.0100003	0.0251422	0.0896642	0	0.03064	1.7934	94.5451
40	0.0100003	0.0245056	0.0798965	0	0.0364199	1.83218	94.5451
41	0.0100003	0.0246126	0.0798965	0	0.0343244	1.89104	94.5451
42	0.0100003	0.0246335	0.0780022	0	0.0263547	1.60341	94.5451
43	0.0100003	0.0244095	0.0732141	0	0.0244739	1.45832	94.5451
44	0.0100003	0.0241832	0.0732141	0	0.0244739	1.33261	94.5451
45	0.0100003	0.0242254	0.0731802	0	0.0192723	1.20177	89.3645
46	0.0100003	0.0242217	0.0732141	0	0.0193796	1.04756	89.3645
47	0.0100003	0.0242086	0.0744033	0	0.0203821	0.950476	91.8499
48	0.0100003	0.0242315	0.0744033	0	0.0232567	0.864352	91.8499
49	0.0100003	0.0241305	0.0744033	0	0.0275442	0.89646	89.3645
50	0.0100286	0.0238691	0.0732141	0	0.0263547	0.834174	89.3645
51	0.0100003	0.0242225	0.0744822	0	0.0242561	0.893249	89.3645
52	0.0100003	0.0241451	0.0744822	0	0.0155102	0.90218	44.3369
53	0.0100003	0.0241528	0.0744033	0	0.0160319	0.796064	34.9781
54	0.0100003	0.0234643	0.0711909	0	0.0181964	0.701847	34.9781
55	0.0100286	0.0234911	0.0711909	0	0.0192723	0.691454	34.9781
56	0.0100286	0.0235297	0.0711909	0	0.0172859	0.740305	34.9781
57	0.0100003	0.0237111	0.0711909	0	0.0154614	0.707039	26.6914
58	0.0100003	0.0236272	0.0711909	0	0.0181964	0.919849	64.4667
59	0.0100286	0.023753	0.0732141	0	0.0225342	1.61508	75.9232
60	0.0100003	0.0242399	0.0813792	0	0.0304727	2.05268	90.939
61	0.0100003	0.0245483	0.0813792	0	0.0307498	2.11712	90.939
62	0.0100003	0.0244866	0.0813792	0	0.0252225	1.98502	90.939
63	0.0100003	0.0245112	0.0823634	0	0.0263123	1.99052	90.939
64	0.0100003	0.0247433	0.084417	0.00149925	0.0238673	1.92425	90.939
65	0.0100003	0.0244997	0.0813792	0.00149925	0.0263123	1.92392	94.7241
66	0.0100286	0.0245086	0.0792395	0.00149925	0.0247577	2.02072	94.7241
67	0.0100286	0.0242892	0.0792395	0.00149925	0.0272827	2.11666	94.7241
68	0.0100286	0.0244784	0.084417	0	0.0264901	1.91331	94.7241
69	0.0100286	0.0246747	0.084417	0	0.0264901	2.02181	94.7241
70	0.0100286	0.0244971	0.0792395	0	0.027573	2.12246	94.7241
71	0.0100286	0.0248625	0.084417	0.00149925	0.0238475	2.24179	90.939
72	0.0100286	0.0250904	0.0929946	0.00149925	0.0242216	2.28558	94.7241
73	0.0100286	0.0253435	0.0934906	0.00149925	0.0242216	2.17913	95.5416
74	0.0100286	0.0257735	0.110928	0.00149925	0.0223618	2.27381	90.939
75	0.0100286	0.0249332	0.0947375	0.00149925	0.0229297	2.19049	94.39
76	0.0100286	0.0247083	0.084417	0.0029985	0.0207733	1.81229	95.5416
77	0.0100286	0.0250054	0.0934906	0.005997	0.0168339	1.71326	94.39
78	0.0100286	0.0243449	0.0829424	0.0029985	0.0168339	1.60044	92.1922
79	0.0100286	0.0244143	0.0792395	0	0.0219811	1.66853	95.6418
80	0.0100286	0.0245784	0.0838628	0	0.0200849	1.58983	92.1922
81	0.0100286	0.0245294	0.084417	0	0.0165064	1.01005	94.39
82	0.0100286	0.0250008	0.0929946	0.00149925	0.0160729	0.670594	92.1922
83	0.0100286	0.0268142	0.12123	0.011994	0.0141138	0.434197	75.9232
84	0.0100182	0.0265069	0.12123	0.00149925	0.0145911	0.420905	92.8605
85	0.0100182	0.0265277	0.124366	0	0.0147893	0.540113	96.1358
86	0.0100182	0.0264624	0.125771	0	0.0147893	0.58586	96.1358
87	0.0100182	0.0266066	0.125771	0.00149925	0.0147893	0.610411	96.6474
88	0.0100182	0.0258664	0.12123	0.00149925	0.0147893	0.512515	96.6474
89	0.0100182	0.0263045	0.123228	0	0.0143399	0.43764	88.7907
90	0.0100182	0.0263459	0.123791	0	0.0100354	0.381498	59.054
91	0.0100182	0.0267597	0.128722	0	0.0100354	0.31681	42.3851
92	0.0100182	0.0258754	0.12123	0	0.0100354	0.273715	35.5872
93	0.0100182	0.0256094	0.12123	0	0.0100354	0.25982	35.5872
94	0.0100182	0.025365	0.12123	0	0.0100354	0.235786	34.3521
95	0.0100182	0.0255478	0.12123	0	0.0100354	0.223532	32.4526
96	0.0100182	0.0257239	0.123791	0	0.0100354	0.217851	10.8064
97	0.0100182	0.0266325	0.146358	0	0.0100354	0.174455	2.79183
98	0.0100182	0.0274649	0.173249	0	0.0100354	0.136401	1.45812
99	0.0100182	0.0280239	0.173249	0	0.0100354	0.130574	1.26384
100	0.0100182	0.0280438	0.173249	0	0.0100354	0.129655	1.2458
101	0.0100182	0.0286906	0.175274	0.00149925	0.0100354	0.134661	1.29827
102	0.0100182	0.0285625	0.173249	0.00149925	0.0100354	0.138667	1.18305
103	0.0100182	0.0287987	0.173249	0.00149925	0.0100354	0.153201	1.59574
104	0.0100182	0.0285908	0.171319	0	0.0100354	0.164591	1.72335
105	0.0100182	0.0287108	0.171566	0	0.0100354	0.16612	1.92729
106	0.0100182	0.0287373	0.173249	0	0.0100354	0.183439	5.30952
107	0.0100182	0.029357	0.175852	0.00449775	0.0100354	0.197876	10.017
108	0.0100182	0.0292313	0.175852	0.00449775	0.0100354	0.231454	11.756
109	0.0100182	0.0291571	0.180345	0.00449775	0.0101301	0.26112	12.1857
110	0.0100182	0.029193	0.181295	0.00449775	0.0106019	0.283924	12.1857
111	0.0100182	0.028211	0.171566	0.00149925	0.0101301	0.302011	10.1285
112	0.0100182	0.0283509	0.174282	0	0.0101841	0.399886	14.6837
113	0.0100182	0.0285412	0.174282	0	0.0279761	0.397484	43.1
114	0.0100182	0.0284136	0.174282	0	0.0149442	0.310446	16.0876
115	0.0100182	0.0290848	0.180857	0.00149925	0.0101841	0.255969	12.1857
116	0.0100182	0.029479	0.181721	0.00149925	0.0101841	0.233206	12.1857
117	0.0100182	0.0297148	0.181295	0.00149925	0.0101841	0.183481	3.39561
118	0.0100182	0.0300906	0.19283	0.00449775	0.0142103	0.192194	3.57811
119	0.0100182	0.0296407	0.181295	0.0029985	0.0116906	0.199328	3.72776
120	0.0100182	0.0296627	0.19283	0.005997	0.0116906	0.189145	3.72776
121	0.0100182	0.0288961	0.181295	0	0.012483	0.181367	3.72776
122	0.0100182	0.0291408	0.19283	0	0.0116906	0.163098	2.34426
123	0.0100182	0.0297129	0.19638	0.005997	0.012483	0.148312	1.72335
124	0.0100182	0.0298023	0.19638	0.00749625	0.012483	0.138466	1.74054
125	0.0100182	0.0291317	0.190376	0	0.0116906	0.125457	1.22283
126	0.0100182	0.0294983	0.194709	0	0.0115696	0.120287	1.74054
127	0.0100182	0.0293896	0.190376	0	0.0101878	0.116705	1.94637
128	0.0100182	0.0293191	0.19283	0	0.0101878	0.109216	2.80395
129	0.0100182	0.0290718	0.190376	0	0.0111124	0.102893	3.39561
130	0.0100182	0.0293301	0.19638	0.00449775	0.0107129	0.0915703	3.77543
131	0.0100182	0.0294928	0.197731	0.00749625	0.0101878	0.0886506	2.80395
132	0.0100182	0.0297363	0.197644	0.0104948	0.0101878	0.0883539	1.25244
133	0.0100182	0.0295368	0.194709	0.0104948	0.0101878	0.0764013	0.476804
134	0.0100182	0.029071	0.19283	0.0089955	0.0101878	0.0744852	0.476804
135	0.0100182	0.0289524	0.19638	0.0089955	0.0101878	0.0710568	0.476804
136	0.0100182	0.0287777	0.181295	0.0089955	0.0101878	0.0684434	0.55459
137	0.0100182	0.0286952	0.181295	0.0089955	0.0101878	0.0643808	0.461482
138	0.0100182	0.0287869	0.19638	0.0089955	0.0101878	0.0581873	0.352157
139	0.0100182	0.0286836	0.181721	0.0089955	0.0101878	0.0551359	0.29172
140	0.0100124	0.0284027	0.181295	0.0089955	0.0101942	0.0530057	0.278985
141	0.0100124	0.0276393	0.180857	0.0089955	0.0106495	0.0502763	0.247464
142	0.0100182	0.0273353	0.172245	0.0104948	0.0101878	0.0462676	0.211176
143	0.0100124	0.0274026	0.172245	0.0104948	0.0102969	0.045493	0.203106
144	0.0100182	0.0272229	0.172245	0.00749625	0.0101878	0.0451961	0.192014
145	0.0100124	0.026746	0.162373	0.005997	0.0110796	0.0446899	0.211176
146	0.0100124	0.0267736	0.162373	0.0029985	0.0109197	0.0435367	0.205706
147	0.0100124	0.0265945	0.143357	0	0.0110796	0.0447665	0.205706
148	0.0100124	0.025992	0.131624	0	0.0106495	0.0444643	0.192014
149	0.0100643	0.0258983	0.131624	0	0.0106495	0.0450939	0.192014
150	0.0100643	0.0256138	0.131624	0	0.0110796	0.0457189	0.211176
151	0.0100643	0.025644	0.131624	0	0.0101878	0.0438211	0.176345
152	0.0100643	0.0255909	0.131624	0	0.0106495	0.0420322	0.164937
153	0.0100124	0.025686	0.134432	0	0.0101942	0.0410039	0.145583
154	0.0100124	0.0257766	0.144223	0	0.0109197	0.0407415	0.145583
155	0.0100124	0.0262384	0.148345	0.0029985	0.0106495	0.0397769	0.138308
156	0.0100124	0.0309273	0.294845	0.035982	0.0107129	0.0390091	0.138146
157	0.0100124	0.0255637	0.126459	0.00449775	0.0106495	0.0393829	0.138146
158	0.0100124	0.0245444	0.110748	0	0.0107758	0.0406725	0.145583
159	0.0100124	0.024382	0.110748	0	0.0101942	0.0414917	0.145583
160	0.0100124	0.0244576	0.114416	0	0.0107129	0.0403799	0.145145
161	0.0100124	0.0246215	0.11505	0	0.010001	0.0413997	0.145145
162	0.0100124	0.0240863	0.109302	0	0.0107758	0.0419858	0.167359
163	0.0100124	0.0241828	0.110002	0	0.0107129	0.0424665	0.167359
164	0.0100124	0.0239839	0.0974384	0	0.0107129	0.0430895	0.167359
165	0.0100175	0.023862	0.0947198	0	0.0107758	0.0429407	0.173585
166	0.0100124	0.0243168	0.0947198	0	0.0107758	0.0448973	0.191175
167	0.0100124	0.0243802	0.0947198	0	0.0106495	0.0456764	0.192014
168	0.0100124	0.0247637	0.110002	0	0.010001	0.046211	0.191175
169	0.0100124	0.0248384	0.110748	0	0.0101878	0.0468326	0.191175
170	0.0100124	0.0250345	0.119145	0	0.010001	0.0489868	0.20988
171	0.0100124	0.0251289	0.12312	0	0.0101878	0.0489567	0.191175
172	0.0100124	0.0249584	0.12312	0	0.0110796	0.0484481	0.192014
173	0.0100124	0.0252195	0.131383	0.0029985	0.0110796	0.0470788	0.183235
174	0.0100124	0.0249438	0.125872	0	0.0107129	0.0490461	0.20988
175	0.0100124	0.0249084	0.122468	0	0.0110796	0.051088	0.276133
176	0.0100175	0.0248651	0.120487	0	0.0110796	0.0515477	0.276133
177	0.0100175	0.0245012	0.119796	0	0.0110796	0.0544452	0.292014
178	0.0100124	0.0243878	0.11505	0	0.0114792	0.0555415	0.348343
179	0.0100124	0.0241765	0.0977704	0	0.0105389	0.0574546	0.392857
180	0.0100124	0.0239954	0.0977704	0	0.011402	0.060383	0.509062
181	0.0100175	0.0244534	0.119796	0	0.0105389	0.0627549	0.544613
182	0.0100124	0.0240552	0.109486	0	0.0119967	0.0631681	0.638856
183	0.0100124	0.0238281	0.0977704	0	0.0114792	0.0625585	0.612255
184	0.0100124	0.0239576	0.109486	0	0.011803	0.0620222	0.638856
185	0.0100124	0.0243921	0.114865	0	0.011803	0.0613679	0.638856
186	0.0100124	0.0250973	0.119744	0	0.0105389	0.0660836	0.727483
187	0.0100745	0.0252902	0.12312	0	0.0111214	0.0639781	0.638856
188	0.0100745	0.0255927	0.12312	0	0.0106368	0.0734127	1.02162
189	0.0100745	0.0261168	0.128245	0	0.0106368	0.0970687	4.33779
190	0.0100745	0.0263645	0.128245	0.00149925	0.010466	0.111487	5.96461
191	0.0100745	0.0263375	0.12312	0.00149925	0.010466	0.119661	6.69357
192	0.0100745	0.0261301	0.12312	0	0.010466	0.135199	7.63767
193	0.0100745	0.0263169	0.128245	0	0.0114792	0.148214	10.2018
194	0.0100124	0.0263266	0.128245	0	0.0111214	0.139369	5.96461
195	0.0100124	0.0259263	0.12312	0	0.0110766	0.12342	3.87831
196	0.0100745	0.0255345	0.11505	0	0.0118361	0.138674	5.96461
197	0.0100124	0.0253031	0.100636	0	0.010466	0.162068	5.96461
198	0.0100745	0.0251643	0.100636	0	0.0106368	0.189273	7.63767
199	0.0100745	0.0252888	0.0979405	0	0.010466	0.200369	9.03675
200	0.0100124	0.0251101	0.0953933	0	0.010466	0.211047	18.3179
201	0.0100745	0.0252732	0.100636	0	0.011829	0.202977	28.9735
202	0.0101487	0.0254894	0.102722	0	0.0114792	0.24577	34.7906
203	0.0101487	0.0255542	0.102722	0	0.0114792	0.304797	38.0283
204	0.0100745	0.0253219	0.100527	0	0.0132919	0.371849	52.4321
205	0.0100745	0.0257335	0.10143	0	0.017891	0.470903	71.3385
206	0.0100745	0.0257064	0.10143	0	0.017891	0.483188	71.3385
207	0.0100124	0.0261489	0.102722	0	0.017891	0.484035	67.8888
208	0.0100745	0.0259014	0.102315	0	0.017891	0.476842	64.5908
209	0.0100745	0.0258747	0.102722	0	0.017891	0.505334	61.758
210	0.0100124	0.026401	0.105799	0	0.017891	0.525107	61.758
211	0.0100124	0.0263596	0.102722	0	0.0197788	0.554447	64.5908
212	0.0100745	0.0262145	0.102315	0	0.017891	0.544346	54.8762
213	0.0100745	0.0262666	0.102315	0	0.0181183	0.550113	54.8762
214	0.0100745	0.0265072	0.102722	0.00449775	0.0197788	0.541698	61.3602
215	0.0100745	0.0254081	0.10092	0	0.0197788	0.55866	61.3602
216	0.0100124	0.0262865	0.102722	0.0029985	0.0246683	0.56469	67.8888
217	0.0100124	0.0266223	0.10907	0.00449775	0.0244734	0.580447	64.5908
218	0.0100124	0.027281	0.117089	0.00449775	0.0250301	0.597305	61.3602
219	0.010003	0.0263468	0.11505	0.0029985	0.0250301	0.605646	61.3602
220	0.010003	0.0266245	0.117089	0.00149925	0.0200108	0.572675	57.4171
221	0.010003	0.0266293	0.122468	0	0.0200108	0.570685	58.5997
222	0.010003	0.0271491	0.139217	0	0.0199684	0.551408	59.9906
223	0.0100124	0.0266497	0.121392	0	0.0199498	0.53186	62.3898
224	0.0100124	0.0263897	0.119744	0	0.0199498	0.532666	62.3898
225	0.0100774	0.0265384	0.123691	0	0.0181183	0.561719	55.1495
226	0.0100124	0.0265627	0.119744	0.00149925	0.0181183	0.587771	55.1495
227	0.0100124	0.0269579	0.123691	0.00149925	0.0199498	0.581549	61.3602
228	0.0101487	0.0269319	0.123691	0.00149925	0.0172788	0.515515	52.744
229	0.0100124	0.0266038	0.119744	0	0.0190701	0.491044	61.3602
230	0.0100774	0.0264722	0.117089	0	0.0190701	0.489373	61.3602
231	0.0100774	0.0266898	0.123691	0	0.0181595	0.53755	61.3602
232	0.0100124	0.0261483	0.117089	0	0.0180851	0.62585	70.587
233	0.0100124	0.0253499	0.099338	0	0.0237638	0.815817	83.0532
234	0.0101487	0.0248544	0.099338	0	0.0230512	0.79735	70.587
235	0.0101504	0.0245859	0.0986621	0	0.0231582	0.865532	62.3898
236	0.0101487	0.0245729	0.099338	0	0.0231582	0.905839	62.3898
237	0.0100774	0.0247081	0.099338	0	0.0227068	0.923043	61.3602
238	0.0100124	0.024884	0.099338	0	0.0227068	1.00809	61.3602
239	0.0100124	0.0248142	0.099338	0	0.0227068	1.03695	70.587
240	0.0100124	0.0247889	0.10143	0.00149925	0.0227068	1.153	70.587
241	0.0100124	0.0248831	0.099338	0.00149925	0.0428779	1.74164	98.2445
242	0.0100124	0.0250058	0.10143	0.00149925	0.0508149	1.91965	98.2445
243	0.0100124	0.0246344	0.10143	0.00149925	0.054907	2.36845	98.2445
244	0.0100124	0.0247307	0.099338	0.00149925	0.0883337	2.43658	98.2445
245	0.0101487	0.0245367	0.099338	0.00149925	0.0883337	2.41619	97.5026
246	0.0100124	0.0243667	0.0953933	0.00149925	0.0853552	2.45921	97.5026
247	0.0100774	0.0240042	0.0937129	0.00149925	0.0853552	2.35388	97.5026
248	0.0100124	0.0254887	0.102099	0.00449775	0.0468244	2.36519	61.608
249	0.0100124	0.0258828	0.105168	0.00449775	0.0469151	2.42645	63.4714
250	0.0100774	0.0258423	0.105168	0.00449775	0.0468244	2.44951	63.4714
251	0.0100124	0.0251947	0.10143	0	0.082961	2.65348	98.2445
252	0.0100124	0.0253715	0.105168	0	0.0853552	2.65344	98.2445
253	0.0101487	0.0253837	0.110109	0	0.0883337	2.5865	98.2445
254	0.0101487	0.0251731	0.105168	0	0.0581057	2.45563	82.7831
255	0.0101504	0.0251627	0.110109	0	0.048309	2.37024	90.4818
256	0.0101775	0.0251074	0.110109	0	0.0420558	2.17457	80.534
257	0.0101487	0.0251861	0.110109	0	0.0457832	2.12799	80.534
258	0.0100774	0.0253493	0.110109	0	0.0420558	1.96141	72.0743
259	0.0101487	0.0254283	0.110109	0	0.0355905	1.63132	59.4948
260	0.0101487	0.0254818	0.110109	0	0.0355905	1.60638	59.4948
261	0.0100774	0.0258075	0.110109	0.00149925	0.0402478	1.57621	65.1304
262	0.0101504	0.0258734	0.110109	0	0.0402478	1.51421	65.1304
263	0.0101487	0.0254661	0.102099	0	0.0355905	1.57787	58.5833
264	0.0100774	0.0254319	0.0976784	0	0.0402478	1.51872	58.5833
265	0.0101487	0.0253034	0.0955774	0	0.0402835	1.51092	72.0743
266	0.0100774	0.0254727	0.0976784	0	0.0355905	1.57631	72.0743
267	0.0100774	0.0258061	0.10216	0	0.0420558	1.57381	86.0054
268	0.0100774	0.0257757	0.105168	0	0.0402835	1.60205	86.0054
269	0.0101487	0.0256366	0.110674	0	0.0195835	1.51427	58.5833
270	0.0100774	0.0260362	0.110674	0	0.0176286	1.48141	58.5833
271	0.0100011	0.026124	0.110674	0	0.0172511	1.49964	58.5833
272	0.0101487	0.0258125	0.110674	0	0.0172511	1.58789	60.6028
273	0.0100616	0.0260662	0.110674	0	0.0163303	1.48261	58.5833
274	0.0100011	0.0260903	0.110674	0	0.0172511	1.38946	56.1371
275	0.0100616	0.0258651	0.110109	0	0.0366687	1.72684	94.3218
276	0.0100011	0.0257309	0.110674	0	0.028001	1.49979	94.3218
277	0.0100616	0.0252901	0.110109	0	0.0163303	1.21299	54.8217
278	0.0101487	0.0252577	0.110674	0	0.0142139	1.34255	56.5558
279	0.0100616	0.0254043	0.110109	0	0.0163303	1.35977	54.8217
280	0.0100616	0.0256588	0.111836	0	0.0177674	1.2699	54.8217
281	0.0100616	0.0260399	0.11695	0	0.0196007	1.1907	51.2438
282	0.0100616	0.0269505	0.143054	0	0.0366687	1.0311	81.9153
283	0.0100616	0.0266189	0.131654	0	0.0124655	0.711109	22.2259
284	0.0100616	0.0258697	0.12259	0	0.0112222	0.578745	16.0376
285	0.0100616	0.0252264	0.111122	0	0.0124655	0.560729	16.0376
286	0.0100616	0.0254775	0.111836	0	0.0124655	0.486353	12.1232
287	0.0100616	0.0248172	0.102099	0	0.0124655	0.467175	9.73166
288	0.0100616	0.0247973	0.100452	0	0.0124655	0.430586	8.92617
289	0.0100149	0.0250529	0.106407	0	0.0124655	0.430914	9.40777
290	0.0100616	0.0251149	0.111122	0.00149925	0.0124655	0.494448	18.7423
291	0.0100303	0.0245818	0.0936946	0	0.0112222	0.558794	22.141
292	0.0100149	0.0244894	0.0918999	0	0.0119918	0.654384	34.0186
293	0.0100149	0.0244779	0.0918999	0	0.0126074	0.731361	36.612
294	0.0100149	0.0243429	0.0918999	0	0.0149331	0.899584	46.6144
295	0.0100149	0.024342	0.0918999	0	0.0198397	1.10487	56.5623
296	0.0100149	0.024347	0.0918999	0	0.0198397	1.23198	56.5623
297	0.0100149	0.0242361	0.0915434	0	0.0213607	1.39126	51.0905
298	0.0100149	0.0242012	0.0895742	0	0.0229157	1.33159	51.4848
299	0.0100149	0.0240902	0.0883484	0	0.0229157	1.32209	52.3056
300	0.0100149	0.0244091	0.0895742	0	0.0198397	1.29664	46.9322
301	0.0100303	0.0242098	0.088098	0	0.0213607	1.34346	51.0905
302	0.0100149	0.025072	0.0915434	0	0.0213607	1.46291	51.4848
303	0.0100149	0.025608	0.102099	0	0.018876	1.6331	53.7566
304	0.0100149	0.0256138	0.102099	0	0.0172735	1.57025	51.4848
305	0.0100149	0.025693	0.0951861	0	0.018876	1.64804	53.743
306	0.0100149	0.0257084	0.0936502	0	0.0277065	1.46186	71.4336
307	0.0100149	0.0255565	0.0918999	0	0.0223356	1.32649	56.5623
308	0.0100616	0.0260418	0.111122	0	0.0223356	1.35853	53.743
309	0.0100303	0.0259639	0.111122	0	0.0190165	1.24427	47.8817
310	0.0100149	0.0262644	0.115728	0	0.0190165	1.15873	47.8817
311	0.0100149	0.0265839	0.120129	0.00149925	0.018876	1.03004	45.745
312	0.0100149	0.0265661	0.126188	0	0.018876	0.979727	45.745
313	0.0100149	0.0260181	0.118136	0	0.0147418	0.883463	32.4247
314	0.0100303	0.0258183	0.118136	0	0.0136319	0.748173	24.3657
315	0.0100303	0.0259299	0.118136	0	0.0136319	0.74339	27.9107
316	0.0100303	0.0257862	0.118136	0	0.0136319	0.669459	28.5272
317	0.0100149	0.0264076	0.126372	0.0029985	0.0136319	0.763914	34.2545
318	0.0100774	0.0272545	0.127843	0.00449775	0.0142834	0.770455	37.2386
319	0.0102265	0.0270579	0.127843	0.00449775	0.0142834	0.709119	34.2545
320	0.0100149	0.0272787	0.126372	0.00449775	0.0147418	0.654366	34.2545
321	0.0101775	0.0265567	0.126372	0.00149925	0.0101704	0.370837	22.3888
322	0.0100774	0.0264871	0.126372	0	0.0104026	0.252825	18.2672
323	0.0101136	0.0263942	0.126372	0	0.0101704	0.203606	15.4057
324	0.0100149	0.0260896	0.118784	0	0.0101704	0.168094	11.5435
325	0.0103382	0.0262367	0.127331	0	0.0101704	0.152996	10.0793
326	0.0101136	0.0265304	0.126372	0	0.0104026	0.150742	7.02079
327	0.0100774	0.0262967	0.126372	0	0.0104026	0.161676	5.03559
328	0.0100303	0.0262195	0.126372	0	0.0104026	0.164751	7.02079
329	0.0100149	0.026114	0.115728	0	0.0108457	0.154259	4.59321
330	0.0100303	0.0256223	0.111122	0	0.010748	0.155746	4.59321
331	0.0100149	0.0259536	0.111122	0	0.0104026	0.160414	4.59321
332	0.0100149	0.0257426	0.107471	0	0.0104026	0.159436	4.76685
333	0.0100723	0.025905	0.115728	0	0.010748	0.162081	4.76685
334	0.0100149	0.0261781	0.115515	0	0.0100131	0.183383	9.02682
335	0.0100149	0.0262457	0.115515	0	0.010748	0.183751	9.02682
336	0.0100149	0.0263353	0.118784	0	0.010748	0.201871	12.1232
337	0.0100149	0.0267633	0.120442	0	0.010748	0.200859	13.3246
338	0.0100149	0.0267156	0.120442	0	0.010748	0.203047	13.3246
339	0.0100149	0.0267255	0.120875	0	0.010748	0.213878	13.0721
340	0.0100303	0.0272044	0.125891	0	0.010748	0.204234	11.0251
341	0.0100149	0.0273627	0.127331	0	0.010748	0.201891	13.0721
342	0.0100149	0.027166	0.131214	0	0.010748	0.217003	15.9748
343	0.0100149	0.0268414	0.124616	0	0.010748	0.225014	20.191
344	0.0100149	0.0273088	0.127331	0	0.010748	0.225413	20.191
345	0.0100149	0.0273786	0.125891	0	0.0110091	0.231092	21.6417
346	0.0100149	0.0277361	0.127331	0	0.0112583	0.227848	21.6417
347	0.0100149	0.0283418	0.147179	0.00149925	0.0112583	0.220934	21.6417
348	0.0100149	0.0280932	0.131214	0.00149925	0.0112583	0.199421	21.6417
349	0.0100149	0.0279893	0.125891	0.00149925	0.0101228	0.170957	12.9271
350	0.0100723	0.0275186	0.121176	0.00149925	0.0101228	0.139282	5.99048
351	0.0100149	0.0269662	0.115515	0.00149925	0.0101919	0.135186	5.46466
352	0.0100149	0.0271007	0.121176	0.00149925	0.0101919	0.131259	5.46466
353	0.0100149	0.0267128	0.118784	0	0.0101228	0.133261	5.06688
354	0.0100149	0.0264765	0.118784	0	0.0101919	0.122609	3.00801
355	0.0100149	0.0262419	0.118784	0	0.0101919	0.106958	1.18199
356	0.0100149	0.0248264	0.0950083	0	0.0101228	0.106599	1.22875
357	0.0100149	0.024486	0.0912948	0	0.0101228	0.0978633	0.552943
358	0.0100149	0.024255	0.0874274	0	0.0101228	0.0883941	0.340912
359	0.0100149	0.024197	0.0874274	0	0.0109044	0.0821035	0.304992
360	0.0100303	0.0246669	0.0950083	0	0.0120158	0.0836552	0.304969
361	0.0100149	0.0244953	0.0943188	0	0.0125248	0.0839319	0.304992
362	0.0100149	0.0243926	0.0880869	0	0.0125248	0.0835704	0.304992
363	0.0100149	0.0242757	0.0805214	0	0.0129693	0.0848206	0.304969
364	0.0100303	0.0241728	0.0805214	0	0.0129693	0.0848822	0.304969
365	0.0100303	0.0241494	0.0805214	0	0.0140612	0.0853017	0.304992
366	0.0100303	0.0242586	0.0806363	0	0.0140612	0.0847739	0.304992
367	0.0100303	0.0243557	0.0806363	0.00149925	0.0140737	0.084116	0.304992
368	0.0100149	0.0244662	0.0872319	0	0.0140612	0.0854715	0.304992
369	0.0100149	0.024313	0.0874274	0	0.014058	0.086159	0.31608
370	0.0100723	0.0243747	0.0874274	0	0.0135455	0.0880255	0.304992
371	0.0100723	0.0244193	0.0874274	0	0.014058	0.0901268	0.31608
372	0.0100149	0.0243842	0.0806363	0	0.019458	0.0921789	0.384898
373	0.0100723	0.02431	0.0806363	0	0.0209167	0.0960084	0.384898
374	0.0100149	0.0244872	0.0874274	0	0.0203812	0.0965399	0.318301
375	0.0100149	0.0246022	0.0912948	0	0.0209167	0.100958	0.384898
376	0.0100723	0.0244161	0.0874274	0	0.0202381	0.103451	0.384898
377	0.0100723	0.0241651	0.0806363	0	0.0180433	0.104387	0.413568
378	0.0101271	0.0239135	0.0806363	0	0.0185641	0.10312	0.47631
379	0.0100723	0.0234672	0.0777495	0	0.0180433	0.100476	0.395619
380	0.0100723	0.0230917	0.0755692	0	0.0180433	0.0995012	0.395619
381	0.0101775	0.0225745	0.0717416	0	0.0150987	0.0969553	0.318301
382	0.0101775	0.0225931	0.0717416	0	0.0141973	0.0911157	0.292723
383	0.0101271	0.0228702	0.0717416	0	0.0141973	0.0893773	0.292723
384	0.0100723	0.0233038	0.0755692	0	0.0141973	0.0849507	0.292723
385	0.0100149	0.0232572	0.0727608	0	0.012307	0.0827886	0.240294
386	0.0100683	0.0232274	0.0742581	0	0.0133551	0.0801563	0.248359
387	0.0100683	0.023342	0.0742581	0	0.0139609	0.0768215	0.235702
388	0.0100149	0.0231094	0.0727608	0	0.0133551	0.0761527	0.235702
389	0.0100149	0.023202	0.0727608	0	0.0133551	0.0762105	0.235702
390	0.0100149	0.0228665	0.070596	0	0.0124965	0.0732408	0.222731
391	0.0100149	0.0231769	0.0710623	0	0.0124965	0.0734141	0.222731
392	0.0100149	0.0230107	0.070596	0	0.0124965	0.0714459	0.220546
393	0.0100149	0.0230762	0.070596	0	0.0118762	0.071257	0.220546
394	0.0100149	0.0233845	0.0742581	0	0.0118964	0.0713636	0.220546
395	0.0100149	0.0232698	0.0742581	0	0.0118964	0.0708305	0.235702
396	0.0100683	0.0236031	0.0754782	0	0.0110953	0.0735706	0.23936
397	0.0100149	0.0238092	0.0773197	0	0.0110953	0.0747898	0.246477
398	0.0100149	0.0234824	0.0754782	0	0.0110953	0.0737165	0.240085
399	0.0100723	0.0232141	0.0754782	0	0.0105537	0.0728701	0.246477
400	0.0100683	0.0234684	0.0773197	0	0.0110953	0.0768372	0.295081
401	0.0100149	0.0237275	0.0773197	0	0.0116452	0.075151	0.304881
402	0.0100149	0.0236801	0.0796027	0	0.0105537	0.0853174	0.370541
403	0.0100149	0.0236733	0.0880869	0	0.0105537	0.0878499	0.370541
404	0.0100683	0.0237833	0.089235	0	0.0105537	0.0906946	0.636084
405	0.0100149	0.0237591	0.0880869	0	0.0105537	0.0911388	0.636084
406	0.0100149	0.0232885	0.0754782	0	0.0102738	0.0914775	0.508567
407	0.0100149	0.0235844	0.0773197	0	0.0102738	0.0923183	0.508567
408	0.0100149	0.0240682	0.0880869	0	0.0102738	0.0936658	0.508567
409	0.0100149	0.0240772	0.0880869	0	0.0105537	0.093864	0.508567
410	0.0100149	0.0238676	0.0869166	0	0.0105537	0.0958148	0.508567
411	0.0100149	0.0239285	0.0869166	0	0.0105537	0.0979728	0.636084
412	0.0100149	0.0238533	0.0856114	0	0.0105537	0.0959921	0.604707
413	0.0100149	0.0237522	0.0856114	0	0.0103539	0.0927152	0.478834
414	0.0100149	0.0236626	0.0856114	0	0.0105537	0.0833599	0.373017
415	0.0100149	0.0239851	0.089235	0	0.0112135	0.0804273	0.372374
416	0.0100723	0.0249183	0.114061	0.0029985	0.0112135	0.0801353	0.373017
417	0.0100149	0.0251579	0.114061	0.005997	0.0103539	0.0815968	0.370541
418	0.0100149	0.0250483	0.114061	0.00449775	0.0103539	0.0821352	0.391394
419	0.0100149	0.0243147	0.10349	0.0029985	0.0103539	0.0813889	0.370541
420	0.0101271	0.0245666	0.114061	0.0029985	0.0105537	0.0812046	0.400197
421	0.0100149	0.0249354	0.114061	0.00149925	0.0103539	0.0808591	0.373017
422	0.0100802	0.0250625	0.114061	0.00149925	0.0103539	0.080874	0.370541
423	0.0100149	0.0250532	0.10351	0.00149925	0.0102934	0.0799673	0.370541
424	0.0100149	0.0250562	0.109524	0	0.0102934	0.0788343	0.370541
425	0.0100802	0.0249345	0.10351	0	0.0102934	0.0829108	0.434478
426	0.0100149	0.0252422	0.120696	0	0.0107231	0.0895236	0.604707
427	0.0100149	0.0254341	0.114061	0	0.0102934	0.094032	0.604707
428	0.0100149	0.0253726	0.109524	0	0.0102934	0.0962282	0.736098
429	0.0100802	0.0251791	0.105248	0	0.0102934	0.0988793	0.679875
430	0.0100802	0.0250491	0.104926	0	0.0102934	0.100284	0.679875
431	0.0100802	0.0251774	0.105248	0	0.0109612	0.10513	0.851464
432	0.0100802	0.0256087	0.107017	0.0029985	0.0102934	0.108822	0.894111
433	0.0100802	0.0261724	0.114061	0.0029985	0.0109612	0.109692	0.894111
434	0.0100149	0.0270285	0.122161	0.00749625	0.0102934	0.112324	0.914828
435	0.0100802	0.026411	0.107017	0.005997	0.0109612	0.111449	0.876084
436	0.0100149	0.0262996	0.108777	0.005997	0.0118021	0.114768	0.914828
437	0.0100802	0.026214	0.106136	0.005997	0.0150987	0.111121	0.914828
438	0.0100802	0.0261063	0.109524	0	0.0160855	0.110156	0.887101
439	0.0100802	0.0262315	0.114061	0.00149925	0.0160855	0.109172	0.887101
440	0.0100802	0.0261016	0.109524	0.00149925	0.0109612	0.10701	0.545625
441	0.0100802	0.0263583	0.114061	0.00149925	0.0112686	0.107602	0.559223
442	0.0100802	0.0266932	0.11544	0.00149925	0.0160855	0.114545	0.851464
443	0.0100802	0.0263193	0.109838	0.00149925	0.0150987	0.118315	0.887101
444	0.0100802	0.0257197	0.109838	0	0.0121503	0.112406	0.545625
445	0.0100802	0.0252763	0.104926	0	0.0207664	0.113385	0.887101
446	0.0100802	0.0250745	0.10351	0	0.0207664	0.113932	0.847292
447	0.0100802	0.0251492	0.10351	0	0.0207664	0.114292	0.847292
448	0.0100802	0.0257069	0.109524	0	0.0221351	0.115376	0.798345
449	0.0100802	0.025721	0.114061	0	0.0229469	0.116414	0.559223
450	0.0100802	0.0267427	0.127489	0.005997	0.0263244	0.112743	0.538519
451	0.0100802	0.0269292	0.125633	0.00749625	0.0253233	0.112669	0.483809
452	0.0100802	0.0268253	0.127489	0.00449775	0.0263244	0.109113	0.489192
453	0.0102051	0.0268182	0.131725	0	0.0263244	0.10581	0.489192
454	0.0100802	0.0263743	0.121809	0	0.0253233	0.107004	0.458455
455	0.0100111	0.0259303	0.114061	0	0.0210577	0.108799	0.424568
456	0.0100111	0.0258781	0.116714	0	0.0214987	0.101606	0.33437
457	0.0100111	0.0259821	0.121809	0	0.0214987	0.0998483	0.312355
458	0.0100111	0.0260215	0.11766	0	0.0205285	0.0950737	0.293586
459	0.0100111	0.0265842	0.125633	0	0.0205285	0.0930453	0.312355
460	0.0100111	0.0268076	0.11766	0.00149925	0.0210577	0.093453	0.301118
461	0.0100153	0.0265501	0.111403	0.0029985	0.0205285	0.0915237	0.312355
462	0.0100111	0.0266415	0.104926	0.0029985	0.0190106	0.0909107	0.293586
463	0.0100111	0.0266055	0.104926	0.0029985	0.0174956	0.0933236	0.312355
464	0.0100111	0.0266622	0.106136	0.0029985	0.0205285	0.0931387	0.333351
465	0.0100802	0.0264803	0.104926	0.0029985	0.0174956	0.0914384	0.293586
466	0.0100111	0.0265304	0.101755	0.00149925	0.0174956	0.090662	0.293586
467	0.0100111	0.0266059	0.10026	0	0.0205285	0.0917067	0.301118
468	0.0100111	0.0257867	0.0937824	0	0.0205285	0.0916717	0.293586
469	0.0100111	0.0267766	0.102824	0.0029985	0.0205285	0.0916956	0.301118
470	0.0100111	0.0266848	0.101755	0.0029985	0.0171336	0.0929996	0.268252
471	0.0100111	0.0266364	0.102824	0.0029985	0.0171336	0.0943331	0.261708
472	0.0101561	0.0260682	0.10026	0	0.0171336	0.0956648	0.268252
473	0.0100111	0.0263453	0.10026	0	0.0171336	0.0967612	0.261708
474	0.0100111	0.0264719	0.10026	0	0.0160886	0.0979012	0.261708
475	0.0100111	0.0265742	0.104787	0	0.0160886	0.0986435	0.273784
476	0.0100111	0.0265717	0.102824	0	0.0163489	0.0996551	0.280105
477	0.0101561	0.0267501	0.106136	0	0.0174956	0.104556	0.316465
478	0.0100111	0.0266898	0.102824	0	0.0214987	0.109339	0.45002
479	0.0100111	0.0266995	0.102824	0	0.0214987	0.114424	0.45002
480	0.0100111	0.0267684	0.104787	0	0.0214987	0.120651	0.45002
481	0.0100111	0.0272963	0.109387	0	0.0214987	0.121695	0.522417
482	0.0100111	0.0273946	0.109777	0	0.0214987	0.117405	0.400415
483	0.0100111	0.0271408	0.106136	0	0.0240207	0.116617	0.423377
484	0.0100111	0.0269358	0.102824	0	0.0261946	0.118596	0.45002
485	0.0100111	0.0271415	0.103055	0	0.0264568	0.118726	0.45002
486	0.0100213	0.0268043	0.09862	0	0.0306401	0.11971	0.49505
487	0.0100111	0.0273384	0.101755	0	0.0369525	0.126737	0.488985
488	0.0100111	0.0280218	0.116714	0	0.0369525	0.12744	0.45002
489	0.0100111	0.0280993	0.1195	0	0.0400085	0.126969	0.488985
490	0.0100111	0.0285845	0.12574	0.00149925	0.0400085	0.126462	0.488985
491	0.0100111	0.0286877	0.121809	0.00149925	0.0400085	0.123098	0.488985
492	0.0100111	0.0293189	0.128238	0.00149925	0.0400085	0.124013	0.459023
493	0.0100111	0.0294972	0.126104	0.00149925	0.0401082	0.125819	0.423377
494	0.0100111	0.0300592	0.147682	0.00149925	0.0405695	0.125778	0.423377
495	0.0100213	0.030537	0.161753	0.00149925	0.0405695	0.127313	0.423377
496	0.0100111	0.0306574	0.161753	0.00149925	0.0400085	0.12711	0.437072
497	0.0100111	0.0309707	0.167282	0.00149925	0.0400085	0.129514	0.437072
498	0.0100111	0.0311085	0.167282	0.00149925	0.0420912	0.134222	0.423377
499	0.0100213	0.0313884	0.167193	0	0.0425863	0.135347	0.423377
500	0.0100111	0.0312498	0.161753	0	0.0401082	0.138847	0.423377
501	0.0100111	0.032018	0.167917	0	0.0401082	0.13892	0.453601
502	0.0101561	0.0325313	0.174831	0	0.0420912	0.139549	0.423377
503	0.0101561	0.0326282	0.174831	0	0.0463232	0.142535	0.453601
504	0.0100111	0.0329717	0.174831	0	0.0463232	0.1467	0.488985
505	0.0101561	0.0331324	0.181286	0	0.046843	0.150057	0.453601
506	0.0100213	0.0328115	0.174831	0	0.0494544	0.154125	0.423377
507	0.0100111	0.0333166	0.174831	0	0.0494544	0.155747	0.423377
508	0.0100111	0.0344839	0.188168	0	0.050258	0.15785	0.423377
509	0.0100111	0.0345478	0.188168	0	0.0494544	0.158315	0.423377
510	0.0100111	0.0349533	0.193762	0	0.050635	0.159483	0.423377
511	0.0100111	0.0360405	0.202107	0	0.0509295	0.159691	0.423377
512	0.0101561	0.0369449	0.218866	0	0.0503742	0.159634	0.423377
513	0.0100213	0.0410756	0.299126	0.0104948	0.0474444	0.158973	0.437072
514	0.0101813	0.0411963	0.299414	0.0029985	0.0474444	0.157121	0.48443
515	0.0101561	0.0428706	0.325796	0.00749625	0.0391516	0.161645	0.477384
516	0.0101813	0.0450122	0.325796	0.00449775	0.0391516	0.153084	0.58169
517	0.0100213	0.0468096	0.331995	0.005997	0.0273143	0.151017	0.610364
518	0.010273	0.0484848	0.369013	0.005997	0.0116606	0.140183	0.48443
519	0.0104296	0.0513239	0.392741	0.0089955	0.0105192	0.139868	0.508971
520	0.0107315	0.0535409	0.439169	0.0104948	0.0107872	0.155884	1.35612
521	0.0103955	0.0569981	0.454386	0.0104948	0.0104485	0.167494	1.73653
522	0.0100213	0.0622345	0.540441	0.0224888	0.0104485	0.162588	4.18424
523	0.0103955	0.0668434	0.642597	0.029985	0.0104485	0.146348	2.53774
524	0.0107175	0.0765029	0.863749	0.0434783	0.0102511	0.125968	2.70805
525	0.0107175	0.0696764	0.669159	0.0374813	0.0100691	0.117003	3.13491
526	0.0104296	0.0627196	0.577003	0.029985	0.0100691	0.110998	3.2818
527	0.010119	0.0566208	0.434948	0.0134933	0.0100691	0.100742	3.2818
528	0.010119	0.054521	0.392741	0.0134933	0.0100691	0.0929937	3.13491
529	0.0102893	0.0512263	0.370937	0.011994	0.0100691	0.0885407	3.13491
530	0.0100366	0.048617	0.32969	0.0089955	0.0100691	0.0841741	3.13491
531	0.0101066	0.0460184	0.322484	0.00749625	0.0100691	0.0794506	3.0334
532	0.0100366	0.0468874	0.322484	0.017991	0.0100691	0.0771353	3.0334
533	0.0100366	0.0448673	0.310271	0.011994	0.0100691	0.0774867	3.13491
534	0.0100736	0.0437648	0.299126	0.0089955	0.0100691	0.0784652	3.13491
535	0.0100366	0.0424971	0.296543	0.005997	0.0100691	0.0775268	3.13491
536	0.0100366	0.0404147	0.274611	0.00449775	0.0100691	0.0769787	2.84333
537	0.0100366	0.0390911	0.261005	0	0.0100691	0.0748883	2.76844
538	0.0100736	0.0383047	0.235397	0	0.0100691	0.075943	2.8403
539	0.0100366	0.0376758	0.224528	0	0.0100691	0.0746531	3.17468
540	0.0100366	0.0372748	0.218866	0	0.0100691	0.0733181	3.05521
541	0.0100366	0.037417	0.224528	0	0.0100691	0.072624	3.05521
542	0.0100366	0.0376545	0.235397	0.005997	0.0100691	0.0715788	3.82381
543	0.0100366	0.0374688	0.274611	0.0029985	0.0100691	0.0713198	3.96985
544	0.0101066	0.0355778	0.215648	0.00149925	0.0100691	0.0679249	2.8403
545	0.0101066	0.0342045	0.19228	0.00149925	0.0100691	0.0673493	2.82371
546	0.0100366	0.0336123	0.183826	0.00149925	0.0100691	0.0679756	2.82371
547	0.0101066	0.0332353	0.173742	0.00149925	0.0100691	0.0652948	2.08506
548	0.0100366	0.0314594	0.154405	0	0.0100691	0.0665184	2.77502
549	0.0100366	0.0307374	0.146476	0	0.0100691	0.0671892	2.82371
550	0.0100366	0.0317508	0.157296	0.0089955	0.0100691	0.0685897	2.98355
551	0.0100366	0.0314306	0.160369	0.00749625	0.0100691	0.0654214	2.82371
552	0.0100366	0.02985	0.149331	0.0029985	0.0100691	0.0633013	2.82371
553	0.0100366	0.0303529	0.159431	0.00749625	0.0100691	0.0619843	2.82371
554	0.0100366	0.0294881	0.135603	0.00449775	0.0100691	0.0596258	2.51166
555	0.0100366	0.028587	0.130442	0	0.0100223	0.0563275	1.20621
556	0.0100366	0.0287606	0.133572	0	0.0100223	0.0562602	1.20621
557	0.0100366	0.0285837	0.131687	0	0.0100223	0.0575362	1.20621
558	0.0100366	0.0283805	0.135603	0	0.0100223	0.0561282	1.11832
559	0.0100366	0.0276722	0.131687	0	0.0100223	0.0544073	1.11832
560	0.0100366	0.0278631	0.134185	0	0.0100223	0.0558942	1.08068
561	0.0100604	0.027764	0.149331	0	0.0100223	0.0574146	1.11832
562	0.0100366	0.0274681	0.131687	0	0.0100223	0.0570525	1.11832
563	0.0100366	0.0274848	0.11648	0	0.0100223	0.0556874	1.11832
564	0.0100366	0.0273321	0.111372	0.0029985	0.0100223	0.0593967	1.45559
565	0.0100366	0.0274192	0.111372	0.0029985	0.0100223	0.0606729	2.01802
566	0.0100597	0.0279949	0.117393	0.0029985	0.0100223	0.0597641	1.71737
567	0.0100597	0.0281402	0.117212	0.00449775	0.0100223	0.0659626	3.0334
568	0.0100597	0.0276981	0.117212	0.00449775	0.0100691	0.0993278	36.2892
569	0.0100597	0.0272929	0.116019	0.0029985	0.0100223	0.127156	52.767
570	0.0100597	0.0275557	0.111372	0.00449775	0.0100223	0.142609	52.767
571	0.0100245	0.027959	0.117393	0.00449775	0.0100223	0.196557	61.4601
572	0.0100245	0.0274159	0.116019	0	0.0100691	0.207769	62.7032
573	0.0100245	0.0269615	0.105385	0	0.0100691	0.2155	62.7032
574	0.0100245	0.0266185	0.101879	0	0.0100691	0.211579	62.7032
575	0.0100245	0.0269464	0.105385	0	0.0100223	0.226262	62.0105
576	0.0100245	0.0276268	0.114657	0.00149925	0.0100691	0.250137	62.7032
577	0.0100245	0.0271847	0.107904	0.00149925	0.0100223	0.233764	52.767
578	0.0100245	0.0268535	0.107904	0	0.0100223	0.21763	49.6476
579	0.0100245	0.0266273	0.107904	0	0.0100223	0.236313	47.1153
580	0.0100245	0.026289	0.101879	0	0.0100223	0.284361	47.1153
581	0.0100245	0.0258594	0.101879	0	0.0100223	0.271522	28.9092
582	0.0100245	0.025514	0.101455	0	0.0100223	0.251241	22.1284
583	0.0100245	0.0252245	0.098785	0	0.0100223	0.255714	23.1002
584	0.0100245	0.0247912	0.0911064	0	0.0100223	0.261116	28.9092
585	0.0100245	0.0249287	0.0921716	0	0.0100223	0.271818	23.1002
586	0.0100245	0.0250834	0.100046	0	0.0100691	0.303384	31.2024
587	0.0100245	0.0253148	0.101879	0	0.0100223	0.374784	42.3498
588	0.0100245	0.0254817	0.107904	0	0.0100223	0.431682	47.1153
589	0.0100245	0.0259292	0.110824	0	0.0100223	0.47675	54.0199
590	0.0100245	0.0259924	0.110824	0	0.0100223	0.506086	55.7523
591	0.0100245	0.0258779	0.110824	0.00149925	0.0100223	0.64758	55.7523
592	0.0100397	0.0250055	0.0921716	0	0.0118424	1.07741	90.5775
593	0.0100245	0.0248581	0.0905702	0	0.0120839	1.39407	90.5775
594	0.0100245	0.0250489	0.0893591	0	0.0118424	0.930512	90.5775
595	0.0100245	0.0249561	0.0883354	0	0.0117564	0.813768	88.148
596	0.0100245	0.0249031	0.0883354	0	0.0118424	0.719856	88.148
597	0.0100245	0.0248346	0.0893591	0	0.0100223	0.582844	75.3694
598	0.0100245	0.0243945	0.087173	0	0.0100223	0.587835	75.3694
599	0.0100245	0.0242504	0.0860422	0	0.0100223	0.535575	73.8454
600	0.0100245	0.024195	0.0844149	0	0.0100223	0.453602	68.8369
601	0.0100245	0.0244326	0.087173	0	0.0100223	0.410865	63.2695
602	0.0100245	0.0249396	0.087476	0.0029985	0.0100223	0.416783	70.6646
603	0.0100245	0.0243231	0.0833337	0	0.0100223	0.432173	70.6646
604	0.0100245	0.0242116	0.0782969	0	0.0100223	0.443048	58.3402
605	0.0100245	0.0243124	0.0826123	0	0.0100223	0.485728	75.3694
606	0.0100245	0.0249086	0.0860422	0	0.0118424	0.516374	88.148
607	0.0100245	0.0245586	0.0860422	0	0.0100223	0.48092	59.0544
608	0.0100245	0.0250998	0.0905702	0	0.0101417	0.526547	59.0544
609	0.0100245	0.0245971	0.087476	0	0.0100223	0.54118	58.3402
610	0.0100245	0.0244727	0.086655	0	0.0100223	0.567	59.0544
611	0.0100245	0.0247243	0.0877962	0	0.0100223	0.566704	63.2695
612	0.0100245	0.0248818	0.0893591	0	0.0100223	0.552908	59.965
613	0.0100245	0.0249254	0.0893591	0	0.0100223	0.536488	59.965
614	0.0100245	0.0266016	0.101428	0.0104948	0.0100223	0.474187	59.965
615	0.0100245	0.0251187	0.100772	0	0.0100223	0.393634	54.0199
616	0.0100245	0.0255292	0.110171	0	0.0100223	0.397279	52.6534
617	0.0100245	0.0256042	0.11378	0	0.0101269	0.394628	52.6534
618	0.0100245	0.0252949	0.109817	0	0.0103309	0.393372	58.3402
619	0.0100245	0.0257159	0.110171	0	0.0103309	0.418709	58.3402
620	0.0100245	0.0261657	0.118724	0.00149925	0.0103309	0.457167	58.3402
621	0.0100245	0.026791	0.129785	0.00149925	0.0103309	0.408437	58.3402
622	0.0100245	0.0269725	0.140259	0.00149925	0.0120053	0.469812	62.4975
623	0.0100245	0.0269283	0.132556	0	0.0120053	0.574912	62.4975
624	0.0100245	0.0268068	0.132556	0	0.0172159	0.729725	83.6526
625	0.0100245	0.0276191	0.140542	0	0.0185642	0.893675	83.6526
626	0.0100245	0.0277809	0.153214	0	0.0287374	1.18318	98.5218
627	0.0100245	0.0275105	0.148624	0	0.0523412	1.79422	98.5218
628	0.0100245	0.0271095	0.129785	0	0.0569144	2.23703	86.4333
629	0.0100245	0.0266709	0.116326	0	0.0968183	2.75484	96.4173
630	0.0100245	0.0270838	0.117734	0	0.110199	3.08016	86.4333
631	0.0100245	0.0275335	0.128228	0.00149925	0.131025	3.42385	86.4333
632	0.0100245	0.0274313	0.118724	0.00149925	0.151593	3.87914	96.4173
633	0.010065	0.0276754	0.131699	0.00149925	0.181686	4.14738	96.4173
634	0.0100245	0.0272621	0.118724	0.00149925	0.0251868	2.81314	91.9409
635	0.010065	0.0274286	0.129903	0	0.0204782	2.14204	86.4333
636	0.010065	0.0273515	0.131699	0	0.0180574	1.74596	75.8323
637	0.0100245	0.0277695	0.132674	0	0.0110228	1.38205	37.9455
638	0.010065	0.0276194	0.131699	0	0.0130997	1.18024	37.0183
639	0.010065	0.0276515	0.129903	0	0.0130997	1.58066	61.2941
640	0.010065	0.0276074	0.129903	0	0.0179425	1.77906	84.9883
641	0.0100245	0.0282326	0.131699	0	0.0179425	1.84331	87.324
642	0.0100245	0.0280833	0.129903	0	0.0138044	2.15291	69.3703
643	0.0101703	0.0283105	0.132674	0	0.0138044	1.95369	65.9996
644	0.0100245	0.0288368	0.1348	0.0029985	0.0128411	1.87149	65.9996
645	0.0100245	0.0285991	0.132674	0.0029985	0.0141368	1.92704	65.9996
646	0.0100245	0.0291784	0.140259	0.00449775	0.017921	1.94272	76.0409
647	0.010065	0.0289649	0.140259	0.00449775	0.0152108	1.7022	65.9996
648	0.0100023	0.0286662	0.132139	0.0029985	0.0153016	1.53263	65.9996
649	0.0100023	0.0288064	0.132674	0.00149925	0.0216484	1.53049	70.388
650	0.0100023	0.0290626	0.140259	0	0.017921	1.2254	65.9996
651	0.0100245	0.0291449	0.140259	0	0.0158064	0.964726	65.9996
652	0.0100023	0.0297564	0.14675	0	0.0168042	0.791706	65.9996
653	0.0100023	0.0305574	0.153499	0	0.0102403	0.671012	40.6076
654	0.010119	0.030768	0.156851	0	0.0102403	0.593311	41.1996
655	0.0100023	0.0310496	0.156851	0	0.0101534	0.511534	36.8451
656	0.0100023	0.0316786	0.163535	0	0.0101534	0.463089	31.0113
657	0.0100023	0.0325834	0.163535	0	0.0101534	0.429608	36.8451
658	0.0100023	0.0322842	0.159198	0	0.0101659	0.40713	36.4902
659	0.0100023	0.0327815	0.159198	0	0.0101534	0.411074	40.6076
660	0.010036	0.0324759	0.156851	0	0.0101659	0.442226	42.6737
661	0.010065	0.0325411	0.156851	0	0.0101659	0.465732	42.6737
662	0.010119	0.0326834	0.156851	0	0.0101659	0.524415	42.6737
663	0.0100023	0.0329397	0.153499	0	0.0101659	0.537722	42.6737
664	0.0100023	0.034209	0.173564	0	0.0101659	0.515093	42.6737
665	0.0100023	0.0342526	0.175282	0	0.0101659	0.470269	42.6737
666	0.0100023	0.0340091	0.165205	0.0029985	0.0101659	0.474278	44.6628
667	0.0100023	0.0339563	0.163535	0.0029985	0.0101659	0.475304	42.6737
668	0.0100023	0.0336461	0.159198	0	0.0127091	0.495359	61.3045
669	0.0100023	0.0334265	0.156768	0	0.0102749	0.479107	46.0001
670	0.0100023	0.0339838	0.156768	0	0.0123905	0.480782	53.4022
671	0.0100023	0.0376273	0.203158	0.0104948	0.0123905	0.464807	53.4022
672	0.0100023	0.0394829	0.258715	0.0134933	0.0138205	0.451004	56.1895
673	0.0100023	0.0404379	0.264665	0.00449775	0.0138205	0.386375	56.1895
674	0.0100023	0.0419759	0.292529	0.0029985	0.0127091	0.319608	46.0001
675	0.0100023	0.0453501	0.323471	0.00749625	0.0100517	0.228424	15.9265
676	0.0100023	0.0451953	0.324154	0.005997	0.0100517	0.17698	5.97181
677	0.0100036	0.0462902	0.345556	0.0104948	0.0100517	0.185355	8.55348
678	0.010036	0.0467959	0.382866	0.0104948	0.0102749	0.218907	19.9106
679	0.010036	0.0519242	0.646883	0.023988	0.0100517	0.268761	26.8307
680	0.0100036	0.0536627	0.507032	0.0104948	0.0100517	0.33667	33.2814
681	0.0100036	0.0569544	0.733764	0.0254873	0.0102749	0.493508	44.5468
682	0.010119	0.0655313	0.983626	0.0449775	0.0102749	0.57714	44.5468
683	0.010119	0.0876464	1.37974	0.0794603	0.0102749	0.742184	51.9481
684	0.0101869	0.112037	1.53134	0.107946	0.0152108	0.74301	81.6927
685	0.0111643	0.181816	2.09065	0.190405	0.0147854	0.755316	81.6927
686	0.0160044	0.387083	4.96327	0.325337	0.0147854	0.730275	81.6927
687	0.0160044	0.387423	4.96327	0.326837
