		omega		Posterior		rho				Synonymous theta			kappa			phi	
Site	Lower	Point	Higher	prob of +ve	Lower	Point	Higher		Lower	Point	Higher	Lower	Point	Higher	Lower	Point	Higher
	95% HPD	estimate	95% HPD	selection	95% HPD	estimate	95% HPD		95% HPD	estimate	95% HPD	95% HPD	estimate	95% HPD	95% HPD	estimate	95% HPD
0	0.0100018	0.0592687	0.935126	0.047976	0.0100793	0.911362	39.2291		0.0178355	0.0284323	0.0403434	1.03097	2.6858	6.16984	0	0	0
1	0.0100018	0.0558573	0.815414	0.041979	0.0100793	0.783403	34.2173
2	0.0100018	0.052659	0.670439	0.0314843	0.0100793	0.799177	41.9554
3	0.0100018	0.0501781	0.537562	0.023988	0.0100793	0.758967	40.6331
4	0.0100018	0.0475632	0.474342	0.0164918	0.0120705	0.819397	51.6797
5	0.0100018	0.0451727	0.351173	0.011994	0.0112206	0.809766	51.6797
6	0.0100018	0.043868	0.330283	0.00749625	0.0107424	0.86047	51.6797
7	0.0100018	0.0430274	0.321787	0.005997	0.0111041	0.800356	54.9268
8	0.0100018	0.0426747	0.305459	0.00449775	0.0100317	0.820966	51.0877
9	0.0100018	0.0418084	0.288546	0.00449775	0.0100371	0.803767	53.5602
10	0.0100018	0.0408774	0.27778	0.0029985	0.0100371	0.767122	54.9268
11	0.0100018	0.0401031	0.27778	0.0029985	0.0100371	0.748458	54.9268
12	0.0100018	0.0395958	0.287178	0.0029985	0.0100371	0.684473	51.6797
13	0.0100018	0.0394617	0.290801	0.0029985	0.0100371	0.642197	51.6797
14	0.0101489	0.038909	0.290801	0.00449775	0.0100371	0.605962	50.8346
15	0.0100018	0.038975	0.290801	0.00749625	0.0100371	0.60119	51.6797
16	0.0101489	0.0386394	0.290801	0.00749625	0.0100371	0.579394	51.6797
17	0.0100143	0.0379425	0.270614	0.00449775	0.0100371	0.536634	51.0877
18	0.0100143	0.0376529	0.263584	0.0029985	0.0100371	0.492615	48.3555
19	0.0101489	0.0387833	0.288546	0.005997	0.0100371	0.427206	47.3633
20	0.0101489	0.039294	0.288546	0.005997	0.0100371	0.35897	38.915
21	0.0100143	0.0390621	0.267389	0.00449775	0.0100371	0.299773	46.9924
22	0.0100143	0.0392194	0.267389	0.00449775	0.0100371	0.255617	38.0478
23	0.0100143	0.0391459	0.263643	0.00449775	0.0100371	0.194277	30.0722
24	0.0100143	0.0395597	0.263643	0.00449775	0.0100371	0.157779	30.0722
25	0.0100143	0.0396871	0.265442	0.00449775	0.0100371	0.119651	24.761
26	0.0101489	0.0391465	0.265442	0.00449775	0.0100062	0.10372	19.901
27	0.0100143	0.0383295	0.229326	0.00449775	0.0100062	0.0973002	16.6073
28	0.0100143	0.0374598	0.2243	0.0029985	0.0100062	0.0853684	14.2912
29	0.0100143	0.0378634	0.235328	0.00449775	0.0100371	0.0773008	7.94516
30	0.0100143	0.0377332	0.229326	0.00749625	0.0100371	0.06591	5.00496
31	0.0101157	0.0363327	0.2243	0.0029985	0.0100062	0.053702	1.17621
32	0.0101157	0.036507	0.2243	0.0029985	0.0100062	0.0490074	0.903781
33	0.0101157	0.0368128	0.225703	0.00149925	0.0100062	0.0473655	0.866046
34	0.0100165	0.0358393	0.187212	0	0.0100371	0.0456193	0.638291
35	0.0100165	0.03569	0.18874	0	0.0100371	0.0446956	0.638291
36	0.0100165	0.0359511	0.187212	0.00149925	0.0100371	0.04428	0.638291
37	0.0100165	0.0360322	0.18874	0.0029985	0.0100371	0.0435446	0.638291
38	0.0100165	0.0354761	0.167998	0.0029985	0.0100062	0.0422638	0.575603
39	0.0100165	0.0348494	0.164076	0	0.0100062	0.0395594	0.43028
40	0.0100165	0.0341282	0.15626	0	0.0100062	0.0389059	0.43028
41	0.0100165	0.0338225	0.15626	0	0.0100062	0.0351189	0.27733
42	0.0100165	0.0335259	0.154387	0	0.0100062	0.034851	0.27733
43	0.0100165	0.0334921	0.148612	0	0.0100062	0.0353668	0.27488
44	0.0100503	0.0331079	0.142768	0	0.0100062	0.0360788	0.351461
45	0.0100503	0.0329399	0.139493	0	0.0100062	0.0375961	0.369512
46	0.0100165	0.0326728	0.139493	0	0.0100062	0.039506	0.44042
47	0.0100165	0.0327884	0.139493	0	0.0100062	0.0381963	0.369512
48	0.0100165	0.0330375	0.15626	0.00149925	0.0100062	0.0381322	0.367501
49	0.0100165	0.0326862	0.153795	0.00149925	0.0100062	0.0384363	0.365488
50	0.0100165	0.0327812	0.15626	0.0029985	0.0100062	0.0387054	0.365488
51	0.0100165	0.032898	0.161113	0.00449775	0.0100048	0.0384619	0.367501
52	0.0100165	0.0330105	0.161113	0.00449775	0.0100048	0.0382632	0.370919
53	0.0100165	0.0322521	0.157086	0.0029985	0.0100048	0.0381501	0.370919
54	0.0100503	0.0319163	0.148612	0	0.0100048	0.0383456	0.406647
55	0.0100165	0.0319747	0.142768	0	0.0100048	0.0380762	0.416553
56	0.0100165	0.0324532	0.15309	0.0029985	0.0100048	0.0382139	0.416553
57	0.0100165	0.032204	0.15626	0	0.0100048	0.0385727	0.416553
58	0.0100165	0.0328053	0.169243	0	0.0100048	0.0376474	0.43028
59	0.0100496	0.0335361	0.18874	0	0.0100048	0.0368541	0.43028
60	0.0100496	0.0338934	0.198971	0	0.0100048	0.0356596	0.43028
61	0.0100165	0.034067	0.190949	0	0.0100048	0.0338979	0.323039
62	0.0100165	0.0349645	0.219812	0.0029985	0.0100048	0.0333116	0.304829
63	0.0101157	0.0350066	0.229326	0.00449775	0.0100048	0.0334678	0.29822
64	0.0100165	0.0347584	0.219812	0.0029985	0.0100048	0.0338496	0.310287
65	0.0101157	0.0351069	0.229326	0.00449775	0.0100062	0.0341965	0.342292
66	0.0100165	0.0358135	0.230311	0.00749625	0.0100048	0.0339633	0.314136
67	0.0100165	0.0359834	0.235242	0.0089955	0.0100048	0.0340326	0.338615
68	0.0100074	0.0358561	0.230311	0.00749625	0.0100048	0.0337814	0.338615
69	0.0100074	0.0359772	0.235242	0.00749625	0.0100062	0.033853	0.342292
70	0.0100074	0.0361165	0.230311	0.00449775	0.0100048	0.033057	0.314136
71	0.0100074	0.0363527	0.230311	0.00449775	0.0100048	0.0321108	0.259662
72	0.0100074	0.0362251	0.230311	0.00449775	0.0100048	0.0307769	0.223908
73	0.0100074	0.035993	0.237798	0.00449775	0.0100048	0.0299615	0.202735
74	0.0100074	0.0356391	0.237798	0.00149925	0.0100048	0.0297183	0.181938
75	0.0100074	0.0355389	0.219812	0.00449775	0.0100048	0.0296066	0.17104
76	0.0100074	0.0362182	0.228341	0.005997	0.0100048	0.0293669	0.156573
77	0.0100074	0.0359243	0.22764	0.005997	0.0100048	0.0287972	0.143419
78	0.0100074	0.0359379	0.219812	0.005997	0.0100048	0.028553	0.139895
79	0.0100074	0.0361196	0.219812	0.005997	0.0100048	0.0278304	0.131679
80	0.0100074	0.0361338	0.228341	0.00749625	0.0100048	0.027603	0.130042
81	0.0100074	0.0353846	0.228341	0.00449775	0.0100048	0.0276963	0.130042
82	0.0100074	0.0341912	0.210952	0.00449775	0.0100048	0.0274221	0.124698
83	0.0100074	0.0340631	0.208551	0.00149925	0.0100048	0.0279305	0.130042
84	0.0100074	0.0357222	0.243678	0.00749625	0.0100048	0.0278723	0.125399
85	0.0100074	0.0359749	0.247539	0.0104948	0.0100048	0.0278775	0.130042
86	0.0100074	0.0345781	0.222298	0.00449775	0.0100048	0.02771	0.124698
87	0.0100074	0.0347433	0.22764	0.00449775	0.0100048	0.0281481	0.130042
88	0.0100165	0.0351786	0.22764	0.00449775	0.0100048	0.0287162	0.131679
89	0.0100165	0.0350872	0.210952	0.005997	0.0100062	0.0285926	0.125399
90	0.0100428	0.0344475	0.20031	0.0029985	0.0100062	0.0285726	0.125399
91	0.0100165	0.0344282	0.20031	0.00449775	0.0100062	0.0287748	0.131679
92	0.0100165	0.0332802	0.188329	0.00149925	0.0100062	0.029143	0.139895
93	0.0100165	0.033417	0.188329	0.00149925	0.0100062	0.0291523	0.137399
94	0.0100165	0.0328589	0.187618	0	0.0100062	0.0294757	0.143419
95	0.0100165	0.0327782	0.189339	0	0.0100062	0.0300069	0.148769
96	0.0100165	0.0332809	0.190766	0.00149925	0.0100062	0.0297484	0.143419
97	0.0100165	0.033475	0.197333	0.0029985	0.0100062	0.0301659	0.148769
98	0.0100165	0.0335132	0.188329	0	0.0100062	0.0301369	0.148769
99	0.0100165	0.0331036	0.188329	0	0.0100062	0.0300775	0.152739
100	0.0100165	0.0341434	0.198618	0.00149925	0.0100062	0.0304018	0.169059
101	0.0100165	0.0343845	0.198618	0.0029985	0.0100062	0.0313584	0.17654
102	0.0100165	0.0345716	0.200303	0.0029985	0.0100062	0.0314824	0.194573
103	0.0100165	0.0347954	0.210952	0.005997	0.0100062	0.0314937	0.188937
104	0.0100165	0.0345543	0.210952	0.00749625	0.0100062	0.0330406	0.206999
105	0.0100165	0.035242	0.216627	0.0089955	0.0100062	0.0361527	0.341988
106	0.0100165	0.0349985	0.210952	0.0104948	0.0100386	0.0369926	0.344136
107	0.0100165	0.0341185	0.190766	0.00749625	0.0100062	0.0342177	0.234134
108	0.0100165	0.0351136	0.197333	0.0104948	0.0100062	0.033527	0.232019
109	0.0100165	0.0344085	0.188277	0.00449775	0.0100062	0.0337411	0.234134
110	0.0100165	0.0349275	0.198618	0.005997	0.0100062	0.0345665	0.290329
111	0.0100165	0.0354188	0.210261	0.00449775	0.0100062	0.038059	0.371553
112	0.0100165	0.0354798	0.208865	0.005997	0.0100062	0.0409696	0.593471
113	0.0100165	0.0358131	0.208865	0.00449775	0.0100062	0.0389929	0.441708
114	0.0100165	0.0345464	0.197333	0.00149925	0.0100062	0.0372329	0.340237
115	0.0100165	0.0339056	0.184217	0.00149925	0.0100062	0.0369204	0.326255
116	0.0100165	0.0341236	0.187618	0.00149925	0.0100062	0.0400342	0.447353
117	0.0100496	0.0348049	0.192858	0.005997	0.0100423	0.0452431	1.21587
118	0.0100165	0.0354923	0.197333	0.00749625	0.0100062	0.048923	2.56539
119	0.0100496	0.0354169	0.193226	0.0089955	0.0100062	0.056419	3.21683
120	0.0100165	0.0350166	0.190766	0.00749625	0.0100062	0.0621592	4.07381
121	0.0100165	0.0348993	0.190766	0.005997	0.0100423	0.0670347	7.06281
122	0.0100496	0.0348821	0.190766	0.00749625	0.0100793	0.0741277	8.71959
123	0.0100165	0.0356479	0.193226	0.0104948	0.0100423	0.0802188	9.81813
124	0.0100165	0.0356518	0.197333	0.0089955	0.0100423	0.0905689	10.2522
125	0.0100045	0.0359864	0.197333	0.0104948	0.0100423	0.0937825	11.1206
126	0.0100045	0.0360677	0.197333	0.0104948	0.0100423	0.0927259	11.3559
127	0.0100045	0.0364019	0.200303	0.0134933	0.0100423	0.0936847	12.8237
128	0.0100045	0.0361301	0.199408	0.0104948	0.0100423	0.0937452	12.2595
129	0.0100045	0.0354279	0.190176	0.00449775	0.0100423	0.0918803	11.3559
130	0.0100045	0.0346382	0.187618	0.0029985	0.0100423	0.0919712	10.2376
131	0.0100045	0.0344536	0.184217	0.00149925	0.0100423	0.0878066	9.81813
132	0.0100045	0.0345587	0.187618	0.00149925	0.0100423	0.0846323	9.86627
133	0.0100496	0.0345683	0.176315	0.00449775	0.0100423	0.0823459	10.2376
134	0.0100496	0.0347693	0.176315	0.00449775	0.0100423	0.0856352	11.3559
135	0.0100496	0.0351022	0.176315	0.00449775	0.0100423	0.0869294	10.4404
136	0.0100496	0.0353865	0.187618	0.005997	0.0100423	0.0859975	11.7535
137	0.0100496	0.035619	0.187618	0.005997	0.0100793	0.0779068	5.93296
138	0.0100496	0.0358402	0.184217	0.005997	0.0100423	0.0817148	5.96453
139	0.0100496	0.0365229	0.192766	0.00749625	0.0100423	0.0761251	3.21683
140	0.0100603	0.0362773	0.190176	0.0089955	0.0100793	0.0772403	2.98042
141	0.0100503	0.0375635	0.198618	0.0134933	0.0100423	0.0854698	5.30137
142	0.0100503	0.0371276	0.192766	0.0134933	0.0100423	0.090539	5.30137
143	0.0100503	0.0365839	0.192766	0.0089955	0.0100793	0.0936477	5.30137
144	0.0100503	0.0361759	0.19119	0.0104948	0.0100793	0.103653	6.4874
145	0.0100494	0.0356604	0.19119	0.0089955	0.0102082	0.109463	7.49303
146	0.0100494	0.0357152	0.19119	0.0104948	0.0102082	0.112194	11.2756
147	0.0100494	0.0352135	0.178293	0.005997	0.0102617	0.119913	13.0883
148	0.0100494	0.0342502	0.153027	0.005997	0.0103224	0.13699	14.9639
149	0.0100503	0.0346089	0.15647	0.005997	0.0102617	0.141744	16.5021
150	0.0100494	0.0334954	0.148574	0.00149925	0.0103224	0.161511	22.5115
151	0.0100494	0.0345221	0.15647	0.00449775	0.0103314	0.167604	23.4191
152	0.0100503	0.0346937	0.15647	0.00449775	0.0102617	0.171802	23.4191
153	0.0100503	0.0348662	0.15647	0.00449775	0.0102617	0.171739	26.6805
154	0.0100494	0.0360726	0.192766	0.00749625	0.0102617	0.179935	28.3486
155	0.0100503	0.0358699	0.192766	0.0104948	0.0102617	0.186284	30.1464
156	0.0100494	0.0347261	0.157339	0.0029985	0.0102617	0.184056	28.3486
157	0.0100494	0.0346765	0.178246	0.0029985	0.0102617	0.17913	25.3111
158	0.0100503	0.0347145	0.222718	0.0029985	0.0104739	0.173929	20.9987
159	0.0100503	0.0346416	0.222718	0.00149925	0.0102615	0.160536	13.4884
160	0.0100503	0.0348005	0.222718	0.00149925	0.0101975	0.144396	14.6892
161	0.0100494	0.0343508	0.199849	0.0029985	0.0101922	0.117246	12.2851
162	0.0100494	0.0345313	0.199849	0.00449775	0.0101922	0.0947166	5.43197
163	0.0100494	0.0343473	0.192766	0.00449775	0.0101922	0.0856589	4.49225
164	0.0100494	0.0350431	0.202645	0.005997	0.0101922	0.0818105	4.93669
165	0.0100494	0.0345809	0.192463	0.005997	0.0101922	0.0771871	4.74151
166	0.0100494	0.0346932	0.192766	0.00449775	0.0101922	0.0702539	3.17304
167	0.0100424	0.034454	0.153495	0.00449775	0.0101922	0.0675014	2.38422
168	0.0100424	0.0351838	0.161119	0.00749625	0.0101922	0.0607759	1.48388
169	0.0100424	0.0345716	0.157339	0.00449775	0.0101975	0.0563725	0.891047
170	0.0100494	0.0348295	0.192766	0.00449775	0.0101922	0.0525911	0.687251
171	0.0100494	0.034693	0.192766	0.0029985	0.0101922	0.0464869	0.459096
172	0.0100336	0.0345867	0.161119	0.0029985	0.0101975	0.0443264	0.37934
173	0.0100424	0.0338885	0.161242	0.0029985	0.0101922	0.0400908	0.255843
174	0.0100424	0.0337795	0.161242	0.0029985	0.0100369	0.0388208	0.216848
175	0.0100424	0.0338626	0.161242	0.0029985	0.0101922	0.0385781	0.216848
176	0.0100424	0.0336328	0.161242	0.0029985	0.0100369	0.0403141	0.245236
177	0.0100494	0.034277	0.192766	0.00449775	0.0101922	0.0419871	0.267442
178	0.0100336	0.0342062	0.166485	0.0029985	0.0101922	0.0427958	0.302401
179	0.0100336	0.0341903	0.166485	0.0029985	0.0101922	0.0429842	0.271895
180	0.0100336	0.0336911	0.166485	0.0029985	0.0101922	0.0429376	0.270749
181	0.0100424	0.033294	0.161242	0.0029985	0.0101922	0.0423084	0.270749
182	0.0100336	0.0328543	0.153495	0.00449775	0.0101922	0.0411513	0.25043
183	0.0100336	0.0326619	0.149008	0.00749625	0.0101922	0.0422911	0.257559
184	0.0100336	0.0321904	0.149008	0.005997	0.0101922	0.0430501	0.259901
185	0.0100336	0.0319412	0.153495	0.00449775	0.0101922	0.0436776	0.270749
186	0.0100336	0.0309158	0.147889	0.00149925	0.0101922	0.0452667	0.314279
187	0.0101129	0.0303015	0.138562	0.00149925	0.0101922	0.0478039	0.332611
188	0.0100336	0.0314058	0.141494	0.005997	0.0101922	0.0501894	0.363909
189	0.0100336	0.0304408	0.138286	0.00149925	0.0101922	0.0547295	0.449284
190	0.0100336	0.0301216	0.133307	0.00149925	0.0101922	0.0592364	0.511619
191	0.0100336	0.0302754	0.135825	0.0029985	0.0105333	0.0656605	0.634878
192	0.0100336	0.0300858	0.131855	0.0029985	0.0101922	0.0709895	0.679089
193	0.0100336	0.0307712	0.138562	0.00449775	0.0104635	0.0769487	0.863354
194	0.0100336	0.0313278	0.149008	0.00449775	0.0101922	0.0876422	1.51236
195	0.0100336	0.0319899	0.160438	0.00449775	0.0102893	0.0953338	2.58462
196	0.0100336	0.031619	0.147889	0.00149925	0.0102893	0.105367	3.80037
197	0.0100336	0.0319583	0.157339	0.0029985	0.0102893	0.113236	3.80037
198	0.0100336	0.0313416	0.149008	0.0029985	0.0104627	0.13358	4.0159
199	0.0100336	0.0305693	0.136008	0.0029985	0.0104627	0.155671	4.45289
200	0.0100336	0.0309904	0.149008	0.005997	0.0102892	0.174241	5.40816
201	0.0100336	0.0306151	0.141494	0.00149925	0.0104627	0.183291	7.8784
202	0.0100336	0.0302925	0.138286	0.00149925	0.0104627	0.185372	8.39962
203	0.0100336	0.0312975	0.149826	0.00149925	0.0104635	0.180443	8.39962
204	0.0100763	0.0316406	0.162676	0.00149925	0.0104635	0.182758	5.69961
205	0.0100763	0.0313454	0.162676	0	0.0104635	0.187971	8.55987
206	0.0100336	0.0316187	0.1652	0	0.010093	0.18797	6.08575
207	0.0100336	0.0317795	0.1652	0.00149925	0.010093	0.186106	6.08575
208	0.0100336	0.0319779	0.175057	0.0029985	0.010093	0.189528	8.55987
209	0.0100336	0.0316738	0.1652	0	0.010093	0.195074	9.13498
210	0.0100336	0.032237	0.178182	0	0.010093	0.196381	9.13498
211	0.0100225	0.0321657	0.1863	0	0.0105362	0.197182	10.5775
212	0.0100225	0.0326376	0.196191	0.00149925	0.0105362	0.210604	13.4583
213	0.0100225	0.0331946	0.200015	0.00149925	0.0105362	0.208848	12.986
214	0.0100225	0.0326126	0.197141	0	0.010093	0.213213	12.986
215	0.0100225	0.0325883	0.200015	0	0.010093	0.214864	13.4583
216	0.0100225	0.0328025	0.200559	0.00149925	0.0105342	0.218734	16.28
217	0.0100225	0.0321758	0.1863	0.00149925	0.010093	0.22408	22.0811
218	0.0100225	0.0323626	0.194106	0.00149925	0.010093	0.216654	22.0811
219	0.0100225	0.0323588	0.194106	0.00149925	0.010093	0.216473	14.4202
220	0.0100225	0.0324122	0.1863	0.00149925	0.010093	0.216397	13.514
221	0.0100225	0.032002	0.179108	0.00149925	0.010093	0.235385	22.4001
222	0.0100225	0.0319863	0.180369	0.0029985	0.0105342	0.247051	23.9132
223	0.0100225	0.0324125	0.180369	0.00449775	0.010093	0.257768	22.4001
224	0.0100225	0.0324333	0.185543	0.00449775	0.0105342	0.264273	23.9132
225	0.0100225	0.0327403	0.200559	0.00749625	0.0105342	0.273574	24.0709
226	0.0100225	0.033256	0.21422	0.00749625	0.0119501	0.27673	27.5394
227	0.0100225	0.0332841	0.213259	0.005997	0.0123273	0.257536	28.0818
228	0.0100225	0.0333529	0.21422	0.0029985	0.010093	0.243314	16.2024
229	0.0100225	0.0338095	0.216074	0.0029985	0.0105876	0.232383	13.514
230	0.0100225	0.0329734	0.204967	0.0029985	0.0105876	0.241707	13.514
231	0.0100225	0.0325115	0.196191	0	0.0105342	0.248544	13.514
232	0.0100225	0.0322108	0.180369	0	0.0105342	0.250174	23.9132
233	0.0100225	0.0322614	0.180369	0	0.0101217	0.25467	24.3327
234	0.0100225	0.0321232	0.172156	0	0.0108724	0.272316	28.0818
235	0.0100225	0.0320754	0.181075	0	0.0105893	0.271313	27.5394
236	0.0100225	0.0318386	0.168112	0	0.0105893	0.281313	28.0818
237	0.0100258	0.0313766	0.1652	0	0.0105893	0.293125	29.9389
238	0.0100225	0.0325974	0.186774	0.00449775	0.0105893	0.317842	38.5712
239	0.0100258	0.0327966	0.186774	0.005997	0.0101217	0.344736	40.3791
240	0.0100258	0.0321591	0.168112	0.00149925	0.0101217	0.353291	49.0468
241	0.0100258	0.0326842	0.195016	0.0029985	0.0105886	0.394123	55.4261
242	0.0100258	0.0321679	0.186774	0.00149925	0.0105886	0.414454	55.4261
243	0.0100336	0.0321274	0.181075	0	0.0105886	0.445371	56.9014
244	0.0100336	0.0319703	0.180369	0	0.0176987	0.467986	95.6465
245	0.0100336	0.0315982	0.168112	0	0.0176987	0.507359	95.6465
246	0.0100336	0.031807	0.170958	0	0.0176987	0.576193	95.6465
247	0.0100336	0.0307881	0.167493	0	0.0187586	0.61775	95.6465
248	0.0100384	0.0306846	0.174271	0	0.0176987	0.615559	92.6691
249	0.0100336	0.0314824	0.185543	0	0.0180206	0.647687	92.6691
250	0.0100336	0.0315452	0.181075	0	0.0190685	0.660092	97.7612
251	0.0100336	0.031099	0.185543	0	0.0186295	0.672645	92.6691
252	0.0100336	0.0309108	0.174271	0	0.0189442	0.68688	97.7612
253	0.0100384	0.0310403	0.174271	0	0.0186295	0.675733	97.7612
254	0.0100384	0.0309373	0.170635	0.00149925	0.0186295	0.662686	97.7612
255	0.0100384	0.0303644	0.167493	0.00149925	0.0105839	0.589264	56.125
256	0.0100384	0.030613	0.169541	0.0029985	0.0105839	0.507496	46.8518
257	0.0100563	0.0303391	0.169541	0.00149925	0.0105839	0.495153	44.4575
258	0.0100563	0.0301996	0.169541	0.0029985	0.0116135	0.463289	44.4575
259	0.0100563	0.0300065	0.169541	0.0029985	0.0103829	0.405171	38.8927
260	0.0100384	0.0305962	0.170635	0.00449775	0.0103829	0.367184	38.6435
261	0.0100563	0.030615	0.174271	0.00449775	0.0103829	0.32834	22.2945
262	0.0100384	0.031293	0.181075	0.00449775	0.0103829	0.287236	12.2513
263	0.0100384	0.0314473	0.180369	0.00449775	0.0103829	0.260622	9.37081
264	0.0100384	0.0317844	0.180369	0.00449775	0.0103829	0.313035	13.7639
265	0.0101521	0.0324521	0.212271	0.00749625	0.0105886	0.355226	16.7222
266	0.0100384	0.0316452	0.186774	0.0029985	0.0103829	0.403227	18.8756
267	0.0100563	0.0311018	0.174405	0.00149925	0.0103829	0.382667	19.3454
268	0.0100563	0.0312633	0.174405	0.00149925	0.0103829	0.357279	19.3454
269	0.0100563	0.0318484	0.180409	0.00149925	0.0103829	0.312142	19.3454
270	0.0100384	0.0329144	0.209913	0.00149925	0.0112812	0.33187	27.0286
271	0.0100384	0.0330271	0.209913	0.00149925	0.0112812	0.288611	24.8793
272	0.0100384	0.0328291	0.209913	0.00149925	0.0112812	0.262225	21.4687
273	0.0100384	0.0333272	0.212271	0.00149925	0.0112812	0.247699	21.4687
274	0.0100384	0.0330323	0.205015	0.00149925	0.0112812	0.208223	13.9701
275	0.0100384	0.032928	0.196122	0.00149925	0.01176	0.193385	13.9701
276	0.0100384	0.033235	0.209913	0.00149925	0.01176	0.182223	13.5547
277	0.0101521	0.0330952	0.213967	0.00149925	0.0107431	0.165286	9.84444
278	0.0100384	0.0329243	0.212271	0.00149925	0.0107431	0.158122	8.96747
279	0.0100384	0.0325802	0.209913	0	0.0107431	0.148191	8.45427
280	0.0100384	0.033011	0.212271	0	0.0107431	0.144075	11.5855
281	0.0100384	0.0325874	0.209913	0	0.0107431	0.147983	11.6958
282	0.0100563	0.0322648	0.205015	0	0.0107431	0.153241	11.6958
283	0.0100563	0.0325167	0.205015	0.00149925	0.0104034	0.173698	24.7782
284	0.0102187	0.0334273	0.213967	0.005997	0.0104034	0.192708	33.7034
285	0.0100384	0.0340961	0.216213	0.00449775	0.0102803	0.205101	33.7034
286	0.0101521	0.0342556	0.217666	0.00149925	0.0102803	0.225537	39.2524
287	0.0101521	0.0342758	0.219719	0.00149925	0.0102803	0.233323	39.6937
288	0.0100384	0.0344833	0.217666	0.0029985	0.0131905	0.315388	75.6182
289	0.0100629	0.0341075	0.217666	0.0029985	0.0167668	0.423137	90.8992
290	0.0100384	0.0333702	0.211599	0.0029985	0.0163965	0.466767	90.8992
291	0.0100629	0.0337112	0.213967	0.0029985	0.0180995	0.482112	97.162
292	0.0100384	0.0344177	0.22193	0.0029985	0.0180995	0.519317	95.3943
293	0.0100384	0.0346735	0.224297	0.00149925	0.0160688	0.518119	90.5864
294	0.0100384	0.0349979	0.231745	0	0.0160688	0.580847	90.2118
295	0.010011	0.0354973	0.229297	0.00149925	0.0163809	0.597112	90.5864
296	0.010011	0.0350918	0.22193	0.00149925	0.0160688	0.602602	90.2118
297	0.010011	0.0352228	0.224297	0.00149925	0.0181464	0.59361	90.5864
298	0.010011	0.0352108	0.22193	0.00149925	0.0194664	0.604326	95.3943
299	0.010011	0.0366238	0.241038	0.00149925	0.0181464	0.606549	90.5864
300	0.010011	0.0379461	0.263659	0.00149925	0.0200653	0.538439	95.3943
301	0.0100629	0.0384259	0.277212	0	0.0129751	0.424831	61.883
302	0.0100629	0.0394096	0.296404	0	0.0102803	0.341509	39.081
303	0.0102217	0.0401159	0.305391	0.00149925	0.0102803	0.31672	34.6902
304	0.0100629	0.0405314	0.303776	0.00449775	0.0102803	0.31234	34.6902
305	0.0100629	0.0423818	0.339721	0.005997	0.0102803	0.315863	35.2521
306	0.0100629	0.0432635	0.362381	0.0104948	0.0102803	0.356709	44.4108
307	0.0100629	0.0455328	0.433047	0.0149925	0.0102803	0.394252	44.4108
308	0.0100629	0.0467425	0.481067	0.0164918	0.0102803	0.469618	47.0964
309	0.0100629	0.0493829	0.518918	0.0209895	0.0102803	0.480829	47.0964
310	0.0100629	0.0534629	0.638634	0.0284858
