		omega		Posterior		rho				Synonymous theta			kappa			phi	
Site	Lower	Point	Higher	prob of +ve	Lower	Point	Higher		Lower	Point	Higher	Lower	Point	Higher	Lower	Point	Higher
	95% HPD	estimate	95% HPD	selection	95% HPD	estimate	95% HPD		95% HPD	estimate	95% HPD	95% HPD	estimate	95% HPD	95% HPD	estimate	95% HPD
0	0.0100817	0.068001	0.844966	0.0389805	0.0161405	1.11605	90.9587		0.0176655	0.0286643	0.0437749	1.73156	3.83743	11.2418	0	0	0
1	0.0100562	0.0664381	0.794395	0.0329835	0.0149568	1.08696	90.9587
2	0.0100562	0.062597	0.65422	0.023988	0.0139295	0.961178	90.9587
3	0.0100562	0.0611751	0.57228	0.0164918	0.0101934	0.786522	55.724
4	0.0100562	0.0589448	0.517603	0.011994	0.0101934	0.660933	52.9344
5	0.0100562	0.0581424	0.435189	0.0104948	0.0101934	0.552817	47.0507
6	0.0100562	0.0549619	0.390422	0.00449775	0.0101934	0.466778	37.4133
7	0.0100562	0.0542671	0.367015	0.00449775	0.0101934	0.442373	35.0718
8	0.0100562	0.0548066	0.365436	0.005997	0.0103269	0.416382	35.3566
9	0.010069	0.0549618	0.347337	0.00749625	0.0101934	0.376785	35.3566
10	0.0100562	0.0541983	0.336874	0.00749625	0.0100158	0.309054	34.1213
11	0.0100562	0.0534707	0.336874	0.0089955	0.0100158	0.258055	28.9238
12	0.0100562	0.0544187	0.339574	0.00749625	0.0100158	0.237879	27.3849
13	0.0100562	0.0553879	0.352365	0.0104948	0.0100158	0.227296	27.4411
14	0.0100562	0.0561936	0.367015	0.011994	0.0100158	0.217704	30.1639
15	0.0100562	0.054928	0.352365	0.011994	0.0100158	0.192016	30.1639
16	0.0100562	0.0535759	0.33857	0.00749625	0.0100158	0.178238	32.3341
17	0.0100562	0.0542253	0.33857	0.00449775	0.0100158	0.171308	32.3341
18	0.0100562	0.0533769	0.318722	0	0.0100158	0.175209	32.3341
19	0.0100562	0.0550956	0.336328	0.0029985	0.0100158	0.178628	31.7225
20	0.0100562	0.0553861	0.33857	0.00449775	0.0100158	0.169459	25.579
21	0.0100562	0.0560638	0.318722	0.00449775	0.0100158	0.15867	23.5731
22	0.0100562	0.0566469	0.318722	0.00449775	0.0100158	0.137316	19.6872
23	0.0100562	0.0578067	0.348484	0.0029985	0.0100158	0.115286	17.6809
24	0.0100562	0.0604751	0.367015	0.00449775	0.0100158	0.0989089	17.6809
25	0.0101894	0.0634638	0.379017	0.00449775	0.0100158	0.0812531	6.80176
26	0.0100562	0.0652895	0.383476	0.00449775	0.0100158	0.0656093	1.06461
27	0.0102414	0.0675732	0.415859	0.00449775	0.0100158	0.0573441	0.616431
28	0.0102414	0.0699675	0.447225	0.00749625	0.0101169	0.0499607	0.451787
29	0.0101894	0.0773436	0.506736	0.017991	0.0100158	0.0487898	0.428247
30	0.0100562	0.0854271	0.610121	0.0254873	0.0100158	0.0480744	0.412033
31	0.0100562	0.0942548	0.965795	0.047976	0.0100158	0.0485264	0.415512
32	0.011303	0.107755	1.68471	0.0689655	0.0100158	0.0487938	0.373704
33	0.0100562	0.132898	2.55958	0.115442	0.0100158	0.0474576	0.337641
34	0.010383	0.0972868	1.2524	0.0554723	0.0100158	0.0474733	0.327608
35	0.0100562	0.0881656	0.686783	0.035982	0.0100158	0.0485163	0.386586
36	0.010223	0.0812314	0.614802	0.0284858	0.0100158	0.0471846	0.386586
37	0.0101782	0.0750586	0.576072	0.023988	0.0100158	0.0457489	0.35867
38	0.010223	0.0707963	0.511878	0.017991	0.0100158	0.0453191	0.323594
39	0.01002	0.0652011	0.438678	0.0089955	0.0100121	0.0464129	0.35873
40	0.0101782	0.0610714	0.37281	0.00449775	0.0100121	0.0474298	0.363719
41	0.0101894	0.0603286	0.370265	0.00449775	0.0100158	0.0473079	0.359253
42	0.01002	0.0591655	0.346101	0.00449775	0.0100158	0.0483244	0.373704
43	0.0100817	0.0590237	0.353378	0.00449775	0.0100158	0.0498103	0.420034
44	0.0101894	0.0586919	0.353378	0.00749625	0.0100158	0.0521075	0.451787
45	0.01002	0.0564751	0.310772	0.00449775	0.0100158	0.0576032	0.66312
46	0.01002	0.0545662	0.302536	0.00149925	0.0100158	0.0582325	0.731196
47	0.01002	0.0538346	0.300293	0	0.0100158	0.0592129	0.731196
48	0.01002	0.0531047	0.291614	0	0.0100158	0.0594111	0.77217
49	0.01002	0.0531658	0.291614	0.00449775	0.0100158	0.0603314	0.77217
50	0.01002	0.0533039	0.300293	0.005997	0.0100158	0.0662962	1.72355
51	0.01002	0.0520023	0.285672	0.00449775	0.0100158	0.0672721	2.19427
52	0.01002	0.0501646	0.267415	0.00149925	0.0100158	0.0674132	2.21666
53	0.0100522	0.0493659	0.274098	0	0.0100158	0.0688094	2.09931
54	0.01002	0.0495223	0.274443	0	0.0100158	0.0773307	4.13359
55	0.01002	0.0488757	0.267415	0	0.0100158	0.0806911	4.57212
56	0.01002	0.0496506	0.277257	0.0029985	0.0100158	0.0812463	4.36744
57	0.01002	0.0492828	0.284559	0.00149925	0.0100158	0.0816174	4.36744
58	0.01002	0.0485733	0.273894	0	0.0100158	0.0812279	4.33705
59	0.01002	0.0485785	0.281886	0.0029985	0.0100158	0.0776654	3.12607
60	0.01002	0.0483894	0.281886	0.0029985	0.0100158	0.0699914	1.72355
61	0.01002	0.0478549	0.277257	0	0.0100158	0.0649727	1.09002
62	0.01002	0.0471514	0.273894	0.00149925	0.0100158	0.0550894	0.337673
63	0.01002	0.0471756	0.283775	0.0029985	0.0103614	0.0539099	0.327608
64	0.01002	0.047338	0.281886	0.00149925	0.0103614	0.0540482	0.327024
65	0.01002	0.047052	0.273894	0.0029985	0.0103614	0.0539736	0.327024
66	0.01002	0.0465341	0.267511	0.0029985	0.0101362	0.0535553	0.326632
67	0.01002	0.045458	0.261438	0.0029985	0.0101362	0.0533422	0.291377
68	0.01002	0.0458006	0.26519	0.00449775	0.0101362	0.0532041	0.304332
69	0.01002	0.0469982	0.281886	0.0089955	0.0101362	0.0561463	0.327024
70	0.01002	0.0454345	0.277257	0.005997	0.0101362	0.0608521	0.422535
71	0.01002	0.0460094	0.281075	0.00749625	0.0101362	0.0639326	0.480477
72	0.0100316	0.0444249	0.277257	0.005997	0.0103767	0.0706053	0.785676
73	0.01002	0.0428573	0.267415	0.0029985	0.0103767	0.0722685	0.811204
74	0.01002	0.0428421	0.261438	0.0029985	0.0103767	0.0693218	0.639293
75	0.01002	0.042354	0.246239	0.0029985	0.0103767	0.0721801	0.755256
76	0.01002	0.0431789	0.274414	0.0089955	0.0103767	0.0665403	0.467753
77	0.0100316	0.0415445	0.246239	0.00449775	0.0101051	0.0657819	0.445083
78	0.0100316	0.0414772	0.259622	0.0029985	0.010023	0.0634134	0.359789
79	0.0100316	0.0427971	0.26519	0.0089955	0.010023	0.0633412	0.359789
80	0.0100316	0.0418283	0.274414	0.005997	0.010023	0.0639553	0.353987
81	0.0100316	0.0409808	0.261438	0.00449775	0.010023	0.0656986	0.359789
82	0.0100316	0.0411849	0.267415	0.0029985	0.010023	0.0663472	0.359789
83	0.0100316	0.0410174	0.267415	0.00149925	0.010023	0.0665235	0.379749
84	0.0100316	0.0406176	0.267415	0.00149925	0.010023	0.0650647	0.350925
85	0.0101567	0.0402201	0.259622	0.00149925	0.010023	0.0636455	0.346869
86	0.0101567	0.0400371	0.259622	0.00149925	0.010023	0.0615585	0.307105
87	0.0101567	0.0398995	0.245949	0.0029985	0.010023	0.0601127	0.304771
88	0.0101567	0.0402299	0.246239	0.0029985	0.010023	0.0596886	0.291523
89	0.0101567	0.0400213	0.239906	0.00149925	0.010023	0.0582815	0.288766
90	0.0101567	0.0404777	0.245949	0.0029985	0.010023	0.0584602	0.291523
91	0.0101567	0.0397634	0.245949	0.0029985	0.010023	0.0587347	0.288766
92	0.0100316	0.0391624	0.239906	0.00149925	0.010023	0.0596153	0.304122
93	0.0101567	0.0390496	0.243495	0.0029985	0.010023	0.0603722	0.316308
94	0.0101567	0.0390957	0.246239	0.00449775	0.010023	0.0618404	0.333936
95	0.0101567	0.0388147	0.246239	0.005997	0.010023	0.0624972	0.333936
96	0.0101509	0.0382978	0.246239	0.00449775	0.010023	0.066234	0.375769
97	0.0100316	0.0387441	0.243495	0.00749625	0.010023	0.0706033	0.432994
98	0.0101567	0.0398752	0.267604	0.011994	0.010023	0.0868749	0.728742
99	0.010102	0.0397335	0.267604	0.0149925	0.010023	0.0970606	2.63254
100	0.010102	0.038089	0.243495	0.005997	0.0101222	0.113292	10.1907
101	0.0100815	0.0377696	0.263973	0.0089955	0.0101222	0.125222	12.2739
102	0.0100815	0.0375169	0.243495	0.0089955	0.0102575	0.13665	24.3771
103	0.0100316	0.0365542	0.235344	0.00449775	0.0101918	0.139692	27.1805
104	0.0100316	0.0363044	0.224613	0.00449775	0.0101918	0.143018	24.3771
105	0.0100316	0.036667	0.222757	0.00449775	0.0101918	0.156488	25.4311
106	0.010102	0.0366835	0.221399	0.0029985	0.0101918	0.1654	29.2596
107	0.010102	0.0375024	0.234964	0.00449775	0.0101918	0.162406	28.9396
108	0.0100316	0.0385325	0.255889	0.00749625	0.0101918	0.161678	30.6079
109	0.0100316	0.0373082	0.228275	0.00449775	0.0101918	0.164918	34.8847
110	0.010102	0.0383584	0.243495	0.005997	0.0101918	0.176835	51.3433
111	0.010102	0.0383566	0.243495	0.00749625	0.0152078	0.202873	87.6102
112	0.0100316	0.0380353	0.243495	0.005997	0.0152447	0.208677	86.3181
113	0.010102	0.0370343	0.221399	0.0029985	0.0152447	0.218545	86.3181
114	0.0101567	0.0367151	0.221399	0.00149925	0.0152447	0.234507	85.9661
115	0.010102	0.0371373	0.222757	0.005997	0.0152447	0.232485	89.225
116	0.0101567	0.0363192	0.219458	0.00449775	0.0152793	0.252971	89.225
117	0.0100316	0.0356466	0.19738	0.0029985	0.015398	0.269409	95.3648
118	0.0100316	0.0357524	0.19738	0.0029985	0.016142	0.282722	99.3118
119	0.0100316	0.0354172	0.207673	0.00449775	0.016142	0.284501	99.3118
120	0.010102	0.0358288	0.217139	0.005997	0.0152793	0.280401	95.3648
121	0.0101567	0.0357126	0.218917	0.00749625	0.0152793	0.275225	95.3648
122	0.0100316	0.0352965	0.20917	0.005997	0.0153221	0.255808	99.3118
123	0.010102	0.0353695	0.209844	0.005997	0.0118215	0.243508	76.4198
124	0.0100316	0.0356319	0.207673	0.005997	0.0100937	0.237544	60.816
125	0.0100316	0.0356898	0.200608	0.00449775	0.0100245	0.244238	58.9811
126	0.0100316	0.0364651	0.20917	0.00749625	0.0100245	0.25045	58.9811
127	0.0100316	0.0357945	0.200608	0.005997	0.0100245	0.269401	58.9811
128	0.0101567	0.035542	0.197739	0.00449775	0.0100245	0.261524	58.9811
129	0.0101718	0.0357756	0.197739	0.00449775	0.0100245	0.257381	58.9811
130	0.010102	0.0364518	0.195608	0.005997	0.0100245	0.274707	59.3982
131	0.0100316	0.0361703	0.195608	0.00449775	0.0100245	0.27847	57.8109
132	0.0100316	0.036045	0.194216	0.00449775	0.0102188	0.287183	59.3982
133	0.0100316	0.0362909	0.194216	0.00749625	0.0103298	0.275662	59.3982
134	0.010102	0.0369105	0.198563	0.00749625	0.0102188	0.267577	59.3982
135	0.0100316	0.0371086	0.198563	0.005997	0.0103298	0.253996	58.9811
136	0.0100316	0.0364101	0.194216	0.00449775	0.0102188	0.230293	55.458
137	0.0100316	0.0362985	0.194216	0.0029985	0.0102188	0.222977	56.9071
138	0.010102	0.0354968	0.183844	0.00149925	0.0102188	0.22274	55.458
139	0.010102	0.0359076	0.183844	0.00149925	0.0102029	0.212072	55.458
140	0.010102	0.035754	0.178532	0	0.0100245	0.207659	52.644
141	0.010102	0.0359282	0.179406	0.0029985	0.0100245	0.202797	52.644
142	0.010102	0.0355043	0.178532	0.00149925	0.0100245	0.196307	52.644
143	0.0100316	0.0349008	0.171988	0.00149925	0.0100245	0.195905	52.644
144	0.010102	0.0346559	0.177076	0.00149925	0.0102029	0.191964	52.404
145	0.0101718	0.0355334	0.194216	0.00149925	0.0100245	0.184982	49.352
146	0.0101718	0.034944	0.187499	0.00149925	0.0100245	0.183392	49.352
147	0.0101718	0.0352976	0.195608	0.0029985	0.0102029	0.182126	52.404
148	0.0101718	0.0352946	0.195608	0.00449775	0.0102029	0.181638	52.404
149	0.0101718	0.0355103	0.193538	0.0029985	0.0102029	0.179724	52.404
150	0.0101718	0.0355054	0.195608	0.00449775	0.0102029	0.17891	52.404
151	0.0101718	0.0344285	0.187068	0.00449775	0.0102029	0.187055	57.8109
152	0.0101718	0.0341844	0.187068	0.00449775	0.0100245	0.182209	52.7457
153	0.0101718	0.0336356	0.177883	0.00149925	0.0102029	0.180646	55.458
154	0.0102028	0.0340095	0.187068	0.00149925	0.0100245	0.17538	52.7457
155	0.0101894	0.0340473	0.193538	0.00149925	0.0102029	0.154014	46.4403
156	0.0101894	0.033609	0.193538	0.00149925	0.0102029	0.139366	42.0071
157	0.0101894	0.0334711	0.193538	0	0.0100245	0.129555	31.4757
158	0.0102028	0.03406	0.194216	0	0.0100245	0.120338	20.9652
159	0.0102028	0.0342031	0.194216	0.00149925	0.0102029	0.11897	20.8702
160	0.0102028	0.0342468	0.193538	0.0029985	0.0100245	0.116517	19.9617
161	0.0102028	0.0346512	0.194789	0.0029985	0.0100245	0.118725	17.3716
162	0.0102028	0.0343402	0.195608	0.00449775	0.0100245	0.117101	17.3716
163	0.0102696	0.0344922	0.195608	0.005997	0.0102029	0.116318	15.8876
164	0.0102696	0.0346915	0.195608	0.00749625	0.0100245	0.115857	15.8876
165	0.0102696	0.0347333	0.194822	0.005997	0.0100245	0.116878	15.8876
166	0.0102696	0.0349553	0.195608	0.005997	0.0101474	0.118166	16.2203
167	0.0102028	0.0355149	0.215922	0.00449775	0.0101474	0.119019	16.9726
168	0.0102028	0.0353412	0.215922	0.00749625	0.0101474	0.118741	14.3465
169	0.0102028	0.0349201	0.215922	0.005997	0.0101474	0.111661	7.55523
170	0.0101741	0.0347956	0.195608	0.0089955	0.0101474	0.100559	4.53113
171	0.0101741	0.0343533	0.194119	0.00749625	0.0101474	0.09655	2.59924
172	0.0101741	0.0343772	0.192561	0.00749625	0.0101474	0.0956713	2.36583
173	0.0101741	0.034879	0.194789	0.0089955	0.0103095	0.0967759	2.17217
174	0.0101741	0.0347014	0.194789	0.0089955	0.0102188	0.0950937	2.17217
175	0.0102696	0.0345543	0.195608	0.0089955	0.0101474	0.0925518	1.37888
176	0.0102218	0.0347798	0.195608	0.00749625	0.0101474	0.0965681	1.37888
177	0.0102218	0.0337504	0.184961	0.005997	0.0101474	0.102578	1.60317
178	0.0102218	0.0339166	0.184961	0.005997	0.0101474	0.106833	1.18081
179	0.0101741	0.0344299	0.184961	0.005997	0.0103313	0.120759	1.18081
180	0.0102218	0.0346598	0.184961	0.00449775	0.0103095	0.133256	1.30007
181	0.0101741	0.0346992	0.184961	0.00449775	0.0113708	0.140409	1.37888
182	0.0102218	0.0351788	0.195608	0.00449775	0.0105686	0.139929	1.37888
183	0.0102696	0.034834	0.195608	0.00449775	0.0103313	0.134684	1.23064
184	0.0102696	0.0348563	0.195608	0.00449775	0.0104941	0.130524	1.04053
185	0.0101741	0.0341996	0.184961	0.00449775	0.0104941	0.128587	1.05135
186	0.0102696	0.0342218	0.184961	0.0029985	0.0101263	0.132801	1.17851
187	0.0102696	0.034372	0.184961	0.00449775	0.0101263	0.148237	2.36583
188	0.0101741	0.0352739	0.190738	0.005997	0.0101263	0.150808	3.46116
189	0.0101741	0.0350479	0.165508	0.005997	0.0101263	0.14465	3.46116
190	0.0102218	0.0345617	0.165508	0.00449775	0.0100562	0.1407	3.46116
191	0.0102218	0.0342569	0.165508	0.0029985	0.0100562	0.13984	3.46116
192	0.0101741	0.0344282	0.176287	0.0029985	0.0101263	0.133706	3.46116
193	0.0101741	0.0342864	0.165508	0.0029985	0.0100562	0.129548	3.38886
194	0.0102218	0.0332919	0.157682	0	0.0100562	0.126201	2.36583
195	0.0101741	0.0330171	0.15552	0	0.0100562	0.114709	1.19205
196	0.0102218	0.0324842	0.153093	0	0.0100562	0.110278	1.07977
197	0.0100943	0.0320349	0.152681	0	0.0101263	0.102606	0.931582
198	0.0100943	0.0315319	0.141319	0.00149925	0.0102202	0.0994011	0.779145
199	0.0100943	0.0312583	0.13885	0	0.0102202	0.0993906	0.83172
200	0.0100943	0.0312867	0.137586	0	0.0102202	0.0964449	0.83172
201	0.0100943	0.0317097	0.152436	0.00149925	0.0102202	0.0943634	1.04082
202	0.0100943	0.031195	0.152436	0.00149925	0.0102202	0.0985209	1.65003
203	0.0100109	0.031304	0.150744	0.0029985	0.0102202	0.0983046	2.08701
204	0.0100109	0.0313985	0.141319	0.0029985	0.0102202	0.0966832	2.08701
205	0.0100109	0.0312627	0.15552	0.0029985	0.0102139	0.0999555	3.15113
206	0.0100109	0.0315075	0.159481	0.0029985	0.0102139	0.0908436	2.08701
207	0.0100109	0.0318445	0.157682	0.0029985	0.0102139	0.0929492	3.04089
208	0.0100109	0.0321506	0.157092	0.0029985	0.0102202	0.0859383	2.00144
209	0.0100109	0.0321105	0.147241	0.00149925	0.0102202	0.0873608	2.08701
210	0.0100109	0.0321105	0.141319	0.0029985	0.0102202	0.0866235	2.00144
211	0.0100109	0.0319423	0.136762	0	0.0102202	0.0894922	2.24782
212	0.0100109	0.03169	0.135133	0	0.0102202	0.0885691	2.24782
213	0.0100109	0.031824	0.135926	0	0.0102202	0.0894532	2.24782
214	0.0100109	0.0317976	0.135926	0	0.0102202	0.088938	2.19121
215	0.0100109	0.031598	0.135926	0	0.0102202	0.0927196	2.7367
216	0.0100109	0.0317467	0.150625	0	0.0102202	0.0945917	4.33151
217	0.0100109	0.0320925	0.150625	0	0.0103006	0.0931532	4.33151
218	0.0100109	0.0323643	0.163166	0	0.0103006	0.0914077	3.05882
219	0.0100109	0.0327598	0.179891	0	0.0100456	0.0874759	2.45792
220	0.0100109	0.032943	0.179891	0	0.0100456	0.0873082	2.78992
221	0.0100131	0.0330745	0.170881	0	0.0100456	0.0948766	6.50179
222	0.010036	0.0332289	0.170881	0	0.0100456	0.0959165	6.77248
223	0.0100131	0.0335241	0.170881	0	0.0100456	0.0940532	7.18813
224	0.0100131	0.0330365	0.165951	0	0.0100456	0.102128	11.4236
225	0.0100131	0.0339272	0.178208	0.00149925	0.0100456	0.110148	22.3961
226	0.0100131	0.034284	0.178208	0.00149925	0.0100456	0.112955	26.1391
227	0.0100131	0.0347467	0.179891	0.00149925	0.0100456	0.113298	26.1391
228	0.0100131	0.0342947	0.178208	0.00149925	0.0100456	0.112447	24.1642
229	0.0100131	0.0348312	0.194863	0.00149925	0.0100456	0.114737	24.1642
230	0.0100131	0.0354475	0.214739	0.0029985	0.0100456	0.114846	22.8278
231	0.0100131	0.0361048	0.223543	0.005997	0.0100456	0.115795	22.1992
232	0.010036	0.0355321	0.215567	0.0029985	0.0100456	0.117413	22.8278
233	0.010036	0.0365159	0.230364	0.00449775	0.0100456	0.118786	24.1642
234	0.010036	0.0362615	0.220018	0.00449775	0.0100456	0.120109	44.7241
235	0.010036	0.0357688	0.220018	0.00749625	0.0100456	0.121148	44.7241
236	0.010036	0.035243	0.198218	0.0029985	0.0100456	0.120534	44.7241
237	0.010036	0.0350521	0.194954	0.00149925	0.0100456	0.11349	39.584
238	0.0100943	0.0351894	0.190296	0.005997	0.0100456	0.111143	28.2019
239	0.0100943	0.0352455	0.190296	0.005997	0.0100456	0.113242	29.737
240	0.010036	0.0354738	0.194863	0.00449775	0.0100456	0.112345	28.2019
241	0.0100943	0.0355158	0.190296	0.0029985	0.0100456	0.111142	28.2019
242	0.010036	0.0353942	0.187809	0.0029985	0.0100456	0.105964	22.1992
243	0.010036	0.0354855	0.183314	0.0029985	0.0100456	0.102922	22.1992
244	0.010036	0.0358132	0.187809	0.00449775	0.0100456	0.108487	22.1992
245	0.010036	0.0360084	0.194863	0.00449775	0.0100456	0.107802	15.8351
246	0.010036	0.0368961	0.220849	0.0029985	0.0100456	0.10198	5.92995
247	0.010036	0.0368879	0.214739	0.0029985	0.0100456	0.0936814	3.00322
248	0.0102883	0.0380102	0.24422	0.0029985	0.0100456	0.098489	3.60645
249	0.010036	0.0391499	0.255667	0.0029985	0.0100456	0.109391	4.88029
250	0.010036	0.041499	0.340958	0.00749625	0.0100456	0.114324	4.73891
251	0.010036	0.0424109	0.340958	0.00749625	0.0100493	0.131513	5.52819
252	0.010036	0.0425806	0.340958	0.0089955	0.0100493	0.147648	5.52819
253	0.010036	0.043077	0.325511	0.0104948	0.0100493	0.149649	4.88029
254	0.0100935	0.0447583	0.401207	0.011994	0.0116765	0.142962	4.88029
255	0.010036	0.0469438	0.482622	0.0164918	0.0109757	0.141752	4.73891
256	0.010036	0.0476288	0.496924	0.0194903	0.0109757	0.156713	5.55727
257	0.010036	0.0488267	0.503659	0.0194903	0.0100397	0.161222	5.55727
258	0.010036	0.0497916	0.571518	0.023988	0.01033	0.166211	6.32971
259	0.010036	0.0512589	0.63473	0.0284858
