		omega		Posterior		rho				Synonymous theta			kappa			phi	
Site	Lower	Point	Higher	prob of +ve	Lower	Point	Higher		Lower	Point	Higher	Lower	Point	Higher	Lower	Point	Higher
	95% HPD	estimate	95% HPD	selection	95% HPD	estimate	95% HPD		95% HPD	estimate	95% HPD	95% HPD	estimate	95% HPD	95% HPD	estimate	95% HPD
0	0.0132374	0.699708	86.2886	0.427286	0.01064	0.212171	39.1735		0.0155786	0.0263024	0.0434107	1.68891	6.01863	22.0851	28.4511	4.11e+17	1.5825e+30
1	0.0102198	0.585205	62.0294	0.389805	0.0102591	0.196635	33.38
2	0.0102198	0.484342	58.691	0.358321	0.0107719	0.191524	32.682
3	0.0102198	0.402435	55.7441	0.331334	0.01064	0.196203	33.38
4	0.0102198	0.34936	54.108	0.304348	0.01064	0.186742	32.682
5	0.0102198	0.327385	55.7441	0.290855	0.01064	0.181771	32.682
6	0.0100507	0.291182	50.361	0.268366	0.0102591	0.179575	32.682
7	0.0102198	0.23501	44.5701	0.233883	0.0104824	0.171008	32.682
8	0.0102198	0.20373	40.1813	0.205397	0.0102591	0.174066	32.682
9	0.0100507	0.1711	37.1403	0.178411	0.0100656	0.171597	37.9558
10	0.0100507	0.137638	21.8134	0.142429	0.0103836	0.175123	40.9957
11	0.0102198	0.112349	5.64419	0.107946	0.0102591	0.194441	40.9957
12	0.0100507	0.0919065	2.15882	0.0764618	0.0107719	0.217258	46.3422
13	0.0100507	0.073346	0.791742	0.0374813	0.0109863	0.248906	47.4935
14	0.0100507	0.06733	0.59527	0.0254873	0.0109863	0.290508	48.3956
15	0.0100507	0.0632705	0.502018	0.0194903	0.0100152	0.337512	46.4386
16	0.0100507	0.0605952	0.46092	0.0164918	0.0110708	0.341339	55.5494
17	0.0101041	0.0591877	0.448705	0.0164918	0.011809	0.367867	64.7965
18	0.0101041	0.0580613	0.46092	0.0164918	0.0112974	0.386283	65.1199
19	0.0100507	0.0568673	0.40248	0.0134933	0.0100152	0.348588	57.4768
20	0.0101041	0.0553314	0.40248	0.0089955	0.0100152	0.347735	58.1015
21	0.0100507	0.0539648	0.381421	0.00749625	0.0100152	0.338861	57.4768
22	0.0100507	0.052578	0.36445	0.005997	0.0100248	0.302469	55.5494
23	0.0100507	0.0512883	0.343325	0.0029985	0.0100248	0.254723	45.9318
24	0.0100507	0.0518317	0.350313	0.00449775	0.0100248	0.251505	45.9318
25	0.0101787	0.0522309	0.381421	0.00449775	0.0100656	0.226426	40.9957
26	0.0101041	0.0522133	0.381421	0.00449775	0.0100248	0.222675	37.9558
27	0.0101787	0.0517599	0.381421	0.00449775	0.0100248	0.213508	32.3106
28	0.0101041	0.0520673	0.381421	0.00449775	0.0100248	0.21703	32.3106
29	0.0101787	0.0526035	0.381421	0.005997	0.0100248	0.231674	32.682
30	0.0100507	0.0524752	0.381421	0.00749625	0.0100879	0.244488	41.0062
31	0.0100507	0.0514586	0.367398	0.005997	0.0100248	0.254829	45.9318
32	0.0100507	0.0511668	0.350313	0.00749625	0.0100248	0.267344	47.6739
33	0.0102605	0.0514752	0.350313	0.005997	0.010088	0.273599	50.7454
34	0.0102605	0.0523102	0.350313	0.005997	0.0102015	0.279248	51.7757
35	0.0101041	0.0517594	0.350313	0.00749625	0.0100248	0.251819	45.9318
36	0.0101041	0.0518186	0.337409	0.005997	0.0102015	0.219167	41.286
37	0.0100507	0.052622	0.337409	0.005997	0.0101255	0.211838	41.8785
38	0.0100507	0.0538759	0.350313	0.00749625	0.0101255	0.190107	40.9957
39	0.0102605	0.054409	0.349928	0.0029985	0.0101709	0.18414	40.9957
40	0.0101377	0.0549988	0.350313	0.00449775	0.0101255	0.187938	41.286
41	0.0101377	0.0549819	0.380008	0.005997	0.0101255	0.198294	47.6739
42	0.0102605	0.0553624	0.390794	0.00449775	0.0101255	0.200961	47.6739
43	0.0101377	0.0563621	0.394018	0.00449775	0.0101255	0.190889	39.1546
44	0.0100507	0.0584289	0.425815	0.00449775	0.0101255	0.173515	27.9074
45	0.0100507	0.0590487	0.40478	0.005997	0.0101255	0.161717	29.8402
46	0.0101377	0.0594595	0.405238	0.005997	0.0101272	0.154478	25.6134
47	0.010447	0.060838	0.442736	0.005997	0.0101255	0.146091	25.1276
48	0.0100507	0.0650571	0.49094	0.00749625	0.0101255	0.122224	14.3616
49	0.0106555	0.067368	0.53886	0.0089955	0.0101255	0.113817	13.0503
50	0.0105026	0.0694639	0.538468	0.0089955	0.0101053	0.10217	7.43967
51	0.010447	0.0702084	0.536225	0.0089955	0.0101053	0.0955741	5.92234
52	0.010447	0.0731522	0.537619	0.0089955	0.0101255	0.0977886	6.32687
53	0.0104562	0.0771685	0.555621	0.011994	0.0101053	0.0972887	5.92234
54	0.010447	0.0820926	0.609446	0.0224888	0.0101053	0.0950182	5.80205
55	0.0100233	0.0846996	0.642701	0.023988	0.0101053	0.103601	6.79249
56	0.010447	0.0925747	0.816239	0.0329835	0.0101053	0.116916	9.53603
57	0.0100233	0.102935	0.948476	0.0494753	0.0101053	0.128145	13.7402
58	0.010447	0.113377	1.09851	0.053973	0.0101053	0.137081	13.7402
59	0.010447	0.121229	1.17653	0.0629685	0.0101053	0.147232	15.7481
60	0.010597	0.133049	1.44424	0.0764618	0.0101053	0.158541	16.046
61	0.0107282	0.181763	3.20234	0.130435	0.0101255	0.173888	19.4257
62	0.0106555	0.144176	1.68114	0.089955	0.0101053	0.186097	28.1985
63	0.010597	0.124318	1.25465	0.0689655	0.0110843	0.216674	45.6985
64	0.0112345	0.113229	1.23455	0.05997	0.0101709	0.243917	45.7818
65	0.0100106	0.103119	0.946338	0.047976	0.0101709	0.263758	45.7818
66	0.010587	0.0945575	0.923771	0.0389805	0.0101709	0.289684	45.7818
67	0.0100106	0.0858767	0.78953	0.0329835	0.0103871	0.283988	45.7818
68	0.0100106	0.0822027	0.763124	0.029985	0.0103871	0.291463	45.7818
69	0.0100233	0.0745675	0.680796	0.023988	0.0102878	0.281331	45.7818
70	0.0100106	0.071347	0.589076	0.0194903	0.0101255	0.269162	40.5037
71	0.0100106	0.0706461	0.606768	0.0149925	0.0101255	0.251269	28.251
72	0.0100106	0.0690139	0.574356	0.0149925	0.0101255	0.240343	25.7725
73	0.0102634	0.066955	0.559974	0.017991	0.0101255	0.228087	24.1763
74	0.0102634	0.0637419	0.549594	0.017991	0.0101255	0.216835	23.5378
75	0.0100106	0.0628868	0.539407	0.0134933	0.0101255	0.191876	22.5619
76	0.0100106	0.0598935	0.499303	0.0104948	0.0101255	0.175968	16.5653
77	0.0100106	0.0588669	0.49488	0.0104948	0.0101255	0.157808	16.1131
78	0.0100233	0.057101	0.413178	0.0104948	0.0100751	0.150174	15.7598
79	0.0102634	0.0543953	0.378436	0.005997	0.0100751	0.129958	7.67592
80	0.0102634	0.0524971	0.362959	0.005997	0.0100751	0.130326	8.07624
81	0.010587	0.0510244	0.364261	0.00449775	0.0100751	0.13383	9.69349
82	0.010587	0.0508764	0.364261	0.005997	0.0100751	0.130418	9.69349
83	0.0100106	0.0498192	0.335124	0.0029985	0.0100751	0.127315	13.1078
84	0.0102634	0.0501551	0.35633	0.00749625	0.0100751	0.126264	13.1078
85	0.0102634	0.0503329	0.358851	0.011994	0.0100751	0.147108	26.9835
86	0.0102451	0.0476906	0.324138	0.005997	0.0108637	0.179311	38.351
87	0.0102451	0.0473204	0.316426	0.00449775	0.0108637	0.209569	47.7792
88	0.0102451	0.0466418	0.316426	0.00449775	0.010243	0.218152	49.4861
89	0.0100233	0.0455427	0.316426	0.005997	0.0109447	0.234461	53.6979
90	0.0100233	0.0456353	0.316426	0.00749625	0.0100751	0.246738	49.4861
91	0.0102451	0.0453519	0.31321	0.005997	0.0109447	0.243225	49.4861
92	0.0100233	0.044091	0.305063	0.0029985	0.0109447	0.252088	49.4861
93	0.0100233	0.0442308	0.305063	0.0029985	0.0116486	0.249827	49.4861
94	0.0102451	0.0429076	0.29146	0.0029985	0.0107746	0.268952	49.4861
95	0.0102451	0.0429265	0.292139	0.0029985	0.010243	0.289596	49.4861
96	0.0100233	0.0421841	0.264603	0.00149925	0.0116486	0.278555	49.4861
97	0.0100025	0.0414393	0.242975	0	0.0100627	0.302294	43.2536
98	0.0100025	0.0412265	0.239718	0.00149925	0.0100627	0.336297	43.2536
99	0.0102451	0.0413324	0.242975	0.00149925	0.0100627	0.352812	43.7889
100	0.0102451	0.0409833	0.2328	0.0029985	0.010243	0.371165	46.6375
101	0.0100025	0.0418942	0.239718	0.005997	0.0100627	0.391063	43.2536
102	0.010188	0.0406984	0.2328	0.005997	0.0100627	0.368063	37.3865
103	0.0100025	0.0406359	0.218936	0.005997	0.0110926	0.41294	49.4861
104	0.0100025	0.0407393	0.218936	0.005997	0.0105842	0.429198	51.9142
105	0.0100025	0.0408955	0.218936	0.00449775	0.0100627	0.450154	49.4861
106	0.010188	0.0409249	0.218936	0.005997	0.0103671	0.491839	55.2328
107	0.010188	0.04	0.216662	0.00149925	0.0148787	0.551366	84.0037
108	0.0100025	0.040622	0.215032	0.00149925	0.0147015	0.593345	84.0037
109	0.0100025	0.0407606	0.215032	0.00149925	0.0148787	0.612827	83.7633
110	0.0100025	0.0399935	0.210581	0.00149925	0.0145911	0.645726	83.7633
111	0.0100025	0.0404792	0.215032	0.0029985	0.0174739	0.659153	96.2386
112	0.0100025	0.0400253	0.215032	0	0.0174739	0.683095	96.2386
113	0.0100025	0.0401499	0.230162	0	0.017464	0.708039	94.7927
114	0.0100233	0.0405292	0.249609	0.00149925	0.0148787	0.710934	83.0565
115	0.0100233	0.0408024	0.249609	0.00149925	0.0120307	0.670901	66.317
116	0.0100233	0.0411132	0.249609	0.00149925	0.0121812	0.604388	66.317
117	0.0100233	0.0410039	0.249609	0.00149925	0.0120307	0.560818	65.7697
118	0.0100025	0.0407186	0.219067	0	0.0121812	0.544094	65.7697
119	0.0100025	0.0407443	0.230666	0.00149925	0.0135895	0.483902	72.9401
120	0.0100025	0.0408363	0.230162	0.00149925	0.0114627	0.445188	61.5212
121	0.0100025	0.0404773	0.230666	0	0.0114627	0.380747	58.9131
122	0.0100025	0.0404588	0.233487	0.00149925	0.0109096	0.31825	45.0049
123	0.0100873	0.0399133	0.230559	0	0.0110162	0.290486	40.346
124	0.0100684	0.0397131	0.230559	0	0.0109096	0.266512	35.6406
125	0.0100229	0.0399977	0.233487	0.00149925	0.0109096	0.230684	24.4755
126	0.0100229	0.0404488	0.244902	0.0029985	0.0109096	0.213149	17.7612
127	0.0100229	0.0415002	0.262135	0.0104948	0.0110162	0.195122	16.0199
128	0.0100229	0.0411607	0.249609	0.005997	0.0109096	0.192893	16.0199
129	0.0100514	0.0401429	0.233487	0.00449775	0.0110162	0.19838	16.0199
130	0.0100229	0.0398412	0.230559	0.005997	0.0109096	0.232608	20.6278
131	0.0100229	0.0394686	0.230559	0.005997	0.0110162	0.286022	31.3653
132	0.0100229	0.0389236	0.228723	0.00449775	0.0109096	0.293069	27.7587
133	0.0100229	0.0389599	0.230559	0.00449775	0.0110162	0.301833	27.7587
134	0.0100229	0.0389299	0.233487	0.005997	0.0102645	0.279513	24.2521
135	0.0100684	0.0393214	0.230559	0.005997	0.0102645	0.255459	19.5472
136	0.0100229	0.0384782	0.218936	0.00449775	0.0100798	0.240298	16.0277
137	0.0100684	0.0382309	0.230559	0.0029985	0.0100798	0.240304	12.1367
138	0.0100229	0.0382974	0.22612	0.00149925	0.0109096	0.248457	12.8121
139	0.0100229	0.0389613	0.24391	0.0029985	0.0100379	0.252527	12.8121
140	0.0100229	0.038782	0.233487	0.00449775	0.0100379	0.251073	12.1367
141	0.0100229	0.0388777	0.233487	0.00449775	0.0100379	0.269446	14.1289
142	0.0100229	0.0399628	0.24391	0.0029985	0.0103225	0.273405	14.1289
143	0.0100229	0.0410109	0.257707	0.0029985	0.0100379	0.276498	12.8224
144	0.0100229	0.0406063	0.249609	0.0029985	0.0108618	0.271135	12.8224
145	0.0100229	0.0410171	0.249609	0.0029985	0.0103965	0.277176	12.8224
146	0.0100229	0.0418325	0.254843	0.0029985	0.0103225	0.283619	12.8224
147	0.0100229	0.0420388	0.254843	0.0029985	0.0103225	0.252008	11.8374
148	0.0100229	0.0423022	0.263235	0.00149925	0.0100379	0.233062	8.76225
149	0.0100381	0.0432447	0.282569	0.0029985	0.0103225	0.246957	11.6596
150	0.0100229	0.0437593	0.288871	0.00149925	0.0103225	0.258746	11.8374
151	0.0100229	0.0438709	0.29837	0.005997	0.0102264	0.267684	15.6216
152	0.0100229	0.0445549	0.308362	0.005997	0.0103225	0.296915	18.5597
153	0.0100229	0.0454481	0.319942	0.0089955	0.0102264	0.303782	19.1324
154	0.0100229	0.0450858	0.319001	0.00449775	0.0103625	0.301747	18.5597
155	0.0100229	0.0464746	0.396106	0.005997	0.0110162	0.300352	18.5597
156	0.0100229	0.0467513	0.38697	0.005997	0.0110162	0.314649	19.1324
157	0.0100229	0.0457123	0.319942	0.0029985	0.0103625	0.325384	18.5597
158	0.0100229	0.0465487	0.34154	0.0029985	0.0102264	0.357546	21.8515
159	0.0100229	0.0462984	0.34154	0.00449775	0.0102264	0.432842	32.1466
160	0.0100229	0.0464437	0.369269	0.005997	0.0102264	0.484855	40.3455
161	0.0100229	0.0465889	0.362524	0.005997	0.0103133	0.529646	43.4685
162	0.0100229	0.0461004	0.34154	0.00449775	0.0102264	0.569864	43.8335
163	0.0100229	0.0465906	0.361636	0.0029985	0.0110162	0.641016	53.6736
164	0.0100229	0.0467811	0.359426	0.0029985	0.0103965	0.773973	56.2163
165	0.0100229	0.0479364	0.369269	0.005997	0.0130019	0.855994	75.5313
166	0.0100229	0.0509601	0.413218	0.0149925	0.0136752	0.990781	75.5488
167	0.0100229	0.0524349	0.460323	0.0134933	0.0130019	0.992925	75.5313
168	0.0100229	0.0521413	0.490776	0.0134933
