		omega		Posterior		rho				Synonymous theta			kappa			phi	
Site	Lower	Point	Higher	prob of +ve	Lower	Point	Higher		Lower	Point	Higher	Lower	Point	Higher	Lower	Point	Higher
	95% HPD	estimate	95% HPD	selection	95% HPD	estimate	95% HPD		95% HPD	estimate	95% HPD	95% HPD	estimate	95% HPD	95% HPD	estimate	95% HPD
0	0.0100619	0.0333134	0.219756	0.0164918	0.0706091	2.9529	89.9638		0.0533032	0.0628993	0.0773927	2.38842	3.42163	5.27292	0	0	0
1	0.0100619	0.0297117	0.153866	0.005997	0.0551659	2.51629	82.6853
2	0.0100607	0.0282429	0.144131	0	0.0551659	2.19546	90.1647
3	0.0100607	0.0277818	0.13417	0	0.0706091	2.492	76.4695
4	0.0100607	0.0272085	0.109059	0	0.0683312	2.62235	90.4794
5	0.0100607	0.0268144	0.104776	0	0.0706091	2.63443	90.4794
6	0.0100607	0.0263419	0.10047	0	0.0572392	2.56615	82.6853
7	0.0100619	0.0255839	0.0982026	0	0.0558852	2.6118	82.6853
8	0.0100607	0.0258336	0.104776	0.00149925	0.0572392	2.84229	85.7072
9	0.0100552	0.0259112	0.117932	0.00449775	0.0577853	3.04228	85.7072
10	0.0100552	0.0250957	0.117932	0.00749625	0.0601226	2.91482	89.8734
11	0.0100552	0.0241216	0.097862	0.00149925	0.0601226	3.29428	90.4794
12	0.0100552	0.0238685	0.0921258	0.00149925	0.0577853	3.5703	89.5752
13	0.0100552	0.0233145	0.0823882	0	0.0706091	4.91313	90.4794
14	0.0100607	0.0234199	0.097862	0	0.0678481	5.93516	82.6853
15	0.0100552	0.0233905	0.0921258	0	0.111892	6.10562	96.8205
16	0.0100552	0.0232419	0.0970316	0	0.145191	6.56434	93.2683
17	0.0100552	0.0229727	0.0882851	0	0.119829	6.36656	90.4794
18	0.0100552	0.0226646	0.0871749	0	0.119829	6.34998	90.4794
19	0.0100552	0.0224968	0.0752128	0	0.119829	6.04375	90.907
20	0.0100552	0.0230766	0.0882851	0	0.119829	5.8395	90.907
21	0.0100552	0.0224004	0.0745613	0	0.257235	6.73593	90.907
22	0.0100607	0.0221923	0.0721403	0	0.273599	6.86594	96.8205
23	0.0100552	0.0220117	0.0710935	0	0.310669	6.93274	96.8205
24	0.0100552	0.0220793	0.0710935	0	0.334109	6.79652	96.8205
25	0.0100607	0.0221334	0.0721403	0	0.209889	5.97376	96.8205
26	0.0100552	0.0218707	0.0710221	0	0.214602	5.78527	90.907
27	0.0100552	0.0221271	0.0710221	0	0.148138	5.29145	90.907
28	0.0100552	0.0219242	0.0668971	0	0.0911317	4.83027	85.8652
29	0.0100607	0.0218062	0.0664062	0	0.08055	4.54873	90.907
30	0.0100619	0.0217651	0.0664062	0	0.0676596	3.96676	94.0814
31	0.0100552	0.0216301	0.0648886	0	0.0378718	3.13014	94.0814
32	0.0100552	0.0215211	0.0648886	0	0.0290316	2.70172	94.0814
33	0.0100552	0.0215063	0.0648886	0	0.0290316	2.08102	94.0814
34	0.0100552	0.0213994	0.0626455	0	0.0290316	1.73568	94.0814
35	0.0100552	0.0215208	0.0628981	0	0.0189565	1.50976	66.045
36	0.0100552	0.0217279	0.0648886	0	0.020756	1.35874	76.6606
37	0.0100913	0.0218269	0.0664062	0	0.021031	1.34498	76.6606
38	0.0100913	0.0216301	0.0664062	0	0.021031	1.19731	76.6606
39	0.0100552	0.0217908	0.0664062	0	0.0202547	1.14783	76.6606
40	0.0100552	0.0220045	0.0714022	0	0.0241517	1.22447	85.388
41	0.0100552	0.0220907	0.0713054	0	0.0251269	1.20639	90.4094
42	0.0100552	0.0219698	0.0668971	0	0.0158159	1.08368	66.045
43	0.0100607	0.022128	0.0738288	0	0.0189565	0.918054	64.8596
44	0.0100552	0.0221704	0.0752128	0	0.0150125	0.747483	48.5241
45	0.0101449	0.0227948	0.087773	0	0.0101838	0.625973	26.6686
46	0.0101449	0.0231531	0.087773	0	0.0101061	0.463244	16.4984
47	0.0101449	0.0231929	0.087773	0	0.010035	0.312585	15.0594
48	0.0101449	0.023338	0.087773	0	0.010035	0.241246	12.2856
49	0.0101449	0.0236679	0.087773	0	0.010035	0.21845	5.92646
50	0.0101449	0.0237463	0.087773	0	0.010035	0.203942	3.18955
51	0.0101449	0.0237056	0.087773	0	0.010035	0.188773	2.0363
52	0.0100607	0.0235703	0.0860318	0	0.010035	0.179885	1.71846
53	0.0100607	0.023486	0.0860318	0	0.010035	0.172055	1.10071
54	0.0101449	0.0236055	0.087773	0	0.010035	0.179773	1.10071
55	0.0101449	0.0237683	0.087773	0	0.010035	0.1784	1.02943
56	0.0101449	0.0235628	0.087773	0	0.010035	0.174192	0.951279
57	0.0100987	0.0243588	0.10047	0.0089955	0.0109089	0.176699	1.02947
58	0.0101449	0.0235007	0.087773	0	0.0109089	0.182954	1.02947
59	0.0100987	0.0240788	0.0882992	0.00149925	0.0109098	0.192662	0.997255
60	0.0100987	0.0236555	0.087773	0.00149925	0.0109098	0.19178	0.997255
61	0.0100987	0.0234759	0.087773	0	0.0109098	0.210534	0.997255
62	0.0100987	0.02403	0.0882992	0	0.0126581	0.215146	1.10071
63	0.0100987	0.0239494	0.0882992	0	0.0136719	0.222517	1.09695
64	0.0101449	0.0236652	0.087773	0	0.0148312	0.239643	1.05864
65	0.0101449	0.0237507	0.087773	0	0.0168175	0.255711	1.05864
66	0.0101449	0.0237579	0.087773	0.00149925	0.0168552	0.273616	1.05864
67	0.0101449	0.0239573	0.087773	0.00149925	0.0168552	0.283599	1.05663
68	0.0100092	0.0238346	0.0864403	0.00149925	0.0168552	0.30771	1.08589
69	0.0100206	0.0245642	0.0882992	0.0029985	0.0168552	0.32295	1.16219
70	0.0100092	0.0243642	0.087773	0	0.0185577	0.329428	1.37227
71	0.0100987	0.0242044	0.0882992	0	0.0185577	0.336506	1.37998
72	0.0100092	0.0246607	0.0880194	0	0.0337455	0.36461	2.44701
73	0.0100092	0.0248041	0.0897565	0	0.0168552	0.378049	1.37227
74	0.0100092	0.0247901	0.0897565	0	0.076408	0.427333	2.44701
75	0.0100092	0.025192	0.0989643	0	0.111402	0.443187	2.44701
76	0.0100206	0.0256893	0.101161	0	0.0792335	0.424376	2.44701
77	0.0100206	0.0259126	0.102015	0	0.0927042	0.437344	2.44701
78	0.0100092	0.0262501	0.102572	0	0.102443	0.43862	2.44701
79	0.0100092	0.026743	0.102572	0	0.076408	0.391856	2.44701
80	0.0100987	0.0272015	0.10646	0	0.0257892	0.255106	1.33076
81	0.0100092	0.0272082	0.106173	0	0.0151162	0.187295	1.26547
82	0.0100092	0.0280631	0.118391	0	0.0102069	0.140343	0.711687
83	0.0100092	0.0282107	0.123647	0	0.0107857	0.114867	0.661447
84	0.0100987	0.029194	0.132092	0	0.0111168	0.0890104	0.609658
85	0.0101238	0.0306241	0.147588	0.00749625	0.0102069	0.0745821	0.45038
86	0.0100987	0.0298705	0.139433	0	0.0102069	0.0693461	0.423487
87	0.0100987	0.0305591	0.140346	0	0.0102794	0.0649877	0.388505
88	0.0101212	0.0312171	0.147588	0	0.0102069	0.059011	0.373092
89	0.0100987	0.0314788	0.148553	0	0.0102069	0.0551718	0.354745
90	0.0100987	0.0326437	0.160781	0.00149925	0.0102069	0.053055	0.309805
91	0.0100987	0.0330037	0.161101	0.00149925	0.0102794	0.0504741	0.321051
92	0.0100987	0.0341242	0.162537	0.00149925	0.0102069	0.049397	0.321051
93	0.0100987	0.0352539	0.165766	0	0.0102794	0.0466285	0.309079
94	0.0100987	0.0368743	0.170432	0	0.0102069	0.0441477	0.277211
95	0.0100987	0.0386068	0.187858	0.00149925	0.0100783	0.0429349	0.230486
96	0.0100987	0.0397174	0.222721	0.0029985	0.0100783	0.0409507	0.191278
97	0.0100987	0.0400859	0.238176	0.0029985	0.0102069	0.0407415	0.191278
98	0.0101212	0.0417443	0.249077	0.00749625	0.0102069	0.0400329	0.190292
99	0.0101564	0.0441425	0.270027	0.0104948	0.0102069	0.0396602	0.187718
100	0.0101212	0.0468047	0.285187	0.0104948	0.0102069	0.0396785	0.186992
101	0.0101564	0.0529287	0.449542	0.0224888	0.0102069	0.0393627	0.170001
102	0.0101212	0.0501583	0.341246	0.017991	0.0102069	0.0382703	0.158517
103	0.0101212	0.0451988	0.244339	0.0089955	0.0102069	0.0371883	0.156116
104	0.0101212	0.0447372	0.224013	0.00749625	0.0102069	0.0362731	0.152845
105	0.0101212	0.0436995	0.204796	0.0029985	0.0100783	0.0357537	0.14241
106	0.0101212	0.0443628	0.224013	0	0.0102069	0.0353702	0.141264
107	0.0101212	0.0446339	0.222721	0.00149925	0.0102069	0.0351294	0.141264
108	0.0101212	0.0441838	0.204796	0	0.0102069	0.0355435	0.151504
109	0.0101212	0.0434633	0.201501	0	0.0102069	0.0357654	0.152845
110	0.0101212	0.0432205	0.193515	0	0.0100783	0.0353738	0.14241
111	0.0101212	0.0430583	0.18336	0	0.0102062	0.0351114	0.14241
112	0.0101212	0.0422379	0.197974	0	0.0102062	0.0368546	0.152845
113	0.0101212	0.0419785	0.193515	0	0.0102411	0.0377816	0.156934
114	0.0101212	0.0417494	0.193515	0	0.0102062	0.0399993	0.168001
115	0.0101212	0.0409757	0.179196	0	0.0102411	0.0419394	0.179479
116	0.0101212	0.0402214	0.169557	0	0.0101854	0.0429533	0.185511
117	0.0101212	0.0401247	0.169557	0	0.0101854	0.0436808	0.191317
118	0.0101567	0.0408971	0.18336	0	0.0101854	0.0462164	0.264787
119	0.0101567	0.0409359	0.192761	0	0.0101854	0.04805	0.269598
120	0.0101567	0.0414821	0.193515	0	0.0103723	0.0516643	0.290955
121	0.0101567	0.0415492	0.193515	0	0.0101854	0.0552168	0.296735
122	0.0101567	0.0414583	0.201501	0	0.0103723	0.057623	0.343753
123	0.0101567	0.0422095	0.217484	0	0.0101854	0.0586187	0.357783
124	0.0105286	0.042853	0.245696	0	0.0103723	0.0616462	0.38603
125	0.0101567	0.0434126	0.239998	0	0.0102062	0.0623766	0.349018
126	0.0101567	0.0438166	0.238521	0.00149925	0.0102062	0.0647841	0.365846
127	0.0101567	0.0454315	0.239998	0.00149925	0.0102062	0.0678162	0.4597
128	0.0101567	0.0464161	0.241484	0.0029985	0.0103723	0.0698338	0.466029
129	0.0101567	0.0474953	0.243532	0.0029985	0.0102062	0.0745933	0.483755
130	0.0101567	0.0484729	0.274799	0.0029985	0.0103723	0.0837627	0.522533
131	0.0101567	0.0516373	0.303219	0.0029985	0.0102062	0.102244	0.69845
132	0.0101567	0.0533501	0.30654	0.0029985	0.0103723	0.112733	0.69845
133	0.0101567	0.0593053	0.334951	0.00449775	0.0139062	0.120811	0.898434
134	0.0101593	0.0635473	0.350805	0.00449775	0.0139062	0.127248	0.927006
135	0.0105209	0.0686591	0.433591	0.00449775	0.0103778	0.142813	0.7371
136	0.0105209	0.0724466	0.459088	0.00749625	0.0103843	0.143962	0.7371
137	0.0117644	0.0830445	0.533628	0.0089955	0.0106523	0.152665	0.817109
138	0.0117644	0.108065	0.975891	0.0449775	0.0103778	0.157278	0.840275
139	0.0129285	0.0923446	0.645183	0.011994	0.0100641	0.166048	0.927006
140	0.0119189	0.0891457	0.592196	0.0089955	0.0174267	0.175291	1.66508
141	0.0117644	0.0873432	0.561301	0.00449775	0.0169369	0.188134	1.55711
142	0.0119189	0.0848453	0.561301	0.00449775	0.0174267	0.2015	1.55969
143	0.0105209	0.0838116	0.477015	0.00749625	0.0209496	0.22142	1.73753
144	0.0117644	0.0801655	0.459088	0.00449775	0.0250819	0.230562	2.00208
145	0.0117644	0.0793256	0.412665	0.00149925	0.0221155	0.2345	1.66508
146	0.0117644	0.0796552	0.412665	0.0029985	0.0316251	0.241967	2.02037
147	0.0117644	0.0799322	0.450082	0.005997	0.035075	0.247831	1.66508
148	0.0117644	0.0821085	0.450082	0.005997	0.035801	0.24534	1.66508
149	0.0105286	0.0829271	0.412665	0.005997	0.035801	0.236943	1.73753
150	0.0105209	0.0785062	0.348802	0.00149925	0.0187084	0.205646	1.62038
151	0.0105209	0.0727764	0.327846	0.00149925	0.0187084	0.189216	1.62038
152	0.0112321	0.0669318	0.327846	0.0029985	0.0187084	0.184574	1.72635
153	0.0115021	0.0626596	0.321794	0.0029985	0.0106523	0.181378	1.07943
154	0.0115021	0.0574121	0.303533	0	0.0106523	0.165947	0.840275
155	0.0115021	0.0558904	0.30654	0	0.0122604	0.165508	0.927006
156	0.0101268	0.0517044	0.257717	0.00149925	0.0100641	0.159016	0.756999
157	0.0108481	0.0488566	0.241763	0.00149925	0.0100641	0.159347	0.756999
158	0.0110493	0.0481876	0.241763	0.00149925	0.0106523	0.156348	0.757125
159	0.0114483	0.04796	0.241763	0.00149925	0.0106523	0.154244	0.757125
160	0.0114483	0.0476795	0.253441	0	0.0106523	0.148429	0.641175
161	0.0114483	0.0467512	0.241763	0	0.0119285	0.143728	0.641175
162	0.0114483	0.0454985	0.2354	0	0.0119141	0.139903	0.583599
163	0.0114483	0.0444267	0.224316	0.00149925	0.0156231	0.133316	0.617251
164	0.0114483	0.0468147	0.237946	0.011994	0.016045	0.130044	0.565393
165	0.0108481	0.0444342	0.214131	0	0.016045	0.129412	0.499824
166	0.0115021	0.0446069	0.230002	0.0029985	0.016045	0.129176	0.499824
167	0.0117644	0.0447731	0.221377	0.00149925	0.016045	0.125352	0.466404
168	0.0115379	0.0450319	0.221377	0.00149925	0.0156231	0.12477	0.453284
169	0.0115379	0.0436732	0.221377	0	0.016045	0.123073	0.428607
170	0.0109518	0.0433496	0.214329	0	0.0145243	0.119852	0.428607
171	0.0108481	0.0434317	0.214131	0	0.0142673	0.115182	0.428607
172	0.0108909	0.04287	0.214329	0	0.0146496	0.114483	0.431286
173	0.0100622	0.0424643	0.198712	0.00149925	0.0156231	0.109974	0.431286
174	0.0101772	0.0420392	0.198712	0.00149925	0.0145243	0.108309	0.426838
175	0.0100622	0.0417186	0.188714	0.00149925	0.0156231	0.105131	0.419944
176	0.0100622	0.0415691	0.184159	0	0.0142673	0.102734	0.373579
177	0.0100622	0.0418762	0.198712	0	0.0114333	0.0992594	0.29494
178	0.0105286	0.042371	0.214059	0	0.0114333	0.0953199	0.286543
179	0.0100435	0.0427069	0.207197	0	0.0114333	0.0918546	0.284535
180	0.0105286	0.0432512	0.221377	0	0.0101908	0.0880406	0.256558
181	0.0100435	0.0430075	0.207197	0.00149925	0.0114748	0.0876076	0.288087
182	0.0100435	0.0419582	0.197267	0	0.0104861	0.0872697	0.254102
183	0.0100435	0.0414466	0.171351	0	0.0119141	0.0878964	0.288087
184	0.0100435	0.0416141	0.163732	0	0.0122264	0.0871037	0.286543
185	0.0100751	0.0419079	0.160449	0	0.0114748	0.0864158	0.274036
186	0.0100435	0.0429215	0.162755	0	0.0113221	0.0879651	0.256558
187	0.0100435	0.0438381	0.181778	0	0.0114748	0.0899603	0.256558
188	0.0100622	0.0444931	0.189106	0	0.0131095	0.0933352	0.29494
189	0.0100622	0.0436525	0.171351	0	0.0133662	0.0950501	0.30569
190	0.0100622	0.0437614	0.171351	0	0.0140832	0.0951716	0.333369
191	0.0100622	0.045419	0.181778	0	0.0139804	0.0954036	0.333369
192	0.0100622	0.0467006	0.189106	0	0.0139804	0.0957021	0.333369
193	0.0103295	0.0475784	0.214059	0	0.0139804	0.0983957	0.344422
194	0.010151	0.0495117	0.232311	0	0.0105458	0.0990108	0.286543
195	0.0103295	0.052081	0.275897	0	0.0139804	0.101223	0.373579
196	0.0100622	0.0525243	0.275897	0	0.0139804	0.101885	0.363622
197	0.0103295	0.0529667	0.275897	0	0.0139804	0.104566	0.400908
198	0.0103295	0.0525991	0.274359	0	0.0113221	0.116379	0.415919
199	0.0127591	0.0544251	0.33507	0	0.0118509	0.121787	0.471533
200	0.0124937	0.0555013	0.33507	0	0.0113221	0.126188	0.475061
201	0.0104539	0.0596312	0.33507	0.00149925	0.0113221	0.127498	0.475061
202	0.0104539	0.0637187	0.371521	0.00449775	0.0118724	0.128764	0.594522
203	0.0104539	0.0649395	0.371521	0.00449775	0.0130501	0.128291	0.664162
204	0.010152	0.0659559	0.373623	0.00449775	0.0139804	0.12842	0.664162
205	0.0105286	0.0678906	0.432739	0.005997	0.0134501	0.128934	0.664162
206	0.0104539	0.0706675	0.450145	0.011994	0.0122264	0.126702	0.664162
207	0.0104539	0.0664243	0.432739	0.00449775	0.0101615	0.124307	0.471533
208	0.0100622	0.0635371	0.373623	0.00149925	0.0108344	0.125252	0.594522
209	0.0104539	0.0603561	0.371521	0.00149925	0.0113221	0.12303	0.594522
210	0.0104539	0.0548607	0.323947	0	0.0113221	0.122967	0.664162
211	0.0100511	0.0511542	0.277789	0	0.0108344	0.113164	0.38091
212	0.0103768	0.0490837	0.262983	0	0.0139804	0.108633	0.421274
213	0.0100511	0.0468568	0.214329	0	0.0113554	0.105353	0.319446
214	0.0100511	0.0458163	0.192611	0	0.0134501	0.104608	0.359125
215	0.0100622	0.0440384	0.17035	0	0.0108344	0.102835	0.320403
216	0.0100622	0.0432302	0.165154	0	0.0114553	0.10035	0.319446
217	0.0100511	0.0412246	0.160388	0	0.0139804	0.0994356	0.418505
218	0.0100511	0.0412727	0.160617	0	0.0114553	0.0967234	0.320403
219	0.0100336	0.0404374	0.159121	0	0.0139695	0.0960741	0.38091
220	0.0100511	0.04106	0.162755	0	0.0139695	0.0927575	0.38091
221	0.0100336	0.0412065	0.162755	0	0.0139695	0.0906531	0.371626
222	0.0100336	0.0411174	0.163673	0	0.0139695	0.0896294	0.371626
223	0.0100511	0.0410075	0.165154	0	0.0101615	0.0910938	0.298054
224	0.0101581	0.0404775	0.165154	0	0.0139695	0.0911708	0.415359
225	0.0108135	0.0405102	0.173783	0	0.0116297	0.0891742	0.293458
226	0.010787	0.0403838	0.17295	0	0.0108344	0.0918862	0.293458
227	0.010787	0.0403634	0.173783	0	0.0114553	0.0914545	0.320403
228	0.0103768	0.0405973	0.169754	0	0.0134501	0.0880178	0.362017
229	0.0103507	0.0412167	0.17035	0	0.0124781	0.0868016	0.36153
230	0.0101272	0.0415859	0.17035	0	0.0116761	0.0835901	0.320403
231	0.0100511	0.042695	0.17295	0	0.0120834	0.0832082	0.320403
232	0.0100511	0.0441368	0.179815	0	0.0116761	0.0828423	0.317811
233	0.0100511	0.0442606	0.179815	0	0.0108344	0.0828248	0.293458
234	0.0100511	0.0446095	0.179815	0	0.0116761	0.0834568	0.317811
235	0.0100511	0.0449102	0.181273	0	0.0109696	0.0781088	0.30569
236	0.0100511	0.0456896	0.1922	0	0.0104367	0.0794785	0.320403
237	0.0100511	0.0465389	0.206799	0	0.0109696	0.0776217	0.317811
238	0.0100511	0.0490073	0.220791	0	0.0109696	0.0752065	0.290292
239	0.0100692	0.0503216	0.241033	0	0.0109696	0.0731271	0.266412
240	0.0100511	0.0519394	0.259911	0	0.0114553	0.0718761	0.25921
241	0.0100511	0.054217	0.271592	0	0.0109696	0.0735193	0.279668
242	0.0100511	0.0556432	0.289121	0	0.0109696	0.074742	0.279668
243	0.0100511	0.0569994	0.308866	0	0.0109696	0.0781161	0.318319
244	0.0100511	0.0578066	0.308866	0	0.0120834	0.0768862	0.325654
245	0.0100511	0.0583526	0.293646	0	0.0120834	0.0749581	0.325654
246	0.0100511	0.0637894	0.336672	0	0.0122744	0.0740476	0.318319
247	0.0100511	0.0663356	0.355331	0	0.0122744	0.0749442	0.318319
248	0.0100511	0.0703524	0.390727	0.0029985	0.0120834	0.0727761	0.292485
249	0.0100511	0.0747669	0.405006	0.0029985	0.0114553	0.0730479	0.292485
250	0.0116784	0.0783942	0.470895	0.0029985	0.0120834	0.0739979	0.318319
251	0.0122315	0.0795563	0.470895	0	0.0114553	0.0752815	0.292485
252	0.0129018	0.0921134	0.559411	0.0104948	0.0120834	0.0752077	0.326417
253	0.0135256	0.102733	0.662042	0.0164918	0.0114734	0.0746617	0.318319
254	0.0135963	0.116292	0.755796	0.0164918	0.0114734	0.0753337	0.318319
255	0.0180906	0.134008	1.08251	0.023988	0.0114553	0.0759747	0.326417
256	0.0349178	0.179662	1.08251	0.0344828	0.0114553	0.0763581	0.343579
257	0.0334901	0.181343	1.08251	0.0344828	0.0114553	0.0856752	0.479519
258	0.033283	0.178874	1.08251	0.0314843	0.0114553	0.0871179	0.454757
259	0.0372088	0.183579	1.08251	0.0269865	0.0139804	0.0894168	0.544148
260	0.0342238	0.177548	1.06654	0.0284858	0.0134501	0.0930193	0.539727
261	0.0334901	0.173675	1.06654	0.0284858	0.0114553	0.0997578	0.544148
262	0.0318792	0.172471	1.06654	0.0269865	0.0114553	0.114133	0.940654
263	0.0286029	0.171319	1.06654	0.029985	0.0116761	0.123499	1.36185
264	0.0304928	0.168396	1.06654	0.0269865	0.0114553	0.137717	12.2741
265	0.0269424	0.163151	1.06654	0.0269865	0.0114553	0.138883	12.2741
266	0.0269424	0.162182	1.06654	0.0254873	0.0114553	0.142301	17.0208
267	0.0254758	0.161717	1.06654	0.023988	0.0114553	0.144732	18.6843
268	0.0243279	0.162026	1.06654	0.0269865	0.0114553	0.145225	18.6843
269	0.0222024	0.16207	1.06654	0.029985	0.0107805	0.133767	10.7885
270	0.0217247	0.173657	1.31178	0.0389805	0.0107805	0.131045	9.38117
271	0.0160295	0.180432	1.06654	0.0524738	0.0107805	0.127899	9.38117
272	0.0109499	0.124975	0.679527	0.0134933	0.0139804	0.0828874	0.571634
273	0.0109499	0.105745	0.617693	0.00749625	0.012943	0.0737958	0.445207
274	0.0112874	0.0900907	0.617693	0.005997	0.0120834	0.0692686	0.368619
275	0.01044	0.0779255	0.563748	0.0104948	0.0134501	0.0678771	0.378634
276	0.0100582	0.0694938	0.499291	0.005997	0.0139804	0.0665257	0.383066
277	0.0100582	0.0642761	0.470895	0.0029985	0.0127776	0.0643068	0.368619
278	0.01044	0.0617711	0.436356	0.00449775	0.0119692	0.061171	0.339544
279	0.01044	0.0534521	0.390541	0.00149925	0.0110048	0.0597648	0.300204
280	0.0102748	0.0488004	0.327685	0.00149925	0.0119692	0.0579285	0.318319
281	0.0100582	0.0438117	0.292772	0.00149925	0.0114553	0.0563923	0.300204
282	0.0101798	0.0410554	0.271583	0	0.0110048	0.0538883	0.263671
283	0.0102748	0.039564	0.269416	0	0.0110048	0.0532885	0.261576
284	0.0101798	0.0378364	0.252088	0	0.0119692	0.0524998	0.271782
285	0.0102748	0.0375005	0.252088	0	0.0107805	0.0545377	0.263671
286	0.0100582	0.0363513	0.252088	0	0.0107805	0.0504444	0.241947
287	0.0100122	0.0357005	0.228246	0	0.0107805	0.0477357	0.221064
288	0.0100122	0.0354631	0.228246	0	0.0107805	0.0473029	0.221064
289	0.0100122	0.0348084	0.218169	0	0.0107805	0.0469655	0.225377
290	0.0100122	0.033917	0.214151	0	0.0107805	0.046702	0.221064
291	0.0100122	0.0335637	0.204834	0	0.0108596	0.0460409	0.212256
292	0.0100122	0.0334206	0.220332	0	0.0109003	0.0466069	0.211862
293	0.0100122	0.0360946	0.269416	0.00749625	0.0108596	0.0470048	0.212256
294	0.0100122	0.0337286	0.228246	0	0.0107805	0.0465956	0.200584
295	0.0100122	0.0319279	0.198454	0	0.0108596	0.0461692	0.197259
296	0.0100122	0.0309295	0.183254	0	0.0107805	0.0463533	0.200584
297	0.0100122	0.02983	0.157567	0	0.0109003	0.0469263	0.211273
298	0.0100122	0.0294867	0.157567	0	0.0107805	0.0459679	0.200584
299	0.0100122	0.0284802	0.129171	0	0.0108596	0.04608	0.212256
300	0.0100122	0.028305	0.118896	0	0.0107805	0.0455034	0.215181
301	0.0100122	0.0279899	0.103539	0	0.0107513	0.0459988	0.215181
302	0.0100122	0.0274988	0.0999694	0	0.0100592	0.0486365	0.219814
303	0.0100122	0.0272268	0.0999694	0	0.0108596	0.0453048	0.221064
304	0.0100122	0.0270249	0.099136	0	0.0100592	0.0463777	0.230895
305	0.0100122	0.0268701	0.0956208	0	0.010098	0.046702	0.238291
306	0.0100122	0.0267577	0.0956208	0	0.0100592	0.0466977	0.238291
307	0.0100122	0.0262136	0.0916778	0	0.010098	0.0472517	0.247898
308	0.0100122	0.0257559	0.0855021	0	0.0100592	0.0474609	0.26422
309	0.0100122	0.0254613	0.0828089	0	0.010098	0.0487296	0.283579
310	0.0100122	0.0256427	0.0836726	0	0.0100592	0.0484954	0.301112
311	0.0100122	0.0258345	0.0855021	0	0.0100592	0.0481432	0.301112
312	0.0100122	0.0259012	0.0875466	0	0.0100592	0.0495508	0.35655
313	0.0100122	0.0259542	0.0857603	0	0.0100592	0.0526342	0.421658
314	0.0100122	0.0260116	0.0857603	0	0.0100592	0.0487403	0.330046
315	0.0100122	0.0258753	0.0875466	0	0.0100592	0.0487817	0.302875
316	0.0100122	0.026165	0.0883235	0	0.0100901	0.0482212	0.302875
317	0.0100122	0.0264829	0.0909474	0	0.0100592	0.0460037	0.283579
318	0.0100122	0.026272	0.0909474	0	0.0100592	0.0457976	0.283579
319	0.0100122	0.0263187	0.0909474	0	0.0100901	0.0446495	0.283579
320	0.0100122	0.0265413	0.0909474	0.00149925	0.0105238	0.044151	0.290594
321	0.0100122	0.0264609	0.0909474	0.00149925	0.0105238	0.0436752	0.290594
322	0.0100122	0.0259596	0.0876817	0	0.0105238	0.0439771	0.290594
323	0.0100122	0.0253407	0.0836726	0	0.0105238	0.0447493	0.302875
324	0.0100122	0.0255317	0.0857603	0	0.0105238	0.0460071	0.302875
325	0.0100122	0.0251695	0.0857603	0	0.0107513	0.046469	0.302875
326	0.0100122	0.0254514	0.0883235	0	0.0107513	0.0460299	0.302875
327	0.0100122	0.0253277	0.0883235	0	0.0107513	0.0459468	0.302875
328	0.0100122	0.0258909	0.0916778	0	0.0105238	0.0458587	0.302875
329	0.0100122	0.0257285	0.0887058	0	0.010098	0.0471718	0.302875
330	0.0100122	0.0254392	0.0883235	0	0.010098	0.0506559	0.540731
331	0.0100122	0.0252832	0.0883235	0	0.0100592	0.0486881	0.305714
332	0.0100122	0.0253312	0.0883235	0	0.0102941	0.0472735	0.283579
333	0.0100122	0.0253355	0.0887058	0	0.0100592	0.0473703	0.283579
334	0.0100122	0.0250973	0.0883235	0	0.010098	0.0481841	0.298643
335	0.0100122	0.0250077	0.0876817	0	0.0100592	0.0491815	0.338815
336	0.0100122	0.0251662	0.0883235	0	0.0100592	0.0495425	0.34141
337	0.0100122	0.0252773	0.0883235	0	0.0100592	0.0504046	0.406607
338	0.0100122	0.0253562	0.0883235	0	0.010098	0.0504433	0.511361
339	0.0100094	0.0256954	0.0883235	0	0.0100592	0.0511199	0.565947
340	0.0100122	0.0259012	0.0916778	0	0.0100592	0.049754	0.413578
341	0.0100122	0.0262725	0.0916778	0	0.0100592	0.053719	0.725212
342	0.0100122	0.0260087	0.0916778	0	0.0100592	0.0574352	1.56233
343	0.0100094	0.0259479	0.089506	0	0.0100592	0.0601	2.51539
344	0.0100094	0.0270626	0.0931878	0.0089955	0.0100392	0.06299	3.61424
345	0.0100094	0.0267533	0.0954354	0	0.0100392	0.0631932	3.11684
346	0.0100094	0.0268005	0.0954354	0	0.0100218	0.0579924	2.35102
347	0.0100094	0.0272506	0.107352	0	0.0100218	0.0577349	2.35102
348	0.0100094	0.0275139	0.107799	0.00149925	0.0100218	0.0577496	2.3092
349	0.0100122	0.0276015	0.107799	0.00149925	0.0100218	0.0576626	2.3092
350	0.0100122	0.027553	0.107799	0.00149925	0.0100218	0.0577734	2.51539
351	0.0100094	0.027687	0.109015	0.00149925	0.0100218	0.0582443	2.51539
352	0.0100122	0.0287663	0.114192	0.0134933	0.0100218	0.0606914	2.58665
353	0.0100122	0.0266918	0.107799	0.00149925	0.0100218	0.0598362	2.58665
354	0.0100094	0.0263392	0.0996729	0	0.0100218	0.060106	3.86606
355	0.0100094	0.0260732	0.0943165	0	0.0103998	0.0627886	5.1241
356	0.0100094	0.0262484	0.0954354	0.0029985	0.0100218	0.0617825	4.09844
357	0.0100094	0.0260502	0.0996729	0.0029985	0.0100218	0.061793	4.09844
358	0.0100094	0.0260357	0.101745	0.0029985	0.0100592	0.0638481	3.95306
359	0.0100094	0.0266468	0.107799	0.00449775	0.0103998	0.0632347	4.09844
360	0.0100094	0.0262435	0.107799	0.0029985	0.0100618	0.0631383	3.95306
361	0.0100094	0.0255961	0.107352	0.0029985	0.0100592	0.0610215	3.36332
362	0.0100094	0.0254425	0.104574	0.0029985	0.0100592	0.0598005	1.79113
363	0.0100094	0.0250103	0.0954354	0	0.0103998	0.0529915	1.20124
364	0.0100094	0.0250993	0.0954354	0	0.0103998	0.0534011	1.22933
365	0.0100094	0.0248921	0.0931967	0	0.0100592	0.0548401	1.36303
366	0.0100094	0.0249232	0.0931967	0	0.0100592	0.0546212	1.36303
367	0.0100094	0.0247485	0.0923974	0	0.0100592	0.054716	1.36303
368	0.0100094	0.024783	0.0931967	0	0.0100592	0.0543335	1.36303
369	0.0100094	0.0246939	0.0923974	0	0.0100592	0.0525205	1.20124
370	0.0100094	0.0250129	0.0953568	0	0.0100592	0.0506082	0.789781
371	0.0100094	0.0249203	0.0954354	0	0.0100592	0.0508729	0.789781
372	0.0100094	0.0248711	0.0953568	0	0.0100592	0.0501592	0.555278
373	0.0100094	0.0250859	0.0996729	0	0.0100592	0.0495089	0.555278
374	0.0100122	0.0251478	0.101586	0	0.0100883	0.0479179	0.45229
375	0.0100122	0.0253128	0.101586	0	0.0100592	0.0470101	0.424995
376	0.0100094	0.0254113	0.0996729	0.00149925	0.0103998	0.0458133	0.402509
377	0.0100094	0.02506	0.0905679	0	0.0100883	0.0470952	0.402509
378	0.0100122	0.0251235	0.0892802	0	0.0103998	0.0462459	0.39913
379	0.0100122	0.0249035	0.0879752	0	0.0105219	0.0442682	0.296733
380	0.0100094	0.0247048	0.0875466	0	0.0100592	0.0431149	0.248141
381	0.0100094	0.0244047	0.0804398	0	0.0100592	0.04348	0.246518
382	0.0100094	0.0238444	0.0782322	0	0.0100592	0.0436921	0.246518
383	0.0100094	0.0243739	0.0836726	0	0.0103998	0.043289	0.245703
384	0.0100094	0.0245405	0.0838338	0	0.0103998	0.042351	0.239733
385	0.0100133	0.0242294	0.0838338	0	0.0103998	0.0424483	0.239733
386	0.0100133	0.0240114	0.0804398	0	0.0103998	0.0427857	0.239733
387	0.0100133	0.0239052	0.084492	0	0.0103998	0.0422582	0.239733
388	0.0100133	0.0236206	0.0838338	0	0.0102593	0.0420367	0.239733
389	0.010022	0.0238902	0.084492	0	0.0103998	0.0427201	0.248141
390	0.010022	0.0239548	0.0867561	0	0.0100592	0.0435817	0.248141
391	0.010022	0.0238345	0.0804398	0.0029985	0.0100883	0.0439813	0.248141
392	0.010022	0.0234792	0.0782322	0	0.0102593	0.044859	0.259155
393	0.010022	0.02354	0.0793687	0	0.0100592	0.0472714	0.27329
394	0.010022	0.023709	0.0804398	0	0.0100883	0.0503475	0.300219
395	0.010022	0.0236922	0.0804398	0	0.0100883	0.0518633	0.300219
396	0.010022	0.0243438	0.0867561	0	0.0100592	0.0530664	0.290594
397	0.010022	0.0252449	0.0885623	0.0029985	0.0100883	0.0556827	0.300618
398	0.0100644	0.0253405	0.0879752	0.0029985	0.0102593	0.0586193	0.31631
399	0.010022	0.0267927	0.110199	0.0089955	0.0102593	0.0595789	0.31631
400	0.010022	0.0260752	0.0901376	0.0029985	0.0102593	0.0623824	0.305714
401	0.010022	0.0265029	0.101537	0.0029985	0.0102593	0.063855	0.31631
402	0.010022	0.025767	0.0944042	0	0.0102593	0.0643274	0.300618
403	0.010022	0.0254689	0.0885623	0	0.0102593	0.0653834	0.323567
404	0.010022	0.0254772	0.0897985	0	0.0102593	0.0659801	0.323567
405	0.010022	0.0254902	0.0885623	0	0.0102593	0.0658503	0.315849
406	0.010022	0.0253129	0.0859385	0	0.0102593	0.070096	0.315849
407	0.010022	0.0252471	0.084492	0	0.0102593	0.0729331	0.323567
408	0.010022	0.0252909	0.0859385	0	0.0102593	0.0750564	0.342026
409	0.010022	0.024936	0.0838338	0	0.0102593	0.0779107	0.342026
410	0.010022	0.0248547	0.0838338	0	0.0103998	0.0823957	0.354612
411	0.010022	0.0249044	0.0806696	0	0.0103998	0.0886203	0.393186
412	0.010022	0.0251018	0.0804398	0.00149925	0.0149201	0.0997042	0.553673
413	0.010022	0.0255864	0.0804398	0.00149925	0.0149201	0.111662	0.518423
414	0.0100858	0.0252646	0.0778478	0	0.0153193	0.122478	0.496924
415	0.010022	0.025549	0.0778478	0	0.016026	0.12556	0.503394
416	0.010022	0.0257672	0.0778478	0	0.016026	0.141244	0.611019
417	0.010022	0.0260507	0.084492	0	0.016026	0.151179	0.611019
418	0.0100004	0.0258662	0.0816717	0	0.0241634	0.14532	0.700034
419	0.0100004	0.0257607	0.0804398	0	0.0241634	0.135715	0.71869
420	0.0100004	0.0257345	0.0816717	0	0.0156611	0.131977	0.518423
421	0.0100004	0.0260935	0.0859385	0	0.0156611	0.132979	0.510449
422	0.0100004	0.0259392	0.084492	0	0.0169854	0.136212	0.558861
423	0.0100004	0.0261766	0.0859385	0	0.0156611	0.135951	0.510449
424	0.0100644	0.0263213	0.0878691	0	0.0169854	0.135341	0.507449
425	0.0100237	0.0264454	0.0878691	0	0.0169854	0.135901	0.510449
426	0.0100004	0.0270812	0.0913533	0	0.0169854	0.137572	0.518423
427	0.0100004	0.0276203	0.0983992	0.00149925	0.0159406	0.140054	0.518423
428	0.0100004	0.0275833	0.0955336	0	0.0156611	0.14103	0.518423
429	0.0100004	0.0279288	0.104443	0	0.017053	0.144215	0.714776
430	0.0100004	0.0282109	0.105549	0	0.0132024	0.143153	0.530016
431	0.0100004	0.0281862	0.104002	0	0.017053	0.143206	0.768997
432	0.0100004	0.0280341	0.0995443	0	0.0199661	0.144149	0.76112
433	0.0100004	0.0279708	0.0957532	0	0.0199661	0.144825	0.76112
434	0.0100004	0.0280215	0.0983992	0	0.0212846	0.143871	0.776601
435	0.0100004	0.028481	0.0995443	0	0.0196629	0.143038	0.776601
436	0.0100004	0.0283453	0.0995443	0.00149925	0.0163929	0.140223	0.776601
437	0.0100004	0.0285524	0.103557	0.00149925	0.0132024	0.142397	0.776601
438	0.0100004	0.0286328	0.104002	0.00149925	0.0136124	0.147224	1.12302
439	0.0100004	0.0286121	0.104002	0.00149925	0.0135869	0.147108	1.12562
440	0.0100004	0.0288201	0.104443	0	0.0101681	0.137293	0.76112
441	0.0100004	0.0292243	0.104443	0	0.0127839	0.126879	0.83241
442	0.0100237	0.0297051	0.115028	0	0.0101578	0.119285	0.651744
443	0.0100004	0.0306073	0.123156	0	0.0101578	0.112768	0.577939
444	0.0100004	0.031095	0.127974	0	0.0120399	0.103495	0.553637
445	0.0100004	0.0310205	0.122703	0	0.0120399	0.103847	0.521949
446	0.0100004	0.0326492	0.137157	0	0.0135322	0.105936	0.553637
447	0.0100237	0.0324878	0.135866	0	0.0135322	0.104592	0.547712
448	0.0100004	0.0329775	0.140705	0	0.0135585	0.104035	0.547712
449	0.0100237	0.0334848	0.1472	0	0.0135585	0.102633	0.547712
450	0.0100004	0.0343315	0.158519	0.00149925	0.0123346	0.106578	0.518466
451	0.0100004	0.0350786	0.167597	0.00149925	0.0120399	0.106695	0.547712
452	0.0100004	0.0356204	0.170259	0	0.0120399	0.103685	0.51369
453	0.0100004	0.0368899	0.186509	0	0.0101578	0.104301	0.510363
454	0.0100237	0.0377376	0.19381	0	0.0101578	0.103814	0.51369
455	0.0100004	0.0386814	0.207915	0	0.0120399	0.10152	0.518466
456	0.0100004	0.0396977	0.210167	0	0.0135585	0.100008	0.518466
457	0.0100237	0.0434172	0.239047	0.00149925	0.0136902	0.0995699	0.518466
458	0.0100858	0.0495785	0.280236	0.00749625	0.0136902	0.0962027	0.518466
459	0.0100858	0.0511502	0.278669	0.005997	0.0135585	0.0951424	0.51369
460	0.010101	0.0531411	0.280236	0.00449775	0.0136902	0.0931454	0.518466
461	0.0100858	0.0561718	0.309257	0.0029985	0.0126191	0.0926025	0.502367
462	0.0103068	0.0589139	0.323027	0.0029985	0.0126191	0.095616	0.518466
463	0.010101	0.0627695	0.346281	0.0029985	0.0128566	0.0941285	0.51369
464	0.0104974	0.0610097	0.323027	0.0029985	0.0126191	0.0922149	0.518466
465	0.0104974	0.0610947	0.320808	0.00149925	0.010049	0.0886485	0.404428
466	0.0104974	0.0611656	0.323027	0.00149925	0.0100126	0.0879658	0.392903
467	0.0103068	0.061392	0.323027	0.00149925	0.0135585	0.087946	0.502367
468	0.0103889	0.0594063	0.323027	0.00149925	0.0153226	0.0868655	0.51369
469	0.010101	0.0591995	0.309257	0.00149925	0.010049	0.0867632	0.325517
470	0.0103068	0.0580445	0.309257	0.00149925	0.0152199	0.0864727	0.489626
471	0.010101	0.057053	0.294981	0.00149925	0.0152199	0.0866651	0.489626
472	0.010101	0.0569904	0.294981	0.00149925	0.010049	0.0823719	0.276006
473	0.010101	0.0557527	0.293424	0.00149925	0.010049	0.0796729	0.26266
474	0.010101	0.0546617	0.278669	0	0.010049	0.0787576	0.257434
475	0.0102033	0.0539585	0.278669	0	0.010049	0.078557	0.254915
476	0.0102033	0.0531142	0.267199	0	0.010049	0.0804892	0.257466
477	0.0102033	0.0534783	0.267199	0	0.010049	0.081901	0.264373
478	0.0102033	0.0537289	0.267199	0.00149925	0.010049	0.0868114	0.349823
479	0.0102033	0.0555836	0.278509	0.0029985	0.010049	0.0898331	0.365833
480	0.0102033	0.0555983	0.275902	0.0029985	0.010049	0.091668	0.369689
481	0.0102033	0.0556027	0.275902	0.0029985	0.0153908	0.0896533	0.514431
482	0.0102033	0.0570662	0.278509	0.0029985	0.010049	0.0886744	0.365833
483	0.0102033	0.0567997	0.275902	0	0.010049	0.0863814	0.301751
484	0.0101076	0.0562242	0.26794	0	0.010049	0.0857308	0.288163
485	0.0102033	0.0558225	0.267199	0	0.010049	0.0840571	0.281052
486	0.0102033	0.0552519	0.267199	0	0.010049	0.0833406	0.264373
487	0.0101076	0.0550527	0.26794	0	0.010049	0.0848917	0.265484
488	0.0102033	0.0523689	0.250807	0	0.0156709	0.0891897	0.397052
489	0.0102033	0.0498492	0.215946	0	0.0156709	0.0924413	0.35424
490	0.0102033	0.0484717	0.202341	0	0.0156709	0.0942627	0.39314
491	0.0101076	0.0461313	0.173837	0	0.0141859	0.0916624	0.35424
492	0.0101076	0.0458181	0.187898	0.0089955	0.0156709	0.0890076	0.412725
493	0.0101076	0.0446571	0.185342	0.005997	0.012595	0.0863052	0.264373
494	0.0101076	0.0421727	0.172082	0	0.0126751	0.0818262	0.259065
495	0.0101076	0.0413503	0.172082	0	0.0126751	0.0789351	0.264373
496	0.0101076	0.0406962	0.170259	0	0.012595	0.0791736	0.258679
497	0.0101076	0.0397612	0.172082	0	0.0116737	0.0759579	0.258679
498	0.0102033	0.0393032	0.173837	0.005997	0.0116737	0.0752017	0.263465
499	0.0102033	0.0383709	0.170259	0.005997	0.0111449	0.073334	0.264373
500	0.0101076	0.0368621	0.158316	0.005997	0.0111449	0.0729563	0.264373
501	0.0101076	0.0352998	0.143323	0.0029985	0.0116737	0.0715398	0.264373
502	0.0102033	0.0353634	0.15188	0.00149925	0.0116737	0.0716278	0.260193
503	0.0102033	0.0352982	0.143323	0.00149925	0.0116737	0.0718012	0.260193
504	0.0101076	0.0362509	0.153571	0	0.0116737	0.0716969	0.263465
505	0.0102033	0.0355443	0.15188	0	0.0116737	0.0706463	0.260193
506	0.0101076	0.034921	0.143323	0	0.0116737	0.0704388	0.254896
507	0.0102033	0.0337173	0.141681	0	0.0116737	0.0705898	0.264373
508	0.0101076	0.0332439	0.139342	0.00149925	0.0116737	0.0690848	0.281052
509	0.0102033	0.0327176	0.141323	0	0.0104505	0.0723161	0.281052
510	0.0102033	0.032138	0.138147	0.00149925	0.0100019	0.0745164	0.281052
511	0.0101076	0.031543	0.135257	0.00149925	0.0105142	0.0787299	0.366541
512	0.0101076	0.0310617	0.12687	0.00149925	0.0100019	0.0834353	0.421017
513	0.0101076	0.0309582	0.127442	0.00149925	0.0100019	0.0894857	0.627705
514	0.0101076	0.0300348	0.120953	0.00149925	0.0100019	0.0908882	0.56292
515	0.0101358	0.0291727	0.118702	0	0.0100019	0.0921888	0.56292
516	0.0101358	0.0291701	0.118702	0	0.0100019	0.0949015	0.662316
517	0.0101076	0.028957	0.118126	0	0.0100019	0.0955423	0.662316
518	0.0101358	0.0288265	0.118126	0	0.0100019	0.097487	0.662316
519	0.0101076	0.0286794	0.118126	0	0.0100019	0.110694	0.993066
520	0.0101358	0.028419	0.118702	0	0.0105241	0.108244	0.90946
521	0.0101358	0.028472	0.118702	0	0.0104505	0.106589	0.893837
522	0.0101358	0.0285183	0.118702	0	0.0105241	0.110043	0.90946
523	0.0101076	0.0284344	0.118126	0	0.0104505	0.114541	0.90946
524	0.0101076	0.0283355	0.118126	0	0.0100019	0.119967	0.90946
525	0.0101358	0.0281937	0.118702	0	0.0100019	0.124117	0.90946
526	0.0101076	0.0280786	0.117094	0	0.0100019	0.126049	0.90946
527	0.0101076	0.0280408	0.115867	0	0.0109483	0.126052	0.90946
528	0.0101076	0.0282322	0.117094	0	0.0100019	0.130516	1.1061
529	0.0101076	0.0275812	0.115399	0	0.0109483	0.13281	1.30569
530	0.0101076	0.0275724	0.109294	0.0029985	0.0109483	0.127355	0.846386
531	0.0101076	0.0267929	0.106691	0.00149925	0.0109483	0.132246	0.854126
532	0.0101076	0.0266264	0.115399	0	0.0109483	0.135858	0.846386
533	0.0101076	0.0265251	0.115867	0	0.012182	0.139718	0.846386
534	0.0101076	0.026218	0.10716	0	0.012182	0.14054	0.874811
535	0.0101358	0.0259881	0.10716	0	0.0132565	0.13977	0.877339
536	0.0101076	0.0261902	0.10716	0	0.0109483	0.141381	0.846386
537	0.0101358	0.0259433	0.105114	0	0.0110427	0.147343	0.877339
538	0.0101076	0.0258375	0.102756	0	0.0110427	0.142883	0.842613
539	0.0101358	0.0261519	0.105114	0	0.010961	0.131135	0.769506
540	0.0101076	0.0258577	0.102756	0	0.010961	0.125667	0.728389
541	0.0101076	0.0260188	0.102462	0	0.010961	0.118855	0.724875
542	0.0101358	0.0258348	0.102462	0	0.010961	0.119226	0.724875
543	0.0101358	0.0257361	0.102462	0	0.010961	0.120697	0.728389
544	0.0101076	0.0253145	0.0942481	0	0.010961	0.125054	0.774357
545	0.0101358	0.025458	0.102462	0	0.010961	0.123677	0.728389
546	0.0101358	0.0255345	0.102462	0	0.010961	0.12111	0.728389
547	0.0101358	0.0254813	0.102462	0	0.010961	0.120992	0.772906
548	0.0101358	0.0257958	0.102462	0	0.0102705	0.122506	0.801025
549	0.0101076	0.0261916	0.102462	0	0.0107883	0.12115	0.774357
550	0.0100388	0.0258415	0.0982063	0	0.0107883	0.127568	0.846386
551	0.0100388	0.0258929	0.1051	0	0.010961	0.125864	0.854958
552	0.0101076	0.0253089	0.102462	0	0.0107883	0.126323	0.871578
553	0.0100388	0.0251668	0.0913533	0	0.0107883	0.12441	0.846386
554	0.0100388	0.025071	0.0913533	0	0.0107883	0.125755	0.774357
555	0.0100388	0.0247746	0.0859714	0	0.010961	0.128484	0.821079
556	0.0100388	0.0251113	0.090071	0	0.010961	0.128774	0.774357
557	0.010097	0.0249754	0.090071	0	0.010961	0.134026	0.844865
558	0.0100388	0.0252617	0.0942481	0	0.010961	0.142277	1.22655
559	0.0100388	0.0256813	0.107946	0	0.010961	0.144585	1.22655
560	0.0100388	0.0262972	0.113022	0.00149925	0.0107325	0.15368	1.91599
561	0.0100388	0.0257515	0.111058	0.0029985	0.0107325	0.155157	2.24069
562	0.0100295	0.0245196	0.10009	0	0.0107325	0.153754	2.18086
563	0.010097	0.0241527	0.10009	0	0.0107325	0.158684	2.07557
564	0.0100388	0.0238995	0.0925948	0	0.0107325	0.162424	2.20513
565	0.010097	0.0234557	0.083806	0	0.0107325	0.192608	3.76626
566	0.0100388	0.023174	0.0827775	0	0.0107325	0.226799	8.7684
567	0.010097	0.0231991	0.083806	0	0.0107325	0.242404	9.77454
568	0.0100388	0.023196	0.083806	0	0.0167318	0.286434	16.9752
569	0.0100388	0.022794	0.0809241	0	0.0161886	0.280291	15.121
570	0.0100388	0.0229824	0.0827775	0	0.0162895	0.312826	16.9752
571	0.010097	0.0231802	0.083806	0	0.0162895	0.327798	19.2116
572	0.0100388	0.0233681	0.083806	0	0.0162895	0.386823	24.0815
573	0.0100388	0.0234162	0.0859714	0	0.0180644	0.379106	24.8977
574	0.0100388	0.0233245	0.0859714	0	0.0167318	0.427686	24.8977
575	0.010097	0.0234616	0.0881885	0	0.0162895	0.458851	24.8977
576	0.0100388	0.0234813	0.0906115	0	0.0167318	0.506274	33.0257
577	0.010097	0.0233073	0.0881885	0	0.0397388	0.540682	71.6021
578	0.010097	0.0231898	0.0881885	0	0.0298281	0.555858	45.1924
579	0.0100388	0.0230584	0.0875837	0	0.0344885	0.570837	45.1924
580	0.0100388	0.022472	0.0803787	0	0.0469864	0.617004	80.3832
581	0.010097	0.0223417	0.0827775	0	0.0460548	0.610706	80.3832
582	0.0100388	0.022039	0.0796886	0	0.0397388	0.596556	69.9837
583	0.0100388	0.021867	0.0772477	0	0.0389926	0.53359	71.6021
584	0.0100388	0.0216968	0.0767747	0	0.0386311	0.483542	71.6021
585	0.0100388	0.0219337	0.0796886	0	0.0378911	0.443368	71.6021
586	0.0100388	0.021512	0.0761971	0	0.0378911	0.457572	74.5103
587	0.0100388	0.0214411	0.0730628	0	0.0352232	0.477264	71.6021
588	0.0100388	0.0213942	0.0730628	0	0.0389926	0.501579	71.6021
589	0.010021	0.0216994	0.0761971	0	0.0154915	0.501462	26.4886
590	0.010021	0.0211915	0.0724762	0	0.0154915	0.512198	26.4886
591	0.010021	0.0213784	0.0730628	0	0.0298521	0.554771	32.0726
592	0.010021	0.0215277	0.0724762	0	0.0322547	0.587623	27.2221
593	0.010021	0.0215134	0.0724762	0	0.0315472	0.563674	20.6636
594	0.010021	0.0215922	0.0724762	0	0.0345218	0.546427	20.6636
595	0.0100388	0.021673	0.0754489	0.00149925	0.036645	0.534512	20.6636
596	0.0100015	0.0215904	0.0754489	0.00149925	0.0362408	0.52186	20.6636
597	0.010021	0.0214689	0.0754489	0	0.0361773	0.503411	17.0236
598	0.010021	0.0214782	0.0754489	0	0.0361773	0.518256	16.9752
599	0.0100015	0.021417	0.0724762	0	0.0361773	0.464601	14.9878
600	0.0100015	0.0213428	0.0694896	0	0.0237001	0.443392	12.0302
601	0.0100015	0.0215335	0.0698149	0	0.0187937	0.382689	12.0302
602	0.0100015	0.0214042	0.0660833	0	0.0117145	0.339772	7.17221
603	0.0100015	0.0213331	0.0659788	0	0.0117145	0.30227	7.17221
604	0.0100388	0.0215941	0.0725147	0	0.0117145	0.243404	6.77062
605	0.0100015	0.0218626	0.0736571	0	0.0117145	0.208619	6.30409
606	0.0100015	0.0219457	0.0736571	0	0.0127851	0.191339	4.84977
607	0.0100015	0.0217998	0.0736571	0	0.0122861	0.22562	6.95009
608	0.0100015	0.0220399	0.0754489	0	0.0126664	0.266942	9.85247
609	0.0100015	0.0225923	0.0816874	0	0.0122861	0.2858	10.4903
610	0.0100015	0.0224716	0.0816874	0	0.0122861	0.326593	15.2813
611	0.0100015	0.0221439	0.0775268	0	0.013503	0.336343	18.76
612	0.0100015	0.0217643	0.0754489	0	0.0122861	0.336348	15.2813
613	0.0100015	0.0219443	0.0754489	0	0.0122861	0.34071	17.0236
614	0.0100015	0.0223661	0.0766561	0.00149925	0.0173824	0.340877	20.6458
615	0.0100015	0.0224326	0.0754489	0.0029985	0.0194613	0.278577	10.0424
616	0.0100015	0.0225806	0.0756006	0.0029985	0.0219711	0.212134	5.24604
617	0.0100015	0.0226266	0.0754489	0.0029985	0.0229396	0.194504	4.77034
618	0.0100015	0.022887	0.0756006	0.0029985	0.012175	0.168787	1.85787
619	0.0100015	0.0225683	0.0736571	0	0.0142536	0.159042	1.96993
620	0.0100015	0.0223886	0.0729029	0	0.012175	0.128493	0.806317
621	0.0100015	0.0223193	0.0730628	0	0.0119655	0.117464	0.755108
622	0.0100015	0.0223175	0.0730628	0	0.0119655	0.103152	0.538711
623	0.0100015	0.0222508	0.0729029	0	0.012175	0.0957514	0.554183
624	0.0100848	0.0220138	0.0730628	0	0.012175	0.0847399	0.412092
625	0.0100015	0.0220706	0.0725147	0	0.0105094	0.0798662	0.315086
626	0.0100015	0.0223892	0.0736571	0	0.0104755	0.0770458	0.278158
627	0.0100015	0.0222367	0.0729029	0	0.0104755	0.0749304	0.244334
628	0.0100015	0.0225185	0.0736571	0	0.0105094	0.0734843	0.242054
629	0.0100015	0.0225254	0.0736571	0	0.0104755	0.0746856	0.242054
630	0.0100015	0.0222976	0.0729029	0	0.0120051	0.0774139	0.278158
631	0.0100015	0.022248	0.0725147	0	0.0143744	0.0764877	0.324011
632	0.0100015	0.0223575	0.0736571	0	0.0120051	0.0762047	0.274925
633	0.0100015	0.0228389	0.0766561	0	0.0120051	0.0767158	0.278158
634	0.0100015	0.0233108	0.0815546	0	0.0120469	0.0760662	0.278158
635	0.0100015	0.0235857	0.0879053	0	0.0103822	0.0732887	0.241898
636	0.0100015	0.0236974	0.0874977	0	0.0103822	0.0747242	0.265519
637	0.0100015	0.0236688	0.0788942	0	0.0103822	0.0745583	0.274925
638	0.0100015	0.0237769	0.0787294	0	0.0103822	0.0736769	0.280648
639	0.0100015	0.0238292	0.0787294	0	0.0103822	0.0736906	0.286109
640	0.0100388	0.0238092	0.0788942	0	0.0100001	0.0782554	0.295088
641	0.0100388	0.02404	0.0788942	0	0.0100001	0.0783957	0.31198
642	0.0100015	0.0243239	0.0788942	0	0.0100001	0.0792434	0.286109
643	0.0100388	0.0255665	0.0964023	0	0.0100001	0.0812418	0.304832
644	0.0100388	0.025919	0.0975567	0	0.0100001	0.080367	0.295088
645	0.0100388	0.0260657	0.0968138	0	0.0100001	0.0798142	0.295088
646	0.0100388	0.0264698	0.0995109	0	0.0100001	0.0782537	0.286109
647	0.0100388	0.0267816	0.111289	0	0.0100001	0.0758583	0.280648
648	0.0100388	0.02792	0.126677	0	0.0100001	0.0743792	0.286109
649	0.0102232	0.0281615	0.131469	0	0.0100001	0.0717668	0.280648
650	0.0102232	0.0281605	0.131147	0	0.0103822	0.0730566	0.286685
651	0.0100388	0.0287432	0.131469	0	0.0103822	0.074694	0.286685
652	0.0100276	0.0288498	0.122329	0	0.0104755	0.0754208	0.314282
653	0.0100276	0.0291377	0.124238	0	0.0104755	0.0785406	0.357438
654	0.0100276	0.0290186	0.126677	0	0.0120469	0.0800553	0.391337
655	0.0100276	0.0296809	0.151004	0	0.0120469	0.0814237	0.384456
656	0.0100276	0.0298756	0.13889	0	0.0120469	0.0823086	0.391337
657	0.0100276	0.0301204	0.131469	0	0.012549	0.0829413	0.391337
658	0.0100388	0.0318388	0.212704	0	0.0109084	0.0879614	0.391337
659	0.0100388	0.0318827	0.212704	0	0.0130973	0.0910714	0.486336
660	0.0100276	0.0324736	0.221626	0.00149925	0.0140031	0.0932375	0.486336
661	0.0102232	0.0353351	0.251338	0.00449775	0.0128788	0.0952819	0.486336
662	0.0102232	0.0360307	0.251338	0.00449775	0.0120241	0.0980518	0.486336
663	0.0102232	0.0356588	0.25057	0.005997	0.0109283	0.114912	0.854645
664	0.0102232	0.0354866	0.25057	0.005997	0.0175571	0.124324	1.68371
665	0.0100276	0.0336463	0.204606	0	0.0175571	0.143805	2.3917
666	0.0100276	0.0328378	0.185189	0	0.0181604	0.151395	2.92293
667	0.0100276	0.0319762	0.14805	0	0.0181604	0.1533	2.99072
668	0.0100276	0.0309347	0.13889	0	0.0181604	0.153212	2.99072
669	0.0100276	0.0306385	0.127513	0	0.0109283	0.148127	1.98694
670	0.0100276	0.030745	0.127513	0.00149925	0.0109283	0.138633	1.98694
671	0.0100276	0.0293092	0.1168	0	0.0109283	0.139301	1.84604
672	0.0100276	0.0286931	0.11046	0	0.0109283	0.138202	1.87607
673	0.0100276	0.0286117	0.114661	0	0.0109283	0.144979	1.99924
674	0.0100276	0.0287129	0.1168	0	0.0105785	0.153365	2.06164
675	0.0100276	0.0291058	0.121781	0	0.0109283	0.167277	2.6163
676	0.0100388	0.0297949	0.126684	0.00149925	0.0101092	0.171369	2.6163
677	0.0100276	0.0300918	0.127513	0.00149925	0.0107974	0.153802	2.57285
678	0.0100276	0.0299036	0.132225	0	0.0101092	0.151581	4.78982
679	0.0100276	0.0297825	0.127513	0	0.0101092	0.175097	14.0868
680	0.0100276	0.0304988	0.127767	0.00449775	0.0101092	0.200975	17.8062
681	0.0100276	0.0311289	0.132225	0.00449775	0.0102638	0.234118	19.0213
682	0.0100276	0.0317388	0.133836	0.00149925	0.0107974	0.306349	33.9503
683	0.0100276	0.0323895	0.13889	0.00149925	0.0125654	0.362292	44.2648
684	0.0100276	0.0328908	0.147161	0	0.0125654	0.464702	44.2648
685	0.0100276	0.0330288	0.147161	0	0.0124557	0.468758	44.1008
686	0.0100276	0.0333748	0.156009	0	0.0124557	0.512193	48.6207
687	0.0100276	0.0339629	0.168617	0	0.0105785	0.60102	49.0665
688	0.0100276	0.0336513	0.16773	0	0.0105785	0.642442	56.5624
689	0.0100276	0.0336983	0.160357	0	0.0107974	0.645602	54.9853
690	0.0100697	0.0334605	0.160357	0	0.0105785	0.590009	47.5351
691	0.0100276	0.0341165	0.16773	0	0.0105785	0.551025	47.5351
692	0.0100276	0.0341125	0.152217	0	0.0107974	0.516539	46.1114
693	0.0100276	0.0342731	0.152217	0	0.0107974	0.505413	46.1114
694	0.0100276	0.034551	0.160357	0	0.0121938	0.509238	47.5242
695	0.0100276	0.0351046	0.160357	0	0.0124557	0.501838	46.1114
696	0.0100276	0.0355165	0.177605	0	0.0124979	0.516198	44.7097
697	0.0100276	0.0358811	0.181838	0	0.0124979	0.533342	44.7097
698	0.0100697	0.0353441	0.171359	0	0.0124979	0.529671	41.5221
699	0.0100697	0.0353529	0.171359	0.00149925	0.0122913	0.508174	40.4374
700	0.0100697	0.0351459	0.159846	0.00149925	0.0122913	0.496775	37.0374
701	0.0100697	0.0350411	0.161966	0.00149925	0.0122913	0.478685	33.9503
702	0.0100697	0.0349012	0.141942	0.00149925	0.0158118	0.538236	37.4377
703	0.0100697	0.0355485	0.148048	0	0.027334	0.581565	51.4464
704	0.0100697	0.0358233	0.153375	0	0.027334	0.608344	50.9966
705	0.0100697	0.0358575	0.157459	0	0.027334	0.663883	50.9966
706	0.0100697	0.0356572	0.154301	0	0.0355935	0.697481	80.8677
707	0.0100697	0.0350615	0.148048	0	0.0355935	0.731956	80.8677
708	0.0100697	0.0346328	0.145176	0	0.0384956	0.736259	80.8677
709	0.0100697	0.0349523	0.138606	0	0.027334	0.69291	80.8677
710	0.0106365	0.0353571	0.148048	0	0.0275262	0.694379	80.8677
711	0.0106446	0.0356332	0.154301	0	0.0261067	0.697943	80.8677
712	0.0100697	0.0358154	0.148048	0	0.0202967	0.663842	80.8677
713	0.0100697	0.0364223	0.161782	0	0.0121476	0.628854	51.4464
714	0.0100697	0.0365897	0.165223	0	0.0121476	0.59374	37.4377
715	0.0100697	0.0356374	0.161686	0	0.011353	0.526712	30.2023
716	0.0100697	0.0371318	0.191095	0.00149925	0.0121476	0.551526	32.3522
717	0.0100697	0.0379653	0.194666	0.00149925	0.0121125	0.530085	30.2023
718	0.0100697	0.0402421	0.22894	0	0.0104037	0.49267	29.277
719	0.0100697	0.0417056	0.273157	0.00149925	0.0104037	0.475095	29.7792
720	0.0102143	0.0450375	0.308655	0.005997	0.0104037	0.480106	29.7792
721	0.0100697	0.0498216	0.473864	0.0089955	0.0102486	0.489864	29.277
722	0.0108507	0.0586278	0.807275	0.023988	0.0102486	0.51633	29.7792
723	0.0106007	0.0675362	0.807275	0.029985	0.0102486	0.539176	37.0374
724	0.0101897	0.0798053	0.956172	0.0464768	0.0102486	0.569057	37.4377
725	0.0106007	0.102013	1.16603	0.0764618	0.0102486	0.568701	38.7658
726	0.0104567	0.157981	1.49526	0.128936	0.0102486	0.557715	38.7658
727	0.01199	0.256718	1.88834	0.181409	0.0102486	0.590416	47.1523
728	0.0755116	0.66461	4.15909	0.370315	0.0102486	0.702751	49.3366
729	0.0685265	0.566994	2.83585	0.335832	0.0299032	1.04002	69.4039
730	0.070675	0.549207	2.83585	0.323838	0.0513923	1.27779	98.456
731	0.0640697	0.533769	2.83585	0.322339	0.0730833	1.63055	98.456
732	0.075717	0.564327	4.15909	0.335832	0.096012	1.82083	98.456
733	0.0902471	0.868985	23.0373	0.431784	0.096012	2.03936	89.3805
734	0.0102123	0.31761	2.20947	0.238381	0.126566	2.08736	98.456
735	0.0102123	0.249688	1.96386	0.181409	0.125368	2.04416	98.456
736	0.010478	0.202745	1.51658	0.127436	0.0885589	2.01937	78.8542
737	0.010252	0.17656	1.26953	0.104948	0.0885589	1.82296	98.456
738	0.0106078	0.169309	1.26953	0.0944528	0.0839488	1.88115	98.456
739	0.0106078	0.169038	1.24877	0.0974513	0.0885589	2.0628	98.456
740	0.0106078	0.164859	1.25568	0.0989505
