		omega		Posterior		rho				Synonymous theta			kappa			phi	
Site	Lower	Point	Higher	prob of +ve	Lower	Point	Higher		Lower	Point	Higher	Lower	Point	Higher	Lower	Point	Higher
	95% HPD	estimate	95% HPD	selection	95% HPD	estimate	95% HPD		95% HPD	estimate	95% HPD	95% HPD	estimate	95% HPD	95% HPD	estimate	95% HPD
0	0.0100316	0.0403139	0.236305	0.00749625	0.011586	0.60513	47.0277		0.0619792	0.0789966	0.105214	2.82148	5.39372	9.65791	0	0	0
1	0.0100316	0.0392886	0.225748	0.0029985	0.0117352	0.625061	45.9396
2	0.0100316	0.0379597	0.19781	0.0029985	0.0107713	0.638537	41.666
3	0.0100316	0.036345	0.171024	0	0.0116391	0.569084	41.666
4	0.0100316	0.035691	0.161086	0	0.0117352	0.515276	41.1364
5	0.0100316	0.0349803	0.155698	0	0.0116391	0.531083	42.8593
6	0.0100316	0.0339811	0.143212	0	0.0117352	0.50867	41.666
7	0.0100316	0.0341834	0.143212	0	0.0117352	0.508434	41.1364
8	0.0100316	0.0342412	0.140976	0	0.0112295	0.431416	37.9425
9	0.0100316	0.0341918	0.140426	0	0.0110837	0.406172	37.9425
10	0.0100316	0.0340488	0.138613	0	0.0106045	0.378066	35.7432
11	0.0100316	0.0344144	0.141367	0	0.0117352	0.375426	37.9425
12	0.0100316	0.0344568	0.140976	0	0.0117352	0.374917	37.9425
13	0.0100316	0.0350609	0.140976	0	0.0107713	0.365563	35.6799
14	0.0100316	0.0350357	0.145545	0	0.0117352	0.347119	37.9425
15	0.0100316	0.0355577	0.156348	0	0.0107293	0.341394	35.6799
16	0.0100316	0.0354182	0.145545	0	0.0117352	0.336631	37.9425
17	0.0100316	0.0352353	0.143212	0	0.0132569	0.33016	40.9841
18	0.0100316	0.0348613	0.140553	0	0.0132569	0.328201	37.9425
19	0.0100316	0.035203	0.145545	0	0.0137362	0.328293	41.1364
20	0.0100316	0.0354273	0.156101	0	0.0143394	0.335422	37.9425
21	0.0100316	0.0358879	0.166375	0	0.0143394	0.344243	37.9425
22	0.0100316	0.0366353	0.166375	0	0.0177885	0.403876	43.1851
23	0.0100316	0.0374502	0.171024	0	0.0143394	0.452007	37.9425
24	0.0100316	0.0369319	0.16208	0	0.0187707	0.436475	44.0125
25	0.0100316	0.0370401	0.166234	0.00149925	0.0102992	0.415869	22.5703
26	0.0100316	0.0374623	0.171024	0.00449775	0.0102992	0.411517	23.0197
27	0.0100316	0.0377198	0.172546	0.0029985	0.0102992	0.431755	14.9479
28	0.0100316	0.0387685	0.184484	0.005997	0.0388791	0.498032	44.4374
29	0.0100316	0.0394211	0.195446	0.005997	0.0432473	0.47272	39.1898
30	0.0100316	0.0407608	0.224878	0.005997	0.0446869	0.452623	39.1898
31	0.0100316	0.0424271	0.247906	0.0104948	0.0124345	0.425455	7.63791
32	0.0100316	0.0531307	1.30951	0.0524738	0.0181736	0.379203	7.63791
33	0.0100316	0.0436444	0.254973	0.017991	0.0131839	0.302388	4.09053
34	0.0100316	0.0390408	0.216165	0.00449775	0.010109	0.237181	2.29579
35	0.0100316	0.0370619	0.188867	0.00149925	0.010109	0.180571	1.37113
36	0.0100316	0.036095	0.184171	0	0.0100425	0.139895	0.938068
37	0.0100316	0.0348781	0.172546	0	0.0100425	0.110026	0.691653
38	0.0100316	0.0327988	0.142929	0	0.0100425	0.0971316	0.580489
39	0.0100316	0.032486	0.147412	0.00149925	0.0100425	0.085068	0.442172
40	0.0100316	0.0325181	0.149743	0	0.0100425	0.0786331	0.355868
41	0.0100316	0.0318988	0.142929	0	0.0100425	0.0757117	0.315481
42	0.0100316	0.0315882	0.140949	0.00149925	0.0100425	0.07499	0.310951
43	0.0100316	0.0311638	0.135371	0	0.0100425	0.0743145	0.285857
44	0.0100316	0.030182	0.119681	0	0.0100425	0.0749751	0.293316
45	0.0100316	0.0297693	0.117248	0	0.0100425	0.0756077	0.285857
46	0.0100316	0.0294968	0.117248	0	0.0100425	0.0747747	0.284183
47	0.0100316	0.0290333	0.110519	0	0.0100425	0.07505	0.284183
48	0.0100316	0.0285988	0.107972	0	0.0101729	0.0754631	0.28424
49	0.0100316	0.0281307	0.105427	0	0.0100425	0.0782574	0.284183
50	0.0100316	0.0277482	0.101728	0	0.0100425	0.0817212	0.308851
51	0.0100316	0.0268717	0.096051	0	0.0100425	0.0811604	0.277879
52	0.0100316	0.0268772	0.0978641	0.00149925	0.0108326	0.0788111	0.272434
53	0.0100316	0.0264128	0.0954012	0	0.011458	0.0757553	0.259948
54	0.0100316	0.0260487	0.0943892	0	0.0115525	0.0753566	0.260196
55	0.0100316	0.0258468	0.0943892	0	0.0115525	0.0761839	0.260196
56	0.0100316	0.0260312	0.0954012	0	0.0120335	0.074346	0.260196
57	0.0100316	0.0259541	0.0954012	0	0.0120335	0.0747586	0.260196
58	0.0100316	0.0262397	0.0978641	0.0029985	0.0120335	0.0747288	0.262346
59	0.0100316	0.0256502	0.0954012	0	0.0113632	0.0738235	0.243818
60	0.0100316	0.0255788	0.0954012	0	0.0112618	0.0734926	0.243818
61	0.0100316	0.0251057	0.0908287	0	0.011458	0.0742816	0.243818
62	0.0100316	0.0248948	0.0884232	0	0.011442	0.0745016	0.250377
63	0.0100316	0.0246284	0.0884353	0	0.0112618	0.0742861	0.24371
64	0.0100316	0.024683	0.0890597	0	0.011408	0.0739755	0.24371
65	0.0100316	0.0252499	0.0948895	0.0029985	0.011408	0.0724781	0.250377
66	0.0100316	0.0245047	0.091928	0	0.011442	0.0708967	0.24371
67	0.0100316	0.0240953	0.0884232	0	0.0100829	0.0728069	0.24371
68	0.0100316	0.0239026	0.088011	0	0.0100829	0.0741752	0.250377
69	0.0100316	0.0239229	0.0867731	0	0.0100829	0.0757624	0.286154
70	0.0100316	0.0235942	0.08143	0	0.0106221	0.0775788	0.300519
71	0.0100316	0.0234618	0.08143	0	0.0106221	0.0782301	0.300121
72	0.0100316	0.0232431	0.08143	0	0.0104077	0.0800506	0.300519
73	0.0100316	0.0231287	0.0812545	0	0.0108326	0.0842027	0.36128
74	0.0100316	0.0231716	0.0772098	0	0.0108776	0.0877856	0.36128
75	0.0100316	0.0231456	0.075134	0	0.0102375	0.0908733	0.503587
76	0.0100516	0.023031	0.0715804	0	0.0102375	0.0909132	0.466425
77	0.0100656	0.0233641	0.0812545	0	0.0112248	0.0925089	0.636593
78	0.0100516	0.0231579	0.0723788	0	0.0104077	0.0905502	0.636593
79	0.0100516	0.0233486	0.0812545	0	0.0108337	0.0945114	0.941281
80	0.0100516	0.0235692	0.0812545	0	0.0108337	0.0990876	1.39929
81	0.0100516	0.023773	0.0846103	0	0.0102375	0.106201	1.66969
82	0.0100516	0.0243128	0.0885512	0.00449775	0.0102375	0.111034	2.06141
83	0.0100656	0.0235854	0.0812545	0	0.0104077	0.117872	2.88264
84	0.0100516	0.0231908	0.0753649	0	0.0108337	0.125425	3.67722
85	0.0100516	0.0233921	0.0802998	0	0.0111337	0.128789	4.90557
86	0.0100516	0.0233259	0.0753649	0	0.0102696	0.132936	5.77251
87	0.0100516	0.0232463	0.075134	0	0.0104077	0.1357	8.62984
88	0.0100516	0.0232362	0.075134	0	0.0102696	0.130212	7.2271
89	0.0100516	0.0231942	0.0716227	0	0.0102696	0.129139	5.77251
90	0.0100656	0.0233585	0.0753649	0	0.0101906	0.130933	5.77251
91	0.0100516	0.0232356	0.075134	0	0.0101598	0.137245	5.48865
92	0.0100656	0.0229394	0.0716227	0	0.0101598	0.152861	5.48865
93	0.0100516	0.022411	0.0676893	0	0.0101598	0.169296	5.48865
94	0.0100056	0.0223024	0.0654475	0	0.0101075	0.115767	1.36232
95	0.0100656	0.0221314	0.0654475	0	0.0101075	0.0969434	1.08955
96	0.0100516	0.0221294	0.0654475	0.00149925	0.0101075	0.0814858	0.768548
97	0.0100516	0.0224389	0.0695122	0.00149925	0.0101075	0.0687558	0.385056
98	0.0100516	0.02231	0.0695122	0.00149925	0.0100845	0.066682	0.42615
99	0.0100516	0.0223142	0.0695122	0.00149925	0.0101075	0.058989	0.348367
100	0.0100056	0.0220416	0.066578	0	0.0100705	0.0519884	0.26774
101	0.0100516	0.0219991	0.0654475	0	0.0100705	0.050732	0.232955
102	0.0100056	0.0222439	0.0654475	0	0.0100705	0.0478615	0.221987
103	0.0100056	0.0222944	0.0654475	0	0.0100705	0.0448363	0.209334
104	0.0100056	0.0222487	0.066578	0	0.0100705	0.0422959	0.198989
105	0.0100128	0.0224216	0.0716227	0	0.0100705	0.0401293	0.169908
106	0.0100128	0.022441	0.0716227	0	0.0100705	0.0393678	0.168541
107	0.0100056	0.0226374	0.0716227	0	0.0100705	0.0384822	0.163597
108	0.0100056	0.0224355	0.0692467	0	0.0100705	0.0386353	0.166161
109	0.0100056	0.0225488	0.0695122	0	0.0101075	0.0379154	0.162707
110	0.0100056	0.022491	0.0692467	0	0.0102187	0.0376009	0.163597
111	0.0100056	0.0225198	0.0664484	0	0.0102187	0.0374486	0.162707
112	0.0100056	0.0224128	0.0654475	0	0.0101075	0.0372542	0.159451
113	0.0100056	0.0225974	0.0703843	0	0.0101075	0.0368075	0.158493
114	0.0100056	0.0227595	0.0723788	0	0.0101075	0.0373379	0.161066
115	0.0100128	0.0229755	0.0749462	0.00149925	0.0101075	0.0366989	0.145467
116	0.0100656	0.0227312	0.0748639	0	0.0101075	0.0363097	0.144177
117	0.0100656	0.0229202	0.0748639	0.00149925	0.0101867	0.0361046	0.144588
118	0.0100056	0.0227726	0.0716227	0	0.0101075	0.0361294	0.141406
119	0.0100056	0.0226115	0.0723788	0	0.0101867	0.0364291	0.144588
120	0.0100056	0.0224818	0.0709537	0	0.0101867	0.036256	0.144588
121	0.0100056	0.0226792	0.071916	0	0.0102187	0.0364642	0.144588
122	0.0100056	0.0227293	0.071916	0	0.0101075	0.0369437	0.144177
123	0.0100056	0.0228077	0.071916	0	0.0101075	0.0368382	0.146867
124	0.0100056	0.0226686	0.0709537	0	0.0101075	0.0376539	0.148509
125	0.0100056	0.0226905	0.071916	0	0.0103866	0.0389644	0.164411
126	0.0100858	0.0227854	0.0749462	0	0.0103866	0.0395589	0.164411
127	0.0100658	0.022862	0.074915	0	0.0101075	0.0398952	0.164411
128	0.0100056	0.0233685	0.077179	0	0.0102187	0.0400913	0.164411
129	0.0100056	0.023413	0.0785638	0	0.0103866	0.0398488	0.165516
130	0.0100056	0.0235885	0.0846204	0	0.0102187	0.0399404	0.164411
131	0.0100056	0.0236416	0.0849001	0	0.0102187	0.0406155	0.165516
132	0.0100056	0.0235764	0.0846204	0	0.0102187	0.0409961	0.164411
133	0.0100056	0.0237353	0.0880944	0	0.0104077	0.0410774	0.168541
134	0.0100056	0.0241113	0.0880944	0.00149925	0.0102187	0.0412834	0.166138
135	0.0100056	0.0238831	0.0880944	0	0.0104077	0.041494	0.171631
136	0.0100128	0.024037	0.0849001	0	0.0104077	0.0426496	0.17333
137	0.0100056	0.0238167	0.0790988	0	0.0102187	0.0435401	0.175927
138	0.0100056	0.0242993	0.0849001	0.0029985	0.0102187	0.0458647	0.194005
139	0.0100128	0.0243089	0.0849245	0.0029985	0.0102187	0.0465691	0.19831
140	0.0100056	0.0243383	0.0871604	0	0.0102187	0.0469708	0.202476
141	0.0100056	0.0243092	0.0875062	0	0.0104108	0.0488751	0.21847
142	0.0100056	0.0241445	0.0850922	0	0.0105047	0.0502735	0.21847
143	0.0100056	0.0242156	0.0850922	0	0.0104077	0.0519417	0.21847
144	0.0100056	0.0239863	0.0849245	0	0.0102187	0.0519485	0.21847
145	0.0100056	0.0240757	0.0871604	0	0.0104077	0.0525487	0.226592
146	0.0100128	0.0238779	0.0849245	0	0.0102187	0.0538687	0.224165
147	0.0100056	0.023658	0.077179	0	0.0105262	0.0548207	0.224165
148	0.0100056	0.0238343	0.0830189	0	0.0105262	0.0562437	0.226592
149	0.0100056	0.024114	0.0849245	0	0.0104108	0.0559605	0.231758
150	0.0100056	0.0241531	0.0849245	0	0.0104108	0.0577769	0.259051
151	0.0100056	0.0240584	0.0830189	0	0.0101957	0.0584575	0.267924
152	0.0100056	0.0242235	0.0830189	0	0.0109126	0.0599643	0.297017
153	0.0100056	0.024214	0.0777061	0	0.0105757	0.061162	0.295432
154	0.0100056	0.0243719	0.0849245	0	0.0104108	0.0623044	0.297017
155	0.0100056	0.0248343	0.0899071	0	0.0104108	0.0640511	0.297017
156	0.0100056	0.0250307	0.0899071	0	0.0105757	0.0669482	0.316478
157	0.0100128	0.0250436	0.0899071	0	0.0104108	0.0676531	0.316478
158	0.0100128	0.0247479	0.0855861	0	0.0103755	0.0687588	0.321701
159	0.0100128	0.0247007	0.0830189	0	0.0101184	0.0696191	0.31647
160	0.0100128	0.0249339	0.0855861	0	0.0101184	0.0703905	0.321701
161	0.0100128	0.0248874	0.0849245	0	0.0101184	0.0705715	0.327731
162	0.0100658	0.0250012	0.0849245	0	0.0103755	0.0722023	0.35969
163	0.0100658	0.0251475	0.0849245	0	0.0103755	0.0714233	0.366971
164	0.0100128	0.0253493	0.0849245	0	0.0103755	0.0736306	0.371868
165	0.0100128	0.0254873	0.0855861	0.0029985	0.0103755	0.0788554	0.488019
166	0.0100128	0.0255039	0.0855861	0.0029985	0.0103549	0.0822911	0.571446
167	0.0100128	0.0256318	0.0855861	0.0029985	0.0103549	0.0820017	0.584974
168	0.0100128	0.0259028	0.0926092	0.00449775	0.0103549	0.0790474	0.539609
169	0.0100658	0.0257918	0.0963251	0.00449775	0.0103549	0.0784661	0.539609
170	0.0100128	0.025332	0.0883926	0.00149925	0.0103549	0.077448	0.539609
171	0.0100128	0.0254771	0.0883926	0.00149925	0.0103549	0.0762156	0.539609
172	0.0100128	0.0253035	0.0855861	0	0.0101184	0.072505	0.495074
173	0.0100128	0.0254317	0.0855861	0	0.0103541	0.0766385	0.539609
174	0.0100128	0.0255934	0.0875062	0	0.0101184	0.0699149	0.464286
175	0.0100128	0.0260445	0.0883926	0	0.0103541	0.0664491	0.348529
176	0.0100128	0.026016	0.0875062	0	0.0100016	0.0612487	0.28156
177	0.0100128	0.0261389	0.0883926	0	0.0100016	0.056735	0.248737
178	0.0100128	0.0264649	0.0934222	0	0.0102534	0.0551285	0.248737
179	0.0100128	0.0268005	0.101052	0	0.0100016	0.0538459	0.245103
180	0.0100658	0.0273415	0.105388	0.00149925	0.0103464	0.0527998	0.228532
181	0.0100658	0.0276871	0.10588	0.00149925	0.0100016	0.0519957	0.214877
182	0.0100128	0.0280838	0.107112	0.00149925	0.0103464	0.0503766	0.203894
183	0.0100658	0.0284064	0.111022	0.00149925	0.0100016	0.0487225	0.184755
184	0.0100658	0.0288243	0.112241	0.00149925	0.0100016	0.0483355	0.184755
185	0.0100658	0.0289821	0.112241	0.0029985	0.0100016	0.0484409	0.184755
186	0.0100658	0.0291408	0.112579	0.0029985	0.0100016	0.0480599	0.184475
187	0.0100128	0.0294769	0.113198	0.00149925	0.0103464	0.0471215	0.184177
188	0.0100658	0.0299264	0.115947	0	0.0103464	0.0477866	0.184475
189	0.0100658	0.0301805	0.12177	0	0.0103464	0.047823	0.189138
190	0.0100658	0.0310506	0.130222	0	0.0100016	0.0465081	0.178279
191	0.0100658	0.0314474	0.131001	0.00149925	0.0100016	0.0454222	0.170814
192	0.0100698	0.0318305	0.133097	0.00149925	0.0100016	0.0445354	0.168517
193	0.0100698	0.0320721	0.133097	0.00149925	0.0100016	0.0448532	0.167623
194	0.0100658	0.0323952	0.133097	0	0.0100016	0.0439044	0.168517
195	0.0100658	0.0330929	0.138425	0.0029985	0.0101284	0.0430954	0.167623
196	0.0100658	0.0340644	0.144537	0.0029985	0.0101042	0.0432065	0.165598
197	0.0101	0.0345011	0.146838	0.00149925	0.0101042	0.0430204	0.165417
198	0.010123	0.0346912	0.146838	0.00149925	0.0103541	0.0428618	0.167338
199	0.0101	0.0348685	0.146838	0.00149925	0.0103541	0.0427619	0.167623
200	0.0100658	0.0364604	0.173532	0.00449775	0.0103541	0.0425647	0.167623
201	0.0100658	0.0366075	0.174917	0.00149925	0.0103009	0.0424163	0.167623
202	0.0100658	0.0376098	0.181796	0.00149925	0.0101042	0.0421087	0.165598
203	0.0100076	0.0384745	0.181796	0	0.0103541	0.0415304	0.167338
204	0.0100076	0.0403088	0.194071	0	0.0103541	0.0417045	0.167623
205	0.0100076	0.0417105	0.203243	0	0.0103541	0.0416319	0.167623
206	0.0100076	0.0429764	0.213237	0	0.0101042	0.0416929	0.16502
207	0.0100658	0.047453	0.241258	0	0.0103541	0.0422364	0.167623
208	0.0100658	0.0517095	0.278285	0	0.0101042	0.0423556	0.16728
209	0.0100698	0.0571076	0.304131	0.00449775	0.0101042	0.0439319	0.189485
210	0.0104881	0.0642297	0.351852	0.005997	0.0101042	0.0444109	0.200008
211	0.0105871	0.0719952	0.45366	0.00749625	0.0101042	0.0450642	0.21267
212	0.0101612	0.0704156	0.412192	0.00749625	0.0100016	0.0455893	0.216241
213	0.0104881	0.0690985	0.405349	0.00449775	0.0101042	0.0474942	0.227945
214	0.0104233	0.0668786	0.404371	0.00449775	0.0102236	0.0492078	0.248123
215	0.0101612	0.0645678	0.351852	0.00149925	0.010339	0.0512617	0.266667
216	0.0104233	0.0630959	0.343666	0.00149925	0.0101042	0.0531113	0.266667
217	0.0104233	0.0620653	0.33412	0.00149925	0.0101042	0.0554795	0.266726
218	0.0104233	0.0627048	0.33412	0.00149925	0.0100016	0.0581679	0.278873
219	0.0104233	0.0638067	0.33412	0.00149925	0.0100016	0.058978	0.284007
220	0.0101612	0.0641407	0.341853	0.0029985	0.0100016	0.0619804	0.334876
221	0.0101612	0.0643204	0.351852	0.0029985	0.0101042	0.0654919	0.344916
222	0.0101612	0.0649043	0.391012	0.00449775	0.0100899	0.0710216	0.361771
223	0.0101612	0.0671092	0.45366	0.011994	0.0100899	0.0783717	0.400463
224	0.0101612	0.0595278	0.304131	0.00749625	0.0100899	0.0881358	0.435916
225	0.0101612	0.0546561	0.266229	0.00749625	0.0103541	0.100157	0.480764
226	0.0101612	0.0504862	0.241258	0.0104948	0.0117653	0.109393	0.554828
227	0.01006	0.0471524	0.209282	0.005997	0.012414	0.112241	0.554828
228	0.01006	0.0451919	0.191863	0.00149925	0.012414	0.116993	0.547571
229	0.01006	0.0446195	0.19164	0	0.0119803	0.130243	0.584978
230	0.0104233	0.0431722	0.194816	0	0.0170445	0.147472	0.807261
231	0.0101612	0.0428125	0.191627	0	0.017788	0.157876	0.784771
232	0.0100183	0.0426046	0.181328	0.00149925	0.0197913	0.162812	0.807261
233	0.0100183	0.0417034	0.181328	0.00149925	0.0199434	0.169672	0.70324
234	0.01006	0.0403854	0.165494	0.0029985	0.0280113	0.179212	0.816016
235	0.01006	0.0390858	0.159302	0	0.0298415	0.190597	0.776507
236	0.01006	0.0382787	0.151498	0	0.0399693	0.202917	0.910272
237	0.0100183	0.0380742	0.148213	0	0.0392644	0.213153	0.8536
238	0.0100183	0.0379057	0.156268	0.00149925	0.0399693	0.213137	0.816016
239	0.0100183	0.0365374	0.148213	0.0029985	0.0399693	0.220022	0.795144
240	0.0100183	0.0360482	0.143852	0.00149925	0.0671069	0.242936	1.14255
241	0.0100412	0.0350773	0.142028	0	0.0680614	0.255	1.06461
242	0.0100183	0.0348017	0.142358	0	0.0713806	0.280023	0.92694
243	0.0100183	0.0340367	0.142028	0	0.0713806	0.286979	0.977491
244	0.0100183	0.0330324	0.129967	0	0.0713806	0.284635	0.977491
245	0.0100183	0.033005	0.131429	0	0.0798082	0.29843	1.14255
246	0.0100183	0.0329151	0.136424	0	0.0798082	0.302321	1.1005
247	0.0100183	0.0327822	0.136424	0	0.0801801	0.299876	1.18188
248	0.0100183	0.0328687	0.139428	0.00149925	0.0722392	0.299481	1.18188
249	0.0100183	0.0321446	0.136424	0	0.0712479	0.287611	1.22575
250	0.0100183	0.0316789	0.131429	0	0.0712479	0.27753	1.24842
251	0.0100183	0.0315631	0.129967	0	0.0485045	0.252736	1.1005
252	0.0100183	0.0311771	0.126733	0	0.0474852	0.238518	1.32731
253	0.0100183	0.0308307	0.11865	0	0.0355236	0.219611	0.906978
254	0.0100183	0.0304435	0.117556	0	0.0308866	0.193875	0.906978
255	0.0100412	0.0304743	0.117556	0	0.0308866	0.175191	0.871543
256	0.0100751	0.030203	0.117556	0	0.0291491	0.166746	0.900382
257	0.0100183	0.0303548	0.117556	0	0.0225902	0.155557	0.777237
258	0.0100183	0.0300529	0.117556	0	0.0225902	0.150988	0.777237
259	0.0100183	0.030126	0.11865	0	0.0188385	0.145758	0.666812
260	0.0100183	0.0302881	0.11865	0	0.0225902	0.144984	0.777237
261	0.0100751	0.0302908	0.117556	0	0.0188385	0.136999	0.70301
262	0.0100029	0.0302281	0.117556	0.00149925	0.0178339	0.135871	0.70301
263	0.0100029	0.0308701	0.128971	0.00449775	0.019262	0.130177	0.77352
264	0.0100029	0.0306069	0.123862	0	0.019262	0.125277	0.77352
265	0.0100029	0.0304341	0.123862	0	0.0109329	0.122043	0.470893
266	0.0100029	0.0300046	0.117524	0	0.0114704	0.117452	0.470893
267	0.0100029	0.0299719	0.122053	0	0.0114704	0.115603	0.470893
268	0.0100751	0.0294053	0.111298	0	0.0118098	0.111595	0.464647
269	0.0100029	0.0292971	0.111298	0	0.012016	0.107182	0.470893
270	0.0100029	0.0294566	0.113613	0	0.0118098	0.107484	0.470893
271	0.0100029	0.0295355	0.114865	0	0.0114704	0.10769	0.475595
272	0.0100029	0.0291403	0.111298	0	0.0109329	0.108126	0.470893
273	0.0100029	0.0288015	0.111142	0	0.0109329	0.108828	0.475595
274	0.0100029	0.0288632	0.10835	0	0.0109329	0.111834	0.475595
275	0.0100412	0.0284788	0.106954	0	0.012016	0.114582	0.567702
276	0.0100029	0.0282043	0.104895	0	0.0122611	0.114934	0.591246
277	0.0100029	0.027996	0.104421	0	0.0125724	0.116984	0.585165
278	0.0100029	0.0280974	0.104895	0	0.0125724	0.118834	0.628917
279	0.0100002	0.0279202	0.104895	0	0.0125724	0.120349	0.627991
280	0.0100002	0.0278271	0.106656	0	0.0130126	0.12498	0.693603
281	0.0100002	0.0276217	0.105751	0	0.0125724	0.130714	0.760489
282	0.0100002	0.0279437	0.10835	0	0.0113082	0.135381	0.946563
283	0.0100002	0.0281256	0.111142	0	0.0125724	0.142624	1.16964
284	0.0100002	0.0276704	0.110677	0	0.0106194	0.152783	1.03176
285	0.0100002	0.0279667	0.114865	0	0.0106194	0.154037	1.03176
286	0.0100002	0.0278656	0.113613	0	0.0100568	0.154609	0.92573
287	0.0100208	0.0279821	0.115848	0	0.0100568	0.150974	0.946563
288	0.0100208	0.0281599	0.115848	0	0.0119961	0.155321	1.22492
289	0.0100002	0.0284808	0.119294	0.00149925	0.0113082	0.186552	2.59062
290	0.0100002	0.0290502	0.126192	0.00149925	0.0125724	0.218339	5.15229
291	0.0100002	0.0290642	0.126192	0.00149925	0.0106194	0.244807	6.56399
292	0.0100002	0.0289164	0.126192	0	0.0100568	0.264528	8.95452
293	0.0100002	0.0291455	0.126192	0	0.0113082	0.38423	13.3503
294	0.0100002	0.0297276	0.134604	0	0.0409596	1.43939	92.9407
295	0.0100208	0.0301483	0.140267	0	0.193982	4.50766	92.9407
296	0.0100002	0.0304884	0.14718	0.00149925	0.224787	5.19066	92.9407
297	0.0100208	0.0300464	0.14718	0	0.242122	5.17236	94.7284
298	0.0100002	0.0302338	0.14718	0	0.211272	4.9899	94.7284
299	0.0100002	0.0297691	0.14718	0	0.227732	4.97894	92.9407
300	0.0100002	0.0299733	0.14718	0.00149925	0.225868	4.97677	92.9407
301	0.0100002	0.0303188	0.144825	0.00149925	0.242252	5.02773	96.4406
302	0.0100002	0.0304239	0.15524	0	0.232793	4.86431	92.9407
303	0.0100002	0.0306393	0.16097	0.00149925	0.200928	4.6676	92.9407
304	0.0100002	0.0311713	0.16889	0.00149925	0.187737	4.51895	92.9407
305	0.0100412	0.0318783	0.173029	0.0029985
