		omega		Posterior		rho				Synonymous theta			kappa			phi	
Site	Lower	Point	Higher	prob of +ve	Lower	Point	Higher		Lower	Point	Higher	Lower	Point	Higher	Lower	Point	Higher
	95% HPD	estimate	95% HPD	selection	95% HPD	estimate	95% HPD		95% HPD	estimate	95% HPD	95% HPD	estimate	95% HPD	95% HPD	estimate	95% HPD
0	0.0100373	0.0292309	0.215116	0.0089955	0.0173395	0.637454	65.3494		0.0852083	0.0987358	0.116442	4.07267	5.63225	8.06477	0	0	0
1	0.0100518	0.0277391	0.18231	0.00749625	0.0184151	0.703332	72.1811
2	0.0100373	0.0266665	0.14875	0.00449775	0.0184151	0.780595	72.1811
3	0.0100373	0.0249146	0.106185	0.0029985	0.0184151	0.870152	72.1811
4	0.0100373	0.0237656	0.0980597	0	0.0184151	0.938836	72.1811
5	0.0100373	0.0237102	0.0913785	0	0.0191909	1.18913	73.0838
6	0.0100373	0.0232895	0.0861495	0	0.0194978	1.21141	73.0838
7	0.0100373	0.022903	0.0853622	0	0.0210183	1.22025	69.3338
8	0.0100373	0.0226559	0.0853622	0	0.0210183	1.30474	69.3338
9	0.0100373	0.0225312	0.0841273	0	0.0151603	1.01182	63.5423
10	0.0100373	0.0222775	0.0786088	0	0.0153475	0.826345	63.5423
11	0.0100373	0.0221071	0.076718	0	0.0151603	0.752188	63.5423
12	0.0100373	0.0222251	0.0739243	0.0029985	0.0151603	0.716674	63.5423
13	0.0100373	0.0220101	0.0695177	0.0029985	0.0147019	0.641393	63.5423
14	0.0100373	0.0214377	0.0653085	0	0.0144439	0.576265	63.5423
15	0.0100373	0.0215243	0.069009	0	0.010753	0.543556	51.3488
16	0.0100373	0.0217465	0.0695177	0	0.0151603	0.591614	83.1034
17	0.0100373	0.0220195	0.0740563	0	0.0151603	0.602721	83.1034
18	0.0100373	0.0224553	0.0756521	0	0.0151603	0.601872	83.1034
19	0.0100373	0.0223263	0.0740563	0	0.0109124	0.627315	58.2246
20	0.0100373	0.0221593	0.0721338	0	0.016485	0.633198	83.1034
21	0.0100373	0.022106	0.0721338	0	0.0172806	0.680182	84.1106
22	0.0100373	0.0218866	0.069009	0	0.016485	0.651973	83.1034
23	0.0100518	0.0215076	0.0640919	0	0.0163998	0.605209	83.1034
24	0.0100518	0.0213322	0.0598311	0	0.0147019	0.516237	81.4756
25	0.0100518	0.0214274	0.060871	0	0.0147959	0.508102	81.1206
26	0.0100518	0.0214905	0.0640919	0	0.0147959	0.515403	81.1206
27	0.0100518	0.0214074	0.0653085	0	0.0145919	0.482219	81.4756
28	0.0100518	0.0218569	0.0713461	0	0.0141965	0.455576	81.4756
29	0.0100518	0.0220641	0.0756521	0	0.0100028	0.414977	58.9491
30	0.0100518	0.022098	0.0740563	0	0.0100028	0.347729	51.3488
31	0.0100518	0.0221869	0.0760533	0	0.0100028	0.306378	51.0707
32	0.0100518	0.0222799	0.0765401	0	0.0102012	0.291449	51.3488
33	0.0100518	0.0220834	0.0765401	0	0.0100028	0.205918	39.6469
34	0.0100518	0.0218166	0.0739243	0	0.0100028	0.148888	34.0925
35	0.0100518	0.0215233	0.0705181	0	0.0100028	0.126985	26.3453
36	0.0100518	0.0216283	0.0739243	0	0.0100028	0.111197	7.57594
37	0.0100518	0.021721	0.076718	0	0.0100028	0.101801	4.37734
38	0.0100518	0.0219035	0.076718	0	0.0100028	0.0862951	2.07785
39	0.0100518	0.0216774	0.076718	0	0.0100028	0.0806106	1.52739
40	0.0100518	0.0213043	0.0739243	0	0.0100028	0.0747077	1.13425
41	0.0100518	0.0212597	0.0739243	0	0.0100028	0.0703717	0.924752
42	0.0100518	0.0211448	0.0705181	0	0.0100028	0.0684271	0.877149
43	0.0100518	0.0210375	0.069009	0	0.0100028	0.0644236	0.877149
44	0.0100518	0.0209209	0.069009	0	0.0100028	0.0631657	0.843419
45	0.0100518	0.0207513	0.0653085	0	0.0100028	0.0618227	0.809846
46	0.0100518	0.0208948	0.069009	0	0.0100028	0.0613345	0.722185
47	0.0100518	0.0208301	0.0705181	0	0.0100028	0.0634659	0.843419
48	0.0100518	0.0206851	0.0705181	0	0.0100028	0.064082	0.877149
49	0.0100518	0.0206533	0.0726863	0	0.0100028	0.063724	0.744315
50	0.0100518	0.0207414	0.0735407	0	0.0100028	0.0621628	0.722185
51	0.0100518	0.0207497	0.0739243	0	0.0100028	0.0613303	0.722185
52	0.0100518	0.0209872	0.0765401	0	0.0100028	0.0592886	0.444561
53	0.0100518	0.0210027	0.0739243	0	0.0100028	0.0592015	0.441913
54	0.0100518	0.0210464	0.0739243	0	0.0100028	0.0601132	0.444561
55	0.0100518	0.0208769	0.0727191	0	0.0100028	0.0593939	0.353013
56	0.0100518	0.0209774	0.0739243	0	0.0100028	0.0589828	0.322523
57	0.0100518	0.0206289	0.0726863	0	0.0100028	0.058839	0.259535
58	0.0100518	0.0203902	0.0705181	0	0.0100028	0.0580758	0.238053
59	0.0100518	0.0204299	0.0705181	0	0.0100028	0.0573985	0.244173
60	0.0100518	0.0201511	0.0609442	0	0.0100028	0.055893	0.240568
61	0.0100518	0.0199667	0.0584552	0	0.0100028	0.0560094	0.240568
62	0.0100518	0.0199318	0.0576778	0	0.0100028	0.0582892	0.322523
63	0.0100518	0.0199237	0.0576778	0	0.0100028	0.0596786	0.370466
64	0.0100518	0.019684	0.0553688	0	0.0100028	0.062199	0.451107
65	0.0100518	0.0197806	0.0553688	0	0.0100028	0.0604883	0.441913
66	0.0100518	0.0199587	0.0576155	0	0.0100028	0.0615408	0.441913
67	0.0100518	0.0200643	0.0576155	0	0.0100028	0.0607344	0.322523
68	0.0100518	0.0203593	0.0597043	0	0.0100028	0.0618281	0.302348
69	0.0100518	0.0203672	0.0597043	0	0.0102012	0.0636944	0.32451
70	0.0100518	0.0203813	0.0597043	0	0.0102012	0.0639524	0.322997
71	0.0100518	0.0203944	0.0576778	0	0.0102012	0.0649996	0.32451
72	0.0100518	0.0203274	0.0576778	0	0.010048	0.0685857	0.322997
73	0.0100518	0.0204524	0.0597043	0	0.010048	0.0723764	0.370466
74	0.0100518	0.020203	0.0592464	0	0.0102012	0.0771972	0.398724
75	0.0100518	0.020279	0.0597043	0	0.0125254	0.0804513	0.528424
76	0.0100518	0.0201264	0.0553844	0	0.0102012	0.0802555	0.398724
77	0.0100518	0.0199837	0.0553688	0	0.0102012	0.0831824	0.398724
78	0.0100518	0.0200749	0.0553844	0	0.0146454	0.0880527	0.533992
79	0.0100518	0.020242	0.0560995	0	0.0146454	0.0903313	0.528424
80	0.0100518	0.020216	0.0560995	0	0.0148784	0.0912554	0.533992
81	0.0100518	0.0202245	0.0576778	0	0.0146454	0.0927347	0.491498
82	0.0100518	0.0202282	0.0576778	0	0.0118994	0.0915253	0.369579
83	0.0100518	0.0202233	0.0560995	0	0.022215	0.0915882	0.533992
84	0.0100518	0.0202799	0.0556086	0	0.0239928	0.0910391	0.547941
85	0.0100518	0.020475	0.0592464	0.00149925	0.022215	0.0925961	0.531964
86	0.0100518	0.020603	0.0597043	0	0.0210227	0.0964051	0.531964
87	0.0100518	0.0201001	0.0556873	0	0.0196349	0.0957837	0.479329
88	0.0100518	0.0202465	0.0592464	0	0.0210227	0.103059	0.52946
89	0.0100518	0.0201733	0.0602402	0	0.0251882	0.106652	0.626856
90	0.0100518	0.0200979	0.0592464	0	0.0187416	0.109587	0.52946
91	0.0100518	0.0201704	0.0602402	0	0.0192864	0.0985095	0.398724
92	0.0100518	0.0203053	0.0671163	0	0.0183874	0.0929845	0.398724
93	0.0100518	0.0204995	0.0672955	0	0.0159493	0.0901537	0.322523
94	0.0100518	0.0203735	0.0652079	0	0.0169326	0.0852415	0.312875
95	0.0100518	0.020326	0.0652079	0	0.0169326	0.083524	0.312875
96	0.0100518	0.0206046	0.0672955	0	0.0159493	0.0790951	0.322523
97	0.0100518	0.0211876	0.0739243	0	0.0139745	0.0759832	0.307114
98	0.0100518	0.021275	0.0761566	0	0.0139306	0.0754938	0.307114
99	0.0100518	0.0211373	0.0739243	0	0.0139306	0.0734239	0.307114
100	0.0100518	0.0209796	0.0717688	0	0.0139306	0.0700043	0.312875
101	0.0100518	0.0209676	0.0717688	0	0.0137706	0.0680897	0.307114
102	0.0100518	0.0210901	0.0717688	0	0.0115365	0.0656865	0.254375
103	0.0100518	0.0208429	0.0702182	0	0.0130508	0.0659435	0.302682
104	0.0100518	0.0206271	0.0681928	0	0.0111556	0.0640216	0.244173
105	0.0100518	0.0207308	0.0686381	0	0.0107363	0.0621946	0.206125
106	0.0100518	0.0207241	0.0686381	0	0.0107363	0.0608149	0.205322
107	0.0100518	0.0211142	0.0739243	0	0.0107363	0.0603083	0.203257
108	0.0100518	0.0210665	0.0717688	0	0.0101404	0.0574793	0.180168
109	0.0100518	0.0208405	0.0717688	0	0.0101404	0.0564162	0.177298
110	0.0100518	0.020481	0.0686381	0	0.0101404	0.0563939	0.177298
111	0.0100518	0.0206477	0.0702182	0	0.0101404	0.0557288	0.169805
112	0.0100518	0.0206788	0.0702182	0	0.0107572	0.0558186	0.168435
113	0.0100518	0.0204498	0.0702182	0	0.0114509	0.0549921	0.169805
114	0.0100518	0.020376	0.0702182	0	0.0111556	0.0545274	0.169805
115	0.0100518	0.0202597	0.0686381	0	0.010692	0.054878	0.166001
116	0.0100518	0.020211	0.0681928	0	0.0107572	0.0547806	0.167293
117	0.0100518	0.0202525	0.0681928	0	0.0107572	0.0552551	0.167293
118	0.0100518	0.0204241	0.0702182	0	0.0103674	0.0563137	0.167293
119	0.0100518	0.0204728	0.0702182	0	0.0103674	0.0566136	0.167293
120	0.0100518	0.0201604	0.0686381	0	0.012456	0.057717	0.207641
121	0.0100518	0.0201434	0.0686381	0	0.013118	0.0590816	0.207641
122	0.0100518	0.0199914	0.0657631	0	0.0134627	0.0600796	0.207641
123	0.0100518	0.0194953	0.0553844	0	0.0121033	0.0643648	0.207388
124	0.0100518	0.0195064	0.0553844	0	0.0121033	0.0685866	0.234545
125	0.0100518	0.0192836	0.0522362	0	0.013118	0.0717331	0.317016
126	0.0100518	0.0193369	0.0522362	0	0.0134627	0.0717822	0.309165
127	0.0100518	0.0196239	0.055275	0	0.0134627	0.0720492	0.312906
128	0.0100518	0.0197061	0.0553844	0	0.0115365	0.0693062	0.234545
129	0.0100518	0.0196435	0.052276	0	0.0134627	0.0703469	0.312906
130	0.0100518	0.0196839	0.052276	0	0.0134627	0.0712436	0.312906
131	0.0100518	0.0198479	0.0547456	0	0.013118	0.0705465	0.307114
132	0.0100518	0.019759	0.052276	0	0.0121033	0.0669102	0.255066
133	0.0100518	0.0198619	0.052276	0.00149925	0.0121033	0.0659232	0.234545
134	0.0100518	0.0198345	0.0547456	0.00149925	0.0137706	0.068072	0.309165
135	0.0100518	0.0198387	0.0547456	0.00149925	0.0139306	0.0683892	0.303161
136	0.0100518	0.0203175	0.0592464	0.00149925	0.0133219	0.0661416	0.299004
137	0.0100518	0.0203398	0.0576778	0.00149925	0.0116129	0.0658131	0.252556
138	0.0100518	0.0203195	0.0576778	0	0.0125876	0.0668443	0.299004
139	0.0100518	0.0209241	0.0623422	0	0.0121033	0.067858	0.299004
140	0.0100518	0.0207336	0.0592464	0	0.0107508	0.0713431	0.299004
141	0.0100518	0.0204926	0.0561702	0	0.0115612	0.0734753	0.336951
142	0.010056	0.0210788	0.0664167	0.00149925	0.0107508	0.0721859	0.309165
143	0.010056	0.0203489	0.0575253	0.00149925	0.0115612	0.0684308	0.29843
144	0.0100811	0.021258	0.0687836	0.005997	0.011042	0.0659176	0.252556
145	0.010056	0.0205599	0.0592464	0.00149925	0.011042	0.0645534	0.236015
146	0.010056	0.0205861	0.0576778	0	0.011042	0.0648155	0.224632
147	0.010056	0.0209685	0.0664167	0	0.0114096	0.0631432	0.224632
148	0.010056	0.0210741	0.0676048	0	0.011042	0.0656925	0.231099
149	0.010056	0.021061	0.0676048	0	0.0114096	0.0647471	0.225404
150	0.010056	0.0211081	0.0676048	0	0.0114096	0.064694	0.231099
151	0.0101054	0.0213649	0.0687836	0	0.0114096	0.0636587	0.225404
152	0.0101054	0.0214875	0.0687836	0	0.0114461	0.0626147	0.225404
153	0.010056	0.0216513	0.0687836	0	0.0114839	0.0623418	0.225404
154	0.010056	0.0217343	0.0699165	0	0.0121033	0.0609236	0.225404
155	0.010056	0.0219336	0.071649	0	0.0120901	0.0619433	0.231099
156	0.010056	0.021913	0.0710031	0	0.0120901	0.0597052	0.224632
157	0.0101523	0.021947	0.0722625	0	0.011042	0.0593517	0.20917
158	0.0101523	0.0219978	0.0722625	0	0.0110156	0.0596866	0.20917
159	0.0101523	0.0222416	0.0722625	0	0.0112857	0.0608631	0.224632
160	0.0101523	0.0220896	0.0722625	0	0.0112857	0.0609883	0.225404
161	0.0101523	0.0221129	0.0722625	0	0.0112857	0.0602816	0.225404
162	0.0101054	0.0221807	0.0722625	0	0.0110156	0.06134	0.225404
163	0.0101523	0.0219532	0.0722625	0	0.0110156	0.0620659	0.241912
164	0.010056	0.0220668	0.0722625	0	0.0110156	0.0633964	0.276617
165	0.0101054	0.0221764	0.0739027	0	0.0106824	0.0630291	0.276617
166	0.010056	0.0224287	0.0739027	0	0.0110156	0.0648719	0.296594
167	0.0101054	0.0224444	0.0739027	0	0.0105772	0.0649142	0.296594
168	0.0101054	0.0226474	0.0739027	0	0.0110156	0.065212	0.296594
169	0.0101398	0.0230035	0.0781231	0.00149925	0.0112857	0.0647049	0.318347
170	0.010056	0.022945	0.0759665	0.00149925	0.0107588	0.0644671	0.364073
171	0.010056	0.0229247	0.0759665	0	0.0110156	0.065343	0.413753
172	0.0101054	0.0229177	0.0759665	0	0.0110156	0.0663867	0.478713
173	0.010056	0.0231067	0.0766151	0	0.0114461	0.0712463	0.538522
174	0.010056	0.0231816	0.0794835	0	0.0114096	0.0782776	0.606738
175	0.010056	0.0232749	0.0794835	0	0.0114096	0.0881877	0.694587
176	0.010194	0.0233294	0.0804806	0	0.0107588	0.0980887	0.721383
177	0.010194	0.023447	0.0804806	0	0.012559	0.107175	0.911932
178	0.010056	0.02369	0.0857737	0	0.0126553	0.111266	0.911932
179	0.0100471	0.0243274	0.089491	0.0029985	0.0126553	0.1141	0.911932
180	0.0100471	0.0245396	0.0927297	0	0.012559	0.127804	0.911932
181	0.0100471	0.0244526	0.0918189	0	0.0126553	0.150447	0.94659
182	0.0100471	0.0246981	0.0940518	0	0.0201785	0.202141	1.51654
183	0.0100471	0.0248286	0.096568	0	0.0136784	0.295384	2.53762
184	0.0100471	0.024841	0.0940518	0	0.0187416	0.284251	2.53762
185	0.0100538	0.0246856	0.0940518	0	0.0187416	0.284613	2.53762
186	0.0100471	0.0243702	0.0927297	0	0.0119918	0.22474	2.2308
187	0.0100471	0.0241781	0.089491	0	0.0101302	0.180514	1.22709
188	0.0100471	0.0241936	0.0888647	0	0.0100059	0.150302	1.05341
189	0.0100471	0.0244828	0.0958315	0	0.0101302	0.106715	0.94943
190	0.0100471	0.0246566	0.0979783	0	0.0100521	0.0774785	0.7517
191	0.0100471	0.0248316	0.101416	0	0.0100059	0.0580015	0.550457
192	0.0100471	0.0256194	0.105828	0	0.0100062	0.0466836	0.483957
193	0.0100538	0.0256129	0.105828	0	0.0100059	0.0387883	0.215593
194	0.0100471	0.0258499	0.102912	0	0.0100062	0.0353718	0.196638
195	0.0100471	0.0264392	0.10951	0	0.0100059	0.0336573	0.171253
196	0.0100471	0.0269001	0.113301	0	0.0100217	0.0316733	0.155505
197	0.0100471	0.0272208	0.114991	0	0.0100059	0.0312418	0.155505
198	0.0100471	0.0272916	0.114249	0	0.0100217	0.030684	0.155505
199	0.0100471	0.0274767	0.114249	0	0.0100059	0.0292309	0.129006
200	0.0100471	0.0277961	0.115193	0	0.0100059	0.0286087	0.126527
201	0.0100471	0.0279585	0.115193	0	0.0100059	0.02759	0.105385
202	0.0100471	0.0282661	0.115193	0	0.0100217	0.0267736	0.100473
203	0.0100471	0.0286572	0.11705	0	0.0100062	0.0261046	0.095123
204	0.0100471	0.0293596	0.141277	0	0.0100062	0.0255012	0.0945113
205	0.0100471	0.0281843	0.119345	0	0.0100062	0.0249706	0.0909468
206	0.0100471	0.0270492	0.113301	0	0.0100062	0.0249552	0.0909468
207	0.0100471	0.0262654	0.113058	0	0.0100217	0.0246783	0.090592
208	0.0100206	0.0258674	0.109492	0.00149925	0.0100217	0.0242533	0.0863795
209	0.0100206	0.0255363	0.106122	0.00449775	0.0100062	0.024199	0.0845999
210	0.0100206	0.0247403	0.100235	0	0.0100062	0.0242334	0.0851003
211	0.0100471	0.0248589	0.10535	0	0.0100062	0.0245493	0.0845999
212	0.0100206	0.0246227	0.100235	0.00149925	0.0100217	0.0248267	0.0845999
213	0.0100382	0.0242991	0.0975779	0	0.0100217	0.0249466	0.0845999
214	0.0100382	0.0242609	0.0975779	0	0.0100217	0.0250346	0.0845999
215	0.0100382	0.0241331	0.0974881	0	0.0100217	0.0247283	0.0842728
216	0.0100382	0.0240733	0.0975779	0	0.0100217	0.0244622	0.0842728
217	0.0100382	0.0237045	0.0970071	0	0.0100763	0.0241321	0.0842728
218	0.0100382	0.0231716	0.0907416	0	0.0100217	0.0241725	0.0842728
219	0.0100382	0.0231192	0.0907416	0	0.0100763	0.0240367	0.0842728
220	0.0100382	0.0230953	0.0912704	0	0.0100521	0.023949	0.084036
221	0.0100382	0.0227109	0.0888647	0	0.0100763	0.0239008	0.084036
222	0.0100382	0.0223135	0.0805549	0	0.0100763	0.0240423	0.0842728
223	0.0100382	0.0227169	0.0849343	0.005997	0.0100521	0.0241367	0.0842728
224	0.0100382	0.0224901	0.0805549	0.00149925	0.0100217	0.0242882	0.0851003
225	0.0100382	0.0221972	0.0748754	0.0029985	0.0100217	0.0243048	0.0851003
226	0.0100382	0.021737	0.0716122	0	0.0100217	0.0244897	0.089281
227	0.0100382	0.0216362	0.0699469	0	0.0100217	0.0250337	0.0976726
228	0.0100102	0.0210131	0.0655824	0	0.0100217	0.0247194	0.090592
229	0.0100102	0.0210768	0.0655824	0	0.0100217	0.0248618	0.090592
230	0.0100102	0.0208071	0.0623944	0	0.0100217	0.0242603	0.0842728
231	0.0100485	0.0207149	0.0623944	0	0.0100217	0.0241953	0.0842728
232	0.0100102	0.0206361	0.0623944	0	0.0100217	0.024289	0.0851003
233	0.0100102	0.0207088	0.0655824	0	0.0100217	0.0245225	0.090592
234	0.0100102	0.0205787	0.0627751	0	0.0100217	0.0244514	0.090592
235	0.0100102	0.0207081	0.0655824	0	0.0100217	0.0245538	0.090592
236	0.0100102	0.0207021	0.0655824	0	0.0100217	0.0241429	0.0842728
237	0.0100102	0.020645	0.0664167	0	0.0100217	0.0241647	0.0842728
238	0.0100485	0.0207353	0.0687836	0	0.0100217	0.0241555	0.0842728
239	0.0100485	0.0207369	0.0687836	0	0.0100521	0.0238219	0.0842728
240	0.0100102	0.020886	0.0697577	0	0.0100217	0.0239633	0.0842728
241	0.0100102	0.0206639	0.0687836	0	0.0100217	0.0244664	0.086395
242	0.0100485	0.020501	0.0687836	0	0.0100521	0.024715	0.0845999
243	0.0100102	0.0204524	0.065622	0	0.0100763	0.0255165	0.090592
244	0.0100102	0.0203856	0.065622	0	0.0100521	0.0263615	0.090592
245	0.0100102	0.0202262	0.0649992	0	0.0100521	0.0266137	0.090592
246	0.0100102	0.0200979	0.0627751	0	0.0100521	0.0267764	0.090592
247	0.0100102	0.0201103	0.0627751	0	0.0100521	0.0270714	0.094478
248	0.0100102	0.0201888	0.065622	0	0.0100521	0.0269127	0.090592
249	0.0100485	0.0201739	0.0687836	0	0.0100521	0.0272806	0.0927652
250	0.0100336	0.0202287	0.0687836	0	0.0100521	0.0280876	0.095123
251	0.0100336	0.020179	0.0687836	0	0.0100521	0.0298552	0.113238
252	0.0100102	0.0201976	0.0687836	0	0.0100521	0.030098	0.113238
253	0.0100102	0.0202101	0.0687836	0	0.0100521	0.0306665	0.122287
254	0.0100102	0.0201585	0.0687836	0	0.0100521	0.0315102	0.126175
255	0.0100336	0.0202018	0.0697577	0	0.0100521	0.032466	0.127575
256	0.0100102	0.0203995	0.0716122	0	0.0100521	0.0334892	0.135451
257	0.0100102	0.0204309	0.0716122	0	0.0100521	0.0342402	0.139998
258	0.0100102	0.0203031	0.0687738	0	0.0101302	0.0353015	0.158202
259	0.0100336	0.0199958	0.0666213	0	0.0101302	0.0368525	0.161594
260	0.0100102	0.0196686	0.0610828	0	0.0102465	0.0373472	0.158202
261	0.0100336	0.0194945	0.0555142	0	0.0102465	0.0373346	0.158202
262	0.0100102	0.0197329	0.0576832	0	0.0102465	0.0369184	0.141419
263	0.0100102	0.0198365	0.0610828	0	0.0102465	0.0362199	0.132274
264	0.0100102	0.019839	0.0610828	0	0.0102465	0.0359969	0.132274
265	0.0100102	0.0196297	0.0560471	0	0.0102465	0.0354278	0.124207
266	0.0100102	0.0196987	0.0576832	0	0.0101313	0.034448	0.118137
267	0.0100336	0.0197291	0.0560471	0	0.0103168	0.0349977	0.122287
268	0.0100336	0.0198167	0.0613633	0	0.0104968	0.0349032	0.123095
269	0.0100508	0.0199933	0.0616342	0	0.0104968	0.0345197	0.123095
270	0.0100708	0.0198811	0.0616342	0	0.0105715	0.0342417	0.123095
271	0.0100708	0.0198198	0.0616342	0	0.0103153	0.0348357	0.122287
272	0.0100508	0.0196846	0.0616342	0	0.0103168	0.0357986	0.124207
273	0.0100336	0.0197647	0.0616342	0.00149925	0.0103168	0.0360232	0.12596
274	0.0100336	0.0198441	0.0616342	0.00149925	0.0103168	0.0364033	0.126175
275	0.0100263	0.0198046	0.0616342	0	0.0101313	0.0374706	0.139998
276	0.0100336	0.0203712	0.0747083	0.00149925	0.0101313	0.0375561	0.147957
277	0.0100263	0.0206849	0.0802929	0.005997	0.0101313	0.0377991	0.147957
278	0.0100263	0.0212901	0.102329	0.00449775	0.0101313	0.0384274	0.147957
279	0.0100336	0.0216473	0.100187	0.005997	0.0105715	0.0388391	0.158367
280	0.0100336	0.0208078	0.082329	0	0.0101313	0.0400264	0.158367
281	0.0100336	0.0208445	0.0834275	0	0.0103279	0.0412583	0.170177
282	0.0100508	0.0207437	0.0850723	0	0.0103279	0.0415871	0.170177
283	0.0100336	0.0208519	0.0858752	0	0.0111184	0.0448544	0.20751
284	0.0100336	0.0208076	0.0977531	0	0.0103058	0.0468273	0.197012
285	0.0100336	0.0207679	0.0858752	0	0.0103058	0.0478174	0.197419
286	0.0100336	0.0209903	0.0977531	0	0.0103058	0.0499182	0.206409
287	0.0100336	0.021097	0.100187	0	0.0103058	0.050998	0.20751
288	0.0100336	0.0212709	0.105449	0	0.0103058	0.0518687	0.210545
289	0.0100336	0.0214982	0.100187	0	0.0103058	0.0526286	0.210545
290	0.0100336	0.0217217	0.105449	0	0.0103058	0.0529381	0.210545
291	0.0100336	0.0213857	0.0850723	0	0.0103058	0.0535635	0.219946
292	0.0100336	0.0214285	0.0860639	0	0.0103058	0.0539002	0.219946
293	0.0100336	0.0214221	0.0860639	0.00149925	0.0103058	0.0544228	0.220509
294	0.0100336	0.0213568	0.0860639	0.00149925	0.0115329	0.0553442	0.253902
295	0.0100336	0.0214316	0.101706	0	0.0103058	0.05646	0.233656
296	0.0100508	0.0211742	0.0850723	0	0.0103058	0.0609971	0.253902
297	0.0100336	0.0209127	0.0758891	0	0.0120617	0.068363	0.331264
298	0.0100336	0.0208402	0.0696593	0	0.0120617	0.069668	0.331264
299	0.0100336	0.0207266	0.0669691	0	0.0103178	0.0794149	0.405799
300	0.0100508	0.0208136	0.0688437	0	0.0103178	0.0935265	0.693808
301	0.0100336	0.0208003	0.0696593	0	0.0103168	0.115778	2.30235
302	0.0100336	0.0205816	0.0655335	0	0.0103178	0.124813	2.58005
303	0.0100336	0.0202533	0.0622684	0	0.0103279	0.133886	2.98981
304	0.0100508	0.0205014	0.0636028	0	0.0103279	0.140934	2.98981
305	0.0100148	0.020449	0.0636028	0	0.0103168	0.148674	2.98981
306	0.0100148	0.0204471	0.0636028	0	0.0103168	0.154169	5.74186
307	0.0100148	0.0204079	0.0634263	0	0.0103168	0.15766	6.89772
308	0.0100148	0.0205485	0.0634263	0	0.0103168	0.165313	20.077
309	0.0100148	0.0205895	0.0636028	0	0.0103168	0.161508	9.02408
310	0.0100148	0.0206142	0.0636028	0	0.0103168	0.151061	5.08954
311	0.0100148	0.0210497	0.0651865	0.00449775	0.0100842	0.143268	5.08954
312	0.0100148	0.0208649	0.0640415	0	0.0100842	0.134133	4.16359
313	0.0100148	0.020847	0.0636303	0	0.0100842	0.127609	2.98981
314	0.0100148	0.0209777	0.0651865	0	0.0100186	0.125753	4.16359
315	0.0100148	0.0207504	0.0636028	0	0.0100186	0.126729	4.16359
316	0.0100148	0.02058	0.0623967	0	0.0100186	0.123982	4.16359
317	0.0100148	0.0205525	0.0623967	0	0.0100186	0.121531	4.16359
318	0.0100148	0.0206283	0.0623967	0	0.0100842	0.121147	4.16359
319	0.0100148	0.0204599	0.0610794	0	0.0100842	0.120075	4.16359
320	0.0100148	0.020427	0.0610794	0	0.0100842	0.118836	4.16359
321	0.0100148	0.0205998	0.0623967	0	0.0100842	0.111637	2.07873
322	0.0100148	0.0206464	0.0640415	0	0.0100842	0.111225	1.99623
323	0.0100148	0.0206443	0.0636571	0	0.0100842	0.107916	1.76436
324	0.0100148	0.0207732	0.0640415	0	0.0100842	0.10556	1.31875
325	0.0100148	0.0209416	0.0656231	0	0.0100842	0.105316	1.31875
326	0.0100148	0.0212279	0.0669691	0	0.0100842	0.0994764	1.06855
327	0.0100148	0.0213564	0.0709711	0	0.0100842	0.100072	1.0083
328	0.0100148	0.0215402	0.0766829	0	0.0100842	0.0966433	0.84163
329	0.0100148	0.0215757	0.0715818	0	0.0100842	0.0959319	0.84163
330	0.0100148	0.0216057	0.0715818	0	0.0100842	0.097312	0.84163
331	0.0100148	0.0215092	0.0715818	0	0.0100842	0.100629	0.925752
332	0.0100148	0.0213218	0.0709711	0	0.0100842	0.10706	0.925752
333	0.0100148	0.0217312	0.0772399	0	0.0100842	0.108621	0.925752
334	0.0100185	0.0221801	0.0803811	0	0.0100842	0.120811	1.2939
335	0.0100185	0.0227283	0.0830683	0	0.0100842	0.138519	14.4884
336	0.0100185	0.0234839	0.110326	0.00149925	0.0100842	0.1475	18.1828
337	0.0100169	0.0239091	0.110326	0.00149925	0.0100842	0.153342	18.1828
338	0.0100169	0.0247998	0.115028	0	0.0100842	0.161066	18.1828
339	0.0100169	0.0263483	0.145865	0	0.0103178	0.168218	22.2381
340	0.0100169	0.0284831	0.205898	0	0.0103178	0.17359	22.2381
341	0.0100169	0.0298488	0.299728	0.00149925	0.0100842	0.175585	21.3142
342	0.0100185	0.031899	0.343617	0	0.0111615	0.192886	22.2381
343	0.0100185	0.0311803	0.299728	0	0.019252	0.216813	27.3646
344	0.0100185	0.0298181	0.244393	0	0.019252	0.230129	25.8462
345	0.0100185	0.0292092	0.20334	0	0.0238525	0.254845	25.8462
346	0.0100185	0.0278791	0.177614	0	0.0193169	0.251368	15.3197
347	0.0100185	0.0275497	0.173965	0	0.0229139	0.25213	14.6513
348	0.0100185	0.0271451	0.163111	0.00149925	0.0229139	0.248699	14.4884
349	0.0100185	0.0268794	0.145865	0.00149925	0.0180486	0.248093	6.9377
350	0.0100185	0.0261645	0.116496	0	0.0197585	0.243109	3.79919
351	0.0100185	0.0254477	0.11161	0	0.0236815	0.235881	3.82278
352	0.0100185	0.0251169	0.110326	0	0.0164902	0.2083	2.84832
353	0.0100185	0.0248079	0.112401	0	0.0180486	0.155719	1.70773
354	0.0100336	0.024528	0.110812	0	0.0126018	0.13146	0.675924
355	0.0100185	0.0241616	0.109992	0	0.0169441	0.119774	0.675924
356	0.0100185	0.0235604	0.0993949	0	0.0169441	0.115677	0.579609
357	0.0100185	0.0234681	0.0986703	0	0.0171254	0.114782	0.562338
358	0.0100313	0.0238834	0.103456	0	0.0171254	0.112579	0.567776
359	0.0100336	0.0241776	0.110326	0.00149925	0.0169441	0.108431	0.567776
360	0.0100313	0.0234948	0.0993949	0	0.0169441	0.106747	0.607057
361	0.0100313	0.023259	0.0986703	0	0.0120883	0.105522	0.464252
362	0.0100336	0.022934	0.0963488	0	0.0120883	0.105867	0.511989
363	0.0100313	0.0227831	0.095294	0	0.0169441	0.106742	0.675924
364	0.0100313	0.0231001	0.101024	0	0.0171254	0.108126	0.675924
365	0.0100313	0.0227164	0.101024	0	0.0201481	0.112228	0.751556
366	0.0100313	0.0224687	0.0963488	0	0.019231	0.116751	0.751556
367	0.0100336	0.0227597	0.10128	0	0.0201481	0.11507	0.751556
368	0.0100313	0.0224583	0.100066	0	0.0158509	0.107813	0.607579
369	0.0100313	0.0222748	0.0928736	0	0.0109964	0.115685	0.562338
370	0.0100313	0.0220656	0.0901041	0	0.0109964	0.117108	0.675784
371	0.0100336	0.021638	0.0818637	0	0.0110166	0.138507	3.29049
372	0.0100444	0.0215381	0.0803811	0	0.0120883	0.150116	10.8674
373	0.0100313	0.0215286	0.0733545	0	0.0123853	0.159502	18.2261
374	0.0100336	0.0210852	0.0715225	0	0.0120883	0.162161	18.3313
375	0.0100313	0.0210067	0.0715225	0	0.0120883	0.154539	18.3313
376	0.0100313	0.0206126	0.0668184	0	0.010952	0.152555	18.3313
377	0.0100313	0.0206545	0.0666504	0	0.010952	0.150318	18.3313
378	0.0100313	0.0207891	0.0656231	0	0.010952	0.14592	18.3313
379	0.0100313	0.0207689	0.0656231	0	0.010952	0.141701	18.2261
380	0.0100313	0.0208357	0.0662749	0	0.010952	0.138555	18.2261
381	0.0100313	0.0210421	0.070157	0	0.010952	0.139777	25.0177
382	0.0100313	0.0209186	0.0668184	0	0.010952	0.136459	15.8695
383	0.0100313	0.0209646	0.070157	0	0.010952	0.136542	15.8695
384	0.0100336	0.0209141	0.0703272	0	0.0109389	0.130494	12.3248
385	0.0100336	0.0207482	0.0706364	0	0.0109389	0.127011	6.60702
386	0.0100336	0.0207652	0.0715225	0	0.0109389	0.116913	2.49904
387	0.0100343	0.0206375	0.0715225	0	0.0109389	0.104911	1.25616
388	0.0100336	0.0206679	0.0715225	0	0.0109389	0.104095	1.25616
389	0.0100343	0.0206803	0.0715225	0	0.0101534	0.100759	1.12985
390	0.0100336	0.0207325	0.0733545	0	0.010952	0.100808	1.11361
391	0.0100336	0.0208215	0.0739824	0	0.010952	0.101743	1.11361
392	0.0100336	0.0212248	0.0822726	0	0.010952	0.103477	1.11361
393	0.0100343	0.0210637	0.080331	0	0.0118975	0.101268	1.03951
394	0.0100336	0.0208915	0.0786999	0	0.0101534	0.101098	0.68827
395	0.0100336	0.0206545	0.076383	0	0.010952	0.102006	0.686606
396	0.0100336	0.020026	0.0662749	0	0.0101534	0.103351	0.68827
397	0.0100336	0.0200227	0.0656899	0	0.0120028	0.108263	0.985171
398	0.0100336	0.0199225	0.0641551	0	0.0118975	0.109652	1.00213
399	0.0100343	0.0199615	0.0641551	0	0.0120028	0.121206	1.17248
400	0.0100343	0.0201976	0.0662749	0	0.0119345	0.123584	1.17248
401	0.0100343	0.0201995	0.0645289	0	0.0119345	0.129263	1.17248
402	0.0100343	0.0202761	0.0656899	0	0.0118975	0.12087	1.07386
403	0.0100343	0.0203691	0.0656899	0	0.0118975	0.111168	0.785831
404	0.0100343	0.0203372	0.0656646	0	0.0119345	0.10484	0.642949
405	0.0100343	0.0204092	0.0662749	0	0.0118975	0.109183	0.785831
406	0.0100343	0.0201189	0.0641551	0	0.0120028	0.12577	1.78941
407	0.0100343	0.0199706	0.0621071	0	0.0119345	0.115786	0.642949
408	0.0100343	0.0198736	0.0600066	0	0.0119345	0.110794	0.546247
409	0.0100343	0.019982	0.0609796	0	0.0113564	0.106258	0.510663
410	0.0100343	0.019898	0.0600066	0	0.0113564	0.104282	0.514964
411	0.0100343	0.0200315	0.0621071	0	0.0112524	0.105879	0.514964
412	0.0100343	0.0200618	0.0627998	0	0.0112524	0.116785	0.675784
413	0.0100343	0.0195058	0.0549594	0	0.0112524	0.148546	2.35348
414	0.0100343	0.0196818	0.0568726	0	0.0112524	0.175444	6.13917
415	0.0100343	0.0197008	0.0621071	0	0.0113564	0.221971	12.4361
416	0.0100343	0.019796	0.0621071	0	0.0112524	0.237855	12.4361
417	0.0100343	0.0198944	0.0634056	0	0.0112524	0.234277	12.4361
418	0.0100303	0.0199883	0.0641551	0	0.0112524	0.209255	10.185
419	0.0100303	0.0199577	0.0641551	0	0.0129001	0.226356	10.185
420	0.0100303	0.0198732	0.0640884	0	0.0134274	0.218641	10.0062
421	0.0100303	0.0198349	0.0634318	0	0.0231038	0.237745	17.4249
422	0.0100303	0.0198726	0.0641551	0	0.0117671	0.240404	10.0062
423	0.0100303	0.0199227	0.0641551	0	0.0148641	0.254843	14.0512
424	0.0100303	0.0198236	0.0641551	0	0.0134465	0.271786	12.7619
425	0.0100343	0.0200247	0.0655306	0	0.0132577	0.29387	12.7619
426	0.0100343	0.0199942	0.0655306	0	0.0134465	0.301597	12.7619
427	0.0100303	0.0199118	0.0656646	0	0.0116739	0.24277	9.53666
428	0.0100303	0.0199525	0.0668184	0	0.0116739	0.196248	6.8417
429	0.0100303	0.0198236	0.0662614	0	0.0108274	0.135914	3.40292
430	0.0100303	0.0195359	0.0651102	0	0.0100324	0.120826	2.44107
431	0.0100303	0.0192331	0.0621071	0	0.0100324	0.12074	2.72689
432	0.0100303	0.0191777	0.0634318	0	0.0100324	0.115484	2.72689
433	0.0100303	0.0188416	0.0561584	0	0.0100324	0.112557	2.72689
434	0.0100303	0.0188484	0.053321	0	0.0100324	0.105014	2.72689
435	0.0100343	0.0187038	0.0528101	0	0.0100324	0.092165	2.59525
436	0.0100303	0.0185407	0.0496393	0	0.0100324	0.0879684	2.37138
437	0.0100303	0.018421	0.0468519	0	0.0100324	0.082664	2.00378
438	0.0100303	0.018326	0.0462438	0	0.0100324	0.077012	1.91997
439	0.0100303	0.0183178	0.0462438	0	0.0100324	0.0807841	4.49273
440	0.0100303	0.0183371	0.0468519	0	0.0100324	0.0861777	9.22214
441	0.0100343	0.0182075	0.0458034	0	0.0100324	0.0900958	15.1188
442	0.0100303	0.0183207	0.0469482	0	0.0100324	0.0896932	15.1188
443	0.0100303	0.0182828	0.0458034	0	0.0100324	0.088745	22.1575
444	0.0100343	0.0180424	0.0445266	0	0.0100324	0.0953961	23.2431
445	0.0100303	0.0182904	0.0458034	0	0.0100324	0.0943228	28.2346
446	0.0100303	0.0182408	0.0469482	0	0.0100324	0.0934855	28.2346
447	0.0100303	0.0182128	0.0469482	0	0.0100324	0.0912482	31.4236
448	0.0100303	0.0182358	0.0514698	0	0.0100253	0.0881572	31.4236
449	0.0100303	0.0182012	0.053321	0	0.0100253	0.0853095	31.4236
450	0.0100303	0.0182492	0.0548651	0	0.0100253	0.0846797	31.4236
451	0.0100303	0.0182663	0.0558257	0	0.0100253	0.0868302	31.4236
452	0.0100303	0.0182853	0.0558257	0	0.0100253	0.0898686	31.4236
453	0.0100303	0.0182434	0.0548651	0	0.0100253	0.106404	31.4236
454	0.0100303	0.0182151	0.0533861	0	0.0100253	0.108063	31.4236
455	0.0100303	0.0181651	0.0533861	0	0.0100253	0.104305	31.4236
456	0.0100303	0.0182461	0.0543808	0	0.0100253	0.102305	31.4236
457	0.0100303	0.0183948	0.0543808	0	0.0100253	0.0941926	30.6118
458	0.0100303	0.0182357	0.053321	0	0.0100253	0.0894188	28.2346
459	0.0100303	0.0179637	0.0458034	0	0.0100253	0.0998147	30.8566
460	0.0100303	0.0180173	0.0458526	0	0.0100253	0.1283	45.9919
461	0.0100303	0.0181082	0.0533641	0	0.0100253	0.165213	61.2224
462	0.0100303	0.0181844	0.0543808	0	0.0100253	0.165361	61.2224
463	0.0100303	0.01827	0.0564488	0	0.0100324	0.182906	61.2386
464	0.0100303	0.0182497	0.0564488	0	0.0100253	0.170826	51.3124
465	0.0100343	0.018312	0.0606947	0	0.0100253	0.147423	49.8933
466	0.0100303	0.0180946	0.0533641	0	0.0100252	0.109093	33.1397
467	0.0100303	0.0180817	0.053321	0	0.0100242	0.0780163	23.2431
468	0.0100303	0.0180749	0.053321	0	0.0100252	0.0539662	1.45128
469	0.0100343	0.0179102	0.0458034	0	0.0100242	0.0468443	0.948456
470	0.0100303	0.0179275	0.0458034	0	0.0100252	0.0437431	0.374295
471	0.0100303	0.0179673	0.0458034	0	0.0100252	0.0441481	0.374295
472	0.0100303	0.0181264	0.053321	0	0.0100252	0.0446741	0.490044
473	0.0100303	0.0181501	0.0483129	0	0.0100252	0.0508613	1.19808
474	0.0100303	0.0182894	0.0533641	0	0.0100252	0.0568413	2.68077
475	0.0100303	0.0182741	0.0533641	0	0.0100253	0.0574297	2.62414
476	0.0100303	0.0180755	0.0483129	0	0.0100253	0.0556995	3.09002
477	0.0100303	0.0180098	0.053321	0	0.0100253	0.0535035	2.38649
478	0.0100303	0.0181087	0.0543808	0	0.0100253	0.0553112	2.38649
479	0.0100303	0.0180775	0.0533861	0	0.0100253	0.0548479	2.13052
480	0.0100343	0.0180036	0.0482459	0	0.0100253	0.0485364	0.701817
481	0.0100303	0.0180401	0.0473675	0	0.0100253	0.0485303	0.625567
482	0.0100343	0.0180422	0.0482459	0	0.0100253	0.0482092	0.585239
483	0.0100303	0.0180001	0.0487693	0	0.0100253	0.0448894	0.42211
484	0.0100303	0.0178991	0.0487693	0	0.0100253	0.0450428	0.412449
485	0.0100303	0.0179391	0.0487693	0	0.0100324	0.0506097	0.625567
486	0.0100343	0.0180187	0.0506519	0	0.0100253	0.0541835	0.740604
487	0.0100343	0.0180137	0.0506519	0	0.0100253	0.0538168	0.625567
488	0.0100303	0.0180855	0.0506519	0	0.0100253	0.0537198	0.727525
489	0.0100303	0.018318	0.0537051	0	0.0100324	0.0488246	0.625567
490	0.0100303	0.0183397	0.0548651	0	0.0100253	0.0492789	0.625567
491	0.0100303	0.0187397	0.0592848	0	0.0100253	0.0499393	0.740604
492	0.0100303	0.018814	0.0601875	0	0.0100253	0.0464181	0.59794
493	0.0100016	0.0192586	0.0632225	0	0.0100253	0.0455125	0.540368
494	0.0100016	0.0193457	0.0638138	0	0.0100253	0.0444488	0.502835
495	0.0100303	0.0197304	0.0868352	0	0.0100324	0.0452056	0.625567
496	0.0100016	0.0198376	0.0846686	0	0.0100253	0.0445498	0.496789
497	0.0100303	0.0195342	0.0757896	0	0.0100253	0.0448549	0.315855
498	0.0100016	0.0192188	0.06641	0	0.0100253	0.0448479	0.245343
499	0.0100016	0.0192983	0.0681835	0	0.0100253	0.0453124	0.275903
500	0.0100303	0.0195454	0.0757896	0	0.0100253	0.0428651	0.249495
501	0.0100016	0.019518	0.0684302	0	0.0100253	0.041255	0.240997
502	0.0100303	0.0194543	0.0654083	0	0.0100253	0.042405	0.249495
503	0.0100016	0.0196249	0.0654083	0	0.0100253	0.0456474	0.367543
504	0.0100016	0.0194332	0.0638138	0	0.0100253	0.0467592	0.371606
505	0.0100016	0.0193218	0.0632225	0	0.0100253	0.0469545	0.367543
506	0.0100303	0.0195796	0.0654083	0	0.0100253	0.04949	0.407341
507	0.0100016	0.0197579	0.0663425	0	0.0100324	0.0507675	0.448745
508	0.0100303	0.0202288	0.0757896	0	0.0100253	0.0576675	0.526499
509	0.0100303	0.020587	0.0771185	0	0.0100253	0.0644477	0.684148
510	0.0100016	0.0206936	0.0771185	0	0.0100253	0.0683964	1.26722
511	0.0100303	0.0207449	0.0813081	0	0.0100253	0.0664622	2.79831
512	0.0100303	0.0208938	0.0813081	0	0.0100253	0.0536305	0.258721
513	0.0100016	0.021134	0.0813081	0	0.0100324	0.0491998	0.230678
514	0.0100016	0.0212477	0.084035	0	0.0100324	0.0477539	0.22891
515	0.0100016	0.0215263	0.0865872	0	0.0100324	0.0492194	0.238003
516	0.0100016	0.0215435	0.0887685	0	0.0100324	0.0525974	0.249408
517	0.0100303	0.0211163	0.0813081	0	0.0100324	0.0559738	0.283005
518	0.0100016	0.0207883	0.0771185	0	0.0100324	0.0538075	0.276996
519	0.0100016	0.0209216	0.0802234	0	0.0100324	0.0539435	0.276996
520	0.0100303	0.0208247	0.0784909	0	0.0100324	0.0573621	0.281445
521	0.0100016	0.0207191	0.0771185	0	0.0100324	0.056806	0.276996
522	0.0100016	0.0210019	0.0810553	0	0.0100324	0.0578734	0.276996
523	0.0100016	0.0211306	0.0830943	0	0.0100324	0.0603392	0.283005
524	0.0100016	0.0210246	0.0802234	0	0.0101983	0.0599641	0.28438
525	0.0100016	0.0207783	0.0784909	0	0.0101983	0.0615165	0.283523
526	0.0100016	0.0208118	0.0802234	0	0.0118203	0.0622321	0.359982
527	0.0100016	0.020901	0.0784909	0	0.0121494	0.0637517	0.394172
528	0.0100372	0.0214201	0.0860227	0.00149925	0.0122873	0.0667214	0.407649
529	0.0100303	0.0218559	0.0860626	0.00149925	0.0123674	0.0712212	0.407649
530	0.0100303	0.0216502	0.0817457	0.00149925	0.0123674	0.0760076	0.404467
531	0.0100303	0.0214038	0.0802234	0.00149925	0.0123674	0.0793769	0.427596
532	0.0100303	0.0211185	0.0730753	0	0.0123674	0.0960865	0.560026
533	0.0100303	0.0213042	0.0771553	0	0.0102146	0.113807	1.30577
534	0.0100303	0.0215552	0.0758809	0	0.0123674	0.101451	0.586638
535	0.0100303	0.0222166	0.0802234	0	0.0102146	0.117589	1.18657
536	0.0100985	0.0225134	0.0860626	0	0.0123674	0.0980059	0.53332
537	0.0100985	0.0227523	0.0860227	0	0.0153095	0.0866238	0.536451
538	0.0100303	0.0227918	0.0817457	0	0.0159144	0.0851402	0.534705
539	0.0100303	0.0228017	0.0810553	0	0.0153095	0.0806758	0.534705
540	0.0100303	0.0231043	0.0837256	0	0.0123674	0.0822341	0.472986
541	0.0100303	0.0231935	0.0828256	0	0.014772	0.0838626	0.53332
542	0.0100985	0.0234873	0.0860626	0	0.0137363	0.0853518	0.482347
543	0.0100985	0.0238772	0.0889226	0	0.0137363	0.0855214	0.462593
544	0.0100985	0.0239397	0.0889226	0	0.0137363	0.088324	0.464227
545	0.0100985	0.0244558	0.0908897	0	0.0137363	0.0885976	0.462593
546	0.0100303	0.024843	0.101377	0	0.0134465	0.0929047	0.464227
547	0.0100303	0.0251805	0.104718	0	0.0137363	0.093107	0.482347
548	0.0100303	0.0256306	0.107206	0	0.0156091	0.0929302	0.534705
549	0.0100303	0.025981	0.109237	0	0.0123959	0.0946457	0.464227
550	0.0100303	0.0260679	0.108386	0	0.0159144	0.0959948	0.464227
551	0.0100303	0.026224	0.108386	0	0.0145361	0.102448	0.511038
552	0.0100303	0.0266183	0.109564	0	0.0156091	0.0981666	0.464227
553	0.0100303	0.0266106	0.109237	0	0.0156091	0.0920593	0.437325
554	0.0100303	0.0266086	0.109564	0	0.0159886	0.0927539	0.425588
555	0.0100905	0.027144	0.120714	0	0.0156091	0.0947392	0.437325
556	0.0100303	0.0282117	0.126304	0.00149925	0.0159886	0.103312	0.462254
557	0.0100985	0.0303944	0.171332	0.005997	0.0159886	0.114225	0.61248
558	0.0100303	0.0313562	0.172066	0.00449775	0.0129011	0.142515	1.43403
559	0.0100905	0.0307626	0.171332	0	0.0186353	0.187521	7.65948
560	0.010112	0.030459	0.171332	0	0.0215952	0.230361	13.8805
561	0.0100303	0.0301269	0.157495	0	0.0171577	0.362126	13.8805
562	0.0100303	0.0298107	0.146225	0	0.0268981	0.515308	14.1084
563	0.0100303	0.0295188	0.139161	0	0.0317261	0.484044	14.5366
564	0.0100905	0.0290234	0.139161	0	0.0379899	0.448701	14.5366
565	0.0100303	0.0280954	0.129275	0	0.0324518	0.460829	18.2939
566	0.0100303	0.0278063	0.126304	0	0.0256998	0.476585	22.9059
567	0.0100303	0.0271501	0.119261	0	0.0190757	0.429653	17.0745
568	0.0100303	0.0266665	0.1075	0	0.0120385	0.463497	13.4954
569	0.0100303	0.0264412	0.104148	0	0.0369799	0.536907	58.5861
570	0.0100303	0.0259859	0.0923844	0	0.0401876	0.567368	61.037
571	0.0100303	0.026177	0.1075	0	0.0318494	0.518214	58.5861
572	0.0100303	0.0258735	0.105051	0	0.02617	0.458948	58.5861
573	0.0100303	0.0251933	0.0887685	0	0.0243718	0.395794	65.5864
574	0.0100303	0.0250286	0.0862939	0	0.0190757	0.368691	58.5861
575	0.0100303	0.0247145	0.0860136	0	0.0137759	0.320834	38.142
576	0.0100303	0.0245453	0.0822499	0	0.0102397	0.280053	15.8333
577	0.0100356	0.0243614	0.0771553	0	0.0100172	0.246528	9.71998
578	0.0100303	0.0241	0.0771553	0	0.0100172	0.240632	7.39445
579	0.0100084	0.0237996	0.0771239	0	0.0100172	0.239921	7.39445
580	0.0100084	0.0239698	0.083742	0	0.0100172	0.241108	7.39445
581	0.0100084	0.0236549	0.0771239	0	0.0102397	0.253895	7.39445
582	0.0100084	0.0240815	0.0848495	0	0.0102397	0.235984	3.78634
583	0.0100084	0.0236122	0.0770476	0	0.0108083	0.232181	3.82971
584	0.0100084	0.0232824	0.0757817	0	0.0133923	0.243461	4.39035
585	0.0100084	0.0231057	0.0733248	0	0.0163884	0.243194	4.09304
586	0.0100084	0.0224305	0.0668981	0	0.0163884	0.235765	4.09304
587	0.0100303	0.0223262	0.0668155	0	0.0102397	0.236526	3.78634
588	0.0100084	0.0223985	0.0668981	0	0.0133923	0.212624	3.82971
589	0.0100084	0.0225216	0.0686137	0	0.0102397	0.209658	3.47712
590	0.0100084	0.0225084	0.0690304	0	0.0102397	0.196603	3.81067
591	0.0100084	0.0223212	0.0686137	0	0.0102397	0.176073	2.4563
592	0.0100356	0.02273	0.0752824	0	0.0109391	0.167112	1.84803
593	0.0100084	0.0226124	0.0733248	0	0.0108116	0.161952	2.13094
594	0.0100084	0.0225845	0.0733248	0	0.0108116	0.177167	3.36037
595	0.0100084	0.0226786	0.0739018	0	0.0108116	0.19308	6.38155
596	0.0100084	0.0225809	0.0704678	0.0029985	0.0108116	0.187655	5.02182
597	0.0100084	0.0226793	0.0739018	0	0.0124843	0.193619	6.61199
598	0.0100084	0.0228916	0.0716849	0	0.0126969	0.198636	6.61199
599	0.0100084	0.0228506	0.0707607	0	0.0135259	0.195509	6.61199
600	0.0100084	0.022714	0.0700845	0	0.0151281	0.188196	7.32045
601	0.0100084	0.0223508	0.0668981	0	0.0151281	0.183603	7.32045
602	0.0100084	0.0221494	0.0668155	0	0.0151281	0.186277	7.32045
603	0.0100084	0.021804	0.0655966	0	0.0126969	0.185669	6.61199
604	0.0100084	0.0216592	0.0655966	0	0.0126969	0.192919	7.32045
605	0.0100084	0.0215502	0.0652986	0	0.0133346	0.188208	6.61199
606	0.0100084	0.0215066	0.0652986	0	0.0126398	0.167702	4.30635
607	0.0100084	0.0215572	0.0652986	0	0.0126398	0.143103	1.1348
608	0.0100084	0.0213728	0.061602	0	0.0126398	0.132387	0.928597
609	0.0100084	0.0214111	0.061602	0	0.0126398	0.12988	0.795412
610	0.0100084	0.0213338	0.061602	0	0.0126398	0.128192	0.724359
611	0.0100084	0.0211244	0.0597144	0	0.0115008	0.131031	0.787758
612	0.0100084	0.0211897	0.061602	0	0.0126398	0.136307	1.01077
613	0.0100084	0.0211244	0.061602	0	0.0122221	0.139946	0.969777
614	0.0100084	0.0210669	0.061602	0	0.0125729	0.151558	1.1419
615	0.0100084	0.0211092	0.0632663	0.00149925	0.0125223	0.155192	1.20178
616	0.0100084	0.0209116	0.0632663	0	0.0105763	0.167451	1.28985
617	0.0100084	0.0209936	0.0632663	0	0.0105763	0.183468	1.88876
618	0.0100084	0.0210387	0.061602	0	0.0217761	0.187987	4.58208
619	0.0100084	0.0210109	0.061602	0	0.024372	0.222878	7.27326
620	0.0100084	0.0210943	0.0634829	0	0.0265142	0.216018	4.72238
621	0.0100084	0.0209736	0.0632663	0	0.0299445	0.210677	4.72238
622	0.0100084	0.0209706	0.0632663	0	0.0333177	0.204002	4.58208
623	0.0100084	0.0209378	0.061602	0	0.0361773	0.202788	4.58208
624	0.0100084	0.0208097	0.0612207	0	0.0299445	0.213508	4.58208
625	0.0100084	0.0211655	0.0658656	0	0.0333177	0.222418	4.58208
626	0.0100084	0.0211145	0.0653991	0	0.0262668	0.208246	4.58208
627	0.0100084	0.0210681	0.0634829	0	0.0262028	0.205409	7.16538
628	0.0100084	0.0210456	0.0634829	0	0.011707	0.221776	6.83841
629	0.0100084	0.0210372	0.0634829	0	0.0210472	0.206609	4.58208
630	0.0100084	0.0210543	0.0590043	0	0.0210472	0.180227	3.02844
631	0.0100084	0.020944	0.0582703	0	0.0210472	0.173891	2.24607
632	0.0100084	0.0207597	0.0590043	0	0.0232999	0.154443	1.26502
633	0.0100084	0.0205682	0.0580415	0	0.0287226	0.124519	0.578772
634	0.0100084	0.0206815	0.0580415	0.00149925	0.0294445	0.122247	0.578772
635	0.0100084	0.0206094	0.0571779	0.00149925	0.0287612	0.12115	0.578772
636	0.0100084	0.0203481	0.0535037	0	0.0294445	0.123137	0.578772
637	0.0100084	0.0200565	0.0514218	0	0.0287226	0.118921	0.524867
638	0.0100084	0.0201619	0.0512435	0.0029985	0.029233	0.117858	0.545852
639	0.0100084	0.0197294	0.0498433	0	0.0287612	0.11158	0.448644
640	0.0100084	0.0196904	0.0497626	0	0.0287612	0.105974	0.433889
641	0.0100084	0.0196432	0.0497626	0	0.0268618	0.103564	0.448644
642	0.0100084	0.0197438	0.0498433	0	0.0287612	0.104063	0.447727
643	0.0100084	0.0196984	0.0497626	0	0.029233	0.104234	0.439785
644	0.0100084	0.0196646	0.0497626	0	0.0287612	0.1062	0.425379
645	0.0100084	0.0196836	0.0497626	0.00149925	0.0287612	0.106814	0.425379
646	0.0100084	0.0202401	0.0513568	0.0029985	0.0287612	0.10534	0.425379
647	0.0100084	0.0208869	0.055389	0.005997	0.0318991	0.107716	0.45562
648	0.0100084	0.0209483	0.0564483	0.0029985	0.0335231	0.109391	0.45562
649	0.0100084	0.0208974	0.0582703	0	0.0287612	0.109133	0.439785
650	0.0100084	0.0209712	0.0582703	0.00149925	0.0245751	0.113746	0.439785
651	0.0100084	0.0206309	0.0558957	0.00149925	0.0267487	0.114125	0.448644
652	0.0100084	0.0203634	0.0535037	0	0.0226935	0.113367	0.448644
653	0.0100084	0.0204311	0.0535037	0	0.0201344	0.112521	0.447727
654	0.0100084	0.0204957	0.0535037	0	0.0170549	0.11301	0.448644
655	0.0100084	0.0205703	0.0559739	0	0.015409	0.10855	0.448644
656	0.0100084	0.020613	0.0602559	0	0.0169938	0.105774	0.402632
657	0.0100084	0.0203048	0.0559739	0	0.0205316	0.102167	0.417916
658	0.0100084	0.0204537	0.0563775	0	0.0199155	0.103735	0.448644
659	0.0100084	0.0204805	0.0564483	0	0.0194909	0.102762	0.448644
660	0.0100084	0.0204971	0.0563775	0	0.0170549	0.100238	0.381764
661	0.0100084	0.0204375	0.0564483	0	0.0170549	0.098108	0.381764
662	0.0100084	0.0203881	0.0564483	0	0.0189029	0.0993104	0.406087
663	0.0100084	0.0202989	0.0564483	0	0.0170549	0.0981417	0.359571
664	0.0100084	0.0201962	0.0563775	0	0.0189029	0.0974677	0.437685
665	0.0100084	0.0203777	0.0642751	0	0.0189029	0.0976262	0.437685
666	0.0100084	0.0205855	0.0650097	0	0.0189029	0.0968096	0.437685
667	0.0100084	0.0205552	0.0650097	0	0.0170549	0.101481	0.447727
668	0.0100084	0.0208479	0.069219	0	0.0139641	0.0942094	0.332679
669	0.0100084	0.0209122	0.0718287	0	0.0136934	0.095853	0.356994
670	0.0100084	0.0209954	0.0725178	0	0.0136934	0.0963941	0.359571
671	0.0100084	0.020915	0.0718287	0	0.0136934	0.094579	0.406087
672	0.0100084	0.0212797	0.0755472	0	0.0136534	0.0917424	0.437685
673	0.0100084	0.0211828	0.0755472	0	0.0133468	0.0880402	0.417916
674	0.0100084	0.0212426	0.0749201	0	0.0133468	0.0868014	0.417916
675	0.0100084	0.021201	0.0755472	0	0.0118926	0.087043	0.388419
676	0.0100084	0.0216123	0.0795355	0	0.0118926	0.0864034	0.387249
677	0.0100084	0.0218985	0.0837145	0	0.0136534	0.0888628	0.500047
678	0.0100084	0.0221661	0.0853134	0	0.0118926	0.0909383	0.417916
679	0.0100084	0.0221661	0.0858387	0	0.0133468	0.0909361	0.437685
680	0.0100084	0.0222584	0.0862337	0	0.0133468	0.0896039	0.437685
681	0.0100084	0.0222502	0.0853134	0	0.0133468	0.0920171	0.491591
682	0.0100084	0.0221645	0.0853134	0	0.0118926	0.0914247	0.49113
683	0.0100084	0.0222068	0.0853134	0	0.0118926	0.0902247	0.49113
684	0.0100084	0.0220682	0.0844641	0	0.0133468	0.081425	0.49113
685	0.0100084	0.0219192	0.0826547	0	0.0132094	0.0818213	0.488099
686	0.0100084	0.0221861	0.0853134	0	0.0110488	0.0868431	0.488099
687	0.0100084	0.0225018	0.0874967	0	0.0100192	0.0930506	0.634939
688	0.0100084	0.0226246	0.0874967	0	0.0104053	0.10134	1.46381
689	0.0100084	0.0226957	0.0874967	0	0.0110488	0.0936438	1.34699
690	0.0100084	0.0235455	0.102198	0	0.0100192	0.0858997	1.00921
691	0.0100084	0.0238082	0.105225	0	0.0104053	0.0715788	0.385574
692	0.0100084	0.0237589	0.102074	0	0.0118639	0.0664502	0.360562
693	0.0100084	0.0237236	0.102074	0	0.0118639	0.0597419	0.27474
694	0.0100084	0.0235728	0.102842	0	0.0110488	0.0558052	0.237939
695	0.0100084	0.0240566	0.111144	0	0.0110488	0.052614	0.203906
696	0.0100084	0.0243723	0.111144	0.0029985	0.0100192	0.0505186	0.176619
697	0.0100084	0.023965	0.104187	0.00149925	0.0100584	0.0505572	0.190419
698	0.0100084	0.0238162	0.102074	0	0.0100192	0.0510859	0.206386
699	0.0100084	0.0241095	0.104187	0	0.0100584	0.0510177	0.217359
700	0.0100403	0.0243221	0.105272	0	0.0100192	0.0509583	0.203906
701	0.0100084	0.0245719	0.105272	0	0.0100192	0.0500005	0.222367
702	0.0100084	0.0253464	0.112497	0	0.0100192	0.0502093	0.230691
703	0.0100482	0.0263425	0.127516	0	0.0100192	0.0500816	0.301306
704	0.010031	0.027	0.131298	0.00149925	0.0100584	0.0512367	0.365182
705	0.010031	0.0286449	0.174589	0.00149925	0.0100192	0.0528333	0.38928
706	0.010031	0.0295025	0.180602	0.00149925	0.0100192	0.0995776	10.7478
707	0.010031	0.0304647	0.191212	0	0.011955	0.259167	62.3222
708	0.010031	0.0319971	0.203328	0	0.0136656	0.597	76.5345
709	0.010031	0.0352397	0.261666	0	0.0234573	1.92547	98.4128
710	0.010031	0.0384453	0.317318	0	0.0323234	3.65337	91.8074
711	0.0100503	0.0407224	0.330062	0	0.164681	8.25022	99.3008
712	0.0101422	0.0456252	0.34887	0.0029985	0.508242	9.49067	92.8419
713	0.0100904	0.0500361	0.34887	0.0029985	0.649605	10.9688	91.8074
714	0.0100892	0.0534213	0.351178	0.0029985	0.842421	11.9664	99.3008
715	0.0100892	0.0608912	0.416808	0.00449775	0.842421	11.8222	99.3008
716	0.0100892	0.0731937	0.55855	0.0194903	0.594293	10.2681	99.3008
717	0.0100892	0.0880811	0.877055	0.041979	0.319528	9.63244	99.3008
718	0.0103314	0.145695	2.30407	0.11994	0.12398	8.73078	99.3008
719	0.0113037	0.146227	2.09999	0.122939
