		omega		Posterior		rho				Synonymous theta			kappa			phi	
Site	Lower	Point	Higher	prob of +ve	Lower	Point	Higher		Lower	Point	Higher	Lower	Point	Higher	Lower	Point	Higher
	95% HPD	estimate	95% HPD	selection	95% HPD	estimate	95% HPD		95% HPD	estimate	95% HPD	95% HPD	estimate	95% HPD	95% HPD	estimate	95% HPD
0	0.0100079	0.0287999	0.139965	0.0029985	0.0102026	0.370691	42.1034		0.0896492	0.111535	0.14047	2.23109	3.64578	6.02817	0	0	0
1	0.0100079	0.0282247	0.129404	0.00149925	0.0102026	0.326116	42.1034
2	0.0100079	0.0277058	0.121298	0	0.0102026	0.302101	42.1034
3	0.0100079	0.0276936	0.124199	0	0.0102026	0.259151	33.7292
4	0.0100079	0.0264741	0.11308	0	0.0102026	0.229504	32.6829
5	0.0100079	0.0260923	0.10713	0	0.0100955	0.21028	30.7592
6	0.0100079	0.026083	0.112159	0	0.0100955	0.210998	30.7592
7	0.0100079	0.0259055	0.102034	0	0.0100955	0.191432	30.3646
8	0.0100079	0.026047	0.102034	0	0.0100955	0.162634	22.7155
9	0.0100079	0.0259725	0.0986626	0	0.0100955	0.153581	17.5705
10	0.0100079	0.0257291	0.0935009	0	0.0100955	0.14611	17.5705
11	0.0100079	0.0257945	0.0938514	0	0.0100955	0.141733	20.0119
12	0.0100079	0.0256573	0.0935009	0	0.0100955	0.140052	24.4328
13	0.0100079	0.0255229	0.0935009	0	0.0100955	0.127738	22.7155
14	0.0100079	0.0256696	0.0978594	0	0.0100955	0.123864	27.0686
15	0.0100079	0.0255358	0.0935009	0	0.0100955	0.130421	29.6441
16	0.0100079	0.025472	0.0892926	0	0.0101742	0.124694	27.0686
17	0.0100079	0.0253765	0.0869395	0	0.0101742	0.124439	30.4427
18	0.0100079	0.0253483	0.0869395	0	0.0101742	0.124648	32.6829
19	0.0100079	0.0252816	0.0892926	0	0.0101742	0.127822	40.0632
20	0.0100079	0.0252093	0.0874197	0	0.0101742	0.125931	40.4914
21	0.0100079	0.0255135	0.0892926	0	0.0101742	0.115657	35.1035
22	0.0100079	0.0254846	0.0925504	0	0.0101742	0.107671	25.3003
23	0.0100079	0.0253677	0.0925504	0	0.0101742	0.0930509	15.5805
24	0.0100605	0.0254042	0.0892926	0	0.0101742	0.0831139	5.97041
25	0.0100605	0.0254706	0.0892926	0	0.0101742	0.0737415	1.33703
26	0.0100605	0.0254319	0.0892926	0	0.0101742	0.0685119	1.05454
27	0.0100605	0.0257305	0.0938514	0	0.010532	0.0624785	0.655377
28	0.0100605	0.0261649	0.0986626	0	0.0101742	0.0578578	0.549827
29	0.0100605	0.0260981	0.101979	0	0.010532	0.0557085	0.508643
30	0.0100605	0.0260805	0.101979	0	0.0101742	0.0524476	0.412296
31	0.0100605	0.0261072	0.10319	0	0.0101742	0.0498131	0.371071
32	0.010094	0.026447	0.105527	0	0.0103589	0.0469042	0.288249
33	0.0100605	0.0271023	0.112541	0	0.0100203	0.0440689	0.258361
34	0.0100605	0.0273566	0.115083	0	0.0100203	0.0427965	0.258361
35	0.0100605	0.0276579	0.118437	0	0.0105003	0.0411177	0.233949
36	0.0100605	0.0282575	0.131079	0	0.0100203	0.0399514	0.196494
37	0.0100498	0.0299324	0.183112	0	0.0100203	0.0391762	0.184784
38	0.0100605	0.0318452	0.231521	0.00449775	0.0100203	0.0370079	0.162526
39	0.010162	0.0367045	0.367143	0.023988	0.0100203	0.0364287	0.162526
40	0.0100605	0.0316108	0.229001	0.00749625	0.0100203	0.0358498	0.158289
41	0.0100605	0.0296901	0.170445	0	0.0101354	0.035566	0.152097
42	0.0100605	0.0283336	0.131079	0	0.0100323	0.0353777	0.151925
43	0.0100605	0.0280278	0.124666	0	0.0100203	0.0350159	0.143798
44	0.010162	0.0274739	0.122427	0	0.0100203	0.0347271	0.135893
45	0.010162	0.0274585	0.122427	0	0.0100203	0.0348596	0.141281
46	0.0100605	0.0263826	0.104225	0	0.0100203	0.0350635	0.145322
47	0.0100605	0.026242	0.105661	0	0.0100203	0.0351847	0.147992
48	0.0101881	0.0257843	0.101979	0	0.0100323	0.0352912	0.151925
49	0.010162	0.0250324	0.0869395	0	0.0101354	0.0358274	0.151925
50	0.010162	0.0247401	0.0845793	0	0.0101354	0.0357926	0.151925
51	0.010162	0.0243986	0.082969	0.00149925	0.0100203	0.0370038	0.159002
52	0.010162	0.0241341	0.082969	0	0.0100203	0.0378645	0.193525
53	0.010162	0.0240298	0.08244	0	0.0100203	0.0372423	0.175788
54	0.010162	0.0237947	0.0813684	0	0.0100203	0.0365666	0.151783
55	0.0100148	0.0234639	0.0806249	0	0.0100203	0.0361668	0.159002
56	0.0100148	0.0228039	0.0755557	0	0.010146	0.0347032	0.146904
57	0.0100148	0.0225415	0.0755557	0	0.0100203	0.0338287	0.142413
58	0.0100148	0.0222194	0.0737256	0	0.0100203	0.0325	0.124614
59	0.0100148	0.0224628	0.0737256	0.0029985	0.0100203	0.0321	0.12384
60	0.0100148	0.0220209	0.0681185	0	0.0100203	0.0316736	0.120774
61	0.0100148	0.0220257	0.0681185	0	0.0100203	0.0313367	0.122642
62	0.0100148	0.0221095	0.0687249	0	0.0100203	0.0312369	0.124614
63	0.0100148	0.0219639	0.0656489	0	0.010146	0.0310984	0.124614
64	0.0100148	0.0221891	0.0687249	0	0.0100203	0.0312054	0.128563
65	0.0100148	0.022015	0.0681185	0	0.0100203	0.0307144	0.122642
66	0.0100148	0.0220868	0.0681185	0	0.0100203	0.0299493	0.10958
67	0.0100148	0.0216167	0.0622909	0	0.0100203	0.0294084	0.104791
68	0.0100148	0.0216824	0.0624712	0	0.0100203	0.0288654	0.101254
69	0.0100148	0.0215592	0.0624712	0	0.0100203	0.0283325	0.101254
70	0.0100148	0.0212896	0.0587025	0	0.0100203	0.0279483	0.0946964
71	0.0100222	0.021282	0.0587025	0.00149925	0.0100203	0.0276306	0.0880047
72	0.0100832	0.0209856	0.0567096	0.00149925	0.0100203	0.0274954	0.0819542
73	0.0100148	0.0209044	0.0552323	0	0.0100203	0.0273201	0.0847106
74	0.0100148	0.0208424	0.0534885	0	0.0100203	0.0268997	0.0819542
75	0.0100148	0.0209647	0.0538216	0	0.0100323	0.0271815	0.0946964
76	0.0100148	0.0210352	0.0538216	0	0.0100203	0.0266772	0.0829939
77	0.0100148	0.0210102	0.0538216	0	0.0100203	0.0266234	0.0829939
78	0.0100148	0.0209109	0.0528075	0	0.0100203	0.0267897	0.0829939
79	0.0100832	0.0210476	0.0567096	0	0.0100203	0.0267183	0.0829939
80	0.0100148	0.0212717	0.0567096	0	0.0100719	0.0269765	0.0949664
81	0.0100832	0.0214162	0.0587025	0.00149925	0.0100203	0.0270038	0.0949664
82	0.0100832	0.0213	0.0587025	0	0.0100203	0.0271358	0.100968
83	0.0100148	0.0216539	0.0607042	0	0.0100203	0.0271542	0.0946964
84	0.0100148	0.0217542	0.0614089	0	0.0100203	0.0273564	0.100968
85	0.0100148	0.0218207	0.0624712	0	0.0100203	0.0272464	0.101254
86	0.0100148	0.0216893	0.0614089	0	0.0100203	0.0271368	0.104791
87	0.0100148	0.0216381	0.0607042	0	0.0100203	0.0268569	0.100968
88	0.0100148	0.0216613	0.0607042	0	0.0100203	0.0267957	0.101254
89	0.0100832	0.0215382	0.059392	0	0.0100203	0.0267693	0.101254
90	0.0100832	0.021733	0.0607042	0	0.0100203	0.0267006	0.100968
91	0.0100168	0.0217239	0.0607042	0	0.0100203	0.0267615	0.0956502
92	0.0100168	0.0217882	0.0607042	0	0.0100203	0.0267439	0.100968
93	0.0100832	0.021301	0.0597009	0	0.0100203	0.0269638	0.0956502
94	0.0100168	0.0211588	0.0587025	0	0.0100203	0.0269513	0.0946964
95	0.0100168	0.0213562	0.0597009	0	0.0100203	0.0272167	0.101254
96	0.0100832	0.0212835	0.0597009	0	0.0100203	0.0273028	0.104791
97	0.0100832	0.021581	0.0607042	0	0.0100323	0.0272846	0.101254
98	0.0100832	0.0216399	0.0614089	0	0.0100719	0.0269519	0.0958435
99	0.0100168	0.0217688	0.0614089	0	0.0100323	0.0270115	0.101254
100	0.0100168	0.0218136	0.0614089	0	0.0100323	0.0276807	0.107128
101	0.0100832	0.0219624	0.0624973	0	0.0100719	0.0274268	0.105131
102	0.0100168	0.0218876	0.0614089	0	0.0100719	0.0276367	0.105131
103	0.0100168	0.0219043	0.0611255	0	0.0100719	0.0274544	0.101254
104	0.0100168	0.0217686	0.0606592	0	0.010146	0.0280559	0.107908
105	0.0100832	0.0221201	0.0624973	0.0029985	0.0100719	0.0281537	0.106838
106	0.0100168	0.0218033	0.0607042	0.00149925	0.0100719	0.028449	0.107128
107	0.0100168	0.0216552	0.0606592	0	0.0100719	0.0281267	0.107881
108	0.0100168	0.0214213	0.05966	0	0.0100719	0.0284745	0.115168
109	0.0100168	0.0214479	0.0597009	0	0.0100719	0.0292339	0.125694
110	0.0100168	0.0218746	0.0624973	0	0.0100719	0.0302041	0.149676
111	0.0100168	0.021729	0.0623911	0	0.0100719	0.0300921	0.15626
112	0.0100168	0.0221881	0.0637844	0	0.0100719	0.0304859	0.170749
113	0.0100168	0.0218871	0.0627583	0	0.0100719	0.0305849	0.170749
114	0.0100168	0.0220325	0.0627583	0	0.0100719	0.0306441	0.184505
115	0.0100168	0.0218869	0.0625381	0	0.0100719	0.0313282	0.189922
116	0.0100168	0.0219428	0.0625381	0	0.0100719	0.0321053	0.206858
117	0.0100623	0.0218129	0.0625381	0	0.0100719	0.0323205	0.208705
118	0.0100168	0.0217522	0.0611255	0	0.0101518	0.0333661	0.216625
119	0.0100168	0.0219415	0.0618172	0	0.0100719	0.0350686	0.226151
120	0.0100168	0.0219594	0.0618172	0	0.0100719	0.0360604	0.244624
121	0.0100168	0.0226617	0.0665983	0.00149925	0.0100543	0.0358262	0.248846
122	0.0100168	0.0226543	0.0657607	0.00149925	0.0100543	0.0375498	0.256843
123	0.0100168	0.0228743	0.0657607	0.00149925	0.0101545	0.0393011	0.271653
124	0.0100168	0.0228965	0.064905	0	0.0100543	0.041153	0.27914
125	0.0100168	0.0228889	0.0623004	0.00149925	0.0101838	0.0419711	0.298205
126	0.0100168	0.0231228	0.0679638	0	0.0100823	0.0436091	0.298205
127	0.0100168	0.0232609	0.0694545	0	0.0100719	0.0443793	0.298205
128	0.0100168	0.0237055	0.0707601	0	0.0100823	0.0465151	0.31638
129	0.0101043	0.0239185	0.0728457	0	0.0101838	0.0509861	0.368101
130	0.0101043	0.0240481	0.0728457	0	0.0100823	0.0529012	0.368101
131	0.0100168	0.0242678	0.0727738	0	0.0100823	0.0571987	0.425934
132	0.0100168	0.0244534	0.0744583	0	0.0101838	0.061086	0.442829
133	0.0100168	0.025594	0.0920659	0	0.0101838	0.0659553	0.462181
134	0.0100168	0.0259156	0.10819	0	0.0101545	0.0743856	0.540575
135	0.0100168	0.0263934	0.116077	0.0029985	0.0101545	0.0923267	0.691873
136	0.0100168	0.0277863	0.144446	0.005997	0.0101545	0.121251	0.92695
137	0.0100168	0.0283739	0.149173	0.0104948	0.0133964	0.246002	2.01634
138	0.0100168	0.0297939	0.204612	0.0164918	0.0356865	0.329054	5.29782
139	0.0100168	0.035041	0.600639	0.041979	0.033809	0.334501	4.40091
140	0.0100168	0.0291526	0.178256	0.005997	0.0174499	0.317143	2.26021
141	0.0100168	0.0272979	0.139443	0.0029985	0.0323991	0.292909	2.26021
142	0.0100168	0.025658	0.109438	0	0.0375605	0.284253	2.22831
143	0.0100168	0.0253439	0.107903	0	0.0341985	0.280754	1.49815
144	0.0100168	0.0249495	0.0964078	0	0.0345862	0.273893	1.43131
145	0.0100168	0.0246261	0.0887623	0.00149925	0.0369338	0.267535	1.43131
146	0.010053	0.0241578	0.0853383	0	0.0341985	0.266945	1.35599
147	0.0100168	0.0240464	0.0843429	0	0.0315609	0.248955	1.26449
148	0.010053	0.0238723	0.0839296	0	0.0315609	0.234617	1.33748
149	0.0100168	0.0235007	0.0789	0	0.024525	0.228842	1.06625
150	0.0101043	0.0230938	0.0783352	0	0.0263241	0.211401	1.02195
151	0.0100168	0.022934	0.0728457	0	0.0263241	0.20228	1.05279
152	0.0100168	0.0227594	0.0689998	0	0.0250911	0.194274	0.779285
153	0.0100168	0.0221409	0.0634688	0	0.024525	0.182731	0.842073
154	0.0100168	0.0220857	0.0634688	0	0.0210984	0.179181	0.768196
155	0.0100168	0.0221196	0.0643145	0	0.0204561	0.170691	0.751555
156	0.0100168	0.0221274	0.0643145	0	0.0210984	0.166438	0.7544
157	0.0100168	0.0219823	0.0634688	0	0.0182608	0.160912	0.680911
158	0.0100168	0.0220748	0.0624105	0	0.0182608	0.146487	0.667039
159	0.0100168	0.0219881	0.0650502	0	0.0175632	0.14118	0.667039
160	0.0100168	0.0214898	0.0612147	0	0.0161005	0.138699	0.64041
161	0.0100168	0.0216698	0.0618172	0	0.0161044	0.139997	0.64041
162	0.0100059	0.0215183	0.0612147	0	0.0167221	0.137853	0.658626
163	0.0100059	0.0210481	0.0568533	0	0.0167221	0.124539	0.64041
164	0.0100168	0.0209754	0.0568533	0	0.0144284	0.123077	0.540575
165	0.0100365	0.020883	0.0568533	0	0.0144284	0.120369	0.540575
166	0.0100168	0.0208384	0.0568533	0	0.0144284	0.115878	0.532941
167	0.0100059	0.0207946	0.0568533	0	0.0143708	0.110222	0.540575
168	0.0100059	0.0208064	0.0568533	0	0.0117726	0.10597	0.460937
169	0.0100059	0.0209156	0.057911	0	0.0117726	0.101675	0.467307
170	0.0100059	0.0211034	0.0634688	0	0.0117726	0.10136	0.466175
171	0.0100059	0.0209796	0.063053	0	0.0100182	0.101554	0.392983
172	0.0100059	0.0211262	0.0634688	0	0.0124895	0.101187	0.467307
173	0.0100059	0.0214375	0.0653738	0	0.0100182	0.100636	0.384151
174	0.0100168	0.0211493	0.0650502	0	0.0100182	0.0997908	0.380277
175	0.0100058	0.0212531	0.0649964	0	0.0100182	0.0978356	0.380157
176	0.0100058	0.0211527	0.0648071	0	0.0100182	0.0984582	0.380157
177	0.0100168	0.0212964	0.0650502	0	0.0100182	0.100359	0.384151
178	0.0100058	0.0211812	0.0634688	0	0.0100182	0.10425	0.425377
179	0.0100058	0.0211418	0.0618172	0	0.0100182	0.106918	0.426367
180	0.0100058	0.021276	0.063053	0	0.0100182	0.109999	0.454924
181	0.0100058	0.021343	0.0634688	0	0.0100182	0.114591	0.49939
182	0.0100058	0.0215346	0.0658708	0	0.0131276	0.120309	0.665471
183	0.0100058	0.0215481	0.0658708	0	0.0106413	0.127298	0.606509
184	0.0100058	0.0214712	0.0658708	0	0.0103867	0.131017	0.601973
185	0.0100058	0.0213409	0.0649964	0	0.0129145	0.127172	0.665471
186	0.0100058	0.0212519	0.0634688	0	0.0131276	0.128842	0.665471
187	0.0100058	0.0212049	0.0618172	0	0.0114662	0.126382	0.625089
188	0.0100058	0.0212457	0.0634688	0	0.0129145	0.128966	0.665471
189	0.0100058	0.0212489	0.0634688	0	0.0109739	0.132647	0.601973
190	0.0100058	0.0212925	0.0639132	0	0.011371	0.141069	0.645088
191	0.0100058	0.0211631	0.0634688	0	0.0103867	0.149974	0.652964
192	0.0100058	0.0212243	0.0639132	0	0.013515	0.158502	1.02609
193	0.0100058	0.0211407	0.0633185	0	0.0178924	0.167477	1.73531
194	0.0100058	0.0211407	0.0618172	0	0.014477	0.17901	1.49198
195	0.0100058	0.0212948	0.0618172	0	0.0179922	0.175246	1.73531
196	0.0100058	0.0213321	0.0618172	0	0.0167221	0.16935	1.49198
197	0.0100058	0.0214612	0.0618172	0	0.0104056	0.164951	0.910171
198	0.0100058	0.0212606	0.0587164	0	0.0104056	0.15345	0.788567
199	0.0100058	0.0211356	0.0561913	0	0.0104056	0.151255	0.788567
200	0.0100058	0.0210548	0.0557973	0	0.0104056	0.147689	0.777038
201	0.0100058	0.021248	0.0587164	0	0.0106492	0.149002	0.788567
202	0.0100058	0.0214158	0.0587164	0.00149925	0.0120873	0.152732	0.788567
203	0.0100058	0.0216062	0.0589459	0	0.0120873	0.156306	0.788567
204	0.0100058	0.0213109	0.0568533	0	0.015412	0.16122	0.794799
205	0.0100058	0.0212006	0.0568533	0	0.0163709	0.160825	0.794799
206	0.0100058	0.0214976	0.0600189	0	0.0178924	0.150636	0.788567
207	0.0100058	0.0215736	0.0600189	0	0.0178924	0.141599	0.757445
208	0.0100058	0.021598	0.0605393	0	0.0167221	0.142963	0.647724
209	0.0100058	0.0215945	0.0621432	0	0.0175912	0.14428	0.748449
210	0.0100058	0.0214035	0.0621432	0	0.0177803	0.145947	0.757445
211	0.0100058	0.0214014	0.0618172	0	0.0181186	0.148655	0.788567
212	0.0100058	0.0214284	0.0621432	0	0.0177803	0.150062	0.77898
213	0.0100058	0.0215374	0.0634688	0	0.0154278	0.157707	0.788567
214	0.0100058	0.0215814	0.0634688	0	0.0121958	0.161432	0.77898
215	0.0100135	0.0217427	0.0649088	0	0.0115688	0.192581	1.17428
216	0.0100058	0.0219418	0.0667871	0	0.0115688	0.209465	2.14876
217	0.0100058	0.0222919	0.0689998	0	0.0115688	0.214557	2.31277
218	0.0100058	0.022378	0.0689998	0	0.0118782	0.221507	2.31277
219	0.0100058	0.0226435	0.0712091	0	0.0115688	0.235065	2.38759
220	0.0100058	0.022785	0.0720086	0	0.0118782	0.250916	2.55351
221	0.0100058	0.0226878	0.0712091	0	0.0149614	0.272914	3.44903
222	0.0100058	0.0227161	0.0694899	0	0.0164307	0.2893	3.66892
223	0.0100058	0.0232767	0.0741909	0	0.0189854	0.323143	3.44903
224	0.0100058	0.0234482	0.0757042	0	0.0231733	0.361971	3.84834
225	0.0100058	0.023573	0.0748922	0	0.0214316	0.374105	4.96871
226	0.0100058	0.0236981	0.0741909	0	0.029984	0.375694	8.48701
227	0.0100058	0.0239113	0.0753789	0	0.0189022	0.317526	3.1957
228	0.0100058	0.0245832	0.081653	0	0.0182666	0.236143	2.91506
229	0.0100058	0.0246884	0.081653	0	0.0153853	0.199966	2.39183
230	0.0100135	0.0248016	0.081653	0	0.010369	0.159683	1.07386
231	0.0100135	0.0252603	0.0818281	0	0.0101836	0.139414	0.908653
232	0.0100135	0.0255565	0.0836519	0	0.010345	0.115046	0.734877
233	0.0100135	0.02549	0.0838282	0	0.0101836	0.0914082	0.567084
234	0.0100135	0.0258186	0.0845583	0	0.0101836	0.0791606	0.457989
235	0.0100135	0.0268242	0.0953276	0.00149925	0.0101836	0.0717849	0.404831
236	0.0100135	0.026741	0.0927973	0	0.0101836	0.0685012	0.353351
237	0.0101931	0.0270178	0.0927973	0	0.0101836	0.0645915	0.329777
238	0.0101931	0.0277666	0.101529	0	0.010522	0.0599857	0.31638
239	0.0101931	0.0279583	0.101801	0	0.0100535	0.0555807	0.286108
240	0.0101931	0.0294349	0.107666	0.00149925	0.0101836	0.0527937	0.276878
241	0.010186	0.0299055	0.108201	0.00149925	0.0101836	0.0512432	0.262846
242	0.010186	0.030861	0.111662	0.00149925	0.010522	0.0492554	0.264078
243	0.010186	0.0310181	0.111662	0	0.010522	0.0469809	0.254044
244	0.010186	0.0320102	0.117302	0	0.0100718	0.0460044	0.227319
245	0.0101931	0.032738	0.130167	0	0.0101836	0.0459425	0.22371
246	0.010186	0.033791	0.14106	0.00149925	0.0101836	0.0468577	0.226188
247	0.010186	0.0348051	0.147799	0.00149925	0.0101836	0.0480893	0.227319
248	0.0101931	0.0363719	0.189059	0	0.0101836	0.0482041	0.22253
249	0.010186	0.0395591	0.221079	0.0104948	0.0100718	0.0480104	0.205685
250	0.010186	0.0404363	0.218143	0.0029985	0.0101836	0.0475103	0.198492
251	0.010186	0.0480657	0.297165	0.0224888	0.0100718	0.0488464	0.205685
252	0.0101072	0.0420438	0.211616	0.0029985	0.0100718	0.0487237	0.205685
253	0.010186	0.0409137	0.207613	0.00149925	0.0101836	0.0498157	0.226188
254	0.010186	0.0403642	0.204392	0	0.0100718	0.049897	0.227319
255	0.010186	0.0400964	0.191124	0	0.0100718	0.0507186	0.244562
256	0.0101014	0.0396847	0.18904	0	0.0101836	0.0512473	0.227319
257	0.0117238	0.0402828	0.223575	0	0.0101836	0.0519722	0.244562
258	0.0111449	0.0400527	0.214225	0	0.0101836	0.0518365	0.244562
259	0.0101072	0.0401731	0.18904	0.00149925	0.0100718	0.0520745	0.227319
260	0.0101072	0.0399551	0.186759	0	0.0101836	0.056237	0.335863
261	0.0101072	0.0397612	0.18194	0	0.0101836	0.0764729	1.82519
262	0.0101072	0.039857	0.179612	0	0.010697	0.0989532	7.81319
263	0.0101072	0.0400233	0.179612	0	0.010697	0.133157	18.366
264	0.0101072	0.0408666	0.18904	0	0.010697	0.183609	32.516
265	0.0113897	0.0417996	0.221079	0	0.010697	0.260317	47.6859
266	0.0112581	0.0429028	0.225057	0	0.0153853	0.386747	72.5728
267	0.0101931	0.0443111	0.221079	0	0.0165285	0.535269	73.1575
268	0.0101931	0.0451265	0.218673	0	0.0167727	0.802963	82.3989
269	0.0100498	0.0463669	0.221079	0	0.02336	1.10671	86.7605
270	0.0100498	0.047938	0.226323	0.0029985	0.0270246	1.54375	86.7605
271	0.0101931	0.0517437	0.287199	0.005997	0.0256046	1.5575	78.2679
272	0.0101931	0.0546717	0.30212	0.005997	0.0250752	1.33338	84.3651
273	0.0101931	0.0583369	0.30212	0.0089955	0.0221174	1.16458	84.3651
274	0.0100498	0.0748264	0.841905	0.047976	0.0226253	1.03116	86.7605
275	0.0102699	0.0634526	0.326326	0.017991	0.0226253	1.01333	86.7605
276	0.0114038	0.0603378	0.338863	0.0104948	0.0185216	0.986008	86.1882
277	0.0100498	0.0594884	0.30212	0.0089955	0.0167727	0.972561	87.4476
278	0.0109745	0.0599575	0.338863	0.0089955	0.0185216	0.977394	98.874
279	0.0100498	0.0622932	0.324418	0.0104948	0.0242906	1.17583	98.874
280	0.0100498	0.0624486	0.324418	0.011994
