		omega		Posterior		rho				Synonymous theta			kappa			phi	
Site	Lower	Point	Higher	prob of +ve	Lower	Point	Higher		Lower	Point	Higher	Lower	Point	Higher	Lower	Point	Higher
	95% HPD	estimate	95% HPD	selection	95% HPD	estimate	95% HPD		95% HPD	estimate	95% HPD	95% HPD	estimate	95% HPD	95% HPD	estimate	95% HPD
0	0.0100047	0.056565	0.617483	0.0284858	0.0153737	1.84143	98.4318		0.014503	0.0269111	0.0474517	2.74259	10.2169	43.9046	0	0	0
1	0.0100047	0.0555015	0.50766	0.0269865	0.0153737	1.95262	98.4318
2	0.0100047	0.0555451	0.621405	0.029985	0.0153737	1.87861	98.4318
3	0.0100047	0.0551429	0.554646	0.0284858	0.0164285	1.94444	99.0509
4	0.0100047	0.0530643	0.462364	0.023988	0.0173931	1.94302	99.2898
5	0.0100047	0.0519044	0.45016	0.0209895	0.0164285	1.91115	99.0509
6	0.0100101	0.0513041	0.451634	0.0164918	0.016545	1.91455	99.2898
7	0.0100047	0.0506155	0.45016	0.0149925	0.016545	2.06512	99.2898
8	0.0100047	0.0504508	0.462364	0.0194903	0.016545	2.02285	99.2898
9	0.0100047	0.0489078	0.402958	0.0164918	0.0179061	2.18209	99.2898
10	0.0100047	0.0466452	0.353766	0.011994	0.0179061	2.26128	99.2898
11	0.0100047	0.046086	0.351389	0.0134933	0.0193775	2.33893	99.2898
12	0.0100047	0.0466295	0.370256	0.0134933	0.0193775	2.46833	99.2898
13	0.0100047	0.0445917	0.313707	0.0089955	0.0218241	2.63161	99.2898
14	0.0100047	0.0434948	0.305089	0.00749625	0.0266384	2.88772	99.2898
15	0.0100047	0.0449056	0.31893	0.011994	0.029688	2.94614	99.2898
16	0.0100047	0.0433791	0.267823	0.005997	0.0298741	2.85795	99.2898
17	0.0100047	0.0434352	0.300948	0.005997	0.0319239	2.80275	99.2898
18	0.0100047	0.0440715	0.262145	0.00449775	0.0319684	2.98758	99.3242
19	0.0100047	0.0431461	0.262145	0.0029985	0.0329453	3.07777	99.3242
20	0.0100047	0.0433359	0.273024	0.00449775	0.0358036	3.25906	99.3242
21	0.0100047	0.0440053	0.313358	0.005997	0.0358036	3.1315	99.3242
22	0.0100047	0.0430097	0.240284	0.00749625	0.0385986	3.11476	99.3242
23	0.0100047	0.0432929	0.240284	0.005997	0.0385986	3.05378	99.3242
24	0.0100047	0.0425517	0.227245	0.00449775	0.0358036	2.90838	99.3242
25	0.0100047	0.0420997	0.227245	0.00449775	0.0358036	2.76546	99.3242
26	0.0100047	0.0408849	0.221849	0.00149925	0.0329453	2.66026	99.3242
27	0.0100047	0.0407762	0.226475	0.00149925	0.0336514	2.61024	99.3242
28	0.0100047	0.040731	0.230141	0.0029985	0.0336514	2.56378	99.3242
29	0.0100047	0.0410119	0.262646	0.0029985	0.0319684	2.53678	99.3242
30	0.0100047	0.0410587	0.300948	0.0029985	0.0329453	2.57681	99.3242
31	0.0100047	0.0397793	0.233873	0.00449775	0.0324221	2.53691	99.3242
32	0.0100047	0.0392122	0.221264	0.0029985	0.0313475	2.43196	99.3242
33	0.0100047	0.039111	0.221849	0.0029985	0.0313475	2.23647	99.3242
34	0.0100047	0.0396957	0.236601	0.00449775	0.029688	2.04827	99.2898
35	0.0100047	0.0403644	0.233873	0.00449775	0.0218241	1.59934	99.1393
36	0.0100047	0.0405264	0.236601	0.0029985	0.0200149	1.34727	98.1323
37	0.0100047	0.041262	0.264184	0.0029985	0.0182394	1.16541	99.1393
38	0.0100047	0.0409418	0.264184	0.0029985	0.0166592	1.05575	99.1393
39	0.0100047	0.0416806	0.312227	0.00749625	0.012592	0.951668	76.235
40	0.0100047	0.0428219	0.315193	0.0104948	0.0122916	0.990691	76.235
41	0.0100101	0.0430718	0.320272	0.0089955	0.0122916	0.820329	76.235
42	0.0100991	0.0418972	0.304618	0.005997	0.0122916	0.788753	76.235
43	0.0100101	0.0415541	0.288391	0.00449775	0.012592	0.801777	76.235
44	0.0100101	0.041722	0.288391	0.00449775	0.0121241	0.840344	76.235
45	0.0100991	0.0420908	0.301855	0.005997	0.01157	0.898989	76.4476
46	0.0100101	0.0429419	0.304618	0.0089955	0.01157	0.903546	76.4476
47	0.0102367	0.0440554	0.324642	0.0089955	0.0113353	0.902366	76.2158
48	0.0100101	0.0446388	0.324642	0.011994	0.0122916	0.916326	79.9427
49	0.0100101	0.0453731	0.363144	0.0104948	0.0122916	0.86776	76.235
50	0.0100101	0.0458878	0.363144	0.00749625	0.0122916	0.880111	79.9427
51	0.0100706	0.0477189	0.458363	0.011994	0.01157	0.838176	76.235
52	0.0100101	0.04807	0.458363	0.0134933	0.0122916	0.822679	79.9427
53	0.0100991	0.0500918	0.468781	0.0149925	0.0113353	0.767251	76.2158
54	0.0100991	0.0505058	0.468781	0.0149925	0.0101677	0.754306	61.1592
55	0.0102367	0.0508543	0.47368	0.0149925	0.0101677	0.702981	60.2894
56	0.0100101	0.051803	0.47368	0.0149925	0.0101677	0.631815	59.1494
57	0.0100991	0.0528803	0.47368	0.0149925	0.0101677	0.628182	60.2894
58	0.0100991	0.0545217	0.53408	0.0164918	0.0121284	0.642627	76.3598
59	0.0100991	0.0551014	0.53408	0.0149925	0.0116334	0.660935	76.235
60	0.0100991	0.0550274	0.49237	0.011994	0.0112562	0.658738	76.235
61	0.0100991	0.0564462	0.507807	0.011994	0.0116334	0.665158	76.3598
62	0.0100991	0.057276	0.507807	0.0134933	0.0114526	0.647818	76.3598
63	0.0100991	0.0587487	0.507807	0.0149925	0.0103475	0.66347	66.289
64	0.0100991	0.0603119	0.53408	0.0134933	0.0101956	0.641512	66.289
65	0.0101094	0.0637091	0.583345	0.0164918	0.0103475	0.631661	66.601
66	0.0100991	0.0659798	0.583345	0.017991	0.010729	0.606793	69.8636
67	0.0100991	0.0681841	0.641169	0.0254873	0.0101956	0.575909	64.9888
68	0.0100991	0.0705987	0.645524	0.0254873	0.0102545	0.563729	62.7729
69	0.0102367	0.0717025	0.666931	0.029985	0.0102545	0.50611	62.7729
70	0.0100991	0.073493	0.663937	0.0314843	0.0101956	0.526057	63.2915
71	0.0100991	0.0746426	0.666931	0.0314843	0.0103475	0.547367	69.3946
72	0.0101094	0.079946	0.679186	0.0374813	0.0103475	0.541962	69.3946
73	0.0101094	0.0853278	0.93677	0.0464768	0.0106868	0.52663	69.3946
74	0.0102367	0.0929701	1.18496	0.0644678	0.0109549	0.48276	69.8636
75	0.0102446	0.101381	1.36191	0.077961	0.0112076	0.469644	69.3946
76	0.0102446	0.114287	1.63283	0.0989505	0.0115384	0.409326	69.8636
77	0.0100991	0.127528	1.83075	0.122939	0.0110852	0.373824	63.6606
78	0.0101094	0.147477	2.17451	0.146927	0.010089	0.344131	53.6389
79	0.0101094	0.194041	3.19971	0.205397	0.010089	0.32375	53.1218
80	0.010508	0.338271	5.19361	0.323838	0.010089	0.295647	52.9354
81	0.0423095	1.17458	16.0597	0.586207	0.010089	0.290026	45.2447
82	0.0492231	1.19904	17.6928	0.590705	0.010089	0.289984	43.6
83	0.0950953	1.56392	31.4238	0.635682	0.0101049	0.284322	39.0137
84	0.0100576	0.354505	4.89035	0.335832	0.0101956	0.30405	47.3834
85	0.0100576	0.204375	2.94556	0.208396	0.0101956	0.311006	47.3834
86	0.0100576	0.160937	2.11871	0.146927	0.0101049	0.327973	47.3834
87	0.0100576	0.142044	1.9718	0.122939	0.0101049	0.332394	49.5583
88	0.0100576	0.123237	1.54757	0.0929535	0.0101049	0.358325	53.1218
89	0.0100576	0.109386	1.15069	0.0689655	0.0101049	0.388879	61.5047
90	0.0100576	0.102873	1.04185	0.0569715	0.0101049	0.375379	63.6606
91	0.010104	0.0968774	0.884865	0.041979	0.0101049	0.375976	57.9281
92	0.010104	0.0954498	0.884865	0.041979	0.0101049	0.412738	58.2205
93	0.0100576	0.0921185	0.785834	0.0344828	0.0110852	0.411657	69.2644
94	0.010104	0.0913665	0.77642	0.0314843	0.010729	0.495103	68.1835
95	0.010104	0.0907774	0.77642	0.029985	0.010729	0.627893	69.5596
96	0.0100576	0.0873342	0.702882	0.023988	0.010241	0.752881	69.8636
97	0.010104	0.0865112	0.673864	0.0209895	0.0114044	0.835111	77.7999
98	0.0102127	0.0857619	0.677199	0.017991	0.0114044	0.868375	77.7999
99	0.010104	0.0860529	0.673864	0.017991	0.0166078	1.06663	99.5175
100	0.0100576	0.0851508	0.655399	0.0149925	0.0179282	1.14549	99.5175
101	0.0100148	0.084898	0.632598	0.0149925	0.0179282	1.31307	99.5175
102	0.0100148	0.0841302	0.59934	0.0149925	0.0165711	1.21582	99.7038
103	0.0100148	0.0834447	0.595925	0.0089955	0.016214	0.968514	97.7272
104	0.0100148	0.0834762	0.581865	0.0089955	0.0159137	0.80125	97.7272
105	0.0100148	0.0835681	0.581865	0.00749625	0.0159137	0.714074	99.7038
106	0.0100148	0.0844631	0.585104	0.0089955	0.0147511	0.610865	95.5889
107	0.0100148	0.0841579	0.580925	0.0089955	0.010241	0.525481	58.4874
108	0.0100148	0.0839812	0.576273	0.0089955	0.0102545	0.436596	53.5924
109	0.0100148	0.0850113	0.585104	0.0104948	0.010241	0.444854	53.5924
110	0.0100148	0.0839257	0.560596	0.0089955	0.0102686	0.429938	47.5721
111	0.010104	0.0844306	0.560596	0.0089955	0.0102686	0.41402	47.5721
112	0.0100576	0.0863026	0.580925	0.0104948	0.0102686	0.41446	40.6051
113	0.0100576	0.087501	0.623409	0.0149925	0.0102686	0.395542	37.8649
114	0.0100576	0.0889349	0.601863	0.0149925	0.0102686	0.381627	36.3048
115	0.010104	0.0914844	0.623409	0.017991	0.0102686	0.373333	35.6496
116	0.0100576	0.0948599	0.609094	0.0164918	0.0102686	0.390946	34.0901
117	0.010104	0.0992532	0.654813	0.0209895	0.0103041	0.428457	36.6365
118	0.010104	0.102735	0.654813	0.0194903	0.0103041	0.466969	37.4217
119	0.010104	0.10504	0.673274	0.0194903	0.0103041	0.475102	34.0876
120	0.010104	0.105511	0.677199	0.0164918	0.0103041	0.476365	31.5819
121	0.0118059	0.107234	0.786705	0.0164918	0.0106937	0.490458	31.5819
122	0.0115275	0.111941	0.786705	0.017991	0.0108801	0.513032	31.5819
123	0.0113432	0.118975	0.786705	0.0224888	0.0106937	0.512986	31.5819
124	0.0113432	0.122733	0.794081	0.0224888	0.0103347	0.52911	31.5819
125	0.012644	0.127731	0.889839	0.0254873	0.0103347	0.556129	31.5819
126	0.0134802	0.143697	0.940119	0.029985	0.0103041	0.575507	33.6184
127	0.0132685	0.16173	1.05211	0.041979	0.0106937	0.654535	40.3715
128	0.0139756	0.177003	1.29124	0.05997	0.0108801	0.713555	52.7513
129	0.0140326	0.196964	1.58773	0.071964	0.0111698	0.765079	58.1595
130	0.0225231	0.257986	3.67168	0.121439	0.0111698	0.808632	58.834
131	0.0223557	0.210003	2.13569	0.083958	0.0106752	0.816976	57.7163
132	0.0155813	0.194672	1.29261	0.0704648	0.0106752	0.83723	58.834
133	0.0154463	0.180789	1.29261	0.0644678	0.0106752	0.881704	58.834
134	0.0152829	0.166888	1.20448	0.0569715	0.0106752	0.771201	57.7163
135	0.0151227	0.160293	1.15454	0.047976	0.0111698	0.728516	58.1595
136	0.0152829	0.157899	1.19758	0.0464768	0.0119276	0.727019	61.2682
137	0.0151227	0.150704	1.15454	0.0389805	0.0161232	0.761231	85.7118
138	0.0147671	0.152897	1.04844	0.035982	0.0161232	0.848076	87.3769
139	0.0152829	0.150965	1.10244	0.0374813	0.0161232	0.892097	88.5809
140	0.0151248	0.149983	1.10244	0.0389805	0.0162511	0.986828	88.5809
141	0.0152829	0.143954	1.13402	0.035982	0.0161713	1.00054	87.7095
142	0.0151248	0.141161	1.10244	0.0314843	0.0156649	1.04391	90.9363
143	0.0147671	0.140177	0.997454	0.029985	0.0156557	1.09132	90.9363
144	0.0151248	0.143193	1.11785	0.0344828	0.0162511	1.3411	91.2912
145	0.0151248	0.142221	1.11785	0.0344828	0.0201954	1.33463	97.3267
146	0.0151248	0.141617	1.11785	0.0329835	0.0217719	1.56472	91.2602
147	0.0147671	0.141395	1.13402	0.0374813	0.027263	1.63023	91.2602
148	0.0151248	0.14476	1.13402	0.0404798	0.0383546	2.09711	91.2602
149	0.0152803	0.148059	1.20448	0.0449775	0.047692	2.01607	97.3267
150	0.0147671	0.149094	1.13402	0.0434783	0.0376054	1.6356	97.3267
151	0.0152803	0.154412	1.20448	0.0494753	0.0257069	1.48618	91.2602
152	0.0142601	0.158006	1.11785	0.0494753	0.0227175	1.48896	91.2602
153	0.0151248	0.163025	1.20448	0.0569715	0.0161534	1.42088	78.059
154	0.0151248	0.16462	1.20448	0.0569715	0.0166031	1.34766	78.059
155	0.0147671	0.17906	1.30714	0.071964	0.0166031	1.34946	81.6569
156	0.0175847	0.201146	1.82879	0.0914543	0.0167262	1.42297	81.7399
157	0.022543	0.222121	2.39528	0.110945	0.0166031	1.51694	81.7399
158	0.0191819	0.258586	2.7049	0.142429	0.0167262	1.44239	86.1076
159	0.0267167	0.323945	4.14458	0.182909	0.0167262	1.45322	86.1076
160	0.0263665	0.284451	3.48438	0.158921	0.0161534	1.44572	86.1076
161	0.0179137	0.275825	2.40688	0.157421	0.016082	1.43803	86.1076
162	0.0175847	0.270118	2.56849	0.157421	0.015682	1.45343	86.1076
163	0.0175847	0.27478	2.62147	0.163418
