		omega		Posterior		rho				Synonymous theta			kappa			phi	
Site	Lower	Point	Higher	prob of +ve	Lower	Point	Higher		Lower	Point	Higher	Lower	Point	Higher	Lower	Point	Higher
	95% HPD	estimate	95% HPD	selection	95% HPD	estimate	95% HPD		95% HPD	estimate	95% HPD	95% HPD	estimate	95% HPD	95% HPD	estimate	95% HPD
0	0.0100189	0.0391037	0.315313	0.00449775	0.0130408	0.888132	54.2008		0.0437591	0.0549727	0.0669859	3.42821	5.81187	9.7015	0	0	0
1	0.0100189	0.0376888	0.275806	0	0.0115075	0.822531	54.2008
2	0.0100189	0.0367563	0.275806	0	0.0100222	0.775295	51.9517
3	0.0100189	0.0349951	0.229135	0	0.0100321	0.715341	54.2008
4	0.0100189	0.0346556	0.229135	0	0.0100321	0.64509	54.2008
5	0.0100189	0.0337565	0.201957	0	0.0100222	0.567808	51.9517
6	0.0100189	0.0330332	0.179964	0	0.0100222	0.464381	47.2614
7	0.0100189	0.0331847	0.18308	0	0.0100321	0.368514	47.224
8	0.0100189	0.0325813	0.171546	0	0.0100321	0.3403	47.224
9	0.0100189	0.0315021	0.153649	0	0.0104426	0.333262	47.4472
10	0.0100832	0.0311689	0.151938	0	0.0106281	0.290273	47.224
11	0.0101551	0.030734	0.151938	0	0.0100321	0.214872	36.2503
12	0.0100189	0.0306256	0.145516	0	0.0100321	0.14154	13.2817
13	0.0101551	0.0306454	0.151938	0	0.0100321	0.136755	11.6377
14	0.0100189	0.0303932	0.147964	0	0.0100321	0.125512	6.5297
15	0.0100832	0.0310064	0.151821	0.0029985	0.0100321	0.113467	3.94841
16	0.0101551	0.0310687	0.151938	0.00149925	0.0100321	0.101243	1.68567
17	0.0100189	0.0305622	0.144846	0	0.0100321	0.0955894	1.46712
18	0.0100189	0.03041	0.145516	0	0.0100321	0.0932715	1.29531
19	0.0100189	0.0303651	0.144846	0	0.0101344	0.0950036	1.46712
20	0.0100189	0.0302316	0.136625	0	0.0101344	0.0939062	1.27126
21	0.0100189	0.0302617	0.137694	0	0.0104918	0.0918382	1.29531
22	0.0100189	0.0302472	0.143141	0	0.010091	0.0886288	1.2666
23	0.0100189	0.0301522	0.146091	0	0.010091	0.0900602	1.46712
24	0.0100189	0.0301229	0.146091	0	0.010091	0.0889885	1.19359
25	0.0100189	0.0294995	0.143141	0	0.010091	0.087504	1.1104
26	0.0100189	0.0294606	0.143141	0	0.010091	0.0859829	1.07355
27	0.0100189	0.0294974	0.146091	0	0.010091	0.0816726	0.910883
28	0.0100189	0.0290029	0.146091	0	0.010091	0.0831199	0.858223
29	0.0100189	0.0290079	0.137694	0	0.0104918	0.0809786	0.858577
30	0.0100189	0.0285424	0.130842	0	0.010091	0.0836552	0.910883
31	0.0100189	0.0281507	0.12569	0	0.010091	0.0807387	0.760511
32	0.0100189	0.0278112	0.121155	0	0.010091	0.0767983	0.679205
33	0.0100189	0.0280092	0.121155	0	0.0104196	0.0762532	0.673268
34	0.0100189	0.0285457	0.12569	0.00149925	0.010091	0.0820445	0.679205
35	0.0100189	0.0285038	0.12569	0.0029985	0.010091	0.0877374	0.842014
36	0.0100189	0.0280041	0.123531	0	0.010091	0.0981625	1.17287
37	0.0100189	0.0278787	0.118311	0	0.010091	0.115383	1.82528
38	0.0100189	0.0276445	0.117663	0	0.0107919	0.123017	4.61993
39	0.0100189	0.0276015	0.117663	0	0.0107919	0.129697	6.52368
40	0.0100189	0.0275535	0.117862	0	0.0107919	0.138931	7.45319
41	0.0100189	0.0278124	0.117862	0	0.0107919	0.146578	6.52368
42	0.0100189	0.0278909	0.117503	0	0.0107919	0.145398	4.61993
43	0.0100189	0.0279992	0.115899	0	0.0107919	0.147984	4.61993
44	0.0100189	0.0277496	0.115899	0.00149925	0.0101344	0.159863	7.45319
45	0.0100089	0.0278464	0.115899	0.00149925	0.0111244	0.145805	4.24862
46	0.0100089	0.0282167	0.117663	0.0029985	0.0111244	0.125898	1.51236
47	0.0100089	0.028013	0.117862	0.00149925	0.0112694	0.120241	1.48039
48	0.0100089	0.0279282	0.117862	0.00149925	0.0112694	0.106209	0.717322
49	0.0100089	0.0280696	0.115899	0.00149925	0.0113614	0.104334	0.72303
50	0.0100089	0.0280677	0.115899	0.0029985	0.0112694	0.0965007	0.585808
51	0.0100089	0.0278089	0.114149	0	0.0112667	0.085224	0.410551
52	0.0100089	0.027778	0.114149	0	0.0112667	0.0800626	0.376199
53	0.0100089	0.0276827	0.114149	0	0.0112667	0.0767598	0.362971
54	0.0100089	0.0279137	0.114485	0	0.0112667	0.0770072	0.362971
55	0.0100089	0.028074	0.114149	0	0.0112667	0.0764752	0.328588
56	0.0100089	0.0281252	0.114485	0	0.0112667	0.0740639	0.319328
57	0.0100088	0.0279489	0.117252	0	0.0112667	0.0705969	0.314785
58	0.0100258	0.0282641	0.125715	0	0.0112667	0.0663472	0.282793
59	0.0100088	0.0282212	0.125147	0	0.0104238	0.0662257	0.269048
60	0.0100088	0.028113	0.122797	0	0.0105167	0.0614965	0.258908
61	0.0100088	0.0276726	0.12179	0	0.0109083	0.0618358	0.269048
62	0.0100088	0.027593	0.123531	0	0.0104238	0.0623183	0.261634
63	0.0100088	0.027942	0.136664	0	0.0103301	0.0615346	0.261634
64	0.0100088	0.0277334	0.12569	0	0.0101866	0.0599995	0.25108
65	0.0100088	0.0274014	0.122797	0	0.0101866	0.0591371	0.25108
66	0.0100088	0.0272691	0.122797	0	0.0101866	0.0596831	0.256927
67	0.0100088	0.0276858	0.12569	0.0029985	0.0101866	0.0596451	0.256927
68	0.0100088	0.0277743	0.12569	0.0029985	0.0103301	0.0573956	0.230974
69	0.0100088	0.0281268	0.12569	0.00449775	0.0103301	0.0588987	0.25108
70	0.0100088	0.0279983	0.123531	0.00149925	0.0103301	0.0581713	0.230974
71	0.0100088	0.0280917	0.125715	0	0.0101866	0.056433	0.212991
72	0.0100088	0.0281539	0.12569	0	0.0112667	0.0562314	0.216348
73	0.0100088	0.0280901	0.12569	0	0.0112667	0.057115	0.212991
74	0.0100088	0.02825	0.12569	0	0.0112694	0.0573288	0.212991
75	0.0100088	0.0280162	0.12179	0	0.0112667	0.0579042	0.217813
76	0.0100088	0.0280362	0.12179	0	0.0112667	0.0590053	0.230974
77	0.0100088	0.0282557	0.122797	0.00149925	0.0105167	0.0582102	0.212991
78	0.0100088	0.0282168	0.123531	0.00149925	0.0112667	0.0560266	0.204711
79	0.0100088	0.029453	0.136038	0.005997	0.0115538	0.0553395	0.206947
80	0.0100088	0.0283778	0.12569	0	0.0113614	0.0526423	0.192648
81	0.0100088	0.0285461	0.130428	0	0.011365	0.0507287	0.183997
82	0.0100088	0.0292705	0.148278	0	0.0113614	0.0507626	0.183908
83	0.0100088	0.0307264	0.180649	0.0134933	0.0113614	0.0504885	0.183997
84	0.0100088	0.0295457	0.148278	0.005997	0.011365	0.0501349	0.183997
85	0.0100088	0.0295574	0.159638	0.00149925	0.0112667	0.0499351	0.192648
86	0.0100088	0.0295127	0.140688	0	0.0100305	0.0500376	0.17989
87	0.0100088	0.0296763	0.150556	0	0.0100305	0.0500355	0.17989
88	0.0100088	0.0295983	0.130428	0	0.0112667	0.0488845	0.192648
89	0.0100088	0.0294244	0.134065	0	0.0112667	0.0486836	0.192648
90	0.0100088	0.029272	0.148278	0	0.0100305	0.0489682	0.172946
91	0.0100088	0.0297205	0.161236	0	0.0100305	0.0490138	0.175262
92	0.0100088	0.0293225	0.148278	0	0.0100305	0.0494463	0.183997
93	0.0100088	0.0294859	0.161236	0	0.0100305	0.0501063	0.192648
94	0.0100088	0.0295827	0.149971	0	0.0101866	0.0498946	0.206947
95	0.0100088	0.0298622	0.165466	0	0.0101866	0.0493232	0.192041
96	0.0100088	0.0294783	0.139975	0	0.0101866	0.0494809	0.194756
97	0.0100088	0.0294157	0.140688	0	0.0102168	0.0508053	0.230974
98	0.0100088	0.0291321	0.139975	0	0.0101866	0.0519388	0.233613
99	0.0100088	0.029233	0.140688	0	0.0102168	0.0483802	0.194756
100	0.0100088	0.0291185	0.127854	0	0.0102168	0.0491161	0.194756
101	0.0100088	0.0292695	0.127362	0	0.0108039	0.0488148	0.200965
102	0.0100088	0.0292097	0.134065	0	0.0102168	0.0491341	0.194756
103	0.0100088	0.0292228	0.140688	0.0029985	0.0104985	0.0490127	0.194967
104	0.0100088	0.0290727	0.140688	0.0029985	0.0104985	0.0485062	0.194967
105	0.0100088	0.0286475	0.127362	0.0029985	0.0101866	0.0484804	0.194967
106	0.0100088	0.0278656	0.116341	0.00149925	0.0101866	0.0483773	0.200965
107	0.0100088	0.0277209	0.116341	0	0.0102168	0.0494835	0.23434
108	0.0100088	0.0276915	0.116341	0	0.0102168	0.0496309	0.23434
109	0.0100088	0.0276914	0.115881	0	0.011365	0.0481086	0.233613
110	0.0100088	0.0278108	0.116341	0.00149925	0.010449	0.0478952	0.210737
111	0.0100088	0.0276632	0.118034	0	0.0101866	0.0476301	0.210737
112	0.0100088	0.0282712	0.125129	0.0029985	0.0106473	0.0476105	0.23434
113	0.0100088	0.0281475	0.123531	0.00449775	0.0102168	0.0476606	0.219884
114	0.0100088	0.0273037	0.116341	0.00449775	0.0102168	0.04755	0.210737
115	0.0100088	0.026981	0.110659	0.00149925	0.0102168	0.0476333	0.210737
116	0.0100088	0.0269394	0.111246	0	0.0102168	0.0480834	0.210737
117	0.0100088	0.0271337	0.118034	0	0.0102168	0.047469	0.206399
118	0.0100094	0.0275063	0.116999	0	0.0102317	0.0484798	0.23434
119	0.0100094	0.0274894	0.118034	0	0.0102168	0.0473285	0.212528
120	0.0100094	0.0276698	0.118112	0	0.0106394	0.0467874	0.234024
121	0.0100105	0.0274755	0.118112	0	0.0102168	0.0458997	0.206399
122	0.0100094	0.027223	0.116999	0	0.0102168	0.0459231	0.206399
123	0.0100105	0.0268528	0.108343	0	0.0102168	0.0451799	0.186431
124	0.0100094	0.0263231	0.100117	0	0.0102168	0.0452733	0.190961
125	0.0100105	0.0259473	0.0966872	0	0.0102168	0.0438933	0.16132
126	0.0100105	0.0256837	0.0966872	0	0.0102168	0.0425797	0.151621
127	0.0100105	0.0258748	0.10065	0.00149925	0.010449	0.041372	0.152105
128	0.0100105	0.0259186	0.104927	0.00149925	0.0106394	0.0411134	0.152105
129	0.0100105	0.025785	0.104927	0	0.010449	0.0411164	0.152105
130	0.0100105	0.025863	0.106319	0	0.0102168	0.0410443	0.151621
131	0.0100105	0.0263494	0.112417	0	0.0101822	0.0408219	0.152105
132	0.0100105	0.0262857	0.111246	0	0.0101822	0.04103	0.16132
133	0.0100105	0.0256215	0.10065	0	0.0102168	0.040659	0.16132
134	0.0100156	0.0254192	0.0966872	0	0.0102168	0.0388752	0.151621
135	0.0100105	0.0256444	0.0967955	0	0.0101822	0.0378055	0.146494
136	0.0100105	0.0258805	0.100117	0	0.0102168	0.0374327	0.151621
137	0.0100105	0.0259758	0.106319	0	0.0101822	0.0363243	0.145014
138	0.0100156	0.0265614	0.108343	0	0.0101822	0.0352691	0.143934
139	0.0100156	0.0272473	0.118658	0	0.0101822	0.0354841	0.145014
140	0.0100156	0.0271554	0.118658	0.00149925	0.0101822	0.0350798	0.145014
141	0.0100105	0.0273001	0.118658	0.00149925	0.0101822	0.0352203	0.146073
142	0.0100105	0.0266191	0.111246	0.00149925	0.0101822	0.0352485	0.146073
143	0.0100105	0.0264052	0.114261	0.00149925	0.0101822	0.0333196	0.125544
144	0.0100105	0.0257776	0.106319	0	0.0101822	0.031116	0.108085
145	0.0100105	0.0259576	0.111246	0	0.0101822	0.0308048	0.108085
146	0.0100105	0.0261774	0.114261	0	0.0101822	0.0303886	0.102254
147	0.0100705	0.0263791	0.118658	0	0.0101822	0.0300471	0.10127
148	0.0100599	0.0264457	0.118658	0.00149925	0.0101822	0.0297114	0.0985078
149	0.0100599	0.0266523	0.118658	0.00149925	0.0101822	0.0295618	0.0985078
150	0.0100599	0.0266563	0.118658	0.00149925	0.0101822	0.0291143	0.0985028
151	0.0100105	0.026243	0.111246	0	0.0101822	0.0291566	0.0985078
152	0.0100105	0.0258671	0.100117	0	0.0101822	0.0288877	0.0985028
153	0.0100105	0.0256976	0.0966872	0	0.0101822	0.0288	0.0950934
154	0.0100105	0.0257412	0.100117	0	0.0101822	0.0282674	0.0937762
155	0.0100105	0.0256026	0.100117	0	0.0101822	0.0278929	0.0935167
156	0.0100105	0.0258042	0.100117	0	0.01017	0.0273732	0.0935167
157	0.0100105	0.0258858	0.100117	0	0.01017	0.0270139	0.0899229
158	0.0100105	0.025877	0.0974904	0	0.01017	0.0266972	0.0868174
159	0.0100105	0.0262373	0.106647	0	0.01017	0.0262435	0.0845628
160	0.0100258	0.0265956	0.118658	0	0.01017	0.026157	0.0845628
161	0.0100599	0.0262539	0.118658	0	0.01017	0.0255927	0.0776576
162	0.0100105	0.0259439	0.111246	0	0.01017	0.0252056	0.0749134
163	0.0100105	0.0250571	0.100117	0	0.01017	0.024864	0.0743346
164	0.0100105	0.0246434	0.0958091	0	0.0101528	0.024285	0.0720542
165	0.0100156	0.0244802	0.0974904	0	0.0101528	0.0243769	0.0730061
166	0.0100105	0.0246064	0.100117	0	0.0101528	0.0242495	0.0730061
167	0.0100105	0.023947	0.0918734	0	0.0101528	0.0242302	0.0743346
168	0.0100105	0.0241849	0.0936567	0	0.0101528	0.024308	0.0776576
169	0.0100105	0.0246389	0.0974904	0	0.0101528	0.0241661	0.0792616
170	0.0100105	0.0247233	0.0974904	0	0.010092	0.0245618	0.0868174
171	0.0100156	0.0262638	0.127017	0.00149925	0.010092	0.0244167	0.0851945
172	0.0100105	0.0266266	0.129234	0.00149925	0.0100036	0.0243274	0.0901914
173	0.0100105	0.0262763	0.124047	0	0.0100036	0.0238602	0.0845628
174	0.0100105	0.0260837	0.126166	0	0.0100036	0.0239336	0.0901914
175	0.0100105	0.0255321	0.114261	0	0.010092	0.0243161	0.0935167
176	0.0100156	0.0254047	0.110032	0	0.010092	0.0244083	0.0939985
177	0.0100105	0.0251839	0.0958091	0	0.0100036	0.0244577	0.0939985
178	0.0100105	0.0252044	0.0959658	0	0.0100036	0.0242275	0.0928112
179	0.0100105	0.0247577	0.0907417	0	0.0100036	0.0242879	0.0939985
180	0.0100105	0.024986	0.0936567	0.00149925	0.010092	0.0245491	0.0965058
181	0.0100105	0.0247093	0.0907417	0.00149925	0.0100036	0.0247005	0.0965058
182	0.0100156	0.0242259	0.0800893	0.00149925	0.0100036	0.0247255	0.0965058
183	0.0100105	0.0241134	0.0800893	0	0.0100036	0.024849	0.0965058
184	0.0100105	0.024435	0.0860387	0	0.0100036	0.0245353	0.0928112
185	0.0100105	0.0235042	0.0792539	0	0.0100036	0.0250033	0.094998
186	0.0100105	0.023069	0.0750163	0	0.0100036	0.0254661	0.100099
187	0.0100126	0.0229347	0.072089	0.0029985	0.0100036	0.0257873	0.100099
188	0.0100126	0.0229781	0.0721209	0.00149925	0.0100036	0.0260176	0.098478
189	0.0100126	0.0231188	0.0744923	0	0.0100036	0.02598	0.103402
190	0.0100126	0.0235741	0.0800893	0	0.0100036	0.0263982	0.109103
191	0.0100105	0.0233184	0.0797675	0	0.0100247	0.0280364	0.131394
192	0.0100126	0.0235523	0.0800893	0.00149925	0.0100036	0.0280553	0.132559
193	0.0100126	0.0238559	0.0800893	0.005997	0.0100036	0.0287205	0.139467
194	0.0100105	0.0232156	0.0773706	0	0.0100036	0.0294447	0.16101
195	0.0100105	0.0232447	0.0773706	0	0.0100036	0.0296011	0.157171
196	0.0100105	0.022912	0.0734071	0	0.0100036	0.0302855	0.16101
197	0.0100105	0.0233371	0.0750163	0	0.0100036	0.0294677	0.146154
198	0.0100105	0.0236335	0.0750163	0	0.010092	0.029615	0.146154
199	0.0100105	0.0233624	0.0749007	0	0.010092	0.030193	0.146011
200	0.0100105	0.0234092	0.0749007	0	0.0100036	0.0305495	0.148154
201	0.0100105	0.0238317	0.0824257	0	0.0100247	0.0311113	0.172774
202	0.0100105	0.0240803	0.0858152	0	0.0100036	0.0317443	0.174309
203	0.0100105	0.0240188	0.0858152	0	0.0100036	0.0318927	0.175032
204	0.0100105	0.0241342	0.0835797	0	0.0100036	0.0324592	0.177513
205	0.0100105	0.024007	0.0858152	0	0.0100036	0.033747	0.194955
206	0.0100105	0.0241833	0.0874163	0	0.010092	0.0349936	0.202809
207	0.0100105	0.0242194	0.0942709	0.00149925	0.010092	0.0361486	0.227262
208	0.0100105	0.0243632	0.0874163	0.005997	0.010092	0.0361732	0.227262
209	0.0100105	0.0237894	0.0835797	0.0029985	0.0100036	0.0357721	0.218917
210	0.0100105	0.0238051	0.0835797	0.0029985	0.010092	0.0350881	0.202809
211	0.0100105	0.0237285	0.0835797	0.0029985	0.010092	0.0350535	0.198477
212	0.0100105	0.0235719	0.0858152	0.0029985	0.0100036	0.0362221	0.202809
213	0.0100105	0.0233186	0.0824257	0.0029985	0.0100036	0.0378471	0.234005
214	0.0100105	0.0230227	0.0797675	0.00149925	0.010092	0.0388242	0.239877
215	0.0100105	0.0230114	0.0797675	0.00149925	0.0100036	0.0379755	0.225238
216	0.0100126	0.0227587	0.0780729	0.00149925	0.010092	0.0388323	0.221729
217	0.0100105	0.0226994	0.0777317	0.00149925	0.010092	0.0395556	0.227262
218	0.0100156	0.0229474	0.0780729	0.00149925	0.0100036	0.0417123	0.257551
219	0.0100105	0.0230017	0.0780729	0.00149925	0.0100036	0.0419684	0.267551
220	0.0100705	0.0230473	0.083807	0.00149925	0.010092	0.042105	0.280498
221	0.0100105	0.0230145	0.083807	0	0.010092	0.0424061	0.280498
222	0.0100105	0.0229935	0.083807	0	0.0100036	0.0428625	0.280498
223	0.0100705	0.023081	0.0861966	0	0.010092	0.0422117	0.280498
224	0.0100105	0.0234406	0.0905028	0	0.010092	0.0420364	0.280498
225	0.0100105	0.0235985	0.0905028	0	0.010092	0.0407344	0.256771
226	0.0100705	0.0241166	0.0975408	0	0.010092	0.0402267	0.256771
227	0.0100105	0.0245547	0.100684	0	0.010092	0.0400346	0.256771
228	0.0100105	0.0246165	0.0996239	0.00149925	0.0100036	0.0393057	0.250344
229	0.0100705	0.0244421	0.0975408	0	0.010092	0.0386431	0.256771
230	0.0100902	0.0243915	0.0975408	0	0.010092	0.0378472	0.256771
231	0.0100105	0.0247661	0.0980075	0.0029985	0.010092	0.0374302	0.256771
232	0.0100105	0.0246635	0.0996239	0.00449775	0.0100036	0.0366262	0.250344
233	0.0100105	0.0244917	0.102597	0.00149925	0.0100036	0.0357065	0.250344
234	0.0100105	0.0248013	0.107711	0.00149925	0.010092	0.0352795	0.256771
235	0.0100105	0.0249355	0.107711	0	0.0100036	0.0339917	0.255055
236	0.0100705	0.0245267	0.0975408	0	0.0100036	0.033271	0.250344
237	0.0100105	0.0248125	0.102597	0	0.0100036	0.0334262	0.255055
238	0.0100105	0.025801	0.116911	0	0.0100036	0.0322707	0.241686
239	0.0100705	0.0253765	0.110032	0	0.0100036	0.0311942	0.221897
240	0.0100705	0.0256469	0.110032	0	0.0100036	0.0314022	0.225238
241	0.0100705	0.0256748	0.110032	0	0.0100036	0.0314763	0.215509
242	0.0100705	0.0256014	0.110032	0	0.0100036	0.0310433	0.198287
243	0.0100705	0.025646	0.110032	0	0.0100036	0.0303256	0.146229
244	0.0100105	0.0257673	0.110032	0	0.0100223	0.0296951	0.146229
245	0.0100705	0.0259497	0.110032	0	0.0100036	0.0291444	0.146229
246	0.0100105	0.0257408	0.10941	0.0029985	0.0100036	0.0291633	0.177287
247	0.0100375	0.0262679	0.116911	0.00449775	0.0100036	0.0286739	0.146229
248	0.0100105	0.0256486	0.102207	0.00149925	0.0100223	0.0287979	0.146154
249	0.0100375	0.0252704	0.0957589	0.00449775	0.0100223	0.028616	0.146154
250	0.0100375	0.0253685	0.0957589	0.005997	0.0100223	0.0290103	0.146229
251	0.0100105	0.0256324	0.0970053	0.005997	0.0100796	0.0295322	0.14704
252	0.0100105	0.025964	0.0975191	0.005997	0.0100796	0.0289138	0.146011
253	0.0100105	0.0258686	0.102207	0.00449775	0.0100796	0.0289095	0.146011
254	0.0100105	0.0253692	0.102207	0	0.0100796	0.0287022	0.146011
255	0.0100105	0.0247521	0.0920309	0	0.0100796	0.0286254	0.146011
256	0.0100105	0.0247421	0.0920309	0	0.0100796	0.0285444	0.135777
257	0.0100375	0.0247355	0.0920309	0	0.0100036	0.028561	0.131434
258	0.0100105	0.0250594	0.0924443	0.0029985	0.0100036	0.0285455	0.131394
259	0.0100105	0.0253943	0.0957589	0.0029985	0.0100796	0.0290213	0.134905
260	0.0100375	0.0259448	0.102207	0.0029985	0.010092	0.0290034	0.131394
261	0.0100375	0.0261365	0.102558	0.005997	0.0100796	0.0288481	0.131394
262	0.0100375	0.0257468	0.0991557	0	0.0100796	0.0291317	0.135777
263	0.0100902	0.025767	0.0991557	0	0.0100796	0.029235	0.134905
264	0.0100375	0.0258014	0.0957589	0	0.0100796	0.0293691	0.135777
265	0.0100902	0.0260274	0.0991557	0	0.0100036	0.0299411	0.135777
266	0.0100375	0.0257076	0.0957589	0	0.0100796	0.0304723	0.154475
267	0.0100375	0.025843	0.0957589	0	0.010092	0.0310981	0.154475
268	0.0100375	0.0257495	0.0976332	0	0.0100036	0.0313754	0.154475
269	0.0100375	0.0255774	0.0972504	0	0.0100796	0.0318378	0.158636
270	0.0100375	0.0256676	0.0969623	0	0.0100796	0.0319315	0.154475
271	0.0100375	0.0255724	0.0957589	0	0.0100796	0.0323873	0.154475
272	0.0100902	0.026138	0.0991557	0	0.0100796	0.0323789	0.154475
273	0.0100902	0.0262921	0.0991557	0	0.0100036	0.0326786	0.154475
274	0.0100375	0.0267179	0.0991557	0	0.010092	0.0331737	0.177287
275	0.0100375	0.026436	0.0991557	0	0.0100036	0.0332805	0.170606
276	0.0100375	0.0265771	0.100607	0	0.0100036	0.033152	0.170606
277	0.0100375	0.0271456	0.101106	0	0.0100036	0.0327866	0.170606
278	0.0100375	0.0272956	0.101778	0	0.0100036	0.0320749	0.1644
279	0.0100375	0.0273624	0.102558	0	0.0100036	0.0316025	0.158636
280	0.0100375	0.027329	0.103718	0	0.0100036	0.0317126	0.170606
281	0.0100375	0.0274531	0.105445	0	0.0100036	0.0316301	0.170606
282	0.0100375	0.0278894	0.108711	0.0029985	0.0100036	0.0319304	0.170606
283	0.0100375	0.0282581	0.111377	0.0029985	0.0100036	0.0318657	0.154475
284	0.0100375	0.0283078	0.112183	0.0029985	0.0100036	0.0322869	0.154475
285	0.0100375	0.0279907	0.112183	0	0.0100796	0.0320558	0.144478
286	0.0100375	0.0283882	0.112183	0	0.0100796	0.031953	0.144478
287	0.0100375	0.0289177	0.125921	0	0.0100796	0.0317696	0.138686
288	0.0100375	0.0298122	0.131244	0	0.0100036	0.0312523	0.130504
289	0.0100375	0.0303679	0.129376	0.00149925	0.0100796	0.0317445	0.135141
290	0.0100375	0.0299184	0.115826	0	0.0100036	0.031694	0.129074
291	0.0100375	0.0300916	0.123636	0	0.0100036	0.03183	0.130504
292	0.0100375	0.0303551	0.123636	0	0.0100036	0.0322961	0.138686
293	0.0100375	0.0309733	0.127685	0.00149925	0.0100036	0.0324305	0.143556
294	0.0100375	0.0309286	0.129376	0.00149925	0.010092	0.0334229	0.165379
295	0.0100375	0.0310693	0.131244	0.00149925	0.0100796	0.0330487	0.154475
296	0.0100375	0.030917	0.131244	0	0.0100036	0.0335005	0.154475
297	0.0100375	0.0320344	0.136014	0.00149925	0.0100796	0.0336924	0.154475
298	0.0100375	0.0327796	0.155733	0.00149925	0.0100036	0.0340532	0.154475
299	0.0100375	0.034891	0.200631	0.00149925	0.0100036	0.0341704	0.152992
300	0.0100375	0.0361971	0.215213	0.00149925	0.0100796	0.0334282	0.134905
301	0.0100375	0.0378135	0.231665	0.00149925	0.0100036	0.0328147	0.121482
302	0.0100375	0.0390396	0.231665	0	0.0100036	0.033021	0.125496
303	0.0100375	0.0396846	0.237973	0	0.0100036	0.0322558	0.11963
304	0.0100375	0.0411884	0.260241	0	0.0101168	0.0324005	0.121482
305	0.0100375	0.043759	0.26474	0	0.0100036	0.0322607	0.121482
306	0.0100375	0.0453318	0.275502	0	0.0100036	0.0320928	0.121482
307	0.0100375	0.0480352	0.280681	0.00149925	0.0100036	0.032081	0.125496
308	0.0100375	0.0510632	0.299289	0.00149925	0.0100036	0.0319822	0.12179
309	0.0100375	0.0528178	0.302201	0.00449775	0.0100036	0.0318818	0.12179
310	0.0100375	0.055761	0.326989	0.00449775	0.0100036	0.03203	0.125496
311	0.0100375	0.0568537	0.32627	0.0029985	0.0100036	0.031839	0.125496
312	0.0100375	0.0622684	0.352393	0.0029985	0.0100036	0.0314616	0.12179
313	0.0100375	0.0663589	0.357715	0.00149925	0.0100036	0.0319491	0.130504
314	0.0100375	0.0681781	0.363806	0.00149925	0.0100036	0.0323381	0.144736
315	0.0105671	0.0756402	0.464554	0.0029985	0.0101316	0.0328148	0.154475
316	0.0105671	0.080069	0.464554	0.00449775	0.0101168	0.032865	0.154475
317	0.0114035	0.0894068	0.517147	0.00449775	0.0101168	0.0337742	0.170606
318	0.0114035	0.0892973	0.517147	0.00449775	0.0100796	0.0338413	0.17007
319	0.0116124	0.0887645	0.517147	0.00449775	0.010149	0.0343842	0.173039
320	0.0121297	0.0855591	0.517147	0.0029985	0.0100796	0.0350452	0.173039
321	0.0117164	0.0861377	0.512864	0.0029985	0.0100796	0.035317	0.173039
322	0.0108299	0.0834518	0.481478	0.00149925	0.0102545	0.0341705	0.173039
323	0.0103742	0.0831599	0.471483	0.0029985	0.0102746	0.0336309	0.173039
324	0.0101409	0.0836831	0.487306	0.0029985	0.0101168	0.033992	0.171095
325	0.0101061	0.0827921	0.487306	0.00449775	0.0101168	0.0340439	0.171095
326	0.0112105	0.085829	0.556017	0.00449775	0.0101168	0.0339345	0.1644
327	0.0101061	0.0905915	0.547334	0.011994	0.0102932	0.0338837	0.154475
328	0.010568	0.0938972	0.686988	0.0194903	0.0101316	0.0331271	0.135371
329	0.0110427	0.09954	0.763732	0.0284858	0.0101316	0.0329423	0.135118
330	0.0101934	0.0799032	0.521369	0.0149925	0.0101316	0.0327431	0.13182
331	0.0101061	0.0711041	0.459708	0.0134933	0.0101316	0.0327607	0.135118
332	0.0101061	0.0698254	0.471483	0.0194903	0.0101316	0.0321556	0.124505
333	0.0101934	0.0616706	0.403302	0.0089955	0.0101316	0.0321755	0.124505
334	0.0101934	0.0567649	0.365172	0.00449775	0.0101316	0.0319657	0.12274
335	0.0102643	0.0544895	0.365172	0.00149925	0.0101316	0.0316355	0.117773
336	0.0102643	0.0522397	0.367458	0.00149925	0.0101316	0.031237	0.110631
337	0.0101061	0.050499	0.327559	0.00149925	0.010149	0.0320599	0.117773
338	0.0101061	0.0493172	0.309437	0	0.0103322	0.0333534	0.134905
339	0.0102643	0.0491961	0.32627	0.0029985	0.0103322	0.0332952	0.134905
340	0.0102643	0.0485057	0.32627	0.00449775	0.010149	0.0322173	0.127217
341	0.0101061	0.0448311	0.260241	0.0029985	0.0102106	0.0319284	0.12274
342	0.0101061	0.0429635	0.23256	0.00449775	0.0103322	0.0318435	0.122491
343	0.0101934	0.0427316	0.239955	0.00449775	0.010149	0.0315553	0.114518
344	0.0101061	0.0416185	0.219127	0.00449775	0.0103335	0.0305812	0.110631
345	0.0101061	0.0412404	0.19938	0.00449775	0.010149	0.0298903	0.101771
346	0.0102643	0.0396233	0.19938	0.00449775	0.010149	0.0299651	0.101771
347	0.0101934	0.038665	0.184854	0.00449775	0.010149	0.0305342	0.110894
348	0.0101934	0.0379112	0.177675	0.0029985	0.010149	0.0305299	0.110894
349	0.0101934	0.0374538	0.178175	0	0.010149	0.0307539	0.110894
350	0.0101934	0.0367057	0.178175	0	0.010149	0.0308883	0.110894
351	0.0101061	0.0361089	0.175812	0	0.010149	0.0311776	0.111003
352	0.0100221	0.0357664	0.173139	0.00149925	0.010149	0.0312777	0.113051
353	0.0100221	0.0358121	0.177675	0.0029985	0.0103322	0.0308559	0.112025
354	0.0100221	0.0353328	0.177675	0.00449775	0.010149	0.0303309	0.103934
355	0.0100221	0.0360598	0.183603	0.0104948	0.0102106	0.0305428	0.108894
356	0.0100221	0.0346108	0.170061	0.0029985	0.010149	0.0307144	0.103934
357	0.0100221	0.0343806	0.167727	0	0.0104231	0.0304025	0.105569
358	0.0100221	0.0350382	0.170061	0.005997	0.010149	0.0303923	0.100274
359	0.0100221	0.0348129	0.170061	0.005997	0.010149	0.0309367	0.103934
360	0.0100221	0.0347028	0.170061	0.005997	0.0101481	0.0299159	0.0982762
361	0.0100221	0.0342452	0.167727	0.00149925	0.0101481	0.0297544	0.0979291
362	0.0100221	0.0347058	0.167727	0.005997	0.0101481	0.0298786	0.0979291
363	0.0100221	0.0342439	0.159192	0	0.0103322	0.0297421	0.09513
364	0.0100221	0.0334004	0.150192	0	0.0101481	0.0295278	0.0858122
365	0.0100221	0.0332183	0.145566	0	0.0101481	0.0299618	0.088498
366	0.0100221	0.0331397	0.145566	0	0.0101481	0.0294179	0.0857508
367	0.0100221	0.033371	0.145566	0	0.0101145	0.0299807	0.09513
368	0.0100221	0.0336219	0.159192	0.00149925	0.0101145	0.0297979	0.0928388
369	0.0100221	0.0335488	0.162088	0.00149925	0.0101145	0.0300567	0.0928388
370	0.0100221	0.0330021	0.159192	0.00149925	0.0103322	0.0301588	0.0961621
371	0.0100221	0.0323977	0.158561	0.00149925	0.0103322	0.0302837	0.0961621
372	0.0100221	0.0313604	0.144685	0	0.01044	0.0308323	0.102974
373	0.0100221	0.0311001	0.144685	0	0.0101145	0.0310477	0.096567
374	0.0100221	0.0305511	0.144037	0	0.0101145	0.0311061	0.096567
375	0.0100221	0.0306147	0.138749	0	0.0101481	0.0317414	0.102974
376	0.0100221	0.0305387	0.145566	0	0.0101145	0.0318931	0.102974
377	0.0100221	0.0305466	0.159192	0	0.0101145	0.0320151	0.103934
378	0.0100066	0.0308561	0.166778	0	0.0101481	0.0326209	0.112025
379	0.0100456	0.030909	0.167727	0	0.0101145	0.033165	0.116531
380	0.0100066	0.0304102	0.159192	0	0.0101481	0.0337731	0.125672
381	0.0100066	0.0300254	0.148372	0	0.0101212	0.0341006	0.125672
382	0.0100066	0.0295223	0.137918	0	0.0101145	0.0345153	0.130573
383	0.0100066	0.0290371	0.135308	0	0.0101145	0.0346122	0.130573
384	0.0100066	0.029008	0.135581	0.0029985	0.0101145	0.0346003	0.125672
385	0.0100066	0.0283703	0.135308	0.0029985	0.0101145	0.0347998	0.127217
386	0.0100066	0.0283308	0.135308	0.0029985	0.0101145	0.0351943	0.133088
387	0.0100066	0.028492	0.127764	0.0029985	0.0101145	0.0354789	0.125672
388	0.0100066	0.0287127	0.135581	0.00149925	0.0101212	0.0359988	0.124282
389	0.0100066	0.030118	0.167285	0.0104948	0.0101212	0.0372115	0.142812
390	0.0100066	0.0289689	0.144037	0.005997	0.0101212	0.0374079	0.145794
391	0.0100066	0.0286887	0.135581	0.00749625	0.0101212	0.0384791	0.155505
392	0.0100066	0.0272851	0.112052	0.005997	0.0101212	0.0388603	0.16806
393	0.0100066	0.0269495	0.111894	0.005997	0.0101481	0.0380283	0.155505
394	0.0100456	0.0265098	0.111894	0.005997	0.0101832	0.0373213	0.150978
395	0.0100066	0.0267958	0.11346	0.005997	0.0101212	0.0361608	0.142812
396	0.0100066	0.0268674	0.114501	0.005997	0.0104697	0.0360433	0.149783
397	0.0100456	0.0263972	0.112052	0.0029985	0.0102838	0.0365285	0.150747
398	0.0100456	0.0256141	0.105081	0	0.0104697	0.0365456	0.150978
399	0.0100066	0.0250252	0.0946643	0	0.0102838	0.0366992	0.149783
400	0.0100066	0.0249288	0.0941411	0	0.0101481	0.0372085	0.149783
401	0.0100456	0.0245865	0.0934386	0	0.0104697	0.0366999	0.144013
402	0.0100456	0.0247224	0.0934386	0	0.0105104	0.0378839	0.149783
403	0.0100066	0.0251259	0.0941411	0	0.0104697	0.0379412	0.149783
404	0.0100066	0.024412	0.0881499	0	0.0105104	0.0379921	0.149783
405	0.0100456	0.0236549	0.0851142	0	0.0101481	0.0383721	0.149783
406	0.0100096	0.0237463	0.0851142	0	0.0105104	0.0379538	0.149783
407	0.0100096	0.0237002	0.0851142	0	0.0105208	0.0373262	0.149783
408	0.0100096	0.0238658	0.0875275	0	0.0105104	0.0377353	0.149783
409	0.0100096	0.0238969	0.0875275	0	0.0105104	0.0380887	0.149783
410	0.0100096	0.0240817	0.0881499	0	0.0101481	0.0381248	0.149783
411	0.0100096	0.0241684	0.0893139	0	0.0104381	0.0376593	0.149783
412	0.0100096	0.0239003	0.0869407	0	0.0104381	0.0371578	0.149783
413	0.0100096	0.023915	0.0869407	0	0.0104381	0.0371774	0.162242
414	0.0100096	0.0239675	0.0875275	0	0.0104381	0.0371951	0.162242
415	0.0100161	0.0243309	0.0881499	0	0.0104381	0.0373772	0.162242
416	0.0100161	0.0247678	0.0946643	0	0.0104381	0.0377513	0.163238
417	0.0100456	0.0249179	0.0954361	0.00149925	0.0104381	0.0377346	0.162242
418	0.0100456	0.0248044	0.0954361	0.00149925	0.0104381	0.0376509	0.161678
419	0.0100456	0.0246879	0.0954361	0.00149925	0.0101481	0.0377381	0.163238
420	0.0100161	0.0248228	0.0954361	0.00149925	0.0104381	0.0380031	0.172039
421	0.0100161	0.0250346	0.0954361	0.00149925	0.0104381	0.0394402	0.183962
422	0.0100161	0.0250542	0.0954361	0.00149925	0.0104381	0.039909	0.183962
423	0.0100161	0.024902	0.0946643	0.00149925	0.0104381	0.04229	0.20709
424	0.0100107	0.0244169	0.0875275	0	0.0104381	0.0440971	0.259307
425	0.0100107	0.0243684	0.0881499	0	0.0104381	0.0454325	0.293251
426	0.0100107	0.0247195	0.0979862	0	0.0101481	0.0458064	0.346237
427	0.0100161	0.0242684	0.0954361	0	0.0103442	0.0473431	0.481046
428	0.0100161	0.0240479	0.0954361	0	0.0104381	0.0476483	0.516821
429	0.0100161	0.0239634	0.0954361	0	0.0104381	0.0477603	0.516821
430	0.0100107	0.0240372	0.100614	0	0.0103442	0.0477379	0.496848
431	0.0100107	0.0241073	0.100614	0	0.0103442	0.0478202	0.481046
432	0.0100107	0.0246082	0.106629	0.00149925	0.0103442	0.0476636	0.481046
433	0.0100107	0.0245163	0.106629	0.00149925	0.0103442	0.0478556	0.481046
434	0.0100456	0.0246427	0.111875	0	0.0104085	0.047602	0.468268
435	0.0100107	0.0246512	0.110702	0	0.0103442	0.0469388	0.311617
436	0.0100107	0.0245585	0.109989	0	0.0103442	0.0452961	0.247012
437	0.0100107	0.0244483	0.108633	0	0.0103442	0.045662	0.247012
438	0.0100161	0.0242106	0.106629	0	0.0103442	0.0464353	0.29127
439	0.0100107	0.0250197	0.115272	0	0.0103442	0.0463594	0.279946
440	0.0100161	0.0250828	0.118017	0	0.0103442	0.0462479	0.279946
441	0.0100107	0.0248345	0.118017	0	0.0103397	0.0431629	0.217442
442	0.0100107	0.024599	0.116117	0	0.0103397	0.0408244	0.182436
443	0.0100456	0.0245972	0.118017	0	0.0103397	0.0395689	0.165214
444	0.0100107	0.0246708	0.115272	0	0.0103397	0.0382554	0.155025
445	0.0100107	0.0249311	0.113651	0	0.0103397	0.0384999	0.155025
446	0.0100107	0.0248469	0.113651	0	0.0103397	0.0387979	0.155025
447	0.0100107	0.0253558	0.118017	0.0029985	0.0103397	0.0388635	0.16566
448	0.0100161	0.0256736	0.119571	0.00449775	0.0100924	0.0387136	0.165669
449	0.0100107	0.024243	0.111875	0.0029985	0.0103397	0.0380576	0.157303
450	0.0100107	0.0236308	0.109902	0	0.0100924	0.0378395	0.151535
451	0.0100107	0.0234338	0.108633	0	0.0100924	0.0380196	0.151535
452	0.0100161	0.023942	0.115272	0.005997	0.0100924	0.0379503	0.146557
453	0.0100107	0.0248173	0.129999	0.0134933	0.0100924	0.0383138	0.157303
454	0.0100107	0.025078	0.14002	0.0134933	0.0104182	0.0387963	0.165669
455	0.0100456	0.023841	0.119571	0.00149925	0.0104182	0.0390863	0.165669
456	0.0100161	0.0239518	0.118017	0.00149925	0.0104182	0.0390749	0.165669
457	0.0100456	0.0237348	0.118017	0.00149925	0.0103442	0.0394233	0.165669
458	0.0100161	0.0234556	0.115272	0	0.0100924	0.0400021	0.17031
459	0.0100161	0.0231278	0.109902	0	0.0100399	0.0404369	0.174926
460	0.0100398	0.02325	0.115272	0	0.0100924	0.0407699	0.180067
461	0.0100398	0.0232886	0.111575	0.00149925	0.0100399	0.04114	0.193307
462	0.0100398	0.0231705	0.110702	0	0.0100399	0.0421068	0.195926
463	0.0100398	0.0232073	0.106694	0	0.0100399	0.0432799	0.229032
464	0.0100398	0.0232831	0.106629	0	0.0100399	0.0427135	0.238663
465	0.0100398	0.0240559	0.111575	0	0.0100399	0.0435798	0.253181
466	0.0100398	0.0240589	0.111575	0	0.0100924	0.0545621	0.81581
467	0.0100398	0.0242221	0.11141	0.00149925	0.0100399	0.0565573	1.45184
468	0.0100398	0.0248322	0.115272	0.00149925	0.0100399	0.0582032	1.72994
469	0.0100041	0.0249089	0.119571	0	0.0100399	0.0654876	3.81173
470	0.0100041	0.0252865	0.119571	0	0.0100924	0.0683785	4.45382
471	0.0100041	0.0255384	0.126402	0	0.0100399	0.075554	4.66322
472	0.0100041	0.0252982	0.119571	0	0.0100399	0.0751553	4.45382
473	0.0100041	0.025623	0.141398	0	0.0100399	0.0757406	4.45382
474	0.0100041	0.0256531	0.13509	0	0.0100399	0.0756231	4.45382
475	0.0100041	0.0259546	0.143007	0	0.0107272	0.0776213	8.53672
476	0.0100041	0.0258267	0.143007	0	0.0107272	0.0785883	8.53672
477	0.0100041	0.0259573	0.142041	0.00149925	0.0107272	0.0787178	8.49089
478	0.0100041	0.0254156	0.119619	0.00149925	0.0107272	0.0774913	8.53217
479	0.0100041	0.025068	0.119571	0	0.0107272	0.0793809	9.47141
480	0.0100041	0.024906	0.119571	0	0.0107272	0.0789401	9.47141
481	0.0100372	0.0250573	0.119619	0	0.0101819	0.0798798	9.47141
482	0.0100041	0.0253606	0.118682	0.00449775	0.0107272	0.0811661	13.0826
483	0.0100372	0.0252005	0.119619	0	0.0101819	0.0848783	17.9089
484	0.0100041	0.0249874	0.112981	0	0.0101819	0.0906112	23.0179
485	0.0100041	0.0247437	0.111575	0.0029985	0.0107272	0.0903095	23.2868
486	0.0100041	0.025232	0.118435	0.00749625	0.0101819	0.088334	15.376
487	0.0100041	0.0253401	0.118682	0.0089955	0.0101945	0.0835972	13.0826
488	0.0100041	0.025337	0.119571	0.0089955	0.0101819	0.0682629	3.91763
489	0.0100041	0.0260223	0.143007	0.011994	0.0100449	0.0567803	0.454438
490	0.0100041	0.0260337	0.142041	0.0089955	0.0100449	0.051783	0.313723
491	0.0100041	0.0255317	0.11942	0.0029985	0.0100449	0.0490863	0.262953
492	0.0100041	0.025234	0.112981	0.00149925	0.0100449	0.0460558	0.265398
493	0.0100041	0.0251503	0.112981	0	0.0100341	0.0449573	0.258556
494	0.0100041	0.0252474	0.118015	0	0.0100341	0.0445416	0.245054
495	0.0100041	0.0251489	0.113501	0	0.0100341	0.0430305	0.193446
496	0.0100041	0.0248592	0.112981	0	0.0100449	0.0420618	0.182477
497	0.0100372	0.0243138	0.106629	0	0.0100341	0.0409266	0.16566
498	0.0100041	0.0246665	0.106629	0	0.0100341	0.0403909	0.165281
499	0.0100041	0.0249066	0.111362	0	0.0100341	0.0404096	0.165281
500	0.0100041	0.0247821	0.106629	0	0.0100341	0.0410227	0.16566
501	0.0100041	0.0248312	0.106629	0	0.0100341	0.0408674	0.16566
502	0.0100041	0.0249542	0.112981	0	0.0100449	0.0423375	0.181448
503	0.0100041	0.0249097	0.112828	0	0.0100449	0.0429058	0.182477
504	0.0100041	0.0256963	0.116069	0	0.0100341	0.0425679	0.182477
505	0.0100041	0.025868	0.114364	0.00149925	0.0100341	0.0415517	0.165281
506	0.0100041	0.0263545	0.125471	0.0029985	0.0100341	0.0413682	0.160933
507	0.0100041	0.02643	0.125471	0.00449775	0.0100449	0.0408856	0.154292
508	0.0100041	0.0264679	0.123984	0.0029985	0.0100341	0.0394886	0.144173
509	0.0100041	0.0264337	0.123984	0	0.0100449	0.038735	0.138936
510	0.0100041	0.0264213	0.121573	0	0.0100449	0.038548	0.138936
511	0.0100041	0.0263643	0.121573	0	0.0100341	0.0385408	0.138936
512	0.0100041	0.0269127	0.123984	0	0.0100341	0.0383476	0.138396
513	0.0100041	0.0270133	0.129574	0	0.0100341	0.0382866	0.138396
514	0.0100041	0.0273729	0.131356	0	0.0100341	0.0371081	0.133788
515	0.0100041	0.0274196	0.13601	0	0.0100449	0.0363449	0.129233
516	0.0100041	0.0272296	0.129574	0	0.0100449	0.0368735	0.133957
517	0.0100041	0.0286	0.14114	0.00149925	0.0100449	0.0366773	0.133957
518	0.0100041	0.0297194	0.147055	0.00149925	0.0100449	0.0362697	0.133783
519	0.0100041	0.029958	0.147055	0	0.0100449	0.036502	0.133783
520	0.0100041	0.0302319	0.158655	0	0.0100449	0.0366883	0.133788
521	0.0100041	0.0305722	0.159675	0	0.0100449	0.0369251	0.143965
522	0.0100041	0.0308606	0.166054	0	0.0100449	0.0375682	0.149532
523	0.0100041	0.030629	0.162049	0	0.0100449	0.0366966	0.143965
524	0.0100041	0.0307712	0.167329	0	0.0100449	0.0366359	0.133957
525	0.0100041	0.0303814	0.162049	0	0.0100449	0.0381151	0.157263
526	0.0100041	0.0307515	0.162049	0	0.0100449	0.0378783	0.15968
527	0.0100041	0.0308305	0.158655	0	0.0100449	0.0381289	0.160933
528	0.0100041	0.0316686	0.169136	0	0.0100449	0.0380958	0.160591
529	0.0100041	0.0328718	0.175302	0.00749625	0.0100449	0.0380657	0.172954
530	0.0100041	0.0332636	0.175302	0.00149925	0.0100449	0.0367533	0.149083
531	0.0100041	0.0335036	0.175302	0	0.0100449	0.0359973	0.145862
532	0.0101546	0.0339373	0.178293	0	0.0100449	0.0354361	0.143965
533	0.0100041	0.0346814	0.178293	0	0.0100449	0.0358438	0.149083
534	0.0100041	0.0365776	0.184492	0	0.0100449	0.0354795	0.15968
535	0.0100041	0.0380174	0.194421	0	0.0100449	0.0351741	0.160591
536	0.0100041	0.0397633	0.209225	0.00149925	0.0100449	0.0348168	0.188726
537	0.0100041	0.0432157	0.269889	0.0029985	0.0100449	0.0350011	0.188726
538	0.0100041	0.0455286	0.274903	0.00449775	0.0100449	0.0348846	0.188726
539	0.0100041	0.0457902	0.274903	0.00449775	0.0100449	0.0344924	0.182287
540	0.0100041	0.0465654	0.281038	0.00449775	0.0100449	0.0327548	0.124805
541	0.0100041	0.0477834	0.286868	0.00449775	0.0100449	0.0318972	0.112488
542	0.0100041	0.0503304	0.307549	0.00449775	0.0100449	0.0314433	0.111081
543	0.0100041	0.0513534	0.320656	0.00449775	0.0100449	0.0312574	0.112488
544	0.0100041	0.0562346	0.386868	0.00749625	0.0100449	0.0312947	0.113142
545	0.0100041	0.0604761	0.420978	0.00749625	0.0100449	0.0312774	0.111081
546	0.01033	0.0650657	0.439568	0.00749625	0.0100449	0.0317681	0.113145
547	0.01033	0.0681113	0.439568	0.005997	0.0100449	0.031842	0.112488
548	0.01033	0.074561	0.447588	0.00749625	0.0100449	0.0308844	0.0965455
549	0.01033	0.0855677	0.455439	0.00749625	0.0100449	0.0309508	0.0965484
550	0.01033	0.0910219	0.523246	0.0104948	0.0100449	0.0313473	0.10693
551	0.010612	0.0985128	0.572876	0.0089955	0.0100449	0.0309192	0.102606
552	0.010612	0.102341	0.585136	0.0089955	0.0100449	0.0310211	0.110008
553	0.0101546	0.106968	0.572876	0.0104948	0.0100449	0.0315217	0.123844
554	0.011258	0.117168	0.685558	0.0164918	0.0100449	0.03141	0.123844
555	0.0183434	0.153547	1.08977	0.0464768	0.0100449	0.0317616	0.128152
556	0.0183434	0.148608	1.07582	0.0389805	0.0100449	0.0322483	0.130089
557	0.0211364	0.14357	1.16217	0.0344828	0.0100449	0.0327727	0.160591
558	0.0211364	0.141259	1.04954	0.029985	0.0100449	0.0326354	0.160591
559	0.0211364	0.141776	1.07582	0.0329835	0.0100449	0.0328078	0.177432
560	0.0203989	0.142675	1.07582	0.0329835	0.0100449	0.0331128	0.177432
561	0.0113291	0.130302	0.649013	0.0254873	0.0100449	0.0338872	0.192302
562	0.011258	0.118866	0.585136	0.0209895	0.0100449	0.0354899	0.235637
563	0.0131962	0.106548	0.614876	0.0134933	0.0100449	0.0378871	0.326272
564	0.0148668	0.10305	0.614876	0.0104948	0.0100449	0.038973	0.359327
565	0.0148506	0.0987496	0.584043	0.00749625	0.0100449	0.0389016	0.305347
566	0.0148506	0.0957716	0.567752	0.00749625	0.0100449	0.039779	0.400089
567	0.0148506	0.0931821	0.550969	0.005997	0.0100449	0.0421073	0.96996
568	0.0101367	0.091183	0.368503	0.0029985	0.0100449	0.0445913	4.3893
569	0.0103807	0.0915408	0.368503	0.0029985	0.0100449	0.0473905	7.61448
570	0.0101367	0.0900245	0.361353	0.0029985	0.0100449	0.0504304	5.02235
571	0.0101367	0.0885006	0.347681	0.00149925	0.0100449	0.050015	3.95093
572	0.0101367	0.0869056	0.347681	0	0.0100449	0.0511447	3.95093
573	0.0103807	0.0853659	0.346081	0	0.0100449	0.0507387	2.80338
574	0.0103807	0.0853366	0.346081	0	0.0100449	0.0530241	3.80196
575	0.0103807	0.0838034	0.346081	0.00149925	0.0100449	0.0555235	3.80196
576	0.0101367	0.0824478	0.346081	0	0.0100449	0.056207	3.80196
577	0.0103807	0.0831067	0.386868	0.00149925	0.0100412	0.0593665	3.3452
578	0.0103807	0.0821803	0.386868	0.0029985	0.0100412	0.0638571	2.80338
579	0.0101367	0.0825983	0.368503	0.0029985	0.0100412	0.0642679	3.3452
580	0.0103807	0.0858679	0.386868	0.00449775	0.0100412	0.0676276	3.80196
581	0.0103807	0.100786	0.613467	0.035982	0.0100412	0.0699059	3.76563
582	0.0103807	0.116715	0.948123	0.047976	0.0100412	0.0903607	8.30021
583	0.0118391	0.0946519	0.557576	0.0194903	0.0100412	0.11599	14.5013
584	0.0103807	0.084496	0.386868	0.0164918	0.0100412	0.178467	23.1702
585	0.0108022	0.0827953	0.390272	0.0164918	0.0100412	0.235581	31.9682
586	0.0103807	0.0779734	0.340486	0.00749625	0.0100449	0.317027	34.3094
587	0.0101382	0.0754681	0.33484	0.00449775	0.0100449	0.379359	48.306
588	0.0101382	0.0701243	0.328788	0.00149925	0.0100449	0.405086	51.0964
589	0.0101382	0.0691121	0.328788	0.00749625	0.0100449	0.495072	56.9925
590	0.0101382	0.0679032	0.326332	0.005997	0.0100449	0.605081	56.994
591	0.0101382	0.0635068	0.274426	0	0.0100449	0.621711	64.5105
592	0.0101382	0.0629971	0.272629	0	0.0100449	0.764369	64.5105
593	0.0101382	0.0624954	0.271243	0	0.0100449	0.999051	55.8567
594	0.0101382	0.0618458	0.272629	0.0029985	0.0100449	1.28536	56.7813
595	0.0101382	0.0652802	0.303207	0.0134933	0.0166403	1.31368	81.0988
596	0.0101382	0.0635621	0.276212	0.00149925	0.0165353	1.50708	81.5737
597	0.0101382	0.0625111	0.274426	0	0.0174441	1.78038	91.8047
598	0.0101382	0.0603438	0.250649	0	0.0174441	1.94235	91.8047
599	0.0101382	0.0582227	0.231139	0	0.0174441	2.21438	91.8047
600	0.0101382	0.0584333	0.231569	0	0.0188061	2.5082	97.6742
601	0.0101382	0.0578278	0.231569	0	0.0228548	3.01024	98.7887
602	0.0101382	0.0569334	0.231543	0.00149925	0.0290807	3.45966	98.7887
603	0.0101382	0.0565025	0.224984	0.0029985	0.0373854	3.88067	97.6742
604	0.0101382	0.0559334	0.224984	0.0029985	0.0467548	4.05278	98.7887
605	0.0101382	0.056115	0.231956	0.0029985	0.0488186	4.07175	98.7887
606	0.0101382	0.0557073	0.231956	0	0.0546063	4.18614	98.7887
607	0.0101382	0.056444	0.248573	0	0.0630121	4.23255	96.6758
608	0.0101382	0.0571631	0.260476	0	0.113021	4.67509	98.7887
609	0.0101382	0.057512	0.275766	0	0.192555	5.68883	96.6758
610	0.0101382	0.0580981	0.294494	0	0.186987	5.58743	96.6758
611	0.0101382	0.0576563	0.312333	0	0.135475	5.43678	98.7887
612	0.0101382	0.0594672	0.326332	0.00149925	0.129521	5.43051	91.8047
613	0.0101382	0.0589368	0.326332	0.00149925	0.135943	5.06242	91.8047
614	0.0101382	0.0616229	0.338454	0.0104948	0.129521	4.50588	78.9182
615	0.0101382	0.0631976	0.428926	0.0164918
