		omega		Posterior		rho				Synonymous theta			kappa			phi	
Site	Lower	Point	Higher	prob of +ve	Lower	Point	Higher		Lower	Point	Higher	Lower	Point	Higher	Lower	Point	Higher
	95% HPD	estimate	95% HPD	selection	95% HPD	estimate	95% HPD		95% HPD	estimate	95% HPD	95% HPD	estimate	95% HPD	95% HPD	estimate	95% HPD
0	0.0100143	0.0364032	0.330092	0.0164918	0.010085	0.375941	53.3196		0.0413278	0.0589201	0.0883886	1.76936	4.19323	9.30677	0	0	0
1	0.0100143	0.0343178	0.263602	0.0104948	0.0100202	0.381444	53.3196
2	0.0100143	0.0328287	0.233347	0.005997	0.010085	0.411596	59.9763
3	0.0100143	0.0317518	0.210706	0.0029985	0.0100202	0.405313	57.8993
4	0.0100143	0.0309662	0.172406	0.00149925	0.0100202	0.41092	57.8993
5	0.0100143	0.0310708	0.172406	0	0.0100202	0.400825	54.2077
6	0.0100143	0.0311825	0.180938	0	0.010085	0.442944	63.5499
7	0.0100143	0.0304664	0.154015	0	0.0101661	0.44315	63.5499
8	0.0100143	0.0301712	0.150413	0	0.0100202	0.415137	51.7823
9	0.0100143	0.0297896	0.150413	0	0.0100202	0.364886	41.5971
10	0.0100143	0.0296032	0.153625	0	0.0100202	0.362623	43.3729
11	0.0100143	0.0289869	0.144554	0	0.010085	0.344752	41.5971
12	0.0100143	0.028675	0.139441	0	0.010085	0.3203	41.5971
13	0.0100287	0.0286756	0.139441	0	0.0101035	0.316081	43.2236
14	0.0100287	0.0285917	0.139441	0	0.0101035	0.304978	42.3129
15	0.0100143	0.0284524	0.139441	0	0.0101035	0.297116	42.3129
16	0.0100143	0.0285252	0.139441	0.00149925	0.0100202	0.301662	40.1023
17	0.0100143	0.027925	0.136321	0	0.0102261	0.297268	38.253
18	0.0100143	0.0279008	0.137722	0	0.010191	0.292506	38.0896
19	0.0100287	0.0281726	0.139441	0	0.0101035	0.278651	36.7587
20	0.0100287	0.028273	0.139441	0	0.0101035	0.249039	31.5688
21	0.0100143	0.0280527	0.13572	0	0.0101035	0.250171	34.4881
22	0.0100143	0.0277963	0.124238	0	0.0101035	0.244439	37.637
23	0.0100143	0.0273927	0.119582	0	0.0101035	0.238436	32.8818
24	0.0100143	0.0272661	0.115768	0.00149925	0.0100129	0.206214	27.109
25	0.0100143	0.0272607	0.114088	0.00149925	0.0100129	0.167433	21.2965
26	0.0100143	0.0270761	0.114088	0.00149925	0.0100129	0.158809	20.2717
27	0.0100143	0.0270744	0.114088	0.00149925	0.0100129	0.142264	17.9355
28	0.0100143	0.0272112	0.115768	0	0.0101035	0.117341	11.6466
29	0.0100143	0.0268162	0.109925	0	0.0101035	0.0997133	9.08905
30	0.0100143	0.0267748	0.115768	0	0.0101228	0.0879489	9.08905
31	0.0100143	0.02656	0.109925	0	0.0101228	0.0732503	5.86459
32	0.0100143	0.0262128	0.109925	0	0.0101035	0.0629668	4.35125
33	0.0100143	0.0260574	0.107822	0	0.0101035	0.0584334	4.0127
34	0.0100143	0.0260252	0.107822	0	0.0101035	0.0548346	2.70137
35	0.0100143	0.0263949	0.109925	0.00149925	0.0101035	0.0528565	2.09284
36	0.0100143	0.0262182	0.109925	0	0.0101035	0.0518768	1.83202
37	0.0100143	0.0259679	0.109925	0	0.0101035	0.0511165	1.98267
38	0.0100143	0.0258166	0.107822	0	0.0101035	0.0492513	1.72143
39	0.0100143	0.0257604	0.105791	0.00149925	0.0101035	0.0469159	1.44788
40	0.0100143	0.0254366	0.10054	0	0.0101035	0.0460144	1.05981
41	0.0100143	0.0257331	0.105206	0	0.0101035	0.0436672	0.81407
42	0.0100143	0.0255573	0.104986	0	0.0101035	0.041829	0.570152
43	0.0100143	0.0255098	0.104986	0	0.0101035	0.0418607	0.590231
44	0.0100143	0.0253005	0.105206	0	0.0101035	0.042202	0.600186
45	0.0100143	0.0251882	0.105791	0	0.0101035	0.0418617	0.617794
46	0.0100143	0.0250518	0.10054	0	0.0101035	0.0435074	1.00627
47	0.0100143	0.0248616	0.0976924	0	0.0101035	0.0439794	0.947464
48	0.0100092	0.0250667	0.0991866	0.00149925	0.0100476	0.0425692	0.647238
49	0.0100092	0.0250234	0.0991866	0	0.0100476	0.0426765	0.803882
50	0.0100092	0.0253919	0.110556	0	0.0100476	0.0407887	0.617794
51	0.0100092	0.0252732	0.104986	0	0.0100476	0.0388041	0.570152
52	0.0100143	0.0255867	0.114971	0	0.0100476	0.0387584	0.600186
53	0.0100092	0.025767	0.113054	0	0.0100476	0.0390261	0.622729
54	0.0100092	0.0254962	0.104986	0	0.0100476	0.0397029	0.617794
55	0.0100092	0.0255813	0.104986	0	0.0100476	0.0387881	0.54533
56	0.0100092	0.0257315	0.110556	0	0.0100476	0.0381675	0.44735
57	0.0100143	0.0260535	0.114971	0	0.0100476	0.0378661	0.385076
58	0.0100092	0.0266325	0.119776	0.00149925	0.0100476	0.0369832	0.309868
59	0.0100092	0.0266328	0.119582	0.0029985	0.0100476	0.0364728	0.228931
60	0.0100092	0.0265197	0.119582	0	0.0101228	0.0356052	0.211956
61	0.0100092	0.0264351	0.119582	0	0.0101228	0.0349483	0.211956
62	0.0100092	0.0260805	0.115768	0	0.0100476	0.0342005	0.201794
63	0.0100092	0.025828	0.102763	0	0.0101228	0.032829	0.173263
64	0.0100092	0.0258296	0.101914	0	0.0101228	0.0327531	0.171152
65	0.0100092	0.0258662	0.100412	0.00149925	0.0101228	0.032972	0.161727
66	0.0100092	0.0261521	0.102763	0.00149925	0.0101228	0.0341667	0.178021
67	0.0100092	0.0258157	0.0991866	0	0.0101228	0.033718	0.17167
68	0.0100092	0.0257854	0.0991866	0	0.0101228	0.0330305	0.169336
69	0.0100092	0.0259275	0.101914	0.00149925	0.0101228	0.0328277	0.161727
70	0.0100092	0.0256133	0.0991866	0.00149925	0.0101228	0.0324326	0.160396
71	0.0100092	0.0254369	0.0964598	0.00149925	0.0101228	0.0320009	0.148257
72	0.0100092	0.0253938	0.0964598	0	0.0101228	0.0317	0.142025
73	0.0100092	0.0252815	0.0955591	0	0.0101228	0.0312643	0.127449
74	0.0100092	0.0253305	0.0955591	0	0.0101228	0.031194	0.127449
75	0.0100092	0.0253959	0.0991866	0	0.0101228	0.0311749	0.132307
76	0.0100092	0.0256934	0.100412	0	0.0101228	0.0309286	0.121881
77	0.0100092	0.0258087	0.0991866	0	0.0101228	0.0304858	0.121881
78	0.0100092	0.0260559	0.100412	0	0.0101228	0.0310102	0.133295
79	0.0100092	0.0258698	0.0946203	0	0.0101228	0.0309762	0.133295
80	0.0100092	0.0256918	0.0946203	0	0.0101228	0.0314641	0.151247
81	0.0100092	0.0260477	0.101607	0	0.0101228	0.032387	0.17167
82	0.0100092	0.026182	0.112632	0	0.0101228	0.0322014	0.17167
83	0.0100092	0.0263834	0.112656	0	0.0101228	0.031875	0.151247
84	0.0100092	0.0261266	0.101914	0	0.0101228	0.0314553	0.146575
85	0.0100092	0.0261838	0.101607	0	0.0101228	0.0316217	0.151247
86	0.0100092	0.0264176	0.101914	0	0.0100108	0.0315391	0.138543
87	0.0100092	0.0261451	0.101607	0	0.0100108	0.0317092	0.133295
88	0.0100092	0.0269573	0.115319	0.00149925	0.0100108	0.0317549	0.138543
89	0.0100092	0.0268895	0.115319	0.00149925	0.0100108	0.0320993	0.146575
90	0.0100092	0.0267028	0.11352	0.00149925	0.0100108	0.0328524	0.160604
91	0.0100092	0.0267864	0.115319	0	0.0100108	0.033352	0.167559
92	0.0100092	0.0270364	0.118426	0	0.0100108	0.0336516	0.17167
93	0.0100092	0.026778	0.115319	0	0.0100108	0.0337072	0.167559
94	0.0100092	0.0268074	0.115319	0	0.0100108	0.0337773	0.16439
95	0.0100092	0.027205	0.118426	0	0.0100108	0.0338552	0.160604
96	0.0100092	0.0271138	0.115319	0	0.0100108	0.0353188	0.17923
97	0.0100092	0.0273476	0.116533	0.00149925	0.0100108	0.0359394	0.197655
98	0.0100092	0.027406	0.115319	0	0.0100108	0.0368543	0.212042
99	0.0100092	0.0273328	0.115319	0	0.0100108	0.0376851	0.223305
100	0.0100092	0.0273546	0.116015	0	0.0100108	0.0385582	0.237363
101	0.0100092	0.02752	0.112656	0	0.0100108	0.0390335	0.238047
102	0.0100092	0.0273379	0.112293	0	0.0100108	0.0398074	0.238047
103	0.0100092	0.0277113	0.112656	0.00149925	0.0100108	0.0420016	0.253429
104	0.0100092	0.0272339	0.111661	0.00149925	0.0100108	0.0421506	0.245996
105	0.0100092	0.0274189	0.111661	0.00149925	0.0100108	0.0436487	0.287404
106	0.0100092	0.0277239	0.112632	0.00149925	0.0101228	0.0460942	0.314563
107	0.0100092	0.0277256	0.112293	0.00149925	0.0100108	0.0501486	0.397882
108	0.0100092	0.0279933	0.118426	0	0.0100108	0.0548951	0.484821
109	0.0100092	0.0285285	0.125762	0	0.0101228	0.0610693	0.717885
110	0.0100092	0.0293506	0.134879	0.0029985	0.0100108	0.0704313	1.99216
111	0.0100092	0.0297708	0.141646	0.00449775	0.0100108	0.078042	2.7685
112	0.0100092	0.030164	0.142545	0.00149925	0.0100108	0.0880418	5.9124
113	0.0100092	0.0303921	0.13491	0.00149925	0.0100108	0.0927723	5.9124
114	0.0100092	0.0303894	0.13491	0	0.0100108	0.0959598	3.10453
115	0.0100092	0.0302403	0.1315	0	0.0101228	0.100244	2.58643
116	0.010013	0.0307474	0.13491	0	0.0101228	0.100225	1.10952
117	0.0100092	0.031445	0.143214	0.00149925	0.0101228	0.103402	1.00535
118	0.0100092	0.0314215	0.14202	0.00149925	0.0101228	0.104297	1.00535
119	0.010013	0.0319503	0.146091	0	0.0101807	0.105958	0.999764
120	0.0100092	0.0321223	0.143214	0.00149925	0.0101807	0.109814	0.935333
121	0.0100092	0.0325545	0.150865	0	0.0101807	0.109113	0.803306
122	0.0100092	0.0331163	0.151841	0.00149925	0.0101008	0.112392	0.832868
123	0.0100092	0.0335138	0.152026	0.00149925	0.0101008	0.116854	0.906664
124	0.0100092	0.0340311	0.152706	0.00149925	0.0101008	0.128852	1.00164
125	0.0100092	0.0346232	0.152706	0	0.0101008	0.136415	1.06139
126	0.0100092	0.0352657	0.158316	0.00149925	0.0107792	0.143726	1.10952
127	0.0100092	0.0355401	0.162966	0.00149925	0.0101008	0.178744	1.35047
128	0.0100092	0.0358085	0.167473	0.00149925	0.0107792	0.204674	2.40474
129	0.0100092	0.0366606	0.183092	0.0029985	0.0102032	0.233493	4.98868
130	0.0100092	0.0370101	0.188781	0.00149925	0.0102032	0.237314	4.98868
131	0.0100092	0.0381783	0.191638	0.00449775	0.0102032	0.219424	1.75227
132	0.0100092	0.039509	0.210607	0.0029985	0.0106041	0.212279	1.39198
133	0.0100092	0.0411646	0.23146	0.0029985	0.0112342	0.213598	1.39198
134	0.0100092	0.0416411	0.226793	0.0029985	0.0143409	0.197967	1.35431
135	0.0100092	0.0421964	0.237681	0.0029985	0.0116072	0.209075	1.35431
136	0.0100092	0.0437944	0.250286	0.0029985	0.0114652	0.23977	1.95348
137	0.0100092	0.0453226	0.269113	0.00449775	0.0102032	0.319597	6.93513
138	0.0100092	0.0470424	0.290644	0.0089955	0.0102032	0.399755	13.7629
139	0.0100092	0.0498876	0.348532	0.0134933	0.0374482	0.487614	66.5645
140	0.0100092	0.0529402	0.462625	0.0224888	0.0374482	0.595021	66.5253
141	0.0100092	0.0489883	0.287266	0.0089955	0.0318869	0.615218	65.0646
142	0.0100092	0.048178	0.268826	0.0029985	0.0298613	0.635988	68.2012
143	0.0100092	0.0478176	0.274388	0.00449775	0.0287482	0.61386	68.2012
144	0.0100092	0.0458749	0.240313	0.00449775	0.0103889	0.590449	24.5631
145	0.0101055	0.0447853	0.22832	0.00449775	0.0117903	0.575316	20.2666
146	0.0102959	0.0441298	0.22832	0.0029985	0.0117903	0.533754	19.3882
147	0.0104106	0.0425864	0.2139	0.00149925	0.0103889	0.475833	14.9922
148	0.0100092	0.0426419	0.202676	0.00149925	0.0103889	0.464548	12.9528
149	0.0100092	0.0422551	0.202676	0.00149925	0.0103889	0.493026	14.9922
150	0.0100092	0.0410593	0.195402	0.00149925	0.0108261	0.546825	24.5631
151	0.0102959	0.0404699	0.197016	0.0029985	0.0108261	0.570474	31.0307
152	0.0102959	0.0395027	0.194371	0.00149925	0.0194263	0.594881	60.1941
153	0.0103964	0.0389506	0.195402	0.00149925	0.0210427	0.605995	60.1941
154	0.0102959	0.0386454	0.19153	0	0.0196772	0.543357	60.1941
155	0.0102959	0.0385616	0.186846	0	0.0203663	0.508931	60.1941
156	0.0102959	0.0381912	0.182755	0	0.0203663	0.420214	60.1941
157	0.0103318	0.0375666	0.168888	0	0.0105039	0.344881	21.3885
158	0.0100092	0.0375614	0.167473	0.00149925	0.0100337	0.256414	12.9528
159	0.0100092	0.0374445	0.166596	0	0.0100337	0.228921	10.85
160	0.0100092	0.0380339	0.167473	0.00149925	0.0100337	0.203893	8.95205
161	0.0100092	0.0381603	0.166596	0.00149925	0.0100337	0.189346	8.19047
162	0.0103964	0.0377457	0.168888	0	0.0100335	0.169621	7.43638
163	0.0100092	0.0374711	0.16462	0	0.0100335	0.145076	5.21358
164	0.0100092	0.0374093	0.162378	0	0.0100335	0.131878	2.45845
165	0.0100092	0.0371349	0.162378	0	0.0100335	0.116499	1.72638
166	0.0100092	0.0369154	0.154014	0	0.0100337	0.101169	0.981876
167	0.0100092	0.0367933	0.154014	0	0.0100335	0.0882602	0.645675
168	0.0100092	0.0373517	0.167473	0.00449775	0.0100335	0.0872261	0.64491
169	0.010037	0.0368716	0.16471	0.0029985	0.0100335	0.0854578	0.645675
170	0.0100092	0.0375932	0.168888	0.0029985	0.0100335	0.0806185	0.598328
171	0.0100092	0.0374242	0.17813	0.00149925	0.010243	0.0786859	0.525877
172	0.0100092	0.0372027	0.167473	0.00149925	0.0102593	0.078563	0.525877
173	0.0100092	0.0367764	0.167473	0.00149925	0.0100335	0.0784878	0.492568
174	0.0100092	0.0364488	0.167473	0	0.0100335	0.0797051	0.492568
175	0.0100092	0.0368208	0.17813	0	0.0100335	0.081574	0.55279
176	0.0100092	0.0370147	0.168888	0	0.010243	0.0754564	0.489855
177	0.0100092	0.0377014	0.179185	0	0.0105039	0.0730235	0.492568
178	0.0100092	0.0380871	0.18136	0.00149925	0.0103964	0.0715951	0.492568
179	0.010037	0.0385184	0.186998	0.0029985	0.0102371	0.0726011	0.492568
180	0.0100092	0.0401459	0.226186	0.00449775	0.0100335	0.0796852	0.757913
181	0.0100092	0.0406897	0.239014	0.00449775	0.0100335	0.0931837	1.76662
182	0.0100092	0.0441757	0.338671	0.017991
