		omega		Posterior		rho				Synonymous theta			kappa			phi	
Site	Lower	Point	Higher	prob of +ve	Lower	Point	Higher		Lower	Point	Higher	Lower	Point	Higher	Lower	Point	Higher
	95% HPD	estimate	95% HPD	selection	95% HPD	estimate	95% HPD		95% HPD	estimate	95% HPD	95% HPD	estimate	95% HPD	95% HPD	estimate	95% HPD
0	0.0100214	0.044509	0.431415	0.0314843	0.0152403	1.08113	78.7269		0.0242747	0.0342366	0.0476748	2.51535	5.25277	10.408	0	0	0
1	0.0100214	0.0406941	0.36918	0.0209895	0.0170327	0.95895	94.3025
2	0.0100214	0.0391824	0.280113	0.017991	0.0170162	0.853643	94.3025
3	0.0100214	0.0363968	0.213785	0.00749625	0.0170162	0.834954	94.3025
4	0.0100214	0.0358162	0.183978	0.005997	0.0132061	0.826688	75.845
5	0.0100871	0.0353974	0.180809	0.00749625	0.0145664	0.862736	78.7269
6	0.0100871	0.0350994	0.179361	0.00749625	0.0145664	0.871786	78.7269
7	0.0100214	0.0348676	0.172466	0.005997	0.0178135	0.912504	95.1279
8	0.0100871	0.0341531	0.166339	0	0.0179976	0.874926	95.1279
9	0.0100214	0.033596	0.155599	0	0.0179976	0.850813	95.1279
10	0.0100214	0.0341194	0.159166	0.0029985	0.0179976	0.874761	95.1279
11	0.010125	0.033986	0.176974	0.00449775	0.0169484	0.891088	94.3025
12	0.010125	0.0333101	0.165623	0.00149925	0.0179976	0.992066	99.6822
13	0.0100214	0.0333466	0.166339	0.00149925	0.0170162	1.0967	95.1279
14	0.010125	0.0335464	0.177559	0.00449775	0.0191886	1.15865	99.6822
15	0.0100214	0.0326677	0.159166	0.00149925	0.0191886	1.34091	95.1279
16	0.0100214	0.0327503	0.166339	0.00149925	0.0216253	1.67147	95.1279
17	0.0100214	0.0326988	0.170508	0.00149925	0.0246927	1.99625	95.1279
18	0.0100349	0.0318343	0.1503	0	0.0290728	2.20606	99.6822
19	0.0100349	0.0315997	0.144405	0	0.0298539	2.25883	97.5811
20	0.0100349	0.0312348	0.144405	0	0.0298539	2.26332	99.632
21	0.0100349	0.0314053	0.144405	0	0.0246927	2.13464	99.632
22	0.0100349	0.0313525	0.144405	0	0.0216253	1.8679	99.6822
23	0.0100349	0.0312595	0.145845	0	0.0202891	1.68232	99.6822
24	0.0100349	0.0311918	0.145845	0	0.0197351	1.45145	99.632
25	0.0100349	0.0309905	0.144405	0	0.0185248	1.34478	90.9658
26	0.0100349	0.0313713	0.145845	0.0029985	0.0155603	1.19902	80.1041
27	0.0100349	0.0321915	0.176156	0.005997	0.0179976	1.08477	99.6822
28	0.0100349	0.0323883	0.180001	0.005997	0.0145817	1.06819	78.2531
29	0.0100349	0.0322039	0.176108	0.005997	0.0145817	1.11031	78.2531
30	0.0100349	0.0332115	0.183721	0.00749625	0.0145817	1.10781	78.2531
31	0.0100349	0.0329958	0.170508	0.0089955	0.0145452	1.15804	78.3122
32	0.0100349	0.0318319	0.143329	0.00149925	0.0147226	1.23439	78.3122
33	0.0100349	0.0319179	0.15609	0.0029985	0.0145452	1.27396	78.3122
34	0.0100349	0.0322053	0.145845	0.005997	0.017435	1.29522	93.527
35	0.0100349	0.0316044	0.143329	0.0029985	0.0141157	1.26463	78.2752
36	0.0100349	0.0315079	0.145845	0.00149925	0.0141157	1.1834	82.5698
37	0.0100349	0.0321968	0.168023	0.00149925	0.0141157	1.19137	82.5698
38	0.0100349	0.032334	0.165174	0.00149925	0.0141157	1.02549	90.5941
39	0.0100349	0.031847	0.15569	0.00149925	0.0141157	1.03012	90.4347
40	0.0100349	0.0312126	0.145795	0.00149925	0.0141157	0.928544	89.5827
41	0.0100349	0.0311344	0.149733	0	0.0157837	0.918424	99.7211
42	0.0100349	0.031043	0.149733	0	0.0147226	0.844076	90.5941
43	0.0100349	0.0307502	0.145795	0	0.0145452	0.771632	90.5941
44	0.0100349	0.0307673	0.145845	0	0.0153192	0.735868	91.7175
45	0.0100349	0.0310604	0.149733	0	0.0157837	0.782179	90.5941
46	0.0100403	0.032014	0.165677	0	0.0158225	0.766607	90.5941
47	0.0100403	0.0324479	0.172297	0.00149925	0.0158225	0.731042	90.5941
48	0.0100403	0.032652	0.185303	0.00449775	0.0158225	0.825419	90.5941
49	0.0100403	0.0330688	0.199923	0.0089955	0.0158225	0.82102	90.5941
50	0.0100289	0.0319595	0.165677	0.005997	0.0171721	0.909886	93.0752
51	0.0100289	0.0322007	0.176108	0.005997	0.0160657	0.97201	91.8187
52	0.0100289	0.0326662	0.238623	0.005997	0.0171721	1.02046	95.2859
53	0.0100289	0.0328575	0.240967	0.00449775	0.0157671	0.998156	90.4347
54	0.0100289	0.0324254	0.226116	0.00449775	0.0156656	1.03145	91.8187
55	0.0100289	0.0317464	0.176108	0.00449775	0.0156656	1.03451	90.4347
56	0.0100289	0.031855	0.176553	0.00449775	0.0156656	1.04498	93.0752
57	0.0100289	0.0319178	0.176553	0.00449775	0.0156656	0.983429	93.6591
58	0.0100403	0.0319442	0.174941	0.00449775	0.0160657	0.94361	96.732
59	0.0100289	0.0309166	0.148313	0.00449775	0.0159026	0.948204	96.732
60	0.0100289	0.0313891	0.156933	0.00449775	0.0171962	1.07434	99.5255
61	0.0100289	0.03073	0.148313	0.0029985	0.017435	1.16852	96.732
62	0.0100289	0.0306033	0.147032	0.0029985	0.0160657	1.16954	96.0621
63	0.0100289	0.0304668	0.143329	0.00149925	0.0171962	1.19435	99.5255
64	0.0100289	0.0303469	0.132947	0.00149925	0.0171962	0.996336	99.5255
65	0.0100289	0.030301	0.143329	0.00149925	0.0155944	0.928269	93.6591
66	0.0100289	0.0304852	0.172297	0.0029985	0.0154651	0.830162	96.732
67	0.0100289	0.0307524	0.156933	0.0029985	0.0154651	0.799916	93.2239
68	0.0100289	0.0306229	0.148313	0.00149925	0.0155944	0.779137	90.4347
69	0.0100289	0.0303176	0.147032	0	0.0156656	0.775748	90.4347
70	0.0100289	0.0306045	0.138898	0	0.0159026	0.792769	90.4347
71	0.0100289	0.0311418	0.147575	0	0.0159026	0.777088	90.4347
72	0.010004	0.0309542	0.167706	0	0.0157423	0.653557	90.4347
73	0.010004	0.0312291	0.176553	0.00149925	0.0171844	0.638571	92.7625
74	0.010004	0.0315707	0.178646	0.00149925	0.0171844	0.63831	92.7625
75	0.010004	0.031525	0.167706	0.0029985	0.0171844	0.610919	92.7625
76	0.010004	0.0317655	0.176553	0.0029985	0.0178142	0.558143	92.7625
77	0.010004	0.0325125	0.180975	0.00749625	0.0180645	0.492064	92.3515
78	0.010004	0.0318075	0.176553	0.0029985	0.0135337	0.422528	65.7251
79	0.010004	0.031518	0.176553	0.0029985	0.0127122	0.403606	58.4803
80	0.010004	0.0317562	0.180975	0.0029985	0.0127122	0.399991	60.6665
81	0.010004	0.0321261	0.187359	0.00449775	0.0112685	0.372209	54.4317
82	0.010004	0.0318465	0.171728	0.0029985	0.0156795	0.344299	72.8244
83	0.010004	0.032454	0.180975	0.0029985	0.0182033	0.348873	87.5738
84	0.010004	0.0326369	0.180975	0.00449775	0.0144363	0.311375	58.4803
85	0.010004	0.0325349	0.187359	0.00449775	0.0127122	0.276471	47.9539
86	0.010004	0.03296	0.187836	0.00449775	0.0108359	0.23692	43.7936
87	0.010004	0.0326334	0.187836	0.00449775	0.0152305	0.199729	45.6512
88	0.010004	0.0320687	0.180975	0.00449775	0.0100212	0.175046	15.9225
89	0.010004	0.0324856	0.180975	0.00449775	0.0138493	0.139647	13.5354
90	0.010004	0.0324131	0.180975	0.00449775	0.0105735	0.117808	3.25685
91	0.010004	0.0318177	0.160809	0.005997	0.0105735	0.106373	0.976685
92	0.010004	0.0311344	0.156075	0.0029985	0.0128567	0.0894995	0.423231
93	0.010004	0.0311988	0.156933	0.00149925	0.0159026	0.080228	0.318977
94	0.010004	0.0310679	0.156075	0	0.0159336	0.0803691	0.322908
95	0.010004	0.0317747	0.157941	0	0.0154006	0.0809559	0.323202
96	0.0100289	0.032419	0.157941	0.0029985	0.0159336	0.0824902	0.323202
97	0.0100825	0.0328631	0.167738	0.00749625	0.0159336	0.0829021	0.323202
98	0.0100289	0.0322617	0.157941	0.00149925	0.0182304	0.0835902	0.345175
99	0.0100825	0.0324181	0.151047	0.00149925	0.0187385	0.084444	0.345175
100	0.0100289	0.0323845	0.151047	0.00149925	0.0182304	0.0875689	0.332079
101	0.0100289	0.0318903	0.147032	0	0.018533	0.0911022	0.345175
102	0.0100289	0.0317118	0.145972	0	0.0202225	0.0892881	0.368572
103	0.0100289	0.0324404	0.158432	0	0.0234199	0.0876076	0.407202
104	0.0100289	0.0324729	0.155258	0	0.0249807	0.0861106	0.407202
105	0.0100289	0.0326634	0.164515	0	0.0249807	0.0858107	0.395985
106	0.0100289	0.0355462	0.207873	0.0134933	0.0249807	0.0867331	0.390594
107	0.0100289	0.0343067	0.196736	0.00149925	0.0254364	0.0866083	0.391262
108	0.0100289	0.0340591	0.180052	0	0.0249807	0.0873996	0.419433
109	0.0100546	0.0339529	0.167738	0	0.0249807	0.0877373	0.387646
110	0.0100289	0.0347405	0.177664	0	0.0249807	0.0862973	0.387646
111	0.0100289	0.0345292	0.169668	0	0.0249807	0.0864886	0.380175
112	0.0100289	0.0343301	0.169668	0	0.0249807	0.0861937	0.387646
113	0.0100289	0.0339881	0.167738	0	0.0205946	0.0866498	0.312456
114	0.0100289	0.0345805	0.177664	0.00149925	0.021465	0.0869117	0.312456
115	0.0100289	0.034931	0.187433	0.005997	0.0249807	0.0873652	0.35885
116	0.0100289	0.0349101	0.187433	0.00449775	0.0247402	0.0874511	0.35111
117	0.0100289	0.034328	0.206594	0.00449775	0.0247402	0.0870762	0.355204
118	0.0100289	0.0340507	0.187433	0.0029985	0.0249807	0.0881494	0.35885
119	0.0100289	0.034729	0.204911	0.00149925	0.0233946	0.0869283	0.380175
120	0.0100289	0.0352214	0.204911	0.00149925	0.0209458	0.0863596	0.313235
121	0.0100289	0.035926	0.206594	0.0029985	0.02515	0.086425	0.35885
122	0.0100289	0.0355636	0.206594	0.00149925	0.0209458	0.0855815	0.313235
123	0.0100289	0.0355716	0.204911	0.00149925	0.025373	0.0858988	0.380175
124	0.0100289	0.0358083	0.213977	0	0.02515	0.0846104	0.380175
125	0.0103348	0.0365167	0.223745	0	0.0232434	0.0844284	0.364016
126	0.0103783	0.0367032	0.223745	0	0.021465	0.0853268	0.380175
127	0.0100289	0.0367301	0.213977	0	0.0205743	0.0852088	0.380175
128	0.0100289	0.0370892	0.204911	0.0029985	0.0187385	0.0851731	0.364016
129	0.0100289	0.0365137	0.187468	0	0.0159211	0.0827236	0.355204
130	0.0100289	0.0371169	0.197065	0	0.0159211	0.0820156	0.360549
131	0.0100289	0.0376598	0.198601	0	0.0159211	0.0815303	0.355204
132	0.0100289	0.038503	0.206594	0	0.0159211	0.0811153	0.338219
133	0.0101381	0.040546	0.245817	0	0.0159211	0.0819118	0.355204
134	0.0100289	0.0420896	0.24968	0	0.0159211	0.0817311	0.355204
135	0.0100289	0.0436885	0.263107	0.00149925	0.0121397	0.08164	0.3005
136	0.0102046	0.0452179	0.276723	0.00149925	0.0151398	0.081063	0.380175
137	0.0102046	0.0469242	0.28795	0.0029985	0.0124799	0.0806814	0.319781
138	0.0100289	0.0480895	0.296815	0.0029985	0.0148285	0.0816083	0.365201
139	0.0100289	0.0499725	0.308474	0.00449775	0.0124799	0.0826451	0.313235
140	0.0100289	0.050002	0.308474	0.00449775	0.0124799	0.0843723	0.345175
141	0.0100289	0.0508602	0.331394	0.00449775	0.0124799	0.083281	0.328285
142	0.0100289	0.0521865	0.336784	0.00149925	0.0124799	0.0834208	0.322099
143	0.0100289	0.054134	0.346611	0.00149925	0.0122582	0.0837944	0.345175
144	0.0103004	0.0584586	0.42287	0.0089955	0.0161384	0.0825622	0.48071
145	0.0103004	0.0626741	0.444754	0.011994	0.0122582	0.0816673	0.381308
146	0.0103004	0.0658975	0.465911	0.0134933	0.0161384	0.0825997	0.524872
147	0.0103004	0.0702408	0.553536	0.0254873	0.0102202	0.0835031	0.355204
148	0.0103004	0.0769219	0.595028	0.0269865	0.0109506	0.0832991	0.364016
149	0.0103932	0.084913	0.719361	0.0329835	0.0109506	0.0836019	0.368881
150	0.0103004	0.0955559	0.84399	0.041979	0.0115525	0.0833583	0.368881
151	0.0103004	0.10365	0.84399	0.0404798	0.0115525	0.0811439	0.368881
152	0.0103004	0.112453	0.893079	0.041979	0.0115525	0.0797116	0.368881
153	0.011376	0.129549	1.08337	0.0554723	0.0119594	0.0798398	0.364016
154	0.0110467	0.145039	1.14026	0.0614693	0.0119594	0.0800707	0.364016
155	0.0116246	0.173104	1.50188	0.0869565	0.0119594	0.0785161	0.35972
156	0.023406	0.315083	26.4593	0.188906	0.0119594	0.076322	0.355204
157	0.0111495	0.196866	1.95855	0.115442	0.0115155	0.0741694	0.333098
158	0.0111495	0.159219	1.20574	0.077961	0.0115155	0.0705685	0.316264
159	0.0124202	0.151124	1.20574	0.0674663	0.010058	0.0672936	0.241539
160	0.0111495	0.143185	1.06749	0.05997	0.0115155	0.0653759	0.243659
161	0.0111495	0.142537	1.09328	0.0584708	0.010058	0.0622454	0.194301
162	0.0111889	0.138461	1.14026	0.05997	0.010058	0.0618896	0.191999
163	0.0117379	0.135275	1.14026	0.0554723	0.010058	0.0606047	0.191999
164	0.0124202	0.131266	1.14026	0.0494753	0.0115155	0.0592742	0.209756
165	0.0111889	0.123136	0.893284	0.0374813	0.0115155	0.0573284	0.202066
166	0.0111889	0.119553	0.893284	0.0344828	0.0100736	0.0549929	0.181292
167	0.0111495	0.12029	0.894399	0.0344828	0.0100736	0.0549781	0.181292
168	0.0111889	0.120385	0.894399	0.0314843	0.0100736	0.0546454	0.181292
169	0.0111889	0.11971	0.893284	0.029985	0.0100736	0.0544205	0.181292
170	0.0117379	0.119216	0.894399	0.0329835	0.0115155	0.0554914	0.209756
171	0.0109376	0.122127	0.894399	0.0374813	0.0109506	0.0553973	0.202066
172	0.0116656	0.127491	0.941614	0.0374813	0.0115155	0.0552348	0.207364
173	0.0124202	0.13534	1.08337	0.0449775	0.0115155	0.0547371	0.209756
174	0.0130031	0.150093	1.10935	0.0494753	0.0109506	0.0547027	0.200296
175	0.0130031	0.170772	1.10935	0.0569715	0.0108415	0.0542612	0.196652
176	0.0159317	0.198242	1.4065	0.071964	0.0109506	0.0546232	0.200296
177	0.0167684	0.226013	1.70171	0.0884558	0.0109506	0.0550386	0.207364
178	0.0167684	0.250752	1.70171	0.101949	0.0109506	0.0548026	0.207364
179	0.0218679	0.311742	2.43761	0.133433	0.0115155	0.0541683	0.214716
180	0.0332296	0.359787	2.43761	0.154423	0.0115155	0.0535675	0.21419
181	0.0332296	0.475811	2.43761	0.208396	0.0115422	0.052925	0.21419
182	0.0671996	0.467007	2.81798	0.196402	0.0115422	0.052046	0.214716
183	0.0678125	0.487302	2.77823	0.203898	0.0116383	0.0501583	0.207364
184	0.0678125	0.512148	2.74885	0.218891	0.0115422	0.0491492	0.206026
185	0.130042	0.70112	4.90889	0.286357	0.0108402	0.0477395	0.186911
186	0.130042	0.671141	4.60303	0.281859	0.0102328	0.046315	0.170364
187	0.131267	0.563722	3.02069	0.233883	0.0102328	0.0453032	0.163437
188	0.130031	0.51464	2.99141	0.1994	0.0102328	0.0445637	0.162352
189	0.117861	0.507551	2.43761	0.194903	0.0102328	0.0448183	0.170364
190	0.118583	0.497501	2.43761	0.190405	0.010058	0.0449208	0.181594
191	0.117861	0.488483	2.265	0.184408	0.010058	0.0442653	0.184784
192	0.117861	0.491476	2.35487	0.187406	0.010058	0.0409865	0.156062
193	0.118583	0.487511	2.43761	0.184408	0.0102328	0.0393448	0.146302
194	0.118583	0.491936	2.88951	0.188906	0.010058	0.0377327	0.136693
195	0.0847029	0.491896	2.43761	0.191904	0.010058	0.0367824	0.131517
196	0.0275235	0.410585	1.6959	0.166417	0.0102725	0.0363869	0.136693
197	0.0275235	0.382634	1.80659	0.161919	0.0102725	0.0362245	0.136693
198	0.0275235	0.354963	1.68398	0.143928	0.0102788	0.0360316	0.136693
199	0.0275235	0.329688	1.95855	0.142429	0.0102788	0.0357485	0.136693
200	0.0269003	0.318661	1.95855	0.145427	0.010058	0.0356186	0.131269
201	0.0269003	0.31321	1.88939	0.146927	0.0102725	0.0347596	0.12496
202	0.0236988	0.298336	1.80659	0.134933	0.010058	0.0346367	0.124
203	0.0212572	0.291298	1.7076	0.13943	0.0102725	0.0342411	0.12496
204	0.0207065	0.285736	2.0222	0.152924	0.0102244	0.0339596	0.12496
205	0.0146089	0.293478	1.78521	0.169415	0.010058	0.0337436	0.120747
206	0.0180183	0.314269	2.42085	0.187406	0.010058	0.0330567	0.116287
207	0.0147366	0.3837	2.75407	0.23988	0.0102244	0.0335621	0.129142
208	0.0269003	0.556314	6.84668	0.335832	0.0102725	0.0325157	0.12519
209	0.213778	1.25953	12.2235	0.544228	0.010058	0.0319485	0.117958
210	0.179785	1.38133	10.8956	0.583208	0.010058	0.0312519	0.11375
211	0.301334	3.23436	36.7332	0.770615	0.010058	0.0312905	0.116015
212	0.0118487	0.336302	5.21689	0.314843	0.010058	0.0303526	0.108461
213	0.0122346	0.202932	2.35563	0.190405	0.0100767	0.0299047	0.105754
214	0.012222	0.164823	1.58964	0.134933	0.010058	0.0297149	0.104876
215	0.0129205	0.149795	1.61053	0.113943	0.010058	0.0288871	0.101854
216	0.0122346	0.143177	1.47136	0.106447	0.010058	0.0289286	0.101854
217	0.0122346	0.13562	1.41074	0.0929535	0.010058	0.0286901	0.101854
218	0.0122433	0.126524	1.32047	0.0734633	0.010058	0.0288624	0.102233
219	0.0117038	0.122628	1.15594	0.0644678	0.010058	0.0287442	0.102456
220	0.0121991	0.119441	1.13005	0.0584708	0.010058	0.0286648	0.0965016
221	0.0121991	0.112698	1.09323	0.0449775	0.0101323	0.0287437	0.102456
222	0.0118821	0.109428	1.0268	0.0434783	0.0101323	0.0287217	0.102456
223	0.0117038	0.105211	0.978577	0.035982	0.0101323	0.0286355	0.102456
224	0.0119294	0.103352	0.958976	0.0329835	0.010058	0.0286245	0.102233
225	0.0101731	0.095595	0.727748	0.0209895	0.0101323	0.0285437	0.102456
226	0.0101731	0.091978	0.691653	0.017991	0.010058	0.0283403	0.0965016
227	0.0104822	0.0921843	0.73535	0.0224888	0.0101323	0.0282853	0.102456
228	0.0108214	0.0924398	0.73535	0.0194903	0.010058	0.0279973	0.102456
229	0.010814	0.089156	0.691653	0.017991	0.010058	0.0282675	0.105559
230	0.010814	0.0900459	0.690179	0.0194903	0.010058	0.0286631	0.112066
231	0.010249	0.0965018	0.73535	0.0284858	0.010058	0.0290763	0.116789
232	0.010249	0.100815	0.78459	0.0314843	0.0101323	0.0292245	0.1187
233	0.0101731	0.107388	0.793352	0.0329835	0.010058	0.0293706	0.118049
234	0.0101731	0.119896	0.921746	0.0464768	0.0101323	0.0293042	0.1187
235	0.010249	0.150924	1.48141	0.083958	0.0101323	0.0288397	0.1187
236	0.0101935	0.183857	2.00646	0.115442	0.010058	0.0293813	0.119981
237	0.0168712	0.567009	14.5569	0.334333	0.0101323	0.0293069	0.118049
238	0.0108766	0.231063	3.06751	0.157421	0.010058	0.0294271	0.118049
239	0.0110974	0.1724	2.03133	0.103448	0.010058	0.0289145	0.118049
240	0.0108081	0.144151	1.47247	0.077961	0.0100767	0.0285673	0.118049
241	0.0108766	0.126595	1.10293	0.0614693	0.010058	0.0280259	0.11006
242	0.0108081	0.113902	1.02449	0.0509745	0.010058	0.027526	0.102233
243	0.0108081	0.0985792	0.785855	0.0344828	0.010058	0.0270376	0.0996774
244	0.0108081	0.0876406	0.602182	0.0194903	0.010058	0.026845	0.0964986
245	0.0108717	0.0802555	0.522367	0.0104948	0.010058	0.0265364	0.0925582
246	0.0108081	0.0796109	0.502464	0.00749625	0.010058	0.0265428	0.0925582
247	0.0108081	0.0815542	0.510164	0.011994	0.010058	0.0262667	0.0892129
248	0.0108013	0.0796781	0.488029	0.00749625	0.0100767	0.0259204	0.0892129
249	0.0108013	0.0789896	0.481808	0.005997	0.010058	0.025563	0.0892129
250	0.0108013	0.0782034	0.487561	0.00749625	0.010058	0.0258543	0.090322
251	0.0108013	0.0765626	0.469404	0.00449775	0.010058	0.0257446	0.0892129
252	0.0108013	0.0757712	0.466277	0.0029985	0.010058	0.0255328	0.0892129
253	0.0101127	0.0740661	0.415032	0	0.0100122	0.025049	0.0868124
254	0.0108013	0.0752452	0.437036	0	0.0100122	0.0250485	0.0868124
255	0.0104504	0.0753466	0.421864	0	0.0100122	0.0251965	0.0879107
256	0.0101127	0.0777885	0.41692	0.00149925	0.0100497	0.0254495	0.0891632
257	0.0101127	0.0787681	0.41692	0.00149925	0.0100497	0.0256325	0.0914993
258	0.0101127	0.0784239	0.41692	0.00149925	0.0100497	0.0255613	0.0914993
259	0.0101127	0.0792808	0.41692	0.00149925	0.0100122	0.0254752	0.0891632
260	0.0101127	0.0814526	0.423362	0.0029985	0.0100497	0.0256828	0.0927057
261	0.0101127	0.0827028	0.423362	0.00149925	0.0100122	0.0259102	0.0959592
262	0.01004	0.0850039	0.423362	0.00149925	0.0100122	0.0260073	0.0959592
263	0.0101127	0.0864018	0.441996	0.00749625	0.0100767	0.0258201	0.0927057
264	0.0101127	0.0858182	0.440335	0.00749625	0.0100767	0.0257754	0.0914993
265	0.0101127	0.0858426	0.441996	0.0089955	0.0100767	0.0258098	0.0914993
266	0.0101127	0.0886583	0.441996	0.005997	0.0100767	0.0256285	0.0914993
267	0.0106735	0.0937424	0.495808	0.005997	0.0100767	0.0257402	0.0914993
268	0.0100695	0.101075	0.578513	0.0164918	0.0101285	0.025792	0.0914993
269	0.0101127	0.111558	0.642529	0.023988	0.0100122	0.0257856	0.0925582
270	0.0107062	0.115743	0.721157	0.0284858	0.0100122	0.0256937	0.0910384
271	0.0108013	0.123438	0.797654	0.0374813	0.0101285	0.0252646	0.0901034
272	0.0101684	0.113522	0.720039	0.0269865	0.0101285	0.0252107	0.0891632
273	0.0101684	0.104573	0.667196	0.0209895	0.0101285	0.0250921	0.0891632
274	0.0101684	0.0976538	0.625856	0.0104948	0.0101285	0.0251043	0.0891632
275	0.0101684	0.0886118	0.525386	0.005997	0.0100122	0.0253719	0.0925582
276	0.0101684	0.0826818	0.481808	0.00449775	0.0100122	0.0259996	0.100955
277	0.0101684	0.0773865	0.437036	0.00449775	0.0100122	0.0260984	0.100955
278	0.0101684	0.0734912	0.437036	0.0029985	0.0101285	0.0262058	0.102548
279	0.0101684	0.0710057	0.417599	0.00149925	0.0101285	0.0263939	0.103569
280	0.0100347	0.0686635	0.405221	0.0029985	0.0101285	0.0263806	0.103569
281	0.0106347	0.0647835	0.405221	0.0029985	0.0100122	0.026441	0.103569
282	0.0106347	0.0635844	0.395529	0.0029985	0.0101285	0.0272615	0.11002
283	0.0106347	0.0629783	0.395529	0.00449775	0.0101285	0.0267097	0.105379
284	0.0106347	0.0630269	0.389217	0.00449775	0.0100122	0.026462	0.103569
285	0.0106809	0.062121	0.389217	0.00449775	0.0100898	0.026686	0.106836
286	0.0107746	0.059976	0.389217	0.00449775	0.0100898	0.0268529	0.109029
287	0.0100347	0.0595233	0.352458	0.00749625	0.0100898	0.0273193	0.116273
288	0.0101684	0.0572634	0.341841	0.005997	0.0100898	0.0274183	0.116273
289	0.0100347	0.0567177	0.352458	0.00449775	0.0100459	0.0275707	0.118381
290	0.010834	0.0569084	0.389217	0.005997	0.0100898	0.0281607	0.128366
291	0.0108013	0.0568419	0.389003	0.00749625	0.0100459	0.0286129	0.128366
292	0.0107746	0.0560895	0.386262	0.005997	0.0101285	0.0294443	0.138997
293	0.0101684	0.0552466	0.337473	0.00449775	0.0100459	0.029854	0.140469
294	0.0102673	0.0544052	0.329922	0.00149925	0.0100459	0.0299376	0.140469
295	0.0102673	0.0536183	0.324869	0.00149925	0.0100459	0.030152	0.148616
296	0.0102673	0.0529594	0.324869	0.00149925	0.0101285	0.0305617	0.162278
297	0.0102673	0.0527676	0.324869	0.0029985	0.0100459	0.0309268	0.157799
298	0.0102673	0.0529122	0.325011	0.005997	0.0100459	0.0310471	0.157799
299	0.0101684	0.052312	0.325011	0.005997	0.0101285	0.0318928	0.163833
300	0.0100213	0.0521445	0.324869	0.005997	0.0101285	0.0335617	0.174051
301	0.0102673	0.052053	0.325011	0.005997	0.0100459	0.0339635	0.191622
302	0.0100213	0.052045	0.302152	0.005997	0.0101285	0.0358676	0.228163
303	0.0102673	0.05346	0.329922	0.00749625	0.0100459	0.0376752	0.241621
304	0.0102673	0.0522949	0.324869	0.00749625	0.0100216	0.0377427	0.236062
305	0.0100213	0.0515305	0.302152	0.005997	0.0101285	0.0389981	0.268747
306	0.0100213	0.0520542	0.302456	0.005997	0.0101285	0.0397473	0.279224
307	0.0100213	0.0522543	0.302456	0.005997	0.0100216	0.0406168	0.286046
308	0.0100347	0.0515647	0.302456	0.00449775	0.0100216	0.0423466	0.327608
309	0.0101684	0.0512289	0.294542	0.00149925	0.0101285	0.0458264	0.458816
310	0.0101254	0.0505276	0.294542	0.00149925	0.0101285	0.0465468	0.474053
311	0.0100347	0.0510314	0.309604	0.00149925	0.0101836	0.0465952	0.474053
312	0.0100347	0.0510542	0.309604	0.00149925	0.0101836	0.0473091	0.4903
313	0.0101254	0.0502788	0.302456	0.00149925	0.0101836	0.0497769	0.553778
314	0.0100347	0.0498351	0.302456	0.00149925	0.0101924	0.067361	2.95291
315	0.0100347	0.0500435	0.294542	0.0029985	0.0101924	0.0675859	2.95291
316	0.0100347	0.0508991	0.309604	0.00449775	0.0101836	0.0631146	1.56363
317	0.0102673	0.0512023	0.330394	0.00749625	0.0101836	0.0609966	1.55626
318	0.010089	0.0522701	0.330394	0.00749625	0.0101836	0.0680399	2.32628
319	0.0100347	0.0516372	0.330394	0.005997	0.0101836	0.0725629	2.83972
320	0.0101479	0.0533677	0.352458	0.0089955	0.0101924	0.0770151	3.26154
321	0.010089	0.0535781	0.368499	0.0089955	0.0101924	0.0850761	4.36667
322	0.0101479	0.0532179	0.376109	0.0089955	0.0101924	0.0951797	6.34836
323	0.0101479	0.0529684	0.374509	0.0089955	0.0101924	0.100258	6.34836
324	0.010089	0.0527987	0.368499	0.0089955	0.0101924	0.105334	5.1465
325	0.010089	0.0526681	0.352458	0.00749625	0.0101924	0.116434	5.48082
326	0.010089	0.0536248	0.364678	0.0089955	0.0101924	0.125967	6.34836
327	0.010053	0.0534792	0.364678	0.0089955
