		omega		Posterior		rho				Synonymous theta			kappa			phi	
Site	Lower	Point	Higher	prob of +ve	Lower	Point	Higher		Lower	Point	Higher	Lower	Point	Higher	Lower	Point	Higher
	95% HPD	estimate	95% HPD	selection	95% HPD	estimate	95% HPD		95% HPD	estimate	95% HPD	95% HPD	estimate	95% HPD	95% HPD	estimate	95% HPD
0	0.0101603	0.042324	0.269004	0.00749625	0.0107719	0.833043	58.6981		0.0368382	0.0497689	0.0686425	3.28536	6.97563	17.184	0	0	0
1	0.0101603	0.0408023	0.238312	0.00449775	0.0103154	0.858394	58.0635
2	0.0101492	0.0399493	0.217913	0.0029985	0.0103154	0.90084	58.6981
3	0.0101492	0.039565	0.217913	0.00149925	0.0101619	0.85738	59.7169
4	0.0101603	0.0400771	0.217913	0.00149925	0.0103154	0.848397	61.6961
5	0.0101701	0.0399485	0.217913	0.00149925	0.0103154	0.771204	61.6961
6	0.0101787	0.0400198	0.217913	0.00149925	0.0101619	0.721587	62.4903
7	0.0101603	0.0396575	0.183141	0.0029985	0.0103154	0.655318	63.4589
8	0.0101787	0.0387224	0.170673	0.00149925	0.0103154	0.644806	64.5523
9	0.0101787	0.0381747	0.170673	0.00149925	0.0103033	0.611012	64.7484
10	0.0101603	0.0390738	0.173466	0.00149925	0.0103033	0.610698	64.7484
11	0.0101603	0.0389434	0.173466	0.00149925	0.0101619	0.581257	63.4589
12	0.0101603	0.0392558	0.173466	0.00149925	0.0101619	0.716779	67.5605
13	0.0101603	0.0392723	0.171174	0.00149925	0.0109357	0.705947	74.7669
14	0.0101603	0.039221	0.171595	0.00149925	0.0107109	0.682182	74.7669
15	0.0101603	0.0395296	0.171174	0.00149925	0.0105693	0.585997	74.7669
16	0.0101603	0.0409015	0.187881	0.00449775	0.0103154	0.605664	74.7251
17	0.0101603	0.0417367	0.204494	0.00449775	0.0103154	0.617763	74.7251
18	0.0103127	0.0420582	0.233159	0.00449775	0.0101295	0.541567	64.7484
19	0.0100229	0.0441371	0.251449	0.00749625	0.0101295	0.511386	61.9529
20	0.0103127	0.0442097	0.260455	0.005997	0.0102486	0.493542	61.9529
21	0.0103127	0.0441249	0.250507	0.0029985	0.0101295	0.460746	58.1085
22	0.0103127	0.0444	0.260455	0.00449775	0.0101295	0.433882	61.6961
23	0.0103127	0.043381	0.250507	0.00149925	0.0101295	0.42941	61.6961
24	0.0100229	0.0430016	0.23918	0.00149925	0.0101295	0.377691	58.081
25	0.0103127	0.0438026	0.250129	0.00149925	0.0101295	0.304034	54.4302
26	0.0103127	0.0443786	0.250507	0	0.0101295	0.25249	49.6055
27	0.0103127	0.0441488	0.23918	0	0.0101295	0.232946	43.7046
28	0.0100229	0.0443767	0.23918	0	0.0101295	0.223146	39.4455
29	0.0103127	0.0443419	0.250507	0	0.0101295	0.21646	36.7702
30	0.0103127	0.0451342	0.251449	0	0.0101295	0.215823	36.7702
31	0.0103127	0.046432	0.262456	0	0.0102486	0.213709	37.3221
32	0.0103127	0.0490501	0.314998	0	0.0101295	0.20387	36.7702
33	0.0103127	0.050682	0.33317	0	0.0101295	0.19742	37.3095
34	0.0103127	0.0518725	0.334828	0.00149925	0.0102486	0.198205	38.9143
35	0.0103468	0.0548344	0.368912	0.00449775	0.0102486	0.198423	38.9143
36	0.0109113	0.0567654	0.416942	0.00149925	0.0102486	0.194372	36.7702
37	0.0109113	0.058482	0.416942	0.00149925	0.0102486	0.185668	38.0262
38	0.0107846	0.0616001	0.423349	0.00149925	0.0102486	0.175927	37.3095
39	0.0105319	0.0644889	0.421405	0.00149925	0.0102486	0.165276	38.1551
40	0.0101904	0.0680078	0.423349	0.00149925	0.0102486	0.153088	38.9143
41	0.0103468	0.0705579	0.457495	0.0029985	0.0102486	0.162051	38.1551
42	0.0101904	0.0774471	0.489062	0.00149925	0.0102486	0.170274	43.4391
43	0.0103468	0.08372	0.521679	0.0029985	0.0102486	0.165077	39.5828
44	0.0105319	0.0907236	0.561413	0.005997	0.0102486	0.14621	36.7702
45	0.0101904	0.0966357	0.563473	0.0104948	0.0102486	0.147884	36.8005
46	0.0108321	0.110219	0.679772	0.017991	0.0102025	0.132413	32.3942
47	0.0108498	0.126017	0.752953	0.0224888	0.0102025	0.129047	29.5471
48	0.0109208	0.145334	0.83571	0.0314843	0.0102025	0.129683	32.3942
49	0.0109208	0.163594	0.881973	0.0389805	0.0102025	0.126565	35.5989
50	0.0109208	0.199198	1.04486	0.0554723	0.0102025	0.124516	29.8707
51	0.0299157	0.264544	2.00126	0.089955	0.0102025	0.130553	25.8859
52	0.0301162	0.240947	1.45022	0.0554723	0.0102486	0.132625	24.3119
53	0.0315554	0.239795	1.45022	0.047976	0.0102486	0.147011	29.335
54	0.0356388	0.23703	1.45022	0.035982	0.0102486	0.152561	29.335
55	0.0365661	0.24106	1.41173	0.0344828	0.0102486	0.148633	21.6326
56	0.0365661	0.254769	1.17301	0.0374813	0.0102486	0.152506	14.6059
57	0.0418118	0.262091	1.31616	0.041979	0.0102025	0.153456	13.5182
58	0.0427018	0.276512	1.06547	0.041979	0.0102025	0.162213	14.2516
59	0.0447182	0.265376	1.06547	0.0344828	0.0102025	0.170591	10.5117
60	0.0412765	0.25323	1.05587	0.0269865	0.0102025	0.182713	9.84492
61	0.0350239	0.245853	1.05587	0.0284858	0.0102025	0.183364	9.127
62	0.0368457	0.243139	1.31616	0.0284858	0.0117043	0.188229	6.51463
63	0.0368457	0.246665	1.17301	0.0269865	0.013493	0.193654	6.51463
64	0.0427018	0.253092	1.05587	0.023988	0.0102025	0.192661	3.83961
65	0.0427018	0.250671	1.21564	0.0254873	0.0189444	0.216632	6.51463
66	0.0368591	0.253836	1.21564	0.0284858	0.0326231	0.238397	6.51463
67	0.0489845	0.266844	1.32117	0.035982	0.0339845	0.266743	4.79781
68	0.0546039	0.28273	1.42382	0.041979	0.0185834	0.212187	2.28381
69	0.0484931	0.271326	1.42382	0.0389805	0.0180054	0.16976	1.53248
70	0.0498308	0.259572	1.32117	0.0314843	0.0126663	0.149598	1.21078
71	0.0546039	0.263429	1.39295	0.0344828	0.0113232	0.129448	0.716505
72	0.0484931	0.26531	1.19615	0.0374813	0.0126663	0.114022	0.716505
73	0.0401918	0.262808	1.39295	0.0464768	0.0104053	0.101805	0.458632
74	0.0401918	0.265326	1.42382	0.0509745	0.0100709	0.0925623	0.366304
75	0.0384328	0.273842	1.91239	0.05997	0.0100709	0.0886683	0.323415
76	0.0506939	0.294798	2.13031	0.0749625	0.0100709	0.0873133	0.339887
77	0.0546039	0.316046	2.17907	0.0944528	0.0100709	0.0853529	0.321348
78	0.0652151	0.365366	3.42762	0.134933	0.0100709	0.084382	0.320524
79	0.0634579	0.358092	3.42762	0.133433	0.0100709	0.0880179	0.327086
80	0.0151351	0.22502	1.4259	0.0644678	0.0100709	0.0900459	0.361108
81	0.0116049	0.166603	0.828523	0.0314843	0.0104053	0.091109	0.38393
82	0.0116049	0.135118	0.752953	0.0164918	0.0104053	0.0927438	0.384834
83	0.0116049	0.123647	0.750205	0.0134933	0.0104053	0.0946683	0.406407
84	0.0116049	0.111449	0.730133	0.017991	0.0104053	0.0955706	0.403044
85	0.0107841	0.101326	0.618925	0.0104948	0.0104053	0.0952342	0.415729
86	0.0101173	0.0947826	0.566002	0.0104948	0.0104053	0.100528	0.464923
87	0.0100158	0.089286	0.54449	0.0104948	0.0104053	0.11083	0.792195
88	0.0100478	0.0819826	0.483951	0.00749625	0.0104093	0.116431	1.20317
89	0.0100158	0.0752069	0.447051	0.00749625	0.0104093	0.126273	4.78714
90	0.0100158	0.0678841	0.418621	0.00449775	0.0104093	0.138436	8.84334
91	0.0100478	0.0639367	0.389543	0.00149925	0.0105344	0.14181	7.23737
92	0.0100158	0.0603412	0.364551	0	0.0105344	0.142645	4.58549
93	0.0100158	0.0600848	0.359733	0	0.0100663	0.137832	1.55083
94	0.0100158	0.0598194	0.364551	0.0029985	0.0109789	0.139174	2.95676
95	0.0100158	0.0573132	0.344683	0.0029985	0.0109789	0.143464	2.95676
96	0.0100478	0.0554406	0.307847	0.0029985	0.0100663	0.149115	3.2679
97	0.0100448	0.054653	0.302823	0.0029985	0.0100663	0.146759	2.89567
98	0.0100448	0.0539299	0.302823	0.00449775	0.0109789	0.144759	2.95676
99	0.0100158	0.0543052	0.302823	0.00449775	0.0100663	0.14841	3.2679
100	0.0100158	0.0537951	0.30779	0.00449775	0.0100663	0.153694	3.0094
101	0.0100158	0.0537187	0.30779	0.005997	0.0100663	0.156471	3.0094
102	0.0100158	0.0518496	0.271614	0.00449775	0.0100663	0.154591	3.2679
103	0.0100158	0.0527383	0.271614	0.00449775	0.0100663	0.152558	3.52269
104	0.0100448	0.0551179	0.302823	0.0104948	0.0100663	0.150702	2.89567
105	0.0100158	0.0529273	0.266766	0.00449775	0.0109789	0.150235	2.73453
106	0.0100158	0.0522284	0.262456	0.00149925	0.0101221	0.148092	1.66924
107	0.0100158	0.0522934	0.262456	0	0.011101	0.129761	1.07617
108	0.0100158	0.0525402	0.262456	0	0.0110919	0.128952	1.06599
109	0.0100158	0.0528285	0.258428	0.00149925	0.0110919	0.12462	0.904905
110	0.0100158	0.0533244	0.262456	0.00149925	0.0145968	0.121608	1.07617
111	0.0100158	0.0532427	0.262456	0.00149925	0.0145968	0.120782	1.12674
112	0.0100448	0.0524512	0.258428	0.00149925	0.0107913	0.123582	0.842228
113	0.0100158	0.052954	0.260361	0.00449775	0.0107913	0.128344	0.904905
114	0.0100158	0.0530562	0.25722	0.00449775	0.0107913	0.128003	0.929786
115	0.0100158	0.0529299	0.244885	0.00149925	0.0107913	0.130113	1.06599
116	0.0100158	0.0533565	0.239019	0.0029985	0.0107913	0.124049	0.904905
117	0.0100448	0.0535285	0.239019	0.0029985	0.0107913	0.123387	0.881123
118	0.0100158	0.0551309	0.239019	0.0029985	0.0107913	0.11978	0.860996
119	0.0100158	0.0554291	0.233884	0	0.0108511	0.118861	0.794581
120	0.0100158	0.0560961	0.233884	0	0.0107913	0.137615	1.27739
121	0.0100158	0.0584001	0.258428	0.00149925	0.0107913	0.149076	2.73453
122	0.0100158	0.0602316	0.26506	0.00149925	0.010306	0.159689	5.54573
123	0.0100158	0.0617751	0.298932	0.00449775	0.0107913	0.172163	12.4922
124	0.0100158	0.0626716	0.305761	0.005997	0.010306	0.157664	4.23871
125	0.0118498	0.0642807	0.370346	0.0089955	0.010306	0.138675	3.1319
126	0.0100158	0.0656206	0.320435	0.0089955	0.0105322	0.125116	2.10831
127	0.0100158	0.0667091	0.320435	0.00749625	0.010043	0.12019	1.53751
128	0.0100158	0.0678514	0.320435	0.00449775	0.0105016	0.116402	1.50515
129	0.0100158	0.0706466	0.337494	0.00449775	0.010306	0.112646	1.45717
130	0.0100158	0.0745522	0.36415	0.0029985	0.010043	0.105034	0.90339
131	0.0118498	0.0810023	0.462822	0.00749625	0.0103032	0.0995176	0.900476
132	0.0100478	0.0909132	0.56479	0.023988	0.0102319	0.0947651	0.77641
133	0.0119264	0.100937	0.701135	0.0314843	0.0103032	0.09014	0.711305
134	0.0120159	0.111404	0.967648	0.0434783	0.010043	0.0856862	0.63405
135	0.0119264	0.123177	1.13235	0.0524738	0.0103032	0.0808823	0.538922
136	0.010337	0.106745	0.719228	0.0374813	0.010043	0.0777724	0.442925
137	0.0120159	0.10118	0.673887	0.0254873	0.010043	0.0768777	0.453463
138	0.0119264	0.0993176	0.612907	0.017991	0.010043	0.0767052	0.444733
139	0.012141	0.0981996	0.572608	0.0104948	0.010043	0.0742081	0.398825
140	0.012141	0.0973541	0.576779	0.0089955	0.0101209	0.0742942	0.390045
141	0.0116161	0.0967745	0.576779	0.0089955	0.0101209	0.0719994	0.378853
142	0.0110885	0.0956413	0.576779	0.011994	0.0107913	0.070277	0.390045
143	0.0110885	0.0952442	0.576779	0.0104948	0.0101209	0.0749963	0.439828
144	0.0119264	0.0981861	0.665904	0.011994	0.0101209	0.0814748	0.525702
145	0.0116161	0.101014	0.719228	0.017991	0.0101209	0.0866706	0.639333
146	0.0122384	0.104425	0.772785	0.0164918	0.0101209	0.0966982	0.935648
147	0.0110885	0.0916327	0.673887	0.0149925	0.0101209	0.107107	1.36151
148	0.0109322	0.086524	0.665904	0.0149925	0.0101209	0.124275	2.83544
149	0.0104212	0.0779944	0.572608	0.0149925	0.0107913	0.142741	5.29143
150	0.0102561	0.0745144	0.529661	0.0134933	0.0109312	0.15508	5.17355
151	0.0104212	0.0677001	0.464586	0.00749625	0.0107913	0.145304	2.83544
152	0.0104212	0.0604075	0.417712	0.005997	0.0107913	0.160266	3.38626
153	0.0104212	0.0577766	0.388044	0.00449775	0.0109312	0.164975	4.06501
154	0.010235	0.0554347	0.355765	0.005997	0.0107913	0.176395	4.11542
155	0.010235	0.0536594	0.317211	0.00449775	0.0109312	0.188689	4.98253
156	0.0102561	0.0525305	0.317211	0.00449775	0.0109312	0.193733	5.12396
157	0.010235	0.0501757	0.301296	0.0029985	0.0109312	0.205436	7.03747
158	0.0101055	0.0503262	0.309224	0.005997	0.0102647	0.215414	7.67205
159	0.0101055	0.0486302	0.285154	0.0029985	0.0102647	0.226707	8.42302
160	0.0101055	0.0483039	0.285154	0.00149925	0.0102647	0.25634	27.6702
161	0.010235	0.047159	0.285154	0	0.0109312	0.274229	30.9327
162	0.0101055	0.0458489	0.280563	0	0.0174567	0.29489	48.439
163	0.0101055	0.0444841	0.259866	0	0.0184265	0.305763	48.439
164	0.010235	0.0422148	0.224312	0	0.0221241	0.320853	48.439
165	0.010235	0.0413528	0.218317	0	0.0256062	0.363753	48.2588
166	0.0100612	0.0404184	0.211542	0	0.0311423	0.406962	58.2052
167	0.0100612	0.039536	0.211542	0	0.0359153	0.493659	58.2052
168	0.0100612	0.0385017	0.206153	0	0.0392816	0.508787	58.2052
169	0.0100612	0.037795	0.192519	0	0.0388226	0.501943	58.2052
170	0.0100612	0.0371207	0.19126	0.0029985	0.0363783	0.492988	58.2052
171	0.0102706	0.0361603	0.19126	0.00149925	0.0332883	0.419932	47.4132
172	0.0102706	0.0354239	0.19112	0.00449775	0.0132357	0.364231	17.9314
173	0.010235	0.0344095	0.19126	0.0029985	0.0137647	0.33732	11.3998
174	0.0100536	0.0333523	0.170531	0	0.0167223	0.271564	7.69846
175	0.0100536	0.0332434	0.170531	0	0.0173641	0.266053	7.31193
176	0.0100536	0.0332867	0.170607	0	0.0132357	0.256446	4.55579
177	0.0100536	0.0335331	0.172472	0	0.0118536	0.250731	4.29079
178	0.0100536	0.0330138	0.165445	0	0.0118536	0.240339	3.19579
179	0.0100536	0.0328575	0.165445	0.00149925	0.0132357	0.229755	2.29596
180	0.0100536	0.0322849	0.161953	0	0.0132357	0.220765	1.80029
181	0.0100536	0.0323687	0.161953	0.00149925	0.0172336	0.212478	1.89915
182	0.0100213	0.0322566	0.162408	0	0.0146454	0.212258	1.35182
183	0.0100213	0.0318706	0.156347	0	0.0173766	0.209096	1.33377
184	0.0100213	0.0317164	0.156347	0	0.0292295	0.211697	1.9865
185	0.0100213	0.0320264	0.162408	0	0.0195714	0.209154	1.30041
186	0.0100213	0.0320194	0.172472	0	0.0195714	0.204673	1.35182
187	0.0100213	0.0316834	0.172472	0	0.021714	0.212607	1.25473
188	0.0100213	0.0317141	0.178105	0	0.0235706	0.197671	1.25473
189	0.0103039	0.0316997	0.19126	0	0.0266993	0.184768	1.17516
190	0.0100213	0.0318283	0.178105	0	0.0306375	0.178234	1.11169
191	0.0100213	0.0313349	0.172472	0	0.0331293	0.178944	1.11169
192	0.0100536	0.0313942	0.175343	0	0.0359878	0.180591	0.997399
193	0.0100213	0.0317187	0.175343	0	0.0331293	0.182589	0.913286
194	0.0100213	0.0314577	0.175343	0	0.0340441	0.190283	0.913286
195	0.0100213	0.0313241	0.171689	0	0.0477541	0.19597	1.08195
196	0.0100213	0.0310513	0.154297	0.00149925	0.0365869	0.189711	0.990241
197	0.0100213	0.0309446	0.144108	0.0029985	0.0317839	0.185756	0.990241
198	0.0100213	0.0312913	0.15535	0.0029985	0.0317839	0.182892	0.990241
199	0.0100213	0.0317473	0.171689	0.0029985	0.0306375	0.182531	0.990241
200	0.0100213	0.0320862	0.172472	0.0029985	0.0173766	0.213304	1.12915
201	0.0100213	0.0324931	0.172472	0.0029985	0.0142142	0.262827	10.0493
202	0.0100213	0.0321233	0.162408	0.00149925	0.026447	0.357924	61.278
203	0.0100213	0.0324745	0.162408	0.00149925	0.026447	0.401448	59.1175
204	0.0100213	0.0324755	0.16082	0.00149925	0.0273154	0.456152	54.0217
205	0.0100536	0.0319607	0.14448	0	0.0310591	0.585204	54.7669
206	0.0100213	0.0320429	0.144385	0	0.0412296	0.704386	61.278
207	0.0100213	0.0321717	0.153262	0	0.0552689	0.84991	90.5862
208	0.0100213	0.0316945	0.149336	0	0.0499859	0.923369	85.7119
209	0.0100536	0.0317193	0.161657	0	0.0483915	0.91679	87.8527
210	0.0100213	0.0317203	0.171689	0	0.0345196	0.823969	87.8527
211	0.0100213	0.0305769	0.149336	0	0.0273154	0.813576	84.3943
212	0.0100213	0.0300237	0.137255	0	0.0189381	0.745074	69.7084
213	0.0100213	0.0299407	0.137255	0	0.0186297	0.72029	69.7084
214	0.0100213	0.029694	0.137255	0	0.0143835	0.706668	54.0217
215	0.0100213	0.0296538	0.134283	0	0.0143835	0.69707	55.9382
216	0.0100536	0.0300563	0.140698	0.00149925	0.0124434	0.670205	50.0325
217	0.0100213	0.0300631	0.136679	0.005997	0.0104017	0.621301	37.6336
218	0.0100213	0.0297262	0.131536	0.005997	0.0102073	0.625888	40.626
219	0.0100213	0.0293934	0.126125	0.00449775	0.0110892	0.589695	44.1887
220	0.0100213	0.0295064	0.126125	0.00449775	0.0102073	0.617439	40.626
221	0.0100213	0.0294386	0.126125	0.00149925	0.0142321	0.685108	58.9979
222	0.0100536	0.0294246	0.126125	0.0029985	0.0189381	0.834966	78.4182
223	0.0100536	0.0287945	0.118844	0	0.0284414	0.917709	99.0834
224	0.010044	0.0287212	0.118871	0	0.0253596	0.927695	98.1051
225	0.010044	0.0286468	0.120365	0	0.0346126	0.914366	98.1051
226	0.010044	0.0285499	0.120365	0	0.0325804	0.977175	99.0834
227	0.010044	0.0287889	0.12926	0	0.0319787	0.980148	84.2205
228	0.010044	0.0289028	0.129796	0.00149925	0.0325804	1.06402	84.2205
229	0.010044	0.0292314	0.137876	0.00149925	0.0316692	0.878704	94.1166
230	0.010044	0.0293492	0.140452	0.0029985	0.0198869	0.767588	82.8137
231	0.010044	0.0293054	0.138559	0.00149925	0.0198869	0.677366	81.8955
232	0.010044	0.0298783	0.14725	0.00149925	0.0142729	0.562632	56.7678
233	0.010044	0.0302086	0.16082	0.00149925	0.0142729	0.569679	56.7678
234	0.010044	0.0306442	0.171689	0.00149925	0.0134146	0.587279	56.7678
235	0.010044	0.0304342	0.162813	0.00149925	0.0100233	0.585503	45.1691
236	0.010044	0.0304401	0.16124	0.00149925	0.0102079	0.539271	46.3369
237	0.010044	0.0304815	0.16124	0.00149925	0.0102079	0.509029	41.2111
238	0.010044	0.0306457	0.16124	0.00149925	0.0102079	0.522708	40.0426
239	0.010044	0.0309597	0.162813	0.00149925	0.0102079	0.516623	36.9789
240	0.010044	0.0310929	0.168714	0.00149925	0.0100233	0.470372	37.6446
241	0.0100536	0.0315323	0.179523	0.00149925	0.0110275	0.410225	42.4479
242	0.0100536	0.0315743	0.17721	0.0029985	0.011358	0.384285	36.9789
243	0.0100536	0.03248	0.179523	0.00749625	0.0110275	0.38711	36.4835
244	0.0100536	0.0322717	0.16676	0.005997	0.0122913	0.422923	40.5078
245	0.0100536	0.0321602	0.161738	0.00449775	0.0102706	0.397735	35.6341
246	0.0100536	0.0318342	0.146425	0.0029985	0.0102706	0.412165	35.6341
247	0.0100536	0.0316952	0.141928	0	0.0112829	0.448305	43.1539
248	0.0100536	0.0308487	0.134114	0	0.0102203	0.486544	40.5078
249	0.0100536	0.0302401	0.12926	0	0.0102203	0.550148	42.7247
250	0.0100536	0.0303527	0.130677	0	0.0112316	0.56944	50.9298
251	0.0100536	0.0300263	0.12926	0	0.0102706	0.57875	49.8646
252	0.0100536	0.0310656	0.134588	0.0029985	0.0112316	0.601719	52.7274
253	0.0100536	0.0314536	0.134588	0.005997	0.0124434	0.572612	50.9298
254	0.0100536	0.0311081	0.130677	0.005997	0.0140969	0.548957	62.4718
255	0.0100536	0.0317702	0.139497	0.00749625	0.0102706	0.513558	48.4127
256	0.0100536	0.0311066	0.134114	0	0.0101305	0.464264	42.4479
257	0.0100536	0.0314474	0.134114	0	0.0102706	0.415287	40.2403
258	0.0100536	0.0314675	0.134588	0	0.0101305	0.421618	40.8517
259	0.0100536	0.0321148	0.139497	0	0.0110616	0.441156	49.4726
260	0.0100536	0.0317726	0.134992	0	0.0135818	0.454771	62.4718
261	0.0100536	0.0318127	0.134853	0	0.0188704	0.501826	75.9347
262	0.0100536	0.03148	0.134588	0	0.0198774	0.52389	81.7967
263	0.0100536	0.0316089	0.14491	0	0.020364	0.516052	81.7967
264	0.0100536	0.0319775	0.151752	0.00149925	0.0205134	0.516198	81.7967
265	0.0100536	0.0324468	0.157088	0.00149925	0.0205134	0.545018	88.3317
266	0.0100536	0.0323615	0.157088	0	0.0211568	0.554042	94.9447
267	0.0100536	0.0323828	0.162627	0	0.0207547	0.569185	94.9447
268	0.0100536	0.032654	0.16676	0	0.0205134	0.628317	94.9447
269	0.0100536	0.0324644	0.16622	0	0.0203398	0.665369	91.8447
270	0.0100536	0.0323751	0.171778	0	0.0221659	0.75211	94.9447
271	0.0100536	0.0323685	0.171778	0	0.0228802	0.874977	96.8752
272	0.0100536	0.032661	0.173335	0	0.0228802	0.963486	96.8752
273	0.0100536	0.0331	0.179523	0.00149925	0.0210695	0.88368	96.8752
274	0.0100536	0.0353918	0.195387	0.0089955	0.0203398	0.958143	91.7006
275	0.0100536	0.0346858	0.195146	0.0029985	0.0201311	0.980962	94.9447
276	0.0100536	0.0355517	0.20158	0.00449775	0.0186799	1.0866	94.9447
277	0.0100536	0.0361511	0.222653	0.0029985	0.0201311	1.21153	96.8752
278	0.0101523	0.03777	0.244544	0.00749625	0.0186799	1.23332	94.9447
279	0.0100536	0.0388068	0.244544	0.00749625	0.0200847	1.22531	94.9447
280	0.0100536	0.0398899	0.290527	0.011994	0.0203398	1.20103	96.8752
281	0.0100536	0.0418661	0.375377	0.011994	0.021094	1.2513	96.8752
282	0.0100536	0.0428184	0.421039	0.011994
