		omega		Posterior		rho				Synonymous theta			kappa			phi	
Site	Lower	Point	Higher	prob of +ve	Lower	Point	Higher		Lower	Point	Higher	Lower	Point	Higher	Lower	Point	Higher
	95% HPD	estimate	95% HPD	selection	95% HPD	estimate	95% HPD		95% HPD	estimate	95% HPD	95% HPD	estimate	95% HPD	95% HPD	estimate	95% HPD
0	0.0100225	0.0308218	0.141406	0	0.0101293	0.0709824	0.462939		0.0689441	0.0878343	0.113055	4.78946	10.1039	21.2586	1.85643	12.8212	43.7472
1	0.0100225	0.0309385	0.142607	0	0.0106941	0.0630087	0.351916
2	0.0100225	0.0309459	0.144544	0	0.0106941	0.0594292	0.326817
3	0.0100225	0.0307266	0.144544	0	0.0106941	0.0577032	0.300728
4	0.0100225	0.0307549	0.144544	0	0.0106941	0.0571918	0.28743
5	0.0100225	0.030876	0.145697	0	0.0102663	0.0575854	0.280461
6	0.0100225	0.0308989	0.145697	0	0.0102663	0.0585784	0.281861
7	0.0100225	0.0308763	0.145697	0	0.0101779	0.0603436	0.28743
8	0.0100225	0.0307752	0.147357	0	0.0101779	0.0617061	0.28743
9	0.0100225	0.030805	0.149293	0	0.0102663	0.0628122	0.300145
10	0.0100225	0.0307003	0.149293	0	0.0106979	0.0649024	0.326817
11	0.0100225	0.0305816	0.149293	0	0.0111953	0.066111	0.338002
12	0.0100225	0.0305013	0.149293	0	0.0119619	0.0660454	0.351916
13	0.0100225	0.0302651	0.149293	0	0.0119619	0.0677026	0.351916
14	0.0100225	0.0298127	0.147357	0	0.0106979	0.0778462	0.444998
15	0.0100225	0.0291775	0.142767	0	0.010505	0.119235	11.5344
16	0.0100225	0.0287164	0.137721	0	0.0102663	0.157352	22.4473
17	0.0100225	0.0282092	0.134501	0	0.010505	0.151671	19.7188
18	0.0100225	0.0282413	0.134501	0	0.0101428	0.134183	14.7151
19	0.0100225	0.0281233	0.133938	0	0.0101428	0.125469	12.1237
20	0.0100225	0.028313	0.135354	0	0.0101428	0.11674	12.1237
21	0.0100089	0.0277241	0.130829	0	0.0101428	0.114217	12.0033
22	0.0100089	0.0274632	0.129269	0	0.0101428	0.105204	10.2879
23	0.0100089	0.0272252	0.130829	0	0.0101428	0.0920093	1.23041
24	0.0100089	0.0273166	0.130829	0	0.0101428	0.0882212	0.92235
25	0.0100089	0.027388	0.130829	0	0.0101428	0.0873294	0.782208
26	0.0100089	0.0274174	0.129269	0	0.0101428	0.0828296	0.741227
27	0.0100089	0.0278387	0.133938	0	0.0101428	0.0755055	0.491537
28	0.0100225	0.0280396	0.135354	0	0.0101428	0.0740929	0.483449
29	0.0100225	0.0284088	0.140639	0.00149925	0.0101428	0.0733291	0.491537
30	0.0100089	0.0276897	0.130829	0	0.0101428	0.069924	0.444998
31	0.0100089	0.0271409	0.113313	0	0.0101428	0.0684926	0.385213
32	0.0100089	0.0272167	0.0956757	0	0.0100829	0.0640622	0.347688
33	0.0100089	0.0268259	0.0904515	0	0.0100712	0.0594008	0.257415
34	0.0100089	0.0267918	0.0904515	0	0.0101428	0.0517674	0.215751
35	0.0100089	0.0271975	0.0904515	0	0.0100712	0.0512311	0.208887
36	0.0100089	0.0268101	0.0869572	0.00149925	0.0100074	0.050935	0.206323
37	0.0100038	0.0257535	0.0830321	0	0.0100074	0.050768	0.206323
38	0.0100038	0.0255081	0.0822175	0	0.0100074	0.0504578	0.204925
39	0.0100038	0.0255788	0.0831398	0	0.0100712	0.049433	0.200326
40	0.0100038	0.025436	0.0830321	0	0.0100712	0.0487951	0.200326
41	0.0100038	0.0251535	0.0809407	0	0.0100712	0.0483642	0.19385
42	0.0100038	0.0250861	0.0796287	0	0.0100712	0.0481694	0.19385
43	0.0100038	0.0249903	0.0794628	0	0.0100712	0.0479684	0.185013
44	0.0100038	0.0246079	0.0756203	0	0.0101102	0.0479293	0.18067
45	0.0100038	0.0245408	0.0756203	0	0.0101102	0.0479379	0.18067
46	0.0100038	0.0245548	0.0757671	0	0.0100712	0.0471205	0.177715
47	0.0100083	0.0244559	0.0756203	0	0.0100712	0.0469583	0.177715
48	0.0100083	0.0243145	0.0743979	0	0.0100712	0.0475823	0.177715
49	0.0100083	0.0240896	0.0740261	0	0.0100712	0.0475149	0.179286
50	0.0100038	0.0242851	0.0740261	0	0.0100712	0.04811	0.180449
51	0.0100083	0.0241203	0.0740261	0	0.0100712	0.0482637	0.179286
52	0.0100038	0.024074	0.0735719	0	0.0100712	0.0487699	0.174319
53	0.0100083	0.0242804	0.0743979	0	0.0100712	0.0493682	0.179286
54	0.0100083	0.0242875	0.0743979	0	0.0100712	0.0493879	0.174002
55	0.0100083	0.0244889	0.0756203	0	0.0101624	0.0501708	0.180449
56	0.0100038	0.024679	0.0756203	0	0.0100712	0.0527933	0.197973
57	0.0100038	0.0247268	0.0757671	0	0.0101624	0.0548871	0.204925
58	0.0100038	0.0250136	0.0757671	0	0.0100712	0.0587085	0.229105
59	0.0100038	0.0250575	0.0757671	0	0.0100712	0.0611794	0.234299
60	0.0100038	0.0252282	0.0760461	0	0.010505	0.0652851	0.255662
61	0.0100038	0.0250305	0.0760461	0	0.0101624	0.0683444	0.255662
62	0.0100038	0.0252466	0.0796287	0	0.0100712	0.0709164	0.2726
63	0.0100038	0.0250501	0.0796287	0	0.0100712	0.0776904	0.332463
64	0.0100083	0.0246149	0.0756203	0	0.0100712	0.0812035	0.335761
65	0.0100038	0.0244002	0.0740261	0	0.0101624	0.0851272	0.378335
66	0.0100083	0.0242528	0.0740261	0	0.0100712	0.0919553	0.410266
67	0.0100038	0.0245059	0.0743851	0.00149925	0.0144418	0.0959683	0.553614
68	0.0100038	0.0246442	0.0756203	0.00449775	0.0200908	0.108419	0.910533
69	0.0100038	0.0242561	0.0743851	0	0.0209668	0.122428	1.1484
70	0.0100083	0.0245023	0.0756203	0	0.0204709	0.127137	1.1484
71	0.0100038	0.0246327	0.0756203	0	0.0165509	0.132775	1.1484
72	0.0100038	0.0248991	0.0760461	0	0.0198081	0.121617	0.969098
73	0.0100038	0.0254279	0.0804207	0	0.0204709	0.119207	0.969098
74	0.0100038	0.0256666	0.0830321	0	0.0144418	0.116875	0.699757
75	0.0100038	0.0261159	0.0848851	0	0.0133161	0.108942	0.491766
76	0.0100038	0.0257881	0.0795328	0	0.0133161	0.106254	0.491766
77	0.0100038	0.0264193	0.0844458	0	0.0133161	0.0989848	0.420642
78	0.0100038	0.0270579	0.085492	0.00149925	0.0133161	0.0950482	0.408941
79	0.0100038	0.0281073	0.0968948	0.0089955	0.0133161	0.0834833	0.339188
80	0.0100038	0.0267365	0.0804207	0	0.0155174	0.0802614	0.372266
81	0.0100038	0.0263845	0.0743851	0	0.01633	0.077106	0.37729
82	0.0100038	0.0264998	0.0789418	0.00149925	0.0133161	0.0759838	0.318907
83	0.0100038	0.0266617	0.0760461	0.00149925	0.0133113	0.0746786	0.321269
84	0.0100038	0.0266885	0.0790636	0	0.0133113	0.0741238	0.321269
85	0.0100038	0.0266774	0.0794628	0	0.0133113	0.0723477	0.307035
86	0.0100038	0.0272765	0.0844458	0	0.0133113	0.0715108	0.318058
87	0.0100038	0.0274992	0.0857583	0	0.0133113	0.0710026	0.2996
88	0.0100038	0.027901	0.0884062	0	0.0128672	0.0700019	0.2996
89	0.0100038	0.0288078	0.0999751	0	0.0110128	0.068352	0.258987
90	0.0100038	0.0288305	0.0977859	0	0.0110128	0.0683878	0.258987
91	0.0100038	0.0296169	0.102286	0	0.0113488	0.0681324	0.277509
92	0.0100038	0.0300162	0.106414	0	0.0101435	0.0640786	0.237316
93	0.0100038	0.0306869	0.113237	0	0.0101435	0.0625137	0.230423
94	0.0100038	0.0309112	0.118276	0	0.0100117	0.0624055	0.230423
95	0.0100038	0.0311799	0.120646	0	0.0100117	0.0610736	0.230423
96	0.0100038	0.0313806	0.120646	0.00149925	0.0101435	0.0593564	0.229105
97	0.0100038	0.032608	0.126926	0	0.0100117	0.057985	0.211619
98	0.0100038	0.0335205	0.128628	0.0029985	0.0100117	0.0572168	0.211619
99	0.0100038	0.0336357	0.128628	0	0.0100117	0.055676	0.211619
100	0.0100038	0.0340375	0.12994	0	0.0102794	0.0530498	0.202467
101	0.0100038	0.0346451	0.13052	0	0.0102794	0.052046	0.204877
102	0.0100558	0.0359288	0.139447	0	0.0100117	0.0527826	0.208609
103	0.0100038	0.0367586	0.140835	0	0.0102794	0.0526251	0.21664
104	0.0100948	0.0387436	0.163937	0.0029985	0.0102794	0.0532896	0.221714
105	0.0100948	0.0395523	0.163937	0	0.0100117	0.0540747	0.221714
106	0.01025	0.0409211	0.187981	0	0.0101435	0.053351	0.221714
107	0.0100038	0.0406054	0.178197	0	0.0101435	0.0533383	0.221714
108	0.0100955	0.041855	0.187981	0	0.0100117	0.0531704	0.221714
109	0.0100038	0.0435832	0.215884	0	0.0101874	0.0535251	0.229499
110	0.0103431	0.0455092	0.238375	0	0.0100117	0.0537015	0.221714
111	0.0100038	0.0451211	0.226982	0.00149925	0.0100117	0.0543046	0.221714
112	0.0100038	0.0436301	0.197942	0	0.0100117	0.0556924	0.235224
113	0.0100038	0.042609	0.187981	0	0.0100117	0.0553623	0.249414
114	0.01025	0.0423633	0.187981	0	0.0100117	0.0556891	0.271561
115	0.0100038	0.0415479	0.178197	0	0.010008	0.0552112	0.265043
116	0.0100955	0.0414251	0.183293	0	0.010008	0.0556182	0.265043
117	0.01025	0.0416143	0.183293	0	0.010008	0.0543193	0.221714
118	0.0100038	0.0411549	0.174886	0	0.010008	0.0547133	0.21971
119	0.0100955	0.041028	0.171636	0	0.010128	0.0543774	0.212443
120	0.0100038	0.0407126	0.163937	0	0.0102868	0.0542949	0.213188
121	0.0101754	0.0408163	0.171636	0	0.0102868	0.054506	0.213188
122	0.0100038	0.0406941	0.163937	0	0.0102868	0.0553162	0.21971
123	0.0100955	0.0414197	0.183293	0	0.0102868	0.056186	0.22259
124	0.01025	0.0419088	0.190262	0	0.0102868	0.057691	0.249414
125	0.0100038	0.0413559	0.183293	0	0.0102868	0.0598577	0.259406
126	0.0100038	0.041437	0.183293	0	0.0100117	0.0684486	0.404546
127	0.0100955	0.0411042	0.183293	0	0.0100117	0.0741399	0.609036
128	0.0100955	0.0417201	0.190262	0	0.0100117	0.0818184	0.700008
129	0.0100038	0.0420675	0.190262	0	0.0100117	0.0861713	1.21478
130	0.0100038	0.0425798	0.203088	0.00149925	0.0102868	0.0890319	1.36779
131	0.0100955	0.0430764	0.212567	0	0.0102868	0.0923523	1.51764
132	0.0100955	0.0447469	0.23516	0	0.0102868	0.0951891	1.59754
133	0.0101107	0.0456304	0.25554	0	0.0102868	0.0965788	0.959761
134	0.0101107	0.047068	0.275441	0	0.0102868	0.106986	2.95512
135	0.0100003	0.0500176	0.327624	0	0.0102868	0.117067	6.43044
136	0.0100955	0.0546313	0.405969	0.00149925	0.0102868	0.10471	1.51764
137	0.0100955	0.0622949	0.453417	0.0104948	0.0102868	0.104554	1.03224
138	0.0100955	0.0695625	0.501553	0.017991	0.0103872	0.0924151	0.475713
139	0.0100003	0.0735873	0.526325	0.0164918	0.0112501	0.0865327	0.358181
140	0.0100003	0.0865994	0.776414	0.0344828	0.0114084	0.081948	0.304202
141	0.0117406	0.107219	1.11722	0.0524738	0.0115117	0.0799343	0.265136
142	0.0117406	0.152731	1.3021	0.0824588	0.0118633	0.0802028	0.270932
143	0.0231923	0.282524	2.67448	0.164918	0.0134087	0.0812454	0.304202
144	0.0234468	0.28673	2.67448	0.166417	0.0129893	0.082336	0.282645
145	0.027753	0.324872	2.67448	0.194903	0.0130256	0.0831824	0.282645
146	0.0371064	0.429306	2.67448	0.266867	0.0119663	0.0899289	0.304202
147	0.0100955	0.184699	1.90635	0.13943	0.0119663	0.094493	0.350845
148	0.010037	0.111936	1.23862	0.0704648	0.0124659	0.0982358	0.396819
149	0.0100955	0.0847252	0.894476	0.0389805	0.0119663	0.103964	0.48282
150	0.010037	0.066372	0.76248	0.0224888	0.0124659	0.108747	0.623095
151	0.010037	0.0514623	0.509826	0.00749625	0.0137588	0.112665	0.839217
152	0.010037	0.043246	0.369197	0.0029985	0.014395	0.11577	0.839217
153	0.010037	0.0400623	0.307963	0.00149925	0.0140001	0.116057	0.839217
154	0.010037	0.0375852	0.295368	0.0029985	0.0135233	0.118772	0.903077
155	0.010037	0.0355955	0.26131	0	0.0135233	0.118157	0.839217
156	0.0100678	0.033282	0.22924	0	0.0135233	0.121663	0.903077
157	0.010037	0.032109	0.200328	0	0.0133447	0.124281	1.00349
158	0.010037	0.0318367	0.197942	0	0.0118205	0.128449	1.06268
159	0.010037	0.0314636	0.1924	0	0.0118205	0.119791	0.623095
160	0.010037	0.0305219	0.179728	0	0.0161564	0.108055	0.40686
161	0.010037	0.0302357	0.150743	0	0.0148866	0.0990023	0.356253
162	0.0100678	0.0297916	0.147435	0.00149925	0.0148866	0.0879454	0.299704
163	0.010037	0.0288738	0.132983	0	0.0171113	0.0857863	0.336489
164	0.010037	0.0286389	0.116664	0.00149925	0.014518	0.085156	0.281342
165	0.0100955	0.0284069	0.116664	0.00149925	0.014518	0.0853925	0.309573
166	0.010037	0.0277713	0.112585	0.00149925	0.0132899	0.0850285	0.281342
167	0.010037	0.0277518	0.112585	0.00149925	0.0147728	0.0844071	0.316947
168	0.010037	0.0272336	0.104226	0.00149925	0.0147728	0.0850596	0.316947
169	0.010037	0.0272287	0.104226	0.00149925	0.0134983	0.0869981	0.316947
170	0.010037	0.0270528	0.105167	0.00149925	0.0134983	0.0864788	0.332429
171	0.0100955	0.027167	0.106542	0	0.0134983	0.0898722	0.375553
172	0.010037	0.0267731	0.104226	0	0.010498	0.107907	0.532969
173	0.010037	0.0271033	0.0993795	0.00149925	0.0111485	0.124912	1.73598
174	0.010037	0.0267764	0.0936895	0.00149925	0.010498	0.148832	4.03534
175	0.010037	0.0266684	0.0904946	0.00149925	0.012605	0.170517	14.8287
176	0.0100801	0.026316	0.0875059	0	0.0101863	0.173293	10.5554
177	0.0100801	0.0261656	0.0875059	0	0.0141706	0.1918	30.532
178	0.010037	0.0257928	0.0860893	0	0.0101863	0.184699	13.6075
179	0.0100801	0.0257745	0.0860893	0.00149925	0.0104953	0.171307	8.89143
180	0.010037	0.0256135	0.0854736	0.00149925	0.0107649	0.158871	7.89314
181	0.010037	0.0257279	0.0860893	0.00149925	0.0101863	0.146797	4.65326
182	0.010037	0.0256606	0.0860893	0	0.0101863	0.139737	4.51317
183	0.0100801	0.0259454	0.0875059	0.00149925	0.0101863	0.138178	4.65326
184	0.0100801	0.02559	0.0870004	0	0.0101863	0.134233	2.29382
185	0.010037	0.025498	0.0860893	0	0.0104953	0.139629	3.39405
186	0.0100955	0.025981	0.0875059	0	0.0101863	0.137535	2.689
187	0.0100349	0.0260698	0.0870004	0	0.0101863	0.130295	1.68383
188	0.0100349	0.0261322	0.0874037	0	0.010576	0.129122	1.43119
189	0.0100349	0.0261793	0.0874037	0	0.010576	0.123935	0.891808
190	0.0100349	0.0260518	0.0867375	0	0.010576	0.118376	0.665516
191	0.0100349	0.0261498	0.0867375	0	0.0124555	0.109685	0.437897
192	0.0100349	0.0263983	0.084785	0	0.0124555	0.104616	0.395041
193	0.0100152	0.026729	0.0867375	0	0.012009	0.104462	0.391318
194	0.0100349	0.0271406	0.0875059	0	0.0133012	0.101143	0.395041
195	0.0100349	0.0277741	0.0884468	0	0.0133012	0.0976683	0.382741
196	0.0100349	0.0279764	0.0904946	0	0.0133012	0.0951489	0.37358
197	0.0100349	0.0281817	0.0919049	0	0.0129648	0.0932258	0.37358
198	0.0100349	0.0283574	0.0919049	0.00149925	0.0128909	0.090794	0.37358
199	0.0100349	0.0291433	0.100288	0.00149925	0.0132375	0.0882464	0.371096
200	0.0100349	0.0289422	0.100288	0.00149925	0.0128909	0.0887857	0.37358
201	0.0100349	0.0288536	0.101375	0	0.0128909	0.0899758	0.371096
202	0.0100349	0.0291293	0.101375	0	0.013313	0.0926191	0.395041
203	0.0100349	0.0293226	0.101707	0	0.0128909	0.0946049	0.395041
204	0.0100349	0.0300898	0.113747	0	0.0128909	0.0969838	0.395041
205	0.0100349	0.0304283	0.113747	0	0.0120916	0.0993002	0.37358
206	0.0100349	0.0314836	0.125855	0	0.0120916	0.100377	0.391318
207	0.0100349	0.0327515	0.148893	0.0029985	0.0128909	0.100919	0.391318
208	0.0100349	0.0348185	0.186911	0.00449775	0.012009	0.0991673	0.356838
209	0.0100349	0.0376773	0.213842	0.005997	0.0136217	0.0971531	0.395041
210	0.0100349	0.0418854	0.284415	0.0089955	0.0108483	0.0955673	0.321283
211	0.0100102	0.0441054	0.293443	0.0089955	0.0134317	0.0962544	0.395041
212	0.0100102	0.0475688	0.401054	0.0104948	0.014131	0.096557	0.412058
213	0.0100102	0.0451057	0.358892	0.005997	0.0131276	0.098054	0.395041
214	0.0100102	0.0420071	0.295346	0.00449775	0.0131276	0.099025	0.393983
215	0.0100102	0.0397431	0.237238	0.00449775	0.0128909	0.103158	0.395041
216	0.0100102	0.0381643	0.213842	0.00449775	0.0120916	0.108316	0.395041
217	0.0100102	0.0375954	0.212539	0.00449775	0.012009	0.113237	0.395041
218	0.0100349	0.0362118	0.209452	0.00449775	0.012009	0.122993	0.415995
219	0.0100102	0.0348937	0.190509	0.0029985	0.0110724	0.132128	0.487966
220	0.0100102	0.0332581	0.159434	0.00149925	0.0110724	0.132223	0.454263
221	0.0100102	0.0319504	0.144065	0.00149925	0.0130383	0.138251	0.565602
222	0.0100102	0.0315324	0.130867	0	0.0256114	0.145741	0.949743
223	0.0100102	0.0305502	0.115378	0	0.0265404	0.151488	0.818671
224	0.0100102	0.0300208	0.11233	0	0.0257633	0.158634	0.823433
225	0.0100102	0.0291604	0.103217	0	0.0249581	0.153947	0.871152
226	0.0100102	0.0287399	0.0985421	0	0.0272227	0.14815	1.02309
227	0.0100102	0.0283608	0.0949916	0	0.0265404	0.14604	1.02309
228	0.0100102	0.0279753	0.0921755	0	0.0265404	0.145604	1.02309
229	0.0100102	0.0277974	0.0944024	0	0.0257633	0.143174	1.02309
230	0.0100102	0.0275529	0.0921755	0	0.0277802	0.145514	1.02309
231	0.0100102	0.0275739	0.0949916	0.00149925	0.0257633	0.142354	1.02309
232	0.0100102	0.0272798	0.0949916	0	0.0176247	0.13548	0.605176
233	0.0100102	0.0270923	0.0949916	0	0.0176247	0.133219	0.605176
234	0.0100102	0.0267798	0.0944024	0	0.0176247	0.128274	0.62547
235	0.0100102	0.0264982	0.0921755	0	0.0124589	0.124742	0.45601
236	0.0100102	0.0262708	0.0904946	0	0.0135447	0.12218	0.496417
237	0.0100102	0.02625	0.0903888	0	0.0135447	0.120455	0.496417
238	0.0100102	0.026313	0.0903888	0	0.0123671	0.117018	0.441549
239	0.0100102	0.0261795	0.0886585	0	0.0123671	0.112468	0.431466
240	0.0100102	0.0258559	0.0852058	0	0.0135447	0.110153	0.4183
241	0.0100102	0.0256498	0.081824	0	0.0135447	0.110444	0.441549
242	0.0100102	0.0258943	0.0852058	0.0029985	0.0127739	0.110315	0.4183
243	0.0100158	0.0256065	0.083699	0.00149925	0.0135447	0.109204	0.412606
244	0.0100102	0.0256221	0.083699	0.0029985	0.0133052	0.106514	0.400671
245	0.0100158	0.0254482	0.083699	0.0029985	0.0135447	0.106778	0.41808
246	0.0100102	0.0255541	0.0852058	0.0029985	0.0127739	0.106329	0.400671
247	0.0100102	0.0255099	0.083699	0.0029985	0.0127739	0.105899	0.41808
248	0.0100102	0.024963	0.0798281	0	0.0127739	0.108442	0.4183
249	0.0100102	0.0253861	0.083699	0	0.0131077	0.107524	0.41808
250	0.0100158	0.0255018	0.083699	0	0.0129107	0.108197	0.400671
251	0.0100102	0.0255835	0.083699	0	0.0133052	0.107999	0.400671
252	0.0100158	0.0252814	0.083699	0	0.0133052	0.109252	0.400671
253	0.0100102	0.0254353	0.0852058	0	0.0129107	0.111804	0.41808
254	0.0100102	0.02545	0.083699	0	0.0133052	0.114475	0.415995
255	0.0100102	0.0260175	0.0867709	0	0.0133052	0.113793	0.415995
256	0.0100102	0.0261218	0.0852058	0	0.0131077	0.119416	0.446123
257	0.0100102	0.0264683	0.0904555	0	0.015167	0.12306	0.491709
258	0.0100102	0.0268993	0.0992236	0	0.0131077	0.12729	0.484292
259	0.0100102	0.0269465	0.0996919	0	0.012904	0.124269	0.442226
260	0.0100102	0.0272075	0.102057	0	0.012904	0.1238	0.441549
261	0.0100102	0.0274963	0.102057	0	0.012904	0.124928	0.436329
262	0.0100102	0.0273617	0.0996919	0	0.012904	0.12581	0.41808
263	0.0100102	0.0274569	0.0996919	0	0.012904	0.128188	0.415995
264	0.0100102	0.027443	0.0992236	0	0.012904	0.127181	0.431466
265	0.0100102	0.0279999	0.104922	0	0.0133052	0.127039	0.441549
266	0.0100102	0.0282384	0.102057	0	0.012904	0.126499	0.41808
267	0.0100102	0.0282609	0.104922	0	0.0132554	0.126959	0.436329
268	0.0100102	0.0285564	0.106506	0	0.015167	0.130201	0.500452
269	0.0100102	0.0288679	0.108887	0	0.0132554	0.132836	0.500452
270	0.0100102	0.0292934	0.11781	0	0.0144879	0.132824	0.500452
271	0.0100102	0.0293634	0.115493	0	0.0144879	0.133528	0.515289
272	0.0100102	0.0293166	0.114558	0	0.0138521	0.134391	0.515289
273	0.0100102	0.0295335	0.119703	0	0.0154402	0.133999	0.515289
274	0.0100102	0.0297281	0.119703	0	0.015167	0.128237	0.500452
275	0.0100102	0.0294221	0.114558	0	0.0162123	0.127266	0.500452
276	0.0100102	0.0296508	0.119317	0	0.0162123	0.126519	0.483845
277	0.0100102	0.0300399	0.119317	0.00149925	0.0155628	0.12685	0.491709
278	0.0100102	0.0304154	0.117662	0	0.0155628	0.127833	0.532462
279	0.0100102	0.0306597	0.119317	0	0.013362	0.12568	0.515289
280	0.0100102	0.0316372	0.130867	0	0.0132554	0.12826	0.532462
281	0.0100102	0.032514	0.141474	0	0.0173499	0.131038	0.721703
282	0.0100349	0.0330828	0.147495	0	0.0173499	0.130907	0.721703
283	0.0100102	0.0332268	0.147495	0	0.0113653	0.132517	0.468554
284	0.0100349	0.0332543	0.151365	0	0.0113653	0.134474	0.513988
285	0.0100102	0.0342689	0.163315	0	0.0113653	0.137051	0.567416
286	0.0100102	0.0347277	0.167986	0	0.0105511	0.140642	0.683029
287	0.0100102	0.0352212	0.181101	0	0.0103662	0.147942	0.781976
288	0.0100102	0.0360091	0.183177	0	0.0105511	0.168515	3.34992
289	0.0100102	0.0365495	0.185484	0.00149925	0.0105511	0.179783	3.52097
290	0.0100102	0.0379367	0.202539	0.00449775	0.0105511	0.20075	4.91246
291	0.0100102	0.0393406	0.216979	0	0.0105511	0.211474	5.82992
292	0.0100102	0.0429467	0.240812	0	0.0117014	0.235528	9.92571
293	0.0100102	0.0462593	0.277896	0.00449775	0.0113918	0.256913	11.1308
294	0.0100349	0.0491909	0.346035	0.005997	0.0110832	0.301774	14.9216
295	0.0100102	0.0537457	0.370977	0.00749625	0.0113918	0.320947	16.9695
296	0.0100349	0.060407	0.419295	0.011994	0.0116663	0.337814	21.8451
297	0.0100102	0.057032	0.402049	0.0104948	0.0116663	0.331951	21.8451
298	0.0100102	0.0538922	0.377905	0.005997	0.0132554	0.34316	35.053
299	0.0100132	0.052765	0.374035	0.005997	0.0144474	0.364408	53.3612
300	0.0100102	0.0511799	0.355351	0.005997	0.0144474	0.412088	58.6448
301	0.0100102	0.0504922	0.349701	0.005997	0.0131901	0.408306	55.3382
302	0.0100102	0.0493709	0.335185	0.00449775	0.0144474	0.445838	60.8702
303	0.0100102	0.0493591	0.335185	0.00449775	0.0129551	0.488324	64.7807
304	0.0100132	0.0487558	0.335185	0.00449775	0.0129316	0.541187	66.4987
305	0.0100349	0.0486248	0.335185	0.00449775	0.0172922	0.611258	99.8168
306	0.0100102	0.0503288	0.368939	0.005997	0.0178748	0.695093	99.8168
307	0.0100102	0.051546	0.389366	0.0104948
