		omega		Posterior		rho				Synonymous theta			kappa			phi	
Site	Lower	Point	Higher	prob of +ve	Lower	Point	Higher		Lower	Point	Higher	Lower	Point	Higher	Lower	Point	Higher
	95% HPD	estimate	95% HPD	selection	95% HPD	estimate	95% HPD		95% HPD	estimate	95% HPD	95% HPD	estimate	95% HPD	95% HPD	estimate	95% HPD
0	0.0100402	0.0696927	0.357159	0	0.0100043	0.0237563	0.0857616		0.0274682	0.0352509	0.0458525	1.60988	2.69421	5.18781	1.66512	7.83889	55.8238
1	0.0100402	0.0696313	0.357159	0	0.0100043	0.0239081	0.0857616
2	0.0100402	0.0697182	0.357159	0	0.0100043	0.0238822	0.0857616
3	0.0100402	0.0696087	0.357159	0	0.0100043	0.0241694	0.0905348
4	0.0100402	0.069509	0.357159	0	0.0100043	0.0240247	0.0905348
5	0.0100402	0.0693772	0.357073	0	0.0100043	0.0236889	0.084725
6	0.0100402	0.0692701	0.352782	0	0.0100043	0.0233188	0.0838934
7	0.0111837	0.068951	0.379271	0	0.0100043	0.0228839	0.0781715
8	0.0111837	0.0689734	0.379271	0	0.0100043	0.0228355	0.0781715
9	0.0111837	0.0688985	0.379271	0	0.010131	0.0231873	0.0838934
10	0.0111837	0.0688828	0.379271	0	0.0100094	0.0230465	0.076809
11	0.0100402	0.0685845	0.331629	0	0.0100094	0.0232346	0.0781715
12	0.0100402	0.0682212	0.331378	0	0.0100094	0.0232872	0.076809
13	0.0100402	0.0680972	0.331378	0	0.0100094	0.0233041	0.075347
14	0.0100402	0.0679149	0.331378	0	0.0100094	0.0234091	0.075347
15	0.0100402	0.0680897	0.331629	0	0.0100582	0.0229397	0.0738664
16	0.0100402	0.0682716	0.331629	0	0.0100094	0.0228111	0.0726655
17	0.0100402	0.0685548	0.331378	0	0.0100582	0.0229524	0.0738664
18	0.0100402	0.0684586	0.331378	0	0.0102277	0.0229587	0.075347
19	0.0100402	0.0685356	0.331378	0	0.0102277	0.0229722	0.075347
20	0.0100402	0.0685807	0.331378	0	0.010131	0.0233782	0.075347
21	0.0100402	0.0686844	0.331378	0	0.0100094	0.0235698	0.075347
22	0.0100402	0.0686971	0.329311	0	0.0100094	0.0236554	0.0776521
23	0.0100402	0.0686032	0.329311	0	0.0100582	0.0236652	0.075347
24	0.0100402	0.0686731	0.329311	0	0.010131	0.0234641	0.075347
25	0.0100402	0.0687094	0.329311	0	0.0100582	0.0235735	0.075347
26	0.0100402	0.0689065	0.329311	0	0.0100582	0.0237858	0.0793344
27	0.0100402	0.0690213	0.331629	0	0.0100582	0.0237879	0.0794009
28	0.0100402	0.06909	0.331629	0	0.0100582	0.0240851	0.0828762
29	0.0100402	0.06909	0.331629	0	0.0100582	0.0240791	0.0834385
30	0.0100402	0.0691103	0.331629	0	0.0100582	0.0242973	0.0839413
31	0.0100402	0.0691075	0.331629	0	0.0100643	0.0242765	0.0839413
32	0.0100402	0.0690837	0.331629	0	0.010131	0.0246625	0.0876207
33	0.0100402	0.0691517	0.331629	0	0.0100643	0.0249328	0.0876207
34	0.0111837	0.0693775	0.379271	0	0.010131	0.0252752	0.0905348
35	0.0100402	0.0693402	0.337586	0	0.010131	0.0253737	0.0905348
36	0.0100402	0.0694084	0.337586	0	0.0100643	0.0255468	0.0908166
37	0.0108447	0.0693826	0.379271	0	0.0102067	0.0262756	0.112461
38	0.0100402	0.0696468	0.352782	0	0.010131	0.0270311	0.118839
39	0.0100402	0.0687501	0.337586	0	0.010131	0.0281365	0.134879
40	0.0100402	0.0690707	0.352782	0	0.0100643	0.0317945	0.308873
41	0.0100402	0.069606	0.365368	0	0.010131	0.0326889	0.4425
42	0.0100402	0.0780677	0.451618	0.023988	0.0100643	0.0378575	0.577912
43	0.0100402	0.0721589	0.389755	0.0134933	0.0100643	0.0481551	1.10486
44	0.0100284	0.0712638	0.409279	0.011994	0.0100643	0.0661296	4.08954
45	0.0100284	0.0629406	0.389755	0.00149925	0.0102277	0.0890044	14.3073
46	0.0100284	0.0599542	0.371963	0.00449775	0.010131	0.11831	18.6995
47	0.0100284	0.0573341	0.371963	0.00449775	0.0100643	0.147152	28.0621
48	0.0100284	0.0558764	0.365368	0.00149925	0.0100643	0.173174	32.8089
49	0.0100284	0.0550992	0.365368	0.00149925	0.010131	0.187496	41.5674
50	0.0100284	0.0520371	0.318836	0.00149925	0.010131	0.198411	42.4791
51	0.0100284	0.0503994	0.294097	0.00149925	0.0100643	0.253443	46.1992
52	0.0100284	0.0494467	0.291252	0.00149925	0.010236	0.291885	47.9451
53	0.0100284	0.0489354	0.30024	0.00149925	0.010131	0.389384	47.9451
54	0.0100284	0.0485366	0.291252	0.00149925	0.0118554	0.449067	58.1758
55	0.0100284	0.0489122	0.299003	0.00149925	0.0100643	0.450677	47.9451
56	0.0100284	0.0507025	0.337586	0.0104948	0.0120061	0.539579	58.1758
57	0.0100284	0.0489495	0.301053	0.00449775	0.0118554	0.688254	55.8686
58	0.0100284	0.0467819	0.273647	0	0.0142726	0.79962	59.3837
59	0.0100284	0.0462276	0.273647	0.00449775	0.0122617	0.843461	49.7839
60	0.0100284	0.0461073	0.273647	0.005997	0.0142726	0.921457	59.3837
61	0.0100284	0.0458954	0.273647	0.005997	0.0128836	0.863548	59.3837
62	0.0100188	0.0451037	0.241025	0.00749625	0.0128836	0.731415	60.6992
63	0.0100188	0.0448171	0.248015	0.00749625	0.0122617	0.725499	58.1758
64	0.0100188	0.0445902	0.241025	0.00749625	0.0173741	0.707864	83.0316
65	0.0100188	0.0443138	0.240496	0.0089955	0.0178741	0.629086	82.3458
66	0.0100188	0.0441541	0.241025	0.0104948	0.0178741	0.603047	83.0316
67	0.0100284	0.0440522	0.240496	0.0089955	0.0168669	0.569685	83.0316
68	0.0100284	0.0428844	0.224589	0.0029985	0.0134955	0.564351	68.2428
69	0.0100284	0.0418195	0.212695	0.00149925	0.0130922	0.651943	63.0394
70	0.0100284	0.0407555	0.209808	0.00149925	0.016424	0.702483	83.0316
71	0.0100284	0.0407433	0.206043	0.0029985	0.0179389	0.746452	83.0316
72	0.0100284	0.0406415	0.209808	0.0029985	0.0132826	0.696603	68.17
73	0.0100284	0.0407834	0.210111	0.0029985	0.0132826	0.640172	60.5991
74	0.0100284	0.040056	0.209808	0	0.0132826	0.540243	63.1468
75	0.0100284	0.0392446	0.209808	0	0.0130922	0.51094	63.1468
76	0.0100284	0.0389756	0.214742	0.00149925	0.0130922	0.501318	63.1468
77	0.0100284	0.0377179	0.206043	0	0.0130922	0.455793	57.4474
78	0.0100284	0.0377425	0.206043	0	0.0130922	0.457559	52.0432
79	0.0100284	0.0368176	0.203866	0	0.0130922	0.407484	52.0432
80	0.0100284	0.0366828	0.19976	0	0.0102239	0.349782	42.4791
81	0.0100284	0.0369475	0.195321	0.00149925	0.0102239	0.325111	42.4791
82	0.0100284	0.0369633	0.195321	0.0029985	0.0102893	0.306741	42.4791
83	0.0100284	0.0366532	0.189614	0.0029985	0.0102239	0.293908	42.4791
84	0.0100284	0.0361516	0.189614	0	0.0102239	0.273057	43.5337
85	0.0100284	0.0370828	0.206043	0	0.0105509	0.298188	45.4234
86	0.0100284	0.0375287	0.2128	0.00149925	0.0105509	0.292948	46.1992
87	0.0100284	0.0373155	0.228788	0.00149925	0.0105509	0.274512	47.9451
88	0.0100284	0.0371606	0.228788	0	0.0105509	0.259756	47.9451
89	0.0100284	0.0370961	0.213708	0	0.0105509	0.253276	47.9451
90	0.0100284	0.036359	0.209808	0	0.0105509	0.240834	48.1406
91	0.0100284	0.0357311	0.206043	0	0.0105509	0.240782	48.8876
92	0.0100284	0.0351486	0.189614	0	0.0102893	0.217888	45.4234
93	0.0100284	0.0347941	0.195161	0	0.0101149	0.218501	45.4234
94	0.0100196	0.0346096	0.189614	0	0.0102893	0.233808	45.4234
95	0.0100196	0.0346328	0.188176	0	0.0101149	0.258516	45.4234
96	0.0100196	0.0347789	0.189614	0.00149925	0.0101149	0.262974	45.4234
97	0.0100284	0.0341563	0.188176	0.00149925	0.0101149	0.275388	45.4234
98	0.0100196	0.0331681	0.17074	0	0.0102893	0.276038	45.4234
99	0.0100196	0.0328295	0.169873	0	0.0100378	0.271908	40.7601
100	0.0100284	0.032319	0.169873	0	0.0101149	0.299447	45.4234
101	0.0100196	0.0321102	0.16641	0	0.0100378	0.346667	50.1771
102	0.0100284	0.0321461	0.165597	0	0.0100378	0.375656	52.5067
103	0.0100284	0.0320251	0.165597	0	0.0100378	0.37713	49.139
104	0.0100196	0.0322779	0.169601	0.0029985	0.0100378	0.423052	49.139
105	0.0100196	0.0332379	0.173506	0.005997	0.0106624	0.416847	55.8625
106	0.0100196	0.0329821	0.173506	0.005997	0.0133284	0.426984	68.3822
107	0.0100284	0.0323015	0.17074	0.00149925	0.0133284	0.376011	68.3822
108	0.0100196	0.0318368	0.158234	0	0.0139198	0.341981	68.3822
109	0.0100284	0.0324923	0.164325	0	0.0100378	0.313053	43.2445
110	0.010035	0.0325697	0.165818	0	0.0100378	0.295401	41.6036
111	0.010035	0.0322584	0.164325	0	0.0139198	0.297915	55.8625
112	0.010035	0.032319	0.17074	0	0.0106114	0.248809	41.6036
113	0.010035	0.0322182	0.17074	0	0.0107551	0.249515	40.7601
114	0.010035	0.0311574	0.170682	0	0.0138814	0.259063	43.2445
115	0.010035	0.0309337	0.17074	0	0.0130869	0.279768	41.6036
116	0.010035	0.0310992	0.177524	0.00149925	0.0130869	0.280495	41.6036
117	0.010035	0.0305294	0.173506	0	0.0114189	0.27787	40.7601
118	0.010035	0.0297401	0.158234	0	0.0114039	0.264372	40.7601
119	0.010035	0.029626	0.143204	0	0.0113516	0.23893	40.7601
120	0.010035	0.029988	0.164868	0.00149925	0.0111269	0.228001	39.589
121	0.010035	0.0303918	0.173506	0.0029985	0.0100338	0.217443	28.0125
122	0.010035	0.0316309	0.196391	0.011994	0.0100338	0.173953	18.5861
123	0.010035	0.0314063	0.196391	0.011994	0.0100338	0.138587	23.8578
124	0.010035	0.0308867	0.188496	0.0104948	0.0100338	0.122575	16.0947
125	0.010035	0.0292874	0.148852	0.0029985	0.0100338	0.104756	13.3398
126	0.010035	0.0289764	0.137017	0	0.0100338	0.0856349	6.93787
127	0.010035	0.0291373	0.137017	0	0.0100338	0.0690887	1.16295
128	0.010035	0.0290428	0.134173	0	0.0100338	0.0617116	0.69941
129	0.010035	0.0291286	0.135998	0	0.0100338	0.0599074	0.541446
130	0.010035	0.0289482	0.137017	0	0.0100378	0.0600843	0.541446
131	0.010035	0.0288079	0.137017	0	0.0100378	0.0606082	0.541446
132	0.010035	0.029118	0.139309	0	0.0102805	0.059949	0.541446
133	0.010011	0.0291946	0.137017	0	0.0100378	0.0613722	0.564847
134	0.010035	0.0288645	0.135998	0	0.0100378	0.0619631	0.541446
135	0.010011	0.0288804	0.136537	0	0.0100378	0.0632041	0.541446
136	0.010011	0.0287957	0.135998	0.0029985	0.0100378	0.0635329	0.653557
137	0.010011	0.0288945	0.135998	0.0029985	0.010103	0.0607499	0.541446
138	0.010011	0.0291643	0.139309	0.0029985	0.0101316	0.0594218	0.541446
139	0.010011	0.0290549	0.144003	0.0029985	0.0100378	0.0609783	0.578421
140	0.010011	0.0285806	0.136537	0.0029985	0.0100378	0.0616631	0.531134
141	0.010035	0.0279055	0.132918	0.0029985	0.0100378	0.0617089	0.513627
142	0.010011	0.0275377	0.129863	0.0029985	0.0100378	0.0625761	0.538256
143	0.010011	0.0272776	0.124327	0	0.0111269	0.065892	0.780113
144	0.010035	0.0269576	0.117949	0	0.0101316	0.0662966	0.566795
145	0.010011	0.0267343	0.113086	0	0.0101316	0.0675261	0.57454
146	0.010035	0.0266275	0.113086	0	0.0106114	0.0672004	0.578421
147	0.010035	0.026473	0.113086	0	0.0111269	0.0671971	0.578421
148	0.010035	0.0267632	0.113086	0.0029985	0.0106114	0.0674461	0.578421
149	0.010011	0.0266233	0.113086	0.00149925	0.0111269	0.0658682	0.578421
150	0.010035	0.026472	0.113086	0	0.0101316	0.0614124	0.394299
151	0.010011	0.0259428	0.102027	0	0.0101316	0.0602439	0.36336
152	0.010011	0.0258536	0.0978537	0	0.0101316	0.059218	0.404749
153	0.010011	0.0259443	0.0982533	0	0.0101316	0.0598529	0.631146
154	0.010011	0.0260896	0.0982533	0	0.0101316	0.0547877	0.328207
155	0.010011	0.0262006	0.102027	0	0.0101316	0.0507122	0.256542
156	0.010011	0.026541	0.102027	0	0.0111269	0.0483242	0.23734
157	0.010011	0.0265069	0.102027	0	0.0106114	0.0491112	0.235645
158	0.010011	0.0268491	0.110563	0.0029985	0.0109442	0.0487492	0.235645
159	0.010011	0.0270868	0.113945	0.0029985	0.0109442	0.0477875	0.227572
160	0.010011	0.0272995	0.113945	0	0.0109442	0.0467815	0.227572
161	0.0101526	0.0275754	0.117949	0	0.0109442	0.0462624	0.223182
162	0.010011	0.0275766	0.107386	0	0.0111269	0.0448139	0.222227
163	0.010011	0.0274709	0.107386	0	0.0100214	0.0439173	0.20122
164	0.010011	0.0273805	0.110563	0	0.0100214	0.0433791	0.199404
165	0.010011	0.0266489	0.0999188	0	0.0111269	0.0439271	0.235645
166	0.010011	0.0271613	0.105822	0	0.0109442	0.0442115	0.235645
167	0.010011	0.0273589	0.105468	0	0.0107301	0.0448107	0.239918
168	0.0100598	0.0277383	0.107386	0.00149925	0.010536	0.0438534	0.227572
169	0.0100598	0.0276951	0.107386	0.00149925	0.0106114	0.0451927	0.235645
170	0.0100598	0.0275645	0.107386	0.00149925	0.0106114	0.0460394	0.235645
171	0.010011	0.0273937	0.105468	0.00149925	0.0106114	0.0478469	0.239918
172	0.010011	0.0274334	0.105468	0.00149925	0.0100214	0.0487655	0.235645
173	0.010035	0.0276524	0.107386	0	0.0100214	0.0501111	0.239918
174	0.010011	0.0274151	0.105822	0	0.0111428	0.0504659	0.288036
175	0.010011	0.0279538	0.110563	0	0.0106114	0.0536229	0.297106
176	0.010011	0.0282325	0.119904	0	0.0100214	0.0550166	0.297106
177	0.010011	0.0287482	0.130788	0	0.0106114	0.0612414	0.378092
178	0.010011	0.0294505	0.146815	0	0.010536	0.0682655	0.400899
179	0.010011	0.0289893	0.136537	0	0.0100214	0.0729761	0.607203
180	0.010011	0.028794	0.126862	0	0.0100214	0.0753989	0.929778
181	0.010011	0.0288456	0.133531	0	0.0100214	0.0792913	3.89186
182	0.0100598	0.0287237	0.126862	0	0.010536	0.0852795	5.49664
183	0.010011	0.0286076	0.122046	0	0.0100214	0.086826	4.51278
184	0.0101526	0.0287399	0.126862	0	0.0100214	0.08862	4.51278
185	0.010011	0.0289331	0.126862	0	0.0100214	0.0889192	5.04743
186	0.010011	0.029436	0.142172	0	0.0100214	0.089687	5.04743
187	0.010011	0.0295813	0.143401	0.0029985	0.0106114	0.092128	5.04743
188	0.0101526	0.0295609	0.142172	0.0029985	0.0106617	0.0920523	3.89186
189	0.0101526	0.0296227	0.142172	0.0029985	0.0106617	0.103305	4.51278
190	0.0100598	0.0301793	0.143401	0.00449775	0.0106617	0.1068	6.20774
191	0.0101526	0.0306542	0.159406	0.005997	0.0106617	0.11465	8.58088
192	0.0100598	0.0313799	0.176502	0.0089955	0.0106617	0.11432	8.58088
193	0.0100025	0.0305361	0.157062	0.005997	0.0104258	0.115416	8.46255
194	0.0100025	0.0309363	0.157062	0.005997	0.0106617	0.117667	8.58088
195	0.0100025	0.0303767	0.143401	0.00449775	0.0106617	0.120957	8.58088
196	0.0100025	0.0304915	0.143401	0.00449775	0.0112223	0.124202	8.58088
197	0.0100025	0.0308444	0.15586	0.00449775	0.0112223	0.123668	8.58088
198	0.0100744	0.0300652	0.142172	0.00449775	0.0104258	0.115862	5.18576
199	0.0100025	0.0304941	0.143401	0.00449775	0.0112223	0.122283	5.98424
200	0.0100025	0.0305335	0.143401	0.00449775	0.0112223	0.129484	5.6661
201	0.0100025	0.0310642	0.150914	0.0029985	0.011336	0.130868	5.6661
202	0.0100025	0.030566	0.143401	0	0.011336	0.125323	5.6661
203	0.0100025	0.0304566	0.143401	0	0.011336	0.118938	4.10731
204	0.0101108	0.0304466	0.142596	0	0.010349	0.110161	1.74883
205	0.0100025	0.0316204	0.15586	0.005997	0.0102952	0.105948	1.12008
206	0.0101108	0.0320945	0.159706	0.00449775	0.0102952	0.10479	1.0951
207	0.0101526	0.0321853	0.159706	0.0029985	0.0102952	0.101411	0.677391
208	0.0101526	0.0322306	0.159406	0.00149925	0.0102952	0.0998111	0.562945
209	0.0101108	0.0317961	0.146819	0.00149925	0.0102952	0.102624	0.677391
210	0.0101108	0.0314714	0.146819	0.00149925	0.0102952	0.103225	0.677955
211	0.0101526	0.0312842	0.144543	0.00149925	0.0102952	0.105127	0.677391
212	0.01015	0.0306189	0.142172	0.00149925	0.0102952	0.106909	0.677955
213	0.01015	0.0305863	0.142172	0	0.0102952	0.109947	0.614697
214	0.01015	0.0309025	0.142596	0.00149925	0.010349	0.117851	0.937652
215	0.0101108	0.0309111	0.142596	0.00149925	0.011336	0.110985	0.677955
216	0.01015	0.0305281	0.144543	0	0.011336	0.120991	0.82474
217	0.01015	0.0304143	0.144543	0	0.011336	0.121911	0.939611
218	0.0101108	0.0304219	0.146185	0.00149925	0.0120329	0.126336	1.25587
219	0.0101108	0.0301583	0.146185	0.00149925	0.0118536	0.124505	1.21719
220	0.0100124	0.0304313	0.148731	0.0029985	0.0116329	0.126712	1.0871
221	0.0101108	0.0305987	0.159706	0.00149925	0.0116329	0.118086	1.06888
222	0.0100124	0.0304576	0.165295	0.00149925	0.0118536	0.112322	1.06888
223	0.0101108	0.0301906	0.167791	0	0.0103307	0.102055	0.82474
224	0.0101108	0.030212	0.167791	0	0.0103307	0.10045	1.06888
225	0.0101108	0.03013	0.167791	0	0.0103307	0.0999131	1.06888
226	0.0100124	0.0308901	0.19427	0	0.0112796	0.101251	1.34828
227	0.0101108	0.0316065	0.209742	0	0.0103307	0.0966311	1.06888
228	0.01015	0.0312275	0.209742	0	0.0115758	0.0966157	1.25587
229	0.0100124	0.0315138	0.209742	0	0.0113237	0.0939861	1.25587
230	0.0101108	0.0315406	0.209742	0	0.0113237	0.0895759	1.25587
231	0.0101108	0.0311829	0.207114	0	0.0103307	0.0930221	1.38566
232	0.0100124	0.0307621	0.19427	0	0.0103307	0.0923486	1.25587
233	0.0100124	0.0298031	0.167791	0	0.0103307	0.0942531	1.25587
234	0.0100124	0.0302366	0.188482	0	0.0101777	0.0945554	1.25587
235	0.0100124	0.0299456	0.170998	0	0.0103307	0.093427	1.25587
236	0.0100124	0.030056	0.159638	0	0.0103307	0.0925227	1.25587
237	0.0101108	0.0315346	0.19427	0.005997	0.0103307	0.0927597	1.25587
238	0.0101108	0.0305828	0.188482	0.00149925	0.0103307	0.097474	1.25587
239	0.0100124	0.0295522	0.159638	0	0.0103307	0.0989122	1.52691
240	0.0100124	0.0285639	0.148731	0	0.0101777	0.107396	4.52567
241	0.01015	0.0289422	0.159638	0.0029985	0.0100797	0.108519	1.76206
242	0.0100124	0.0286457	0.156092	0	0.0100797	0.0955375	0.483185
243	0.0101108	0.0291315	0.159638	0	0.0100797	0.0889277	0.417265
244	0.01015	0.0284462	0.142172	0	0.0101309	0.0872782	0.399029
245	0.01015	0.0284869	0.142172	0	0.0101309	0.0917329	0.4599
246	0.0101108	0.0286271	0.142596	0	0.0103307	0.0984369	0.645577
247	0.01015	0.0283849	0.142596	0	0.0101309	0.100737	0.677391
248	0.0100124	0.0281959	0.137588	0	0.0113237	0.102558	0.805635
249	0.0100124	0.0283996	0.136233	0	0.0113237	0.104635	0.807135
250	0.01015	0.0288273	0.142596	0	0.0113237	0.112242	0.807135
251	0.0100124	0.0293162	0.142596	0.00149925	0.0113237	0.11461	0.821899
252	0.0101108	0.0291373	0.142596	0.00149925	0.0110116	0.120443	0.821899
253	0.0100124	0.0293209	0.142596	0	0.0113237	0.131821	0.898972
254	0.0101108	0.029401	0.147134	0	0.0103307	0.15089	0.898972
255	0.0101108	0.0293513	0.147134	0	0.0255883	0.17739	2.02329
256	0.0100124	0.0292731	0.14598	0	0.0355236	0.1887	1.79595
257	0.0100124	0.0294081	0.148731	0	0.0359026	0.197726	1.35212
258	0.0100124	0.0295506	0.148731	0	0.0355236	0.19147	0.993974
259	0.0101108	0.0298723	0.156092	0	0.0359026	0.189431	0.993974
260	0.0101108	0.0293312	0.14328	0	0.0344966	0.178554	0.884352
261	0.0101108	0.0290475	0.14079	0	0.0344966	0.1752	0.961615
262	0.0100124	0.0288564	0.136233	0	0.0356218	0.183789	0.680565
263	0.0100124	0.0289023	0.132542	0	0.0375519	0.186945	0.680565
264	0.0100124	0.0291665	0.132542	0	0.0376595	0.184244	0.680565
265	0.0101108	0.0292735	0.132542	0	0.0375519	0.183555	0.680565
266	0.0101108	0.0291871	0.132542	0	0.0375519	0.185437	0.696633
267	0.0100124	0.0292755	0.132542	0	0.0378222	0.18334	0.680565
268	0.0100124	0.0286635	0.12187	0	0.0390449	0.182151	0.696633
269	0.0100124	0.0283517	0.117288	0	0.0408405	0.179333	0.696633
270	0.0100124	0.0286067	0.117288	0	0.0376595	0.182462	0.696633
271	0.0100124	0.0284359	0.117288	0	0.0355236	0.166754	0.731534
272	0.0100124	0.0284588	0.117288	0	0.0327548	0.162104	0.731534
273	0.0100124	0.0284861	0.122467	0	0.0302568	0.158112	0.696633
274	0.0101108	0.0275025	0.108558	0	0.0298816	0.154315	0.724614
275	0.0101526	0.0272382	0.108558	0	0.0244086	0.151999	0.731534
276	0.0100124	0.0275176	0.108558	0	0.022377	0.149411	0.731534
277	0.0101108	0.0273498	0.108609	0	0.014204	0.139754	0.644778
278	0.0101108	0.0271807	0.108609	0.0029985	0.0101551	0.136441	0.586044
279	0.0101108	0.0271406	0.108609	0.00449775	0.0104426	0.122492	0.465399
280	0.0100124	0.0274632	0.110699	0.00449775	0.014204	0.11506	0.604942
281	0.0100124	0.0273402	0.110699	0.00449775	0.014204	0.114467	0.604942
282	0.0101108	0.0277709	0.112935	0.00449775	0.014204	0.11201	0.546806
283	0.0101108	0.0278446	0.112935	0.00749625	0.0117425	0.107409	0.473699
284	0.0101108	0.0275327	0.116514	0.005997	0.0108902	0.104982	0.429375
285	0.0101108	0.0278131	0.12187	0.00449775	0.0110144	0.100726	0.429375
286	0.0102191	0.0284312	0.129811	0.0029985	0.0113419	0.098585	0.427456
287	0.0101184	0.0279699	0.128658	0	0.0104426	0.0984487	0.419123
288	0.0101999	0.0275594	0.128658	0	0.0108902	0.0961824	0.427456
289	0.0101184	0.0277039	0.131731	0.0029985	0.0113419	0.0962747	0.427456
290	0.0101108	0.0280415	0.132801	0.0029985	0.0108902	0.0998283	0.427456
291	0.0101184	0.0283821	0.139841	0.0029985	0.0112477	0.103948	0.436496
292	0.0101108	0.028172	0.135521	0.0029985	0.0128391	0.0954817	0.424288
293	0.0101108	0.0276587	0.130487	0	0.0128391	0.0963213	0.422701
294	0.0101108	0.0277481	0.128658	0.0029985	0.0128391	0.095536	0.422701
295	0.0101108	0.027866	0.130487	0	0.013659	0.0924267	0.436496
296	0.0101108	0.0281856	0.130487	0	0.013659	0.0906777	0.422701
297	0.0101108	0.0283406	0.132542	0	0.0112477	0.0901275	0.35702
298	0.0101336	0.0290924	0.152393	0	0.0112477	0.0894844	0.349826
299	0.0101336	0.0298184	0.153397	0	0.0143031	0.0885927	0.422701
300	0.0101184	0.0294327	0.152393	0	0.0112477	0.0856181	0.313858
301	0.0101336	0.0290772	0.152393	0	0.0112477	0.0841229	0.31686
302	0.0101108	0.0286	0.144631	0	0.0113419	0.0819239	0.31341
303	0.0101108	0.0300607	0.154853	0.00449775	0.0121553	0.0807336	0.31686
304	0.0101108	0.0302867	0.168867	0.00449775	0.0121553	0.0809915	0.31686
305	0.0101108	0.0285998	0.139841	0	0.0128061	0.0792233	0.323633
306	0.0101184	0.0284112	0.139841	0	0.0121553	0.077888	0.313858
307	0.0101184	0.0286152	0.139841	0	0.0121553	0.0760005	0.322467
308	0.0101184	0.0288312	0.139841	0	0.0112477	0.0760435	0.31686
309	0.0101184	0.028678	0.139841	0	0.0112477	0.0764219	0.31686
310	0.0101108	0.0285818	0.14199	0	0.0121553	0.0745677	0.322467
311	0.0103521	0.0286093	0.156437	0	0.012124	0.0727981	0.310342
312	0.0101108	0.0280467	0.14199	0	0.0127296	0.0711917	0.313858
313	0.0102311	0.0275022	0.139841	0	0.0130426	0.0708885	0.313858
314	0.0101184	0.0283339	0.139841	0	0.0128391	0.0703408	0.316693
315	0.0102311	0.0284733	0.139841	0	0.0111149	0.0658933	0.232732
316	0.010295	0.0280932	0.139841	0	0.0112477	0.0647977	0.232732
317	0.0102311	0.0280339	0.139841	0.00149925	0.0156563	0.0636598	0.310342
318	0.0102719	0.0276513	0.139841	0.00149925	0.0156563	0.0630697	0.310342
319	0.0101184	0.0278346	0.139841	0.00149925	0.0143031	0.0624276	0.310342
320	0.0101108	0.0282311	0.151578	0.0029985	0.0114185	0.0612666	0.253805
321	0.0101108	0.0280603	0.139841	0.00149925	0.0107341	0.0603066	0.238338
322	0.0101108	0.0282996	0.15343	0.00149925	0.0103381	0.0614535	0.272715
323	0.0101108	0.0285436	0.160337	0.00149925	0.0103381	0.0593852	0.232732
324	0.0101108	0.0284219	0.160337	0.00149925	0.0103381	0.0584946	0.224357
325	0.0100758	0.0286014	0.160337	0.00149925	0.0103381	0.0593493	0.225932
326	0.0101108	0.0291844	0.171274	0.00149925	0.0111149	0.0584204	0.232732
327	0.0101108	0.0295672	0.174484	0	0.0113419	0.0566988	0.232732
328	0.0100758	0.0296686	0.171274	0	0.0113419	0.0577149	0.234531
329	0.0100758	0.0295399	0.1796	0	0.011417	0.0569772	0.234531
330	0.0100758	0.0307849	0.205086	0.00749625	0.0103381	0.057491	0.215479
331	0.0100758	0.0310423	0.205086	0.0149925	0.0103381	0.0581768	0.220735
332	0.0101108	0.0293703	0.174021	0.0029985	0.0103381	0.0577402	0.214009
333	0.0101108	0.0293885	0.165349	0	0.0103381	0.0586362	0.218249
334	0.0101108	0.0299829	0.181906	0.0029985	0.0103381	0.0587426	0.220735
335	0.0101108	0.0293486	0.168867	0	0.0103381	0.0581403	0.218249
336	0.0101108	0.0295216	0.1796	0.00149925	0.0103381	0.0556289	0.204407
337	0.0101108	0.0285475	0.165349	0	0.0103381	0.0546983	0.202211
338	0.0101108	0.028243	0.165349	0.00449775	0.0103381	0.0549651	0.202211
339	0.0101778	0.0280122	0.166105	0.005997	0.0103381	0.0554165	0.204407
340	0.0101108	0.0282524	0.166105	0.0089955	0.0103381	0.0562423	0.231866
341	0.0101108	0.0285848	0.1796	0.011994	0.0103381	0.0550044	0.218249
342	0.0101108	0.028349	0.165349	0.011994	0.0103381	0.0522127	0.198629
343	0.0101108	0.0288897	0.166105	0.011994	0.0103381	0.0501674	0.179626
344	0.0101108	0.0294557	0.1796	0.0149925	0.0103381	0.0490122	0.177423
345	0.0101108	0.029205	0.166105	0.005997	0.0103381	0.0485155	0.177423
346	0.0101108	0.0291925	0.166105	0.00449775	0.0103381	0.0461287	0.160214
347	0.0101108	0.0295101	0.167572	0.00749625	0.0103381	0.0453222	0.157553
348	0.0101108	0.0289445	0.144393	0.00749625	0.0103381	0.0448234	0.157553
349	0.0101108	0.0280473	0.133427	0.00449775	0.0101098	0.0456212	0.159316
350	0.0101108	0.0278463	0.123448	0.00449775	0.0103409	0.0456567	0.164452
351	0.0101108	0.0271062	0.118375	0.00149925	0.0103381	0.0443846	0.157553
352	0.0101108	0.0271694	0.114368	0.00149925	0.0103409	0.0437325	0.149445
353	0.0100313	0.0274597	0.112336	0.00149925	0.0103409	0.0428151	0.147086
354	0.0100313	0.0274219	0.118375	0	0.0105105	0.0417062	0.138393
355	0.0100313	0.0277849	0.121389	0	0.0105105	0.0410829	0.138393
356	0.0101108	0.0280717	0.135767	0	0.0103409	0.0408612	0.137413
357	0.0101773	0.0278287	0.136238	0	0.0103409	0.0406189	0.137413
358	0.0100313	0.0273449	0.121389	0	0.0103409	0.0401014	0.134913
359	0.0101773	0.0274162	0.121389	0	0.0103409	0.0408285	0.137413
360	0.0101778	0.027545	0.121389	0.00149925	0.0103409	0.0404387	0.133847
361	0.0100313	0.0274869	0.11381	0.0029985	0.0103409	0.040141	0.13179
362	0.0100313	0.0283804	0.121389	0.00749625	0.0103409	0.0398153	0.134913
363	0.0101184	0.0272718	0.112336	0.0029985	0.0103789	0.0398119	0.135246
364	0.0100313	0.0265485	0.108554	0	0.0103409	0.0392959	0.134913
365	0.0101184	0.0265236	0.108554	0	0.0100222	0.0385132	0.127429
366	0.0100313	0.0267641	0.108554	0	0.0102627	0.0385336	0.13179
367	0.0101184	0.0276512	0.11381	0	0.0102627	0.0381436	0.13179
368	0.0101184	0.0273688	0.112336	0	0.0100222	0.0382814	0.134913
369	0.0101184	0.0274995	0.112336	0	0.0100222	0.0381783	0.134913
370	0.0101184	0.0276712	0.112336	0	0.0100222	0.0377213	0.13179
371	0.0101184	0.0275059	0.111014	0	0.0100222	0.0374081	0.153231
372	0.0100313	0.0275371	0.108554	0	0.0100222	0.0363591	0.122097
373	0.0100313	0.0278075	0.108554	0	0.0102627	0.0356747	0.122097
374	0.0100159	0.0278391	0.107989	0	0.0100248	0.0354309	0.113632
375	0.0100159	0.0280062	0.107989	0	0.0103407	0.0359122	0.113632
376	0.0100159	0.0279109	0.111014	0	0.0103407	0.0353403	0.113597
377	0.0100159	0.0280904	0.118375	0	0.0100222	0.034433	0.106356
378	0.0101184	0.0280922	0.122043	0	0.01022	0.0339364	0.10663
379	0.0100159	0.028442	0.123814	0	0.01022	0.0339936	0.10663
380	0.0101184	0.0281603	0.122043	0	0.0100222	0.034028	0.106356
381	0.0100159	0.0282819	0.12483	0	0.0100222	0.0337037	0.106356
382	0.0100159	0.0288182	0.129103	0.00149925	0.0100222	0.0334561	0.106356
383	0.0101773	0.0295513	0.138398	0.0029985	0.0100222	0.0336391	0.107822
384	0.0100159	0.0289934	0.129103	0	0.0100222	0.0337459	0.107822
385	0.0100159	0.0286136	0.129103	0	0.0100222	0.0334243	0.107822
386	0.0100159	0.0283122	0.129103	0	0.0100222	0.032784	0.106356
387	0.0100159	0.0277801	0.122043	0	0.0100222	0.0328772	0.106356
388	0.0100159	0.0276612	0.122043	0	0.0100222	0.0332477	0.10663
389	0.0101184	0.0273327	0.122043	0.00149925	0.0102627	0.0334076	0.110039
390	0.0100159	0.0271019	0.11325	0	0.0102627	0.0335557	0.110039
391	0.0100159	0.0272811	0.111014	0	0.0102627	0.0338593	0.111229
392	0.0100159	0.028241	0.121389	0.00149925	0.0102627	0.0341664	0.112706
393	0.0100159	0.0275576	0.118375	0.00149925	0.0100222	0.034996	0.113003
394	0.0100159	0.0275633	0.118375	0.00149925	0.0100222	0.0351123	0.113597
395	0.0100159	0.0273551	0.11325	0	0.0100248	0.0358391	0.122097
396	0.0100159	0.0272191	0.114613	0	0.0100248	0.0377548	0.176642
397	0.0100159	0.0275865	0.121734	0	0.0100248	0.0386938	0.186971
398	0.0100159	0.0278083	0.121734	0	0.0102627	0.0383224	0.186971
399	0.0100159	0.0276205	0.121734	0	0.0103407	0.0384612	0.186971
400	0.0100159	0.0274378	0.121389	0	0.0102627	0.0392347	0.186971
401	0.0100313	0.0280048	0.135767	0	0.0100248	0.0414336	0.217779
402	0.0100159	0.0276205	0.135767	0	0.0102627	0.0471685	0.438203
403	0.0100159	0.0285891	0.14334	0	0.0100287	0.0482616	0.438203
404	0.0101773	0.0287783	0.14334	0	0.0100248	0.0484296	0.478754
405	0.0101773	0.0294606	0.151865	0	0.0100287	0.0479144	0.478754
406	0.0100159	0.0293933	0.144187	0	0.0100248	0.0500313	0.709026
407	0.0100159	0.02922	0.14334	0	0.0100287	0.0515326	0.816571
408	0.0100159	0.0289935	0.144187	0	0.0100248	0.0502948	0.709026
409	0.0101773	0.0284392	0.144187	0	0.0103407	0.0497462	0.546918
410	0.0101773	0.028547	0.144187	0.00149925	0.0100248	0.0477648	0.386145
411	0.0100313	0.0282711	0.14334	0	0.0100248	0.0467299	0.386145
412	0.0100159	0.0280499	0.137444	0.00149925	0.0100248	0.0466058	0.386145
413	0.0100159	0.0280609	0.136682	0.00149925	0.0100287	0.044778	0.342647
414	0.0100159	0.0279886	0.136682	0.00149925	0.0100287	0.0432706	0.320956
415	0.0100159	0.0283245	0.137444	0.00149925	0.0103407	0.0489118	0.364819
416	0.0100159	0.0282431	0.136682	0.00149925	0.0103407	0.054265	0.436832
417	0.0100159	0.0281422	0.137444	0.00149925	0.0103407	0.0587575	0.816571
418	0.0100159	0.0276692	0.133486	0.00149925	0.0103407	0.0580003	0.741715
419	0.0100313	0.0278249	0.136682	0.00149925	0.0103407	0.0553682	0.604204
420	0.0100159	0.0279222	0.137783	0	0.0103407	0.0540803	0.604204
421	0.0100313	0.0276758	0.136682	0	0.0103407	0.0546651	0.427056
422	0.0100628	0.027628	0.136682	0	0.0103407	0.0550718	0.558949
423	0.0100628	0.0275299	0.136682	0	0.0103407	0.0533533	0.548704
424	0.0100313	0.0271707	0.1301	0	0.0103407	0.0526567	0.468166
425	0.0101438	0.0274873	0.144187	0	0.0103407	0.0549744	0.493081
426	0.010069	0.0277477	0.146544	0	0.0103407	0.0555496	0.46331
427	0.010069	0.0276915	0.146544	0	0.0103407	0.0542834	0.42708
428	0.010069	0.0277537	0.146544	0	0.0103056	0.0545835	0.42708
429	0.0100313	0.0273152	0.136929	0	0.0106406	0.0536278	0.42708
430	0.0100313	0.0273141	0.136929	0	0.0103056	0.0541103	0.42708
431	0.0100313	0.0281184	0.146544	0.00149925	0.0105292	0.0604984	0.702438
432	0.0100313	0.0270965	0.1301	0	0.0103056	0.0590725	0.623873
433	0.0100313	0.0272539	0.1301	0.0029985	0.0103056	0.0549201	0.530328
434	0.0101438	0.028332	0.146827	0.0029985	0.0105292	0.0464231	0.375332
435	0.0100313	0.028628	0.149861	0.0029985	0.0107944	0.0415423	0.270834
436	0.0101359	0.0283745	0.151865	0.0029985	0.0103056	0.0411656	0.243367
437	0.0101359	0.0277614	0.149861	0.0029985	0.0102165	0.0406972	0.221577
438	0.0100313	0.0274916	0.144187	0.0029985	0.0105292	0.0390471	0.199663
439	0.0101359	0.0271303	0.137156	0	0.0100403	0.0382841	0.186675
440	0.0100313	0.0277115	0.137566	0	0.0100403	0.0379407	0.186675
441	0.0101359	0.0281065	0.146544	0	0.0100403	0.0375259	0.184454
442	0.0100313	0.0280937	0.137566	0	0.0105488	0.0374103	0.199663
443	0.0101359	0.0274749	0.136929	0	0.0105488	0.0371715	0.199663
444	0.0100313	0.0278971	0.13562	0	0.0100403	0.0371413	0.184454
445	0.0101359	0.0279556	0.137566	0	0.0105488	0.0363615	0.165744
446	0.0100996	0.0280411	0.137566	0	0.0105488	0.036807	0.165744
447	0.0100996	0.0279687	0.137566	0	0.0100403	0.038212	0.181985
448	0.0100313	0.0280319	0.137566	0	0.0105488	0.0365851	0.162697
449	0.0100996	0.027793	0.137566	0	0.0100595	0.0367545	0.162608
450	0.0100313	0.0277537	0.13562	0	0.0100595	0.0371286	0.19043
451	0.0100313	0.0276607	0.13562	0	0.0106406	0.0372652	0.207312
452	0.0100313	0.0274771	0.133984	0	0.010205	0.0372949	0.188783
453	0.0100996	0.0280215	0.146544	0	0.0100595	0.0395004	0.207678
454	0.0100996	0.0280474	0.146544	0	0.0100595	0.0424593	0.260932
455	0.0100996	0.0279748	0.146544	0	0.0100595	0.0480922	0.580163
456	0.0100313	0.0280384	0.146544	0	0.0100595	0.0501662	0.580163
457	0.0100996	0.0281698	0.149749	0	0.0100595	0.0497364	0.415863
458	0.0100996	0.02826	0.149749	0	0.010205	0.0506552	0.605652
459	0.010108	0.0279577	0.146544	0	0.010205	0.0457273	0.364049
460	0.0100996	0.0276393	0.137156	0	0.010205	0.0434787	0.33434
461	0.0100996	0.027415	0.136988	0	0.0106406	0.0448385	0.415863
462	0.0100996	0.027863	0.137566	0	0.010205	0.0449861	0.415863
463	0.0100527	0.0278679	0.137566	0	0.0107343	0.0441136	0.415863
464	0.0100527	0.0277219	0.137566	0	0.0107343	0.0444779	0.415863
465	0.0100527	0.0275647	0.13562	0	0.0101461	0.0473738	0.415863
466	0.0100527	0.0271769	0.118414	0	0.0101461	0.0435382	0.338744
467	0.0100527	0.0272587	0.118414	0	0.0101461	0.043417	0.30007
468	0.0100527	0.0265638	0.114749	0	0.0101461	0.0438983	0.33434
469	0.0100527	0.0265287	0.113676	0	0.0100963	0.0440936	0.325502
470	0.0100527	0.0265084	0.114749	0.00149925	0.0100963	0.0452131	0.374535
471	0.0100527	0.02609	0.112009	0.00149925	0.0101461	0.0480872	0.413468
472	0.0100527	0.0259321	0.113676	0.00149925	0.0100963	0.0480038	0.401442
473	0.0101359	0.0264483	0.118414	0.00149925	0.0105635	0.0520672	0.566106
474	0.0100527	0.0269671	0.161761	0.00149925	0.0107128	0.0594237	1.11515
475	0.0100209	0.0277181	0.165966	0.0089955	0.0105635	0.0811175	36.2164
476	0.0100527	0.0264928	0.118702	0	0.0105635	0.0909645	36.2164
477	0.010108	0.026139	0.118702	0	0.0103211	0.105043	40.5396
478	0.0100527	0.0269988	0.161761	0	0.0105635	0.0988208	32.0599
479	0.0100527	0.0265882	0.118702	0	0.0103211	0.0979255	29.3128
480	0.0100527	0.026723	0.141077	0	0.0100931	0.0991893	29.3128
481	0.0100527	0.0268553	0.141077	0	0.0100931	0.102294	29.3128
482	0.0100527	0.027045	0.161761	0	0.0100807	0.103435	35.4102
483	0.0100527	0.0269413	0.164155	0	0.0100807	0.105113	31.9669
484	0.0100527	0.0270057	0.165966	0	0.0100807	0.107314	35.3116
485	0.0100527	0.0268126	0.165966	0	0.0100931	0.10772	36.2164
486	0.0101359	0.026919	0.178537	0	0.0103211	0.110309	47.3003
487	0.0100527	0.0269696	0.165966	0	0.0100807	0.11361	56.4298
488	0.0101359	0.0269223	0.178537	0	0.0100807	0.116336	61.1431
489	0.010108	0.0267478	0.178537	0	0.0103211	0.118989	67.6093
490	0.0101359	0.0266532	0.178537	0	0.0105635	0.125216	74.9412
491	0.0101359	0.0267199	0.178537	0	0.0103211	0.130232	75.5283
492	0.0100527	0.0264592	0.165966	0	0.0100931	0.144331	77.584
493	0.0100527	0.0264359	0.165966	0	0.0120563	0.151283	93.3994
494	0.0100527	0.0264196	0.164155	0	0.0120502	0.157063	93.3994
495	0.0100527	0.026719	0.164155	0	0.0119424	0.160094	93.3994
496	0.0100527	0.0266106	0.158997	0	0.0119424	0.165338	93.3994
497	0.0100527	0.0259318	0.12419	0	0.0119926	0.164039	93.3994
498	0.0100527	0.0265409	0.172112	0	0.0119424	0.155811	93.3994
499	0.0100527	0.0264677	0.178537	0	0.0119424	0.159675	93.3994
500	0.0100527	0.0257719	0.166528	0	0.0119424	0.157593	93.3994
501	0.0100527	0.0258036	0.164155	0.00149925	0.0119424	0.158788	93.3994
502	0.0100527	0.0260521	0.166528	0.0029985	0.012108	0.156916	96.7711
503	0.0100527	0.0257583	0.139455	0.00449775	0.0100931	0.15535	80.733
504	0.010108	0.025599	0.136188	0.0029985	0.0100931	0.159863	80.733
505	0.0100527	0.0249351	0.11923	0.0029985	0.0120275	0.16246	93.3994
506	0.010108	0.0250551	0.118702	0.0029985	0.0120275	0.179123	93.3994
507	0.0100527	0.0254443	0.116112	0.00749625	0.0124642	0.192029	96.7711
508	0.010108	0.0249583	0.100022	0.00149925	0.0126794	0.203379	96.7711
509	0.0100527	0.0246229	0.0897883	0.00149925	0.0126868	0.203351	96.7711
510	0.0100527	0.0246052	0.0897883	0.00149925	0.0128057	0.216249	96.7711
511	0.010108	0.0246939	0.100022	0.00149925	0.0127441	0.206983	96.7711
512	0.010108	0.0250559	0.10301	0	0.0127441	0.205729	96.7711
513	0.010108	0.0252676	0.105334	0	0.0127441	0.183977	96.7711
514	0.0100877	0.0255347	0.111164	0	0.0126794	0.172427	96.7711
515	0.0100877	0.0255432	0.111164	0	0.0124642	0.158754	96.7711
516	0.0100527	0.0255776	0.107742	0	0.0106522	0.144493	80.733
517	0.0100877	0.0255758	0.107742	0	0.0106522	0.131532	80.733
518	0.0100877	0.0256905	0.107742	0	0.0107217	0.123674	80.733
519	0.010108	0.0258642	0.111164	0	0.0106522	0.110713	77.8123
520	0.0100527	0.0258815	0.107742	0	0.0104361	0.104425	67.6093
521	0.010108	0.0259667	0.111164	0	0.0101984	0.0952563	65.2249
522	0.0100527	0.0257897	0.107742	0	0.0101984	0.0904704	66.7995
523	0.0100877	0.0256498	0.107742	0	0.0101984	0.0842575	62.2209
524	0.0100877	0.0258474	0.107742	0	0.0101984	0.0711189	53.1651
525	0.0100877	0.0269799	0.136188	0.00749625	0.0100254	0.0590312	31.4721
526	0.0100527	0.0264833	0.127117	0.00149925	0.0100254	0.0548555	3.16878
527	0.0100527	0.0266433	0.131709	0.00149925	0.0100254	0.0502782	0.662577
528	0.0100076	0.0267325	0.12959	0.00149925	0.0101984	0.0411755	0.350061
529	0.0100076	0.026622	0.125444	0	0.0100254	0.0357941	0.214316
530	0.0100076	0.0264205	0.111164	0	0.0101984	0.0343727	0.195085
531	0.0100076	0.0271359	0.127117	0	0.0100254	0.0337576	0.185559
532	0.0100076	0.0275437	0.131925	0	0.0101984	0.0332122	0.180086
533	0.0100076	0.0276053	0.136132	0	0.0100254	0.033743	0.185559
534	0.0100076	0.0276092	0.131925	0	0.0100254	0.0337797	0.185559
535	0.0100076	0.0269879	0.111164	0	0.0100254	0.0340037	0.185559
536	0.0100877	0.0263173	0.107742	0	0.0100254	0.0341339	0.185559
537	0.0100527	0.0269954	0.131925	0	0.0100317	0.0349047	0.214316
538	0.0100076	0.0269175	0.115073	0	0.0101984	0.0353712	0.2186
539	0.0100076	0.0267309	0.115073	0	0.0101984	0.0354762	0.218863
540	0.0100076	0.0268758	0.131925	0.00149925	0.0104843	0.0352576	0.224368
541	0.0100912	0.0270929	0.137187	0	0.0104843	0.0350001	0.218863
542	0.0100076	0.0277514	0.138323	0.005997	0.0101984	0.0353247	0.218509
543	0.0100076	0.028848	0.151125	0.0149925	0.0104843	0.0354759	0.224368
544	0.0100489	0.0286306	0.151125	0.0134933	0.0100317	0.0354829	0.201786
545	0.0100076	0.0277267	0.132395	0.005997	0.0100317	0.0347663	0.180086
546	0.0100076	0.028119	0.138323	0.005997	0.0101984	0.0339235	0.180028
547	0.0100489	0.0268066	0.111609	0	0.0100317	0.0344397	0.180086
548	0.0100489	0.0263754	0.104656	0	0.0101984	0.0346706	0.180028
549	0.0100489	0.0263089	0.104656	0	0.0103368	0.0345328	0.220255
550	0.0100489	0.0266246	0.106119	0.0029985	0.0100251	0.0352971	0.233957
551	0.0100489	0.026803	0.110739	0.00149925	0.0101984	0.0356746	0.263041
552	0.0100489	0.026759	0.106119	0	0.0101986	0.0384065	0.354892
553	0.0100489	0.0267197	0.10539	0	0.0100251	0.0403619	0.525523
554	0.0100489	0.026827	0.10539	0	0.0100251	0.0439864	1.03737
555	0.0100489	0.0267599	0.100247	0	0.0100251	0.0451497	1.03737
556	0.0100489	0.0272587	0.106119	0	0.0100251	0.0451577	1.03737
557	0.0100921	0.0275077	0.110947	0	0.0100251	0.0457143	1.03737
558	0.0100921	0.027511	0.110947	0	0.0100251	0.0460846	1.60031
559	0.0100921	0.0274158	0.110739	0	0.0100251	0.0458616	1.60031
560	0.0100489	0.027009	0.0979261	0	0.0100251	0.0467248	2.00458
561	0.0100921	0.0269478	0.0963698	0	0.0101986	0.0518305	3.18223
562	0.0100921	0.0270638	0.0979261	0	0.0100251	0.0525506	3.18223
563	0.0100921	0.0274492	0.100724	0.0029985	0.0100251	0.0537921	3.74897
564	0.0100477	0.027768	0.111609	0.0029985	0.0104094	0.0512324	3.18223
565	0.0100477	0.0274037	0.106119	0.0029985	0.0104979	0.0504009	3.14589
566	0.0100477	0.0275087	0.106119	0	0.0100196	0.0481234	3.14589
567	0.0100477	0.026696	0.0979261	0	0.0100196	0.0457018	3.14589
568	0.0100477	0.0266765	0.0993824	0	0.0101986	0.0454869	3.18223
569	0.0100477	0.0267187	0.100724	0	0.0100251	0.0439157	2.77178
570	0.0100319	0.0272284	0.105394	0	0.0100251	0.0428096	2.77178
571	0.0100319	0.0275546	0.114314	0	0.0100251	0.0420403	2.85719
572	0.0100319	0.0275451	0.122391	0	0.0100251	0.0429643	2.86152
573	0.0100319	0.0277908	0.121419	0	0.0100251	0.0441979	3.04009
574	0.0100319	0.0278305	0.120134	0	0.0100251	0.0422849	2.77178
575	0.0100319	0.028111	0.122391	0	0.0100251	0.0426904	1.71974
576	0.0100319	0.0287016	0.124057	0	0.0100251	0.0432768	1.55545
577	0.0100319	0.0287202	0.125808	0	0.0100251	0.0409358	0.622309
578	0.0100319	0.0288064	0.127702	0	0.0100251	0.0394471	0.442856
579	0.0100319	0.0289852	0.12932	0	0.0100251	0.0413244	0.622309
580	0.0100319	0.0283851	0.122391	0	0.0100251	0.0416422	0.459913
581	0.0100319	0.0277273	0.111266	0	0.0101986	0.0435694	0.622309
582	0.0100319	0.0277637	0.105394	0	0.0101986	0.0454182	0.622309
583	0.0100319	0.0274699	0.100807	0	0.0100251	0.0476932	0.66693
584	0.0100319	0.0284006	0.111609	0.00749625	0.0100251	0.0516871	0.814513
585	0.0100319	0.0298534	0.121584	0.0149925	0.0100251	0.0514165	0.686902
586	0.0100319	0.0286329	0.11591	0.0029985	0.0102413	0.0523212	0.686902
587	0.0100319	0.0287483	0.11591	0.005997	0.0102413	0.0551314	0.686902
588	0.0100319	0.0287915	0.111609	0.00449775	0.0101986	0.057649	0.867512
589	0.0100319	0.0285779	0.101605	0.00149925	0.0101986	0.0600745	0.867512
590	0.0100319	0.0293521	0.111978	0.00149925	0.0104094	0.0639536	1.02298
591	0.0100319	0.0297617	0.11591	0.00149925	0.0102413	0.0631918	0.686902
592	0.0100319	0.0306548	0.12419	0.0029985	0.0104094	0.0650608	0.686902
593	0.0100319	0.0307977	0.12419	0.00149925	0.0102732	0.0727369	0.922115
594	0.0100319	0.0307032	0.120765	0.00149925	0.0102732	0.0882971	1.28953
595	0.0100319	0.03093	0.117527	0.00449775	0.0102732	0.113314	2.19817
596	0.0100319	0.0305707	0.114448	0.0029985	0.0102732	0.15892	3.86621
597	0.0100319	0.0301271	0.113556	0.00149925	0.0102732	0.240939	10.6222
598	0.0100319	0.0305695	0.111978	0.00149925	0.0110507	0.305398	33.9562
599	0.0100319	0.031073	0.111978	0.00149925	0.0107209	0.378529	35.2038
600	0.0100319	0.0317306	0.117527	0.00149925	0.0102732	0.425445	35.2038
601	0.0100319	0.0320449	0.118161	0	0.0109837	0.51643	50.7731
602	0.0100319	0.0328864	0.133616	0	0.0118862	0.69352	59.4227
603	0.0100319	0.0332414	0.143859	0	0.0188506	0.893319	97.9765
604	0.0100319	0.0332223	0.147487	0.00449775	0.0205059	1.11083	99.8977
605	0.0100319	0.032919	0.147487	0.00449775	0.0204952	1.26728	97.9765
606	0.0100319	0.0325282	0.137306	0	0.0214178	1.48641	99.8977
607	0.0100319	0.0323496	0.143083	0	0.0210227	1.44815	97.9765
608	0.0100319	0.0340003	0.172866	0.00149925	0.0238955	1.48224	99.8977
609	0.0100319	0.0348838	0.184023	0.0029985	0.0238955	1.43394	99.8977
610	0.0100319	0.0343712	0.176452	0	0.0245945	1.31158	99.8977
611	0.0100319	0.0342754	0.172866	0	0.0268651	1.36853	99.8977
612	0.0100319	0.0343033	0.172866	0	0.027594	1.39712	92.1893
613	0.0100319	0.0344693	0.176452	0	0.0267857	1.28577	92.1893
614	0.0100319	0.0348329	0.181481	0	0.0267857	1.1658	91.3087
615	0.0100319	0.035042	0.188279	0	0.0140943	1.19769	39.4397
616	0.0100319	0.0351065	0.188279	0	0.027914	1.23262	73.6767
617	0.0100319	0.0350573	0.184023	0	0.0324169	1.24717	81.1668
618	0.0100319	0.0346189	0.163223	0	0.0333115	1.31475	81.1668
619	0.0100319	0.0348502	0.168647	0	0.0455413	1.48256	81.1668
620	0.0100319	0.0348106	0.162793	0	0.0455413	1.46794	81.1668
621	0.0100477	0.0353988	0.168647	0	0.0446755	1.50144	81.1668
622	0.0101333	0.0355193	0.17077	0	0.0288594	1.41766	79.2273
623	0.0101333	0.0353467	0.169487	0	0.0324169	1.34741	81.1668
624	0.0101333	0.0361095	0.184023	0	0.0278964	1.31954	68.2997
625	0.0101333	0.0367513	0.196476	0	0.0289781	1.17483	81.1668
626	0.0101333	0.0370837	0.195354	0.0029985	0.0288594	1.19592	81.1668
627	0.0101333	0.0370119	0.207882	0.00449775	0.0112917	1.04615	42.5843
628	0.0101485	0.0378799	0.217311	0.00449775	0.0107827	0.840505	42.5843
629	0.0101333	0.0380687	0.217311	0.00149925	0.0107827	0.771154	42.5843
630	0.0101333	0.0382727	0.217155	0.00149925	0.0107827	0.645905	39.6149
631	0.0101333	0.037832	0.214887	0	0.010949	0.649767	42.5843
632	0.0101485	0.0377864	0.217311	0	0.010949	0.651065	42.5843
633	0.0101333	0.038908	0.222043	0	0.010949	0.601763	42.5843
634	0.0101333	0.0404984	0.255811	0	0.010949	0.597924	42.5843
635	0.0101333	0.0409725	0.259236	0	0.0107827	0.586112	41.568
636	0.0101333	0.0416962	0.264501	0	0.010949	0.582149	41.568
637	0.0101333	0.0414562	0.259236	0.00149925	0.0107827	0.584627	33.2736
638	0.0101333	0.0412049	0.259725	0	0.010949	0.638568	42.1091
639	0.0101333	0.0435325	0.273274	0.0029985	0.010949	0.83843	42.6594
640	0.0101333	0.0440618	0.267039	0.00149925	0.012028	1.08318	49.3055
641	0.0101333	0.0445276	0.283986	0.00149925	0.010949	1.33442	55.1182
642	0.0101333	0.0460179	0.303771	0.00149925	0.010949	1.43713	55.1182
643	0.0101333	0.0466078	0.321041	0.0029985
