		omega		Posterior		rho				Synonymous theta			kappa			phi	
Site	Lower	Point	Higher	prob of +ve	Lower	Point	Higher		Lower	Point	Higher	Lower	Point	Higher	Lower	Point	Higher
	95% HPD	estimate	95% HPD	selection	95% HPD	estimate	95% HPD		95% HPD	estimate	95% HPD	95% HPD	estimate	95% HPD	95% HPD	estimate	95% HPD
0	0.0105685	0.0959745	1.20527	0.0674663	0.0124035	0.526839	58.7573		0.0258987	0.0355163	0.0504314	1.85163	3.37463	6.16869	0	0	0
1	0.0103795	0.0970538	1.17944	0.0644678	0.0126082	0.582456	58.7573
2	0.0105685	0.102403	1.20527	0.0689655	0.0186875	0.702654	84.2988
3	0.0101117	0.104708	1.12703	0.065967	0.0184278	0.700417	84.2988
4	0.0101334	0.107433	1.12703	0.0674663	0.0126082	0.632703	58.7573
5	0.0103795	0.115237	1.20527	0.0764618	0.0123589	0.569257	55.6742
6	0.0101117	0.120153	1.20314	0.0794603	0.014148	0.520528	58.7573
7	0.0125643	0.13236	1.65961	0.089955	0.0125258	0.534158	44.1678
8	0.0125643	0.160812	1.66105	0.115442	0.0128718	0.530439	44.1556
9	0.0125643	0.207253	1.83149	0.161919	0.0105591	0.513926	33.4472
10	0.0130941	0.246729	2.18867	0.197901	0.0123589	0.483015	33.4472
11	0.0130941	0.310389	2.48201	0.25937	0.0125258	0.494623	33.4472
12	0.0130941	0.532355	3.51209	0.389805	0.0103059	0.475077	26.5356
13	0.236212	1.18729	8.26727	0.586207	0.0128389	0.447984	26.5356
14	0.225608	1.18006	6.57161	0.584708	0.0104987	0.201203	2.86671
15	0.225608	1.08098	6.41142	0.550225	0.0104987	0.152004	1.85787
16	0.225608	1.075	6.41142	0.542729	0.0103059	0.13176	1.58542
17	0.225608	1.08044	6.41142	0.541229	0.0104987	0.101361	1.21693
18	0.116796	0.932227	4.58638	0.497751	0.0100101	0.0839337	0.871114
19	0.0807521	0.864122	3.99474	0.485757	0.0100101	0.071523	0.633726
20	0.0740408	0.820827	4.11194	0.472264	0.0100101	0.0606307	0.416198
21	0.0793954	0.816698	4.58638	0.470765	0.0104934	0.0562954	0.381799
22	0.0134909	0.428645	2.69654	0.344828	0.0100101	0.0535049	0.339914
23	0.0112585	0.311133	2.24692	0.278861	0.0104987	0.0518416	0.31278
24	0.0117781	0.213213	2.03794	0.1994	0.0100101	0.0514279	0.307778
25	0.0102593	0.156743	1.54503	0.143928	0.0104987	0.0507303	0.315305
26	0.0114195	0.111141	1.49889	0.0929535	0.0104987	0.0499242	0.307249
27	0.0100046	0.0862962	1.09881	0.05997	0.0104987	0.0496151	0.304898
28	0.0100046	0.0704482	0.899284	0.035982	0.0104987	0.0494648	0.301986
29	0.0102776	0.0623048	0.838957	0.023988	0.0104987	0.0495073	0.300829
30	0.0100734	0.05539	0.750845	0.0194903	0.0104987	0.0489227	0.298644
31	0.0100734	0.053575	0.634666	0.0134933	0.0100101	0.0477871	0.269505
32	0.0100046	0.0511786	0.558184	0.0089955	0.0100101	0.0467711	0.261382
33	0.0100046	0.0514597	0.460123	0.00749625	0.0100101	0.045713	0.237175
34	0.0100046	0.0520546	0.504637	0.005997	0.0100101	0.0447756	0.235638
35	0.0100046	0.0503233	0.436015	0.005997	0.0100101	0.0451185	0.248196
36	0.0102593	0.0483721	0.427539	0.00749625	0.0100101	0.0442124	0.224954
37	0.0100046	0.046943	0.338151	0.00449775	0.0100101	0.0432526	0.224954
38	0.010228	0.0456542	0.328096	0.00149925	0.0100101	0.0436992	0.229933
39	0.0100046	0.0447908	0.304917	0.00149925	0.0100101	0.043506	0.244901
40	0.0100046	0.0439142	0.262164	0	0.0100978	0.0408821	0.217986
41	0.0100046	0.0440636	0.262164	0	0.0100101	0.0394678	0.20536
42	0.010228	0.0443431	0.26548	0	0.010027	0.0389744	0.19603
43	0.0100046	0.0431359	0.23999	0	0.0100101	0.0377977	0.176956
44	0.0100046	0.0428196	0.236928	0	0.0100101	0.0372641	0.168934
45	0.0100046	0.0424406	0.22038	0	0.0100101	0.0363519	0.154943
46	0.0100046	0.0424791	0.221535	0	0.0102062	0.0369126	0.160559
47	0.0100046	0.0419624	0.215346	0	0.0100101	0.0373375	0.168934
48	0.0100046	0.0421101	0.207671	0	0.0100101	0.0369265	0.160559
49	0.0102593	0.0427889	0.215346	0.00149925	0.0100101	0.0373363	0.162448
50	0.0102593	0.0431388	0.219039	0.00149925	0.0100101	0.0369175	0.159697
51	0.0102593	0.0434691	0.219039	0.00149925	0.0104987	0.0371784	0.1773
52	0.0100046	0.0437426	0.212111	0	0.0100101	0.0367344	0.162448
53	0.0100046	0.0447083	0.221535	0	0.0103845	0.0363675	0.1773
54	0.0100046	0.0460052	0.240629	0	0.0100101	0.0363596	0.159697
55	0.0100046	0.0470708	0.250681	0	0.0103845	0.036472	0.176298
56	0.0100516	0.0480245	0.240629	0	0.0103845	0.0361416	0.176298
57	0.0100516	0.0492853	0.254862	0.00149925	0.0100101	0.0362973	0.162448
58	0.0102593	0.0493932	0.262164	0.00149925	0.0100101	0.0359434	0.161471
59	0.0102593	0.0487598	0.262164	0	0.0100101	0.0358999	0.157622
60	0.0102908	0.0495156	0.262164	0	0.0100101	0.0355678	0.146932
61	0.0103041	0.0494586	0.262164	0.00149925	0.0100101	0.0359309	0.150991
62	0.0103602	0.0509404	0.271428	0.0029985	0.0100101	0.0363159	0.152416
63	0.0103602	0.0511557	0.272745	0.0029985	0.0100101	0.0374595	0.185992
64	0.0100516	0.0520585	0.274383	0.0029985	0.0100631	0.0366516	0.176298
65	0.0100516	0.0522651	0.281378	0.0029985	0.0100101	0.0363987	0.159697
66	0.0103041	0.0523785	0.281378	0.0029985	0.0100101	0.036549	0.166622
67	0.0103041	0.0538416	0.286681	0.00149925	0.0100101	0.0365777	0.172511
68	0.0100516	0.0550998	0.286681	0	0.0100101	0.037156	0.176298
69	0.0100516	0.0568726	0.294309	0.00449775	0.0100631	0.0368613	0.176298
70	0.0103041	0.05814	0.302659	0.0029985	0.0100101	0.0358919	0.172511
71	0.0103041	0.0621046	0.34742	0.005997	0.0100101	0.0357449	0.166622
72	0.0102564	0.063798	0.355548	0.0029985	0.0100631	0.0353166	0.159697
73	0.0103041	0.0681591	0.375676	0.00449775	0.0100101	0.0353635	0.166622
74	0.0103602	0.0708596	0.405749	0.005997	0.0100101	0.0352834	0.166622
75	0.0103602	0.0737621	0.406398	0.0089955	0.0100101	0.0354695	0.166622
76	0.0102564	0.0783117	0.425937	0.011994	0.0103677	0.0353575	0.159697
77	0.0102564	0.0822425	0.437262	0.0089955	0.0100101	0.0353792	0.152416
78	0.0106813	0.08714	0.475544	0.0104948	0.0100101	0.0348978	0.150334
79	0.0103602	0.0906861	0.475544	0.0104948	0.0100101	0.0354254	0.150334
80	0.0127429	0.0964757	0.619272	0.0089955	0.0103289	0.0352324	0.152416
81	0.0103602	0.110004	0.619272	0.017991	0.0103289	0.035494	0.159697
82	0.014898	0.127076	1.01055	0.029985	0.0100101	0.0353848	0.152416
83	0.0149405	0.158693	1.10695	0.0509745	0.0103289	0.0351075	0.152416
84	0.0192554	0.142287	1.01055	0.0224888	0.0103289	0.0351004	0.15597
85	0.0192554	0.134063	0.98547	0.0134933	0.0102766	0.0345209	0.15137
86	0.0128818	0.126687	0.600276	0.0029985	0.0102766	0.0332234	0.144597
87	0.0150157	0.129702	0.700584	0.00449775	0.0100101	0.0327446	0.13861
88	0.0149405	0.129113	0.700584	0.00449775	0.0100101	0.0327531	0.13861
89	0.0128818	0.133714	0.700584	0.0134933	0.0102766	0.032681	0.143754
90	0.0126245	0.13809	0.740008	0.0194903	0.0102766	0.0327742	0.143754
91	0.0153728	0.145994	0.98547	0.0284858	0.0102766	0.0326765	0.143754
92	0.0126245	0.153349	0.98547	0.0434783	0.0100101	0.0323662	0.133812
93	0.0128818	0.128346	0.940758	0.023988	0.0102766	0.0320589	0.134603
94	0.0116313	0.107813	0.64331	0.0089955	0.0102069	0.031525	0.129707
95	0.0116525	0.0980885	0.619272	0.005997	0.0102069	0.0314158	0.131175
96	0.0102045	0.092544	0.517148	0.0029985	0.0102069	0.0317979	0.133812
97	0.0102045	0.0902047	0.510461	0.00749625	0.0100101	0.0319275	0.133812
98	0.0109723	0.0827834	0.517148	0.00449775	0.0102069	0.0324507	0.142371
99	0.0107053	0.0791867	0.486894	0.0029985	0.0102069	0.0328667	0.143348
100	0.0100039	0.0762244	0.425937	0.0029985	0.0102069	0.0344756	0.154192
101	0.0102045	0.071001	0.388968	0	0.0102069	0.0367114	0.174703
102	0.0100039	0.0657264	0.345427	0	0.0102069	0.0378861	0.185918
103	0.0102045	0.0626821	0.318737	0	0.0102069	0.0400626	0.207363
104	0.0100039	0.0611899	0.302659	0	0.0102069	0.0426948	0.220845
105	0.0100039	0.0600747	0.294616	0.00149925	0.0102069	0.0436053	0.218418
106	0.0100039	0.0577299	0.287338	0.00149925	0.0102069	0.0467342	0.237463
107	0.0102045	0.0567099	0.287338	0.00149925	0.0100101	0.0501267	0.259089
108	0.0100039	0.0543438	0.275301	0	0.0100101	0.0533204	0.296794
109	0.0102045	0.0522414	0.267704	0	0.0100101	0.0563655	0.303597
110	0.0100039	0.0515395	0.255571	0	0.0102766	0.0588825	0.317246
111	0.0100039	0.051375	0.26216	0.00149925	0.0105211	0.0650836	0.37043
112	0.0100039	0.0499591	0.244866	0	0.0102766	0.0763576	0.490731
113	0.0100641	0.0499413	0.244866	0	0.0109967	0.0864538	0.730367
114	0.0102045	0.0498016	0.243977	0	0.0108795	0.0879924	0.617564
115	0.0102045	0.0495863	0.244866	0	0.0108795	0.0966663	0.677382
116	0.0100641	0.0507704	0.246375	0	0.0108795	0.10075	0.672259
117	0.0102045	0.0525937	0.262977	0.00449775	0.0105211	0.10243	0.649171
118	0.0101371	0.0527669	0.262977	0.00449775	0.0107723	0.110709	0.745441
119	0.0100641	0.052219	0.262977	0.00449775	0.0112123	0.112636	0.833616
120	0.0100641	0.0512617	0.262977	0.0029985	0.0105211	0.121398	0.858165
121	0.0100641	0.0523398	0.26216	0.00149925	0.0102766	0.125198	0.987249
122	0.0102045	0.0525147	0.262977	0.00149925	0.0135031	0.143102	1.35411
123	0.0100641	0.0517769	0.255571	0.0029985	0.0135031	0.150789	1.45436
124	0.0100758	0.0513698	0.255303	0.0029985	0.0138813	0.186378	2.72379
125	0.0100758	0.0515984	0.255303	0.00149925	0.0219896	0.213994	6.88677
126	0.0100758	0.052985	0.26216	0.0029985	0.0101519	0.196293	3.81491
127	0.0100758	0.0526778	0.26216	0	0.0101519	0.164725	2.65683
128	0.0101371	0.0532223	0.269493	0	0.0101519	0.122167	1.14767
129	0.0100758	0.0535585	0.269493	0.00149925	0.0101519	0.110961	0.896439
130	0.0100758	0.052815	0.26216	0.00149925	0.0101519	0.107146	0.833616
131	0.0102	0.0522941	0.26216	0.00149925	0.0101519	0.0944681	0.488697
132	0.0101868	0.05345	0.261246	0.00149925	0.0108208	0.0860723	0.429931
133	0.0101371	0.0537091	0.252941	0.0029985	0.010962	0.0829913	0.423837
134	0.0101371	0.0545423	0.252941	0.0029985	0.0101519	0.0811449	0.394838
135	0.0102	0.0545244	0.261973	0.0029985	0.0101519	0.0841736	0.423837
136	0.0102	0.0555549	0.269493	0.00449775	0.0101519	0.0877918	0.493351
137	0.0109269	0.0565213	0.287338	0.00449775	0.0101519	0.0871151	0.496584
138	0.0109269	0.0575474	0.287338	0.0029985	0.0101519	0.0874031	0.588364
139	0.0100758	0.0601167	0.274325	0.00449775	0.0101519	0.0958386	0.736761
140	0.0100758	0.061389	0.274325	0.00449775	0.0101519	0.100989	1.12222
141	0.0102045	0.0620982	0.282763	0.00449775	0.0101519	0.107927	2.2129
142	0.0102045	0.0627625	0.28647	0.0029985	0.0101519	0.111512	9.37562
143	0.0102045	0.0629547	0.282763	0.0029985	0.0101519	0.118514	9.37562
144	0.0102045	0.0625134	0.28037	0.0029985	0.0101519	0.119761	9.08992
145	0.0100758	0.0643709	0.286403	0.00149925	0.0101519	0.120887	9.08992
146	0.0100758	0.0658262	0.3023	0.00449775	0.0101519	0.123155	9.08992
147	0.0102045	0.0658919	0.300878	0.00449775	0.0101519	0.12294	11.8257
148	0.0102045	0.0655018	0.299654	0.00449775	0.0101519	0.126127	12.1305
149	0.0102045	0.0659797	0.3023	0.005997	0.0101519	0.129272	12.1305
150	0.0102045	0.0698223	0.341523	0.00749625	0.0101519	0.12777	4.18031
151	0.0102045	0.0706184	0.341523	0.00749625	0.0101049	0.130374	4.50921
152	0.0100758	0.0712106	0.324393	0.00749625	0.0101049	0.139452	13.1792
153	0.0102045	0.0722065	0.324393	0.0089955	0.0101519	0.149288	22.4465
154	0.0102045	0.0756428	0.344322	0.0104948	0.0101049	0.159386	33.1072
155	0.0100758	0.0771917	0.353084	0.0089955	0.0101049	0.165556	34.9713
156	0.0100758	0.0799458	0.378587	0.0104948	0.0108208	0.178142	37.1055
157	0.0103938	0.0822069	0.422001	0.0104948	0.0108208	0.189038	37.1055
158	0.0105135	0.0845796	0.428747	0.0104948	0.010528	0.180883	33.5943
159	0.0100758	0.0860496	0.431864	0.0104948	0.010528	0.193741	33.1072
160	0.0100758	0.0886194	0.471267	0.0104948	0.0108208	0.182468	22.506
161	0.0116048	0.0968789	0.654836	0.0134933	0.010528	0.173609	10.8602
162	0.0108811	0.102319	0.654836	0.011994	0.010528	0.170127	1.53758
163	0.0116921	0.118776	0.718568	0.0194903	0.010528	0.158157	1.11634
164	0.0174765	0.125974	1.04296	0.0224888	0.010528	0.155553	0.925114
165	0.0208818	0.134411	1.44266	0.0344828	0.0104376	0.154181	0.92438
166	0.0174765	0.152978	1.80558	0.0584708	0.010528	0.151213	0.915861
167	0.0143028	0.134295	0.991709	0.0329835	0.0104376	0.144659	0.766526
168	0.0149687	0.124853	0.923047	0.023988	0.0104376	0.128411	0.627413
169	0.0134551	0.11452	0.723939	0.0104948	0.0104376	0.130761	0.55806
170	0.0132885	0.111563	0.705156	0.0089955	0.0152506	0.132132	0.76548
171	0.0132885	0.110433	0.682233	0.00749625	0.0152506	0.13648	0.758137
172	0.0134551	0.107288	0.705156	0.00749625	0.0146313	0.140745	0.758137
173	0.0132885	0.107084	0.673101	0.0089955	0.0204562	0.143026	1.04841
174	0.0132885	0.100621	0.638785	0.00749625	0.0136859	0.147149	0.758137
175	0.0116921	0.0985245	0.548151	0.0089955	0.0136859	0.147852	0.71861
176	0.0112547	0.0975595	0.500277	0.005997	0.0144633	0.14872	0.734173
177	0.0112547	0.0976449	0.500277	0.005997	0.0166109	0.150026	0.914732
178	0.0116305	0.101116	0.538179	0.0089955	0.0140242	0.14555	0.709205
179	0.0134551	0.10219	0.629827	0.0089955	0.0139928	0.14887	0.709205
180	0.0132885	0.102076	0.638785	0.0089955	0.0171498	0.144723	0.709205
181	0.0132885	0.103166	0.673101	0.0089955	0.0195206	0.14188	0.734173
182	0.0132885	0.108127	0.682233	0.0164918	0.0157173	0.138656	0.549187
183	0.0120388	0.116833	0.780485	0.0254873	0.0187782	0.134987	0.549187
184	0.0168144	0.127415	1.27216	0.0389805	0.0187782	0.13198	0.549187
185	0.0134551	0.15523	1.61029	0.0764618	0.0195206	0.132407	0.550586
186	0.0134139	0.12764	1.09073	0.0449775	0.0187782	0.131948	0.550586
187	0.0116921	0.117195	0.805738	0.0329835	0.0201374	0.130287	0.550586
188	0.0121748	0.106123	0.650463	0.0209895	0.0195206	0.129344	0.550586
189	0.0115193	0.0976184	0.531633	0.0164918	0.0201374	0.130794	0.550586
190	0.0115874	0.0902081	0.531633	0.011994	0.0195206	0.130098	0.545984
191	0.0103184	0.0868026	0.41536	0.005997	0.0166109	0.128094	0.497375
192	0.0107768	0.0808572	0.399886	0.00149925	0.0166109	0.129677	0.549964
193	0.0102457	0.0780261	0.3604	0	0.0166109	0.134416	0.549964
194	0.0100164	0.0747395	0.342045	0	0.0139928	0.134836	0.497375
195	0.0106882	0.0720427	0.342045	0	0.0133063	0.136897	0.48002
196	0.0102457	0.0711155	0.324447	0	0.0232745	0.148835	0.843982
197	0.0105301	0.0691947	0.315459	0	0.0303891	0.160274	1.2192
198	0.0102457	0.0669349	0.306862	0	0.0246242	0.16735	1.2192
199	0.0104611	0.0657052	0.315459	0	0.0201374	0.183347	1.2638
200	0.0103184	0.0644548	0.315251	0.00149925	0.0265294	0.194411	2.24893
201	0.0103184	0.063731	0.315251	0.00149925	0.0112139	0.201171	1.2192
202	0.0103184	0.0653468	0.315251	0.00449775	0.0132408	0.21704	2.24893
203	0.0104611	0.0639806	0.315459	0.0029985	0.0112139	0.185149	1.2192
204	0.0102457	0.0619285	0.3023	0.00149925	0.0153501	0.16592	1.21863
205	0.0100164	0.0611759	0.282049	0	0.0112139	0.162633	0.843943
206	0.0103184	0.0628605	0.315251	0.005997	0.0107842	0.155854	0.754254
207	0.0102457	0.0629821	0.327603	0.0104948	0.0107842	0.14899	0.668399
208	0.0103184	0.0646044	0.337325	0.00749625	0.0118505	0.148313	0.880252
209	0.0103184	0.0653542	0.327603	0.00449775	0.0107842	0.143846	0.715287
210	0.0102457	0.0657934	0.327603	0.00449775	0.0145584	0.141751	0.880252
211	0.0102457	0.0665376	0.327603	0.0029985	0.0133063	0.134232	0.668739
212	0.0102457	0.065788	0.320895	0	0.0107842	0.13482	0.576591
213	0.0102457	0.0651481	0.320511	0.00149925	0.0133063	0.131538	0.668739
214	0.0102457	0.0654248	0.320511	0.00149925	0.0107842	0.126941	0.569745
215	0.0102457	0.0670926	0.330888	0.00149925	0.0107842	0.128327	0.619657
216	0.0102457	0.0692231	0.344871	0.00149925	0.0107842	0.122452	0.507355
217	0.0107146	0.0700778	0.389834	0.00149925	0.0107842	0.123749	0.569745
218	0.0106882	0.0707434	0.39382	0.0029985	0.0104753	0.126623	0.634929
219	0.0106763	0.0741343	0.413695	0.005997	0.0104753	0.133159	0.734016
220	0.0104611	0.0785904	0.436859	0.0134933	0.0104753	0.14431	1.45832
221	0.0102457	0.0807218	0.43995	0.00749625	0.0104753	0.159005	4.28039
222	0.0104611	0.0833731	0.508578	0.0149925	0.0104753	0.166271	8.38135
223	0.0104611	0.0852638	0.5113	0.0149925	0.0104753	0.163934	7.49818
224	0.0104611	0.0863871	0.528984	0.0149925	0.0104753	0.139288	1.36996
225	0.0102457	0.0892672	0.543858	0.017991	0.0104753	0.123516	0.497375
226	0.0104611	0.0910145	0.563908	0.017991	0.0104753	0.114533	0.442363
227	0.0104611	0.0964443	0.654321	0.0224888	0.0104753	0.110596	0.442201
228	0.0102457	0.106909	0.721202	0.0329835	0.0106201	0.10937	0.442201
229	0.0102457	0.130135	1.09554	0.0569715	0.0106201	0.108735	0.442363
230	0.0114687	0.160446	1.44023	0.077961	0.0106201	0.107119	0.445979
231	0.0296524	0.298783	4.24049	0.161919	0.0106201	0.105049	0.445979
232	0.0270135	0.282132	2.58563	0.143928	0.0104753	0.102311	0.410566
233	0.030459	0.280392	2.58563	0.133433	0.0104753	0.0971589	0.380389
234	0.0296524	0.286026	2.72305	0.136432	0.0103916	0.0957986	0.397682
235	0.0395042	0.300795	3.6974	0.146927	0.0103916	0.0929448	0.385782
236	0.020022	0.231196	2.08204	0.0869565	0.0104753	0.0954607	0.423523
237	0.0202551	0.20197	1.70424	0.0584708	0.0103916	0.0966325	0.456664
238	0.0168686	0.185959	1.52409	0.0434783	0.0103916	0.0977787	0.456664
239	0.0100315	0.1658	0.777557	0.0284858	0.0104154	0.0963944	0.445979
240	0.0100315	0.159774	0.680819	0.023988	0.0104753	0.0906489	0.410708
241	0.0100315	0.152219	0.650427	0.0224888	0.0103273	0.0857763	0.380389
242	0.0100315	0.149434	0.643212	0.0209895	0.0103916	0.0851768	0.380389
243	0.0121005	0.148669	0.726247	0.0209895	0.0103273	0.0852344	0.380389
244	0.0127156	0.148039	0.726247	0.0194903	0.0103273	0.0847043	0.385782
245	0.0121005	0.145832	0.724661	0.017991	0.0103273	0.0841452	0.385782
246	0.0127156	0.142269	0.726247	0.0164918	0.0103916	0.0855197	0.410708
247	0.0121005	0.138724	0.677256	0.017991	0.0103273	0.0889805	0.421419
248	0.0121005	0.139924	0.677256	0.0194903	0.0103273	0.0897665	0.424244
249	0.0137784	0.142779	0.726247	0.0164918	0.0103916	0.091272	0.469702
250	0.0127156	0.14198	0.726247	0.0164918	0.0103916	0.0950204	0.497402
251	0.0109505	0.141526	0.651781	0.0164918	0.0103273	0.101684	0.537195
252	0.0101919	0.140939	0.636198	0.0209895	0.0104753	0.1087	0.656342
253	0.0136661	0.141114	0.770643	0.017991	0.0104753	0.121342	0.94901
254	0.0137784	0.14681	0.770643	0.0209895	0.0104753	0.135602	0.983435
255	0.0225116	0.157297	1.15294	0.0224888	0.0113401	0.161779	1.26573
256	0.0217207	0.162489	1.15294	0.0269865	0.0105224	0.190774	1.26573
257	0.0135227	0.146734	0.726247	0.0254873	0.0105224	0.210994	1.30749
258	0.0135227	0.132856	0.598836	0.0194903	0.0244565	0.25041	3.62879
259	0.0135227	0.124606	0.589824	0.0209895	0.023801	0.280387	2.61083
260	0.0133332	0.115853	0.520509	0.0149925	0.0121938	0.330302	2.25355
261	0.0136534	0.113294	0.501125	0.011994	0.0283042	0.350136	5.26436
262	0.0135227	0.109312	0.485589	0.0104948	0.0283042	0.360112	4.09604
263	0.0135227	0.106562	0.485589	0.00749625	0.028911	0.386425	5.86103
264	0.0135227	0.104521	0.466695	0.00449775	0.0264723	0.387092	6.03396
265	0.0137667	0.103479	0.466695	0.00449775	0.0119876	0.378565	2.77216
266	0.0135327	0.101826	0.466695	0.005997	0.0119876	0.406893	3.10155
267	0.0135227	0.10026	0.497722	0.00749625	0.0157361	0.395402	3.1943
268	0.0135227	0.0996608	0.485589	0.0089955	0.0119876	0.399201	3.1943
269	0.0135227	0.0976302	0.48046	0.005997	0.0120187	0.436508	6.43595
270	0.0135227	0.0948924	0.48046	0.0029985	0.0119876	0.464557	8.29497
271	0.0135227	0.0932187	0.48046	0.0029985	0.0101506	0.475739	8.57707
272	0.0135227	0.0929281	0.497722	0.0029985	0.0120718	0.511301	13.6423
273	0.0135227	0.0942853	0.497722	0.0029985	0.0193131	0.555212	20.8797
274	0.0135227	0.0948995	0.533277	0.0029985	0.013191	0.617176	18.7773
275	0.0135227	0.0938975	0.556277	0.0029985	0.0134999	0.678183	19.2799
276	0.0112296	0.0916432	0.455077	0	0.0170552	0.885648	43.0614
277	0.0112296	0.0912375	0.455077	0	0.0375906	0.978271	92.133
278	0.0104195	0.0901155	0.419021	0	0.0325093	1.04545	92.133
279	0.0104195	0.087869	0.404955	0.00149925	0.0155952	0.922932	41.4102
280	0.0104195	0.0873618	0.419021	0.0029985	0.0155952	0.941007	44.7418
281	0.0105121	0.0877344	0.431007	0.0029985	0.0170552	0.916852	55.5541
282	0.010189	0.089048	0.431007	0.0029985	0.0108637	0.871481	39.9618
283	0.0106352	0.0889843	0.455077	0.0029985	0.0137711	0.881827	54.2161
284	0.0104195	0.0888976	0.431007	0	0.0137711	0.900446	54.3283
285	0.010189	0.0910105	0.431007	0	0.0140937	1.00643	54.2161
286	0.0106352	0.0927912	0.455077	0.00149925	0.0147393	0.876776	54.3283
287	0.0104973	0.0937732	0.450042	0.00149925	0.0107106	0.905426	46.691
288	0.0104195	0.0964464	0.484669	0.00449775	0.0106096	0.931934	46.691
289	0.0104973	0.0994007	0.509484	0.0089955	0.0107253	1.15684	54.0594
290	0.0141945	0.103418	0.66947	0.005997	0.0139846	1.34224	71.3036
291	0.013591	0.107708	0.601238	0.005997	0.0155952	1.37277	71.3036
292	0.0104195	0.114798	0.533277	0.0134933	0.0147393	1.22486	68.5673
293	0.0104973	0.116486	0.562929	0.0149925	0.0168585	1.03006	80.599
294	0.01384	0.125276	0.66947	0.017991	0.0104828	0.908789	51.7114
295	0.0104973	0.136924	0.598836	0.023988	0.0104828	0.694181	49.9478
296	0.0201542	0.151542	1.03743	0.0329835	0.0104828	0.629625	49.9478
297	0.0258973	0.172523	1.50338	0.053973	0.0103994	0.54885	48.8355
298	0.0173159	0.160631	1.03743	0.0404798	0.0103994	0.563249	57.8828
299	0.0165367	0.145663	0.824352	0.0254873	0.0103994	0.437557	48.3861
300	0.0127269	0.138365	0.741693	0.0209895	0.0103994	0.393462	43.3958
301	0.0105477	0.132917	0.583139	0.0149925	0.0103994	0.33735	35.9417
302	0.0102945	0.134913	0.563602	0.0149925	0.0103994	0.317892	34.6886
303	0.0105477	0.135571	0.563602	0.0134933	0.0105146	0.27329	34.6886
304	0.0165367	0.135009	0.781317	0.0089955	0.0103994	0.25781	34.6886
305	0.0165367	0.131789	0.760167	0.005997	0.0105146	0.245068	33.246
306	0.0166482	0.13621	0.813027	0.0089955	0.0105146	0.224831	33.246
307	0.0165367	0.13623	0.810601	0.005997	0.0105146	0.189492	33.246
308	0.0180917	0.136146	0.83476	0.005997	0.0103994	0.167027	32.4539
309	0.0186952	0.137798	0.853844	0.005997	0.0102784	0.172306	31.1974
310	0.0194723	0.138386	0.853844	0.005997	0.0102784	0.175145	25.6732
311	0.0180042	0.138262	0.874954	0.00749625	0.0103348	0.168059	24.6865
312	0.0180042	0.140063	0.874954	0.00749625	0.0102784	0.150144	21.3376
313	0.015964	0.141184	0.820882	0.0089955	0.0102784	0.14866	19.2799
314	0.0147427	0.144981	0.874954	0.0149925	0.0102784	0.149887	19.2799
315	0.0194723	0.150482	1.238	0.0209895	0.0102784	0.161136	20.7027
316	0.0194723	0.162095	1.238	0.029985	0.0102784	0.159146	19.2799
317	0.0180042	0.192326	1.31453	0.0704648	0.0103348	0.166658	25.6732
318	0.0205106	0.254115	2.2019	0.125937	0.0102852	0.178572	22.7957
319	0.0165367	0.254647	2.34332	0.133433	0.0102852	0.194037	25.5765
320	0.0238191	0.262606	4.11974	0.14093
