		omega		Posterior		rho				Synonymous theta			kappa			phi	
Site	Lower	Point	Higher	prob of +ve	Lower	Point	Higher		Lower	Point	Higher	Lower	Point	Higher	Lower	Point	Higher
	95% HPD	estimate	95% HPD	selection	95% HPD	estimate	95% HPD		95% HPD	estimate	95% HPD	95% HPD	estimate	95% HPD	95% HPD	estimate	95% HPD
0	0.0101749	0.0441999	0.515538	0.0089955	0.0202558	1.96319	92.1251		0.0362725	0.0503505	0.0649716	4.62895	9.29367	20.7548	0	0	0
1	0.0100036	0.0431556	0.460651	0.00749625	0.0202558	1.94534	93.5817
2	0.0101749	0.0409272	0.370377	0.00449775	0.0202558	1.73101	99.8355
3	0.0101749	0.0384974	0.300436	0.0029985	0.0201358	1.73885	99.8355
4	0.0101749	0.0377539	0.273377	0.0029985	0.0165568	1.85421	88.2204
5	0.0101749	0.0373695	0.24671	0.0029985	0.0189441	1.99818	99.8355
6	0.0101749	0.036807	0.237269	0	0.0189441	2.02003	99.8355
7	0.0101749	0.0369155	0.237269	0	0.016699	2.04993	99.8355
8	0.0101749	0.0368653	0.237269	0.00149925	0.016699	2.13208	99.7138
9	0.0101878	0.0362402	0.223862	0.0029985	0.0209445	2.56173	99.8355
10	0.0101749	0.0354026	0.216676	0	0.0236532	2.82066	99.8355
11	0.0101532	0.0343057	0.201233	0	0.0239957	2.89106	99.8355
12	0.0100792	0.0347634	0.203273	0.00149925	0.0337239	3.35925	99.8355
13	0.0100792	0.035087	0.212619	0	0.0337239	3.7194	99.8355
14	0.0101532	0.0352171	0.203273	0	0.0465945	4.30802	99.8355
15	0.0101532	0.0352099	0.203273	0	0.0712585	4.55313	99.8355
16	0.0101532	0.0356453	0.212915	0	0.135478	5.07899	99.8355
17	0.0101532	0.0358059	0.212915	0	0.181138	6.44522	99.8355
18	0.0101532	0.035435	0.203273	0	0.138485	6.26956	99.8355
19	0.0100792	0.0363297	0.216676	0.00149925	0.138302	6.37776	99.8355
20	0.0100792	0.0364158	0.216676	0.0029985	0.0785114	5.65814	99.8355
21	0.0100792	0.0359334	0.216676	0.00449775	0.0545879	5.46622	99.8355
22	0.0101532	0.0347893	0.203273	0.00449775	0.0362537	4.88666	99.7138
23	0.0101878	0.0344805	0.193444	0.00449775	0.0362537	4.67926	99.8355
24	0.0101532	0.0338004	0.185543	0.0029985	0.0334179	3.78104	99.8355
25	0.0101532	0.0334172	0.181161	0	0.0298616	3.60394	99.8355
26	0.0101532	0.0328106	0.168285	0	0.0257465	3.35418	99.8355
27	0.0101364	0.0323782	0.151875	0	0.0260417	3.09753	99.8355
28	0.0101364	0.0318713	0.151875	0	0.0270691	3.13312	99.8355
29	0.0101364	0.031826	0.151875	0.00149925	0.0296655	3.1546	99.8355
30	0.0100513	0.0318458	0.146608	0.00149925	0.0262645	3.0851	99.8355
31	0.0100513	0.031976	0.151875	0.00149925	0.0293763	2.93742	99.8355
32	0.0100448	0.0318314	0.145789	0.00149925	0.0274542	2.88369	99.8355
33	0.010028	0.03125	0.143865	0.00449775	0.0304075	3.13834	99.8355
34	0.010028	0.0303537	0.129501	0.00149925	0.0298616	3.33821	99.8355
35	0.010028	0.0293931	0.124692	0.00149925	0.0296655	3.65388	97.2919
36	0.010028	0.0301181	0.134243	0.00449775	0.0304075	3.95847	99.8355
37	0.010028	0.0296108	0.124692	0.00149925	0.0298616	3.90825	99.8355
38	0.010028	0.0295734	0.129501	0.00149925	0.0283261	4.08812	99.8355
39	0.0100448	0.0296786	0.129501	0.00149925	0.0274542	3.66346	99.8355
40	0.0100513	0.0299198	0.134243	0.00149925	0.0274542	3.66179	99.8355
41	0.0100448	0.0295383	0.129501	0	0.0274542	3.62703	99.8355
42	0.0100448	0.0293238	0.123414	0	0.0295147	3.63897	99.8355
43	0.0100448	0.0294055	0.124692	0	0.028398	3.67732	99.8355
44	0.0100448	0.0293909	0.126182	0	0.0259207	3.68937	99.8355
45	0.0101011	0.0296047	0.134842	0	0.0210936	3.47054	99.8355
46	0.0100448	0.0300352	0.134842	0	0.0206243	3.52129	99.8355
47	0.0100448	0.0302854	0.137078	0	0.0210936	3.41938	99.8355
48	0.0100448	0.0307538	0.140559	0	0.0199746	3.2994	99.8355
49	0.0100448	0.0304127	0.137078	0	0.0199746	3.2709	99.8355
50	0.0100448	0.0313379	0.144825	0.0029985	0.0199746	2.96719	99.8355
51	0.0100448	0.0307621	0.137264	0	0.018658	2.54826	99.8355
52	0.0100448	0.030935	0.140291	0.00149925	0.0177756	2.14655	99.8355
53	0.0100448	0.0309159	0.137078	0.00149925	0.0178679	2.07026	99.8355
54	0.0100448	0.0307667	0.137078	0.0029985	0.0168682	1.84061	99.8355
55	0.0100448	0.0308517	0.137078	0.0029985	0.013186	1.82065	90.5563
56	0.0100513	0.0313933	0.134243	0.0029985	0.0106048	1.75687	71.7183
57	0.0100513	0.0307323	0.130675	0.00149925	0.0106048	1.60961	70.5871
58	0.0100513	0.0312648	0.140291	0.00149925	0.0130804	1.60935	90.5563
59	0.010094	0.0316043	0.143865	0.00149925	0.0140697	1.58368	97.2919
60	0.0100513	0.0321211	0.144825	0.0029985	0.0140697	1.61716	97.2842
61	0.0101011	0.0318685	0.143865	0.00149925	0.0146429	1.69542	99.2369
62	0.0101011	0.0314681	0.134243	0.00149925	0.0154928	1.7599	99.2369
63	0.0101011	0.031619	0.143865	0.00149925	0.0154928	1.69073	99.2369
64	0.0101011	0.0316105	0.143865	0.00149925	0.0154928	1.55762	99.2369
65	0.0101011	0.0316468	0.143406	0.00149925	0.0154928	1.40821	97.2842
66	0.0101011	0.0314111	0.143406	0	0.0154928	1.326	97.2842
67	0.0101454	0.0314948	0.144825	0	0.0154928	1.16701	97.2842
68	0.0101011	0.0317357	0.143865	0.00149925	0.0123859	0.995335	77.4045
69	0.0101011	0.0318617	0.144569	0.00149925	0.011918	0.933489	66.9852
70	0.0101011	0.0319315	0.144569	0.00149925	0.0146429	0.988458	76.8326
71	0.0100513	0.0323774	0.145789	0.00149925	0.0157547	1.0184	79.2695
72	0.0100513	0.0327307	0.145789	0.00149925	0.011918	0.985645	61.1738
73	0.0100513	0.0335885	0.165043	0	0.011918	0.939156	61.1738
74	0.0100513	0.0339398	0.161524	0	0.011918	0.855727	55.9078
75	0.0100513	0.0344206	0.16355	0.0029985	0.011918	0.827021	54.6908
76	0.0100513	0.0346917	0.174592	0.0029985	0.011918	0.796198	54.6908
77	0.0100513	0.0348496	0.178011	0.0029985	0.011918	0.767917	55.5852
78	0.0100513	0.0351407	0.178011	0.0029985	0.011918	0.788843	55.5852
79	0.0100676	0.0362503	0.215536	0.0029985	0.011918	0.780891	55.5852
80	0.0100676	0.0367334	0.217445	0.00149925	0.011918	0.794646	55.5852
81	0.0100676	0.0376305	0.220151	0.00149925	0.011918	0.814141	51.2558
82	0.0100676	0.0376701	0.220151	0.00149925	0.0167606	0.882047	73.5998
83	0.0100676	0.0372097	0.217445	0.00449775	0.0167606	0.970991	62.6588
84	0.0100676	0.0383127	0.217769	0.00749625	0.0297159	1.12499	94.4096
85	0.0100676	0.0386579	0.220151	0.0029985	0.0344507	1.14637	85.3098
86	0.0100676	0.0402484	0.229011	0.0029985	0.0574629	1.22445	91.0426
87	0.0100676	0.0408192	0.227652	0.00149925	0.0521712	1.11902	85.3098
88	0.0100676	0.041282	0.223642	0.00149925	0.0364741	0.833185	77.4045
89	0.0100676	0.0416351	0.227652	0.00149925	0.0364741	0.588669	77.4045
90	0.0101031	0.0423742	0.229194	0.00149925	0.0176604	0.409634	38.7499
91	0.0101532	0.0434965	0.258075	0.00149925	0.0134629	0.294178	8.75048
92	0.0101454	0.0449828	0.259318	0.0029985	0.0134629	0.218837	1.99176
93	0.0101031	0.0462036	0.272487	0.0029985	0.0134629	0.198516	1.54152
94	0.0101031	0.0477433	0.300026	0.0029985	0.0143902	0.184264	1.58597
95	0.0101031	0.048739	0.302908	0.0029985	0.0132234	0.169713	1.23182
96	0.0101454	0.0498654	0.326769	0.00449775	0.0143902	0.165192	1.23182
97	0.0101031	0.0499576	0.31213	0.00449775	0.0143902	0.172451	1.21735
98	0.0101031	0.0505108	0.290709	0.00449775	0.0143902	0.182618	1.20124
99	0.0101031	0.0516088	0.302908	0.00149925	0.0143902	0.19521	1.2205
100	0.0101031	0.053231	0.326769	0	0.0128504	0.19132	1.00162
101	0.0106834	0.0544527	0.352796	0	0.0132234	0.19423	0.998249
102	0.0101454	0.0573465	0.363351	0.005997	0.0132234	0.196956	1.05512
103	0.0101031	0.0631574	0.426113	0.0089955	0.0147989	0.199853	1.2205
104	0.0101031	0.0641893	0.432832	0.0104948	0.0134505	0.208224	1.2205
105	0.0101454	0.0670028	0.445851	0.0104948	0.0132234	0.192764	1.2205
106	0.0101454	0.0687984	0.445851	0.00749625	0.0132234	0.183522	1.2205
107	0.0100514	0.073753	0.495415	0.0104948	0.0110864	0.17353	0.959929
108	0.0101454	0.0784014	0.53828	0.017991	0.0130762	0.162438	0.946957
109	0.0100514	0.0841615	0.552464	0.0209895	0.0130762	0.159062	0.946957
110	0.0101454	0.0772719	0.510927	0.0104948	0.0130115	0.160813	0.959757
111	0.0100514	0.0749065	0.47068	0.00749625	0.0130115	0.158698	0.946957
112	0.0113469	0.0759363	0.552464	0.00749625	0.0101541	0.155495	0.770345
113	0.0113469	0.0749941	0.552464	0.00749625	0.011056	0.154741	0.898985
114	0.0113469	0.0728894	0.537098	0.005997	0.0128504	0.15652	1.10009
115	0.0102226	0.0715776	0.456373	0.005997	0.0101541	0.167354	1.00534
116	0.0100514	0.0720783	0.445851	0.005997	0.0101541	0.176245	1.51624
117	0.0100514	0.0697096	0.430086	0.00449775	0.0101541	0.220368	12.4982
118	0.0100514	0.067807	0.384443	0.00449775	0.0101541	0.219562	13.1342
119	0.0101454	0.0682147	0.381325	0.0029985	0.0101541	0.221986	10.8644
120	0.0101454	0.0681273	0.381325	0.00149925	0.0101541	0.213509	4.78046
121	0.0101454	0.0682788	0.381325	0.00149925	0.0101541	0.207036	3.58569
122	0.0100514	0.0678917	0.36926	0.00149925	0.0101541	0.201197	3.18352
123	0.0101454	0.0674695	0.364201	0.00149925	0.0101541	0.227159	3.91894
124	0.0101454	0.066761	0.363351	0.00149925	0.0101541	0.25764	6.70888
125	0.0109522	0.0665911	0.384443	0.00149925	0.0101541	0.273946	9.32488
126	0.0101454	0.0682745	0.363351	0.0029985	0.0101541	0.308617	16.4485
127	0.0101454	0.0682989	0.364201	0.0029985	0.0101541	0.337092	25.083
128	0.0100514	0.0698569	0.36926	0.0029985	0.0105613	0.36018	23.1578
129	0.0113904	0.0713313	0.4147	0.00149925	0.0102916	0.370868	18.4966
130	0.0113904	0.0715307	0.410137	0.00149925	0.0105613	0.383848	23.1578
131	0.0113904	0.072303	0.418079	0.00149925	0.0102006	0.425652	18.4966
132	0.0111441	0.0734387	0.424201	0.00149925	0.0137696	0.524817	37.5283
133	0.010983	0.0750752	0.424201	0.0029985	0.0137839	0.697687	52.0567
134	0.0111441	0.0783036	0.47068	0.005997	0.0284867	0.903103	69.4594
135	0.0113904	0.0816257	0.518164	0.00749625	0.0617549	1.08061	69.4594
136	0.0114795	0.0834598	0.529373	0.0104948	0.0689852	1.28727	66.1364
137	0.011517	0.0864752	0.552325	0.011994	0.0689852	1.27007	69.4594
138	0.0116096	0.0890437	0.563958	0.011994	0.0689852	1.24014	66.1364
139	0.0113904	0.0949651	0.59604	0.0134933	0.10754	1.37573	99.6552
140	0.0101044	0.0993652	0.59604	0.023988	0.0724166	1.09823	66.1364
141	0.0113904	0.106966	0.732769	0.0254873	0.0821367	0.835227	66.1364
142	0.0161194	0.118802	1.14446	0.035982	0.0292299	0.636845	15.5448
143	0.017714	0.143356	1.45084	0.0524738	0.0356119	0.430288	3.05828
144	0.0173315	0.1378	1.16654	0.0449775	0.0216373	0.284911	2.08902
145	0.0173315	0.134727	1.16654	0.0449775	0.0190614	0.239435	1.82172
146	0.020324	0.138627	1.16654	0.0404798	0.0136071	0.211073	1.41345
147	0.020324	0.143297	1.16654	0.0464768	0.0123754	0.170435	1.39493
148	0.0195923	0.1385	1.1482	0.0434783	0.0103566	0.14283	1.02177
149	0.0208648	0.136362	1.17838	0.0434783	0.0103566	0.114224	0.900457
150	0.0183362	0.139941	1.17838	0.053973	0.0100193	0.104666	0.867201
151	0.0112679	0.113197	0.80945	0.0329835	0.0102863	0.0931082	0.834405
152	0.0102383	0.103328	0.660818	0.0269865	0.0100193	0.0815929	0.758916
153	0.0111737	0.0919385	0.563958	0.0164918	0.0100193	0.0756537	0.736427
154	0.0112622	0.0827399	0.529373	0.011994	0.0102733	0.0700837	0.651028
155	0.0103735	0.0741496	0.430695	0.00449775	0.0102733	0.0634376	0.546813
156	0.0102881	0.067983	0.374306	0.00149925	0.0102733	0.0596493	0.520901
157	0.0107119	0.0637751	0.374306	0.00149925	0.0100614	0.0560103	0.488325
158	0.0103735	0.0604591	0.34726	0.00149925	0.0100348	0.052177	0.419449
159	0.0107119	0.0580443	0.34726	0.00149925	0.0100348	0.0479907	0.394281
160	0.0100256	0.0555043	0.312767	0	0.0102733	0.0450234	0.385053
161	0.0100256	0.052788	0.308965	0.00149925	0.0100193	0.0429601	0.319164
162	0.0100256	0.0514729	0.312767	0.00149925	0.0100193	0.0417118	0.298897
163	0.0100256	0.050355	0.312767	0.0029985	0.0100348	0.0410115	0.282108
164	0.0100256	0.0496491	0.312767	0	0.0100193	0.0395884	0.276429
165	0.0100256	0.0484132	0.275878	0	0.0100193	0.0377495	0.252772
166	0.0100256	0.0482597	0.312767	0.0029985	0.0100193	0.0355951	0.23219
167	0.0100256	0.0463602	0.260714	0.0029985	0.0100193	0.0350718	0.210432
168	0.0100256	0.0450749	0.25482	0.005997	0.0100193	0.0352223	0.218314
169	0.0100256	0.0415128	0.232897	0.0029985	0.0100193	0.0349582	0.22789
170	0.0100256	0.039954	0.21647	0.0029985	0.0100193	0.0342444	0.212891
171	0.0101158	0.0393507	0.207939	0.0029985	0.0100193	0.033788	0.208261
172	0.0100256	0.0388027	0.203214	0.0029985	0.0100193	0.0342056	0.23219
173	0.0101158	0.037355	0.189959	0.0029985	0.0100614	0.034582	0.238327
174	0.010083	0.0367084	0.18362	0.0029985	0.0100225	0.0346825	0.238327
175	0.0100256	0.0364897	0.186672	0.0029985	0.0102733	0.0341763	0.239073
176	0.0100256	0.0357122	0.175441	0.00149925	0.0100193	0.0346268	0.238327
177	0.0100256	0.0350587	0.165027	0.00149925	0.0100193	0.0351619	0.273625
178	0.0100256	0.0343148	0.162392	0	0.0100193	0.035179	0.266393
179	0.010083	0.0330493	0.161524	0	0.0100193	0.0365678	0.298897
180	0.0100256	0.0320956	0.139216	0	0.0100193	0.0363948	0.319164
181	0.010083	0.0316451	0.137346	0	0.0100193	0.0353162	0.28469
182	0.0100256	0.0311257	0.13254	0	0.0100193	0.0359805	0.298897
183	0.0100256	0.0310721	0.128808	0	0.0100193	0.0357528	0.291257
184	0.010083	0.0307723	0.130287	0	0.0100193	0.0353194	0.273625
185	0.0100256	0.0302924	0.124514	0	0.0100193	0.0354569	0.279714
186	0.0100256	0.0303998	0.1298	0	0.0100193	0.0349581	0.273625
187	0.0100256	0.0302771	0.123394	0	0.0100193	0.0351954	0.239073
188	0.010083	0.0303885	0.137346	0.00149925	0.0100193	0.0363188	0.319164
189	0.010083	0.0301179	0.137346	0.0029985	0.0100193	0.0367339	0.329623
190	0.01	0.0302005	0.140959	0.005997	0.0100193	0.0372609	0.348926
191	0.01	0.02933	0.131842	0.00149925	0.0100193	0.0378182	0.348926
192	0.01	0.0297382	0.137346	0.0029985	0.0100193	0.0380439	0.362226
193	0.01	0.0291782	0.133225	0.00149925	0.0100193	0.0378437	0.319164
194	0.01	0.029002	0.132146	0.00149925	0.0100193	0.037746	0.329623
195	0.01	0.0292732	0.133665	0.00149925	0.0100193	0.0365155	0.279714
196	0.01	0.0295725	0.133665	0.00149925	0.0100193	0.035449	0.2117
197	0.01	0.0296764	0.132146	0.00149925	0.0100225	0.0353129	0.2117
198	0.01	0.030001	0.136752	0.00149925	0.0100193	0.0351541	0.206099
199	0.01	0.0299519	0.136752	0.00149925	0.0100193	0.0350853	0.18817
200	0.01	0.0302892	0.147671	0.00149925	0.0100193	0.0352709	0.183176
201	0.01	0.030184	0.137346	0.00149925	0.0100193	0.0345876	0.169293
202	0.01	0.0300057	0.136752	0.00149925	0.0100193	0.034402	0.167224
203	0.01	0.0299273	0.136752	0.00149925	0.0100193	0.0350137	0.169169
204	0.01	0.0297042	0.134099	0	0.0100225	0.0349607	0.16164
205	0.01	0.0300117	0.140096	0.00149925	0.0100225	0.0352941	0.16164
206	0.01	0.030031	0.141821	0.00149925	0.0100193	0.0357252	0.162133
207	0.01	0.0302488	0.148302	0.00149925	0.0102733	0.0353585	0.164914
208	0.01	0.030492	0.148302	0.00149925	0.0100193	0.0356491	0.162133
209	0.0100256	0.0305527	0.150657	0.00149925	0.0100193	0.0354886	0.162133
210	0.01	0.0299192	0.148302	0.00149925	0.0100193	0.0355228	0.162133
211	0.01	0.030459	0.150657	0.00149925	0.01019	0.0348933	0.162133
212	0.01	0.0303406	0.155616	0.00149925	0.01019	0.0356474	0.162133
213	0.01	0.0306444	0.160642	0.00149925	0.0100193	0.0365331	0.162133
214	0.01	0.0303748	0.157566	0	0.0100193	0.0376071	0.171628
215	0.01	0.0307396	0.158234	0	0.0100193	0.0380071	0.173292
216	0.010083	0.0305058	0.158234	0	0.0100193	0.0378507	0.169169
217	0.0100256	0.0304726	0.157566	0	0.0100193	0.0372875	0.16164
218	0.0100256	0.0303196	0.155616	0	0.01019	0.0383279	0.171628
219	0.0100505	0.0303117	0.148302	0	0.01019	0.038201	0.171628
220	0.01	0.0296418	0.137346	0	0.0100225	0.0392103	0.173292
221	0.01	0.0296584	0.137346	0	0.0106441	0.0394918	0.177515
222	0.01	0.0296848	0.134593	0	0.0106441	0.0404731	0.178309
223	0.0100256	0.0297126	0.137346	0	0.0106441	0.0424283	0.178309
224	0.0100505	0.0296597	0.137346	0	0.0106441	0.0443641	0.179569
225	0.01	0.0296706	0.137346	0	0.0106441	0.0461283	0.183176
226	0.01	0.0303029	0.148229	0.00149925	0.0106441	0.0470058	0.181165
227	0.01	0.0299858	0.140959	0.00149925	0.0102931	0.0496941	0.179569
228	0.0100256	0.029749	0.137346	0	0.0102931	0.049956	0.179569
229	0.01	0.0299892	0.137346	0	0.0104257	0.0515622	0.181165
230	0.01	0.0298538	0.140959	0	0.0108218	0.0536797	0.200492
231	0.01	0.0292228	0.13899	0	0.0108218	0.0558744	0.207872
232	0.01	0.0295583	0.146949	0.00149925	0.0112116	0.060737	0.260874
233	0.01	0.0291576	0.140959	0.00149925	0.0106441	0.0638244	0.260874
234	0.01	0.0294513	0.146949	0.00149925	0.0126104	0.0725192	0.2985
235	0.0100256	0.0296758	0.157566	0.00449775	0.0124807	0.0767431	0.317943
236	0.01	0.0291959	0.146949	0.00449775	0.0126104	0.0809358	0.355795
237	0.01	0.0285882	0.134232	0.0029985	0.0148587	0.0843079	0.428445
238	0.01	0.0283452	0.131335	0	0.0182869	0.0877645	0.56761
239	0.01	0.028595	0.133225	0	0.0162407	0.0934256	0.622227
240	0.01	0.0295053	0.139377	0.00149925	0.0182869	0.0972223	0.597181
241	0.01	0.0294626	0.13899	0	0.0192098	0.0985728	0.622227
242	0.01	0.0294591	0.13899	0	0.0182869	0.0996031	0.56761
243	0.01	0.0289777	0.134593	0	0.0192098	0.10119	0.622227
244	0.01	0.0295891	0.140959	0.00449775	0.0169049	0.10235	0.622227
245	0.01	0.0287123	0.133225	0	0.0169049	0.103384	0.622227
246	0.01	0.0286945	0.131335	0	0.0117899	0.107052	0.622227
247	0.01	0.0285589	0.131335	0	0.0107479	0.0936655	0.562731
248	0.01	0.0285266	0.130723	0	0.0101967	0.0840878	0.513436
249	0.01	0.0288959	0.139377	0.00149925	0.0100662	0.0728029	0.386098
250	0.01	0.0295349	0.143777	0.00149925	0.0100662	0.068606	0.372154
251	0.0101782	0.030153	0.162412	0.0029985	0.0100662	0.0638177	0.355795
252	0.0101353	0.0296457	0.161093	0.00149925	0.0100662	0.0584625	0.345826
253	0.01	0.0306339	0.161952	0.00149925	0.0100662	0.056314	0.34008
254	0.01	0.0311559	0.162412	0.00149925	0.0100662	0.0521033	0.301068
255	0.01	0.0311634	0.161952	0.00149925	0.0101076	0.0505788	0.283429
256	0.01	0.031583	0.162412	0.00149925	0.0100662	0.0466012	0.267321
257	0.01	0.0323894	0.169306	0.0029985	0.0100662	0.0436564	0.208587
258	0.01	0.0317228	0.163488	0.00149925	0.0100662	0.040955	0.208587
259	0.01	0.0310995	0.161093	0	0.0100662	0.0407202	0.251424
260	0.01	0.0311586	0.160642	0	0.0101076	0.0369714	0.181803
261	0.01	0.0315087	0.161093	0	0.0101076	0.0361765	0.181661
262	0.01	0.0318814	0.162412	0.00449775	0.0100662	0.0360249	0.22096
263	0.01	0.0319384	0.162936	0.0029985	0.0100662	0.0354536	0.215316
264	0.01	0.0320309	0.160642	0.0029985	0.0101076	0.0335105	0.181661
265	0.01	0.0321066	0.161093	0.0029985	0.0100662	0.0324491	0.177332
266	0.01	0.0320087	0.162412	0.0029985	0.0101076	0.0314102	0.177571
267	0.01	0.0318909	0.163488	0.0029985	0.0100662	0.0308809	0.171052
268	0.01	0.0318357	0.162412	0.0029985	0.0100662	0.030544	0.170728
269	0.01	0.031645	0.163488	0.00449775	0.0100662	0.0299609	0.165052
270	0.01	0.0312278	0.161093	0.0029985	0.0100662	0.0297595	0.165052
271	0.01	0.0311955	0.161093	0.0029985	0.0100662	0.0296569	0.171884
272	0.0100256	0.031025	0.161093	0.0029985	0.0100662	0.0293096	0.151654
273	0.0100351	0.0308331	0.160689	0.0029985	0.0100662	0.0288562	0.150439
274	0.01	0.0300374	0.14862	0.00149925	0.0100662	0.0284545	0.127417
275	0.0100256	0.0300986	0.154299	0	0.0100662	0.0283139	0.12607
276	0.0100256	0.0298085	0.148648	0	0.0100662	0.0280246	0.115925
277	0.01	0.0301052	0.147505	0.00149925	0.0100662	0.0278948	0.11754
278	0.0100351	0.0301625	0.148648	0.00149925	0.0100662	0.0274724	0.115925
279	0.01	0.0303346	0.148648	0.00149925	0.010074	0.0274171	0.120568
280	0.01	0.0302624	0.154299	0	0.010074	0.0269728	0.100683
281	0.0100256	0.0298609	0.154299	0	0.010074	0.0270551	0.100683
282	0.01	0.0299787	0.148648	0	0.0100876	0.0268785	0.100683
283	0.0100256	0.0300386	0.154299	0	0.010074	0.0256318	0.0905832
284	0.0100256	0.0303919	0.154299	0	0.010074	0.0251607	0.0899496
285	0.01	0.0307089	0.156997	0.00149925	0.010074	0.0250148	0.0841229
286	0.0100256	0.0309429	0.160689	0.00149925	0.010074	0.0247625	0.0826279
287	0.0100256	0.0307576	0.160689	0	0.010074	0.0248755	0.0812372
288	0.01	0.0311324	0.160689	0	0.010074	0.0239409	0.0726506
289	0.01	0.0315316	0.164858	0	0.0100876	0.0239168	0.0755985
290	0.01	0.0320908	0.170945	0	0.0101076	0.0238482	0.0755985
291	0.01	0.0321447	0.170945	0	0.010074	0.0235424	0.0723577
292	0.01	0.0320838	0.169599	0	0.010074	0.0231542	0.0723577
293	0.0100256	0.0317849	0.164858	0	0.010074	0.0227038	0.0712815
294	0.0100256	0.0318151	0.164858	0.00149925	0.010074	0.0227796	0.0754621
295	0.01	0.0316497	0.160534	0.00149925	0.0100876	0.0224291	0.0707459
296	0.0100256	0.031524	0.160534	0.0029985	0.010074	0.0224641	0.0707459
297	0.01	0.0319529	0.160534	0.0029985	0.0100876	0.0224146	0.0707459
298	0.01	0.0315693	0.155374	0.00149925	0.0100876	0.0224528	0.0707459
299	0.01	0.0321168	0.160534	0	0.010074	0.0225764	0.0707459
300	0.01	0.0327793	0.164926	0	0.0101076	0.0224979	0.0728135
301	0.01	0.033179	0.169599	0.00149925	0.0100876	0.0224763	0.0728135
302	0.01	0.0331341	0.169599	0.00149925	0.0101076	0.022419	0.0728135
303	0.01	0.0334463	0.170945	0	0.010074	0.022344	0.0723577
304	0.01	0.0329475	0.164926	0	0.010074	0.0224449	0.0723577
305	0.0100351	0.0328831	0.164926	0	0.010074	0.0222525	0.0722419
306	0.01	0.0333046	0.166136	0	0.0100876	0.0222954	0.0723577
307	0.0100351	0.0339072	0.17501	0.00149925	0.0101139	0.0222914	0.0728135
308	0.01	0.0333863	0.170945	0	0.0101139	0.0222076	0.0728135
309	0.0100251	0.0334857	0.17501	0.00149925	0.0101076	0.0222046	0.0728135
310	0.0100251	0.0334764	0.17501	0.00449775	0.0100876	0.0227897	0.0802744
311	0.0100251	0.0333265	0.170945	0.0029985	0.0100876	0.0226829	0.0788466
312	0.0100251	0.0326369	0.14862	0.0029985	0.0100876	0.0228804	0.082861
313	0.0100251	0.0325359	0.160134	0.0029985	0.0100876	0.0226099	0.0762355
314	0.0100251	0.0328114	0.164614	0.00449775	0.0100789	0.022725	0.0776317
315	0.0100251	0.0322082	0.151427	0.00449775	0.0100789	0.0227385	0.0802744
316	0.0100251	0.0327021	0.166136	0.00449775	0.0100789	0.0226341	0.082861
317	0.0100251	0.0312083	0.13831	0.00149925	0.0100789	0.0227075	0.082861
318	0.0100251	0.0311506	0.139229	0.00149925	0.0100876	0.02257	0.082861
319	0.0100251	0.0311248	0.140976	0.00149925	0.0100345	0.0232717	0.0905832
320	0.0100251	0.031321	0.139551	0.00149925	0.0100345	0.0233384	0.0932731
321	0.0100251	0.0320688	0.140976	0.00149925	0.0100345	0.0236948	0.0956294
322	0.0100251	0.032399	0.143523	0.0029985	0.0100345	0.0238318	0.0956294
323	0.0100251	0.032625	0.150663	0.0029985	0.0100876	0.0236578	0.0956294
324	0.0100251	0.0329148	0.151427	0.0029985	0.0100345	0.0239036	0.0956294
325	0.0100251	0.0334452	0.151427	0.0029985	0.0100345	0.0238709	0.0963746
326	0.0100251	0.0334313	0.149845	0.00449775	0.0100876	0.0238877	0.0956294
327	0.0100251	0.0323079	0.140555	0	0.0100876	0.0237973	0.0956294
328	0.0100251	0.0320953	0.140976	0	0.0100345	0.0239749	0.0956294
329	0.0100251	0.0322338	0.140976	0	0.0100345	0.0239748	0.0941733
330	0.0100251	0.0329958	0.151427	0.00449775	0.0100345	0.024014	0.0941733
331	0.0100251	0.0335041	0.166136	0.00449775	0.0100417	0.024406	0.106149
332	0.0100251	0.0339116	0.159378	0.0029985	0.0100417	0.0244642	0.106149
333	0.0100251	0.0336784	0.159378	0	0.0100345	0.0247837	0.106149
334	0.0100251	0.0347234	0.167591	0.00149925	0.0100345	0.025314	0.113415
335	0.0100251	0.0357108	0.179517	0.00449775	0.0100345	0.0254611	0.107363
336	0.0100251	0.0365617	0.208474	0.00449775	0.0100417	0.0264773	0.131662
337	0.0100251	0.0367301	0.204462	0.005997	0.0100345	0.0267919	0.131662
338	0.0100251	0.0360949	0.192136	0.0029985	0.0100345	0.0269437	0.138413
339	0.0100251	0.0359278	0.179517	0.00149925	0.0100345	0.0272108	0.139829
340	0.0100251	0.0361165	0.175371	0.00149925	0.0100871	0.0266722	0.131662
341	0.0100251	0.0367427	0.196312	0.00149925	0.0100871	0.0269744	0.131662
342	0.0100251	0.0376448	0.224018	0.0029985	0.0100871	0.0268221	0.131662
343	0.0100251	0.0377314	0.223106	0.0029985	0.0100345	0.0267666	0.126521
344	0.0100251	0.0381113	0.224018	0.0029985	0.0100345	0.0267809	0.120576
345	0.0100251	0.0387797	0.230688	0.00149925	0.0100345	0.0274634	0.13355
346	0.0100351	0.0393368	0.233625	0.00149925	0.0100345	0.0289947	0.175732
347	0.0100251	0.0400011	0.246731	0.0029985	0.0100345	0.0311703	0.240176
348	0.0100251	0.0400953	0.251275	0.0029985	0.0100345	0.0332542	0.296379
349	0.0100251	0.0403177	0.251275	0.0029985	0.0101139	0.0348327	0.343676
350	0.0100251	0.040837	0.263286	0.00449775	0.0100876	0.0379539	0.345022
351	0.0100251	0.0406994	0.263286	0.00449775	0.0100345	0.0420792	0.547724
352	0.0100251	0.0412221	0.259109	0.00449775	0.0100876	0.0529003	7.68581
353	0.0100251	0.0415662	0.263286	0.00449775	0.0100876	0.0621605	18.3441
354	0.0100251	0.0425024	0.293634	0.00449775	0.0100417	0.0741028	21.3856
355	0.0100251	0.0424723	0.293634	0.005997	0.0101139	0.069817	21.3856
356	0.0100251	0.0428315	0.298035	0.00449775	0.0101139	0.0703863	19.9576
357	0.0100251	0.0438817	0.350184	0.00449775	0.0100876	0.0635888	9.19123
358	0.0100251	0.0458727	0.361	0.005997	0.0100876	0.059003	3.17359
359	0.0100251	0.048283	0.422165	0.0149925
