		omega		Posterior		rho				Synonymous theta			kappa			phi	
Site	Lower	Point	Higher	prob of +ve	Lower	Point	Higher		Lower	Point	Higher	Lower	Point	Higher	Lower	Point	Higher
	95% HPD	estimate	95% HPD	selection	95% HPD	estimate	95% HPD		95% HPD	estimate	95% HPD	95% HPD	estimate	95% HPD	95% HPD	estimate	95% HPD
0	0.0100383	0.0314149	0.258209	0.0164918	0.0309032	1.62234	97.6463		0.0448048	0.0560246	0.0710387	2.9739	5.23764	9.79656	0	0	0
1	0.0100086	0.0290089	0.174595	0.005997	0.0223827	1.36603	97.6463
2	0.0100086	0.028143	0.131429	0.0029985	0.0223827	1.14919	97.6463
3	0.0100086	0.0274817	0.123273	0	0.0168974	1.03114	71.1425
4	0.0100086	0.0271007	0.121205	0	0.0168974	1.05989	71.1425
5	0.0100086	0.0270356	0.118534	0	0.0244071	1.15354	92.9155
6	0.0100086	0.0264815	0.115158	0	0.0281094	1.18654	96.7725
7	0.0100383	0.0261891	0.115158	0	0.0269841	1.22698	73.8861
8	0.0100086	0.0264087	0.116468	0.0029985	0.0299026	1.18244	73.8861
9	0.0100086	0.025542	0.112233	0	0.0278423	1.23508	73.8861
10	0.0100086	0.0255212	0.112233	0	0.0135232	0.977014	56.268
11	0.0100086	0.0258612	0.115158	0	0.0223827	1.14026	72.0623
12	0.0100086	0.0257375	0.115158	0	0.0244071	1.16204	79.0331
13	0.0100086	0.0255908	0.115158	0	0.0206172	1.28793	72.0623
14	0.0100086	0.0258309	0.116397	0	0.0275278	1.6196	92.1679
15	0.0100086	0.0260452	0.118082	0	0.0313677	1.79772	96.7568
16	0.0100086	0.0259517	0.116468	0	0.0244071	1.61732	96.7568
17	0.0100086	0.0257398	0.116468	0	0.0223827	1.46962	96.7568
18	0.0100086	0.0253449	0.115158	0	0.0202352	1.37011	92.1679
19	0.0100086	0.0255866	0.123402	0	0.0199597	1.16864	79.0331
20	0.0100086	0.0253521	0.120322	0	0.0197342	1.18862	74.0515
21	0.0100086	0.0254501	0.120322	0	0.0199597	1.19068	83.8722
22	0.0100086	0.0253043	0.115158	0	0.0161927	0.933067	71.7674
23	0.0100086	0.0255647	0.120322	0.00149925	0.0119139	0.845442	56.8329
24	0.0100086	0.0251862	0.115158	0.00149925	0.0119139	0.946399	59.2027
25	0.0100086	0.0254723	0.124293	0.00149925	0.0119233	1.044	57.1475
26	0.0100086	0.0259778	0.129979	0.00449775	0.0133091	1.19591	68.3189
27	0.0100086	0.0255685	0.125518	0.0029985	0.0133091	1.39245	74.0515
28	0.0100086	0.0259556	0.132612	0.0029985	0.0133308	1.44311	70.832
29	0.0100086	0.0260044	0.13513	0	0.0129305	1.40408	70.832
30	0.0100086	0.0261438	0.143086	0	0.0161927	1.43717	94.9307
31	0.0100172	0.0261935	0.13513	0	0.0164535	1.65548	97.2691
32	0.0100172	0.0260957	0.13513	0	0.0164535	1.95426	97.2691
33	0.0100383	0.026616	0.148903	0	0.0164535	2.03313	97.2691
34	0.0100172	0.0268731	0.150706	0	0.0170735	2.12993	98.6895
35	0.0100172	0.0268222	0.150706	0	0.0178249	2.26215	98.6895
36	0.0100172	0.0275502	0.160393	0.0029985	0.0178249	2.21754	98.6895
37	0.0100172	0.0280891	0.16671	0.0029985	0.0178249	2.56261	98.6895
38	0.0100383	0.0291226	0.183073	0.00449775	0.0178249	2.52625	98.6895
39	0.0100383	0.0282987	0.165815	0.00449775	0.0178249	2.42674	98.6895
40	0.0100477	0.0272257	0.157744	0.00149925	0.0176297	2.24323	98.6895
41	0.0100477	0.0271821	0.157744	0.0029985	0.0164535	1.97309	97.2691
42	0.0100383	0.0267883	0.148903	0.00149925	0.0164535	1.93947	97.2691
43	0.0100383	0.0265176	0.148903	0	0.0164535	1.95768	95.936
44	0.0100383	0.0263826	0.151452	0	0.0164535	1.6102	95.766
45	0.0100383	0.0261679	0.151452	0	0.0162265	1.27852	95.766
46	0.0100383	0.0261975	0.151452	0	0.0149709	0.866341	97.275
47	0.0100383	0.0259873	0.151452	0	0.0105374	0.587167	64.8352
48	0.0100383	0.026161	0.152307	0.0029985	0.0106734	0.522239	64.5814
49	0.0100383	0.026127	0.158894	0.00449775	0.0104884	0.501114	62.5583
50	0.0100383	0.0261378	0.160003	0.00449775	0.0105374	0.449043	59.2915
51	0.0100383	0.0259124	0.152307	0.00149925	0.0105374	0.418226	59.2915
52	0.0100383	0.0255378	0.144467	0	0.0105374	0.393983	59.2915
53	0.0100383	0.0254272	0.144467	0	0.0102923	0.38309	59.2915
54	0.0100383	0.0249132	0.133181	0	0.0106734	0.377382	56.0909
55	0.0100383	0.0243039	0.110595	0	0.0102923	0.356742	46.6923
56	0.0100383	0.0243614	0.108692	0	0.0106734	0.318369	46.6923
57	0.0100383	0.0244954	0.108692	0	0.0106734	0.326067	56.0909
58	0.0100383	0.0244896	0.110595	0	0.0101471	0.281244	53.2189
59	0.0100383	0.0244494	0.110595	0	0.0100288	0.234482	61.2659
60	0.0100383	0.0246375	0.111971	0	0.0106734	0.247618	66.526
61	0.0100383	0.0248963	0.121209	0	0.0106734	0.291835	67.0566
62	0.0100383	0.0253296	0.123327	0	0.0106734	0.286615	67.4667
63	0.0100383	0.0252272	0.121209	0	0.0106734	0.279659	67.0566
64	0.0100383	0.0247322	0.114656	0	0.0106734	0.265615	67.0566
65	0.0100065	0.025434	0.126151	0.005997	0.0109427	0.218873	67.0566
66	0.0100065	0.0251332	0.122408	0.00449775	0.0100288	0.15771	56.0909
67	0.0100065	0.0252145	0.119511	0.00449775	0.010177	0.151731	61.2659
68	0.0100065	0.0248484	0.114656	0.0029985	0.010177	0.143234	62.6385
69	0.010077	0.0244799	0.111541	0.0029985	0.0106734	0.147911	64.3186
70	0.0100065	0.0241401	0.100297	0.0029985	0.0100784	0.142778	60.2662
71	0.0100065	0.0240815	0.100297	0	0.0100784	0.148311	44.5065
72	0.0100065	0.0243781	0.105604	0	0.0100784	0.144514	37.1952
73	0.0100065	0.0245585	0.110403	0.00149925	0.0100288	0.145985	42.1332
74	0.0100065	0.0243648	0.105604	0.0029985	0.0100254	0.125921	22.148
75	0.0100065	0.0240543	0.101197	0.0029985	0.0100254	0.121419	15.334
76	0.0100065	0.0237313	0.0988823	0.0029985	0.0100254	0.119882	15.334
77	0.0100065	0.0235031	0.0925724	0.00149925	0.0100254	0.119777	11.5339
78	0.0100065	0.0237065	0.0988823	0.0029985	0.0100254	0.121218	11.5863
79	0.0100065	0.0238384	0.0988823	0.0029985	0.0100254	0.120059	13.8556
80	0.0100065	0.0237244	0.0988823	0.00449775	0.0100254	0.131416	18.6558
81	0.0100065	0.0233167	0.0953799	0	0.0100254	0.1347	18.6558
82	0.0100065	0.0231443	0.091152	0	0.0100254	0.133661	14.1095
83	0.0100383	0.023395	0.0988823	0	0.0100254	0.131416	10.7179
84	0.0100383	0.0235141	0.0988823	0	0.0100254	0.136015	10.7179
85	0.010077	0.0233154	0.0988823	0	0.0100254	0.156375	14.1095
86	0.0100383	0.0234891	0.0988823	0	0.0100254	0.155304	12.0716
87	0.0100065	0.023728	0.100297	0	0.0100254	0.180416	12.3102
88	0.0100065	0.0236982	0.100092	0	0.0100254	0.212401	14.4511
89	0.0100065	0.0237129	0.100092	0	0.0100254	0.249556	15.0226
90	0.0100065	0.0239039	0.10408	0	0.0101118	0.267443	18.3325
91	0.0100065	0.0236875	0.100092	0	0.0100254	0.265508	18.3325
92	0.0100065	0.0233584	0.097082	0	0.0100254	0.285616	22.5868
93	0.0100065	0.0241449	0.107183	0.00449775	0.0100254	0.305252	22.5868
94	0.0100065	0.0243278	0.109718	0.005997	0.0100254	0.330636	32.7818
95	0.0100065	0.0239761	0.101197	0.0029985	0.010177	0.354031	38.0001
96	0.0100065	0.0238726	0.100297	0.00149925	0.0100254	0.376917	39.5223
97	0.0100065	0.0235924	0.0982075	0.00149925	0.0100254	0.400111	39.5223
98	0.0100065	0.0238773	0.100092	0.0029985	0.0100254	0.450522	46.9309
99	0.0100065	0.0241234	0.100297	0.0029985	0.0100254	0.503475	43.576
100	0.0100065	0.0240808	0.105059	0	0.010177	0.532789	52.8265
101	0.0100065	0.0238677	0.103865	0	0.0123467	0.59353	55.582
102	0.0100065	0.0238336	0.100297	0.00149925	0.0123467	0.62874	52.2698
103	0.0100065	0.0238317	0.103865	0.0029985	0.012463	0.658836	51.5526
104	0.0100065	0.0233577	0.100092	0	0.0113883	0.722545	43.1043
105	0.0100065	0.023406	0.102561	0	0.0183396	0.974426	81.9629
106	0.0100065	0.0232481	0.102561	0	0.0288756	1.26953	96.6483
107	0.0100065	0.0232571	0.100297	0	0.0478911	1.62911	96.6483
108	0.0100187	0.0234457	0.103865	0	0.0538496	1.92767	96.6483
109	0.0100217	0.0237141	0.105059	0	0.0558875	2.05428	96.6483
110	0.0100217	0.0235757	0.105059	0	0.0590134	1.97735	96.6483
111	0.0100217	0.0236216	0.109139	0	0.0462704	1.72915	96.6483
112	0.0100217	0.0236405	0.109139	0	0.0343045	1.55872	97.7282
113	0.0100217	0.0234378	0.109139	0	0.0239024	1.43482	92.9214
114	0.0100217	0.0233113	0.111158	0	0.0224862	1.06556	69.894
115	0.0100217	0.023219	0.109139	0	0.01825	0.796784	72.7779
116	0.0100217	0.0231356	0.112872	0	0.0124104	0.642577	47.0915
117	0.0100383	0.0229878	0.112872	0	0.0109114	0.503133	26.1264
118	0.0100217	0.0230806	0.111158	0	0.0109114	0.413	13.2566
119	0.0100217	0.0233496	0.111158	0	0.0101376	0.343718	7.88017
120	0.0100217	0.0236561	0.10532	0.0029985	0.0105991	0.265971	5.74336
121	0.0100217	0.0230268	0.0991249	0.00149925	0.0107597	0.227596	5.61085
122	0.0100217	0.0228594	0.0960939	0.00149925	0.0100754	0.208897	4.9407
123	0.0100383	0.0223863	0.0863797	0	0.0107056	0.188811	4.9407
124	0.0100217	0.022164	0.0847332	0	0.0100754	0.213072	5.59728
125	0.0100383	0.0219253	0.0847332	0	0.0100754	0.230674	5.74336
126	0.0100619	0.0216191	0.0842748	0	0.0107597	0.242384	6.9965
127	0.0100217	0.0215422	0.0815896	0	0.0100754	0.260756	6.9965
128	0.0100217	0.0211389	0.0749988	0	0.0107056	0.306613	10.4395
129	0.0100217	0.021262	0.0782103	0	0.0100754	0.312819	7.52203
130	0.0100217	0.0211814	0.0749988	0	0.0118332	0.328348	10.601
131	0.0100217	0.0212072	0.0749988	0	0.0118332	0.342497	10.601
132	0.0100383	0.0211354	0.0749988	0	0.0107056	0.300518	7.87079
133	0.0100217	0.0212165	0.0784021	0	0.0104789	0.268232	7.99447
134	0.0100217	0.0211944	0.0749988	0	0.0102798	0.228556	8.9366
135	0.0100217	0.0214079	0.0812896	0	0.0102373	0.241365	8.90971
136	0.0100217	0.0214106	0.0812896	0	0.0102373	0.234365	8.90971
137	0.0100217	0.021631	0.0836575	0.00149925	0.0102364	0.194497	10.4395
138	0.0100217	0.0221562	0.0855912	0.0029985	0.0102456	0.14893	9.3259
139	0.0100217	0.0224352	0.097082	0.0029985	0.0102456	0.140241	9.3259
140	0.0100051	0.0217178	0.0821996	0	0.0102456	0.136214	9.3259
141	0.0100051	0.0224532	0.0920927	0	0.0102037	0.119385	8.9366
142	0.0100051	0.0223294	0.0868937	0	0.0101871	0.0890991	5.3884
143	0.0100051	0.0222369	0.0885648	0	0.0101871	0.0749366	1.37925
144	0.0100051	0.0221623	0.0891583	0	0.0102037	0.0612716	0.670333
145	0.0100051	0.022407	0.0920927	0	0.0102037	0.052454	0.498334
146	0.0100051	0.0232568	0.103865	0.0029985	0.0102037	0.0518664	0.498334
147	0.0100051	0.0230647	0.103865	0.00449775	0.0101871	0.0510818	0.490731
148	0.0100051	0.022583	0.0991957	0.0029985	0.0101871	0.0499774	0.477528
149	0.0100051	0.0226454	0.0964869	0	0.0102037	0.0504192	0.480301
150	0.0100051	0.0226356	0.0964869	0	0.0101274	0.0510523	0.499735
151	0.0100051	0.0230179	0.100453	0	0.0101274	0.0501444	0.499735
152	0.0100051	0.0229043	0.100453	0	0.0101274	0.0493007	0.499735
153	0.0100051	0.0228937	0.100453	0	0.0101274	0.0478388	0.585113
154	0.0100051	0.0226283	0.0964869	0	0.0101274	0.0482715	0.585113
155	0.0100051	0.0226923	0.097082	0	0.0101274	0.0483507	0.592692
156	0.0100051	0.0228292	0.10643	0	0.0101274	0.0478821	0.648095
157	0.0100051	0.0230838	0.10643	0	0.0101274	0.0473305	0.592692
158	0.0100051	0.0229323	0.100453	0	0.0101274	0.0473076	0.648095
159	0.0100051	0.0231327	0.109006	0	0.0101274	0.0475896	0.648095
160	0.0100051	0.0231536	0.110305	0	0.010026	0.0476516	0.749643
161	0.0100051	0.0230824	0.109006	0	0.010026	0.0470184	0.749643
162	0.0100051	0.0234959	0.12108	0	0.010026	0.0463689	0.91051
163	0.0100051	0.0230093	0.0991957	0	0.010026	0.0474341	1.02892
164	0.0100051	0.02273	0.0924222	0	0.010026	0.0497908	1.31573
165	0.0100051	0.0221283	0.0809847	0	0.010026	0.0511616	1.40717
166	0.0100051	0.0223591	0.0809847	0	0.010026	0.0544171	1.70782
167	0.0100051	0.0222936	0.0806636	0	0.0101274	0.0554195	1.83016
168	0.0100051	0.0226921	0.0820142	0	0.0102037	0.0589493	1.90701
169	0.0100051	0.0229037	0.0823314	0	0.0102037	0.0639743	1.90701
170	0.0100051	0.0226677	0.0820142	0	0.0102037	0.0728418	4.32383
171	0.0100051	0.0227706	0.0820142	0	0.010026	0.0756735	2.98648
172	0.0100051	0.0229705	0.0839318	0	0.0102373	0.0748919	2.94192
173	0.0100051	0.0230375	0.0901459	0	0.010026	0.0810998	3.67991
174	0.0100051	0.0228665	0.0823314	0	0.0102373	0.0846306	4.32383
175	0.0100051	0.0231789	0.097082	0	0.0102373	0.0908581	6.25793
176	0.0100051	0.0236198	0.100188	0	0.010026	0.095885	5.28793
177	0.0100051	0.0237129	0.100954	0	0.0102373	0.10954	5.04226
178	0.0100051	0.0236265	0.100188	0	0.010026	0.117579	3.71013
179	0.0100051	0.0235589	0.0991957	0	0.0102373	0.132536	5.36279
180	0.0100051	0.0235147	0.0991957	0	0.0102373	0.162811	6.25793
181	0.0100051	0.0235287	0.0973899	0	0.010026	0.169659	5.95097
182	0.0100051	0.0234176	0.097082	0	0.0102373	0.197677	6.25793
183	0.0100051	0.0233809	0.096725	0	0.0104789	0.228083	6.25793
184	0.0100051	0.0235388	0.100188	0	0.0102373	0.265168	6.25793
185	0.0100051	0.0235612	0.100453	0	0.0102373	0.282962	6.69016
186	0.0100051	0.0235427	0.097082	0	0.0102373	0.296195	10.1812
187	0.0100051	0.0233514	0.096725	0	0.0102373	0.328255	15.0368
188	0.0100051	0.0236209	0.097082	0	0.0100691	0.366511	23.7484
189	0.0100051	0.0238469	0.100954	0	0.0104789	0.442737	60.9647
190	0.0100051	0.0235213	0.097082	0	0.0111794	0.511593	62.2499
191	0.0100051	0.0237875	0.097082	0	0.0111794	0.528581	60.9647
192	0.0100051	0.0241715	0.100954	0.00149925	0.0111794	0.520284	60.9647
193	0.0100051	0.0244038	0.102664	0.00149925	0.0102373	0.457459	46.0594
194	0.0100051	0.02413	0.101498	0.00149925	0.0104789	0.388155	46.0594
195	0.0100051	0.0242586	0.103715	0.00149925	0.0100691	0.279079	37.0056
196	0.0100051	0.0238692	0.097082	0.00149925	0.0102373	0.237135	32.4114
197	0.0100051	0.0244713	0.110117	0.0029985	0.0102373	0.202412	32.3284
198	0.0100051	0.0239672	0.100954	0	0.0104789	0.165626	32.3284
199	0.0100051	0.0238278	0.097082	0	0.0102373	0.14183	27.1067
200	0.0100051	0.02401	0.100954	0	0.0106123	0.0951993	2.49371
201	0.0100051	0.0237287	0.0905789	0	0.0111794	0.0742495	0.989276
202	0.0100051	0.0232214	0.084115	0	0.0111794	0.0746621	0.989276
203	0.0100051	0.0230607	0.0823314	0	0.0106123	0.0722677	0.893663
204	0.0100051	0.0228519	0.0812225	0	0.0100008	0.0828913	1.15192
205	0.0100051	0.0225816	0.0788643	0	0.0100008	0.168165	22.1822
206	0.0100051	0.0228163	0.084115	0.00149925	0.0114605	0.296594	52.6494
207	0.0100051	0.0227294	0.084115	0.00149925	0.0114605	0.38277	58.0029
208	0.0100051	0.0227876	0.0887439	0.00149925	0.0128905	0.411464	65.8744
209	0.0100051	0.0231351	0.0968338	0.00149925	0.0128905	0.424984	65.9231
210	0.0100051	0.0233587	0.100954	0.0029985	0.0113544	0.411443	54.5348
211	0.0100051	0.0231485	0.0968338	0.0029985	0.0115887	0.423709	51.9994
212	0.0100051	0.0236441	0.105754	0.00149925	0.0105279	0.403078	44.8249
213	0.0100051	0.0238745	0.110117	0.00149925	0.010081	0.383493	36.478
214	0.0100051	0.0237709	0.105754	0.00149925	0.0105279	0.373878	44.8249
215	0.0100051	0.0236742	0.103715	0.00149925	0.0105279	0.347072	31.2757
216	0.0100051	0.0236775	0.103715	0.00149925	0.0105279	0.338982	31.2757
217	0.0100051	0.0239545	0.122499	0.00149925	0.0105279	0.304763	31.2757
218	0.0100051	0.0242797	0.130377	0.00149925	0.0105279	0.288769	23.2219
219	0.0100051	0.0244147	0.132937	0.00149925	0.0105279	0.242717	19.3288
220	0.0100051	0.0243311	0.132937	0.00149925	0.010081	0.192008	10.392
221	0.0100051	0.0241382	0.130148	0.00149925	0.010081	0.182718	9.49278
222	0.0100051	0.023485	0.103715	0	0.0105279	0.172273	9.48047
223	0.0100051	0.0238151	0.119301	0	0.010081	0.171249	8.0501
224	0.0100051	0.023866	0.112454	0	0.010081	0.171186	7.3937
225	0.0100051	0.0236732	0.115913	0	0.0105279	0.154856	4.82668
226	0.0100051	0.0236285	0.112454	0	0.0111629	0.139925	3.92652
227	0.0100051	0.0230319	0.105754	0	0.010081	0.139319	3.74859
228	0.0100051	0.0231073	0.107201	0	0.011293	0.129208	3.77025
229	0.0100058	0.0232593	0.107201	0.00149925	0.0111629	0.123574	3.56941
230	0.0100051	0.0232261	0.105754	0.0029985	0.0112477	0.118855	3.50979
231	0.0100051	0.0229817	0.101758	0.0029985	0.0100494	0.109653	2.41845
232	0.0100051	0.0225989	0.100954	0	0.0100494	0.105477	1.62262
233	0.0100051	0.0226432	0.0968338	0	0.0100494	0.108872	1.85978
234	0.0100051	0.0224411	0.0968338	0	0.0101502	0.11668	4.09836
235	0.0100217	0.0232696	0.107201	0.00149925	0.0100494	0.116082	4.27005
236	0.0100051	0.0237498	0.107201	0	0.0101502	0.119042	4.82668
237	0.0100051	0.0239149	0.107201	0	0.0100494	0.121367	4.82668
238	0.0100051	0.0239216	0.107201	0	0.0100494	0.116788	4.8888
239	0.0100051	0.0237948	0.107201	0	0.0100494	0.121971	5.00043
240	0.0100217	0.0235909	0.107201	0	0.0100494	0.12403	5.00043
241	0.0100051	0.0231161	0.102637	0	0.0100494	0.119846	5.00043
242	0.0100051	0.0232337	0.102255	0	0.0100494	0.121835	5.00043
243	0.0100217	0.0234335	0.107201	0	0.0100494	0.118557	5.00043
244	0.0100217	0.0233735	0.107201	0	0.0100494	0.115478	6.08419
245	0.0100051	0.0229888	0.102255	0	0.0100494	0.114621	5.86198
246	0.0100051	0.0228908	0.101758	0	0.0100494	0.11198	5.86198
247	0.0100051	0.0229219	0.10101	0	0.0100494	0.106932	5.86198
248	0.0100051	0.0230271	0.102255	0	0.0100494	0.106845	7.8346
249	0.0100051	0.0231205	0.102255	0	0.0100494	0.104233	8.68032
250	0.0100051	0.0231897	0.102255	0	0.0100494	0.101136	9.32649
251	0.0100051	0.0230229	0.10101	0	0.0100494	0.0944847	9.32649
252	0.0100051	0.0233831	0.10101	0.00449775	0.0100494	0.0922327	11.9691
253	0.0100051	0.0235663	0.101758	0.00449775	0.0100494	0.096391	16.82
254	0.0100051	0.0236639	0.10101	0.00449775	0.0100494	0.100404	31.7099
255	0.0100051	0.024152	0.102255	0.00449775	0.0100522	0.103402	44.943
256	0.0100051	0.0247266	0.105754	0.0029985	0.0102736	0.109579	56.9421
257	0.0100051	0.0241381	0.101839	0.00149925	0.0100522	0.110163	56.9421
258	0.0100051	0.0240665	0.103101	0	0.0100494	0.104409	44.943
259	0.0100051	0.0246637	0.115432	0.0029985	0.0100494	0.0983888	23.4339
260	0.0100051	0.0253921	0.133653	0.005997	0.0100494	0.096975	21.0647
261	0.0100051	0.025034	0.12878	0.0029985	0.0100494	0.0905051	16.82
262	0.0100051	0.0252661	0.134585	0.0029985	0.0100494	0.0866822	9.3689
263	0.0100051	0.0255422	0.135902	0.0029985	0.0100494	0.0890501	18.8218
264	0.0100051	0.0253754	0.134585	0.00149925	0.0100494	0.0987136	29.0812
265	0.0100051	0.0252059	0.133909	0	0.0100494	0.0893609	20.6158
266	0.0100051	0.0254369	0.133909	0	0.0100494	0.0802709	4.60221
267	0.0100051	0.0251849	0.123628	0	0.0100494	0.0728097	2.47387
268	0.0100051	0.0250119	0.113402	0	0.0100522	0.0687456	2.23064
269	0.0100051	0.024729	0.10699	0	0.0103326	0.0728267	2.46088
270	0.0100051	0.0244065	0.103096	0	0.0100522	0.0734172	2.26134
271	0.0100051	0.0246406	0.11083	0	0.0103326	0.0748949	2.47387
272	0.0100051	0.0246207	0.115432	0	0.0102342	0.0758723	2.46088
273	0.0100051	0.0246584	0.113402	0	0.0100522	0.0783057	2.99764
274	0.0100051	0.024718	0.115432	0	0.0100522	0.0816385	4.61927
275	0.0100051	0.0246396	0.115432	0	0.0100522	0.0860894	5.10201
276	0.0100051	0.0243225	0.110744	0	0.0100522	0.088879	5.3898
277	0.0100051	0.0246021	0.11083	0.0029985	0.0100522	0.0883971	5.66187
278	0.0100051	0.0242961	0.108035	0.00149925	0.0100522	0.0878195	5.10201
279	0.0100051	0.0238325	0.103096	0	0.0100915	0.0877987	5.10201
280	0.0100051	0.0238116	0.10321	0	0.0100522	0.0945909	6.15295
281	0.0100051	0.0240834	0.11083	0	0.0100522	0.0948928	5.99994
282	0.0100051	0.024068	0.114161	0	0.0100522	0.0989472	5.99994
283	0.0100051	0.0238524	0.114161	0	0.0100522	0.0992213	5.36948
284	0.0100051	0.0240309	0.114161	0	0.0100522	0.102552	5.41327
285	0.0100051	0.0241654	0.117535	0	0.0100522	0.101015	5.36948
286	0.0100051	0.0240305	0.115432	0	0.0100522	0.0982498	5.10201
287	0.0100051	0.0241327	0.117535	0	0.0100915	0.0921626	5.10201
288	0.0100051	0.0236399	0.109665	0	0.0100522	0.0910006	4.60221
289	0.0100051	0.0234985	0.109665	0	0.0100522	0.0964226	4.01873
290	0.0100051	0.0235491	0.11083	0	0.0100522	0.100196	3.7589
291	0.0100051	0.0237983	0.114161	0	0.0100522	0.102487	3.77607
292	0.0100051	0.0236218	0.114161	0	0.0100522	0.110046	4.02696
293	0.0100051	0.0235877	0.102255	0.00149925	0.0100522	0.112989	4.02696
294	0.0100051	0.0235674	0.100537	0.0029985	0.0100522	0.115955	3.26549
295	0.0100051	0.0229936	0.0874363	0.00149925	0.0100522	0.126014	2.56761
296	0.0100051	0.0230172	0.0870867	0.00149925	0.0103326	0.153992	2.50036
297	0.0100051	0.0232564	0.0931074	0.00149925	0.0104703	0.1936	2.56761
298	0.0100051	0.0236772	0.100954	0	0.0104703	0.261904	2.50036
299	0.0100051	0.0236552	0.100954	0	0.0104703	0.325451	2.56836
300	0.0100051	0.0236857	0.100954	0	0.0104703	0.360623	2.50036
301	0.0100051	0.0238146	0.103096	0	0.0128468	0.43122	2.84209
302	0.0100051	0.0238371	0.102946	0	0.0128468	0.442522	2.76781
303	0.0100051	0.0243264	0.111655	0	0.0128468	0.459218	2.56836
304	0.0100051	0.0239243	0.100954	0	0.0417834	0.480657	5.99994
305	0.0100051	0.0241039	0.100954	0	0.052471	0.486804	5.99994
306	0.0100058	0.0240647	0.100954	0	0.116275	0.513878	5.99994
307	0.0100058	0.0242564	0.102255	0	0.0985948	0.502582	5.99994
308	0.0100058	0.0244825	0.10372	0	0.0410949	0.476764	2.84209
309	0.0100058	0.0243892	0.103096	0	0.0367556	0.449776	2.84209
310	0.0100158	0.0243057	0.102255	0	0.0367556	0.408082	2.75375
311	0.0100217	0.0243542	0.102255	0	0.0367556	0.408263	3.01462
312	0.0100158	0.0244308	0.102255	0	0.0297895	0.409563	3.01462
313	0.0100158	0.024558	0.102255	0	0.0479166	0.405095	5.98336
314	0.0100158	0.0244038	0.100954	0	0.048963	0.403532	5.98336
315	0.0100158	0.0248082	0.103096	0	0.0472058	0.401451	5.66187
316	0.0100158	0.0247075	0.103096	0	0.0489018	0.389672	6.70055
317	0.0100217	0.024703	0.106044	0	0.0472058	0.382706	6.70055
318	0.0100158	0.0245329	0.104908	0	0.0426222	0.361328	6.70055
319	0.0100217	0.0247271	0.106044	0	0.012602	0.326432	2.11807
320	0.0100158	0.0248426	0.104908	0.00149925	0.012602	0.305217	1.56345
321	0.0100158	0.0251071	0.106044	0.0029985	0.0123199	0.280212	1.33744
322	0.0100158	0.0253306	0.11415	0.00149925	0.0123199	0.290553	1.56345
323	0.0100158	0.0254477	0.114277	0.00149925	0.012602	0.30412	3.16408
324	0.0100158	0.0253181	0.114277	0	0.012602	0.276474	1.60747
325	0.0100158	0.0258098	0.129411	0	0.022547	0.243752	1.7598
326	0.0100158	0.0256014	0.131657	0.00149925	0.0259863	0.219164	1.7598
327	0.0100158	0.0254173	0.126117	0.00149925	0.0256511	0.220533	1.75669
328	0.0100158	0.0249068	0.113448	0	0.0256511	0.218928	1.52856
329	0.0100158	0.0247557	0.113448	0	0.0256511	0.233724	2.63065
330	0.0100158	0.0248271	0.108338	0	0.0109513	0.237596	1.34198
331	0.0100158	0.0248304	0.10666	0.00149925	0.0255448	0.238252	3.15873
332	0.0100158	0.0250269	0.102255	0.0029985	0.0104068	0.239656	1.56345
333	0.0100158	0.0251272	0.101584	0.00449775	0.0165353	0.238702	2.70192
334	0.0101022	0.0248541	0.100954	0.0029985	0.0165353	0.234584	2.70192
335	0.0100158	0.0248385	0.0971364	0.0029985	0.0104068	0.231305	1.7598
336	0.0101022	0.0250276	0.100954	0.0029985	0.0109513	0.238481	1.94677
337	0.0100158	0.0251053	0.100879	0.0029985	0.0109513	0.235519	2.13321
338	0.0100158	0.0258361	0.107479	0.00449775	0.0109513	0.226237	2.19317
339	0.0100217	0.0257409	0.107479	0.0089955	0.0109513	0.212732	2.26329
340	0.0100217	0.0253204	0.10517	0.00449775	0.0100641	0.216913	2.21414
341	0.0100217	0.026111	0.118186	0.0089955	0.0100641	0.2229	2.26329
342	0.0100217	0.0264944	0.129411	0.00749625	0.0100641	0.242474	3.06131
343	0.0100217	0.0255817	0.110035	0.005997	0.0109513	0.225764	2.70359
344	0.0100217	0.0250098	0.100954	0.00149925	0.0117087	0.220308	2.70359
345	0.0100217	0.0250177	0.100954	0	0.0100794	0.195311	2.70359
346	0.0101022	0.0252104	0.108773	0	0.0100794	0.174574	2.70359
347	0.0100488	0.0254431	0.108773	0	0.0100641	0.153095	2.04894
348	0.0100217	0.0262094	0.121348	0.0029985	0.0100641	0.131419	1.73416
349	0.0100217	0.0263682	0.121348	0	0.0100641	0.115839	0.881517
350	0.0100217	0.0265736	0.12409	0	0.0100641	0.107649	0.784338
351	0.0100217	0.0269299	0.134557	0.00449775	0.0100641	0.10254	0.781062
352	0.0100217	0.0272521	0.134557	0.00449775	0.0107708	0.0955634	0.827052
353	0.0100217	0.0272148	0.134557	0	0.0100641	0.0913283	0.781062
354	0.0100217	0.0280241	0.137928	0.00149925	0.0100641	0.084373	0.657191
355	0.0100217	0.0279502	0.137928	0	0.0100641	0.0810691	0.651488
356	0.0100217	0.0280623	0.14365	0.00149925	0.0100641	0.0767546	0.554041
357	0.0100217	0.0284607	0.14365	0.00449775	0.0100641	0.0755488	0.595866
358	0.0100488	0.0278634	0.134557	0	0.0100641	0.0771642	0.716726
359	0.0100488	0.0278836	0.132405	0	0.0100641	0.0758336	0.716726
360	0.0100488	0.0281238	0.128159	0	0.0100641	0.0736242	0.784437
361	0.0101485	0.0281952	0.124211	0.00149925	0.0100641	0.0705865	0.657191
362	0.0101485	0.0280291	0.124211	0.00149925	0.0100641	0.0706472	0.60465
363	0.0100595	0.0281906	0.124211	0.00149925	0.0102547	0.0696132	0.60465
364	0.0100488	0.0288565	0.136544	0.00149925	0.0102547	0.0670282	0.60465
365	0.0100488	0.0287486	0.137928	0.00149925	0.0109317	0.0599794	0.376572
366	0.0100488	0.0287689	0.143331	0.00149925	0.0102547	0.0568226	0.29518
367	0.0100488	0.0282643	0.132405	0	0.0110359	0.0533721	0.29518
368	0.0100488	0.0281437	0.126557	0	0.0102547	0.0519361	0.265911
369	0.0100488	0.0282232	0.128159	0	0.0102547	0.0495643	0.248635
370	0.0100488	0.0280752	0.128159	0	0.0102547	0.0498151	0.274637
371	0.0100488	0.0281835	0.128159	0	0.0102547	0.0503193	0.288126
372	0.0100488	0.0281036	0.126557	0	0.0102547	0.0486211	0.274637
373	0.0100595	0.0278632	0.124211	0	0.0102547	0.0473009	0.264252
374	0.0100595	0.0279796	0.124211	0	0.0102547	0.0455503	0.226368
375	0.0100595	0.0281886	0.124211	0	0.0108532	0.0416526	0.211258
376	0.0100488	0.0280953	0.121598	0	0.0100387	0.0388531	0.183313
377	0.0100595	0.028814	0.126557	0	0.0100387	0.0378585	0.183313
378	0.0100595	0.0291822	0.132405	0.00149925	0.0100387	0.0391315	0.200102
379	0.0100595	0.0294926	0.156574	0.00149925	0.0100387	0.0363427	0.173229
380	0.0100595	0.0294435	0.156574	0	0.0100387	0.0361255	0.174676
381	0.0100595	0.0284595	0.124211	0	0.0100387	0.0357545	0.173229
382	0.0100595	0.0283645	0.130185	0	0.0100387	0.0353704	0.171485
383	0.0100595	0.0283264	0.119442	0	0.0100387	0.0353392	0.171485
384	0.0100595	0.0278112	0.116415	0	0.0100387	0.0348678	0.166152
385	0.0101737	0.0273137	0.116415	0	0.0100387	0.034859	0.153243
386	0.0101737	0.0269441	0.116415	0	0.0100387	0.0352582	0.166152
387	0.0101737	0.0272256	0.116927	0	0.0100387	0.0345868	0.166152
388	0.0101798	0.0273662	0.117071	0	0.0100387	0.034363	0.153243
389	0.0100595	0.0278011	0.119704	0	0.0100387	0.0346462	0.164283
390	0.0100595	0.0279047	0.128195	0	0.0100387	0.0342371	0.168818
391	0.0100595	0.0281097	0.128195	0	0.0100387	0.0341518	0.171485
392	0.0100595	0.0279483	0.132405	0	0.0100387	0.0347247	0.173229
393	0.0100595	0.0277276	0.122646	0	0.0100387	0.0351275	0.173229
394	0.0100595	0.0278965	0.123497	0.00149925	0.0100387	0.0358932	0.173229
395	0.0100595	0.0279887	0.128195	0	0.0100387	0.0361781	0.173229
396	0.0100595	0.0280824	0.129505	0	0.0100387	0.0357927	0.173229
397	0.0100595	0.0285104	0.149152	0.00449775	0.0100387	0.0378161	0.204665
398	0.0100595	0.0284226	0.132405	0.00449775	0.0100387	0.0397685	0.211187
399	0.0100595	0.0283188	0.132405	0.00449775	0.0100387	0.041782	0.263548
400	0.0100595	0.0282842	0.146833	0.0029985	0.0100387	0.0426966	0.274732
401	0.0100595	0.0285027	0.151524	0.0029985	0.0100387	0.043898	0.288126
402	0.0100595	0.0282768	0.132405	0.0029985	0.0100387	0.0438259	0.275073
403	0.0100595	0.0271282	0.119442	0.0029985	0.0100387	0.0450534	0.29928
404	0.0100595	0.0263833	0.114338	0	0.0100387	0.0450663	0.395304
405	0.0100595	0.026195	0.111989	0	0.0100387	0.046062	0.450919
406	0.0100595	0.0264124	0.112725	0	0.0100387	0.0464027	0.450919
407	0.0100595	0.0266181	0.115719	0	0.0100387	0.047988	0.579198
408	0.0100317	0.0272486	0.123497	0	0.0100387	0.0453146	0.303731
409	0.0100317	0.0273224	0.129505	0	0.0100387	0.0441578	0.288126
410	0.0100317	0.0285292	0.175156	0.00449775	0.0100387	0.0462086	0.395304
411	0.0100317	0.0290644	0.188297	0.00449775	0.0100387	0.0468147	0.407311
412	0.0100317	0.0287431	0.155889	0.00749625	0.0100387	0.0486769	0.407311
413	0.0100595	0.0286649	0.155889	0.0029985	0.0100387	0.0502602	0.408474
414	0.0100595	0.0285651	0.155889	0.0029985	0.0100387	0.051643	0.451457
415	0.0100595	0.0280632	0.146833	0.0029985	0.0101292	0.0542666	0.470794
416	0.0100317	0.0273754	0.137536	0	0.0106079	0.0596105	0.566683
417	0.0100317	0.0273217	0.132405	0	0.0106079	0.0654087	0.60279
418	0.0100317	0.0270839	0.123497	0	0.0108123	0.068757	0.669806
419	0.0100317	0.0273167	0.137536	0	0.0108532	0.114596	42.39
420	0.0100317	0.0268953	0.123253	0	0.0108532	0.144905	61.0558
421	0.0100317	0.0263792	0.114338	0	0.0106079	0.145311	49.427
422	0.0100317	0.0257246	0.0981606	0	0.0103851	0.158965	42.7265
423	0.0100317	0.0259812	0.0962339	0.00449775	0.0108123	0.206452	33.983
424	0.0100317	0.0262347	0.100954	0.0089955	0.0108123	0.251343	35.758
425	0.0100317	0.0257875	0.0947523	0.00449775	0.0108123	0.266357	28.5806
426	0.0100317	0.0254033	0.0942361	0.0029985	0.0107678	0.2937	28.5806
427	0.0100317	0.0250873	0.0906857	0.0029985	0.0110695	0.281448	28.5806
428	0.0100317	0.0246571	0.0862524	0.00149925	0.0107678	0.232984	22.9276
429	0.0100595	0.0250051	0.0875936	0.00149925	0.0100751	0.198969	10.9797
430	0.0100317	0.0251227	0.0896334	0	0.0107678	0.154319	6.56447
431	0.0100317	0.0253567	0.0914785	0	0.0107678	0.158019	10.2878
432	0.0100317	0.0254338	0.0942361	0	0.0107678	0.170788	13.1239
433	0.0100317	0.0251917	0.0906857	0	0.0107678	0.164555	15.6915
434	0.0100595	0.0248371	0.0868141	0	0.0107678	0.176404	19.1437
435	0.0100595	0.0249369	0.0868141	0.00449775	0.0107678	0.176108	27.2618
436	0.0100317	0.0244944	0.0857162	0	0.0103259	0.236195	45.1825
437	0.0100595	0.0241263	0.0840147	0	0.0100751	0.270352	49.7531
438	0.0100317	0.0234983	0.0773288	0	0.0100751	0.267909	49.7531
439	0.0100317	0.0235477	0.0787552	0	0.0100751	0.263319	49.7531
440	0.0100317	0.0235759	0.0773288	0	0.0102182	0.244314	50.8501
441	0.0100595	0.0234442	0.0766463	0	0.0113926	0.204539	63.2512
442	0.0100595	0.0233413	0.0764784	0	0.0102182	0.186502	43.0447
443	0.0100595	0.0234509	0.0764784	0	0.0107678	0.177887	43.0447
444	0.0100595	0.0236288	0.0799849	0	0.0102182	0.173358	43.0447
445	0.0101073	0.0237318	0.0806555	0	0.0102182	0.156243	23.057
446	0.0101073	0.0239637	0.0808587	0.00149925	0.0102182	0.156744	19.0144
447	0.0101073	0.0241465	0.0840067	0.00149925	0.0106354	0.147022	19.2267
448	0.0101073	0.0239768	0.0808587	0	0.0114081	0.130663	12.3425
449	0.0101073	0.0236678	0.0808587	0	0.0102182	0.122309	2.48868
450	0.0101073	0.0236859	0.0808587	0	0.0106354	0.118812	1.2209
451	0.0101073	0.0241207	0.0867079	0	0.0114081	0.113871	1.18119
452	0.0101073	0.0245173	0.0914934	0	0.0102182	0.116965	0.970447
453	0.0101166	0.024341	0.0914934	0	0.0114081	0.114771	0.970447
454	0.0101143	0.0244061	0.089779	0	0.011477	0.117483	1.14898
455	0.0101143	0.0247551	0.0947523	0.00149925	0.0114081	0.118312	1.13348
456	0.0101143	0.0242915	0.0875149	0.00149925	0.011477	0.115042	0.970447
457	0.0101143	0.023613	0.0816367	0	0.0102182	0.114413	0.970447
458	0.0101143	0.0237425	0.0835764	0	0.0106354	0.113318	0.970447
459	0.0101166	0.0236277	0.0840147	0	0.0114081	0.111988	0.970447
460	0.0101143	0.0236235	0.0840147	0	0.0114081	0.110181	0.935861
461	0.0101143	0.0238838	0.0867079	0	0.0117244	0.113328	0.975891
462	0.0101143	0.0238694	0.0867079	0	0.011477	0.11549	0.870904
463	0.0101143	0.0237669	0.0867079	0	0.0110715	0.119409	0.764733
464	0.0101143	0.0240034	0.0875149	0	0.011477	0.126573	0.870904
465	0.0101143	0.0242621	0.0912103	0.00149925	0.011477	0.129677	0.870904
466	0.0101143	0.0240392	0.0875149	0	0.0114081	0.135914	0.870904
467	0.0101143	0.0250708	0.0982276	0.0029985	0.01053	0.136324	0.788526
468	0.0101143	0.025295	0.0982276	0.00449775	0.0114081	0.15187	1.04297
469	0.0101143	0.0250167	0.0980331	0.00149925	0.01053	0.15106	0.977491
470	0.0101166	0.0248687	0.0982276	0	0.0114081	0.151802	1.01385
471	0.0101166	0.0248353	0.0982276	0	0.01053	0.146328	0.761597
472	0.0101143	0.025289	0.105581	0	0.01053	0.151096	0.761597
473	0.0101143	0.0254313	0.10509	0	0.01053	0.149681	0.761597
474	0.0101143	0.0256297	0.106607	0	0.0137052	0.166809	1.01385
475	0.0101143	0.025849	0.107695	0	0.0139471	0.180219	1.01385
476	0.0101143	0.0260754	0.11376	0	0.0161739	0.199478	1.16132
477	0.0101143	0.0261851	0.113801	0	0.0194907	0.223607	1.5151
478	0.0101143	0.0264985	0.113801	0	0.0194907	0.230111	1.5151
479	0.0101143	0.0266413	0.120359	0	0.0222518	0.245843	1.60216
480	0.0101143	0.0267644	0.134355	0	0.0190981	0.250901	1.5151
481	0.0101143	0.0274219	0.134355	0.00449775	0.0187929	0.256934	1.63205
482	0.0101143	0.0265169	0.108254	0	0.0222518	0.268498	1.63205
483	0.0101143	0.0269949	0.116762	0	0.0161739	0.240578	1.60216
484	0.0101143	0.0273944	0.124319	0	0.01053	0.228287	1.0161
485	0.0101143	0.0274018	0.124319	0	0.0139471	0.240625	1.51196
486	0.0101143	0.0279613	0.138589	0	0.0139471	0.251591	1.67341
487	0.0101143	0.0279503	0.138589	0	0.0115566	0.267923	1.59335
488	0.0101143	0.0276512	0.134566	0	0.0115566	0.301364	2.14015
489	0.0101143	0.0276254	0.138589	0	0.0115566	0.334957	3.0732
490	0.0101143	0.0282922	0.149062	0	0.0216213	0.473332	8.714
491	0.0101166	0.0285682	0.163494	0	0.0472961	0.64888	10.526
492	0.0101143	0.0290313	0.168846	0	0.111984	0.861887	12.0667
493	0.0101143	0.0292727	0.172195	0	0.12064	0.896675	12.4295
494	0.0102417	0.0298839	0.185297	0	0.105833	0.997469	17.1523
495	0.0101537	0.0300705	0.184919	0	0.0660517	1.14131	17.1523
496	0.0101166	0.0308508	0.184919	0	0.0387257	1.12183	17.1523
497	0.0101166	0.0313084	0.191832	0.00149925	0.0348988	0.958703	31.9865
498	0.0101166	0.032873	0.198208	0.00449775	0.0219807	0.785102	12.4295
499	0.0101204	0.0326538	0.194036	0.00449775	0.0206335	0.722485	10.3803
500	0.0101166	0.0353072	0.244851	0.0089955	0.0206335	0.684148	10.9432
501	0.0101166	0.0377109	0.305044	0.0134933	0.0206335	0.61319	10.526
502	0.010127	0.0398372	0.452074	0.0194903
