		omega		Posterior		rho				Synonymous theta			kappa			phi	
Site	Lower	Point	Higher	prob of +ve	Lower	Point	Higher		Lower	Point	Higher	Lower	Point	Higher	Lower	Point	Higher
	95% HPD	estimate	95% HPD	selection	95% HPD	estimate	95% HPD		95% HPD	estimate	95% HPD	95% HPD	estimate	95% HPD	95% HPD	estimate	95% HPD
0	0.0100012	0.0422437	0.301722	0.023988	0.0102021	0.226297	10.7036		0.0323766	0.0392964	0.0494659	2.18312	3.46636	5.26262	0	0	0
1	0.0100012	0.0396827	0.259705	0.005997	0.0100999	0.19298	15.3909
2	0.0100012	0.0400169	0.268737	0.0134933	0.0100999	0.165942	15.3909
3	0.0100012	0.0374332	0.208458	0.005997	0.0100999	0.170943	15.5313
4	0.0100012	0.0368394	0.180231	0.00449775	0.0100999	0.136817	10.0932
5	0.0100879	0.0392257	0.210661	0.0164918	0.0104984	0.146275	15.5313
6	0.0101484	0.0371287	0.178574	0.00449775	0.0100198	0.12501	7.96221
7	0.0101484	0.0364586	0.169933	0.00449775	0.0100198	0.12327	5.22402
8	0.0100587	0.0364089	0.161815	0.005997	0.0100198	0.123484	15.3909
9	0.0100587	0.0357966	0.144971	0.0089955	0.0106054	0.116518	4.09672
10	0.0100587	0.0351706	0.136139	0.00749625	0.0100873	0.11189	19.1163
11	0.0100587	0.0343394	0.127107	0.0029985	0.0100873	0.104776	12.1696
12	0.0100587	0.0337341	0.125524	0	0.0100873	0.0945835	4.09672
13	0.0100587	0.0337034	0.127107	0	0.0100873	0.0923667	4.09672
14	0.0100587	0.0340204	0.137846	0	0.0100873	0.0784693	1.49105
15	0.0100879	0.0337886	0.127107	0	0.0107235	0.0732885	1.11681
16	0.0100587	0.0334813	0.125524	0	0.0107235	0.071394	0.921273
17	0.0100587	0.0334296	0.122415	0	0.0107235	0.0727592	1.1113
18	0.0100587	0.0330779	0.125524	0.0029985	0.0100873	0.0730539	9.80166
19	0.0100587	0.0333221	0.138919	0.0029985	0.0102178	0.073062	11.1468
20	0.0100587	0.0332112	0.138919	0.0029985	0.0107235	0.0703143	11.1468
21	0.0100587	0.0328605	0.138919	0.0029985	0.0102178	0.0661967	9.80166
22	0.0100587	0.0325901	0.138919	0.0029985	0.0100176	0.0567476	0.471549
23	0.0100587	0.0317049	0.122676	0	0.0100176	0.0550521	0.497011
24	0.0100879	0.032279	0.144971	0	0.0100176	0.0482795	0.326086
25	0.0100587	0.0331781	0.153606	0	0.0102178	0.0485782	0.359921
26	0.0100587	0.0343539	0.171142	0	0.0102178	0.0487386	0.359921
27	0.0100587	0.0347174	0.171142	0	0.0100176	0.0499657	0.356328
28	0.0101532	0.0350144	0.179966	0	0.0100176	0.0485667	0.326086
29	0.0101484	0.0346408	0.179966	0	0.0102178	0.0476681	0.326086
30	0.0101484	0.0344708	0.179966	0	0.0102497	0.0471785	0.326086
31	0.0100321	0.0340136	0.166712	0	0.0100176	0.0468979	0.326086
32	0.0100321	0.0333426	0.160138	0.00149925	0.0102178	0.0459906	0.326086
33	0.0100321	0.0332374	0.161913	0	0.0100176	0.0413721	0.220219
34	0.0100321	0.0331572	0.160138	0	0.0102178	0.0392136	0.218252
35	0.0100321	0.0333386	0.171142	0	0.0100176	0.0375995	0.18903
36	0.0100587	0.0333366	0.178103	0	0.0100176	0.0379662	0.206262
37	0.0101484	0.0334898	0.179966	0	0.0100176	0.0387185	0.220219
38	0.0102431	0.033752	0.182237	0	0.0102178	0.0384285	0.222327
39	0.0101532	0.0338977	0.180833	0.005997	0.0100176	0.0377598	0.196712
40	0.0100321	0.0336867	0.1706	0.005997	0.0100176	0.0370627	0.196712
41	0.0100321	0.0328537	0.162822	0	0.0100176	0.0370287	0.192004
42	0.0100321	0.033076	0.166712	0	0.0100176	0.0367223	0.17959
43	0.0100321	0.033478	0.1706	0.00149925	0.0100176	0.0373851	0.216191
44	0.0100321	0.0332381	0.162822	0.00149925	0.0100176	0.0374433	0.218252
45	0.0100321	0.0328134	0.160423	0.00149925	0.0100176	0.0376735	0.212757
46	0.0100321	0.0326847	0.166712	0	0.0100176	0.0377286	0.192004
47	0.0100321	0.0323279	0.166712	0	0.0100176	0.0360866	0.164085
48	0.0100321	0.0316537	0.157982	0	0.0100176	0.0367128	0.179641
49	0.0100879	0.0317371	0.160423	0	0.0100176	0.0368518	0.192004
50	0.0100321	0.0312369	0.153316	0	0.0100176	0.0362294	0.196712
51	0.0100321	0.0310545	0.14	0	0.0100176	0.0353516	0.179641
52	0.0101476	0.0314301	0.157982	0	0.0100176	0.0361696	0.196712
53	0.0100879	0.0315272	0.160423	0	0.0100176	0.0364227	0.199874
54	0.0100321	0.0313534	0.160423	0	0.0100176	0.0357121	0.199874
55	0.0100879	0.0316659	0.1706	0	0.0100176	0.0350553	0.17959
56	0.0101476	0.0323423	0.181518	0.00149925	0.0100176	0.0343583	0.169641
57	0.0100879	0.0328781	0.185064	0.00149925	0.0100176	0.0337766	0.163112
58	0.0100879	0.0338576	0.205622	0.00149925	0.0100176	0.0337856	0.164085
59	0.0100321	0.0330834	0.185064	0.00149925	0.0100176	0.0330943	0.163112
60	0.0100321	0.0332297	0.185064	0	0.0100176	0.0327387	0.151529
61	0.0100879	0.0322568	0.183484	0	0.0100176	0.0329704	0.157149
62	0.0100321	0.0314081	0.160423	0	0.0100176	0.0325702	0.151529
63	0.0100321	0.031139	0.15622	0	0.0100176	0.0329138	0.154928
64	0.0100321	0.031243	0.15622	0	0.0100176	0.0321977	0.149661
65	0.0100321	0.0319592	0.1706	0	0.0100176	0.0320889	0.147922
66	0.0100321	0.0319156	0.166417	0	0.0100176	0.0304032	0.131204
67	0.0100321	0.0315614	0.163565	0	0.0100176	0.0300093	0.128225
68	0.0100321	0.031467	0.160423	0	0.0100176	0.0295586	0.12394
69	0.0100879	0.0310582	0.157982	0	0.0100548	0.0291087	0.12394
70	0.0100879	0.0308919	0.157982	0.00149925	0.0102308	0.0285305	0.12394
71	0.0100879	0.0306851	0.149107	0.00149925	0.0102308	0.0285727	0.12394
72	0.0100879	0.0313696	0.15622	0.00149925	0.0102746	0.0288072	0.125269
73	0.0100879	0.0314039	0.15622	0.00149925	0.0102746	0.0285673	0.12394
74	0.0101476	0.0322184	0.170384	0.00149925	0.0100176	0.0280675	0.104803
75	0.0100879	0.0325902	0.176625	0.00149925	0.0100176	0.0278938	0.104692
76	0.0100879	0.0324985	0.176625	0.00149925	0.0100176	0.0270796	0.0936615
77	0.0100879	0.0326268	0.176625	0.00149925	0.0100176	0.0275686	0.102239
78	0.0101792	0.0328215	0.185064	0.00149925	0.0100176	0.0277197	0.102239
79	0.0100879	0.0339244	0.206699	0.00149925	0.0100176	0.0277136	0.102239
80	0.0100879	0.0340535	0.206699	0.00149925	0.0100176	0.0276323	0.102239
81	0.0100879	0.0333632	0.206699	0.00149925	0.0100176	0.0286128	0.114917
82	0.0100879	0.0322873	0.181518	0.00149925	0.0100176	0.0284961	0.105843
83	0.0100879	0.0325475	0.189732	0.00149925	0.0100176	0.0284309	0.105843
84	0.0101653	0.0337735	0.213154	0.0029985	0.0100176	0.0290612	0.114917
85	0.0101081	0.0341786	0.218007	0.0029985	0.0100548	0.029499	0.125269
86	0.0101081	0.034288	0.235953	0.0029985	0.0100176	0.0293835	0.125042
87	0.0101653	0.0337825	0.178546	0.00149925	0.0100176	0.0304882	0.137347
88	0.0101081	0.0338303	0.178546	0.00149925	0.0100176	0.0315784	0.147922
89	0.0101081	0.0339379	0.189732	0.0029985	0.0100176	0.0325951	0.15386
90	0.0101081	0.0335151	0.172315	0	0.0100176	0.0335143	0.207019
91	0.0101081	0.033987	0.178546	0.00149925	0.0100176	0.0334185	0.195321
92	0.0101792	0.0332311	0.170143	0	0.0100176	0.0328624	0.207019
93	0.0101792	0.0339947	0.170143	0.005997	0.0100176	0.0328352	0.15386
94	0.0101081	0.0334468	0.160889	0.00449775	0.0100176	0.0332401	0.15386
95	0.0101653	0.0338019	0.170143	0.00449775	0.0102308	0.038669	0.252792
96	0.0101653	0.0330315	0.15622	0.00149925	0.0101395	0.0470171	0.701333
97	0.0101653	0.0329931	0.15622	0.0029985	0.0103572	0.0488999	2.11892
98	0.0101081	0.0328034	0.157891	0.00149925	0.0103572	0.0481869	2.11892
99	0.0101081	0.0329545	0.15621	0.00149925	0.0101395	0.0496716	0.672868
100	0.0101081	0.0329927	0.161969	0.00149925	0.0101395	0.0481859	0.420473
101	0.0101081	0.0337121	0.222784	0.00149925	0.0101395	0.0476066	0.420473
102	0.0101081	0.0339812	0.235953	0.00149925	0.0101395	0.0475363	0.420473
103	0.0101081	0.0334704	0.213154	0.00149925	0.0102261	0.0477591	0.420473
104	0.0101081	0.0338916	0.213154	0.00149925	0.0102261	0.0471398	0.420473
105	0.0100943	0.0338598	0.213154	0.00149925	0.0100659	0.0446241	0.420473
106	0.0100943	0.0338968	0.238387	0.00149925	0.0100659	0.0429994	0.358379
107	0.0101792	0.0340102	0.246644	0.00149925	0.0100659	0.0423453	0.247825
108	0.0101653	0.0331895	0.205253	0	0.0100659	0.0420943	0.247825
109	0.0101653	0.03355	0.205253	0	0.0100659	0.0412055	0.235845
110	0.0101653	0.0327353	0.180824	0	0.0100659	0.0396326	0.235845
111	0.0101653	0.0322397	0.162822	0	0.0100659	0.0391289	0.235845
112	0.0101081	0.0319077	0.153667	0	0.0100659	0.0383824	0.235845
113	0.0101081	0.0313561	0.144647	0	0.0100659	0.0362845	0.127515
114	0.0101081	0.0314633	0.144647	0	0.0100659	0.0350482	0.123726
115	0.0100152	0.0314024	0.144647	0.0029985	0.0100659	0.0319423	0.10218
116	0.0100152	0.0325112	0.153667	0.0149925	0.0100659	0.0285629	0.0947423
117	0.0100152	0.0301977	0.142692	0	0.010052	0.0272422	0.0936615
118	0.0100152	0.0308908	0.151902	0	0.010052	0.0264034	0.0846105
119	0.0100152	0.0314678	0.180256	0	0.010052	0.0262724	0.0849449
120	0.0100152	0.0309139	0.166025	0	0.010052	0.0256375	0.0846105
121	0.0100152	0.0303683	0.158948	0	0.010052	0.0255414	0.0830664
122	0.0100152	0.0300176	0.166025	0	0.010052	0.0256502	0.0790936
123	0.0100152	0.0301481	0.180256	0	0.010052	0.0257891	0.0790936
124	0.0100152	0.0293309	0.15621	0	0.010052	0.0254442	0.0778957
125	0.0100152	0.0285176	0.147691	0	0.010052	0.0251817	0.0778957
126	0.0100152	0.0279225	0.118901	0	0.010052	0.0251665	0.0778957
127	0.0100152	0.0279549	0.118901	0	0.010052	0.0252409	0.0769913
128	0.0100152	0.0282607	0.116864	0	0.010052	0.0252613	0.0769913
129	0.0100152	0.0283999	0.116864	0	0.010052	0.0248997	0.0778957
130	0.0100152	0.0287523	0.130487	0	0.010052	0.0247013	0.0755325
131	0.0100152	0.0286401	0.130487	0	0.010052	0.0246209	0.0747317
132	0.0100152	0.0287507	0.142692	0.00149925	0.010052	0.0244819	0.074697
133	0.0100152	0.0280969	0.116864	0	0.0102528	0.0243217	0.0758181
134	0.0100152	0.0284969	0.123716	0	0.0102528	0.024276	0.0758181
135	0.0100152	0.0286235	0.142692	0	0.010052	0.0242484	0.074697
136	0.0100152	0.028341	0.112452	0	0.010052	0.0243057	0.0755325
137	0.0100152	0.0279855	0.10789	0	0.0102528	0.0239998	0.0758181
138	0.0100152	0.0284686	0.142692	0	0.010052	0.0241993	0.074697
139	0.0100152	0.028247	0.123716	0	0.010052	0.0243444	0.074697
140	0.0100152	0.0281478	0.114612	0	0.010052	0.0244824	0.0747317
141	0.0100152	0.0282664	0.114612	0	0.010052	0.0243778	0.074697
142	0.0100152	0.0297029	0.123716	0.00449775	0.0101235	0.0242317	0.0747317
143	0.0100152	0.0295057	0.110495	0.0029985	0.0101235	0.0244497	0.0747317
144	0.0100152	0.0295064	0.10789	0.00149925	0.010052	0.0241381	0.0737182
145	0.0100152	0.0295766	0.10789	0.00149925	0.010052	0.0237783	0.073644
146	0.0100152	0.0297612	0.110495	0	0.010052	0.0238311	0.073644
147	0.0100152	0.0309047	0.115006	0.005997	0.010052	0.0237952	0.0732095
148	0.0100152	0.0319842	0.156863	0.00749625	0.010052	0.0236654	0.0732095
149	0.0100152	0.0314883	0.12136	0.00749625	0.010052	0.0238063	0.0732095
150	0.0100152	0.031203	0.125065	0.0029985	0.0100754	0.024165	0.074697
151	0.0100152	0.0308975	0.123716	0.0029985	0.0100754	0.0243699	0.0747317
152	0.0100152	0.0298705	0.110495	0	0.010052	0.0241953	0.0732095
153	0.0100152	0.0291957	0.107818	0	0.010052	0.0240716	0.0730304
154	0.0100152	0.0289562	0.104613	0	0.0101235	0.0241821	0.0732095
155	0.0100152	0.0286806	0.102503	0	0.0102528	0.0240887	0.0737182
156	0.0100152	0.0289731	0.104613	0	0.0102528	0.0240137	0.0732095
157	0.0100152	0.0290413	0.103901	0	0.0102882	0.0238982	0.0732095
158	0.0100152	0.0291539	0.104613	0	0.0103446	0.023712	0.0732095
159	0.0100152	0.0290617	0.106872	0	0.0103314	0.0238317	0.0732095
160	0.0100152	0.0293772	0.107818	0	0.0103314	0.0238525	0.0732095
161	0.0100152	0.0294789	0.10789	0	0.010052	0.0242629	0.0724203
162	0.0100152	0.0296393	0.109372	0	0.010052	0.0245053	0.0725617
163	0.0100152	0.0301488	0.119438	0	0.010052	0.0243891	0.0725547
164	0.0100152	0.0301425	0.114612	0	0.010052	0.0247452	0.0732095
165	0.0100152	0.0298163	0.110495	0	0.010052	0.0250986	0.0758181
166	0.0100152	0.0303642	0.119438	0.00149925	0.010052	0.0250574	0.0737182
167	0.0100152	0.031583	0.131266	0.00149925	0.010052	0.0255899	0.0778957
168	0.0100152	0.0314493	0.130176	0.00149925	0.010052	0.0254679	0.0758181
169	0.0100152	0.0315388	0.130821	0.00149925	0.010052	0.0262784	0.0799478
170	0.0100152	0.0303966	0.126216	0	0.010052	0.0264024	0.0832552
171	0.0100152	0.0302687	0.125065	0	0.010052	0.0265222	0.0951643
172	0.0100152	0.029928	0.12404	0	0.010052	0.0265427	0.0939853
173	0.0100152	0.0300459	0.122348	0	0.010052	0.0262997	0.0907862
174	0.0100152	0.0298255	0.119636	0	0.010052	0.0260501	0.0854189
175	0.0100152	0.02963	0.119636	0	0.010052	0.0261885	0.0882732
176	0.0100152	0.0302118	0.126171	0	0.010052	0.0263026	0.092897
177	0.0100152	0.0303854	0.126216	0	0.010052	0.0273779	0.104125
178	0.0100152	0.0301782	0.126171	0	0.010052	0.0275857	0.104125
179	0.0100844	0.0299645	0.127037	0	0.010052	0.0275842	0.105719
180	0.0100152	0.0297874	0.126353	0	0.010052	0.0279	0.106281
181	0.0100152	0.0298057	0.130176	0	0.010052	0.0276652	0.106281
182	0.0100152	0.02931	0.126216	0	0.010052	0.0273608	0.106281
183	0.0100152	0.0291231	0.125065	0	0.010052	0.0274105	0.107624
184	0.0100152	0.0289569	0.122348	0	0.010052	0.0284357	0.121623
185	0.0100152	0.0291332	0.122348	0	0.010052	0.0323885	0.230215
186	0.0100152	0.0292621	0.122348	0	0.010052	0.0352117	0.4171
187	0.0101792	0.0294496	0.126216	0	0.010052	0.0367292	0.720923
188	0.0101792	0.0296978	0.126353	0	0.010052	0.0397953	1.41889
189	0.0101792	0.029614	0.126171	0.0029985	0.010052	0.0415634	1.47033
190	0.0100899	0.0302934	0.126353	0.00749625	0.010052	0.0463769	3.25765
191	0.0100156	0.0313058	0.135958	0.0134933	0.010052	0.0470657	3.49082
192	0.0100844	0.0314106	0.137423	0.0134933	0.010052	0.049384	3.72443
193	0.0100844	0.0323952	0.184931	0.005997	0.010052	0.0504978	3.49082
194	0.0100156	0.0324829	0.162838	0.00449775	0.010052	0.0558858	3.72443
195	0.0100844	0.0326065	0.152938	0.00749625	0.010052	0.071467	11.8337
196	0.0100156	0.0330465	0.167377	0.00749625	0.010052	0.0737887	12.1942
197	0.0100156	0.0328753	0.149872	0.00749625	0.010052	0.0765601	11.8337
198	0.0100156	0.0335122	0.149872	0.005997	0.0101235	0.0840515	14.0735
199	0.0100156	0.0338271	0.149872	0.00449775	0.010052	0.133296	24.6756
200	0.0100844	0.0338769	0.149	0.00149925	0.0101235	0.180823	29.725
201	0.0100156	0.0333086	0.137367	0	0.0101235	0.191461	31.275
202	0.0100844	0.0341553	0.153629	0	0.0101235	0.203859	38.2998
203	0.0100156	0.0364007	0.176874	0.00149925	0.0103446	0.23159	48.7763
204	0.0100156	0.0374975	0.196813	0.00149925	0.0104551	0.242625	49.1941
205	0.0100156	0.0370365	0.174054	0.00149925	0.0104551	0.243926	49.1941
206	0.0100156	0.0368987	0.168057	0.00149925	0.0103413	0.250709	49.1941
207	0.0100156	0.0380467	0.165197	0.00149925	0.0102703	0.251645	49.4866
208	0.0100156	0.0391112	0.174054	0.00149925	0.0103446	0.264613	55.9516
209	0.0105301	0.041405	0.229002	0.00449775	0.0103446	0.264042	55.9516
210	0.0100844	0.0435462	0.224765	0.005997	0.0103413	0.254626	56.1436
211	0.0100844	0.0449893	0.253727	0.005997	0.0101235	0.2309	49.1941
212	0.0100156	0.044912	0.254707	0.00449775	0.0101235	0.233417	49.1941
213	0.0100156	0.0468039	0.315357	0.00449775	0.0101235	0.234324	49.1941
214	0.0100844	0.0464522	0.332499	0.00449775	0.0102703	0.223045	49.4866
215	0.0100156	0.0477735	0.38037	0.00449775	0.0103413	0.215762	49.4866
216	0.0100156	0.0488429	0.38037	0.00449775	0.0101235	0.194271	46.637
217	0.0101856	0.051671	0.422061	0.00449775	0.0101235	0.168423	30.3675
218	0.0100844	0.0546524	0.450325	0.00749625	0.0103446	0.152206	14.6145
219	0.0100156	0.0582974	0.512018	0.0149925	0.0101235	0.161727	10.9511
220	0.0101856	0.0594608	0.512018	0.0164918	0.0101235	0.185814	10.9511
221	0.0101856	0.0654855	0.769387	0.0269865	0.010856	0.287994	15.9584
222	0.0101856	0.0786878	1.39818	0.0584708	0.0101235	0.697859	37.7753
223	0.01028	0.102674	2.06291	0.0989505	0.0190127	1.31461	75.0361
224	0.011089	0.156685	3.4918	0.181409	0.0233538	1.40882	84.7906
225	0.0102063	0.10129	2.06291	0.107946	0.0190427	1.24604	75.6981
226	0.0102063	0.0788916	1.58673	0.0644678	0.0190427	1.13487	75.6981
227	0.0102063	0.0707623	0.881553	0.0404798	0.0167082	1.05303	69.49
228	0.0102063	0.0628324	0.601748	0.023988	0.0167082	0.965034	69.49
229	0.0102063	0.0569659	0.487169	0.0134933	0.0147648	0.844442	61.5237
230	0.0102063	0.0502087	0.357721	0.00149925	0.0167082	0.686727	69.5292
231	0.0102063	0.0459747	0.257794	0.00149925	0.0130259	0.639756	46.8044
232	0.0101319	0.0445777	0.236781	0.00149925	0.0129457	0.632213	46.8044
233	0.0102063	0.0439456	0.235613	0.00149925	0.0167582	0.599498	69.5292
234	0.0101319	0.0434535	0.231302	0.00149925	0.0122301	0.495916	46.8044
235	0.0101319	0.0425953	0.223035	0.00149925	0.0122301	0.473589	32.0866
236	0.0101319	0.0421335	0.207983	0	0.0122301	0.449434	29.6027
237	0.0101319	0.0422659	0.207983	0	0.0122301	0.464039	32.0866
238	0.0101319	0.0420215	0.207983	0	0.0122301	0.444133	42.4158
239	0.0100508	0.0416237	0.198047	0	0.0149318	0.455509	52.2275
240	0.0100508	0.0393933	0.168558	0	0.0157751	0.448067	52.2275
241	0.0100508	0.0385234	0.163362	0	0.016322	0.421932	46.8044
242	0.0100508	0.0376965	0.156371	0	0.0192649	0.442457	54.3684
243	0.0100508	0.0377007	0.151042	0.00149925	0.0198025	0.473146	60.807
244	0.0100508	0.0382627	0.151042	0.00149925	0.0198025	0.521749	60.807
245	0.0100508	0.0388008	0.151042	0.00149925	0.020755	0.533172	72.2425
246	0.0100508	0.0386809	0.151042	0	0.0233538	0.595476	72.2425
247	0.0100508	0.0392808	0.151042	0	0.0246141	0.640054	72.2425
248	0.0100508	0.0401433	0.156371	0	0.027374	0.626287	72.2425
249	0.0100508	0.0405203	0.156611	0	0.030589	0.619122	72.2425
250	0.0100351	0.0410199	0.163362	0.00149925	0.0377316	0.555328	72.2425
251	0.0100508	0.0397597	0.156611	0	0.0380226	0.52993	72.2425
252	0.0100351	0.039733	0.156371	0	0.0393653	0.458972	72.2425
253	0.0100351	0.040064	0.156371	0	0.0377316	0.429148	72.2425
254	0.0100351	0.0401419	0.156371	0	0.0271663	0.398705	60.807
255	0.0100351	0.0410501	0.156611	0.0029985	0.034215	0.38944	72.2425
256	0.0101319	0.0423618	0.182068	0.005997	0.0305242	0.353988	72.2425
257	0.0100351	0.0433771	0.190588	0.005997	0.0224523	0.251521	46.6457
258	0.0100351	0.0438213	0.203879	0.005997	0.0110112	0.203333	10.5913
259	0.0108299	0.0446634	0.221766	0.005997	0.0110112	0.186062	10.5913
260	0.0108299	0.0447318	0.221766	0.005997	0.0107589	0.165374	10.2681
261	0.0108299	0.0442796	0.221766	0	0.0110112	0.152922	9.52157
262	0.0108299	0.0439499	0.221766	0	0.0105049	0.10777	1.47726
263	0.0106453	0.0437794	0.224272	0	0.0105049	0.10059	1.1156
264	0.0106453	0.0443474	0.221766	0	0.0105049	0.104836	1.47726
265	0.0108947	0.0438755	0.221766	0	0.0105049	0.105313	1.7541
266	0.0108947	0.0443255	0.221766	0	0.0105049	0.104837	2.62726
267	0.0107617	0.0450011	0.218682	0	0.0104614	0.100103	2.40495
268	0.010375	0.0454787	0.218682	0	0.0100785	0.0841638	0.479443
269	0.0103308	0.0450362	0.218682	0	0.0111164	0.0807517	0.479443
270	0.0103308	0.0459884	0.237259	0	0.0104614	0.0767006	0.415045
271	0.0100487	0.046068	0.237259	0	0.0100624	0.0750571	0.350941
272	0.0103308	0.0467695	0.250799	0.00149925	0.0100624	0.0750465	0.34436
273	0.0101938	0.0474026	0.270325	0.005997	0.0104614	0.073143	0.327091
274	0.0101938	0.0472251	0.283874	0.005997	0.0104614	0.073492	0.333608
275	0.0100487	0.0479104	0.282083	0.00449775	0.0111164	0.0785991	0.460109
276	0.0100487	0.0482136	0.264326	0.0029985	0.0149086	0.0769608	0.479443
277	0.0100487	0.0498527	0.264326	0.0029985	0.0115329	0.0819649	0.479443
278	0.0100487	0.0516013	0.266803	0.0029985	0.0115329	0.0826451	0.479443
279	0.0100487	0.053032	0.270325	0.00449775	0.0114924	0.0805295	0.460109
280	0.0100487	0.0532215	0.283874	0.0029985	0.0114924	0.0843467	0.477834
281	0.0105611	0.0549012	0.303235	0.0029985	0.0130341	0.0808592	0.477834
282	0.0103308	0.0569156	0.330511	0.00449775	0.0114924	0.0781527	0.34436
283	0.0105982	0.0591327	0.418898	0.005997	0.0130341	0.0790551	0.399406
284	0.0105611	0.0625315	0.46285	0.011994	0.0114924	0.0793527	0.341094
285	0.0105611	0.0633594	0.46285	0.0104948	0.0123261	0.0823362	0.412534
286	0.0101644	0.0668261	0.46285	0.0134933	0.0111164	0.0831851	0.477834
287	0.010077	0.0697598	0.46285	0.0134933	0.0111297	0.0902562	0.61756
288	0.0101644	0.0896554	0.933956	0.047976	0.0117255	0.0880537	0.61756
289	0.0101644	0.07293	0.487698	0.011994	0.011699	0.0835642	0.553411
290	0.0101644	0.0656383	0.415719	0.0089955	0.0106129	0.0711949	0.398816
291	0.0101644	0.0616148	0.343779	0.0089955	0.0111297	0.0661	0.343629
292	0.0104969	0.0577539	0.303235	0.0029985	0.0103836	0.0595679	0.271232
293	0.0101644	0.0549947	0.281322	0.0029985	0.011699	0.0559637	0.271232
294	0.0101644	0.0540696	0.289469	0.0029985	0.011699	0.0550767	0.265205
295	0.0101644	0.0509149	0.261166	0	0.011699	0.0535665	0.248517
296	0.0101644	0.0498147	0.250799	0	0.0115329	0.0500768	0.226124
297	0.0101644	0.0506657	0.270325	0	0.0116768	0.0485964	0.226124
298	0.0100776	0.0495821	0.250799	0	0.0115329	0.0463411	0.209263
299	0.0101644	0.0502021	0.262131	0	0.0106129	0.0460193	0.188236
300	0.0104542	0.0492452	0.262131	0.0029985	0.0106129	0.0461055	0.190662
301	0.0104969	0.0482929	0.241938	0.0029985	0.0100684	0.0439312	0.171764
302	0.0104542	0.0475329	0.241938	0	0.0100684	0.0433196	0.171764
303	0.0101644	0.0466159	0.231379	0	0.0100684	0.0433215	0.166781
304	0.0101644	0.0467719	0.231379	0	0.0100684	0.0428594	0.166781
305	0.0104542	0.0456485	0.220827	0	0.0100684	0.0429278	0.166781
306	0.0101644	0.0448594	0.205361	0	0.0100684	0.0427669	0.171764
307	0.0104969	0.0438438	0.205361	0.00149925	0.0100684	0.0434644	0.205167
308	0.0104542	0.0430709	0.202325	0.00149925	0.0115146	0.0440668	0.235201
309	0.0105611	0.0426277	0.205361	0.00149925	0.0111297	0.0446605	0.235201
310	0.0101644	0.042879	0.205361	0.0029985	0.0111297	0.0454906	0.235201
311	0.0101644	0.0430282	0.212118	0.00149925	0.0110271	0.0467889	0.235201
312	0.0101644	0.0430529	0.212118	0.00149925	0.0106173	0.048335	0.24689
313	0.0104689	0.0424225	0.209296	0.00149925	0.0106173	0.0667897	3.10628
314	0.0101644	0.0412992	0.196685	0.00149925	0.0100684	0.0832883	5.82185
315	0.0101644	0.0404008	0.192305	0	0.0100684	0.0896531	8.60512
316	0.0104969	0.0409226	0.205776	0	0.0100684	0.0913989	6.07187
317	0.0105612	0.0409933	0.205776	0	0.0100684	0.0976101	5.23569
318	0.0103768	0.0405893	0.205361	0	0.0100684	0.107897	6.34352
319	0.0102421	0.0410181	0.205776	0	0.0100684	0.126788	7.74697
320	0.0103768	0.0408515	0.205361	0	0.0100684	0.15369	9.80397
321	0.0103768	0.0404986	0.205361	0	0.0100684	0.187333	31.4415
322	0.0103768	0.0403689	0.205361	0	0.0106173	0.208159	34.1908
323	0.0102421	0.0403585	0.205776	0	0.0111297	0.224514	30.4922
324	0.0104689	0.0406217	0.205776	0	0.0111297	0.232403	18.541
325	0.0101644	0.040374	0.196685	0	0.0111297	0.297217	30.4922
326	0.0100941	0.0398078	0.18504	0	0.0111297	0.395633	44.9777
327	0.0100941	0.0390336	0.174016	0	0.0168829	0.490407	72.7883
328	0.0101644	0.0382005	0.162974	0	0.0127786	0.579819	45.7899
329	0.0101644	0.0379473	0.162974	0	0.0201946	0.654951	68.7488
330	0.0102421	0.0376886	0.162974	0	0.0201946	0.747703	68.7488
331	0.0103768	0.0373853	0.163343	0	0.02852	0.771801	95.0906
332	0.0102421	0.0376325	0.163343	0	0.0272226	0.819471	95.0906
333	0.0101644	0.0371728	0.163343	0	0.0258427	0.852265	95.0906
334	0.0101644	0.0370408	0.163343	0	0.0253824	0.82031	95.0906
335	0.0105471	0.0377849	0.174016	0	0.0253824	0.858144	83.7856
336	0.0105471	0.0381618	0.174016	0	0.0246236	0.879242	92.8252
337	0.0100941	0.0389892	0.174016	0	0.0194294	0.833248	83.7856
338	0.0100102	0.0385963	0.174016	0	0.0194294	0.823643	88.2501
339	0.0100102	0.0391203	0.183952	0	0.0146704	0.701107	88.2501
340	0.0100102	0.0388585	0.183952	0	0.0145738	0.654175	88.2501
341	0.0100102	0.0383292	0.173303	0	0.013881	0.636238	88.2501
342	0.0100102	0.0387445	0.174016	0	0.0146704	0.569506	88.2501
343	0.0100102	0.0394505	0.192305	0.00149925	0.0100302	0.274375	51.829
344	0.0100102	0.0388324	0.196685	0	0.0100302	0.252132	49.2846
345	0.0100102	0.0385249	0.196685	0	0.0100302	0.224144	34.7188
346	0.0100102	0.0382418	0.196685	0	0.0100302	0.216872	39.7586
347	0.0100102	0.0376168	0.196685	0	0.0100302	0.214708	39.7586
348	0.0100102	0.0376077	0.192305	0	0.0100302	0.2206	36.1768
349	0.0100102	0.036809	0.171238	0	0.0102958	0.247329	39.7586
350	0.0100941	0.0365221	0.171238	0	0.0116005	0.257779	43.2125
351	0.0100102	0.0366348	0.171238	0	0.0101516	0.219991	30.9623
352	0.0100102	0.0372291	0.175861	0	0.0100127	0.163303	18.1304
353	0.0100102	0.0368533	0.180494	0	0.0105341	0.141394	8.32288
354	0.0100102	0.0365179	0.175706	0	0.0114924	0.118127	7.86961
355	0.0100102	0.0363085	0.175861	0	0.0105341	0.109487	7.86961
356	0.0100102	0.0356984	0.171238	0	0.010231	0.0866562	2.55553
357	0.0100102	0.035938	0.173136	0.00149925	0.0101516	0.0756519	1.09981
358	0.0100102	0.036215	0.180494	0.00149925	0.0105341	0.0638008	0.587736
359	0.0100941	0.0352399	0.153117	0.00149925	0.0101516	0.0627983	0.555833
360	0.0100102	0.034825	0.145983	0.00149925	0.0101516	0.0609496	0.535747
361	0.0100102	0.0348083	0.145983	0.00149925	0.0101516	0.0592814	0.450163
362	0.0100102	0.0347399	0.150934	0	0.0101516	0.0599236	0.401041
363	0.0100102	0.0347303	0.153117	0	0.0101516	0.061232	0.401041
364	0.0100102	0.0341972	0.153633	0	0.0101516	0.060858	0.37513
365	0.0100102	0.0338534	0.153107	0	0.0101516	0.064207	0.401041
366	0.0100102	0.0338779	0.153107	0	0.0104023	0.0596791	0.352225
367	0.0100102	0.0334715	0.145983	0	0.0105341	0.0581578	0.352225
368	0.0100102	0.033199	0.143759	0	0.0101516	0.0566289	0.279315
369	0.0100102	0.0334901	0.140015	0	0.0105341	0.056425	0.286343
370	0.0100102	0.0333654	0.138227	0	0.0105341	0.0539791	0.279315
371	0.0100102	0.0331419	0.145983	0	0.0105341	0.0524933	0.258957
372	0.0100102	0.0332998	0.147714	0	0.0101516	0.0513989	0.243063
373	0.0100102	0.0334475	0.162045	0	0.0104023	0.0509378	0.244401
374	0.0100102	0.0336021	0.161687	0	0.0105341	0.0503936	0.239822
375	0.0100941	0.0334887	0.162045	0	0.0105341	0.049154	0.244401
376	0.0100102	0.0333228	0.162045	0	0.0105341	0.0483374	0.239822
377	0.0100102	0.0330775	0.162045	0	0.0105341	0.047826	0.239822
378	0.0100102	0.0337677	0.168177	0	0.0105341	0.0479916	0.239822
379	0.0100102	0.0340803	0.168177	0	0.0105341	0.0480624	0.239822
380	0.0100102	0.0342223	0.168177	0	0.0105341	0.0494363	0.239822
381	0.0100102	0.0349589	0.180516	0.00149925	0.0101516	0.0489896	0.216383
382	0.0100102	0.0346636	0.180494	0	0.0101516	0.0490568	0.216383
383	0.0100102	0.0342057	0.161687	0.00149925	0.0104377	0.0490084	0.216383
384	0.0100102	0.0339534	0.153823	0	0.0105341	0.0488857	0.216383
385	0.0100102	0.0343851	0.156661	0	0.0104377	0.0494137	0.227351
386	0.0100102	0.0346807	0.161687	0	0.0116186	0.0498839	0.258957
387	0.0100102	0.0344948	0.161687	0	0.0104377	0.0498295	0.227351
388	0.0100102	0.0343405	0.161687	0	0.0104744	0.0494395	0.216383
389	0.0100102	0.0342627	0.165663	0	0.0116186	0.0504172	0.258631
390	0.0100102	0.0344169	0.161687	0	0.0116186	0.0506834	0.258631
391	0.0100102	0.0352759	0.174707	0	0.0116186	0.0510328	0.258631
392	0.0100102	0.0360392	0.180516	0.00149925	0.0116005	0.053203	0.271992
393	0.0100102	0.0363052	0.181595	0.0029985	0.0105341	0.0555085	0.261015
394	0.0100102	0.036092	0.180494	0	0.0104744	0.0574238	0.292029
395	0.010111	0.0368972	0.190425	0	0.0105341	0.0576715	0.344164
396	0.010111	0.0375837	0.190425	0	0.0104744	0.059424	0.358161
397	0.0100102	0.0389401	0.190425	0	0.0105341	0.0631584	0.494097
398	0.010805	0.040392	0.223914	0	0.0104744	0.0782597	0.927928
399	0.010111	0.0403873	0.210572	0	0.0104744	0.104609	6.98654
400	0.0100102	0.040699	0.210572	0	0.0104744	0.121102	10.1313
401	0.01016	0.0412417	0.216934	0.00449775	0.0104744	0.129927	14.5738
402	0.0100102	0.0410816	0.210572	0	0.0106876	0.123361	14.6556
403	0.0100102	0.041781	0.210572	0	0.0104498	0.123918	14.5738
404	0.01016	0.0433108	0.218279	0.00149925	0.0104498	0.12586	13.8104
405	0.0100102	0.0457949	0.234894	0.0029985	0.0104744	0.128223	14.7565
406	0.010805	0.0471503	0.266853	0.0029985	0.0104744	0.123609	16.1452
407	0.010805	0.0486215	0.277333	0.00449775	0.0104744	0.121659	14.7565
408	0.0100102	0.0516057	0.272842	0.00449775	0.0104744	0.121691	14.5738
409	0.0100102	0.0536733	0.296003	0.00449775	0.0108513	0.123376	14.7565
410	0.0100102	0.0555341	0.315878	0.0029985	0.0102817	0.122161	16.7569
411	0.0100102	0.0585494	0.330564	0.0029985	0.0102817	0.1214	19.804
412	0.0100102	0.060992	0.341173	0.00749625	0.0102817	0.118379	16.1452
413	0.0101811	0.0617975	0.370847	0.00749625	0.0106698	0.104059	10.9393
414	0.0101811	0.0639429	0.370847	0.00749625	0.0106698	0.0939828	10.2249
415	0.0101938	0.065546	0.341173	0.00449775	0.0103857	0.0906983	7.94766
416	0.0101938	0.0695894	0.389889	0.00449775	0.0103857	0.0853931	7.40593
417	0.0108153	0.0745869	0.464762	0.005997	0.0103857	0.0765161	5.55296
418	0.0118087	0.0852892	0.600328	0.0164918	0.0104744	0.0688234	2.68322
419	0.0118087	0.0847396	0.591281	0.0164918	0.0103857	0.0612632	1.52093
420	0.010879	0.0797509	0.567133	0.0164918	0.0104744	0.0601538	1.39249
421	0.0108153	0.0778402	0.502736	0.0149925	0.0103857	0.0577439	0.866532
422	0.0108153	0.0757443	0.47089	0.0134933	0.0104824	0.0556787	0.866532
423	0.010879	0.0737215	0.47089	0.0134933	0.0103857	0.0549164	0.417618
424	0.0102051	0.0684251	0.356914	0.0164918	0.0103857	0.0521288	0.221805
425	0.0109915	0.0635963	0.33847	0.0104948	0.0103857	0.049057	0.20429
426	0.0109915	0.0602911	0.327428	0.005997	0.0102306	0.0498054	0.239781
427	0.0108122	0.0563267	0.281887	0	0.0102306	0.0486764	0.239781
428	0.0108122	0.0566776	0.267345	0.00149925	0.0102306	0.0487395	0.255947
429	0.0107685	0.055977	0.274357	0.00449775	0.0102306	0.0479028	0.20429
430	0.0102931	0.0545349	0.274357	0.0029985	0.0102306	0.0503927	0.291186
431	0.0102931	0.0513362	0.268755	0	0.0100492	0.0511865	0.297664
432	0.010161	0.0509421	0.280293	0.00149925	0.0102306	0.047478	0.239781
433	0.010161	0.0500053	0.280293	0.00149925	0.0100492	0.0464271	0.188564
434	0.0104055	0.0500049	0.280293	0.00149925	0.0101668	0.0461529	0.201993
435	0.0104055	0.0488646	0.274357	0.00149925	0.0101668	0.0470914	0.240819
436	0.0104055	0.0485227	0.280293	0.005997	0.0101668	0.047535	0.255947
437	0.0100265	0.0464119	0.24992	0.0029985	0.0101668	0.0474834	0.240819
438	0.0100189	0.0457003	0.24992	0.0029985	0.0101668	0.0471622	0.240819
439	0.0100189	0.0438831	0.223914	0.00149925	0.0101668	0.047891	0.240819
440	0.0100189	0.0435067	0.223914	0.00149925	0.0101668	0.0483011	0.240819
441	0.0100189	0.043097	0.223914	0.00149925	0.0101668	0.0477589	0.240819
442	0.0100189	0.0424037	0.214921	0	0.0101668	0.048723	0.255947
443	0.0100189	0.0413922	0.206141	0	0.010836	0.0515635	0.288679
444	0.0100189	0.041255	0.204033	0	0.010836	0.0518984	0.288679
445	0.0100085	0.040888	0.190425	0	0.010836	0.0527236	0.288679
446	0.0100189	0.0403953	0.178534	0	0.010836	0.0531066	0.288679
447	0.0100189	0.0405654	0.185239	0.005997	0.010836	0.0549157	0.297865
448	0.0100189	0.0405663	0.186631	0.005997	0.0114919	0.0565088	0.318707
449	0.0100189	0.0403076	0.185239	0.0029985	0.0114919	0.0585282	0.33519
450	0.0103617	0.0391799	0.171312	0.0029985	0.0114919	0.0588386	0.322417
451	0.010161	0.0374843	0.155353	0	0.010836	0.0622788	0.32083
452	0.0104055	0.0369223	0.155353	0	0.0114919	0.073769	0.445555
453	0.0104055	0.0371116	0.155353	0	0.0120087	0.0911173	0.98297
454	0.0103617	0.0371231	0.155353	0	0.0120087	0.102179	0.98297
455	0.0104055	0.0372058	0.155353	0	0.0101668	0.113996	1.0613
456	0.0104055	0.0371156	0.155353	0	0.0104629	0.12442	1.86283
457	0.0104055	0.0371103	0.154861	0	0.0110658	0.124671	4.7418
458	0.0100665	0.0374357	0.155353	0	0.0101668	0.130622	4.7418
459	0.0101952	0.0379956	0.171312	0	0.0101668	0.128342	1.86283
460	0.0103617	0.0380686	0.171312	0	0.0101668	0.136712	2.33557
461	0.0103617	0.0384188	0.171312	0	0.0110658	0.138643	2.03176
462	0.0104055	0.0384025	0.171312	0	0.0101668	0.141732	4.41888
463	0.0104055	0.0381233	0.171312	0	0.0117582	0.14719	6.28698
464	0.0100665	0.038513	0.171312	0	0.0117582	0.146997	6.28698
465	0.0100665	0.0386179	0.171312	0	0.0109674	0.148327	4.35737
466	0.0101952	0.0385734	0.171312	0	0.0110728	0.138477	1.87334
467	0.0100665	0.0394395	0.185239	0	0.0117582	0.148056	2.15664
468	0.0103617	0.0398007	0.20818	0	0.0101668	0.16512	2.49479
469	0.0103617	0.0398816	0.20818	0	0.0109674	0.175462	3.69856
470	0.0100665	0.0394835	0.195506	0	0.0117582	0.181835	4.03907
471	0.0100665	0.0396924	0.20818	0	0.0117582	0.198866	6.42661
472	0.0100665	0.0380279	0.195506	0	0.0101668	0.211764	6.51378
473	0.0101952	0.0387765	0.20818	0.00149925	0.0101668	0.189424	3.98644
474	0.0101952	0.0391726	0.20818	0.00149925	0.0109674	0.188474	3.69856
475	0.0101952	0.0412562	0.235922	0.00149925	0.0101668	0.185093	2.98902
476	0.0101952	0.0424225	0.235922	0.00149925	0.0110728	0.198806	6.51378
477	0.0100899	0.0431879	0.235922	0.00149925	0.0101031	0.193384	3.96047
478	0.0101952	0.0441718	0.258469	0.0029985	0.0101031	0.190276	3.98644
479	0.0100665	0.0449875	0.258469	0.00149925	0.0102077	0.170498	2.53475
480	0.0103745	0.0471712	0.300825	0.00149925	0.0101031	0.175852	2.56382
481	0.0103745	0.0494105	0.326523	0.00149925	0.0101668	0.185295	3.57007
482	0.0104055	0.0518762	0.336016	0	0.0102077	0.209312	5.37493
483	0.0100665	0.0547225	0.336016	0	0.0101031	0.241472	6.20065
484	0.0104055	0.0561375	0.336016	0	0.0101031	0.237122	7.6196
485	0.0104055	0.0569613	0.336016	0	0.0101031	0.219826	5.97309
486	0.0103745	0.0609769	0.376576	0.0029985	0.0101668	0.212201	5.51946
487	0.0103745	0.0636502	0.404677	0.0089955	0.0101668	0.217923	5.37493
488	0.0103745	0.0644507	0.386657	0.005997	0.0104892	0.225026	5.88221
489	0.0100899	0.0662518	0.395817	0.00449775	0.0101668	0.237097	5.37493
490	0.0104055	0.0700733	0.431369	0.00449775	0.0104892	0.245564	5.37493
491	0.0100899	0.0749841	0.431369	0.00449775	0.0107653	0.258141	5.37493
492	0.0105912	0.081257	0.462602	0.00449775	0.0101668	0.283558	5.37493
493	0.0109643	0.0901059	0.539572	0.0104948	0.0101668	0.287588	5.37493
494	0.0114769	0.104464	0.606764	0.0209895	0.0107653	0.302815	5.94223
495	0.0105912	0.12053	0.833631	0.047976	0.0151084	0.328194	9.43604
496	0.0114934	0.13427	1.17954	0.05997	0.0113317	0.367824	9.43604
497	0.011789	0.246721	5.60945	0.155922	0.0100861	0.274281	8.68697
498	0.0192873	0.175693	2.13634	0.0689655	0.0105272	0.205949	8.25504
499	0.015687	0.15963	1.02301	0.041979	0.0105272	0.164362	5.26079
500	0.0189892	0.155445	1.02301	0.0314843	0.010477	0.141035	4.01785
501	0.0192873	0.148119	1.02301	0.023988	0.010477	0.134199	4.01785
502	0.020846	0.146592	1.02301	0.0149925	0.0100861	0.126615	3.29209
503	0.0207052	0.150701	1.02301	0.017991	0.0105272	0.124469	3.1325
504	0.0207052	0.147396	1.06193	0.0164918	0.0105272	0.128245	3.1325
505	0.0207052	0.145765	0.986425	0.0134933	0.0100861	0.118498	2.15664
506	0.0207052	0.145162	1.05399	0.017991	0.0105272	0.107412	1.71735
507	0.0192873	0.146351	1.02301	0.0209895	0.010477	0.0992493	1.43087
508	0.0179464	0.147512	1.02301	0.029985	0.010477	0.0939713	1.2906
509	0.0179464	0.147994	1.08595	0.0389805	0.010477	0.0836452	0.930643
510	0.0178717	0.148059	1.12765	0.0464768	0.0102722	0.0737918	0.64928
511	0.0160805	0.12331	1.08595	0.0374813	0.0100861	0.0660571	0.513752
512	0.0126175	0.106974	0.85222	0.0284858	0.0100861	0.0607295	0.374804
513	0.0117278	0.0932244	0.705577	0.0194903	0.010496	0.0585673	0.314138
514	0.0115389	0.0780796	0.600587	0.00749625	0.010496	0.0583059	0.29309
515	0.0101828	0.070902	0.455562	0.0029985	0.0105272	0.0592553	0.320782
516	0.0101828	0.0686858	0.505235	0.005997	0.0105272	0.0601724	0.321673
517	0.0101629	0.0658932	0.455562	0.005997	0.0105272	0.0609572	0.320782
518	0.0101629	0.0637522	0.365902	0.005997	0.0105272	0.0587447	0.321673
519	0.0101629	0.062764	0.356699	0.005997	0.0100861	0.0590187	0.332074
520	0.0101629	0.0591788	0.317903	0.00449775	0.0104501	0.0595784	0.370037
521	0.0101374	0.0555896	0.311507	0.00749625	0.0100861	0.0595984	0.370037
522	0.0101374	0.0526863	0.297904	0.0164918	0.0100861	0.059158	0.332074
523	0.0101374	0.0502497	0.243373	0.0149925	0.0104501	0.0595324	0.370037
524	0.0101374	0.0483454	0.23736	0.011994	0.0104501	0.0574943	0.314827
525	0.0101374	0.0442179	0.216136	0.00149925	0.0104501	0.0563482	0.320782
526	0.0101374	0.0433281	0.212789	0	0.0106744	0.05202	0.286413
527	0.0101374	0.0427598	0.216136	0	0.0106744	0.0505114	0.285686
528	0.0101629	0.0428738	0.216136	0	0.0104501	0.049155	0.254035
529	0.0101629	0.0420056	0.205582	0	0.0106744	0.0490957	0.285686
530	0.0101629	0.0422816	0.209967	0	0.0106744	0.0498894	0.289113
531	0.0101629	0.0414587	0.195668	0	0.0104501	0.0496108	0.269152
532	0.0101629	0.0421095	0.203381	0.00449775	0.0106744	0.0489682	0.269152
533	0.0101629	0.041443	0.188631	0	0.0106744	0.0479361	0.254035
534	0.0101629	0.041652	0.188631	0	0.0104501	0.0479693	0.254035
535	0.0101629	0.0412142	0.185233	0	0.0104501	0.0493334	0.26334
536	0.0101629	0.0407778	0.18357	0	0.0113403	0.0520683	0.269152
537	0.0101629	0.0404248	0.174411	0	0.0114699	0.0534033	0.294366
538	0.0101629	0.0404846	0.174411	0	0.0111587	0.0548061	0.294366
539	0.0100455	0.0400783	0.174411	0	0.0108295	0.0574393	0.300958
540	0.0100455	0.0443689	0.20818	0.0149925	0.0108295	0.0590997	0.314138
541	0.0100455	0.0407454	0.171239	0.00449775	0.0108295	0.0582571	0.294366
542	0.0100455	0.0400611	0.161146	0	0.0108295	0.0578532	0.294366
543	0.0100455	0.0403231	0.169709	0	0.0108295	0.0556347	0.285686
544	0.0100455	0.040674	0.171951	0	0.0108295	0.0547906	0.269152
545	0.0100455	0.040836	0.171951	0	0.0111337	0.0547239	0.294366
546	0.0100455	0.0407679	0.172135	0	0.0108295	0.0559759	0.294047
547	0.0100455	0.0401005	0.169709	0	0.0108295	0.0602765	0.320782
548	0.0100455	0.0397853	0.168966	0	0.0108295	0.0568283	0.294366
549	0.0100342	0.0397258	0.169709	0	0.0108295	0.0557841	0.294366
550	0.0100342	0.039337	0.169709	0	0.0111337	0.0538531	0.294366
551	0.0100342	0.0394793	0.169709	0	0.0111337	0.0533767	0.294366
552	0.0100342	0.0396614	0.172135	0	0.0111587	0.0517521	0.294366
553	0.0100455	0.0412487	0.203381	0.00449775	0.0108295	0.050567	0.250013
554	0.0100342	0.0414418	0.201669	0.00449775	0.0108295	0.0501195	0.246898
555	0.0100342	0.0414554	0.218235	0.0029985	0.0108295	0.0494844	0.246898
556	0.0100342	0.0401586	0.185233	0	0.0111587	0.0511405	0.289113
557	0.0100342	0.0403224	0.186862	0.0029985	0.0111337	0.0532991	0.31166
558	0.0100342	0.0395937	0.185233	0	0.0111337	0.0532669	0.31166
559	0.0100342	0.0399395	0.185233	0	0.0111337	0.05175	0.302915
560	0.0100342	0.0396469	0.184096	0	0.0111337	0.0510935	0.291462
561	0.0100342	0.040391	0.186862	0	0.0111337	0.0516439	0.294366
562	0.0100342	0.0410617	0.19443	0	0.0102635	0.0518698	0.302915
563	0.0100342	0.0420024	0.220824	0	0.0111337	0.0529645	0.361464
564	0.0100342	0.0422826	0.220824	0	0.0111337	0.0534943	0.361464
565	0.0100455	0.0433551	0.243373	0	0.0109384	0.0532458	0.352561
566	0.0100342	0.0443383	0.272768	0	0.0109384	0.0568744	0.432216
567	0.0100342	0.0449739	0.272768	0.00149925	0.0112416	0.0588039	0.47173
568	0.0100342	0.0462919	0.281615	0.0029985	0.0102635	0.0645652	0.529615
569	0.0100342	0.0459003	0.281615	0.0029985	0.0112598	0.0785671	1.1915
570	0.0100455	0.0462293	0.282647	0.00449775	0.0109384	0.102419	6.9242
571	0.0100342	0.0473028	0.282647	0.00449775	0.0102635	0.144096	14.5831
572	0.0100342	0.0501785	0.331257	0.005997	0.0109384	0.167492	42.4912
573	0.0101443	0.0514299	0.36037	0.00449775	0.0112598	0.199733	49.1141
574	0.0101443	0.0547787	0.37417	0.011994	0.0107712	0.197514	45.3639
575	0.0101443	0.0562751	0.37417	0.0104948	0.0107712	0.18671	41.6865
576	0.0100342	0.0563718	0.37417	0.0104948	0.0107712	0.176275	15.332
577	0.0100342	0.059039	0.376638	0.00749625	0.0107712	0.181489	15.332
578	0.0100226	0.0600094	0.385585	0.00749625	0.0107712	0.222673	24.669
579	0.0100226	0.0593978	0.400572	0.0089955	0.0107712	0.309248	30.8769
580	0.0100226	0.0660767	0.633905	0.0254873	0.0119835	0.401571	55.7043
581	0.0103086	0.101002	3.16948	0.089955	0.0131781	0.489993	55.7043
582	0.0100226	0.0668375	0.605293	0.0284858	0.0124961	0.525025	55.7043
583	0.0100342	0.0613356	0.471025	0.017991	0.0119835	0.533742	56.4474
584	0.0100226	0.059388	0.409074	0.0164918	0.0113027	0.530723	55.7043
585	0.0100226	0.0597979	0.400572	0.0164918	0.0108274	0.536019	56.4474
586	0.0100226	0.0575481	0.376638	0.0194903	0.0157845	0.565129	82.9997
587	0.0100544	0.0528385	0.323667	0.0104948	0.0152658	0.584574	82.9997
588	0.0100226	0.0522235	0.310055	0.0089955	0.0157845	0.577894	88.2637
589	0.0100226	0.0503768	0.281615	0.005997	0.0157845	0.578759	88.2637
590	0.0100226	0.0490518	0.253883	0.011994	0.0166487	0.584598	91.9078
591	0.0100226	0.0487705	0.245346	0.0194903	0.0100276	0.506754	53.8974
592	0.0100544	0.044588	0.232077	0.00449775	0.0108431	0.47231	53.8974
593	0.0100226	0.0432857	0.222396	0.00449775	0.0108431	0.459288	52.4599
594	0.0100544	0.0423505	0.232077	0.0029985	0.0108431	0.46513	52.4599
595	0.0100226	0.0409899	0.229848	0.0029985	0.0108431	0.494033	52.4599
596	0.0100544	0.0392561	0.202105	0.00149925	0.0138002	0.565754	68.9242
597	0.0100544	0.0374928	0.192033	0	0.0108431	0.572601	52.4599
598	0.0100226	0.0368923	0.191347	0	0.0151374	0.56041	68.7708
599	0.0100544	0.0357711	0.185272	0	0.0151374	0.665908	68.9242
600	0.0100226	0.0354603	0.185272	0	0.0170554	0.675283	81.0457
601	0.0100226	0.0343541	0.158653	0	0.0170554	0.675455	81.0457
602	0.0100226	0.0340432	0.150453	0	0.0165358	0.768198	74.5525
603	0.0100226	0.0331446	0.146577	0	0.0156758	0.705186	74.5525
604	0.0100226	0.0319583	0.145996	0	0.0151374	0.674271	74.5525
605	0.0100544	0.0316857	0.144353	0	0.010285	0.602523	52.4599
606	0.0100544	0.0311127	0.142481	0.00149925	0.010285	0.638582	52.4599
607	0.0100544	0.0313549	0.142491	0.00149925	0.0125106	0.647167	52.4599
608	0.0100226	0.0303301	0.131527	0.00149925	0.0145221	0.754914	61.2824
609	0.0100544	0.029804	0.118186	0.00149925	0.0108431	0.813242	49.6577
610	0.0100226	0.0294635	0.116571	0	0.0113027	0.852447	52.4599
611	0.0100226	0.029344	0.116571	0	0.0113027	0.896686	53.6838
612	0.0100226	0.0293728	0.109873	0	0.0113027	0.904534	53.6838
613	0.0100226	0.0298545	0.116571	0	0.0113027	0.957946	52.4599
614	0.0100226	0.0301487	0.116571	0	0.0114501	1.0741	53.6838
615	0.0100226	0.0303959	0.111742	0	0.0114501	1.20441	53.2055
616	0.0100226	0.0307154	0.111742	0	0.0120943	1.42877	59.7075
617	0.0100226	0.0311363	0.131527	0	0.0120943	1.55518	63.5445
618	0.0100226	0.0322519	0.142491	0	0.0174113	1.90036	96.2026
619	0.0100226	0.0325488	0.142491	0.0029985	0.0184731	1.90197	99.7677
620	0.0100226	0.0329167	0.148883	0.00149925	0.0174651	1.88322	92.8304
621	0.0100226	0.0337412	0.151507	0.00149925	0.0174651	1.95122	92.8304
622	0.0100226	0.0341005	0.151507	0.0029985	0.0174113	1.87918	92.8304
623	0.0100226	0.0343477	0.151507	0.0029985	0.0164886	1.76572	87.1702
624	0.0100544	0.0339978	0.15306	0.00149925	0.0164886	1.6488	87.1702
625	0.0100226	0.0341203	0.156309	0	0.0166487	1.65956	87.8639
626	0.0100226	0.0341434	0.158142	0	0.0169361	1.71435	87.1702
627	0.0100544	0.0337203	0.15306	0	0.0174615	1.74591	87.1702
628	0.0100226	0.033796	0.151507	0.00149925	0.0170554	1.69266	87.1702
629	0.0100226	0.0328915	0.142491	0	0.0170554	1.60388	87.1702
630	0.0100226	0.0331958	0.146577	0	0.0169361	1.53504	87.1702
631	0.0100226	0.0333334	0.142931	0.00149925	0.0170554	1.53541	87.1702
632	0.0100544	0.0333122	0.142931	0.00149925	0.0170554	1.39736	87.1702
633	0.0100544	0.0332429	0.142931	0.00149925	0.0164886	1.30955	87.1702
634	0.0100544	0.033299	0.142481	0.00149925	0.0169361	1.17376	87.1702
635	0.0100226	0.0339238	0.142931	0.0029985	0.0170554	1.16054	87.1702
636	0.0100226	0.0344052	0.151507	0	0.0170554	1.12548	87.1702
637	0.0100544	0.0346176	0.15306	0	0.0170554	1.01796	87.1702
638	0.0100226	0.0360514	0.165244	0.00749625	0.0170554	0.910655	87.1702
639	0.0100226	0.040133	0.205028	0.023988	0.0164886	0.838346	87.1702
640	0.0100226	0.0381913	0.19443	0.011994	0.0164886	0.806222	87.1702
641	0.0100544	0.0368708	0.167514	0.00449775	0.0161507	0.787969	87.1702
642	0.0100544	0.0339793	0.151507	0	0.0105574	0.780017	57.2537
643	0.0100544	0.0353111	0.156309	0.0029985	0.0105574	0.780908	53.2222
644	0.0103683	0.0358893	0.165244	0.00149925	0.0105574	0.754472	53.2222
645	0.0103683	0.0360567	0.165244	0	0.0105574	0.590832	53.2222
646	0.0100544	0.0372901	0.164033	0	0.0105574	0.572846	53.2222
647	0.0100544	0.0373904	0.164033	0	0.015234	0.592505	75.0419
648	0.0100544	0.0374178	0.165137	0	0.0135004	0.578261	57.2537
649	0.0103683	0.0366398	0.167514	0	0.0135004	0.580772	53.2222
650	0.0103826	0.0366731	0.165244	0	0.0135004	0.570914	53.2222
651	0.0100544	0.0356953	0.15306	0	0.0141308	0.512348	53.2222
652	0.0100544	0.0349125	0.151507	0	0.0109898	0.464211	35.1524
653	0.0103683	0.0349017	0.154257	0	0.0135004	0.399716	26.4164
654	0.0100544	0.0355465	0.165244	0.00149925	0.0135004	0.333471	11.2389
655	0.0100544	0.0360676	0.165643	0.00449775	0.0112176	0.312945	3.94123
656	0.0100544	0.0362689	0.193365	0.00749625	0.0135004	0.290627	2.90132
657	0.0100544	0.0360375	0.193365	0.00749625	0.0165229	0.280226	2.97787
658	0.0100544	0.0358126	0.167514	0.0029985	0.0118475	0.277846	2.55363
659	0.0100544	0.03667	0.187624	0.00149925	0.0101436	0.335982	14.6353
660	0.0100544	0.036616	0.187624	0	0.0120308	0.364918	29.1552
661	0.0103683	0.0361514	0.193365	0	0.0120308	0.362793	29.1552
662	0.0103683	0.03643	0.193365	0	0.0133954	0.370563	30.1213
663	0.0103683	0.036149	0.193365	0	0.0133954	0.353097	30.1213
664	0.0100544	0.0355612	0.173352	0	0.010061	0.363743	10.6361
665	0.0100544	0.0359166	0.180909	0	0.0133954	0.347489	3.17311
666	0.0100544	0.0370884	0.180909	0	0.0135004	0.352366	3.16625
667	0.0100544	0.0373166	0.180909	0	0.0347789	0.362747	2.7844
668	0.0100544	0.0375681	0.184274	0.00149925	0.0424318	0.371472	3.17311
669	0.0100544	0.0382542	0.187624	0.0029985	0.035761	0.40162	3.00171
670	0.0100544	0.0381334	0.187624	0.0029985	0.0347789	0.391888	3.14801
671	0.0100544	0.0390024	0.19519	0.0029985	0.0310941	0.374876	4.01701
672	0.0100544	0.0395936	0.19519	0.0029985	0.0148398	0.366601	4.18423
673	0.0100544	0.0410981	0.214175	0.0029985	0.0115929	0.32101	4.60708
674	0.0100544	0.0413261	0.222666	0.00449775	0.0115929	0.325138	5.16937
675	0.0100544	0.0419283	0.222666	0.0029985	0.0115929	0.345913	9.21355
676	0.0100544	0.0416114	0.222666	0.00149925	0.0115929	0.353315	19.591
677	0.0100544	0.0422565	0.231222	0	0.0204146	0.370009	62.3003
678	0.0100544	0.043823	0.240715	0.0029985	0.0193846	0.345332	64.9709
679	0.0100544	0.0435349	0.237981	0.0029985	0.0123379	0.307193	43.8068
680	0.0100544	0.0442946	0.240715	0.0029985	0.0123379	0.266906	43.8068
681	0.0100544	0.0449232	0.241123	0.0029985	0.0125156	0.234283	45.153
682	0.0100544	0.0457844	0.256706	0.0029985	0.0125156	0.212138	45.153
683	0.0100544	0.0473224	0.265409	0.0029985	0.0119266	0.185411	45.153
684	0.010483	0.0500275	0.330346	0.0089955	0.0117861	0.18272	45.153
685	0.0100987	0.0507455	0.287012	0.0089955	0.0119266	0.171438	45.153
686	0.0100987	0.0518898	0.292037	0.0104948	0.0119266	0.165787	45.153
687	0.0100987	0.0515955	0.256706	0.0029985	0.0119266	0.174016	45.153
688	0.0103452	0.0540236	0.312977	0.0029985	0.0122485	0.173956	45.7864
689	0.0103452	0.0556372	0.32134	0.00149925	0.0122485	0.17396	45.7864
690	0.0107496	0.0616213	0.426995	0.00149925	0.0122485	0.168463	45.7864
691	0.0105507	0.0666266	0.449734	0.00749625	0.0109058	0.129737	37.834
692	0.0107496	0.0718278	0.557074	0.00749625	0.0102983	0.09211	7.87567
693	0.0105138	0.0757125	0.521378	0.005997	0.0101832	0.072226	0.760204
694	0.0107496	0.0900194	0.638124	0.0134933	0.01033	0.0618984	0.535951
695	0.0130534	0.106456	0.766488	0.0254873	0.0101832	0.0596493	0.56094
696	0.0105138	0.094643	0.566271	0.0164918	0.0101832	0.060202	0.605954
697	0.0106331	0.0890007	0.532458	0.011994	0.0101832	0.0624556	0.760204
698	0.0124746	0.0887323	0.637722	0.011994	0.0101832	0.0580799	0.590061
699	0.0106331	0.0843613	0.532458	0.0104948	0.01033	0.0547263	0.529212
700	0.0105138	0.0824265	0.526768	0.0104948	0.0102983	0.0515621	0.498678
701	0.010528	0.0758857	0.484904	0.0089955	0.0102983	0.0511493	0.529212
702	0.0106331	0.0732175	0.484904	0.0089955	0.0102983	0.0526679	0.635375
703	0.0105138	0.0727426	0.484904	0.0149925	0.0102983	0.0535854	0.635375
704	0.0105138	0.0723109	0.484904	0.0149925	0.0102983	0.0564005	0.644224
705	0.0107496	0.0707991	0.484904	0.0134933	0.0102983	0.0557713	0.668082
706	0.0113845	0.067644	0.484904	0.00449775	0.0101704	0.054291	0.635375
707	0.0115681	0.0637541	0.484904	0.00149925	0.0102983	0.0536516	0.567294
708	0.0113845	0.0651528	0.460522	0.0029985	0.0102983	0.0533729	0.567294
709	0.0113845	0.0641709	0.460522	0.0029985	0.01033	0.052237	0.567294
710	0.0106828	0.0634563	0.437215	0.00449775	0.0101704	0.0524122	0.567294
711	0.0102874	0.0628473	0.442526	0.011994	0.0101704	0.0532271	0.567294
712	0.0102874	0.0626453	0.429182	0.00749625	0.010036	0.0536406	0.567294
713	0.0102874	0.0615139	0.429182	0.005997	0.0103738	0.0547375	0.682931
714	0.0117841	0.0614381	0.484904	0.00449775	0.010036	0.0560782	0.644224
715	0.0102874	0.06228	0.429182	0.0029985	0.0102983	0.0592164	0.682931
716	0.0103841	0.0616168	0.429182	0.0029985	0.010036	0.0661597	4.60914
717	0.0105138	0.059875	0.429182	0	0.0101704	0.0798811	15.039
718	0.0105608	0.0588544	0.429182	0	0.0103818	0.100524	30.9517
719	0.0105608	0.0570006	0.426995	0	0.010036	0.13255	39.1603
720	0.0105138	0.0577231	0.426995	0	0.0101704	0.132029	39.1603
721	0.0105138	0.0570105	0.426995	0	0.0103738	0.120196	34.5933
722	0.0105608	0.0580855	0.429182	0	0.010036	0.120657	26.3333
723	0.0105608	0.0593822	0.429182	0.00149925	0.0103738	0.117108	17.4981
724	0.0103841	0.0580211	0.426995	0.00449775	0.0103738	0.102462	3.01851
725	0.0104072	0.0579527	0.429182	0.005997	0.010036	0.091586	1.77673
726	0.0104072	0.0580819	0.429182	0.005997	0.010036	0.0740737	1.04024
727	0.0104072	0.0574465	0.429182	0.005997
