		omega		Posterior		rho				Synonymous theta			kappa			phi	
Site	Lower	Point	Higher	prob of +ve	Lower	Point	Higher		Lower	Point	Higher	Lower	Point	Higher	Lower	Point	Higher
	95% HPD	estimate	95% HPD	selection	95% HPD	estimate	95% HPD		95% HPD	estimate	95% HPD	95% HPD	estimate	95% HPD	95% HPD	estimate	95% HPD
0	0.459475	2.39074	6.02709	0.917541	0.0100683	0.0649042	8.40575		0.0261866	0.0364402	0.0523031	2.74495	5.4264	9.64819	0.0489817	0.174898	0.702248
1	0.582208	2.43173	6.66889	0.92054	0.010007	0.0499012	0.35473
2	0.582208	2.45322	6.08743	0.926537	0.010007	0.042886	0.2267
3	0.599655	2.45291	6.02709	0.929535	0.010007	0.0408483	0.211494
4	0.645153	2.46802	6.08743	0.932534	0.010007	0.0397152	0.187831
5	0.700214	2.49266	6.02709	0.94003	0.010007	0.0385901	0.178639
6	0.700214	2.51602	6.08743	0.946027	0.0102094	0.0385462	0.179841
7	0.700214	2.56003	6.66889	0.944528	0.0102094	0.0372405	0.172619
8	0.700214	2.70677	6.6143	0.961019	0.010007	0.0371922	0.170673
9	0.949417	2.82445	7.01899	0.976012	0.010007	0.0366814	0.170673
10	0.967433	2.9425	8.11988	0.97901	0.0102094	0.0362972	0.172619
11	0.833239	2.8796	8.02659	0.970015	0.010007	0.0363713	0.170673
12	0.984236	3.06232	9.95453	0.977511	0.010007	0.0362041	0.170236
13	0.833262	2.71146	16.2646	0.938531	0.010007	0.0379746	0.178903
14	0.014772	0.387783	6.01819	0.442279	0.010007	0.0405174	0.206312
15	0.0104708	0.181255	3.32742	0.244378	0.010007	0.0429013	0.262609
16	0.0104708	0.124224	2.0404	0.137931	0.010007	0.046299	0.368285
17	0.0104708	0.108954	1.6578	0.103448	0.010007	0.0446606	0.347073
18	0.0104708	0.100787	1.43739	0.0734633	0.0100872	0.0432478	0.333502
19	0.0104708	0.0959272	0.967433	0.0494753	0.0100872	0.0507142	0.598454
20	0.0104708	0.0948077	0.86051	0.041979	0.0100872	0.064869	4.96094
21	0.0104708	0.093663	0.833262	0.0389805	0.010201	0.0746515	13.4857
22	0.0104708	0.0895854	0.688652	0.0284858	0.0101988	0.0762575	13.4857
23	0.0102584	0.0892408	0.688652	0.029985	0.0101014	0.079452	13.4857
24	0.0102584	0.0859424	0.662834	0.0254873	0.0100315	0.0797797	13.4857
25	0.0102584	0.0871113	0.624392	0.023988	0.0101014	0.0844419	13.4857
26	0.0102584	0.0868375	0.633451	0.0254873	0.010201	0.0873938	13.4857
27	0.0103376	0.0879862	0.624392	0.023988	0.0101988	0.0863708	13.4857
28	0.0102584	0.0897233	0.633451	0.0254873	0.0101988	0.0906747	13.4857
29	0.0102584	0.0902713	0.633451	0.0254873	0.0100872	0.0909331	13.4857
30	0.0102584	0.093388	0.662834	0.0254873	0.0100872	0.0919772	13.4857
31	0.0102584	0.0979882	0.712129	0.0269865	0.0100872	0.0933835	13.4857
32	0.0113639	0.106658	0.882191	0.0404798	0.0100872	0.097078	13.4857
33	0.0118675	0.110911	0.893951	0.0404798	0.0101988	0.12078	33.764
34	0.0123411	0.101604	0.857869	0.0344828	0.0100872	0.128271	33.5409
35	0.0118675	0.0928362	0.752158	0.0209895	0.010201	0.134009	43.2571
36	0.0123411	0.085202	0.654154	0.0164918	0.0100872	0.1395	33.5409
37	0.0118675	0.0795471	0.641948	0.0149925	0.0100872	0.154188	33.5409
38	0.0123411	0.0743007	0.624392	0.0134933	0.0100315	0.14037	33.5409
39	0.0123411	0.0708405	0.590639	0.0089955	0.010201	0.133646	33.5409
40	0.0121336	0.0689208	0.590639	0.00749625	0.0101988	0.156051	33.5409
41	0.010663	0.0645322	0.513405	0.00749625	0.0100315	0.18483	39.3738
42	0.0101804	0.0615923	0.461931	0.00749625	0.0108174	0.313543	53.4935
43	0.0100694	0.06022	0.481104	0.0104948	0.0101988	0.387028	51.8878
44	0.010316	0.0566072	0.449512	0.0029985	0.0100315	0.53937	53.4935
45	0.010316	0.0530092	0.394017	0.0029985	0.0101988	0.569799	53.4935
46	0.0100694	0.0509402	0.361108	0.00449775	0.0101988	0.597644	53.3429
47	0.0105032	0.0486782	0.361108	0.00449775	0.0101988	0.599537	53.4935
48	0.0100694	0.0468896	0.289642	0.00449775	0.0101988	0.608056	55.2099
49	0.0100694	0.044279	0.272248	0.00149925	0.0118189	0.623554	66.3224
50	0.0100694	0.0438621	0.26553	0.00149925	0.0166124	0.625549	91.1983
51	0.0100694	0.0438707	0.279868	0.00149925	0.0142175	0.624457	73.6686
52	0.0101692	0.0444152	0.282708	0.00149925	0.0131427	0.521931	73.6686
53	0.0101692	0.0428762	0.261949	0.00149925	0.0100079	0.442141	49.6542
54	0.0101682	0.0416675	0.244608	0.0029985	0.0100079	0.410685	48.2931
55	0.0101682	0.0401971	0.232564	0.00149925	0.0100079	0.376946	48.2931
56	0.0101682	0.0401619	0.236799	0.00149925	0.0100079	0.340455	35.943
57	0.0101682	0.0390124	0.214045	0	0.0110705	0.293048	33.5029
58	0.0101682	0.0387135	0.212673	0	0.0110705	0.290444	33.5029
59	0.0100083	0.0386502	0.214045	0	0.0101988	0.285272	30.5856
60	0.0101453	0.0382308	0.180991	0	0.0100079	0.26127	20.7832
61	0.0101453	0.0383469	0.214045	0	0.0101988	0.242389	20.7832
62	0.0100083	0.0380271	0.180991	0	0.0107385	0.200468	15.5571
63	0.0100083	0.0378112	0.19201	0	0.0109038	0.177204	15.2516
64	0.0101346	0.0389901	0.227766	0.0029985	0.0109038	0.171933	15.2516
65	0.0100083	0.0381353	0.214045	0.0029985	0.0107385	0.177249	18.0273
66	0.0100083	0.037453	0.19915	0.0029985	0.0100079	0.187293	19.3664
67	0.0100083	0.037272	0.19915	0.00149925	0.0109038	0.202383	30.5856
68	0.0101346	0.0382394	0.20564	0.00149925	0.0109038	0.205187	30.5856
69	0.0100083	0.0383088	0.19915	0.00149925	0.0104907	0.173646	25.0285
70	0.0100083	0.0375864	0.186004	0.00149925	0.0100055	0.14406	18.0273
71	0.0100083	0.037602	0.19078	0.00149925	0.0102476	0.115607	13.1542
72	0.0100083	0.0376521	0.19915	0.00149925	0.0100055	0.0872911	7.21022
73	0.0100083	0.0374658	0.19915	0.00149925	0.0102998	0.0527636	0.391546
74	0.0100083	0.0372758	0.202264	0	0.0100055	0.0520642	0.344545
75	0.0100083	0.0364683	0.19078	0	0.0102476	0.0503894	0.33092
76	0.0100083	0.037148	0.20343	0.00149925	0.0102476	0.0495061	0.321679
77	0.0100083	0.0361951	0.188584	0	0.0102998	0.0477385	0.321679
78	0.0100083	0.0362564	0.188584	0.0029985	0.0102998	0.0475597	0.315558
79	0.0100083	0.0360233	0.188584	0.0029985	0.0102476	0.0477623	0.315558
80	0.0100083	0.0351957	0.180991	0.0029985	0.0102476	0.0473897	0.323747
81	0.0101017	0.0355855	0.187294	0.0029985	0.010441	0.0493734	0.391546
82	0.0100083	0.0354425	0.174808	0.0029985	0.0100055	0.0516955	0.434953
83	0.0100083	0.035351	0.174808	0.0029985	0.0100055	0.0575446	0.653885
84	0.0101017	0.0350496	0.187294	0	0.0101778	0.0593878	0.750895
85	0.0100083	0.0349203	0.174808	0	0.0101778	0.0614952	0.882881
86	0.0100083	0.0350419	0.18639	0	0.0101778	0.0666064	1.11882
87	0.0100083	0.034931	0.187294	0	0.0101778	0.0798467	2.5881
88	0.0100083	0.0350314	0.19078	0	0.0101778	0.103093	8.51321
89	0.0100083	0.0343984	0.174103	0	0.0101778	0.147237	25.3155
90	0.0100083	0.0338568	0.173053	0.00149925	0.0101778	0.208579	29.3644
91	0.0100083	0.0336198	0.174103	0.00149925	0.0101778	0.317378	37.0955
92	0.0100083	0.033545	0.174103	0	0.0132325	0.76292	57.4333
93	0.0100083	0.033196	0.169482	0	0.0144544	1.5508	61.9926
94	0.0100083	0.0332695	0.172017	0.00149925	0.0458678	3.32777	92.4889
95	0.0100083	0.0334062	0.172756	0.00149925	0.251494	5.39177	95.6378
96	0.0100083	0.0331164	0.168153	0.00149925	0.112988	4.18533	95.6378
97	0.0100083	0.0328829	0.169482	0.00149925	0.0691405	3.74874	95.6378
98	0.0100083	0.0324991	0.168153	0	0.0491236	3.50562	95.6378
99	0.0100083	0.0332206	0.186151	0	0.0462677	3.38262	95.6378
100	0.0100083	0.0326722	0.169482	0	0.0431176	2.96634	95.6378
101	0.0100083	0.0331923	0.195424	0.00149925	0.042402	2.76714	99.3946
102	0.0100083	0.0322066	0.170801	0.0029985	0.0347749	2.5909	95.6378
103	0.0100083	0.0318696	0.166914	0	0.027181	2.34729	95.6378
104	0.0100083	0.0317702	0.164752	0	0.0341812	2.28844	99.3946
105	0.0100083	0.0320597	0.166914	0	0.0355041	2.25311	95.6378
106	0.0100083	0.0323094	0.168234	0	0.0341812	2.2085	99.3946
107	0.0100083	0.0325132	0.168153	0	0.0341812	2.23644	90.1243
108	0.0100083	0.0329727	0.170801	0.00149925	0.0355041	2.2812	88.046
109	0.0100083	0.0331985	0.18639	0	0.034972	2.26852	87.9082
110	0.0100083	0.0330981	0.169482	0	0.034972	2.20588	87.9082
111	0.0100083	0.0331096	0.18639	0	0.034972	2.21006	88.046
112	0.0100083	0.0334595	0.190761	0.00149925	0.0341812	2.30284	88.046
113	0.0100083	0.0343806	0.195424	0.00449775	0.0341812	2.34141	90.1243
114	0.0100096	0.0339254	0.191678	0.00149925	0.0276663	2.24952	88.046
115	0.0100096	0.0339568	0.197658	0.0029985	0.0241348	2.05786	78.4934
116	0.0100129	0.0341201	0.197749	0.00449775	0.0241348	2.13299	78.4934
117	0.0100129	0.0338197	0.191678	0.00149925	0.0282778	2.17321	91.7912
118	0.0100129	0.0330376	0.18639	0.00149925	0.0241348	2.12876	80.1706
119	0.0100129	0.032213	0.173797	0.0029985	0.0258553	2.03425	86.1313
120	0.0100129	0.0309939	0.160911	0.0029985	0.0248429	1.8229	80.1706
121	0.0100129	0.0304164	0.155459	0.00149925	0.0241348	1.75683	73.2381
122	0.0100129	0.030353	0.145576	0.00149925	0.0248429	1.75788	76.4347
123	0.0100076	0.0299809	0.145576	0	0.0286208	1.80843	76.4347
124	0.0100076	0.0299213	0.145576	0	0.0341812	1.89215	83.5375
125	0.0100076	0.0300261	0.147225	0.00149925	0.0341812	1.83553	83.5375
126	0.0100076	0.0306386	0.16662	0	0.0286208	1.80642	76.4347
127	0.0100076	0.0306873	0.167218	0.0029985	0.0341812	1.72446	86.8267
128	0.0100076	0.0304285	0.167218	0.0029985	0.0241348	1.57983	68.3862
129	0.0100076	0.0304682	0.168926	0	0.0344249	1.53951	94.629
130	0.0100076	0.0308544	0.181029	0.00149925	0.0304504	1.49308	76.4347
131	0.0100076	0.0309722	0.186802	0.00149925	0.0230767	1.3343	63.7491
132	0.0100076	0.0309188	0.186802	0	0.0229651	1.25384	62.7141
133	0.0100076	0.0309173	0.176843	0	0.0224714	1.19732	76.4347
134	0.0100076	0.0311195	0.181029	0	0.0229651	1.06902	88.1466
135	0.0100076	0.0308509	0.176262	0	0.0207951	0.905513	80.7836
136	0.0100076	0.0309186	0.176262	0	0.0124534	0.743448	55.7843
137	0.0100076	0.0309519	0.176843	0	0.0137327	0.644635	55.7843
138	0.0100076	0.031052	0.176843	0	0.0101351	0.586582	39.5648
139	0.0100076	0.0310051	0.176262	0	0.0103053	0.530556	38.4708
140	0.0100076	0.0309624	0.176843	0	0.0103053	0.472815	27.9514
141	0.0100076	0.0307643	0.173766	0	0.0100707	0.412074	23.5464
142	0.0100076	0.0305511	0.168926	0	0.0101351	0.354309	20.1402
143	0.0100076	0.029947	0.16662	0	0.0106702	0.320213	20.1402
144	0.0100076	0.0301973	0.161144	0	0.0100707	0.33917	18.1798
145	0.0100076	0.0298916	0.145305	0	0.0100707	0.331759	18.1798
146	0.0100076	0.0299578	0.145305	0.0029985	0.0101351	0.336828	16.5689
147	0.0100076	0.0300832	0.148484	0.00449775	0.0110101	0.303275	16.3431
148	0.0100076	0.0305771	0.168926	0.0029985	0.0100144	0.264638	14.3559
149	0.0100076	0.0312401	0.172279	0.00749625	0.0100144	0.23759	14.3559
150	0.0100076	0.0316747	0.187925	0.00749625	0.0100144	0.22347	14.3559
151	0.0100076	0.0302714	0.168926	0.005997	0.0100144	0.18962	9.83643
152	0.0100076	0.0298517	0.151195	0.005997	0.0100144	0.174419	9.25022
153	0.0100076	0.0296871	0.155459	0.00149925	0.0100144	0.17208	9.1054
154	0.0100076	0.0295811	0.161144	0.00149925	0.0100379	0.172429	8.85292
155	0.0100076	0.0293337	0.145305	0.00149925	0.0100144	0.168242	7.65215
156	0.0100076	0.0297282	0.148484	0.0029985	0.0100144	0.164913	6.22594
157	0.0100076	0.0301678	0.171715	0.0029985	0.0100144	0.159169	5.3418
158	0.0100076	0.0302823	0.172279	0.00449775	0.0100144	0.151062	4.41719
159	0.0100076	0.0304204	0.172882	0.0029985	0.0100379	0.143747	2.68316
160	0.0100076	0.0300744	0.168926	0.00149925	0.0100379	0.135609	1.98561
161	0.0100076	0.0303138	0.169869	0.00149925	0.0100379	0.131274	1.8916
162	0.0100076	0.0299876	0.166284	0.00149925	0.0100379	0.138425	1.992
163	0.0100076	0.0302163	0.168926	0.00149925	0.0100379	0.129374	1.78935
164	0.0100076	0.0304653	0.166284	0.00149925	0.0100379	0.124327	1.39471
165	0.0100076	0.0309199	0.168926	0.0029985	0.0100379	0.133226	1.83239
166	0.0100076	0.0306689	0.16191	0.00149925	0.0100379	0.130634	2.05132
167	0.0100076	0.0309975	0.16191	0.00149925	0.0100379	0.12409	1.80793
168	0.0100076	0.031124	0.167474	0.00149925	0.0100379	0.121824	1.78811
169	0.0100076	0.030813	0.166284	0.00149925	0.0100379	0.123841	1.80793
170	0.0100735	0.0308701	0.175212	0.0029985	0.0100379	0.122158	2.05132
171	0.0100076	0.0307086	0.166284	0.0029985	0.0100379	0.117684	1.78811
172	0.0100076	0.0304831	0.166284	0.0029985	0.0100379	0.115029	1.4723
173	0.0100076	0.0304049	0.168926	0.0029985	0.0100379	0.112504	1.4723
174	0.0100076	0.0303679	0.166284	0.00149925	0.0100379	0.112846	1.27675
175	0.0100076	0.0303231	0.168926	0.00149925	0.0100379	0.114289	0.937952
176	0.0100076	0.0300659	0.169441	0	0.0100379	0.122478	1.80793
177	0.0101576	0.0302851	0.175212	0	0.0100379	0.130909	3.02228
178	0.0100129	0.0308061	0.175212	0.00149925	0.0100379	0.12929	3.30597
179	0.0100129	0.0307796	0.175212	0.00149925	0.0100379	0.137177	6.1711
180	0.0100735	0.0309441	0.175212	0.00149925	0.0103053	0.152803	14.3535
181	0.0100746	0.0308119	0.175212	0.00149925	0.0142781	0.150834	19.7475
182	0.0102098	0.0304478	0.175212	0.0029985	0.0103053	0.151261	10.7017
183	0.0100735	0.0302076	0.175212	0.00449775	0.0103053	0.146477	9.49086
184	0.0100746	0.0299155	0.175212	0	0.0103053	0.143241	5.46223
185	0.0100735	0.0304645	0.175212	0	0.0103053	0.142595	4.26546
186	0.0100076	0.0303022	0.170619	0	0.0103053	0.142292	4.26546
187	0.0100076	0.0299916	0.169441	0	0.0103053	0.144867	4.26546
188	0.0102098	0.03009	0.175212	0	0.0103053	0.14603	2.64148
189	0.0100746	0.0301238	0.175212	0	0.0103053	0.152446	2.43017
190	0.0100129	0.0303375	0.175212	0	0.0103053	0.152679	2.35685
191	0.0100076	0.0308547	0.177635	0	0.0103053	0.151653	2.35685
192	0.0100129	0.0308534	0.175212	0.00149925	0.0103053	0.151743	1.99494
193	0.0100129	0.0307971	0.175212	0.00149925	0.0103053	0.146167	1.99494
194	0.0100076	0.0311659	0.175212	0.00149925	0.0103053	0.13844	1.99494
195	0.0100076	0.0310656	0.20215	0	0.0100765	0.127716	1.27675
196	0.0100076	0.0312348	0.199752	0.00149925	0.0103053	0.117015	0.83204
197	0.0100076	0.0312406	0.199752	0.00449775	0.0103053	0.108078	0.647024
198	0.0100076	0.0310604	0.177635	0.0029985	0.0103053	0.0981559	0.562405
199	0.0100076	0.0305109	0.172827	0.00149925	0.0104847	0.0901088	0.527248
200	0.0100523	0.0304152	0.172078	0.00149925	0.0103053	0.0845603	0.440287
201	0.0100129	0.0315427	0.173928	0.0029985	0.0100765	0.0813658	0.385929
202	0.0100076	0.0315133	0.172827	0.00149925	0.0103053	0.0802238	0.385929
203	0.0100523	0.0310785	0.172078	0	0.0102254	0.0786617	0.373181
204	0.0100076	0.0309551	0.164036	0.00149925	0.0102254	0.0774704	0.373181
205	0.0100076	0.0309515	0.159218	0.00149925	0.0100765	0.0770553	0.373181
206	0.0100076	0.0306601	0.159218	0	0.0100765	0.076814	0.373181
207	0.0100076	0.0305959	0.154548	0	0.0102254	0.0735282	0.346893
208	0.0100076	0.0306925	0.155742	0	0.0102254	0.0738027	0.346893
209	0.0100076	0.0304407	0.153555	0	0.0103053	0.0726917	0.342978
210	0.0100523	0.0302942	0.153555	0	0.0103053	0.0706886	0.331475
211	0.0100523	0.0304452	0.153555	0	0.0103053	0.0685549	0.31934
212	0.0100523	0.030461	0.153555	0	0.0103053	0.0679379	0.315981
213	0.0100076	0.0302425	0.153555	0	0.0103053	0.0673721	0.322488
214	0.0100076	0.030878	0.170619	0.00149925	0.0103053	0.0663824	0.328919
215	0.0100523	0.0314142	0.17233	0.00149925	0.0101598	0.0635176	0.302975
216	0.0100523	0.0313622	0.17065	0.00149925	0.0101598	0.0614394	0.292916
217	0.0100523	0.0316924	0.171836	0.0029985	0.0103053	0.0592923	0.284868
218	0.0100523	0.0314829	0.17065	0.00149925	0.0101598	0.0585632	0.275185
219	0.0100076	0.0320244	0.17065	0.00149925	0.0103053	0.0567406	0.256315
220	0.0100076	0.0321386	0.163253	0.00149925	0.0101437	0.0547653	0.239203
221	0.0102888	0.0322959	0.17233	0.00149925	0.0103053	0.0546024	0.252027
222	0.0103251	0.0322373	0.172078	0.00149925	0.0101437	0.0550028	0.256315
223	0.0100076	0.0323909	0.163253	0.00149925	0.0101437	0.0554516	0.256315
224	0.0100523	0.0326795	0.17065	0.0029985	0.0101437	0.0633586	0.470758
225	0.0100523	0.0334671	0.171836	0.0029985	0.0101598	0.080041	3.47038
226	0.0100523	0.0343377	0.17233	0.005997	0.0101437	0.0976887	9.64934
227	0.0100523	0.0350413	0.203383	0.005997	0.0101437	0.120107	15.171
228	0.0100523	0.0349698	0.203383	0.0029985	0.0101598	0.127197	18.9733
229	0.0100523	0.03412	0.186448	0.00149925	0.0101598	0.143391	30.7395
230	0.0100523	0.0340047	0.19886	0.00149925	0.0100786	0.163053	31.6715
231	0.0100523	0.0338384	0.19886	0.00149925	0.0103053	0.17058	36.4222
232	0.0100523	0.033699	0.19886	0.00149925	0.0103462	0.183441	38.0491
233	0.0100523	0.0334954	0.186448	0.00149925	0.0103053	0.195842	38.0491
234	0.0102888	0.0336993	0.203383	0.0029985	0.0101598	0.196274	38.0491
235	0.0102888	0.0334504	0.203383	0.00149925	0.0101598	0.208088	39.8715
236	0.0103251	0.033352	0.206768	0	0.0103053	0.228852	40.6888
237	0.0102888	0.0335106	0.206768	0	0.0101598	0.242825	39.8715
238	0.0102888	0.0337053	0.206768	0.00149925	0.0100786	0.273418	40.6888
239	0.0102888	0.0340636	0.212812	0	0.0100786	0.315407	44.9152
240	0.0100523	0.0343111	0.214635	0.0029985	0.0100786	0.334471	44.9152
241	0.0100523	0.033681	0.203383	0	0.0100786	0.37222	44.9152
242	0.0100523	0.0336275	0.194763	0.00149925	0.0142968	0.483698	80.9365
243	0.0100523	0.0334289	0.180937	0	0.0160221	0.535472	89.5345
244	0.0100523	0.0338377	0.20215	0.00149925	0.0160328	0.519653	87.5598
245	0.0100523	0.0340465	0.196193	0.00449775	0.0160328	0.497986	87.5598
246	0.0103251	0.0343144	0.20215	0.005997	0.0153919	0.453717	81.5659
247	0.0100523	0.0352709	0.206768	0.0089955	0.0160291	0.537828	81.5659
248	0.0100523	0.0353014	0.209057	0.00749625	0.0160291	0.551585	81.5659
249	0.0100721	0.0347755	0.20215	0.0029985	0.011629	0.562913	58.1597
250	0.0102888	0.0346555	0.20215	0.0029985	0.0135864	0.598504	65.5788
251	0.0100523	0.0343089	0.196193	0.0029985	0.0131001	0.61706	65.5788
252	0.0100523	0.0338419	0.201231	0.00149925	0.0131641	0.630643	67.8238
253	0.0100523	0.0337165	0.206768	0.0029985	0.0158082	0.745012	81.5659
254	0.0100523	0.0337175	0.20215	0.00149925	0.0158082	0.809523	95.7668
255	0.0100523	0.0341238	0.212298	0.00449775	0.0160291	0.881329	98.8131
256	0.0100523	0.0339482	0.201053	0.0029985	0.0155643	0.872621	99.7548
257	0.0100523	0.0338533	0.194763	0.0029985	0.0145829	0.8016	97.8194
258	0.0100523	0.0330289	0.178086	0	0.0120258	0.696542	89.2136
259	0.0100523	0.0328564	0.16994	0	0.0100635	0.623415	76.8352
260	0.0100523	0.0332109	0.178086	0.0029985	0.0101107	0.535639	76.8352
261	0.0100523	0.0331092	0.176485	0.00149925	0.0106097	0.438376	76.8352
262	0.0102888	0.0329369	0.196193	0.00149925	0.0101107	0.3884	69.7037
263	0.0100523	0.0341744	0.194763	0.0029985	0.0101107	0.312451	69.7037
264	0.0100523	0.0348159	0.20215	0.00749625	0.0101107	0.276543	52.8613
265	0.0100523	0.0348225	0.201053	0.00749625	0.0101107	0.26494	46.8695
266	0.0100395	0.0346773	0.201053	0.00749625	0.0101107	0.255158	40.359
267	0.0100395	0.0344988	0.193092	0.005997	0.0101107	0.228958	40.359
268	0.0100523	0.0345905	0.174895	0.00149925	0.0101107	0.212712	38.3941
269	0.0100395	0.0349702	0.193092	0	0.0101701	0.188932	38.3941
270	0.0100395	0.0352798	0.191697	0.00149925	0.0101712	0.163746	34.4026
271	0.0100395	0.0359328	0.194763	0.00149925	0.0101701	0.131447	16.8644
272	0.0100395	0.0364142	0.195128	0.005997	0.0101712	0.112474	11.5232
273	0.0100395	0.0356727	0.191697	0.00149925	0.0101701	0.0924698	6.64902
274	0.0100395	0.0359598	0.193092	0.00149925	0.0101701	0.0793172	4.21627
275	0.0100395	0.0361743	0.194763	0.00149925	0.0101701	0.071858	3.11475
276	0.0100395	0.0363638	0.195128	0.00149925	0.0101701	0.0605385	0.855218
277	0.0100395	0.0368231	0.209851	0.00149925	0.0101712	0.058627	0.702699
278	0.0100395	0.0375408	0.234637	0	0.0101701	0.0563848	0.567953
279	0.0100358	0.0383249	0.234637	0.00149925	0.0101701	0.0552336	0.546479
280	0.0100358	0.0379565	0.234637	0.00149925	0.0101701	0.0535859	0.524046
281	0.0100358	0.0386072	0.238224	0	0.0101712	0.0525724	0.500557
282	0.0100358	0.0400317	0.243366	0	0.0100683	0.0527766	0.482543
283	0.0100358	0.0408348	0.247643	0.0029985	0.0101701	0.0508667	0.408015
284	0.0100358	0.0415275	0.250509	0.00449775	0.0101701	0.0505352	0.400267
285	0.0100358	0.0418363	0.253933	0.005997	0.0101701	0.0485132	0.380014
286	0.0100358	0.0424896	0.264696	0.00449775	0.0101701	0.0486715	0.380014
287	0.0100395	0.0429206	0.275964	0.005997	0.0101701	0.0480578	0.369872
288	0.0100358	0.0434015	0.27841	0.00449775	0.0101701	0.0480933	0.374238
289	0.0100358	0.042772	0.264424	0.00149925	0.0101701	0.0492134	0.380014
290	0.0100358	0.0435919	0.264424	0.00149925	0.0101712	0.0499611	0.388248
291	0.0100358	0.0443182	0.27841	0.0029985	0.0101712	0.0494294	0.369872
292	0.0100358	0.04474	0.27841	0.00449775	0.0101712	0.050453	0.372868
293	0.0100395	0.0440329	0.275964	0.0029985	0.0101712	0.0501023	0.380014
294	0.0100358	0.0438415	0.264424	0.00149925	0.0101712	0.0497805	0.380014
295	0.0100358	0.0442326	0.261592	0.00149925	0.0101712	0.0491978	0.374238
296	0.0100358	0.0442776	0.261592	0	0.0101712	0.0531792	0.636556
297	0.0100358	0.0448251	0.27841	0	0.0101712	0.0613424	1.43797
298	0.0100358	0.046103	0.294919	0	0.0102471	0.065973	1.9358
299	0.0100358	0.0483605	0.310936	0	0.0100755	0.0689978	2.00694
300	0.0100358	0.0508664	0.332844	0.0029985	0.0100755	0.071589	2.38409
301	0.0100358	0.0516395	0.356077	0.00449775	0.0101712	0.0733409	2.43113
302	0.0100358	0.0510785	0.356077	0.0029985	0.0101712	0.0789617	3.32642
303	0.0100358	0.0518294	0.362793	0.0029985	0.0100755	0.0805372	2.72649
304	0.0100358	0.0537607	0.387064	0.00449775	0.0100755	0.0842406	2.43113
305	0.0100358	0.0564342	0.410378	0.0029985	0.011205	0.0846352	2.43113
306	0.0100358	0.0590281	0.434433	0.0029985	0.0111974	0.0841188	2.43113
307	0.0100395	0.0622147	0.445758	0.0029985	0.0111974	0.0849242	2.43113
308	0.0107838	0.0653463	0.4926	0.0029985	0.0111974	0.0877491	2.43113
309	0.0107838	0.0690944	0.509665	0.0029985	0.010304	0.0910333	2.45818
310	0.0107838	0.0726486	0.513446	0.0029985	0.0111974	0.089216	2.45818
311	0.0107219	0.0788871	0.531436	0.005997	0.0101376	0.0953735	3.34067
312	0.0107838	0.0841923	0.560453	0.00449775	0.0100211	0.0956905	3.34067
313	0.0100358	0.0890218	0.560453	0.00749625	0.0100211	0.100597	3.45886
314	0.0100358	0.0917907	0.587572	0.00749625	0.0100211	0.105026	4.91825
315	0.0103523	0.0985495	0.63476	0.00749625	0.0110437	0.099089	6.13596
316	0.0103741	0.111813	0.755214	0.0209895	0.0100211	0.0935194	4.78999
317	0.0103523	0.123258	0.857369	0.0344828	0.0101376	0.0805209	3.34067
318	0.0103523	0.132062	0.929421	0.0434783	0.0100211	0.0653202	1.15912
319	0.0131676	0.152166	1.24416	0.0524738	0.010304	0.0558449	0.632862
320	0.0131676	0.145191	1.18455	0.0494753	0.0100211	0.0510807	0.479465
321	0.0109452	0.134841	0.940671	0.0404798	0.0100211	0.0510824	0.483881
322	0.0103523	0.119422	0.755214	0.0254873	0.0100211	0.0495231	0.479465
323	0.0102323	0.110357	0.695633	0.0209895	0.010111	0.0496058	0.479465
324	0.010912	0.100756	0.695633	0.017991	0.0100211	0.0494989	0.479465
325	0.010912	0.0998859	0.695633	0.0194903	0.0100211	0.049917	0.494691
326	0.0103523	0.0994715	0.692854	0.0209895	0.0101301	0.0532367	0.631617
327	0.0110755	0.0973689	0.695633	0.0194903	0.0100211	0.0559921	0.748536
328	0.0100358	0.0921306	0.600516	0.017991	0.0100211	0.0593857	0.866949
329	0.0109452	0.0927612	0.692854	0.0224888
