		omega		Posterior		rho				Synonymous theta			kappa			phi	
Site	Lower	Point	Higher	prob of +ve	Lower	Point	Higher		Lower	Point	Higher	Lower	Point	Higher	Lower	Point	Higher
	95% HPD	estimate	95% HPD	selection	95% HPD	estimate	95% HPD		95% HPD	estimate	95% HPD	95% HPD	estimate	95% HPD	95% HPD	estimate	95% HPD
0	0.0101654	0.0412277	0.298933	0.011994	0.0181436	1.59574	97.6637		0.0351915	0.045465	0.0572104	3.08775	5.36265	9.15942	0	0	0
1	0.0101654	0.040228	0.294655	0.011994	0.0208931	1.6837	95.9518
2	0.0100222	0.0391834	0.263241	0.0089955	0.0213895	1.84163	95.9518
3	0.0100222	0.0382256	0.240104	0.00749625	0.0257235	2.29144	95.9518
4	0.0101654	0.0363985	0.209887	0	0.0359155	2.50721	95.9518
5	0.0101687	0.0359375	0.209887	0.00149925	0.0380658	2.69928	98.3907
6	0.0101284	0.0361031	0.209887	0.0029985	0.0339253	2.62306	95.9518
7	0.0101654	0.0350645	0.200069	0	0.0383175	3.1991	95.9518
8	0.0101654	0.0347719	0.200069	0	0.0391397	3.83462	95.9518
9	0.0101284	0.0345218	0.201457	0	0.0408795	4.60388	98.4077
10	0.0101284	0.0345415	0.186787	0	0.0457378	5.06412	98.4077
11	0.0100222	0.0337579	0.178125	0	0.0457378	5.46374	98.4077
12	0.0100222	0.0332356	0.16244	0.00149925	0.0518145	6.32674	98.4077
13	0.0101284	0.0337393	0.178125	0.00149925	0.0338867	5.32905	98.4077
14	0.0100222	0.0335803	0.178125	0.00149925	0.0233851	3.85825	98.4077
15	0.0100222	0.0332953	0.172089	0.00149925	0.0219504	2.9838	98.4077
16	0.0101284	0.0321614	0.16244	0.00149925	0.0209901	2.56074	98.4077
17	0.0100222	0.0316281	0.156742	0.0029985	0.0202592	1.95482	98.4077
18	0.0100222	0.0310383	0.150627	0.0029985	0.0188532	1.50529	94.6775
19	0.0100222	0.0305343	0.142503	0.00149925	0.0193254	1.28252	98.4077
20	0.0100222	0.0307734	0.142503	0.00149925	0.0176928	0.894564	98.4077
21	0.0100222	0.0300447	0.129595	0	0.0176928	0.94	98.4077
22	0.0100209	0.0297093	0.129518	0	0.016838	0.971455	98.4077
23	0.0100209	0.0294904	0.126495	0	0.0163015	0.994295	96.9595
24	0.0100209	0.029576	0.126495	0	0.0167682	0.98932	95.5401
25	0.0100209	0.0295244	0.126998	0	0.0160525	0.899465	95.5401
26	0.0100209	0.0294718	0.129518	0.00149925	0.0167682	0.831692	95.5401
27	0.0100209	0.0292773	0.126495	0.00149925	0.0163015	0.801545	95.5401
28	0.0100209	0.0288912	0.120456	0.00149925	0.0162029	0.770461	94.6775
29	0.0100209	0.0282753	0.109693	0	0.0112439	0.680896	58.2312
30	0.0100209	0.028118	0.109693	0	0.0109821	0.651907	58.2312
31	0.0100209	0.0279483	0.108935	0	0.0109284	0.711621	58.2312
32	0.0100209	0.0272549	0.100066	0	0.0109284	0.685826	58.2312
33	0.0100209	0.0273556	0.100426	0	0.0109284	0.658013	58.2312
34	0.0100209	0.0273625	0.100426	0	0.0109284	0.616895	54.4814
35	0.0100209	0.0275466	0.108021	0	0.0109821	0.606189	52.0054
36	0.0100209	0.0275752	0.10865	0	0.0109284	0.543713	52.0054
37	0.0100209	0.027505	0.10865	0	0.0109284	0.497062	51.0133
38	0.0100209	0.0274922	0.112007	0	0.0109284	0.423713	49.9078
39	0.0100209	0.0275503	0.112007	0	0.010035	0.390168	43.9893
40	0.0100209	0.0275282	0.112007	0	0.010035	0.363447	43.9893
41	0.0100209	0.0271662	0.108021	0	0.0109821	0.35772	51.0133
42	0.0100209	0.0272093	0.10865	0	0.0109821	0.386887	51.8443
43	0.0100209	0.0271207	0.10865	0	0.010035	0.372186	43.2705
44	0.0100209	0.0274509	0.10865	0	0.010035	0.371838	43.2705
45	0.0100209	0.0275438	0.116294	0	0.0102199	0.371689	43.9893
46	0.0100209	0.0275889	0.116294	0	0.0104069	0.365564	43.9893
47	0.0100209	0.0273053	0.10865	0	0.0100121	0.362403	43.2705
48	0.0100209	0.0272641	0.105254	0	0.0100121	0.343191	43.2705
49	0.0100209	0.0273496	0.10865	0.00149925	0.0100121	0.278256	42.1436
50	0.0100209	0.0274081	0.10865	0.00149925	0.0100121	0.260003	30.6843
51	0.0100209	0.0273687	0.108021	0.00149925	0.0100121	0.223462	20.9196
52	0.0100209	0.0272663	0.104725	0	0.0100121	0.219051	11.0797
53	0.0100209	0.0274114	0.108021	0	0.0100121	0.189886	7.64529
54	0.0100209	0.0269601	0.0959698	0	0.0104043	0.184717	7.7258
55	0.0100209	0.026998	0.093687	0	0.0100121	0.170704	7.3814
56	0.0100209	0.0273046	0.100066	0	0.0104043	0.174155	7.7258
57	0.0100209	0.0276066	0.100407	0.0029985	0.0100121	0.168158	8.12896
58	0.0100209	0.0274264	0.102848	0.00149925	0.0100121	0.169109	8.22824
59	0.0100209	0.0277562	0.10865	0.00149925	0.0100121	0.182737	11.0797
60	0.0100209	0.0273645	0.102891	0	0.0100121	0.182118	11.6222
61	0.0100209	0.0272395	0.100066	0	0.0100121	0.174332	8.59341
62	0.0100209	0.0277994	0.104922	0	0.0100121	0.150909	7.42368
63	0.0100209	0.028256	0.120107	0	0.0100121	0.156683	8.22824
64	0.0100209	0.0280702	0.104922	0	0.0100121	0.16413	9.24299
65	0.0100209	0.0282784	0.10865	0.00149925	0.0100121	0.164034	9.24299
66	0.0100209	0.0282823	0.120107	0.00149925	0.0100121	0.170131	9.45861
67	0.0100209	0.0280267	0.120456	0.00149925	0.0100121	0.162532	9.31996
68	0.0100209	0.0281754	0.120456	0.00149925	0.0100121	0.156059	9.59919
69	0.0100209	0.0282468	0.122774	0	0.0100121	0.154262	9.98909
70	0.0100209	0.028331	0.122774	0	0.0100121	0.163142	14.5061
71	0.0100209	0.0282855	0.110474	0	0.0100121	0.160848	14.5061
72	0.0100209	0.0283348	0.110474	0	0.0100121	0.142381	14.5061
73	0.0100209	0.0282036	0.10865	0	0.0100121	0.129823	8.22824
74	0.0100209	0.0280539	0.10865	0	0.0100121	0.108046	4.62749
75	0.0100209	0.0283152	0.120107	0	0.0100121	0.0953623	2.19854
76	0.0100209	0.0283821	0.120456	0	0.0100121	0.0813781	1.74629
77	0.0100209	0.02833	0.122774	0	0.0100121	0.071851	1.11146
78	0.0100209	0.0283016	0.125773	0	0.0100121	0.0788597	1.59081
79	0.0100209	0.0279832	0.125773	0.00149925	0.0100121	0.0783244	1.59081
80	0.0100209	0.0277234	0.125743	0.0029985	0.0100121	0.0844407	1.80578
81	0.0100304	0.0281286	0.129595	0.0029985	0.0100121	0.0863316	1.93171
82	0.0100222	0.0284386	0.137866	0.0029985	0.0100121	0.0854973	1.87856
83	0.0100222	0.028229	0.129595	0.0029985	0.0100636	0.0877284	2.14862
84	0.0100222	0.0281619	0.137866	0.0029985	0.0100636	0.0639927	0.951927
85	0.0100222	0.0283141	0.141557	0.0029985	0.0100636	0.050651	0.474793
86	0.0101687	0.0280851	0.138949	0.0029985	0.0100657	0.0469173	0.43295
87	0.0100304	0.0278074	0.129595	0.0029985	0.0100853	0.0440986	0.405871
88	0.0100222	0.027807	0.122774	0.0029985	0.0100636	0.0412094	0.347857
89	0.0100304	0.0282034	0.131565	0.0029985	0.0100636	0.0396991	0.321969
90	0.0100304	0.0292975	0.140675	0.00749625	0.0100636	0.038725	0.321969
91	0.0100304	0.0291891	0.140675	0.00749625	0.0100853	0.0379538	0.321969
92	0.0100304	0.0290185	0.137866	0.005997	0.0100853	0.0363046	0.251107
93	0.0101687	0.0285208	0.130376	0	0.0100853	0.0349077	0.22742
94	0.0101302	0.0283759	0.129595	0	0.0100636	0.0341801	0.195706
95	0.0101687	0.0279194	0.129595	0	0.0100853	0.0332306	0.195706
96	0.0101302	0.0279008	0.129595	0	0.0100557	0.032723	0.191066
97	0.0100304	0.0275562	0.125773	0	0.0100106	0.032651	0.191066
98	0.0101302	0.0278567	0.130376	0	0.0100106	0.0311444	0.152346
99	0.0101687	0.027397	0.129595	0	0.0100557	0.0296977	0.138228
100	0.0100304	0.027498	0.129595	0.00149925	0.0100557	0.0300624	0.139408
101	0.0101687	0.026708	0.129595	0	0.0100106	0.0302504	0.147935
102	0.0100304	0.0274057	0.138463	0	0.0100557	0.0296904	0.147935
103	0.0101492	0.0275822	0.148283	0	0.0100557	0.0293756	0.147935
104	0.0101492	0.0277029	0.138463	0.00149925	0.0100557	0.0289663	0.139408
105	0.0101492	0.0280733	0.149022	0.0029985	0.0100106	0.0283774	0.138228
106	0.0101492	0.0277067	0.138463	0	0.0100557	0.028249	0.139408
107	0.0101492	0.0278335	0.138463	0	0.0100557	0.0275794	0.133434
108	0.0101492	0.0276468	0.138463	0	0.0100557	0.0273159	0.133434
109	0.0101492	0.0272232	0.120456	0	0.0100106	0.026639	0.112633
110	0.0101492	0.0273555	0.137866	0	0.0100106	0.0265566	0.0965845
111	0.0101492	0.0280754	0.150474	0	0.0100557	0.0260569	0.0954716
112	0.0101687	0.0279157	0.150474	0	0.0100106	0.0259564	0.0937516
113	0.0101492	0.0286822	0.155877	0	0.0100106	0.0256195	0.0871711
114	0.0101492	0.0284487	0.148283	0.0029985	0.0100106	0.0260269	0.093039
115	0.0101492	0.0281599	0.148283	0.00149925	0.0100106	0.026218	0.0988564
116	0.0101492	0.0280664	0.147049	0.00149925	0.0100106	0.0255486	0.0965845
117	0.0101687	0.0275884	0.141276	0.00149925	0.0100106	0.0261756	0.122044
118	0.0101865	0.0272011	0.141276	0.00149925	0.0100106	0.0255922	0.0965845
119	0.0101687	0.0265874	0.138463	0	0.0100106	0.0249716	0.0816273
120	0.0101687	0.0265882	0.139898	0	0.0100106	0.0246727	0.0752201
121	0.0100658	0.0263891	0.120456	0	0.0100106	0.0241176	0.0742221
122	0.0100658	0.0264115	0.120456	0	0.0100557	0.0240071	0.0742221
123	0.0101687	0.0269643	0.138463	0	0.0100557	0.0240284	0.0752201
124	0.0100658	0.0269897	0.134633	0	0.0100557	0.0237781	0.0749239
125	0.0100658	0.0269465	0.134633	0	0.0100106	0.0237226	0.0783788
126	0.0100658	0.0267358	0.133241	0	0.0100106	0.0236105	0.0756477
127	0.0100658	0.0267801	0.134633	0	0.0100557	0.0234798	0.0794226
128	0.0101687	0.0277337	0.150211	0	0.0100557	0.0234932	0.0809457
129	0.0101687	0.0279246	0.150211	0	0.0100106	0.0229415	0.0746621
130	0.0101687	0.0280221	0.151626	0	0.0100106	0.0232303	0.0795654
131	0.0100658	0.0282199	0.151626	0	0.0100106	0.0231913	0.0795654
132	0.0100658	0.0287421	0.178282	0	0.0100106	0.0235385	0.0847294
133	0.0100827	0.0285945	0.158768	0	0.0100106	0.0234978	0.0848469
134	0.0100827	0.0286171	0.158768	0	0.0100106	0.02356	0.0848469
135	0.0100658	0.0289223	0.153674	0.005997	0.0100106	0.0231501	0.0804037
136	0.0100658	0.0277384	0.134633	0	0.0100106	0.0235051	0.0838365
137	0.0100658	0.0275804	0.133241	0	0.0100135	0.0235736	0.0847294
138	0.0100658	0.0277731	0.133241	0	0.0100135	0.0239668	0.0925238
139	0.0100658	0.0271265	0.117521	0	0.0100106	0.0242087	0.0953143
140	0.0100658	0.027257	0.120456	0	0.0100106	0.0246428	0.0971422
141	0.0100827	0.0273222	0.129785	0	0.0100106	0.0251892	0.10458
142	0.0100658	0.0271903	0.124879	0	0.0100106	0.0255432	0.117237
143	0.0100658	0.0271928	0.117521	0	0.0100106	0.0258106	0.117237
144	0.0100658	0.0272812	0.116424	0	0.0100106	0.0260872	0.117237
145	0.0100658	0.0272312	0.116424	0.00149925	0.0100106	0.0258011	0.107836
146	0.0100827	0.0262597	0.104975	0.00149925	0.0100106	0.0265231	0.119766
147	0.0100658	0.0258842	0.101015	0	0.0100106	0.0273588	0.126225
148	0.0101365	0.0258101	0.100232	0	0.0100106	0.0281722	0.129577
149	0.0100658	0.0254883	0.0976361	0	0.0100135	0.0296217	0.146645
150	0.0100658	0.0255122	0.0992241	0	0.0100106	0.0305042	0.150727
151	0.0100658	0.0251155	0.09002	0	0.0100106	0.0329332	0.213574
152	0.0100658	0.0249861	0.0912082	0	0.0100106	0.0337292	0.212978
153	0.0101365	0.0255874	0.100232	0	0.0100156	0.0347662	0.221545
154	0.0100658	0.0254971	0.0997334	0	0.0100156	0.0355122	0.221545
155	0.0100658	0.0255594	0.100827	0	0.0100106	0.0398778	0.282062
156	0.0101365	0.0254558	0.0997334	0	0.0100135	0.0405967	0.313641
157	0.0100658	0.0257179	0.0997334	0.00149925	0.0100135	0.0429277	0.356696
158	0.0101365	0.0257127	0.103118	0.00149925	0.0100156	0.0496285	0.41902
159	0.0100658	0.025299	0.0976361	0.00149925	0.0103558	0.0521873	0.536467
160	0.0100658	0.0255067	0.0997334	0.00149925	0.0100156	0.0569651	0.536467
161	0.0100658	0.0256525	0.0967783	0.0029985	0.0100156	0.0615512	0.670511
162	0.0100658	0.0258766	0.0911637	0.00449775	0.0100156	0.0626119	0.536467
163	0.0101365	0.0255257	0.0911637	0.0029985	0.0100156	0.0660542	0.727004
164	0.0100658	0.0262611	0.0997334	0.011994	0.0103558	0.0640727	0.536467
165	0.0100658	0.0250299	0.0890326	0.00149925	0.0103558	0.063729	0.536467
166	0.0100658	0.0249431	0.0878807	0	0.010153	0.0594138	0.398564
167	0.0101365	0.0247792	0.0868702	0	0.010153	0.0565969	0.316667
168	0.0101365	0.0246981	0.0868702	0	0.0104583	0.0573085	0.316667
169	0.0101365	0.0245734	0.0868702	0	0.010153	0.0594952	0.316667
170	0.0101365	0.0241693	0.085149	0	0.0103558	0.0622069	0.345431
171	0.0100658	0.0243735	0.085149	0	0.0103558	0.0621814	0.340709
172	0.0100658	0.0247497	0.09002	0	0.0103558	0.0630138	0.316667
173	0.0100658	0.0246544	0.09002	0	0.0103558	0.0647417	0.329313
174	0.0100658	0.0245983	0.0890326	0	0.0103558	0.065978	0.329313
175	0.0101365	0.0250424	0.0976361	0	0.0103558	0.0671325	0.334273
176	0.0100658	0.0250207	0.0935686	0	0.0100156	0.0678896	0.329313
177	0.0101365	0.0255668	0.0994632	0.00149925	0.0100156	0.0692577	0.329313
178	0.0100658	0.0261183	0.103118	0.0029985	0.0103558	0.0721226	0.334273
179	0.0100658	0.0263428	0.106047	0.00449775	0.0103558	0.0745044	0.340709
180	0.0100658	0.0267844	0.106076	0.005997	0.0103558	0.0756654	0.340709
181	0.0101365	0.0268353	0.109294	0.005997	0.0110807	0.0791773	0.362307
182	0.0100658	0.0270194	0.109294	0.005997	0.0108295	0.0800798	0.340709
183	0.0101365	0.0273172	0.113078	0.005997	0.0108295	0.0814936	0.340709
184	0.0100658	0.027063	0.113078	0.00449775	0.0108295	0.0817235	0.334273
185	0.0100658	0.0269931	0.120794	0	0.0108295	0.0876247	0.386059
186	0.0100658	0.0265458	0.107245	0	0.0108295	0.087429	0.386059
187	0.0100658	0.0263555	0.106139	0	0.0104826	0.0885498	0.421991
188	0.0100658	0.026576	0.107245	0	0.0104826	0.0884284	0.437961
189	0.0100658	0.0264551	0.107245	0	0.0104826	0.08709	0.421991
190	0.0101365	0.0266978	0.117715	0.00149925	0.0104826	0.0893463	0.421991
191	0.0100658	0.0272326	0.139402	0.0029985	0.0104826	0.0896826	0.398564
192	0.0100658	0.0274726	0.146591	0.0029985	0.0110807	0.0899284	0.391679
193	0.0101365	0.0275908	0.146591	0.0029985	0.0104826	0.0925132	0.398564
194	0.0100658	0.0275035	0.141759	0	0.0104826	0.0936485	0.396188
195	0.0100658	0.0273746	0.149117	0	0.0104826	0.108901	0.916387
196	0.0100658	0.02745	0.149117	0	0.0106185	0.13723	2.21663
197	0.0100658	0.0276427	0.151613	0	0.0104826	0.159722	17.3348
198	0.0101365	0.0273091	0.14714	0	0.0102187	0.153784	32.0689
199	0.0100658	0.0273404	0.141759	0.0029985	0.0235107	0.163485	78.6928
200	0.0100658	0.0276252	0.14714	0.00149925	0.0254933	0.18088	78.6928
201	0.0100269	0.0282223	0.162306	0.0029985	0.0249109	0.187669	78.6928
202	0.0100269	0.0297507	0.199534	0.005997	0.0245251	0.187009	78.6928
203	0.0100269	0.0278832	0.139402	0.0029985	0.0245251	0.185074	82.8183
204	0.0100658	0.0287893	0.156266	0.0029985	0.0213192	0.187053	78.6928
205	0.0100269	0.0292956	0.164074	0.00149925	0.0213192	0.187606	82.8183
206	0.0100658	0.0291066	0.156266	0.00149925	0.0203734	0.188163	82.8183
207	0.0100269	0.0293072	0.149117	0	0.0188695	0.185753	78.6928
208	0.0100269	0.0299982	0.156266	0	0.019625	0.180803	82.8183
209	0.0100269	0.0297549	0.156266	0	0.018452	0.177406	78.6928
210	0.0100269	0.0294499	0.149117	0	0.0188695	0.175725	78.6928
211	0.0100269	0.0297884	0.143547	0	0.0188695	0.158156	78.6928
212	0.0100789	0.0297978	0.143547	0	0.0123907	0.13146	48.6533
213	0.0100789	0.0305174	0.156266	0	0.0102187	0.112217	7.25419
214	0.0100269	0.0298538	0.143501	0	0.0102187	0.0982174	2.17324
215	0.0100269	0.0292219	0.125704	0	0.0106185	0.0973298	2.51468
216	0.0100269	0.0290248	0.112742	0	0.0101738	0.0818895	0.467045
217	0.0100789	0.0291028	0.112742	0	0.0122709	0.0730681	0.352815
218	0.0100269	0.0291634	0.113917	0.00149925	0.0112131	0.0687428	0.310494
219	0.0100789	0.0294733	0.122796	0.00449775	0.0122709	0.0675861	0.340709
220	0.0100269	0.0293969	0.122079	0.005997	0.0122709	0.0646493	0.31666
221	0.0100789	0.0294112	0.131025	0.00749625	0.0123417	0.0632857	0.311897
222	0.0100269	0.0297127	0.141759	0.0089955	0.013529	0.0627114	0.324314
223	0.0100269	0.0297856	0.139571	0.011994	0.013529	0.0618145	0.324314
224	0.0100269	0.0302587	0.139571	0.0194903	0.011116	0.0621699	0.277299
225	0.0100269	0.0281564	0.113917	0.00749625	0.0109647	0.0617977	0.277299
226	0.0101365	0.0280241	0.122257	0.00149925	0.011116	0.061747	0.283948
227	0.0100269	0.0280901	0.122796	0.00149925	0.011116	0.0635681	0.308341
228	0.0101365	0.027724	0.122796	0	0.011116	0.0643345	0.324314
229	0.0100269	0.0281179	0.131025	0.00149925	0.0106185	0.0648376	0.324314
230	0.0101365	0.0273671	0.122257	0	0.0106185	0.0648159	0.324314
231	0.0101365	0.0270066	0.122257	0	0.0101688	0.062128	0.308341
232	0.0100269	0.0271704	0.122796	0	0.0101688	0.0604373	0.286627
233	0.0100269	0.0271379	0.122257	0	0.0102187	0.0603798	0.286627
234	0.0100269	0.0270962	0.122257	0	0.0101688	0.0597212	0.280623
235	0.0100269	0.0270411	0.115588	0	0.0101688	0.0572547	0.265415
236	0.0101365	0.0272097	0.122257	0	0.0103646	0.0553839	0.265415
237	0.0100269	0.0273321	0.127024	0	0.0103646	0.053807	0.23794
238	0.0100269	0.0277565	0.136782	0	0.0103646	0.0529672	0.212727
239	0.0100269	0.02695	0.122257	0	0.0103646	0.0526168	0.212727
240	0.0100269	0.0277402	0.139571	0	0.0101688	0.0520169	0.212727
241	0.0100269	0.0273655	0.134178	0	0.0100312	0.0508801	0.198199
242	0.0100269	0.0276582	0.135069	0	0.0106794	0.0500234	0.206682
243	0.0100269	0.0274783	0.127024	0.0029985	0.0106794	0.048154	0.198199
244	0.0100269	0.0270275	0.117319	0	0.0106794	0.047821	0.196384
245	0.0101365	0.0274548	0.119828	0	0.0106794	0.0475741	0.198199
246	0.0101365	0.0277424	0.130347	0	0.0106794	0.0485115	0.222183
247	0.0101365	0.0281667	0.132919	0	0.0106794	0.0483202	0.222183
248	0.0101365	0.0283518	0.134178	0	0.0106794	0.0476628	0.221579
249	0.0101365	0.0284794	0.135069	0	0.0100312	0.0467566	0.198199
250	0.0101365	0.0285652	0.135069	0	0.0112131	0.0462174	0.206682
251	0.0101365	0.02838	0.130347	0	0.0100312	0.046009	0.172914
252	0.0101365	0.028188	0.122257	0	0.0100312	0.0456298	0.180065
253	0.0101365	0.0279192	0.119428	0	0.0100549	0.0442294	0.172914
254	0.0101365	0.0276416	0.119428	0	0.0100312	0.0440275	0.172413
255	0.0101365	0.0277738	0.119428	0	0.0106563	0.0436816	0.180292
256	0.0101365	0.0278965	0.119428	0	0.0100842	0.0434792	0.169988
257	0.0100776	0.0276099	0.117319	0	0.0100842	0.0433222	0.169988
258	0.0100776	0.0279742	0.118191	0	0.010538	0.0422259	0.172007
259	0.0101365	0.0277602	0.119428	0	0.010538	0.0414903	0.172007
260	0.0101365	0.0274617	0.119428	0	0.0100842	0.0414747	0.169988
261	0.0101365	0.0274763	0.119428	0	0.0100842	0.0411153	0.169988
262	0.0100776	0.027578	0.119428	0	0.0100842	0.0410791	0.172007
263	0.0100776	0.0274907	0.119428	0	0.0100842	0.0407207	0.174988
264	0.0100776	0.0277637	0.119828	0.00149925	0.0100842	0.040108	0.172007
265	0.0100042	0.028415	0.122257	0.00149925	0.0100842	0.0400022	0.180065
266	0.0100042	0.0285283	0.129898	0.00149925	0.0100842	0.0396784	0.174988
267	0.0100042	0.0285733	0.129898	0.00149925	0.0100842	0.0392497	0.174988
268	0.0100042	0.02845	0.122257	0.00149925	0.0100842	0.0388064	0.174988
269	0.0100776	0.0281015	0.119828	0	0.0100842	0.0379228	0.16522
270	0.0100776	0.0278543	0.11953	0	0.0100842	0.0381645	0.172007
271	0.0101365	0.0275704	0.119828	0	0.0100842	0.0380918	0.174988
272	0.0101365	0.0280417	0.119428	0	0.0100842	0.0387965	0.190708
273	0.0101365	0.0280101	0.119428	0.00149925	0.0100842	0.0389635	0.172007
274	0.0101365	0.0281278	0.119428	0.00149925	0.0100842	0.0387857	0.162397
275	0.0101365	0.0280191	0.119828	0.00149925	0.0100842	0.0388934	0.16522
276	0.0101365	0.0281773	0.11953	0.00149925	0.0100842	0.0385908	0.162397
277	0.0101365	0.028301	0.119485	0.00149925	0.0100842	0.0395013	0.166892
278	0.0101365	0.0284141	0.119428	0.00149925	0.0100842	0.03726	0.16522
279	0.0101034	0.0285979	0.118191	0.00149925	0.0100842	0.037481	0.170468
280	0.0101365	0.0287422	0.119428	0.00149925	0.0100842	0.0361434	0.16522
281	0.0100906	0.0287186	0.113634	0.00149925	0.0100842	0.0355237	0.16522
282	0.0100906	0.0286206	0.113634	0	0.0100842	0.034547	0.154306
283	0.0100906	0.0286523	0.113634	0	0.0100842	0.0340929	0.154306
284	0.0100906	0.0293725	0.125882	0	0.0100842	0.0338638	0.154306
285	0.0100906	0.0306265	0.137957	0.005997	0.0100842	0.0343543	0.154306
286	0.0100906	0.0304924	0.137957	0.005997	0.0100842	0.0337754	0.148317
287	0.0100906	0.0305003	0.137957	0.005997	0.0100842	0.0337396	0.144097
288	0.0100906	0.0309172	0.146281	0.00749625	0.0101816	0.0341403	0.154306
289	0.0101034	0.0313444	0.160178	0.0089955	0.0102021	0.0343592	0.154306
290	0.0100906	0.0310426	0.150045	0.005997	0.0100842	0.033933	0.144097
291	0.0100906	0.0318768	0.169584	0.00449775	0.0100729	0.0335747	0.142365
292	0.0101034	0.0324511	0.171078	0.00449775	0.0100729	0.0330522	0.134844
293	0.0101034	0.0332923	0.216397	0.005997	0.0100729	0.0335411	0.13266
294	0.0101034	0.03298	0.192822	0.0089955	0.0101816	0.0347701	0.144097
295	0.0101034	0.0320291	0.167184	0.00149925	0.0101816	0.0347773	0.142365
296	0.0101124	0.0322279	0.171078	0.00149925	0.0101816	0.036403	0.152123
297	0.0101034	0.0328275	0.180519	0	0.0102021	0.0353656	0.148317
298	0.0101124	0.0335061	0.18514	0	0.0102021	0.0348143	0.144097
299	0.0101124	0.0337643	0.18514	0	0.0101816	0.034701	0.153109
300	0.0101778	0.0343383	0.18514	0	0.0101816	0.0346656	0.153109
301	0.0101778	0.0354715	0.216397	0	0.0101816	0.0341526	0.157051
302	0.0101034	0.035605	0.212529	0	0.0101816	0.0339123	0.153109
303	0.0101034	0.0358666	0.212529	0	0.0102321	0.0335976	0.148317
304	0.0101413	0.0360109	0.216397	0	0.0101816	0.0344668	0.157051
305	0.0101034	0.0369947	0.216397	0	0.0101816	0.0348826	0.17945
306	0.0101413	0.0383481	0.223165	0	0.0101816	0.0354508	0.190737
307	0.0101034	0.0399222	0.256779	0	0.0101816	0.0366204	0.198105
308	0.0101034	0.0410376	0.256779	0	0.0101816	0.0370358	0.207809
309	0.0101413	0.04225	0.269014	0	0.0101816	0.0365396	0.193877
310	0.0101034	0.0444363	0.290267	0.0029985	0.0102321	0.0359743	0.190737
311	0.0101034	0.046449	0.321634	0.00449775	0.0101816	0.0370467	0.207809
312	0.0101857	0.0485832	0.343872	0.0104948	0.0101816	0.0382187	0.22254
313	0.0101413	0.0511946	0.358195	0.0104948	0.0101816	0.0393092	0.274107
314	0.0101413	0.0534253	0.361099	0.00749625	0.0102321	0.0397374	0.287246
315	0.0101413	0.0569041	0.385534	0.0089955	0.0102321	0.042607	0.416862
316	0.010207	0.0612498	0.450619	0.0089955	0.0102321	0.0436564	0.442511
317	0.0103771	0.0668901	0.558951	0.0089955	0.0102321	0.0439955	0.442511
318	0.0103771	0.0759171	0.630226	0.0089955	0.0102321	0.0460089	0.531231
319	0.0103771	0.0734071	0.626188	0.005997	0.0102321	0.0481561	0.684841
320	0.010207	0.0671329	0.558951	0.00149925	0.0102321	0.0526551	0.838076
321	0.0100498	0.0624462	0.46442	0	0.0101333	0.0647213	1.59833
322	0.0100498	0.0593328	0.408118	0.00149925	0.0101333	0.122078	7.23474
323	0.0100498	0.0557568	0.375695	0.005997	0.0101333	0.167128	15.1914
324	0.010207	0.0518881	0.36002	0.0029985	0.0105008	0.224516	25.7917
325	0.010102	0.0512275	0.360926	0.005997	0.0105008	0.348547	28.31
326	0.0100498	0.0484903	0.348457	0.0029985	0.0105008	0.449611	30.7869
327	0.0100498	0.0466836	0.345075	0	0.0105008	0.609882	32.748
328	0.0100498	0.0455149	0.315107	0	0.012235	0.778909	33.2154
329	0.0100498	0.0438467	0.261205	0	0.0121868	0.951661	36.7757
330	0.0100498	0.0436832	0.252246	0.00149925	0.0132807	0.916117	35.5964
331	0.010102	0.0437941	0.252246	0	0.0141798	0.888315	35.5964
332	0.010102	0.0442677	0.252246	0	0.0141798	0.825812	35.2439
333	0.0100498	0.0442188	0.241922	0	0.0112687	0.730876	27.0071
334	0.0100498	0.0426854	0.211901	0	0.0114289	0.692831	28.2987
335	0.0100498	0.0428067	0.211901	0.00149925	0.0114289	0.844909	35.2439
336	0.0100498	0.0423434	0.196682	0	0.0112687	0.952277	46.3108
337	0.0100498	0.042427	0.195383	0	0.0151699	1.09744	78.4207
338	0.0100498	0.0421857	0.189354	0	0.0114289	1.23651	60.1857
339	0.0100498	0.0427502	0.196821	0	0.0151699	1.36097	80.9626
340	0.0100498	0.0416353	0.195383	0	0.0139599	1.50242	76.9566
341	0.0100498	0.0413346	0.196682	0	0.0151699	1.56636	80.9626
342	0.0100498	0.0409091	0.196821	0.00149925	0.0151699	1.65897	78.4207
343	0.0102553	0.0399382	0.199221	0.00149925	0.0151699	1.6933	80.9626
344	0.0100498	0.0395202	0.196682	0.00149925	0.0151699	1.72946	80.9626
345	0.0100498	0.0386911	0.178416	0.00149925	0.0151699	1.83873	80.9626
346	0.0100498	0.0387578	0.166715	0.00149925	0.0151699	1.93498	75.1254
347	0.0100498	0.038586	0.16842	0.00149925	0.0151699	2.07491	72.7779
348	0.0100498	0.0381653	0.178416	0	0.0222321	2.33299	95.9072
349	0.0100498	0.0379676	0.178416	0	0.0312857	2.85827	99.5771
350	0.0100498	0.0376917	0.178416	0	0.0312857	3.25207	98.3997
351	0.0100498	0.0371707	0.16842	0	0.0326647	3.71033	95.9072
352	0.0100498	0.0371156	0.166715	0	0.0387274	3.77323	95.9072
353	0.0100498	0.036877	0.166715	0	0.0424051	4.15991	93.3668
354	0.0100498	0.0370242	0.166715	0	0.0561763	4.53076	99.5771
355	0.0100498	0.0368862	0.15517	0	0.0619437	4.91762	97.9406
356	0.0100498	0.0370745	0.152325	0	0.0561763	4.44288	95.9072
357	0.0100498	0.0374303	0.161984	0	0.084168	4.90534	99.5771
358	0.0100498	0.0378557	0.166715	0	0.0648243	4.60556	99.5771
359	0.010102	0.0380561	0.189557	0	0.0619437	4.76077	99.5771
360	0.0100607	0.0369697	0.166715	0	0.0662812	4.63067	99.5771
361	0.0100607	0.0378236	0.189557	0.0029985	0.0619437	4.37956	99.5771
362	0.0100607	0.0377077	0.191955	0.00149925	0.114022	4.85224	99.5771
363	0.0100607	0.0376384	0.189557	0	0.106343	4.27246	95.9072
364	0.0100809	0.0392167	0.220131	0.00149925	0.0756825	3.93796	93.7047
365	0.0100607	0.0405143	0.241755	0.005997	0.0844144	4.45198	95.9072
366	0.0100607	0.0404605	0.237095	0	0.15419	5.1063	99.5771
367	0.0100607	0.0412058	0.238719	0	0.172743	5.54587	95.523
368	0.0102553	0.0412542	0.246329	0	0.172743	6.03246	95.523
369	0.0100607	0.0411186	0.237095	0	0.177092	6.55603	95.9072
370	0.0102553	0.0421866	0.246021	0	0.190269	7.19403	95.9072
371	0.0104504	0.0417504	0.246572	0	0.207814	7.0498	95.9072
372	0.0103637	0.0419369	0.246572	0	0.16591	6.2598	99.5771
373	0.0100809	0.0409499	0.232201	0	0.185941	6.46591	99.5771
374	0.0104771	0.0414172	0.246329	0.00149925	0.0497528	4.98453	95.9072
375	0.0103771	0.0417105	0.246572	0	0.0356415	3.72016	95.9072
376	0.0100809	0.0407269	0.222837	0	0.0161006	2.47499	85.1968
377	0.0103637	0.0404692	0.232201	0	0.0161006	1.73657	95.9072
378	0.0100809	0.0406125	0.232201	0.00149925	0.0109369	1.15753	71.9816
379	0.0100809	0.0401457	0.222837	0.0029985	0.0100394	0.677562	56.632
380	0.0100809	0.040213	0.21596	0.0029985	0.0101516	0.478274	53.4852
381	0.0100809	0.0404661	0.206124	0.0029985	0.0100394	0.37523	46.0783
382	0.0100809	0.0410912	0.21596	0.0029985	0.0101516	0.255926	24.3363
383	0.0100809	0.0412774	0.232201	0.0029985	0.0101516	0.22602	22.1716
384	0.0100809	0.0408717	0.21596	0.0029985	0.0100394	0.211644	19.9333
385	0.0100809	0.0396798	0.199683	0.00149925	0.0101516	0.215947	18.2882
386	0.0102773	0.0397974	0.203088	0.00449775	0.0101516	0.204529	16.2048
387	0.0100809	0.0390557	0.178771	0.0029985	0.0101516	0.195253	15.1549
388	0.0103745	0.0385322	0.178523	0.00149925	0.0101516	0.192665	13.8619
389	0.0100809	0.0373959	0.151015	0.00149925	0.0101516	0.18827	11.9354
390	0.0103637	0.0355637	0.139668	0	0.0101516	0.181405	9.63238
391	0.0102773	0.035271	0.136022	0	0.0101516	0.195046	9.63238
392	0.0100809	0.0356558	0.138548	0.0029985	0.0101516	0.222893	10.961
393	0.0102773	0.0358492	0.152159	0.005997	0.0101516	0.229122	11.3254
394	0.0100809	0.036336	0.152159	0.00749625	0.0101516	0.253299	11.3254
395	0.0100809	0.0360414	0.147009	0.0029985	0.0101516	0.295294	11.3254
396	0.0100809	0.0353831	0.1453	0	0.0114301	0.440743	16.8196
397	0.0100809	0.0352732	0.152159	0	0.0120395	0.590693	17.0409
398	0.0100809	0.0351795	0.147009	0	0.0120395	0.605662	19.9333
399	0.0100809	0.0351364	0.147009	0	0.0157968	0.593598	25.9776
400	0.0100809	0.0354035	0.1453	0	0.0248522	0.597401	37.6613
401	0.0102773	0.0347931	0.139668	0	0.0248522	0.619951	33.5359
402	0.0100809	0.0348871	0.139668	0	0.0230327	0.648211	27.6351
403	0.0100809	0.0345191	0.138548	0	0.0211658	0.640238	27.2467
404	0.0100809	0.0352633	0.147009	0	0.0261347	0.596362	35.2201
405	0.0100809	0.0357165	0.161216	0	0.0144741	0.55211	21.56
406	0.0100809	0.0362421	0.165148	0.0029985	0.0142285	0.540131	21.56
407	0.0100809	0.0362029	0.169983	0.00149925	0.0144741	0.485328	21.5484
408	0.0100809	0.0354932	0.161216	0	0.0144741	0.499402	23.7207
409	0.0100809	0.0349223	0.151501	0	0.0144741	0.513724	33.5359
410	0.0100809	0.0348999	0.151501	0	0.0144741	0.497416	33.5359
411	0.0100809	0.034312	0.139668	0	0.0144741	0.488583	34.4782
412	0.0100809	0.0343203	0.149934	0	0.0101516	0.462978	22.1618
413	0.0100809	0.0344852	0.159956	0	0.0144741	0.412428	27.5277
414	0.0103637	0.0346861	0.165148	0	0.0101516	0.401584	22.1618
415	0.0102773	0.034782	0.165148	0.00149925	0.0101516	0.376015	22.1618
416	0.0101571	0.0347902	0.16618	0.0029985	0.0101516	0.367532	22.1618
417	0.0100809	0.0345495	0.165148	0.0029985	0.0102084	0.351546	22.1618
418	0.0100809	0.0346824	0.165148	0.0029985	0.0102084	0.296004	22.1618
419	0.0100809	0.0353909	0.16618	0.0029985	0.0102084	0.282937	22.1618
420	0.0102773	0.0354426	0.171126	0.00149925	0.0101341	0.274743	23.4469
421	0.0100809	0.0353661	0.170012	0	0.0101341	0.299695	23.4469
422	0.010122	0.0352627	0.170012	0	0.0102084	0.356502	33.0551
423	0.0102773	0.0354714	0.171126	0	0.0101341	0.417148	40.4282
424	0.0101571	0.0348824	0.165148	0	0.0101341	0.45963	38.7877
425	0.0100809	0.0351296	0.165148	0	0.0101341	0.498699	34.6351
426	0.0100809	0.0350183	0.165148	0	0.0135198	0.556272	34.6351
427	0.0102803	0.0348217	0.165148	0	0.014723	0.585813	33.0551
428	0.0103637	0.0346362	0.165148	0	0.0111724	0.76357	33.0551
429	0.0101571	0.0353157	0.170012	0.00149925	0.012774	0.756705	41.9593
430	0.0100246	0.0363306	0.193052	0.0029985	0.0120881	0.778134	43.0167
431	0.0100246	0.0352723	0.172638	0.00149925	0.0146746	0.742949	52.806
432	0.0100246	0.0340267	0.164087	0	0.0120881	0.753066	43.0167
433	0.0100809	0.0336944	0.170012	0	0.0146746	0.792648	52.806
434	0.0100809	0.0339676	0.170012	0	0.012774	0.711335	42.7752
435	0.0100246	0.0347666	0.175586	0.00149925	0.0120881	0.531797	28.3687
436	0.0100246	0.0355025	0.184328	0.00149925	0.0101323	0.405446	21.5484
437	0.0100246	0.0358567	0.20082	0.00149925	0.0115791	0.301441	21.5484
438	0.0100246	0.0359304	0.220599	0.00149925	0.0101323	0.277166	17.73
439	0.0100246	0.0347702	0.184328	0	0.0101323	0.278992	17.0409
440	0.0100246	0.0340544	0.176504	0	0.0101323	0.289282	16.5611
441	0.0100246	0.0332594	0.170166	0	0.0101323	0.307085	16.5611
442	0.0100246	0.0336873	0.170166	0	0.0101323	0.294146	15.9165
443	0.0100246	0.0334533	0.164087	0	0.0101323	0.290588	16.3085
444	0.0100246	0.0331134	0.16314	0.00149925	0.0101323	0.284638	17.0409
445	0.0100246	0.032695	0.151501	0.00149925	0.0103623	0.284342	17.0409
446	0.0100246	0.0325613	0.151293	0	0.0103623	0.273072	16.3085
447	0.0100246	0.0323802	0.149313	0	0.0103623	0.264588	17.0409
448	0.0100246	0.0328707	0.151293	0	0.0106528	0.283109	26.5639
449	0.0100246	0.032788	0.149934	0	0.0103623	0.295848	26.5639
450	0.0100246	0.0334772	0.156204	0.00149925	0.0103623	0.320356	29.2591
451	0.0100246	0.0345054	0.164087	0.0089955	0.0111623	0.358318	33.0551
452	0.0100246	0.0344275	0.167212	0.00449775	0.0110697	0.358451	33.0551
453	0.0100246	0.0342477	0.167212	0.00449775	0.0111623	0.354436	33.0551
454	0.0100246	0.0345159	0.167212	0.0029985	0.0111623	0.339892	33.0551
455	0.0100246	0.0343828	0.167212	0.0029985	0.0113288	0.305911	33.0551
456	0.0100809	0.0336225	0.164087	0.00449775	0.0106528	0.270505	27.5277
457	0.0100246	0.0329357	0.156169	0.00449775	0.0101275	0.190684	22.8857
458	0.0100246	0.0324901	0.151293	0.0029985	0.0101275	0.133727	10.0776
459	0.0100246	0.0317597	0.144041	0.00149925	0.0101275	0.120264	7.67966
460	0.0100246	0.0314692	0.144041	0.00149925	0.0101275	0.101279	4.51351
461	0.0100246	0.0319439	0.145532	0.00149925	0.0101231	0.0809609	2.4804
462	0.0100246	0.0327034	0.15204	0.00149925	0.0101231	0.0640612	1.31072
463	0.0100246	0.032827	0.155032	0.00149925	0.0101231	0.0632816	1.77
464	0.0100809	0.0335424	0.164087	0.00149925	0.0101275	0.0788785	6.77346
465	0.0100246	0.0336408	0.164087	0.00149925	0.0101275	0.0717986	6.77346
466	0.0100246	0.0340291	0.167212	0	0.0101576	0.0552924	1.54861
467	0.0100246	0.035	0.179044	0.00149925	0.0101275	0.0475704	0.729147
468	0.0100246	0.0365923	0.222638	0.00149925	0.0101275	0.0371849	0.278311
469	0.0100246	0.0365684	0.216327	0	0.0101275	0.0357904	0.266836
470	0.0100066	0.0367031	0.216327	0	0.0101275	0.0328826	0.19219
471	0.0100066	0.0365302	0.216327	0	0.0101275	0.0319309	0.178534
472	0.0100066	0.0367098	0.221213	0	0.0101275	0.0320125	0.189151
473	0.0100246	0.0372397	0.224976	0.00149925	0.0101275	0.0322035	0.195375
474	0.0100066	0.0363433	0.195058	0.00149925	0.0101611	0.03213	0.196783
475	0.0100066	0.0358934	0.195058	0.00149925	0.0101275	0.0311588	0.178534
476	0.0100066	0.0362178	0.216327	0.00149925	0.0101275	0.0304237	0.154563
477	0.0100066	0.036489	0.216327	0.00149925	0.0101275	0.0303316	0.154563
478	0.0100066	0.0378423	0.24986	0.0029985	0.0101275	0.0301515	0.143725
479	0.0100246	0.0377631	0.224976	0.00449775	0.0101275	0.0295669	0.140563
480	0.0100066	0.0385109	0.224976	0.0029985	0.0101275	0.0291557	0.127598
481	0.0100066	0.0387125	0.221213	0	0.0101275	0.0290214	0.122289
482	0.0100066	0.0391676	0.24986	0	0.0102341	0.0285103	0.122169
483	0.0100066	0.0386777	0.24986	0	0.0101987	0.0286321	0.122289
484	0.0100066	0.0393733	0.271548	0.00149925	0.0101987	0.0284765	0.122289
485	0.0100066	0.0396628	0.284548	0.0029985	0.0101987	0.0287483	0.125772
486	0.0100246	0.0418103	0.33553	0.00449775	0.0102341	0.0286093	0.125772
487	0.0100066	0.0438245	0.363047	0.005997	0.0102341	0.0281383	0.122289
488	0.0100066	0.0490573	0.4775	0.0164918	0.0101987	0.0279301	0.122289
489	0.0100066	0.0508335	0.508139	0.017991	0.0101275	0.02808	0.119977
490	0.0100066	0.0548815	0.696017	0.029985	0.0102341	0.0282227	0.122289
491	0.0100246	0.0648208	0.940667	0.047976	0.0102341	0.0281384	0.119977
492	0.0100246	0.0955563	1.84789	0.106447	0.0102341	0.0281429	0.119977
493	0.0100246	0.148991	3.60146	0.17991	0.0101987	0.0280868	0.119017
494	0.0208478	1.14042	14.0513	0.569715	0.0101987	0.0283937	0.119149
495	0.0226085	1.05353	13.7749	0.545727	0.0101987	0.0285628	0.119149
496	0.0110539	0.172041	3.80956	0.184408	0.0101987	0.0287781	0.119149
497	0.0113461	0.107972	1.94345	0.0944528	0.0101477	0.0291127	0.119149
498	0.0110539	0.0867824	1.05532	0.0554723	0.0101477	0.0292425	0.119977
499	0.0103556	0.0757981	0.861609	0.0389805	0.0102341	0.0299128	0.122169
500	0.0102631	0.0659	0.647769	0.0254873	0.0102341	0.0301575	0.122289
501	0.0100738	0.0600864	0.499784	0.0194903	0.0101987	0.0302307	0.122289
502	0.0100738	0.0558107	0.370523	0.011994	0.0101987	0.0304548	0.125772
503	0.0100067	0.0521816	0.343069	0.0104948	0.0101348	0.030811	0.125772
504	0.0100067	0.0482016	0.301555	0.0029985	0.0101348	0.0307305	0.127598
505	0.0100067	0.0466904	0.296803	0.00149925	0.0101348	0.0311212	0.140888
506	0.0100067	0.0444656	0.274718	0.00149925	0.0101477	0.0312703	0.143245
507	0.0100067	0.0434965	0.276968	0.00149925	0.0101348	0.0319518	0.140888
508	0.0100067	0.0425158	0.264969	0.00149925	0.0101477	0.0324905	0.143245
509	0.0100067	0.0422487	0.25383	0.00149925	0.0101348	0.0330138	0.143725
510	0.0100067	0.0430745	0.264969	0	0.0103319	0.0343505	0.165085
511	0.0100738	0.0423916	0.264969	0.00149925	0.0103319	0.0347049	0.165085
512	0.0100067	0.0418976	0.259045	0	0.0101348	0.0364563	0.165085
513	0.0100067	0.0419025	0.249247	0	0.0101348	0.0373652	0.206047
514	0.0100067	0.0419393	0.238624	0	0.0101348	0.042033	0.299448
515	0.0100067	0.0419296	0.247871	0	0.0101348	0.0461204	0.498698
516	0.0100067	0.0412778	0.222556	0	0.0101553	0.0475126	0.610552
517	0.0100067	0.0409889	0.21859	0	0.0101348	0.0481023	0.610552
518	0.0100067	0.0404697	0.216637	0	0.0101346	0.0481957	0.520035
519	0.0100067	0.0411142	0.216637	0	0.0101346	0.047723	0.430154
520	0.0100067	0.0413973	0.222556	0.00149925	0.0101346	0.0464975	0.369762
521	0.0100067	0.0410141	0.19851	0	0.0101346	0.044814	0.354569
522	0.0100738	0.0393877	0.194108	0	0.0101346	0.0480912	0.55898
523	0.0100738	0.0387564	0.193571	0.0029985	0.0101346	0.0483004	0.520035
524	0.0103201	0.0380176	0.194108	0.0029985	0.0101346	0.0502568	0.58273
525	0.0100067	0.0375635	0.181184	0	0.0101346	0.0545971	0.76228
526	0.0100067	0.0374921	0.181184	0	0.0101346	0.0528727	0.695413
527	0.0100067	0.0371009	0.178817	0	0.0101346	0.0574913	0.876331
528	0.0100067	0.0362895	0.154736	0	0.0101346	0.0593848	1.23092
529	0.0100067	0.0352249	0.145652	0	0.0101346	0.05865	1.04193
530	0.0100067	0.0348841	0.143487	0	0.0101346	0.0581439	0.876331
531	0.0100067	0.0350967	0.145652	0	0.0101346	0.059528	1.04193
532	0.0100067	0.0353743	0.1484	0	0.0101346	0.0583596	0.835406
533	0.0100067	0.0355669	0.154736	0	0.0101346	0.060477	0.983767
534	0.0100067	0.0363036	0.1607	0	0.0101346	0.0594732	0.897166
535	0.0100067	0.0366666	0.16547	0	0.0101346	0.0592273	0.983767
536	0.0100067	0.0374059	0.171472	0	0.0101346	0.0627717	1.21929
537	0.0100067	0.0377784	0.188123	0	0.0102656	0.0674692	1.46617
538	0.0100067	0.0383445	0.206929	0	0.0101348	0.0730886	1.51408
539	0.0100067	0.0393911	0.216637	0.00149925	0.0102656	0.0763136	1.59986
540	0.0100067	0.0396533	0.220177	0.00149925	0.0101348	0.0777435	1.59986
541	0.0100067	0.0400031	0.249247	0.00149925	0.0101348	0.0793678	1.59986
542	0.0100067	0.0403513	0.249247	0.00149925	0.0101348	0.0877574	2.5463
543	0.0100067	0.0406256	0.250671	0.00149925	0.0101348	0.0938069	3.56815
544	0.0100067	0.0414236	0.265481	0.00149925	0.0101348	0.0924152	2.86845
545	0.0100067	0.0416607	0.265481	0.00149925	0.0101348	0.0915965	3.10245
546	0.0100067	0.0417376	0.265481	0.00149925	0.0101348	0.095486	3.72989
547	0.0100067	0.0437443	0.297899	0.00749625	0.0101348	0.0987169	3.92658
548	0.0100067	0.0495118	0.55984	0.029985
