		omega		Posterior		rho				Synonymous theta			kappa			phi	
Site	Lower	Point	Higher	prob of +ve	Lower	Point	Higher		Lower	Point	Higher	Lower	Point	Higher	Lower	Point	Higher
	95% HPD	estimate	95% HPD	selection	95% HPD	estimate	95% HPD		95% HPD	estimate	95% HPD	95% HPD	estimate	95% HPD	95% HPD	estimate	95% HPD
0	0.0100871	0.0297234	0.170577	0.00749625	0.0103081	0.158589	8.6187		0.0549329	0.075882	0.105348	1.67942	4.22427	9.82135	0	0	0
1	0.0100871	0.029002	0.160865	0.005997	0.0103081	0.158069	12.2802
2	0.0100871	0.028306	0.137065	0.00449775	0.0103081	0.147876	12.5117
3	0.0100871	0.0271146	0.127064	0.00149925	0.0103081	0.139466	12.1718
4	0.0100443	0.0265469	0.124939	0	0.0103081	0.131983	9.3961
5	0.0100443	0.0259439	0.120556	0	0.010305	0.117725	5.60407
6	0.0100443	0.0255109	0.116804	0	0.0103301	0.0985919	2.30754
7	0.0100871	0.025139	0.114938	0	0.010305	0.0852598	1.35538
8	0.0100443	0.0244697	0.103187	0	0.010305	0.0796636	0.889567
9	0.0100871	0.0240587	0.101586	0.00149925	0.010305	0.0738229	0.637935
10	0.0100443	0.0236943	0.0846603	0	0.0104369	0.0714297	0.564082
11	0.0100871	0.0231443	0.0818436	0	0.0105356	0.0719657	0.564082
12	0.0100871	0.0231765	0.080375	0	0.010305	0.0726912	0.562145
13	0.0100871	0.022927	0.0793631	0	0.0104369	0.0743584	0.575863
14	0.0100871	0.0227006	0.0749588	0	0.0105356	0.0751756	0.571245
15	0.0100871	0.0228451	0.0749588	0	0.0113794	0.0779158	0.7182
16	0.0100871	0.0225324	0.0736332	0	0.0103301	0.0841879	1.09501
17	0.0100871	0.0223021	0.0731139	0	0.0105356	0.0860756	1.10035
18	0.0100871	0.022336	0.0733532	0	0.010626	0.0787303	0.610335
19	0.0100871	0.0227183	0.0793631	0	0.0103301	0.0797774	0.554662
20	0.0101427	0.0228412	0.0806968	0	0.0106359	0.0774989	0.542184
21	0.0100871	0.0227346	0.0798138	0	0.0105356	0.0731855	0.501186
22	0.0100871	0.0229209	0.080375	0	0.0105356	0.0679228	0.407929
23	0.0100871	0.0231786	0.0806968	0.00149925	0.0105356	0.0619435	0.343807
24	0.0100871	0.023482	0.0838288	0	0.0105765	0.0582574	0.315616
25	0.0100871	0.0236377	0.0852732	0	0.0105765	0.0547907	0.309786
26	0.0100871	0.0234586	0.0838288	0	0.0105356	0.0531996	0.299369
27	0.0100237	0.0236209	0.0852732	0	0.0105356	0.0514951	0.293266
28	0.0100871	0.0234673	0.0821607	0	0.0105356	0.0507936	0.293266
29	0.0100871	0.0235821	0.0821911	0	0.0102737	0.0494877	0.280848
30	0.0100237	0.0240132	0.0874794	0.00149925	0.0102737	0.0489356	0.267455
31	0.0100237	0.0237983	0.0838288	0	0.0100511	0.0502947	0.267455
32	0.0100237	0.0240121	0.0897398	0	0.0102737	0.0492178	0.251595
33	0.0100237	0.024311	0.0971861	0	0.0103891	0.0474364	0.221036
34	0.0100237	0.0243973	0.0994151	0	0.0105356	0.0460256	0.221036
35	0.0100237	0.0248642	0.109051	0	0.0103891	0.0464474	0.221036
36	0.0100237	0.0250602	0.109051	0	0.0105834	0.0457787	0.221036
37	0.0100237	0.0248748	0.104386	0	0.0105834	0.0455649	0.221036
38	0.0100237	0.0249951	0.106687	0	0.0103342	0.0440185	0.211424
39	0.0100237	0.0250509	0.104386	0	0.0103697	0.0430428	0.206071
40	0.0100871	0.0245977	0.0937618	0	0.0103342	0.0420609	0.199065
41	0.0100237	0.0248547	0.0942167	0	0.0105765	0.0417988	0.206071
42	0.0100237	0.0250637	0.104386	0	0.0100511	0.0407585	0.188312
43	0.0100237	0.0249705	0.10198	0	0.0100511	0.0390909	0.187464
44	0.0100237	0.0250643	0.104386	0	0.0100814	0.0379193	0.182356
45	0.0100237	0.0251846	0.10198	0	0.0100511	0.0363926	0.16964
46	0.0100237	0.0252998	0.0994151	0	0.0100511	0.0352192	0.160847
47	0.0100237	0.0255233	0.0994151	0	0.0100511	0.0340286	0.144063
48	0.0100331	0.0258765	0.10198	0	0.0100511	0.0331976	0.149356
49	0.0100237	0.0264616	0.111408	0	0.01001	0.0327952	0.149356
50	0.0100237	0.0266712	0.111408	0	0.0100511	0.0326725	0.150254
51	0.0100237	0.0264977	0.109051	0	0.0100511	0.0323041	0.150254
52	0.0100237	0.0270592	0.124865	0	0.0100511	0.0311422	0.144063
53	0.0100237	0.0275053	0.130351	0	0.0100814	0.0308637	0.146843
54	0.0100237	0.0270891	0.113965	0	0.0100511	0.0302533	0.130448
55	0.0100237	0.0274452	0.121642	0.00149925	0.0100511	0.0295154	0.123007
56	0.0100237	0.0275196	0.119349	0	0.0100412	0.0291319	0.117803
57	0.0100237	0.0275936	0.121642	0	0.0100412	0.0284135	0.111433
58	0.0100237	0.02782	0.121642	0	0.0100412	0.0283832	0.113597
59	0.0100237	0.0284252	0.13214	0	0.0100412	0.0282158	0.113841
60	0.0100774	0.0293778	0.147035	0	0.0100412	0.0276509	0.105986
61	0.0100237	0.0301921	0.163216	0.00149925	0.0100412	0.0276402	0.105986
62	0.0100237	0.0309098	0.178022	0.00149925	0.0100412	0.0271373	0.103144
63	0.0100237	0.0313826	0.197792	0.00149925	0.0100412	0.0264885	0.101254
64	0.0100774	0.0321122	0.197792	0	0.0100412	0.0261257	0.0960367
65	0.0100774	0.0327078	0.21563	0	0.0100412	0.0260197	0.0883756
66	0.0100774	0.0339192	0.231646	0	0.0100412	0.0260966	0.0885352
67	0.0100774	0.0351298	0.252745	0.00149925	0.0100412	0.0262298	0.0985333
68	0.0101735	0.0366936	0.279913	0.005997	0.0100412	0.026184	0.0985333
69	0.0102111	0.0353615	0.262584	0.00449775	0.0100412	0.0258229	0.0885352
70	0.0100774	0.0351542	0.251612	0.00449775	0.0100412	0.0257362	0.0885352
71	0.0100774	0.0337094	0.211397	0	0.0100412	0.0251179	0.0838845
72	0.0100774	0.0328309	0.183595	0	0.0100412	0.0244312	0.0754075
73	0.0100774	0.0317752	0.176761	0	0.0100412	0.024201	0.0736493
74	0.0100774	0.0314275	0.172279	0.0029985	0.0100412	0.0241495	0.0736493
75	0.0100774	0.03038	0.156433	0	0.0100412	0.0241228	0.0735288
76	0.0100774	0.0292741	0.136337	0	0.0100412	0.0240066	0.0733212
77	0.0100774	0.0289134	0.136337	0	0.0100412	0.0238344	0.0733212
78	0.0100774	0.0282852	0.123142	0	0.0100412	0.0237334	0.0735288
79	0.0100774	0.0281943	0.123142	0	0.0100412	0.0238914	0.0751046
80	0.0100774	0.0278124	0.120571	0	0.0100412	0.0242261	0.077041
81	0.0100774	0.0280615	0.125397	0	0.0100412	0.0244181	0.0773708
82	0.0100774	0.0280174	0.123142	0	0.0100412	0.0244655	0.0773708
83	0.010049	0.0278312	0.128028	0.00149925	0.0100412	0.0242111	0.077041
84	0.010049	0.0276489	0.12431	0.00149925	0.0100412	0.0239826	0.0754075
85	0.010049	0.0273286	0.12431	0.00149925	0.0100412	0.0239447	0.0762909
86	0.010049	0.026839	0.115817	0.00149925	0.0100361	0.0243234	0.080244
87	0.010049	0.0261924	0.110289	0	0.0100361	0.0243755	0.0782905
88	0.010049	0.0259892	0.10463	0.00149925	0.0100361	0.024541	0.0782905
89	0.010049	0.0259934	0.101735	0.00149925	0.0100361	0.024411	0.0782905
90	0.010049	0.0257912	0.09526	0.00149925	0.0100361	0.0244858	0.080244
91	0.010049	0.0251443	0.0872134	0	0.0100361	0.0245474	0.080244
92	0.010049	0.0248894	0.0833816	0	0.0100361	0.0248919	0.0820469
93	0.010049	0.0246563	0.081822	0	0.0100361	0.0248769	0.080244
94	0.010049	0.0247061	0.081822	0	0.0100361	0.024911	0.0805999
95	0.010049	0.0245605	0.0794804	0	0.0100361	0.0251409	0.0826889
96	0.010049	0.0247578	0.0806968	0	0.0100361	0.0252942	0.0853705
97	0.010049	0.0247249	0.081822	0	0.0100361	0.0252995	0.0885352
98	0.010049	0.0246717	0.0806968	0	0.0100361	0.0255591	0.0944713
99	0.010049	0.0249668	0.0823148	0	0.0100361	0.0259638	0.09723
100	0.010049	0.024942	0.081822	0	0.0100361	0.0266172	0.108821
101	0.010049	0.0251226	0.0833816	0	0.0100361	0.0267063	0.109071
102	0.010049	0.0251679	0.0828627	0	0.0100361	0.0261549	0.104211
103	0.010049	0.0252079	0.0823148	0	0.0100361	0.0260165	0.100657
104	0.010049	0.025173	0.0823148	0	0.0100361	0.0259098	0.099499
105	0.010049	0.0250405	0.0806968	0	0.0100361	0.0259565	0.0985333
106	0.0100774	0.0248433	0.077742	0	0.0100361	0.0258272	0.0985333
107	0.0100774	0.024929	0.0789202	0	0.0100361	0.0260507	0.100657
108	0.0100774	0.0253093	0.0841905	0.00149925	0.0100361	0.0263244	0.108574
109	0.0100774	0.0249982	0.0806968	0.00149925	0.0100361	0.0264578	0.108574
110	0.0100774	0.0249353	0.0774576	0.00149925	0.0100361	0.0269387	0.109071
111	0.0100774	0.0247466	0.0758298	0.00149925	0.0100361	0.0271523	0.114624
112	0.0100774	0.024597	0.0774576	0	0.0100361	0.0271955	0.118516
113	0.0100774	0.0246294	0.0758298	0	0.0100361	0.0273825	0.126869
114	0.0100774	0.0244395	0.0758298	0	0.0100361	0.0277086	0.137195
115	0.0100774	0.0243757	0.0758298	0	0.0100361	0.0280156	0.139474
116	0.0100636	0.024609	0.0774576	0	0.0100361	0.0279831	0.137195
117	0.0100636	0.0245968	0.0758298	0	0.0100361	0.0278165	0.139187
118	0.0100636	0.0245339	0.0774576	0	0.0100361	0.027791	0.132235
119	0.0100774	0.0243193	0.0758298	0	0.0100361	0.0280563	0.126869
120	0.0100636	0.0244711	0.0758298	0.00149925	0.0100361	0.0284274	0.132235
121	0.0100636	0.0244583	0.0774576	0.00149925	0.0100361	0.0286239	0.132235
122	0.0100636	0.0244809	0.07841	0.00149925	0.0100361	0.02915	0.139474
123	0.0100636	0.024616	0.0793417	0.0029985	0.0100361	0.0292562	0.126869
124	0.0100636	0.0242861	0.07841	0	0.0100361	0.0296468	0.142705
125	0.0100636	0.0242609	0.077742	0	0.0100361	0.0299992	0.144085
126	0.0100774	0.0238853	0.0758298	0	0.0100361	0.0309119	0.15903
127	0.0100636	0.0238012	0.0748006	0	0.0100361	0.0310203	0.15903
128	0.0100774	0.0237284	0.0758298	0	0.0100361	0.0311704	0.15903
129	0.0100636	0.0239729	0.07841	0	0.0100361	0.0317836	0.162558
130	0.0100636	0.0240666	0.0793417	0	0.0100361	0.0324894	0.173926
131	0.0100774	0.0241532	0.0807027	0	0.0100361	0.0330685	0.174481
132	0.0100774	0.0241967	0.0807027	0	0.0100412	0.0340731	0.183024
133	0.0100774	0.0243067	0.0811039	0	0.0100412	0.0345966	0.189414
134	0.0100774	0.0242388	0.0811039	0	0.0100412	0.0352709	0.188999
135	0.0100636	0.024064	0.07841	0	0.0100412	0.0369621	0.202561
136	0.0100636	0.0240178	0.07841	0	0.0100412	0.0383206	0.21806
137	0.0100636	0.0238823	0.07841	0	0.0100853	0.0404566	0.234404
138	0.0101765	0.0239625	0.0811039	0	0.0101523	0.0409537	0.231426
139	0.0100774	0.0240735	0.0811039	0	0.0101523	0.0433016	0.245687
140	0.0100774	0.0242879	0.0814958	0	0.0100853	0.0484157	0.284125
141	0.0100774	0.0243341	0.0814958	0	0.0101075	0.05432	0.364257
142	0.0100774	0.0243305	0.0814958	0	0.0100853	0.0559041	0.364257
143	0.0100774	0.0242448	0.0811039	0	0.0100853	0.0607592	0.443231
144	0.0101266	0.0244854	0.0846657	0	0.0100853	0.0646149	0.457507
145	0.0100774	0.0247333	0.0846657	0	0.0100853	0.0652851	0.462782
146	0.0100774	0.0248798	0.0846657	0	0.0100853	0.0814531	1.22897
147	0.0100774	0.0251914	0.0890952	0	0.0100853	0.0968475	7.76067
148	0.0100774	0.0255062	0.0921055	0	0.0100853	0.115638	15.6989
149	0.0100774	0.0256867	0.0932708	0	0.0100853	0.128233	18.5993
150	0.0100774	0.0256485	0.0899809	0.00149925	0.0100853	0.13729	21.2422
151	0.0100774	0.0259388	0.0921055	0	0.0101938	0.146626	24.7931
152	0.0100774	0.0259735	0.0976781	0	0.0100567	0.155912	31.0097
153	0.0100774	0.0263331	0.10004	0	0.0100567	0.1654	31.0097
154	0.0101765	0.0263518	0.101824	0	0.0100567	0.185411	38.2324
155	0.0100774	0.0263863	0.101824	0	0.0100567	0.200702	44.6568
156	0.0100774	0.0269965	0.105352	0	0.0100567	0.234015	61.0271
157	0.0102876	0.0278559	0.116023	0.00149925	0.0100567	0.255641	61.0271
158	0.0101765	0.0276822	0.116023	0	0.0100567	0.264749	62.5228
159	0.0100774	0.0278736	0.116023	0	0.0100567	0.279382	63.7212
160	0.0100774	0.028369	0.123142	0	0.0100567	0.281645	62.5228
161	0.0100774	0.0286518	0.127528	0	0.0100567	0.281831	62.5228
162	0.0100774	0.0286948	0.127528	0	0.0100567	0.287721	62.5228
163	0.0100774	0.0290367	0.13299	0.00149925	0.0100567	0.306401	63.7212
164	0.0100774	0.0294424	0.143029	0.00149925	0.0100567	0.307835	63.7212
165	0.0100774	0.0302621	0.156494	0.0029985	0.0100567	0.316262	63.7212
166	0.0100774	0.0305705	0.157262	0.0029985	0.0100567	0.319075	68.4632
167	0.0100774	0.0313955	0.16559	0.0029985	0.0100567	0.313386	68.4632
168	0.0100774	0.0317958	0.166536	0.0029985	0.0100567	0.331652	66.6037
169	0.0100774	0.0330931	0.176339	0.005997	0.0100567	0.343058	61.9091
170	0.0101266	0.0347731	0.205854	0.00749625	0.0100567	0.386955	60.2853
171	0.0101266	0.0363237	0.221085	0.0089955	0.0100567	0.4134	59.6914
172	0.0100774	0.041633	0.374434	0.023988	0.0100567	0.794957	62.5228
173	0.0100774	0.0381938	0.301491	0.011994	0.0100567	0.487429	59.6914
174	0.0100774	0.0366699	0.257715	0.011994	0.0100567	0.44006	59.1951
175	0.010184	0.0338439	0.18518	0.00449775	0.0100567	0.437912	59.6914
176	0.0101266	0.0325405	0.169284	0.00149925	0.0100567	0.394534	59.5689
177	0.0100774	0.0316151	0.154374	0.00149925	0.0100567	0.368337	59.1675
178	0.0101266	0.0317328	0.158251	0.0029985	0.0100567	0.363434	59.1675
179	0.0101266	0.0315587	0.15751	0.00449775	0.0100567	0.327659	52.546
180	0.0101266	0.0305424	0.154374	0.00149925	0.0100567	0.318948	59.1675
181	0.0100774	0.0300116	0.141475	0	0.0100567	0.28072	59.1675
182	0.0100774	0.0300354	0.130576	0	0.0100567	0.251283	51.7687
183	0.0100774	0.0301305	0.141475	0	0.0100567	0.216166	43.3697
184	0.0100774	0.0299001	0.125583	0	0.0100567	0.205484	38.3825
185	0.0100774	0.0299603	0.123142	0	0.0100567	0.188681	37.4759
186	0.0100774	0.0294502	0.115835	0	0.0100567	0.178509	25.6637
187	0.0100774	0.029228	0.114637	0	0.0100567	0.193628	30.2877
188	0.0100774	0.0283739	0.110272	0	0.0100567	0.226644	38.2324
189	0.0100757	0.0282898	0.113268	0	0.0100567	0.263458	42.5221
190	0.0100757	0.028757	0.114637	0.0029985	0.0107766	0.298751	49.1646
191	0.0100757	0.0279779	0.108077	0	0.0103693	0.332534	49.1646
192	0.0100757	0.0275835	0.101558	0	0.0100853	0.364829	49.1646
193	0.0100757	0.0274641	0.0989329	0	0.0107766	0.398921	56.1218
194	0.0100757	0.0273136	0.094972	0	0.0107957	0.445303	54.7959
195	0.0101266	0.0271028	0.094972	0	0.0112079	0.418101	56.1218
196	0.0100757	0.0272601	0.0963249	0	0.0107957	0.426214	54.7959
197	0.0100757	0.0272436	0.0983745	0	0.0112079	0.427515	56.1218
198	0.0100757	0.0270406	0.103543	0	0.0112079	0.439683	56.1218
199	0.0100757	0.0267335	0.094972	0	0.0112079	0.440564	56.1218
200	0.0100757	0.0265332	0.0932708	0	0.0107957	0.423598	54.7959
201	0.0100757	0.0266012	0.0932708	0	0.0107957	0.428505	56.1218
202	0.0100757	0.0263341	0.0923856	0	0.0101731	0.433646	54.6786
203	0.0100757	0.0263718	0.094029	0.00149925	0.0101731	0.450588	54.6786
204	0.0100757	0.026238	0.0912319	0.00149925	0.0101731	0.444675	54.7959
205	0.0100757	0.0261175	0.0908103	0.00149925	0.0101731	0.477034	56.1218
206	0.0100757	0.0262576	0.0923856	0	0.0100487	0.477479	56.1218
207	0.0100757	0.0259075	0.0908103	0	0.0101731	0.504644	56.1218
208	0.0100757	0.025892	0.0921504	0	0.0100487	0.506652	54.7959
209	0.0100757	0.0257991	0.0908103	0	0.0100487	0.494383	54.8236
210	0.0100757	0.0259885	0.0926791	0	0.0101731	0.502205	54.8236
211	0.0100757	0.0261926	0.094029	0	0.0100487	0.523139	56.1218
212	0.0100757	0.0263908	0.0983745	0	0.0100487	0.53189	57.3375
213	0.0100757	0.0263566	0.0983745	0.00149925	0.0101731	0.543112	64.7033
214	0.0100757	0.0266677	0.108165	0.0029985	0.0101731	0.556905	64.7033
215	0.0100886	0.0267947	0.112098	0.0029985	0.0101731	0.560532	65.2142
216	0.0100757	0.0268115	0.110272	0.00149925	0.011513	0.615197	73.5489
217	0.0100886	0.0269832	0.110305	0.00149925	0.011513	0.662796	72.2151
218	0.0100886	0.0271715	0.112098	0.00149925	0.011545	0.670467	71.0724
219	0.0100757	0.0277056	0.114492	0.0029985	0.011545	0.667831	71.0724
220	0.0100757	0.0276529	0.114492	0.00149925	0.011545	0.641067	71.0724
221	0.0100757	0.0279832	0.116459	0	0.0100487	0.631715	59.1951
222	0.0100757	0.0278803	0.114492	0	0.0115905	0.646883	67.4485
223	0.0100757	0.0279981	0.11812	0	0.0123415	0.634636	67.4485
224	0.0100757	0.0281141	0.11812	0	0.0119505	0.620959	67.4485
225	0.0100757	0.0283181	0.118408	0	0.0100487	0.535005	56.1956
226	0.0100757	0.0284025	0.116459	0	0.0101505	0.502784	56.1956
227	0.0100757	0.0283812	0.114492	0	0.0100487	0.458488	47.4522
228	0.0100757	0.0287254	0.118408	0	0.0100487	0.475674	49.2002
229	0.0100757	0.0295862	0.123974	0	0.0107601	0.547497	56.4053
230	0.0100691	0.0300593	0.13779	0	0.0100487	0.594005	53.6453
231	0.0100691	0.0310563	0.144968	0	0.0137278	0.623266	69.478
232	0.0100691	0.0319787	0.160694	0.00149925	0.0125206	0.696552	65.2142
233	0.0100691	0.0332139	0.213203	0.0029985	0.0125206	0.797268	65.2142
234	0.0100382	0.035316	0.26397	0.005997
