		omega		Posterior		rho				Synonymous theta			kappa			phi	
Site	Lower	Point	Higher	prob of +ve	Lower	Point	Higher		Lower	Point	Higher	Lower	Point	Higher	Lower	Point	Higher
	95% HPD	estimate	95% HPD	selection	95% HPD	estimate	95% HPD		95% HPD	estimate	95% HPD	95% HPD	estimate	95% HPD	95% HPD	estimate	95% HPD
0	0.01007	0.0283784	0.135626	0.00149925	0.0152513	1.30453	79.2131		0.0661707	0.0864117	0.104111	2.08264	3.07271	4.90353	0	0	0
1	0.0101404	0.0278881	0.135155	0.00149925	0.0149927	1.18609	78.6877
2	0.0101404	0.0278597	0.135626	0	0.0141776	1.06194	79.2131
3	0.0101404	0.0276537	0.135155	0	0.0149927	1.00236	84.1445
4	0.01007	0.0272065	0.113133	0	0.0147308	1.02135	79.2131
5	0.01007	0.0269789	0.107846	0	0.0149927	0.984557	79.2131
6	0.01007	0.0266279	0.106493	0	0.0152513	0.982193	78.3105
7	0.0101404	0.0260833	0.104066	0	0.0149927	1.09176	78.3105
8	0.0101404	0.0258749	0.103575	0	0.0132412	1.00646	78.3105
9	0.0101404	0.0260758	0.103575	0	0.0127906	1.02353	78.3105
10	0.01007	0.0260164	0.10103	0	0.0128415	1.03384	78.3105
11	0.010205	0.0263723	0.104066	0	0.0160253	1.20427	95.353
12	0.010205	0.0263772	0.104066	0	0.016594	1.25477	95.353
13	0.0101784	0.0261875	0.103253	0	0.0175221	1.15421	95.353
14	0.01007	0.0259285	0.10103	0	0.0175221	1.09743	95.353
15	0.0101784	0.0256124	0.0992655	0	0.0175221	0.958483	95.353
16	0.0100584	0.0255971	0.0992655	0	0.0210934	0.998115	99.465
17	0.0100584	0.0256646	0.103253	0	0.0236247	1.0435	99.465
18	0.0100584	0.0252828	0.0992655	0	0.0236247	0.932788	99.465
19	0.0100584	0.0249092	0.0952156	0	0.0252712	0.871902	99.465
20	0.0100584	0.0243553	0.0923299	0	0.0248951	0.867475	99.465
21	0.0100584	0.0241343	0.0885182	0	0.013526	0.849052	49.076
22	0.0100584	0.024079	0.0914735	0	0.013526	0.767577	49.076
23	0.0100584	0.0240926	0.0923299	0	0.013526	0.638385	38.5641
24	0.0100584	0.0240679	0.0952156	0	0.013526	0.644082	35.4264
25	0.0100584	0.0238922	0.0952156	0	0.013526	0.624809	40.0083
26	0.0100584	0.0238675	0.0930645	0.00149925	0.0101215	0.533914	28.3856
27	0.0100584	0.0236078	0.0885182	0.00149925	0.0101153	0.493732	27.5346
28	0.0101784	0.0231613	0.0871159	0	0.0101215	0.464843	26.2776
29	0.0101784	0.0233043	0.0871159	0	0.0101619	0.415533	25.633
30	0.0100584	0.023006	0.0845752	0	0.0101619	0.4108	25.6957
31	0.0100584	0.0230012	0.0845752	0	0.0101619	0.391705	25.6957
32	0.0101784	0.0232399	0.0864452	0.00149925	0.0101619	0.361662	25.6957
33	0.0100584	0.0228785	0.0819886	0	0.0101619	0.35234	25.7529
34	0.0101077	0.0226246	0.0781743	0	0.0101215	0.307011	18.0217
35	0.0101077	0.022589	0.0781743	0	0.0101215	0.276712	15.3958
36	0.0102801	0.0223885	0.0781743	0	0.0101215	0.271555	15.2577
37	0.0102801	0.0224244	0.0781743	0	0.0101215	0.285955	25.6957
38	0.0102369	0.0223832	0.0781743	0	0.0101236	0.306204	29.9872
39	0.0102801	0.0224427	0.0781743	0	0.0101563	0.304825	46.4231
40	0.0102801	0.0223114	0.0781743	0	0.0101563	0.317129	49.9657
41	0.0103174	0.0221751	0.0781743	0	0.0101563	0.312595	50.7327
42	0.0102801	0.0223907	0.0781743	0	0.0101563	0.306869	52.8003
43	0.0102801	0.0223749	0.0781743	0	0.0101563	0.309356	52.8003
44	0.0101784	0.0225335	0.0781743	0	0.0102084	0.302177	54.4933
45	0.0100584	0.0227574	0.0781743	0	0.0135097	0.314586	78.3735
46	0.0100584	0.0223485	0.0741942	0	0.0101563	0.278147	54.4933
47	0.0103174	0.0225153	0.0781743	0.00149925	0.0103548	0.260886	62.4099
48	0.0100584	0.0222282	0.0741942	0.00149925	0.0102084	0.2064	31.809
49	0.0102159	0.0218562	0.0720505	0	0.0101563	0.166989	13.4567
50	0.0100584	0.0219185	0.0714269	0	0.0103492	0.145834	8.71297
51	0.0102159	0.0218792	0.0720505	0	0.0100051	0.120792	6.68548
52	0.0100584	0.0219514	0.0720505	0	0.0102084	0.10898	4.15128
53	0.0100584	0.0219673	0.0720505	0	0.0100051	0.0949148	1.37481
54	0.0100584	0.0219546	0.0741942	0	0.0102084	0.0843109	0.781987
55	0.0103174	0.0218561	0.0781743	0	0.0100051	0.0832049	0.752399
56	0.0100584	0.0217301	0.0741942	0	0.0102084	0.0814679	0.752399
57	0.0103174	0.0218637	0.0781743	0	0.0102084	0.0818225	0.76425
58	0.0102159	0.0216522	0.0720505	0	0.0103492	0.0832751	0.946009
59	0.0100754	0.0215268	0.0663941	0	0.0103492	0.0859642	0.942576
60	0.0100584	0.0217626	0.0676916	0	0.0102084	0.0843162	0.890996
61	0.0102801	0.0215749	0.0663941	0	0.0100051	0.0820492	0.767837
62	0.0100584	0.0218213	0.0663941	0	0.0102084	0.0800653	0.704743
63	0.0100584	0.0216774	0.0660903	0	0.0103548	0.0825949	0.685576
64	0.0102159	0.0217308	0.0720505	0	0.0103548	0.0810934	0.634086
65	0.0100754	0.0217933	0.0716263	0	0.0103548	0.0801249	0.573251
66	0.0102159	0.0218567	0.0720722	0	0.0103548	0.0799519	0.539801
67	0.0100727	0.0221046	0.0720722	0	0.0103548	0.0807781	0.522372
68	0.0102159	0.0223183	0.078248	0	0.0103548	0.0818623	0.502599
69	0.0100584	0.0226569	0.078248	0	0.0103548	0.0817347	0.471191
70	0.0100584	0.0225133	0.0790369	0	0.0103548	0.0834908	0.471191
71	0.0100727	0.0225209	0.0790369	0	0.0103548	0.0863354	0.470518
72	0.0100727	0.0222729	0.078248	0	0.0103548	0.0867465	0.470518
73	0.0100727	0.0221599	0.078248	0	0.0103548	0.0903211	0.471191
74	0.0100727	0.0221194	0.078248	0	0.0103548	0.0907297	0.479923
75	0.0100727	0.0221574	0.0782161	0	0.0103548	0.0908918	0.479923
76	0.0100727	0.0217891	0.0676916	0	0.0103548	0.0899682	0.471191
77	0.0100727	0.0218145	0.0663941	0	0.0103548	0.0921255	0.479923
78	0.0100727	0.0220509	0.0701623	0	0.0103548	0.0957515	0.505035
79	0.0100727	0.0220094	0.0720505	0	0.0103548	0.105197	0.654524
80	0.0100727	0.022048	0.0701623	0	0.0103551	0.117458	0.751013
81	0.0100727	0.0217877	0.0676916	0	0.0103548	0.125915	0.755457
82	0.0100727	0.0217945	0.0679888	0	0.0103551	0.142425	0.901492
83	0.0100727	0.0216745	0.0701623	0	0.0103551	0.156747	0.929375
84	0.0100727	0.0218303	0.0757568	0	0.0185654	0.164145	1.65464
85	0.0100727	0.0215663	0.0720505	0	0.0200418	0.167668	1.65464
86	0.0101101	0.0213318	0.0660903	0	0.0200157	0.172111	1.65464
87	0.0100727	0.0213414	0.0653518	0	0.0162311	0.186657	1.65464
88	0.0102801	0.0216955	0.0746074	0	0.0162311	0.191773	1.65464
89	0.0100727	0.021862	0.0741942	0	0.0195309	0.196025	1.65464
90	0.0102697	0.0217429	0.0746074	0	0.0195309	0.18403	1.48581
91	0.0100727	0.0217592	0.0724348	0	0.0193771	0.17917	1.37302
92	0.0102697	0.0217797	0.0747181	0	0.0251468	0.179577	1.52621
93	0.0100727	0.0214732	0.0724348	0	0.0195309	0.175085	1.10738
94	0.0100727	0.021268	0.0676916	0	0.0195309	0.174267	1.12179
95	0.0100727	0.0212194	0.0660903	0	0.0203218	0.173772	1.48581
96	0.0100727	0.0213056	0.0676916	0	0.0152118	0.169375	1.10738
97	0.0100727	0.0216716	0.0724348	0.00149925	0.0195309	0.167199	1.37302
98	0.0100727	0.0219062	0.0724348	0.00149925	0.0189213	0.168708	1.1802
99	0.0100727	0.0220605	0.0746074	0.00149925	0.0256314	0.169512	1.60703
100	0.0100727	0.0219699	0.0746074	0.00149925	0.0267194	0.17595	1.68373
101	0.0100727	0.021862	0.0746074	0	0.0203218	0.180807	1.1802
102	0.0100727	0.0220085	0.0747181	0	0.0203218	0.183041	1.10738
103	0.0100797	0.0220535	0.0737241	0	0.0203218	0.18738	1.12179
104	0.0100797	0.021968	0.0722707	0	0.0203218	0.195253	1.19017
105	0.0102697	0.022238	0.0747181	0.00149925	0.0203218	0.201848	1.24267
106	0.0100797	0.0222042	0.0713862	0.0029985	0.0282965	0.213566	1.52621
107	0.0100797	0.0221253	0.0722707	0	0.0285927	0.222242	1.68373
108	0.0100797	0.0221386	0.0720505	0	0.0285927	0.237536	1.68373
109	0.0101262	0.0222587	0.0737241	0	0.0344075	0.246188	1.949
110	0.0100797	0.022087	0.0722707	0	0.0473589	0.257244	2.02705
111	0.0101101	0.0221628	0.0737241	0	0.0473589	0.263072	2.07461
112	0.0100797	0.0220011	0.0722707	0	0.0424488	0.256737	2.20325
113	0.0100797	0.0220119	0.0722707	0	0.0425829	0.231346	2.07461
114	0.0101101	0.0224701	0.0747181	0	0.0331925	0.219447	1.68504
115	0.0100797	0.0225359	0.0747181	0.00149925	0.025006	0.202625	1.24108
116	0.0101101	0.0224186	0.0747181	0.00149925	0.0213532	0.187372	1.2041
117	0.0101101	0.0221535	0.0737656	0.00149925	0.0213532	0.18062	1.2041
118	0.0100797	0.0222851	0.0737656	0.00149925	0.0128983	0.177531	0.993623
119	0.0100797	0.0222075	0.0732183	0	0.0116697	0.175265	0.887797
120	0.0100797	0.0221826	0.0720016	0	0.0116697	0.169369	0.860757
121	0.0100797	0.0221461	0.0720016	0	0.0116697	0.163317	0.860757
122	0.0100797	0.0221177	0.0720016	0	0.0114948	0.151542	0.804881
123	0.0101262	0.0224538	0.0737656	0	0.0114948	0.152631	0.818766
124	0.0102148	0.0225459	0.0737656	0	0.0114948	0.143376	0.804881
125	0.0100797	0.0225358	0.0726302	0	0.0116697	0.132538	0.701965
126	0.0100797	0.0226963	0.0695132	0.00149925	0.0114948	0.128782	0.658791
127	0.0100797	0.0226264	0.0664992	0.00149925	0.0111295	0.122024	0.58248
128	0.0100797	0.0222484	0.0626543	0	0.0107894	0.119706	0.527542
129	0.0100797	0.0220317	0.0620015	0	0.0107894	0.1184	0.537202
130	0.0100797	0.0220642	0.0620015	0	0.0114948	0.116394	0.537202
131	0.0100797	0.0218985	0.0605615	0	0.0111295	0.116218	0.537202
132	0.0100797	0.0223336	0.0632486	0.00149925	0.0116697	0.116028	0.632801
133	0.0100797	0.0226701	0.0639186	0.00149925	0.0111295	0.119062	0.632801
134	0.0100797	0.0227503	0.0639186	0.00149925	0.0107894	0.12046	0.655032
135	0.0100797	0.0225912	0.0650724	0.00149925	0.0116697	0.125548	0.751645
136	0.0100797	0.0224309	0.0632486	0	0.0116697	0.127093	0.748721
137	0.0101101	0.0222508	0.0626543	0	0.0116697	0.121484	0.70097
138	0.0100797	0.0224856	0.0639186	0	0.0116697	0.114608	0.60827
139	0.0100797	0.0228281	0.0664992	0.00149925	0.0107739	0.111738	0.51867
140	0.0100797	0.0230224	0.0719256	0.00149925	0.0103157	0.10941	0.51867
141	0.0100797	0.02322	0.0727082	0.00149925	0.0116697	0.104798	0.501457
142	0.0100797	0.0233981	0.0744674	0	0.0116697	0.0981197	0.425043
143	0.010052	0.0231608	0.0727082	0	0.0118548	0.0954216	0.414402
144	0.010052	0.0231649	0.0727082	0	0.0118548	0.0956418	0.413891
145	0.010052	0.0233522	0.0744674	0	0.0118548	0.094024	0.403979
146	0.010052	0.0236079	0.0744674	0.00149925	0.0118979	0.0928415	0.403979
147	0.010052	0.0238892	0.0807858	0.00149925	0.0118979	0.0929133	0.403979
148	0.010052	0.023872	0.0732183	0	0.0118548	0.0941149	0.440724
149	0.0102631	0.0238471	0.0732183	0	0.0117986	0.0881058	0.403979
150	0.010052	0.024152	0.0748661	0	0.0118548	0.0876619	0.440724
151	0.010052	0.0238708	0.0748661	0	0.0117986	0.08803	0.440724
152	0.010052	0.0239426	0.0800743	0	0.0117986	0.0866021	0.429209
153	0.010052	0.023683	0.0727082	0	0.0117986	0.0855997	0.429209
154	0.0102631	0.0235183	0.0724162	0	0.0101148	0.085434	0.385788
155	0.010052	0.0232461	0.0705856	0	0.010012	0.0862376	0.409087
156	0.010052	0.0235222	0.0724162	0	0.010012	0.0823723	0.392289
157	0.0100797	0.0238013	0.0748661	0	0.010012	0.0751279	0.313998
158	0.0100797	0.0241875	0.0773832	0	0.010012	0.0737279	0.330662
159	0.0100797	0.0243045	0.0773832	0	0.0101148	0.0717263	0.300874
160	0.0101912	0.0246327	0.0840368	0	0.010012	0.0709656	0.300874
161	0.0100797	0.0252707	0.0930112	0	0.0101148	0.0697217	0.299246
162	0.0102631	0.0260286	0.109599	0.00149925	0.0106182	0.0670794	0.300874
163	0.0100797	0.0268457	0.11023	0.00149925	0.0101148	0.0645043	0.258448
164	0.0102631	0.0273586	0.115125	0	0.0106182	0.063396	0.263251
165	0.0102631	0.0282754	0.132379	0	0.0106182	0.0627489	0.258533
166	0.0100605	0.028772	0.132379	0	0.0106182	0.0632547	0.263251
167	0.0100797	0.029345	0.140306	0	0.0101148	0.0603138	0.246088
168	0.0100605	0.0299071	0.149338	0.00149925	0.010012	0.0600396	0.246088
169	0.0102631	0.0308463	0.154483	0.00149925	0.0106182	0.0591912	0.258533
170	0.0100797	0.0303545	0.140385	0	0.0109919	0.0574796	0.258448
171	0.0100605	0.0310447	0.140385	0	0.0104464	0.0578212	0.258533
172	0.0100605	0.0315944	0.140385	0	0.0101148	0.0574162	0.251879
173	0.0100467	0.0321162	0.148495	0	0.0109919	0.0572851	0.270264
174	0.0100467	0.0332583	0.154254	0	0.0109919	0.0572772	0.270264
175	0.0100467	0.0345247	0.1582	0	0.0101148	0.0572364	0.260352
176	0.0100467	0.0354224	0.171865	0	0.0101148	0.057033	0.260352
177	0.0102631	0.0369174	0.205511	0	0.0101148	0.0583808	0.264293
178	0.0100467	0.0387861	0.209116	0	0.010012	0.0593873	0.260352
179	0.0100605	0.0395911	0.209219	0	0.0101148	0.0603728	0.267955
180	0.0100467	0.0414181	0.223369	0	0.0118979	0.0619299	0.335954
181	0.0102631	0.0436498	0.237295	0	0.0109919	0.0619318	0.314141
182	0.0102631	0.0439544	0.239475	0	0.0109201	0.0643624	0.320789
183	0.0102684	0.0432647	0.235585	0	0.0101148	0.0668354	0.313998
184	0.0100467	0.0423875	0.223369	0	0.0101148	0.0682937	0.314141
185	0.0100467	0.0423376	0.223369	0	0.010012	0.0798291	0.488612
186	0.0102631	0.0418757	0.227204	0	0.010012	0.0899033	1.11556
187	0.0100797	0.0407216	0.207825	0	0.010012	0.107803	11.5775
188	0.0100467	0.0396099	0.196558	0	0.0104736	0.137736	23.8239
189	0.0100467	0.0391008	0.187568	0	0.0106182	0.153931	23.8239
190	0.0100467	0.0393128	0.187568	0	0.0108479	0.18524	24.8381
191	0.0102631	0.0391627	0.184543	0	0.0102136	0.212685	28.6451
192	0.0100797	0.0382266	0.173847	0	0.0160782	0.244345	47.0131
193	0.0102631	0.0378621	0.173847	0	0.0104736	0.232856	23.8239
194	0.0100797	0.0380309	0.163049	0	0.0104736	0.230247	23.8239
195	0.0102631	0.0385784	0.173847	0	0.01042	0.21776	23.8239
196	0.0102631	0.0384086	0.163049	0	0.01042	0.189789	18.44
197	0.0102631	0.0388221	0.163049	0	0.01042	0.155511	3.30481
198	0.0102631	0.0393128	0.163049	0	0.01042	0.140502	2.54147
199	0.0100249	0.0402502	0.173847	0	0.0104374	0.13993	2.54147
200	0.0102813	0.0408214	0.185433	0	0.0104374	0.134534	2.278
201	0.0102813	0.0423667	0.211471	0.00149925	0.0104374	0.132599	2.09693
202	0.0102813	0.0434682	0.216262	0.005997	0.0104374	0.129935	1.93696
203	0.0102813	0.0451132	0.227611	0.005997	0.0104374	0.125111	1.80748
204	0.0102813	0.0500943	0.375722	0.0254873	0.0104374	0.123149	1.97086
205	0.0103637	0.0465201	0.274709	0.0134933	0.0104374	0.128549	2.09693
206	0.0102657	0.0433284	0.221547	0.0029985	0.0104374	0.133338	2.1831
207	0.0102657	0.0419133	0.20716	0	0.0104374	0.129788	2.10124
208	0.0100249	0.0399422	0.190061	0	0.0104374	0.12104	2.09693
209	0.0100883	0.0391421	0.185433	0	0.0104374	0.118947	2.28714
210	0.0102657	0.0372345	0.173847	0	0.0104374	0.1155	2.09956
211	0.0100249	0.0352196	0.148189	0	0.0104374	0.116863	2.09956
212	0.0103637	0.0342879	0.144191	0	0.0104374	0.117509	2.15432
213	0.0103637	0.0337639	0.144191	0	0.0104374	0.121515	2.42417
214	0.0100249	0.0332443	0.131744	0	0.0104374	0.116527	2.55029
215	0.0100249	0.0325267	0.12281	0	0.0104374	0.108705	1.53053
216	0.0100249	0.0324462	0.12281	0	0.0104374	0.104106	0.931996
217	0.0103637	0.0316049	0.12281	0	0.0104374	0.0944898	0.508161
218	0.0103674	0.0310977	0.119516	0.00149925	0.0104374	0.0927087	0.433427
219	0.0100249	0.0303609	0.109533	0	0.0104374	0.0983594	0.693505
220	0.0100249	0.0300815	0.108581	0	0.0104374	0.108303	0.984562
221	0.0100249	0.0300179	0.108581	0	0.0104374	0.110586	0.984802
222	0.0100249	0.0299207	0.108581	0	0.0106579	0.110198	0.908205
223	0.0100249	0.0296616	0.109266	0	0.0106579	0.110134	0.818162
224	0.0100249	0.0296191	0.112984	0	0.010146	0.105515	0.578037
225	0.0100249	0.0294039	0.112984	0	0.010146	0.104135	0.578037
226	0.0100249	0.0293127	0.112984	0	0.010146	0.104628	0.578037
227	0.0100249	0.029256	0.108747	0	0.010146	0.106105	0.627912
228	0.0100249	0.028795	0.108237	0	0.0109243	0.104924	0.746281
229	0.0100249	0.0289309	0.108581	0	0.010146	0.103197	0.578037
230	0.0100378	0.0291555	0.114727	0	0.010146	0.102703	0.578037
231	0.0102356	0.0293623	0.119516	0	0.010146	0.102343	0.439135
232	0.0100378	0.0299742	0.119516	0.00149925	0.0111683	0.100981	0.439135
233	0.0100378	0.0300619	0.119516	0.00149925	0.0109243	0.0926686	0.308975
234	0.0100249	0.0304572	0.131359	0.00149925	0.0141909	0.0819128	0.308975
235	0.0100883	0.0306103	0.135945	0.00149925	0.0137205	0.0816716	0.297681
236	0.0100249	0.0311194	0.138638	0.0029985	0.0165072	0.0822934	0.331824
237	0.0100249	0.0310144	0.138638	0.0029985	0.0165072	0.0845003	0.357361
238	0.0100093	0.0309162	0.138638	0.00149925	0.0140856	0.0845218	0.309357
239	0.0100086	0.0296452	0.123399	0	0.0140856	0.0845578	0.316039
240	0.0100086	0.0297676	0.131359	0	0.0165072	0.0841664	0.353833
241	0.0100086	0.0296095	0.123399	0	0.0141909	0.0841144	0.326107
242	0.0100086	0.0296383	0.123399	0	0.0141909	0.0837046	0.326107
243	0.0100249	0.0298219	0.131559	0	0.0140856	0.0845742	0.319856
244	0.0100093	0.0301228	0.138638	0	0.0154437	0.0863789	0.331824
245	0.0100093	0.0299853	0.131559	0	0.0145628	0.0873114	0.331824
246	0.0100249	0.0302186	0.131559	0	0.0141449	0.0891463	0.331824
247	0.0100093	0.0302312	0.131559	0	0.0147629	0.0904226	0.357361
248	0.0100093	0.0303901	0.131559	0	0.0154437	0.089125	0.357361
249	0.0100093	0.0305247	0.131559	0	0.0117962	0.0897885	0.331824
250	0.0100093	0.0308716	0.138638	0	0.0144028	0.0860375	0.357361
251	0.0100093	0.0316101	0.144723	0	0.0141449	0.0854604	0.357361
252	0.0100093	0.0324325	0.158843	0.0029985	0.0101825	0.0857974	0.27107
253	0.0100093	0.0334505	0.165283	0.005997	0.0101825	0.0847187	0.268951
254	0.0100093	0.0334666	0.167808	0.00449775	0.0111593	0.0832455	0.294444
255	0.0100378	0.035313	0.187016	0.005997	0.0101825	0.0832083	0.268378
256	0.0100093	0.0430575	0.509412	0.0389805	0.0111593	0.0841778	0.295077
257	0.0100093	0.0381255	0.202974	0.0164918	0.0111593	0.0865945	0.297818
258	0.0100093	0.0367661	0.183637	0.00749625	0.0117302	0.0877958	0.325124
259	0.0100093	0.0351322	0.165422	0.00149925	0.0114299	0.0903737	0.331824
260	0.0100093	0.0344589	0.161288	0	0.0111593	0.0914235	0.328042
261	0.0100093	0.033419	0.151298	0	0.0111593	0.0942194	0.331824
262	0.0100093	0.0321474	0.136899	0.00149925	0.0111683	0.0949834	0.331824
263	0.0100093	0.0312256	0.133409	0.00149925	0.0111683	0.0943197	0.331824
264	0.0100093	0.0309043	0.125639	0.00149925	0.0141449	0.0949187	0.41513
265	0.0100093	0.0303934	0.124556	0	0.0143136	0.0981456	0.451727
266	0.0100093	0.0298031	0.123886	0	0.0111683	0.102696	0.427944
267	0.0100093	0.0285708	0.101691	0	0.0101825	0.105604	0.406629
268	0.0100378	0.0282996	0.101691	0	0.0143136	0.0982512	0.427944
269	0.0103234	0.0276768	0.101691	0	0.0144812	0.0970048	0.406629
270	0.0100093	0.0274054	0.0958537	0	0.0144812	0.0990225	0.406629
271	0.0100093	0.0274127	0.092545	0	0.0144812	0.100929	0.412702
272	0.0103234	0.0269381	0.092545	0	0.0144812	0.103005	0.41513
273	0.0100093	0.0267508	0.0871049	0	0.0144812	0.103129	0.412702
274	0.0100093	0.026818	0.0871049	0	0.0144812	0.104367	0.427944
275	0.0101827	0.0265915	0.083768	0	0.0126373	0.10784	0.427944
276	0.0101827	0.0264813	0.0833902	0	0.0130411	0.113361	0.45414
277	0.0100093	0.0260509	0.0800743	0	0.0130411	0.120083	0.520379
278	0.0100093	0.026075	0.0800743	0	0.0206163	0.123998	0.75275
279	0.0101827	0.0261636	0.083768	0	0.0210243	0.128599	0.836494
280	0.0100093	0.0260642	0.0831116	0	0.0240231	0.136798	0.836494
281	0.0100093	0.0258202	0.0809454	0.00149925	0.0266208	0.144978	1.00076
282	0.0100093	0.0257717	0.081984	0	0.0260868	0.14671	1.00076
283	0.0100093	0.0257501	0.0831116	0	0.0283221	0.143982	1.00076
284	0.0100093	0.0256539	0.0809454	0	0.0266208	0.136329	0.881466
285	0.0100093	0.0256346	0.0809454	0	0.022635	0.124852	0.942871
286	0.0100093	0.0250847	0.0792616	0	0.0157783	0.12208	0.649626
287	0.0100093	0.0247946	0.078875	0	0.0115448	0.114475	0.427944
288	0.0100093	0.0245643	0.0763677	0	0.0114299	0.114359	0.427944
289	0.0100093	0.0244362	0.075597	0	0.0115448	0.10967	0.427944
290	0.0100093	0.024335	0.0733308	0	0.0118506	0.107336	0.416224
291	0.0100093	0.0243162	0.0722358	0	0.0127385	0.10517	0.427944
292	0.0100093	0.024259	0.071626	0	0.0127385	0.103788	0.412702
293	0.0100093	0.024387	0.071626	0	0.0127385	0.103581	0.412702
294	0.0100093	0.0242986	0.0722358	0	0.0114299	0.103139	0.363733
295	0.0100378	0.0240003	0.071626	0	0.0118506	0.105349	0.361905
296	0.0100378	0.0239676	0.0708129	0	0.0167723	0.106698	0.490013
297	0.0100378	0.0247769	0.074211	0.005997	0.0157783	0.107952	0.461595
298	0.0100093	0.0243168	0.0722576	0	0.0222434	0.108723	0.599963
299	0.0100093	0.0245919	0.0728338	0	0.0297269	0.113871	0.563642
300	0.0100093	0.0246943	0.0728338	0	0.0285979	0.116889	0.478114
301	0.0100378	0.0247765	0.074211	0	0.0293406	0.117725	0.443872
302	0.0100093	0.0248845	0.074211	0	0.0311448	0.116903	0.478114
303	0.0100093	0.0251478	0.0756037	0	0.0320566	0.117731	0.487322
304	0.0100093	0.0249135	0.0756037	0	0.0295365	0.117692	0.465849
305	0.0100093	0.0251002	0.0770384	0	0.0293406	0.11529	0.443872
306	0.0100093	0.025139	0.0776789	0	0.0252877	0.115007	0.407832
307	0.0100093	0.0254204	0.0792616	0	0.0295365	0.115204	0.510577
308	0.0100093	0.025728	0.0838122	0	0.0285483	0.11606	0.563642
309	0.0100093	0.0258967	0.0851314	0	0.0160668	0.109928	0.416224
310	0.0100378	0.0261643	0.088905	0	0.0122801	0.109964	0.416224
311	0.0100093	0.027171	0.099433	0	0.0119089	0.104041	0.344157
312	0.0100378	0.0274297	0.104372	0.0029985	0.0129003	0.101333	0.416224
313	0.0100378	0.0275121	0.109038	0	0.0123385	0.0998669	0.412702
314	0.0100378	0.028026	0.119813	0	0.0123385	0.0984372	0.416224
315	0.0100378	0.0279082	0.11654	0	0.0119089	0.094028	0.351922
316	0.0100378	0.028405	0.116649	0	0.0129003	0.095619	0.420045
317	0.0100378	0.0287112	0.128201	0	0.0123385	0.0948404	0.412702
318	0.0100378	0.0291141	0.139236	0	0.0118264	0.0920572	0.369908
319	0.0101251	0.0296234	0.145685	0	0.0118264	0.0880975	0.329168
320	0.0100378	0.0300423	0.157728	0	0.0129003	0.0847959	0.316222
321	0.0100378	0.0303958	0.169458	0	0.0134177	0.0836872	0.316222
322	0.0101251	0.0315773	0.187247	0.00149925	0.0138543	0.0841303	0.316222
323	0.0100378	0.032343	0.188648	0.00149925	0.014122	0.082471	0.316222
324	0.0100378	0.0306747	0.16633	0.00149925	0.0142003	0.0786325	0.310389
325	0.0100378	0.0290512	0.109038	0	0.0147512	0.0755098	0.316065
326	0.0100378	0.0282566	0.102619	0	0.0147512	0.0743338	0.315826
327	0.0100378	0.0275368	0.101247	0	0.0147512	0.0744321	0.315826
328	0.010072	0.0271533	0.098094	0	0.0147512	0.0723635	0.315826
329	0.0100378	0.0269006	0.0960939	0	0.0147512	0.071359	0.315826
330	0.0100378	0.0265373	0.0916364	0	0.0147512	0.0714568	0.315826
331	0.0100378	0.0264388	0.0916364	0	0.0142003	0.0703098	0.315826
332	0.0100378	0.0264922	0.0916364	0	0.0147512	0.0693196	0.317652
333	0.0100378	0.0268979	0.101247	0	0.0147512	0.0677106	0.317652
334	0.0100378	0.0270206	0.10401	0	0.0114697	0.0675923	0.259265
335	0.0101251	0.0266137	0.101247	0	0.011435	0.0654053	0.252139
336	0.0100378	0.026859	0.0979688	0.00449775	0.011103	0.0650007	0.254032
337	0.0100378	0.0267653	0.0960939	0.00449775	0.011103	0.0635928	0.254032
338	0.0100378	0.02609	0.0916364	0.0029985	0.011435	0.0623071	0.252139
339	0.0100378	0.0260137	0.0916364	0.00149925	0.011435	0.0631164	0.252139
340	0.0101251	0.0255313	0.0899604	0	0.011435	0.0630582	0.259265
341	0.0100314	0.0253261	0.0880392	0	0.011435	0.0624267	0.266164
342	0.0100037	0.0248558	0.0856434	0	0.011435	0.0618949	0.26273
343	0.0100037	0.0252189	0.089642	0	0.011435	0.0614534	0.266164
344	0.0100037	0.024752	0.0864478	0	0.0114697	0.0610573	0.252139
345	0.0100037	0.0245957	0.0864478	0	0.011435	0.0606159	0.252139
346	0.0100037	0.0242489	0.0804705	0	0.011435	0.0600934	0.26273
347	0.0100037	0.0240611	0.078875	0	0.011435	0.0594598	0.264455
348	0.0100037	0.0237494	0.074339	0	0.011435	0.0580309	0.264455
349	0.0100037	0.0233724	0.0709636	0	0.011435	0.0569365	0.269517
350	0.0101251	0.0233316	0.0714778	0	0.0112697	0.0557039	0.252139
351	0.0100037	0.0232793	0.0697488	0	0.0102035	0.0543983	0.223289
352	0.0100037	0.0230701	0.0697488	0	0.0114697	0.0530638	0.252139
353	0.0100037	0.0229257	0.0688887	0	0.0106659	0.0528213	0.236908
354	0.0100037	0.0226462	0.0656151	0	0.0106659	0.0515425	0.213794
355	0.0100037	0.0227523	0.068063	0	0.0100953	0.0506437	0.213794
356	0.0100037	0.022848	0.068063	0	0.0112566	0.0500388	0.230306
357	0.0100314	0.022678	0.068063	0	0.0112566	0.0509499	0.250079
358	0.0100314	0.0225935	0.068063	0	0.0112656	0.0517801	0.262867
359	0.0100037	0.0223469	0.0640565	0	0.0112566	0.0523816	0.269517
360	0.0100037	0.0220612	0.0619471	0	0.0112566	0.0513661	0.269517
361	0.0100037	0.0219397	0.0608446	0	0.0112566	0.0529477	0.29801
362	0.0100037	0.0220891	0.0638317	0	0.0100953	0.055478	0.314122
363	0.0100037	0.0220913	0.068063	0	0.0104258	0.0624478	0.721339
364	0.0100037	0.0222287	0.0688887	0	0.0100953	0.0622509	0.664433
365	0.0100037	0.0224047	0.0693528	0	0.0100953	0.062657	0.664433
366	0.0100037	0.0223818	0.0693528	0	0.0100953	0.0614723	0.49061
367	0.0100037	0.0222956	0.0688887	0	0.0100953	0.0588872	0.417176
368	0.0100037	0.0222749	0.068063	0	0.0100953	0.057246	0.364443
369	0.0100037	0.0226834	0.0709636	0	0.0106172	0.0565578	0.352816
370	0.0100037	0.0227893	0.0709636	0	0.0100953	0.0559573	0.291445
371	0.0100037	0.0228988	0.0709636	0	0.0106172	0.0544888	0.291445
372	0.0100037	0.0229524	0.0719519	0	0.010661	0.0538249	0.282804
373	0.0100037	0.023068	0.0719519	0	0.0100953	0.0526014	0.242778
374	0.0100037	0.0232138	0.075674	0	0.0100953	0.0518108	0.241803
375	0.0100037	0.0232492	0.075674	0	0.0100953	0.0513203	0.239398
376	0.0100037	0.0229243	0.0737911	0	0.0100953	0.0514543	0.241803
377	0.0100037	0.0231504	0.0795149	0	0.0100953	0.0507518	0.242778
378	0.0100037	0.0230447	0.078875	0	0.010661	0.0501567	0.242778
379	0.0100037	0.0231184	0.078875	0	0.0106172	0.0496832	0.234889
380	0.0100037	0.0231126	0.0718781	0	0.0100953	0.0493877	0.230306
381	0.0100037	0.0228667	0.068063	0	0.0100953	0.0484553	0.221166
382	0.0100037	0.0224659	0.0633581	0	0.0106172	0.0484762	0.230306
383	0.0100037	0.0220736	0.0591216	0	0.0100953	0.048345	0.217543
384	0.0100037	0.022008	0.0591216	0	0.0106172	0.0483722	0.221166
385	0.0100037	0.0222929	0.0633581	0	0.0106172	0.0468982	0.208649
386	0.0100037	0.0223625	0.0645128	0	0.010661	0.0467131	0.208649
387	0.0100037	0.0223444	0.0646468	0	0.0111292	0.0474942	0.215869
388	0.0100037	0.0224855	0.0674299	0	0.0111045	0.0483067	0.207724
389	0.0100037	0.0226472	0.0674299	0	0.0107127	0.0496349	0.208649
390	0.0100037	0.0230159	0.068063	0	0.0106896	0.0499629	0.208649
391	0.0100037	0.0230635	0.0693528	0	0.0104329	0.0502592	0.208649
392	0.0100037	0.0234012	0.0737911	0	0.0102774	0.0502821	0.208649
393	0.0100037	0.0235051	0.0799836	0	0.0100953	0.0508079	0.208649
394	0.0100037	0.0235565	0.0808968	0	0.0104329	0.052189	0.229785
395	0.0100037	0.0235351	0.0766654	0	0.0100953	0.0544199	0.229785
396	0.0100037	0.0233326	0.06946	0	0.0100953	0.058831	0.292103
397	0.0100037	0.0235682	0.071852	0	0.0106896	0.0621341	0.322069
398	0.0100037	0.0238458	0.071852	0	0.010181	0.0681573	0.343344
399	0.0100037	0.0241008	0.0718781	0	0.0100953	0.070232	0.345513
400	0.0100037	0.0241472	0.0718781	0	0.0102774	0.0713584	0.349032
401	0.0100037	0.0241627	0.0715787	0	0.0104329	0.0721625	0.326007
402	0.0100037	0.024248	0.071852	0	0.0106155	0.0716793	0.322069
403	0.0100037	0.0243174	0.0718781	0	0.0106155	0.0728383	0.322069
404	0.0100037	0.0245538	0.0750681	0	0.0110271	0.0788952	0.394674
405	0.0100037	0.0249401	0.0768691	0	0.0110271	0.0881232	0.491719
406	0.0100037	0.0254052	0.0812319	0	0.0110271	0.101169	0.612337
407	0.0100037	0.0258141	0.0838662	0	0.0160889	0.111404	1.08277
408	0.0100037	0.0260376	0.087004	0	0.0176403	0.146715	2.37896
409	0.0100037	0.0266467	0.0929736	0	0.011669	0.135562	1.37458
410	0.0100037	0.0270465	0.0941756	0	0.0105239	0.129528	1.16931
411	0.0100037	0.0277766	0.101683	0	0.0113397	0.112449	1.04956
412	0.0100037	0.0286894	0.104906	0	0.0102866	0.0980688	0.656455
413	0.0100037	0.029627	0.111467	0	0.0104848	0.0890978	0.521448
414	0.0100037	0.0304503	0.120614	0	0.0102866	0.0844859	0.470719
415	0.0100037	0.0306711	0.129787	0	0.0104848	0.0818328	0.457547
416	0.0100037	0.0310649	0.132416	0	0.0102866	0.080524	0.445568
417	0.0100037	0.0313017	0.132416	0	0.0102866	0.0771417	0.434913
418	0.0100037	0.0318186	0.142331	0	0.010192	0.0719766	0.376033
419	0.0100037	0.0327555	0.145839	0	0.010192	0.0700481	0.349032
420	0.0100037	0.0329871	0.146698	0	0.0100721	0.0690696	0.349032
421	0.0100037	0.0338544	0.154714	0	0.010192	0.0686477	0.341474
422	0.0100195	0.0344089	0.164379	0	0.0100721	0.0664236	0.326897
423	0.0100032	0.0352046	0.170175	0	0.010192	0.064022	0.315575
424	0.0100032	0.0367843	0.178968	0.00149925	0.010192	0.0632372	0.315575
425	0.0100032	0.0383288	0.18447	0.00149925	0.010192	0.060735	0.300668
426	0.0100032	0.0403261	0.185451	0.00149925	0.010192	0.0606396	0.299928
427	0.0100037	0.0424303	0.208607	0.00149925	0.010756	0.0598426	0.315575
428	0.0100037	0.0451064	0.225473	0.00149925	0.010192	0.0580181	0.274772
429	0.0100032	0.0494563	0.279038	0.0029985	0.010192	0.058156	0.279921
430	0.0100032	0.0522778	0.296044	0.00749625	0.010756	0.0564052	0.279921
431	0.0100032	0.0649857	0.74209	0.0404798	0.010192	0.0541025	0.25608
432	0.0101251	0.0559658	0.280629	0.0029985	0.0101952	0.0528427	0.239783
433	0.0100032	0.0560428	0.259535	0.00149925	0.010192	0.0515808	0.212296
434	0.0100032	0.0567613	0.249339	0.00149925	0.010192	0.0510381	0.200618
435	0.0100032	0.0576594	0.249339	0.00149925	0.0102979	0.0508274	0.200731
436	0.0100032	0.0575953	0.253349	0.00149925	0.010192	0.0512479	0.202927
437	0.0100032	0.0584564	0.253349	0.00149925	0.0100209	0.0522885	0.212296
438	0.0101251	0.0590138	0.269492	0.00149925	0.0100209	0.0555997	0.25608
439	0.0101783	0.0607397	0.280629	0.00149925	0.0100209	0.0555346	0.238173
440	0.0101251	0.0619333	0.283168	0	0.0100209	0.0561259	0.261213
441	0.0101783	0.0642304	0.291399	0.00149925	0.0100785	0.0570361	0.2671
442	0.0108996	0.0675162	0.331613	0	0.0100209	0.0574589	0.2671
443	0.0104577	0.0705337	0.331613	0.00149925	0.0100209	0.0586579	0.291957
444	0.0103697	0.0727191	0.331613	0.0029985	0.0100209	0.0593501	0.338583
445	0.0101865	0.0745896	0.331613	0.00449775	0.0100209	0.0597229	0.338583
446	0.0101251	0.0785396	0.338207	0.00449775	0.0100209	0.0599344	0.307853
447	0.0100032	0.0835935	0.362677	0.00449775	0.0109327	0.0615462	0.36535
448	0.0129748	0.0898449	0.496499	0.0029985	0.0100209	0.0636034	0.351716
449	0.0129748	0.101673	0.494933	0.00449775	0.0100785	0.0675428	0.405908
450	0.0116659	0.112624	0.496499	0.005997	0.0100209	0.0719808	0.484203
451	0.0111208	0.123865	0.548509	0.00749625	0.0110146	0.0701107	0.500913
452	0.0155041	0.141387	0.865367	0.0149925	0.0109327	0.0697071	0.500913
453	0.0228727	0.177109	0.969844	0.0224888	0.0115759	0.069008	0.500913
454	0.0346732	0.211373	1.07775	0.0284858	0.0113812	0.0690339	0.500913
455	0.0346732	0.214479	1.04562	0.0269865	0.0113812	0.0693345	0.500913
456	0.0319607	0.211382	1.04562	0.0269865	0.0112847	0.0695964	0.533099
457	0.0269641	0.209825	0.877379	0.0254873	0.0102979	0.069098	0.500913
458	0.0282223	0.20874	0.877379	0.0254873	0.0100209	0.070329	0.500913
459	0.0283506	0.207806	0.877379	0.023988	0.0100209	0.0718231	0.521123
460	0.0296298	0.2056	0.91974	0.0224888	0.0100785	0.068959	0.500864
461	0.0367524	0.215371	1.02407	0.0224888	0.0100785	0.0749035	0.893617
462	0.0321846	0.196147	1.0154	0.0164918	0.0100898	0.0746439	0.96134
463	0.0277748	0.183937	0.920947	0.0104948	0.0100209	0.07448	0.96134
464	0.0279846	0.175894	0.884639	0.00449775	0.0100898	0.0751475	1.10313
465	0.0277748	0.172667	0.884639	0.0029985
