		omega		Posterior		rho				Synonymous theta			kappa			phi	
Site	Lower	Point	Higher	prob of +ve	Lower	Point	Higher		Lower	Point	Higher	Lower	Point	Higher	Lower	Point	Higher
	95% HPD	estimate	95% HPD	selection	95% HPD	estimate	95% HPD		95% HPD	estimate	95% HPD	95% HPD	estimate	95% HPD	95% HPD	estimate	95% HPD
0	0.0103678	0.047377	0.220423	0	0.0118839	0.093373	0.424217		0.0551373	0.0710299	0.0959946	1.51307	2.43869	4.44365	2.73126	13.646	65.0141
1	0.0103678	0.0470093	0.19676	0	0.0119104	0.0934603	0.413197
2	0.0103678	0.0466738	0.191874	0	0.0119104	0.0931295	0.405349
3	0.0103678	0.0467728	0.191874	0	0.014034	0.0947247	0.463421
4	0.0103678	0.0467659	0.191874	0	0.0136123	0.0979069	0.467729
5	0.0103678	0.0466535	0.191874	0	0.0119104	0.100532	0.413197
6	0.0103678	0.0470037	0.19676	0	0.0120354	0.102912	0.421824
7	0.0103678	0.0473599	0.201527	0	0.01411	0.11151	0.531437
8	0.0103678	0.0472644	0.201527	0	0.0126479	0.128621	0.557538
9	0.0104386	0.0474221	0.201527	0	0.0126479	0.133217	0.576352
10	0.0108485	0.0475675	0.213061	0	0.0193958	0.138924	0.803841
11	0.0104386	0.0472604	0.19676	0	0.016307	0.132955	0.616256
12	0.0104386	0.0473098	0.19676	0	0.0151396	0.125883	0.616256
13	0.0104386	0.047355	0.199145	0	0.016307	0.112844	0.539964
14	0.0104386	0.0473987	0.199145	0	0.016307	0.100735	0.49709
15	0.0104386	0.0475314	0.199145	0	0.0159662	0.0926864	0.477782
16	0.0108485	0.0477244	0.213061	0	0.0134097	0.0901728	0.396753
17	0.0108485	0.0475493	0.213061	0	0.0134097	0.0867072	0.379745
18	0.0108485	0.0475069	0.213061	0	0.0146157	0.0853644	0.379745
19	0.0108485	0.0475617	0.213061	0	0.0146157	0.0859955	0.385096
20	0.0104386	0.0474466	0.201857	0	0.0145435	0.0828909	0.385096
21	0.0108485	0.0473869	0.207021	0	0.0138959	0.0828972	0.385096
22	0.0108485	0.0471702	0.205144	0	0.0124906	0.0844961	0.379745
23	0.0108485	0.0472211	0.205144	0	0.0120803	0.0827155	0.379745
24	0.0108485	0.0472404	0.205144	0	0.0122999	0.0834005	0.382328
25	0.0104386	0.0469461	0.191874	0	0.0122999	0.0832082	0.37919
26	0.0100929	0.0464759	0.182427	0	0.0122999	0.0838787	0.379745
27	0.0104386	0.0457748	0.182427	0	0.0118477	0.0852842	0.379745
28	0.0104386	0.0456166	0.179506	0	0.0112785	0.0882944	0.396753
29	0.0104386	0.0454263	0.179506	0	0.0120803	0.0914116	0.528446
30	0.0104386	0.045034	0.179506	0	0.0102568	0.0997883	0.754082
31	0.0104386	0.0442022	0.176827	0	0.0104888	0.256475	37.1614
32	0.0104386	0.0440624	0.179506	0	0.0138959	0.395296	49.7351
33	0.0104386	0.0442611	0.182427	0	0.0162038	0.669617	63.1523
34	0.0100929	0.0434125	0.169481	0.00149925	0.0268509	1.05031	91.5915
35	0.0103651	0.043861	0.170796	0.00149925	0.0224273	0.984057	78.3588
36	0.0104386	0.0427491	0.169481	0	0.0169457	0.854203	64.5345
37	0.0104386	0.0427864	0.169413	0	0.0167881	0.882703	62.4704
38	0.0108485	0.043426	0.170796	0.0029985	0.0155384	0.916382	62.4704
39	0.0108485	0.0426987	0.169481	0	0.0167881	1.10708	75.5628
40	0.0108485	0.0422616	0.169481	0	0.0179441	1.23211	78.3588
41	0.0108205	0.0420261	0.169481	0	0.0169472	1.26826	78.3588
42	0.0103513	0.0419775	0.164699	0	0.0167917	1.08737	82.037
43	0.010662	0.0420983	0.170796	0.00149925	0.0116339	0.950449	47.7253
44	0.0104386	0.0419436	0.164699	0	0.0197565	0.948973	86.3476
45	0.0104386	0.0424231	0.164699	0	0.0182602	0.932568	86.493
46	0.0108205	0.0422797	0.169481	0	0.0158049	0.814129	64.7132
47	0.0103513	0.0425418	0.164538	0.0029985	0.0112467	0.830927	40.5863
48	0.0103513	0.0426374	0.16174	0.00149925	0.0256519	0.791098	91.4049
49	0.0103513	0.0425238	0.16174	0	0.0256519	0.860404	74.3126
50	0.0103513	0.0423243	0.157267	0	0.0274177	0.886154	64.7132
51	0.0104386	0.0424305	0.16174	0	0.0227778	0.909685	64.7132
52	0.0104386	0.0421871	0.163287	0	0.0206623	0.905985	64.7132
53	0.0104386	0.0419366	0.163287	0	0.0202282	0.935565	64.2431
54	0.0103767	0.041786	0.163555	0	0.021486	0.991625	65.4047
55	0.0103767	0.0426122	0.164538	0	0.0305459	1.12315	91.4049
56	0.0103767	0.0422343	0.164538	0	0.0308036	1.23588	91.4049
57	0.0103767	0.0428155	0.164538	0	0.0167917	1.19848	65.4047
58	0.0103767	0.0430817	0.165066	0	0.014314	1.04154	61.5279
59	0.0103767	0.0435542	0.165066	0	0.0100291	0.909446	40.8177
60	0.0103767	0.0440568	0.166416	0	0.0100291	0.896757	39.016
61	0.0103767	0.044737	0.175196	0	0.0100291	0.900235	39.016
62	0.0101209	0.0454122	0.176787	0.00149925	0.0126855	0.988596	47.7253
63	0.0101209	0.0457002	0.176787	0.0029985	0.0112815	1.0237	40.8177
64	0.0100102	0.0463981	0.176787	0.0029985	0.018792	0.983841	65.4047
65	0.0100102	0.04797	0.186266	0.0029985	0.014314	0.964791	53.7871
66	0.0103767	0.0495728	0.195391	0.00149925	0.0140663	0.911953	52.0587
67	0.0103767	0.0515553	0.214796	0.00149925	0.0126637	0.946608	51.8504
68	0.0103767	0.0531595	0.217008	0	0.014314	0.936793	53.7871
69	0.0107022	0.0555422	0.261457	0.00149925	0.0126637	0.895117	52.0587
70	0.0103767	0.0579282	0.260496	0.00449775	0.014314	0.926342	65.4047
71	0.0104785	0.0636425	0.298085	0.005997	0.014314	0.981723	65.4047
72	0.0108763	0.0690783	0.357753	0.0134933	0.0110453	1.12146	51.6266
73	0.0103767	0.0658759	0.309086	0.00449775	0.0203209	1.52113	99.8292
74	0.0103767	0.0649689	0.302337	0.0029985	0.0269984	2.03669	99.8292
75	0.010333	0.0625844	0.29248	0.00149925	0.0323313	2.54322	99.8292
76	0.0100991	0.0608409	0.260496	0.00149925	0.0311193	3.50243	99.8292
77	0.0100991	0.062846	0.273994	0.0029985	0.0265609	3.38812	97.0922
78	0.0100991	0.0614925	0.271067	0.0029985	0.0238767	3.02393	99.8292
79	0.0100991	0.0622247	0.260496	0.00149925	0.0193268	2.76161	99.8292
80	0.0100991	0.0608924	0.260496	0	0.0287355	3.09441	99.8292
81	0.0100991	0.0607206	0.264708	0	0.0254924	2.84565	99.8292
82	0.0102667	0.0606114	0.273994	0	0.0336225	3.06811	99.8292
83	0.0100991	0.060273	0.258544	0	0.0336225	3.04197	99.8292
84	0.010333	0.0602213	0.265502	0.0029985	0.0357514	2.89809	99.8292
85	0.0103761	0.0591651	0.265138	0	0.0323313	2.88759	99.8292
86	0.0100991	0.0605465	0.260496	0	0.0226402	2.57869	99.8292
87	0.0102667	0.0619648	0.274474	0	0.020491	2.43322	99.8292
88	0.0100991	0.061072	0.265138	0	0.0189308	2.17651	99.8292
89	0.0102667	0.0625868	0.274474	0.00149925	0.0163869	1.95497	99.8292
90	0.0100991	0.064572	0.283314	0	0.0142038	1.55987	94.4437
91	0.0100991	0.0658343	0.289353	0.00149925	0.0137811	1.46339	99.8292
92	0.0111524	0.0681187	0.357753	0.00149925	0.0137811	1.43711	99.8292
93	0.0114414	0.07205	0.388858	0.0029985	0.0120405	1.28529	89.9144
94	0.0103767	0.077348	0.370894	0.00149925	0.0118164	1.08907	87.6442
95	0.0111524	0.0811254	0.397725	0	0.0120406	0.906382	91.1324
96	0.013676	0.0884564	0.503556	0.00149925	0.0120405	0.766877	91.1324
97	0.0138482	0.0953983	0.556994	0.0029985	0.0104984	0.588403	67.6478
98	0.0130443	0.103768	0.503556	0.0029985	0.0104984	0.400195	53.3403
99	0.0130443	0.1202	0.556994	0.00749625	0.0102426	0.298041	43.3919
100	0.0114414	0.135603	0.556994	0.0104948	0.0102291	0.171233	34.3457
101	0.0103669	0.158777	0.60455	0.0209895	0.0102291	0.120456	34.3457
102	0.0338639	0.214351	1.36058	0.0434783	0.0102291	0.0973799	14.2224
103	0.0427471	0.212265	1.27725	0.029985	0.0102291	0.096376	14.2224
104	0.0452014	0.215968	1.31481	0.0344828	0.0102291	0.0956172	14.2224
105	0.0452014	0.223658	1.31481	0.0404798	0.0102291	0.0929733	14.8282
106	0.0516451	0.23049	1.36058	0.041979	0.0102291	0.0919179	14.2224
107	0.0444417	0.223419	1.27725	0.0389805	0.0102291	0.0889396	13.1905
108	0.0450288	0.218401	1.36058	0.0389805	0.0102291	0.0836735	6.23312
109	0.0414716	0.234534	1.48075	0.053973	0.0102291	0.0831687	4.46764
110	0.021211	0.194809	0.985616	0.0224888	0.0102291	0.0828616	4.46764
111	0.022763	0.178946	0.866616	0.0104948	0.0102291	0.0832582	4.99547
112	0.0205354	0.170526	0.820561	0.00749625	0.0102291	0.0828015	5.01261
113	0.022763	0.169073	0.820561	0.0029985	0.0101584	0.0788786	2.03943
114	0.0205354	0.164016	0.868518	0.00449775	0.0101584	0.0793138	1.88164
115	0.0190995	0.160549	0.868518	0.0029985	0.0102291	0.0752251	0.956802
116	0.0175809	0.155371	0.814142	0.00149925	0.0102291	0.0710258	0.733471
117	0.0175809	0.153785	0.820561	0.00149925	0.0102291	0.0690053	0.628064
118	0.0166244	0.155495	0.820561	0.00449775	0.0102291	0.0728322	0.613824
119	0.0170261	0.156419	0.850897	0.00449775	0.0102291	0.0760959	0.606311
120	0.0166244	0.161622	0.868518	0.005997	0.0102291	0.0830105	0.628742
121	0.0170261	0.171589	0.879882	0.00749625	0.0102291	0.0968943	0.799434
122	0.0175809	0.181699	0.96371	0.0089955	0.0102291	0.125998	1.14378
123	0.018279	0.21114	1.06645	0.0254873	0.0102291	0.175277	1.8969
124	0.0248337	0.249758	1.4039	0.0404798	0.0102291	0.219227	2.87528
125	0.0467597	0.293461	2.17656	0.0644678	0.0102291	0.311692	3.42654
126	0.0710344	0.363887	1.62098	0.101949	0.0105991	0.380728	4.38747
127	0.0695659	0.37576	1.46027	0.109445	0.0160793	0.482113	8.71166
128	0.0710344	0.401292	1.62098	0.122939	0.0240876	0.550122	13.3494
129	0.0848667	0.470616	2.31111	0.164918	0.0240876	0.588039	14.298
130	0.10057	0.435677	2.36999	0.152924	0.0103765	0.530217	6.24286
131	0.0917944	0.461266	2.36999	0.167916	0.01	0.408545	5.41773
132	0.068162	0.410815	2.57803	0.149925	0.0100239	0.22191	2.93403
133	0.0667819	0.40219	3.75413	0.157421	0.01	0.163938	2.21788
134	0.010146	0.203875	1.08337	0.0674663	0.01	0.12462	1.87247
135	0.010146	0.141612	0.924901	0.0434783	0.0100585	0.108232	1.68472
136	0.010146	0.104114	0.766221	0.023988	0.0100239	0.0989491	1.68472
137	0.0100562	0.083692	0.638313	0.0134933	0.01	0.0855736	1.33755
138	0.0100415	0.0722873	0.581745	0.00749625	0.01	0.080064	1.11996
139	0.0100415	0.0640231	0.510229	0.0029985	0.01	0.0710274	0.844154
140	0.010146	0.0597248	0.472681	0.00149925	0.0105781	0.0652058	0.813286
141	0.0100415	0.054126	0.423733	0.00149925	0.0104468	0.0628097	0.710473
142	0.0100562	0.0497514	0.408272	0.00149925	0.01	0.0594159	0.650361
143	0.0100316	0.0448662	0.336799	0.00149925	0.01	0.0567293	0.563026
144	0.0100316	0.0413874	0.298548	0	0.01	0.0563581	0.560998
145	0.0100415	0.0391764	0.253994	0	0.0101428	0.055829	0.563026
146	0.0100316	0.0380137	0.237107	0	0.01	0.0548618	0.50362
147	0.0100316	0.0369962	0.214691	0	0.01	0.0537154	0.468548
148	0.0100316	0.0363724	0.204534	0	0.01	0.0524598	0.458364
149	0.0100316	0.0360638	0.191992	0	0.01	0.0509406	0.435701
150	0.0100316	0.0354654	0.186313	0	0.01	0.051347	0.447351
151	0.0100316	0.0348809	0.185673	0	0.01	0.0515883	0.458364
152	0.0100316	0.0342543	0.176787	0	0.01	0.0517534	0.448012
153	0.0100316	0.0333319	0.168403	0	0.01	0.0515125	0.431126
154	0.0100316	0.0335253	0.174899	0	0.01	0.0513669	0.431126
155	0.0100316	0.0339631	0.176787	0	0.01	0.0507463	0.435701
156	0.0100316	0.0344413	0.176787	0.00149925	0.01	0.0505832	0.360772
157	0.0100316	0.0339673	0.170796	0	0.01	0.0504725	0.360772
158	0.0100316	0.0335735	0.170796	0	0.01	0.0507767	0.360772
159	0.0100316	0.0331567	0.14877	0	0.01	0.0523092	0.435701
160	0.0100415	0.0329272	0.146916	0	0.01	0.0529856	0.447351
161	0.0100316	0.0330348	0.146916	0.00149925	0.0101525	0.0558476	0.561241
162	0.0100316	0.0327871	0.14683	0.00149925	0.01	0.0564688	0.565385
163	0.0100316	0.0326514	0.144563	0.00149925	0.01	0.0587475	0.601557
164	0.0100415	0.0325078	0.142727	0	0.01	0.0600827	0.742848
165	0.0101379	0.0323355	0.142727	0	0.01	0.060433	0.810069
166	0.0100415	0.0327047	0.144563	0	0.01	0.0608035	0.781699
167	0.0101622	0.0323778	0.142727	0	0.01	0.0589091	0.659739
168	0.0101622	0.0325332	0.142727	0	0.01	0.0563647	0.565385
169	0.0102632	0.032471	0.146142	0	0.01	0.0573776	0.57695
170	0.0100415	0.0333237	0.152019	0	0.01	0.0617042	0.840228
171	0.0107945	0.0338907	0.176787	0	0.0100561	0.0627659	0.840228
172	0.0103555	0.0346463	0.172909	0	0.0101305	0.0611683	0.601557
173	0.0102632	0.0360152	0.17431	0.00149925	0.0101305	0.0593056	0.565385
174	0.0102632	0.0365805	0.180367	0.00149925	0.0101525	0.0583445	0.561241
175	0.0101622	0.0381888	0.199743	0.00149925	0.0101525	0.0579107	0.561241
176	0.0102632	0.0388942	0.221449	0.00149925	0.0104666	0.0558939	0.565385
177	0.0101622	0.042378	0.267795	0.00449775	0.0100127	0.0548922	0.514716
178	0.0100888	0.0459857	0.327539	0.005997	0.0100127	0.0531367	0.498052
179	0.0100888	0.0485168	0.327539	0	0.0100561	0.0530817	0.447455
180	0.0100888	0.0509907	0.348676	0	0.0100127	0.0538858	0.447455
181	0.0100888	0.056148	0.416378	0.00449775	0.0100127	0.0556257	0.514716
182	0.0102632	0.0672864	0.581742	0.011994	0.0100127	0.0569682	0.514716
183	0.0102632	0.0786112	0.670858	0.0164918	0.0100127	0.061815	0.665373
184	0.0107741	0.0860151	0.781761	0.0164918	0.0100127	0.0705842	0.860599
185	0.0105309	0.106288	0.823274	0.0254873	0.0100127	0.0761674	0.879442
186	0.0112713	0.150431	1.11751	0.05997	0.0100127	0.0859832	1.09372
187	0.0233026	0.296779	1.97325	0.149925	0.0100127	0.101813	1.58031
188	0.0362376	0.320498	2.37343	0.164918	0.0104666	0.12793	2.56498
189	0.0413301	0.349474	2.27288	0.176912	0.0146472	0.989183	64.2008
190	0.0414779	0.300961	1.84828	0.137931	0.011179	1.08915	62.5986
191	0.0413301	0.283031	1.84828	0.125937	0.0101119	0.0809204	1.6071
192	0.0356976	0.274258	1.76172	0.124438	0.0101256	0.0552044	0.529201
193	0.0132833	0.152595	1.22568	0.0524738	0.0101119	0.0491425	0.420362
194	0.0102898	0.104331	0.771176	0.023988	0.0101256	0.046021	0.38954
195	0.0100433	0.0872977	0.559557	0.0134933	0.0101119	0.0444715	0.372135
196	0.0103033	0.0749762	0.480764	0.0089955	0.0101119	0.0419757	0.33087
197	0.0102113	0.0679222	0.403743	0.00449775	0.0101119	0.0401316	0.316986
198	0.010047	0.0630137	0.379591	0.005997	0.0100645	0.0388374	0.314048
199	0.0100433	0.0571486	0.366859	0.0029985	0.0103051	0.0379316	0.316986
200	0.0100433	0.0529939	0.312774	0.0029985	0.0100305	0.0362856	0.261868
201	0.0100433	0.0512649	0.282474	0	0.0100305	0.0351702	0.247552
202	0.0100138	0.0504668	0.281192	0	0.0100305	0.0340278	0.220362
203	0.0100138	0.0491582	0.256412	0.00149925	0.0100305	0.0345784	0.218146
204	0.0100138	0.0477074	0.229327	0	0.0100305	0.0347568	0.21668
205	0.0100433	0.046814	0.221449	0.00149925	0.0100305	0.0355831	0.223149
206	0.0100138	0.0456916	0.208903	0	0.0100305	0.0356989	0.238699
207	0.0100138	0.0460378	0.197407	0	0.0100305	0.0359531	0.239009
208	0.0100138	0.0451085	0.196211	0	0.0100305	0.0353609	0.220362
209	0.0100138	0.0442291	0.179343	0	0.0100305	0.0351663	0.218146
210	0.0100138	0.0436182	0.174663	0	0.0100305	0.0346688	0.218146
211	0.0100138	0.043841	0.181027	0.00149925	0.0100305	0.0348052	0.218146
212	0.0100138	0.0438926	0.179343	0.0029985	0.0100305	0.0345873	0.207141
213	0.0100138	0.0439892	0.174663	0.0029985	0.0100305	0.0354096	0.236134
214	0.0100138	0.0439858	0.172488	0.00149925	0.0100305	0.0360405	0.239009
215	0.0100138	0.0435725	0.170858	0	0.0100305	0.0365916	0.270707
216	0.0100433	0.0433569	0.164035	0	0.0100305	0.0369157	0.270707
217	0.0100433	0.0435866	0.164035	0	0.0100305	0.0374468	0.277149
218	0.0100433	0.0442145	0.16577	0	0.0100305	0.0377917	0.295261
219	0.0100433	0.0445685	0.171405	0	0.0100305	0.0387255	0.325189
220	0.0100433	0.0452604	0.172488	0	0.0100305	0.0385464	0.296821
221	0.0100524	0.0459061	0.179395	0	0.0100305	0.0385598	0.296821
222	0.0100524	0.0463876	0.179395	0	0.0100079	0.0375956	0.296821
223	0.0100433	0.0471395	0.172249	0	0.0100079	0.0379333	0.305591
224	0.0100524	0.0486307	0.179395	0	0.0100079	0.0381307	0.277149
225	0.0100433	0.0500623	0.18287	0	0.0100079	0.03899	0.277149
226	0.0100433	0.0501607	0.18287	0	0.0100079	0.0399581	0.305591
227	0.0100433	0.0508828	0.18287	0	0.0100079	0.0400242	0.302474
228	0.0100433	0.0518614	0.19134	0	0.0100079	0.0401711	0.277149
229	0.0100433	0.0522656	0.194905	0	0.0100079	0.0406388	0.305591
230	0.0102898	0.0535647	0.211404	0	0.0100079	0.0422195	0.340092
231	0.0102898	0.0556045	0.211404	0	0.0100079	0.04177	0.317118
232	0.0117214	0.05856	0.234513	0	0.0100079	0.0420895	0.332787
233	0.0117214	0.0610213	0.233624	0	0.0100079	0.0420023	0.322835
234	0.0111336	0.0631152	0.238272	0.00149925	0.0100079	0.0429066	0.336769
235	0.0100433	0.0667597	0.245246	0.00149925	0.0100079	0.0449272	0.38606
236	0.0100524	0.069336	0.261639	0.00149925	0.0100079	0.0442081	0.371197
237	0.0118896	0.0748712	0.403293	0.0029985	0.0100079	0.0439203	0.375612
238	0.0118896	0.0803596	0.45663	0.00449775	0.0100485	0.0427903	0.375612
239	0.0118896	0.0924945	0.587368	0.023988	0.0100079	0.0428098	0.371197
240	0.0138792	0.0850422	0.544445	0.00749625	0.0100485	0.0431002	0.375612
241	0.0125401	0.0831851	0.45663	0.00149925	0.0100208	0.0444055	0.375612
242	0.0125401	0.0840618	0.45663	0.0029985	0.0100079	0.0472811	0.422142
243	0.0146955	0.0815377	0.466988	0.00149925	0.0102449	0.0475679	0.445493
244	0.0143363	0.0800814	0.44311	0.00149925	0.010183	0.0476633	0.445493
245	0.0150898	0.0805593	0.44311	0.00149925	0.0100208	0.0490294	0.444272
246	0.0152255	0.0799071	0.44311	0.00149925	0.0100305	0.0497529	0.444272
247	0.0150898	0.0795455	0.409097	0	0.0100305	0.051164	0.468365
248	0.0146955	0.07942	0.403293	0	0.0100305	0.0509371	0.479354
249	0.0158903	0.0795367	0.403293	0	0.0100305	0.0510189	0.468311
250	0.0159687	0.0803038	0.399307	0.00149925	0.0100305	0.0533248	0.534331
251	0.0154008	0.0805987	0.409097	0.00449775	0.0100645	0.0537565	0.551144
252	0.0146955	0.0822677	0.409097	0.00449775	0.0100645	0.055853	0.581123
253	0.0166449	0.0865216	0.524219	0.00449775	0.0101601	0.0750689	1.88181
254	0.0146955	0.0828025	0.440342	0	0.0101601	0.0924285	9.01725
255	0.0124724	0.0794633	0.363827	0	0.0100645	0.101615	10.7194
256	0.0125401	0.0779712	0.387124	0.00149925	0.0100645	0.115694	22.2181
257	0.0125401	0.0755171	0.399307	0.00149925	0.0100645	0.124197	27.1624
258	0.0125401	0.073433	0.409097	0	0.0101601	0.130529	30.8577
259	0.0100035	0.0722633	0.360223	0.0029985	0.0101601	0.137946	32.1183
260	0.0100035	0.0681248	0.291847	0.00149925	0.0104641	0.141547	32.1183
261	0.0100035	0.0648318	0.270022	0	0.0104641	0.149213	32.1183
262	0.0102735	0.0619861	0.265953	0	0.0104931	0.164778	31.281
263	0.0100035	0.0609818	0.255919	0	0.0100645	0.17743	28.3742
264	0.0100035	0.0595664	0.250726	0	0.0104931	0.204768	31.281
265	0.0100035	0.0588181	0.237381	0.00149925	0.0104941	0.229713	32.1183
266	0.0116361	0.0585692	0.285416	0.0029985	0.0104641	0.24625	31.281
267	0.0100035	0.0580508	0.233624	0.00449775	0.0104931	0.266846	31.281
268	0.0102497	0.0599061	0.267127	0.00749625	0.0104641	0.321975	32.1183
269	0.0102497	0.0585793	0.267127	0.005997	0.0100218	0.371853	32.1183
270	0.0100035	0.060672	0.271524	0.011994
