		omega		Posterior		rho				Synonymous theta			kappa			phi	
Site	Lower	Point	Higher	prob of +ve	Lower	Point	Higher		Lower	Point	Higher	Lower	Point	Higher	Lower	Point	Higher
	95% HPD	estimate	95% HPD	selection	95% HPD	estimate	95% HPD		95% HPD	estimate	95% HPD	95% HPD	estimate	95% HPD	95% HPD	estimate	95% HPD
0	0.0124252	0.0797161	0.415197	0.00749625	0.010488	0.0521926	0.346295		0.0370473	0.0483342	0.0625417	2.67606	4.60445	7.87209	2.26536	13.4498	72.0735
1	0.01196	0.0786603	0.321357	0	0.0106	0.0506997	0.31083
2	0.012502	0.0781228	0.321357	0	0.0106	0.0494575	0.276263
3	0.012502	0.0783274	0.321357	0	0.0106	0.048557	0.264992
4	0.012502	0.0786854	0.321357	0	0.010488	0.047804	0.264992
5	0.012502	0.0785244	0.321357	0	0.010057	0.0464969	0.251542
6	0.0124722	0.0782659	0.321357	0	0.010057	0.0459683	0.245429
7	0.0124252	0.0779058	0.312641	0	0.0102056	0.0455679	0.245429
8	0.0124252	0.0778083	0.312641	0	0.0101565	0.0453492	0.219771
9	0.0124252	0.0777946	0.312641	0	0.010057	0.0455405	0.188816
10	0.0124252	0.0778953	0.312641	0	0.010057	0.0458806	0.182327
11	0.0124252	0.0779613	0.311309	0	0.010057	0.0460876	0.188816
12	0.0124252	0.0776644	0.311309	0	0.0102056	0.0467801	0.182327
13	0.0124252	0.0775643	0.311309	0	0.010057	0.0464373	0.174946
14	0.0124252	0.0773446	0.312641	0	0.010057	0.0479874	0.195384
15	0.0124252	0.0771443	0.312641	0	0.010057	0.046148	0.181391
16	0.0124252	0.0770145	0.312641	0	0.0102056	0.0449191	0.171678
17	0.01196	0.076912	0.294529	0	0.010057	0.0437544	0.163248
18	0.01196	0.0768449	0.294529	0	0.0102056	0.0423336	0.153664
19	0.01196	0.0766417	0.294529	0	0.010057	0.041319	0.145128
20	0.0124252	0.0762689	0.302425	0	0.0102056	0.0409359	0.146128
21	0.0124252	0.0759927	0.29586	0	0.0102056	0.0404983	0.145128
22	0.0124252	0.0758771	0.29586	0	0.0102056	0.0394932	0.144058
23	0.0124252	0.0758472	0.294529	0	0.0102056	0.0391928	0.143869
24	0.0124252	0.0759139	0.29586	0	0.0102056	0.0387566	0.143291
25	0.0124252	0.0760737	0.294529	0	0.0102056	0.03931	0.143869
26	0.0124252	0.0758631	0.294529	0	0.0102056	0.0392979	0.143869
27	0.0124722	0.0752637	0.294529	0	0.010785	0.0389595	0.144401
28	0.0124722	0.0751274	0.294529	0	0.010785	0.0395162	0.144058
29	0.0124252	0.0749704	0.29586	0	0.010785	0.0401746	0.144058
30	0.01196	0.0743339	0.271408	0	0.010785	0.0407273	0.144799
31	0.01196	0.0740491	0.271408	0	0.010785	0.040728	0.144799
32	0.0124252	0.0739804	0.275557	0	0.0101459	0.0422305	0.148303
33	0.01196	0.0740164	0.271408	0.005997	0.0101459	0.0443318	0.171678
34	0.01196	0.0735717	0.271408	0.00149925	0.0101459	0.0455746	0.186261
35	0.0121418	0.0696026	0.240423	0	0.0100642	0.0481495	0.280761
36	0.0123419	0.0692294	0.240423	0	0.0100642	0.0510838	0.305326
37	0.0123419	0.0687159	0.240423	0	0.0100642	0.0520509	0.401979
38	0.0124252	0.0673054	0.240423	0	0.0100642	0.0519422	0.487517
39	0.0123419	0.0659416	0.240423	0	0.0100642	0.0474265	0.280761
40	0.0121418	0.0643373	0.240423	0	0.0100642	0.0454092	0.206699
41	0.0117975	0.0641411	0.240423	0	0.0101894	0.044354	0.178572
42	0.0117975	0.0625641	0.240423	0	0.0101287	0.0438256	0.170687
43	0.0124252	0.0609656	0.241776	0	0.0100642	0.0441152	0.174123
44	0.0111738	0.0606841	0.212979	0	0.0101894	0.0434138	0.169779
45	0.0110109	0.060426	0.212979	0	0.0100642	0.0424016	0.153123
46	0.0113984	0.0605404	0.228458	0	0.0101894	0.0420767	0.148602
47	0.01196	0.0604929	0.241776	0	0.0101894	0.041768	0.148602
48	0.0111738	0.0595772	0.228031	0.00149925	0.0101287	0.0424995	0.148602
49	0.0107973	0.0589699	0.212979	0.00149925	0.0101287	0.0419888	0.148602
50	0.0111738	0.0578926	0.212979	0.0029985	0.0101287	0.0414686	0.148602
51	0.0112876	0.0565578	0.212979	0.00149925	0.0101287	0.0415594	0.148602
52	0.0111515	0.0554547	0.206946	0.00149925	0.0101894	0.0408967	0.148498
53	0.0111515	0.053586	0.204155	0.00149925	0.0101287	0.0401768	0.145128
54	0.0111515	0.0532717	0.203789	0.00149925	0.0101894	0.0398449	0.143869
55	0.0111515	0.0529037	0.202955	0.00149925	0.0101287	0.0403419	0.145128
56	0.0111515	0.0520497	0.200113	0.0029985	0.0101894	0.0412501	0.157966
57	0.0111515	0.0527044	0.199538	0.00449775	0.0101894	0.0416894	0.169099
58	0.0111515	0.0524708	0.200113	0.0029985	0.0101894	0.0422725	0.173393
59	0.0111738	0.0525157	0.200113	0.0029985	0.0101894	0.0425547	0.178572
60	0.0111738	0.0520421	0.199538	0.00149925	0.0101894	0.0425902	0.182187
61	0.0111738	0.0507952	0.200113	0	0.0101894	0.0436032	0.201219
62	0.0111738	0.0525546	0.208409	0.00149925	0.0101894	0.0445644	0.206699
63	0.0112876	0.0530833	0.21266	0.00149925	0.0101894	0.0446919	0.206699
64	0.010936	0.0534494	0.210842	0.00149925	0.0101894	0.0468712	0.246547
65	0.010936	0.0535917	0.21266	0	0.0101894	0.0524532	0.47954
66	0.010936	0.0539968	0.218656	0	0.0101894	0.0600843	0.770841
67	0.010936	0.054045	0.218656	0	0.0101894	0.0687014	1.19976
68	0.010936	0.0555357	0.235219	0	0.0101894	0.0825508	2.3203
69	0.010576	0.0551583	0.228031	0	0.0101784	0.0907811	2.59876
70	0.010576	0.0565686	0.23825	0.00149925	0.0101784	0.0982098	2.56683
71	0.0112876	0.0568322	0.241776	0.00149925	0.0101894	0.112883	6.75116
72	0.0115459	0.0595634	0.292816	0.00149925	0.0101894	0.131813	8.12864
73	0.0115459	0.0602478	0.298173	0.00149925	0.0105862	0.148866	14.0124
74	0.0115139	0.0613626	0.306748	0.00449775	0.0105862	0.157267	14.0124
75	0.0112876	0.0609018	0.306748	0.00449775	0.0105862	0.150233	10.0621
76	0.0112876	0.0623659	0.323967	0.00449775	0.0104478	0.165629	11.7644
77	0.0110109	0.0664176	0.399588	0.005997	0.0104478	0.179536	23.175
78	0.0112876	0.0724615	0.473676	0.00749625	0.0104478	0.196063	31.782
79	0.0112876	0.0772564	0.659374	0.0104948	0.0104478	0.213699	31.828
80	0.0101026	0.075901	0.596309	0.0104948	0.0105862	0.238255	36.4337
81	0.0101026	0.0756713	0.564953	0.011994	0.0105862	0.22425	31.828
82	0.0109114	0.0713785	0.492131	0.011994	0.0105862	0.204482	31.828
83	0.0101026	0.0708485	0.438093	0.0104948	0.0110363	0.188674	33.117
84	0.0101225	0.0649597	0.378022	0.0104948	0.0113764	0.18381	33.117
85	0.0101026	0.0582662	0.292058	0.00749625	0.0105862	0.155857	25.455
86	0.0101026	0.0535246	0.253257	0.00149925	0.0101918	0.150157	18.9923
87	0.0101026	0.0527005	0.245731	0.00149925	0.0101918	0.169895	27.5961
88	0.0101026	0.0507112	0.231705	0	0.0101918	0.18358	27.4269
89	0.0101026	0.0490831	0.222657	0	0.0101918	0.194045	23.2626
90	0.0101026	0.0480583	0.221173	0	0.0101918	0.192623	18.6018
91	0.0101026	0.0468264	0.213912	0	0.0101918	0.204053	22.8542
92	0.0101026	0.0464446	0.20981	0	0.0101918	0.236085	20.5607
93	0.0101026	0.046692	0.20981	0	0.0101918	0.225622	12.4467
94	0.0101026	0.0459214	0.20981	0	0.0101918	0.26285	22.8542
95	0.0101026	0.0459613	0.20981	0	0.0101918	0.269646	20.3823
96	0.0101026	0.0456266	0.206007	0	0.0106182	0.322299	25.4952
97	0.0101026	0.0451416	0.199538	0	0.0113764	0.457085	39.151
98	0.0101026	0.0444053	0.204056	0	0.0114113	0.561595	49.5719
99	0.0101026	0.0445243	0.204056	0	0.0106289	0.522392	49.5719
100	0.0101026	0.0450155	0.20981	0	0.0110035	0.436409	49.5719
101	0.0101026	0.0454374	0.215306	0	0.0106289	0.324808	47.1947
102	0.0105395	0.0452877	0.223108	0	0.0103257	0.249283	44.5991
103	0.0101026	0.0441142	0.204056	0	0.0106278	0.251354	44.5991
104	0.0101026	0.04386	0.197066	0	0.0107943	0.23103	43.6816
105	0.0101026	0.0434468	0.192721	0	0.0107556	0.207073	44.5991
106	0.0101026	0.0436512	0.192721	0.00149925	0.0108971	0.170679	49.5719
107	0.0101026	0.0431588	0.191667	0.0029985	0.0107556	0.137117	49.5719
108	0.0101026	0.0424461	0.181941	0.0029985	0.0106346	0.128817	49.5719
109	0.0101026	0.042576	0.187723	0.005997	0.0106346	0.117966	49.5719
110	0.0101026	0.0420469	0.186682	0.00449775	0.0106346	0.111394	49.5719
111	0.0101026	0.0416182	0.188614	0.0029985	0.0106346	0.108871	49.5719
112	0.0101026	0.0411303	0.186682	0.0029985	0.0101232	0.115233	44.5991
113	0.0101026	0.0407855	0.186682	0.0029985	0.0101232	0.111702	42.5194
114	0.0101026	0.0409114	0.188614	0.0029985	0.0101232	0.109025	32.6599
115	0.0101026	0.0405533	0.186682	0	0.0101866	0.107918	29.5314
116	0.0101026	0.0408087	0.188614	0	0.0101866	0.107353	26.0356
117	0.0101026	0.0411878	0.202947	0	0.0101866	0.102153	26.0356
118	0.0101026	0.0415022	0.202947	0	0.0101866	0.100824	25.1912
119	0.0101026	0.0418592	0.202947	0.0029985	0.0101866	0.0973508	22.8542
120	0.0101026	0.041616	0.189635	0.00149925	0.0101866	0.0980657	22.8542
121	0.0101026	0.0415186	0.188614	0.00149925	0.0101866	0.0924589	17.9195
122	0.0101026	0.0417013	0.191667	0.00149925	0.0101866	0.0897612	15.5547
123	0.0101026	0.0414318	0.191667	0	0.0101866	0.0880342	14.393
124	0.0101026	0.0418135	0.201917	0	0.0101866	0.0865504	16.494
125	0.0101026	0.0419957	0.201917	0	0.0101866	0.0825505	16.9585
126	0.0100608	0.0422457	0.201917	0.0029985	0.0101866	0.0824584	16.9585
127	0.0100608	0.0431522	0.206495	0.0029985	0.0101866	0.0870337	19.0464
128	0.0100608	0.0427535	0.201917	0	0.0101866	0.0849768	13.2496
129	0.0100608	0.0433347	0.220899	0.00149925	0.0101866	0.0835747	12.6596
130	0.0100608	0.0423233	0.201917	0	0.0101866	0.0885334	18.6167
131	0.0100608	0.042406	0.201414	0	0.0101866	0.0889889	18.6167
132	0.0100608	0.0432069	0.213912	0.0029985	0.0100239	0.0803085	10.5789
133	0.0100608	0.0433482	0.219636	0.0029985	0.0101866	0.0778474	9.66345
134	0.0100608	0.0427134	0.201917	0	0.0100239	0.0789663	6.62547
135	0.0100608	0.042998	0.206495	0	0.0101866	0.0812844	9.66345
136	0.0100608	0.0428301	0.201917	0	0.0101866	0.0803261	9.66345
137	0.0100608	0.0424321	0.197933	0	0.0100239	0.0801228	9.17703
138	0.0100608	0.0434585	0.213912	0	0.0100239	0.0781474	6.46718
139	0.0100608	0.0440261	0.213912	0	0.0100239	0.0723343	3.79279
140	0.0100608	0.0445011	0.213912	0	0.0104407	0.0729048	3.79279
141	0.0100608	0.0450647	0.219636	0	0.0100239	0.0731106	3.09615
142	0.0100608	0.0455576	0.221959	0	0.0107613	0.0719795	2.90547
143	0.0100608	0.0459763	0.223827	0	0.0104407	0.0746316	2.88844
144	0.0100608	0.0460664	0.216424	0	0.0103322	0.0770611	2.90547
145	0.0100608	0.0459641	0.206495	0	0.0107613	0.0811355	2.90547
146	0.0100608	0.0462786	0.219636	0	0.0100091	0.0839203	2.73285
147	0.0100608	0.0475686	0.240581	0.00149925	0.0100091	0.0846289	2.73285
148	0.0101026	0.0481899	0.248161	0.00149925	0.0100091	0.0919813	4.55028
149	0.0100608	0.0490689	0.253103	0.0029985	0.0100091	0.0962014	2.73285
150	0.0100002	0.0504548	0.266122	0.00149925	0.0100091	0.0927912	1.62092
151	0.0100002	0.0516343	0.272846	0.00149925	0.0100091	0.0943871	1.62092
152	0.0104817	0.0528335	0.301436	0.00149925	0.0100239	0.0923827	1.2209
153	0.0100608	0.0543444	0.299591	0.0029985	0.0101689	0.0936986	1.2209
154	0.0104817	0.0559211	0.317935	0.00149925	0.0100239	0.0956199	1.2209
155	0.0100608	0.0588811	0.317935	0.00149925	0.0101689	0.0956817	1.2209
156	0.0104817	0.0655575	0.396729	0.0029985	0.0100091	0.0988032	1.37564
157	0.0104817	0.0742643	0.423028	0.0089955	0.0104407	0.104956	1.56411
158	0.0105643	0.0718043	0.385227	0.00749625	0.0106292	0.108097	1.62092
159	0.0104817	0.069477	0.370143	0.0089955	0.0107613	0.107629	1.62092
160	0.0104581	0.0672337	0.362834	0.00749625	0.0125225	0.109269	1.75188
161	0.0104581	0.0654276	0.347715	0.005997	0.0104407	0.11065	1.56411
162	0.0100608	0.0621332	0.319985	0.00149925	0.0104407	0.110714	1.56411
163	0.0100608	0.0613919	0.319985	0.00149925	0.0107613	0.106299	1.56411
164	0.0104581	0.0594151	0.314233	0	0.0106292	0.107143	1.62092
165	0.0104581	0.0581595	0.314233	0	0.0100239	0.10939	1.75188
166	0.0100608	0.0573701	0.300526	0.00149925	0.0100239	0.103018	1.61829
167	0.0105643	0.0558011	0.314233	0.00149925	0.0100239	0.0998455	1.55787
168	0.0104581	0.0533169	0.298699	0	0.0100239	0.101324	1.55787
169	0.0100608	0.0525051	0.277869	0.00149925	0.0100239	0.10142	1.42657
170	0.0104581	0.0524096	0.284407	0.00149925	0.0100239	0.0966048	1.02023
171	0.0104581	0.052932	0.289528	0.00149925	0.0106292	0.0959551	1.03745
172	0.010049	0.0524852	0.284407	0.00149925	0.0100239	0.0956455	1.37999
173	0.0104817	0.0529963	0.314233	0.0029985	0.0107241	0.0896956	1.02023
174	0.010049	0.0528551	0.301484	0.00149925	0.0107241	0.0859181	0.687582
175	0.0104581	0.0518924	0.324454	0.0029985	0.0107241	0.0834134	0.573595
176	0.010049	0.050915	0.301484	0.00149925	0.0100239	0.0808681	0.521541
177	0.0100608	0.0497913	0.297567	0	0.0107304	0.0807648	0.424179
178	0.010049	0.0516314	0.314233	0.005997	0.0126226	0.079907	0.454343
179	0.010049	0.0577226	0.415702	0.0314843	0.0133212	0.0776426	0.41107
180	0.010053	0.128249	11.4779	0.187406	0.0133212	0.0764029	0.41107
181	2.76618	16.0625	95.9095	1	0.0133212	0.0765325	0.41107
182	0.0101088	0.0922918	4.41556	0.125937	0.0133448	0.0763376	0.41107
183	0.0101088	0.0601531	0.491979	0.029985	0.0133212	0.0759203	0.408354
184	0.0101088	0.0563608	0.341334	0.0134933	0.0133448	0.0786117	0.41107
185	0.0101088	0.055549	0.333119	0.00749625	0.0136265	0.0776928	0.41107
186	0.0101088	0.0537704	0.302389	0.0029985	0.0136265	0.0779039	0.41107
187	0.0100478	0.0529387	0.313837	0.0029985	0.0134767	0.0793003	0.398945
188	0.0100478	0.0523056	0.302389	0.0029985	0.0134767	0.0815508	0.416392
189	0.0100478	0.0510482	0.273928	0.00149925	0.0125589	0.083211	0.404921
190	0.0101088	0.0496633	0.219545	0.0029985	0.0133891	0.0847444	0.398945
191	0.0100478	0.0501117	0.216384	0.0029985	0.0136265	0.0812577	0.356424
192	0.0100478	0.0509921	0.219545	0.0029985	0.0136265	0.080406	0.335312
193	0.0100478	0.0503873	0.21329	0.00449775	0.013117	0.0795526	0.328798
194	0.0101096	0.051801	0.219545	0.005997	0.0136265	0.0791788	0.335312
195	0.0101088	0.0523696	0.219545	0.00449775	0.0142294	0.0794903	0.356424
196	0.0100801	0.0527206	0.219735	0.00449775	0.0142973	0.0818085	0.356424
197	0.0100801	0.0531423	0.219735	0.00149925	0.0127299	0.0827675	0.328798
198	0.0100801	0.0546478	0.225306	0.00149925	0.0127299	0.0831356	0.328798
199	0.0100801	0.0555673	0.225706	0.00149925	0.0137795	0.0828587	0.356424
200	0.0101096	0.0552899	0.225706	0	0.0125589	0.0836737	0.334528
201	0.0101096	0.0572495	0.266538	0.00149925	0.016878	0.084775	0.402161
202	0.0101096	0.0580623	0.274904	0.00149925	0.0147555	0.0833141	0.356424
203	0.0100746	0.0614135	0.292988	0.005997	0.0127299	0.0828666	0.328798
204	0.0101096	0.0630274	0.308373	0.0029985	0.0127299	0.0816531	0.328798
205	0.0101096	0.0632209	0.308373	0.0029985	0.014932	0.0828591	0.384399
206	0.0100746	0.0677855	0.336988	0.00749625	0.0142294	0.0801786	0.335048
207	0.0101399	0.068376	0.360342	0.0134933	0.0142294	0.0803284	0.335048
208	0.0101399	0.0708819	0.436341	0.0134933	0.0142294	0.0802364	0.338495
209	0.0101399	0.0765028	0.560304	0.0224888	0.0142294	0.0802521	0.335048
210	0.0103241	0.0917542	0.963054	0.0434783	0.0142294	0.0805954	0.335048
211	0.0101399	0.0794804	0.657164	0.023988	0.014423	0.0811182	0.338495
212	0.0101998	0.0703304	0.510555	0.00749625	0.0145966	0.0812028	0.356424
213	0.0101399	0.0663308	0.429108	0.00749625	0.014423	0.0831376	0.354826
214	0.0101399	0.0632362	0.32204	0.005997	0.014423	0.0875372	0.354954
215	0.0101399	0.0617778	0.317735	0.011994	0.014423	0.0900181	0.354954
216	0.0101399	0.0589069	0.308557	0.00749625	0.014423	0.0962192	0.389642
217	0.0101399	0.0570331	0.292988	0.00749625	0.0182664	0.0990346	0.522977
218	0.0101399	0.0541083	0.2375	0.00449775	0.0187543	0.105374	0.526266
219	0.0101399	0.0533202	0.229725	0.0029985	0.0194949	0.116932	0.604317
220	0.0101399	0.0515017	0.217296	0	0.0174358	0.126848	0.604317
221	0.0101399	0.0508664	0.21464	0	0.0183892	0.138839	0.706821
222	0.0101399	0.0494941	0.199527	0	0.0250548	0.15051	0.992234
223	0.0101399	0.0494429	0.21464	0	0.0287929	0.167145	0.992234
224	0.0101399	0.0483946	0.213733	0	0.0274182	0.175434	0.992234
225	0.0101399	0.0480072	0.205928	0.0029985	0.0318602	0.18645	1.22321
226	0.0101399	0.0473161	0.191749	0.0029985	0.0328054	0.186774	1.19216
227	0.0101399	0.0476234	0.191749	0.00449775	0.0300959	0.181048	1.19216
228	0.0101399	0.0458432	0.177726	0	0.02912	0.18249	1.27985
229	0.0101399	0.0452643	0.177726	0	0.02912	0.188408	1.22321
230	0.0101399	0.0448511	0.171439	0	0.02912	0.190106	1.41781
231	0.0101399	0.0448514	0.174931	0	0.029165	0.18267	1.83283
232	0.0101399	0.0455444	0.189076	0	0.0300959	0.180684	1.83283
233	0.0101399	0.0463749	0.191749	0.0029985	0.029165	0.177708	1.83283
234	0.0101399	0.0456011	0.189076	0	0.029165	0.18172	1.83283
235	0.0101399	0.0451556	0.176301	0	0.0304287	0.180248	1.83283
236	0.0101399	0.0442336	0.171439	0	0.030892	0.175896	1.83283
237	0.0101399	0.0431954	0.164469	0	0.026061	0.176562	1.19216
238	0.0101399	0.0436244	0.170231	0	0.0246845	0.177964	1.27985
239	0.0101399	0.0440038	0.174931	0	0.0163243	0.177136	0.959438
240	0.0102324	0.0450918	0.195754	0.00449775	0.0162752	0.169362	0.981837
241	0.0101399	0.0454943	0.188612	0.00449775	0.013922	0.150596	0.864191
242	0.0101399	0.0454609	0.191749	0.00449775	0.0119645	0.121213	0.721863
243	0.0101399	0.0451826	0.188612	0.00449775	0.0110407	0.112213	0.61893
244	0.0101399	0.0461164	0.191749	0.00749625	0.0119998	0.095355	0.598722
245	0.0101399	0.0465038	0.195754	0.0089955	0.0109432	0.086219	0.484206
246	0.0101399	0.0459292	0.177726	0.00449775	0.0100717	0.0782985	0.43933
247	0.0101399	0.0465429	0.170231	0.005997	0.0100717	0.076027	0.417192
248	0.0101399	0.0467016	0.170231	0.00449775	0.0100717	0.0741645	0.391397
249	0.0101399	0.0468252	0.178502	0	0.0100717	0.0721238	0.386434
250	0.0101998	0.0479266	0.213125	0	0.0100717	0.0698173	0.378738
251	0.0101998	0.0487727	0.219121	0	0.0100717	0.0640821	0.361712
252	0.0101998	0.0499565	0.219121	0	0.0103121	0.061286	0.359552
253	0.0101998	0.0516631	0.232317	0.00149925	0.0103121	0.0601383	0.359552
254	0.0101493	0.0527859	0.240429	0.00149925	0.0100717	0.0583366	0.33802
255	0.0101493	0.0533071	0.24621	0.00149925	0.0100717	0.0563252	0.329803
256	0.0101493	0.0563395	0.252009	0.0029985	0.0100717	0.0539955	0.327907
257	0.0104523	0.0588504	0.293556	0.0029985	0.0102276	0.0500923	0.294459
258	0.0101493	0.0639519	0.353165	0.00749625	0.0102276	0.0471772	0.259538
259	0.0126261	0.0644193	0.423229	0.005997	0.0100233	0.0456075	0.24382
260	0.0119265	0.066473	0.423229	0.0089955	0.0100233	0.044697	0.22547
261	0.0126261	0.0680146	0.438682	0.0104948	0.0100233	0.0428937	0.199445
262	0.0123728	0.0696904	0.438682	0.00749625	0.0100717	0.0415258	0.196187
263	0.0110666	0.073372	0.416285	0.0104948	0.0102276	0.0409544	0.199445
264	0.0110666	0.0783916	0.436759	0.0134933	0.0100717	0.0428624	0.22707
265	0.0103882	0.0826027	0.454628	0.0134933	0.0102702	0.0412889	0.225865
266	0.0103882	0.0866294	0.478757	0.0149925	0.0102276	0.0398084	0.203393
267	0.0103882	0.0938793	0.555073	0.0209895	0.0102276	0.0390466	0.203393
268	0.0110666	0.106742	0.817001	0.0389805	0.0100717	0.0372406	0.185296
269	0.0103882	0.0872156	0.423229	0.0134933	0.0102276	0.0362177	0.185296
270	0.0103882	0.0835227	0.397045	0.00749625	0.0102276	0.0351401	0.173895
271	0.0110666	0.0793338	0.404694	0.00449775	0.0102276	0.0337374	0.157048
272	0.0103882	0.077372	0.377098	0.005997	0.0102276	0.0320322	0.14232
273	0.0116595	0.0735375	0.404694	0.005997	0.0100717	0.0310804	0.131799
274	0.010025	0.0708178	0.327614	0.0029985	0.0102276	0.0301558	0.118411
275	0.010025	0.0706842	0.321293	0.0029985	0.0102276	0.0291222	0.108321
276	0.010025	0.0702331	0.312796	0.0029985	0.0102702	0.0285934	0.10438
277	0.010025	0.0705941	0.321293	0.0029985	0.0102276	0.0282956	0.100503
278	0.010025	0.0705573	0.327614	0.0029985	0.0102276	0.0283279	0.0993862
279	0.010025	0.0707689	0.310778	0.0029985	0.0100717	0.0278369	0.0950376
280	0.010025	0.0709696	0.321293	0.0029985	0.0100745	0.0278988	0.0978943
281	0.010025	0.0710205	0.327614	0.00449775	0.0100717	0.0278001	0.0959224
282	0.0108519	0.0721203	0.376074	0.00449775	0.0100717	0.0276071	0.0950165
283	0.0105573	0.0732776	0.377098	0.00749625	0.0100717	0.0276062	0.0927661
284	0.0108519	0.0735915	0.397045	0.0104948	0.0100717	0.0276033	0.0950165
285	0.0102656	0.0759606	0.411013	0.0164918	0.0100745	0.0276317	0.0927661
286	0.010025	0.0770477	0.416285	0.0224888	0.0100745	0.0274375	0.0927661
287	0.0102656	0.0803283	0.666232	0.0329835	0.0100717	0.0271027	0.0908867
288	0.0102656	0.074272	0.465727	0.0269865	0.0100717	0.0269829	0.0907028
289	0.010025	0.0691206	0.397045	0.0209895	0.0100717	0.0269221	0.0907028
290	0.010025	0.0597671	0.291983	0.00449775	0.0100717	0.0275217	0.0908867
291	0.0101735	0.0565703	0.274007	0	0.0100717	0.0276846	0.0907028
292	0.010025	0.0545361	0.256314	0	0.0100717	0.0276995	0.0893223
293	0.0102656	0.0536402	0.270495	0	0.0100717	0.0279156	0.0859927
294	0.010025	0.052701	0.256314	0	0.0100717	0.0281916	0.0908867
295	0.010025	0.0526597	0.274007	0	0.0100717	0.0281303	0.0908867
296	0.010025	0.0522257	0.274007	0	0.010048	0.0280077	0.0893223
297	0.0101735	0.0506042	0.272855	0	0.010048	0.0283527	0.0950165
298	0.0101735	0.0475839	0.225996	0	0.010048	0.0282852	0.0971733
299	0.0102127	0.0459504	0.223903	0	0.0100717	0.0281996	0.0927661
300	0.0101735	0.0456011	0.223903	0	0.010048	0.0281794	0.0950165
301	0.010025	0.0437975	0.213281	0	0.010048	0.0282756	0.100503
302	0.010025	0.0425719	0.20572	0.00149925	0.010048	0.0284175	0.105945
303	0.010025	0.0425725	0.20572	0.0029985	0.010048	0.0280478	0.105945
304	0.010025	0.0419623	0.190944	0.0029985	0.010048	0.0280208	0.105945
305	0.0101735	0.0413169	0.19792	0.0029985	0.010048	0.0281911	0.107159
306	0.0101735	0.0405822	0.190944	0.00149925	0.010048	0.0281298	0.117715
307	0.0101735	0.0397775	0.183511	0.00149925	0.010048	0.0280581	0.117715
308	0.0101735	0.0392015	0.178378	0.00149925	0.010048	0.0280303	0.117715
309	0.010025	0.0389957	0.174679	0.00149925	0.010048	0.0276744	0.107159
310	0.0101735	0.0386274	0.170231	0.00149925	0.0100669	0.0272908	0.107159
311	0.0101735	0.0384788	0.168334	0.00149925	0.010048	0.0275046	0.107159
312	0.010025	0.0380384	0.15945	0.00149925	0.010048	0.0278555	0.109604
313	0.010025	0.0375768	0.157428	0.00149925	0.010048	0.0276474	0.108087
314	0.0100169	0.0370719	0.162769	0.00149925	0.0100669	0.0275657	0.107159
315	0.0100169	0.0369334	0.162769	0.0029985	0.010048	0.0269008	0.0950165
316	0.0100169	0.037381	0.178128	0.00749625	0.010048	0.0270337	0.0938191
317	0.0100169	0.0366632	0.168334	0.005997	0.010048	0.0265751	0.0893223
318	0.0100169	0.0366906	0.168334	0.005997	0.010048	0.0262715	0.0893223
319	0.0100169	0.0364152	0.15945	0.005997	0.010048	0.0258113	0.0856228
320	0.0100169	0.0360626	0.15945	0.00149925	0.010048	0.0264814	0.0893223
321	0.0100169	0.0361959	0.15945	0	0.010048	0.0264636	0.0893223
322	0.0100169	0.0364542	0.178128	0	0.0100669	0.0257901	0.0847758
323	0.0100169	0.0370288	0.183511	0.00149925	0.010048	0.0253746	0.083046
324	0.0100169	0.0369905	0.183511	0.00149925	0.010048	0.0254551	0.0844292
325	0.0100169	0.0370449	0.183511	0.00149925	0.010048	0.0254129	0.0844292
326	0.0100169	0.0366562	0.18434	0.00149925	0.010048	0.0253309	0.083046
327	0.0100169	0.0369161	0.195505	0.005997	0.010048	0.025137	0.0815761
328	0.0100169	0.0360674	0.197143	0	0.010048	0.0247596	0.0804389
329	0.0100169	0.0360781	0.195505	0	0.010048	0.0248225	0.0804389
330	0.0100169	0.0362102	0.192067	0	0.010048	0.0249101	0.083046
331	0.0100169	0.0362085	0.192067	0	0.010048	0.0247221	0.0785718
332	0.0100169	0.0370608	0.197143	0.0029985	0.010048	0.0246557	0.0785718
333	0.0100169	0.0363586	0.190753	0	0.0100669	0.0246699	0.0785718
334	0.0100169	0.0372933	0.195505	0.00149925	0.0100669	0.0252062	0.0847758
335	0.0100169	0.0373692	0.197143	0.00149925	0.0100241	0.0252299	0.0847758
336	0.0100169	0.03753	0.195505	0.00149925	0.0100241	0.0256165	0.0889019
337	0.0100169	0.0376655	0.190753	0.00149925	0.0100241	0.0256711	0.0889019
338	0.0100169	0.0373744	0.190753	0.00149925	0.010048	0.0256886	0.0893223
339	0.0100169	0.0368888	0.18434	0	0.0100241	0.0258381	0.0919583
340	0.0100169	0.0368209	0.18434	0	0.010048	0.0261567	0.103583
341	0.0100169	0.036055	0.166196	0	0.0100241	0.0266225	0.103583
342	0.0100169	0.0361723	0.170231	0	0.010048	0.0276286	0.118376
343	0.0100169	0.0362225	0.170231	0	0.010048	0.0276104	0.118376
344	0.0100169	0.0364213	0.170231	0.00149925	0.010048	0.0279467	0.123691
345	0.0100169	0.0363075	0.166196	0	0.010048	0.0288362	0.147625
346	0.0100784	0.0370443	0.171771	0.00149925	0.010048	0.0293382	0.154036
347	0.0101078	0.0367829	0.180918	0	0.010048	0.0302557	0.170419
348	0.0100784	0.0365296	0.179725	0	0.010048	0.0314793	0.228219
349	0.0100784	0.0366908	0.170231	0	0.010048	0.0328831	0.298169
350	0.0100784	0.0373444	0.179725	0.00149925	0.010048	0.0338336	0.247444
351	0.0100784	0.0374257	0.179725	0.00149925	0.010048	0.0341744	0.239735
352	0.0100784	0.0369322	0.179725	0.00149925	0.010048	0.0361178	0.351367
353	0.0100784	0.0364507	0.170231	0	0.0100669	0.0370038	0.423661
354	0.0100784	0.0363558	0.166196	0.00149925	0.0100669	0.0364331	0.436853
355	0.0100784	0.0367611	0.171771	0.00149925	0.0100669	0.0363774	0.447266
356	0.0100784	0.0367009	0.172639	0	0.0100669	0.037533	0.568594
357	0.0101078	0.0386795	0.190753	0.0029985	0.0100669	0.0364968	0.351367
358	0.0101078	0.0378974	0.188319	0	0.0100669	0.0365879	0.328192
359	0.0101078	0.0377969	0.188319	0	0.0100669	0.0370459	0.343434
360	0.0101078	0.0380256	0.188792	0.00149925	0.0100669	0.0368146	0.295945
361	0.0101078	0.0381645	0.19127	0.00149925	0.0100669	0.0367974	0.298169
362	0.0101979	0.0386332	0.196078	0	0.0100669	0.037943	0.315287
363	0.0101979	0.0387777	0.196078	0	0.0100589	0.0384019	0.308714
364	0.0101735	0.038826	0.195392	0	0.0100589	0.0386856	0.308714
365	0.0101979	0.038667	0.195392	0	0.0100589	0.0377905	0.298169
366	0.0101735	0.0393943	0.195392	0	0.0100589	0.037566	0.282832
367	0.0101078	0.0400333	0.196078	0	0.0101196	0.0393867	0.308714
368	0.0101078	0.0405007	0.196078	0	0.0100669	0.0399872	0.307939
369	0.0101979	0.041687	0.20481	0	0.0100669	0.0398247	0.307939
370	0.0101979	0.0436085	0.22901	0.0029985	0.0100589	0.0423845	0.378737
371	0.0101979	0.0446006	0.234871	0	0.0100589	0.0443483	0.449948
372	0.0101979	0.0466086	0.252971	0	0.0100589	0.0459332	0.568594
373	0.0101979	0.0476517	0.252971	0	0.0100589	0.0459575	0.654418
374	0.0100773	0.0493134	0.252971	0	0.0100589	0.0501156	1.11924
375	0.0100773	0.0499561	0.252971	0	0.0100669	0.0514723	1.11924
376	0.0100773	0.0516024	0.274802	0	0.0100527	0.0529277	1.20544
377	0.0100773	0.0559309	0.326398	0.00149925	0.0100527	0.0556498	1.96986
378	0.0100773	0.0582399	0.374721	0.00149925	0.0100527	0.059126	2.0081
379	0.0100773	0.060614	0.39257	0.0029985	0.0100527	0.0678537	2.60006
380	0.0102846	0.0621352	0.409243	0.0029985	0.0100527	0.0844493	6.60694
381	0.0100773	0.0672395	0.414866	0.005997	0.0100527	0.108484	16.2463
382	0.0100773	0.0741782	0.441654	0.005997	0.0101196	0.138974	29.143
383	0.0100773	0.0782915	0.483832	0.005997	0.0100822	0.174023	38.5635
384	0.0100773	0.0852492	0.509124	0.005997	0.0100822	0.220978	58.7646
385	0.0102846	0.0941295	0.606097	0.00449775	0.0101705	0.307276	64.2141
386	0.0102846	0.103876	0.620646	0.0104948	0.0120566	0.432014	85.7077
387	0.0114455	0.113255	0.703026	0.0149925	0.011768	0.541608	82.8969
388	0.0132112	0.130052	0.829534	0.0224888	0.0144707	0.765732	97.9167
389	0.0131962	0.130104	0.829534	0.0254873	0.0157425	1.14621	97.9167
390	0.013974	0.130835	0.829534	0.0224888	0.0181099	2.18315	97.9167
391	0.013974	0.129787	0.829534	0.0224888	0.0261055	3.68177	98.4097
392	0.0137661	0.133226	0.845389	0.0224888	0.0508491	5.28166	97.9167
393	0.0145476	0.136634	1.05329	0.0344828	0.304547	8.5615	98.4097
394	0.0127406	0.140605	1.0869	0.0464768	0.287009	8.60337	98.8502
395	0.0145185	0.123897	1.0869	0.0344828	0.198088	8.41987	98.4097
396	0.0103498	0.115106	0.72841	0.0284858	0.114098	6.82507	98.8502
397	0.0103498	0.102229	0.683748	0.0254873	0.0770741	5.43911	99.758
398	0.0100823	0.0931515	0.495518	0.0104948	0.0470559	4.42956	99.758
399	0.0103719	0.0823734	0.416444	0.0029985	0.0402554	3.54571	99.758
400	0.0103947	0.0783894	0.416444	0.00749625	0.0341366	2.88655	98.8502
401	0.0103947	0.0760169	0.39257	0.00449775	0.0279077	1.85674	98.8502
402	0.0103947	0.0727537	0.369673	0.00449775	0.0215706	1.0686	98.8502
403	0.0105219	0.0680046	0.349539	0.0029985	0.0191128	0.536537	96.5277
404	0.0104156	0.0651016	0.33714	0.00449775	0.0109073	0.211114	45.5967
405	0.0100409	0.06549	0.347125	0.0089955	0.0141032	0.130348	0.904176
406	0.0100409	0.0594481	0.289538	0	0.0141032	0.131258	0.813485
407	0.0102004	0.058264	0.288713	0	0.0141032	0.141348	0.89954
408	0.0102004	0.0576604	0.288713	0.0029985	0.0147671	0.155264	1.22836
409	0.0100823	0.0558018	0.273286	0.0029985	0.0141032	0.155723	1.22836
410	0.0100409	0.0532157	0.267922	0.0029985	0.012298	0.163037	1.22836
411	0.0102004	0.0514053	0.247451	0	0.0132546	0.161787	1.23952
412	0.0102004	0.0515118	0.247451	0	0.0108782	0.17273	1.96004
413	0.0100409	0.0508781	0.232834	0	0.0108782	0.186541	3.48219
414	0.0100409	0.0504205	0.231321	0	0.0108089	0.194959	4.10612
415	0.0100409	0.0506239	0.231321	0	0.0108089	0.19986	4.19434
416	0.0100409	0.0493146	0.22901	0	0.0108089	0.201388	3.48219
417	0.0102004	0.0481343	0.222976	0	0.0108089	0.205742	3.53533
418	0.0102004	0.0482476	0.22819	0	0.0114735	0.21898	4.6421
419	0.0102004	0.0483522	0.244045	0	0.0100103	0.218391	3.53533
420	0.0100409	0.0498547	0.262857	0.0089955	0.0102276	0.20597	3.48219
421	0.0102004	0.0452988	0.207189	0.00149925	0.0102276	0.215891	3.48482
422	0.0100409	0.0456242	0.209097	0.00149925	0.0100103	0.286613	16.043
423	0.0100409	0.0455422	0.209097	0.00149925	0.0132384	0.416289	52.0804
424	0.0102362	0.0455502	0.209097	0.00149925	0.024535	0.629298	96.1721
425	0.0100409	0.0456275	0.209097	0.0029985	0.024535	0.639181	96.1721
426	0.0102005	0.0451821	0.207189	0	0.0245	0.685701	96.1721
427	0.0102347	0.044958	0.209097	0	0.023258	0.68765	96.1721
428	0.0102005	0.0454324	0.210227	0	0.023258	0.710382	96.1721
429	0.0100409	0.0457694	0.219387	0.0029985	0.0227803	0.763946	96.1721
430	0.0100409	0.0464474	0.22819	0.005997	0.0200455	0.802111	96.1721
431	0.0102347	0.0462335	0.22819	0.005997	0.0198971	0.867487	96.1721
432	0.0100409	0.0458627	0.22819	0.00449775	0.0200455	0.941636	96.1721
433	0.0105219	0.0474165	0.281571	0.005997	0.0182397	0.909267	96.1721
434	0.0103845	0.0464797	0.281571	0.005997	0.0194495	0.934133	96.1721
435	0.0102984	0.0468801	0.281571	0.005997	0.0193264	0.960854	96.1721
436	0.0100337	0.047683	0.303621	0.005997	0.0197167	1.11056	96.1721
437	0.0100337	0.0475722	0.313088	0.00749625	0.022489	1.34479	96.1721
438	0.0100337	0.0479448	0.313088	0.011994
