		omega		Posterior		rho				Synonymous theta			kappa			phi	
Site	Lower	Point	Higher	prob of +ve	Lower	Point	Higher		Lower	Point	Higher	Lower	Point	Higher	Lower	Point	Higher
	95% HPD	estimate	95% HPD	selection	95% HPD	estimate	95% HPD		95% HPD	estimate	95% HPD	95% HPD	estimate	95% HPD	95% HPD	estimate	95% HPD
0	0.0100445	0.0394078	0.165289	0.005997	0.0232671	3.42582	99.0571		0.0878565	0.108179	0.130345	2.12623	3.2079	4.6809	0	0	0
1	0.0100445	0.0391712	0.162001	0.00449775	0.0232671	3.01445	99.0571
2	0.0100613	0.0396092	0.159655	0.0029985	0.0243395	2.66952	99.0571
3	0.0100613	0.0386331	0.144328	0	0.0240573	2.37424	99.2504
4	0.0101259	0.0386703	0.144328	0	0.021727	2.01608	99.2504
5	0.0100613	0.0388363	0.141376	0	0.0172814	1.61426	93.8835
6	0.0101689	0.0394368	0.144328	0	0.0161321	1.4356	93.8835
7	0.0101689	0.0398541	0.144328	0	0.015902	1.36284	93.8835
8	0.0101689	0.0405187	0.144328	0.00149925	0.0142689	1.10504	91.374
9	0.0102247	0.0405523	0.141376	0	0.0124462	0.958558	86.2585
10	0.0101259	0.0411222	0.141376	0	0.0104945	0.925735	72.0083
11	0.0103398	0.0418172	0.154949	0	0.0106882	0.814885	72.0083
12	0.0101689	0.0421799	0.153256	0	0.010797	0.676131	72.0083
13	0.0103723	0.0425945	0.154949	0	0.0106882	0.502422	61.4293
14	0.0102247	0.0428382	0.154718	0	0.0101129	0.447179	57.298
15	0.0103723	0.0439939	0.160204	0	0.0101129	0.399398	52.7661
16	0.0103439	0.0447311	0.160741	0	0.0101129	0.357207	46.8919
17	0.0102247	0.0460757	0.160741	0	0.0100582	0.310052	40.2829
18	0.0101879	0.0476787	0.168042	0.00149925	0.0100582	0.286372	33.8285
19	0.0102247	0.049713	0.180502	0.00149925	0.0100582	0.29773	41.8
20	0.0101879	0.0520606	0.200202	0.005997	0.0101129	0.298654	44.9762
21	0.0102247	0.0611271	0.613722	0.0224888	0.0101129	0.276015	38.3572
22	0.0101879	0.0518708	0.200202	0.00749625	0.0100582	0.247482	24.2212
23	0.0115228	0.0484818	0.179556	0	0.0100582	0.222178	14.4885
24	0.0115228	0.0481536	0.17084	0	0.0101725	0.221304	14.5079
25	0.0115228	0.0479604	0.17084	0	0.0101129	0.218254	14.5079
26	0.0115228	0.0471591	0.168042	0	0.0100582	0.231023	14.7556
27	0.0115228	0.0471815	0.170327	0	0.0100582	0.237841	15.7382
28	0.0115318	0.0469173	0.160204	0	0.0100582	0.250533	16.2081
29	0.0115228	0.0460682	0.150385	0	0.0100582	0.254609	17.7715
30	0.0115228	0.045719	0.143173	0	0.0100582	0.254969	16.2081
31	0.0115228	0.0457945	0.143904	0	0.0100582	0.253111	10.3787
32	0.0114367	0.0457932	0.143173	0	0.0100582	0.261513	8.28345
33	0.0115228	0.0456445	0.143173	0	0.0100582	0.275694	7.81164
34	0.0107676	0.0465019	0.143173	0	0.0100582	0.281064	9.25517
35	0.0114367	0.0466974	0.154082	0	0.0100582	0.27766	8.28345
36	0.011929	0.0470141	0.162001	0	0.0100582	0.285936	9.4848
37	0.0121194	0.0470687	0.162001	0	0.0100582	0.274055	7.81164
38	0.0121194	0.0471842	0.160204	0	0.0100582	0.272329	6.96194
39	0.0121194	0.047447	0.162001	0	0.0100582	0.265095	5.16422
40	0.0129013	0.0487599	0.170327	0	0.0100582	0.266755	3.54533
41	0.011929	0.049961	0.162001	0.00149925	0.0100582	0.269436	3.66947
42	0.0127102	0.0502232	0.170327	0	0.0104859	0.276998	3.66947
43	0.0129013	0.0503527	0.168271	0	0.011238	0.296065	3.66947
44	0.0115163	0.0508884	0.159655	0	0.011238	0.303642	3.54519
45	0.0115163	0.0517144	0.170327	0	0.011238	0.309178	3.06487
46	0.0115163	0.0532472	0.180344	0	0.0124462	0.316233	2.98926
47	0.0115163	0.05465	0.195538	0.00149925	0.0178784	0.330303	3.4743
48	0.0115163	0.0569283	0.208073	0.00149925	0.0180441	0.326803	3.00103
49	0.0135051	0.0581551	0.259694	0.00149925	0.0178784	0.344885	3.00103
50	0.0115163	0.0623482	0.259694	0.005997	0.0172814	0.357308	3.00103
51	0.0106095	0.0661784	0.285124	0.00749625	0.0172814	0.390694	4.03329
52	0.0115163	0.0734356	0.433647	0.0089955	0.0144455	0.393747	3.5727
53	0.0191082	0.0867078	0.661687	0.011994	0.01818	0.389614	4.02016
54	0.0186818	0.0845919	0.661687	0.0104948	0.0178784	0.346213	3.4743
55	0.0186818	0.0872879	0.818357	0.023988	0.0172814	0.329712	3.2441
56	0.0136826	0.101734	1.4555	0.0629685	0.0178784	0.314468	3.4743
57	0.0115111	0.0738955	0.528359	0.0224888	0.0178784	0.292165	4.02016
58	0.0106095	0.0638079	0.310353	0.00749625	0.0172814	0.265674	3.82725
59	0.0106095	0.0603753	0.265954	0.0029985	0.01818	0.226243	2.3319
60	0.0105717	0.0563389	0.229035	0	0.0149522	0.183763	1.2736
61	0.0109654	0.0543363	0.208073	0	0.0167198	0.168537	1.12645
62	0.0103025	0.0529696	0.177335	0	0.0140695	0.15521	0.826865
63	0.0103025	0.0512862	0.156485	0	0.01711	0.146353	0.826865
64	0.0109654	0.0499802	0.156485	0	0.0172295	0.141994	0.748039
65	0.0109654	0.0495871	0.154559	0	0.01711	0.137424	0.681729
66	0.0109654	0.0491568	0.154149	0	0.01711	0.135262	0.715691
67	0.0111508	0.0491616	0.154559	0	0.0147818	0.128353	0.715691
68	0.0111508	0.0488951	0.154559	0	0.0138076	0.121006	0.715691
69	0.0112739	0.0487486	0.154559	0	0.0138076	0.112208	0.670317
70	0.0109654	0.0492532	0.154149	0	0.0101129	0.103773	0.483897
71	0.0103025	0.0495852	0.149235	0	0.0101129	0.0982809	0.459715
72	0.0101543	0.0491825	0.145782	0	0.0101129	0.0961059	0.427197
73	0.0103025	0.0503786	0.154559	0.00149925	0.0101129	0.0938598	0.415242
74	0.0102568	0.0503565	0.154559	0.00149925	0.0101129	0.0928629	0.415242
75	0.0102568	0.0492316	0.155913	0.00149925	0.0101129	0.0932367	0.426027
76	0.0100501	0.0499538	0.154559	0.0029985	0.0101129	0.0908006	0.372028
77	0.0103025	0.0498644	0.154559	0	0.0101129	0.0905151	0.370362
78	0.0103025	0.0505063	0.154559	0	0.0101567	0.089261	0.370362
79	0.0101245	0.0508085	0.154559	0	0.0101129	0.0883685	0.363397
80	0.0102568	0.0519439	0.162001	0	0.0101129	0.0866091	0.363397
81	0.0101543	0.0527731	0.162001	0	0.0101129	0.0869377	0.356219
82	0.0101543	0.0525524	0.162001	0	0.0116539	0.0854214	0.386216
83	0.0102568	0.0542921	0.167792	0	0.0120013	0.0858689	0.373557
84	0.0101543	0.0554609	0.177341	0	0.0120013	0.0858911	0.373557
85	0.0101543	0.0574888	0.203715	0	0.0120013	0.0882246	0.415242
86	0.0103025	0.0604687	0.266292	0	0.0101332	0.0884256	0.360036
87	0.0154668	0.0629965	0.438744	0.00149925	0.0101332	0.0898017	0.370362
88	0.0154668	0.06741	0.436367	0	0.0101332	0.0889759	0.356041
89	0.0170978	0.0707547	0.449717	0	0.0101332	0.0903665	0.358338
90	0.0172118	0.0691014	0.438744	0	0.0101332	0.0898207	0.358338
91	0.0176907	0.0697203	0.438744	0	0.0101332	0.0898865	0.360799
92	0.0176907	0.0695048	0.438744	0	0.0126323	0.085165	0.370362
93	0.0152651	0.0608938	0.309864	0	0.0129639	0.0826457	0.370362
94	0.0102782	0.0562749	0.177335	0	0.0101332	0.0801125	0.288862
95	0.0103025	0.0552446	0.177014	0.0029985	0.0101567	0.0782917	0.287788
96	0.0111153	0.0528509	0.16664	0	0.0101332	0.077062	0.276234
97	0.0112408	0.0512805	0.159145	0	0.0101332	0.0742477	0.271948
98	0.0112408	0.0501059	0.15692	0	0.0101332	0.0720864	0.248919
99	0.0112408	0.0495887	0.153714	0	0.0101332	0.071057	0.247373
100	0.0112408	0.0489384	0.153075	0	0.0101332	0.0711348	0.242525
101	0.0112517	0.0479583	0.153075	0	0.0101332	0.0701909	0.226757
102	0.0102782	0.0469392	0.128959	0	0.0101332	0.0712016	0.231659
103	0.0105557	0.045943	0.127839	0	0.0101332	0.0708829	0.231659
104	0.010717	0.0454002	0.127839	0	0.0101332	0.0713275	0.233
105	0.0112408	0.0443504	0.131943	0	0.0101332	0.0706647	0.233
106	0.0112408	0.0434977	0.131943	0	0.0111768	0.0703789	0.241154
107	0.010717	0.042956	0.126663	0	0.0118997	0.0703921	0.249248
108	0.010717	0.0426457	0.127839	0	0.0118997	0.0711173	0.249248
109	0.010717	0.0426612	0.127074	0	0.0118997	0.0713292	0.249248
110	0.010717	0.0425357	0.126663	0.00149925	0.0118997	0.0711151	0.249248
111	0.010717	0.0426216	0.127074	0.00149925	0.012924	0.0721109	0.275007
112	0.0101366	0.0421258	0.117445	0.00149925	0.0126323	0.0719566	0.249248
113	0.0100107	0.04187	0.111807	0.00149925	0.0128035	0.0731564	0.242525
114	0.0100107	0.0415815	0.113527	0.00149925	0.0128035	0.0756325	0.249248
115	0.0100107	0.0416179	0.117445	0.00149925	0.0128035	0.0765581	0.249248
116	0.0100107	0.0414816	0.116385	0	0.0128035	0.0771567	0.242525
117	0.0100883	0.0416141	0.111807	0	0.0128035	0.0787538	0.242525
118	0.0100883	0.0418802	0.111807	0	0.0126832	0.0802033	0.242525
119	0.0105992	0.0425527	0.122465	0	0.0126832	0.0814161	0.248919
120	0.0105437	0.0427585	0.122465	0	0.0176353	0.0848923	0.343279
121	0.0105437	0.0430238	0.123321	0	0.0177509	0.0839898	0.343279
122	0.0105992	0.0439625	0.127074	0	0.0180773	0.0850577	0.343279
123	0.0105437	0.0451444	0.127074	0	0.0176353	0.0868473	0.343279
124	0.0100883	0.0464426	0.127074	0	0.0166708	0.086774	0.339787
125	0.0100883	0.0480129	0.136656	0	0.0166708	0.0894183	0.332962
126	0.0100107	0.0489245	0.139327	0.00149925	0.0166708	0.0913612	0.329276
127	0.0100107	0.0503164	0.147958	0.005997	0.0166708	0.0936947	0.380414
128	0.0100107	0.052899	0.165028	0.005997	0.018179	0.0999839	0.52664
129	0.0100107	0.0522123	0.157207	0.00149925	0.0150619	0.0999474	0.450081
130	0.0100107	0.0528215	0.161791	0.00149925	0.018179	0.100964	0.561407
131	0.0100107	0.0517041	0.149562	0	0.0146719	0.097453	0.415032
132	0.0101366	0.0515596	0.149562	0	0.0150619	0.0907582	0.332962
133	0.0106775	0.0503587	0.153173	0	0.0148055	0.0878045	0.332962
134	0.0102369	0.0502558	0.147958	0	0.0146719	0.0831837	0.334911
135	0.0106775	0.0502207	0.153173	0	0.0107499	0.0797455	0.276522
136	0.0106775	0.0498581	0.153173	0	0.011282	0.0777826	0.276522
137	0.0101194	0.050169	0.147958	0	0.011282	0.0754199	0.259878
138	0.0101194	0.0509965	0.153173	0.00149925	0.0110994	0.074513	0.259878
139	0.0101194	0.0509898	0.153173	0.00149925	0.0108597	0.0727604	0.244128
140	0.0100107	0.0523943	0.157207	0	0.011282	0.0724186	0.24908
141	0.0100107	0.0532093	0.161791	0	0.011282	0.0718308	0.24908
142	0.0100107	0.0510062	0.149562	0	0.011282	0.0722278	0.259878
143	0.0102263	0.0489011	0.14722	0	0.011282	0.0728136	0.24908
144	0.0100107	0.0477935	0.137509	0	0.011282	0.0737246	0.259878
145	0.0100596	0.0470713	0.137509	0	0.011282	0.0734452	0.259878
146	0.0100107	0.0462144	0.135611	0	0.0115737	0.0741662	0.276234
147	0.0100596	0.0454953	0.137509	0	0.0115737	0.0750506	0.276234
148	0.0100107	0.0452817	0.135611	0	0.0105217	0.0756375	0.262061
149	0.0100596	0.0445665	0.135611	0	0.011282	0.0751838	0.276234
150	0.0100596	0.044071	0.12691	0.00149925	0.011282	0.075081	0.276234
151	0.0101194	0.0438073	0.12691	0.00149925	0.0115737	0.074658	0.281734
152	0.0100596	0.0436313	0.12691	0.00149925	0.011282	0.0747063	0.276234
153	0.0101194	0.0436267	0.12691	0.00149925	0.011282	0.0728083	0.276234
154	0.0101366	0.0436406	0.12691	0	0.011282	0.0727459	0.262061
155	0.0102263	0.0431786	0.12691	0	0.011282	0.0717597	0.258638
156	0.0101194	0.0431262	0.12691	0	0.011282	0.0718407	0.258638
157	0.0101366	0.0430296	0.12691	0	0.0111999	0.07074	0.266594
158	0.0102369	0.0427876	0.12691	0	0.011282	0.0695577	0.258638
159	0.0102263	0.0429436	0.12691	0	0.011282	0.0682417	0.258638
160	0.0102768	0.0428078	0.12691	0	0.0104406	0.0669795	0.226045
161	0.0102263	0.0424863	0.12691	0	0.0104406	0.0661552	0.226045
162	0.0102263	0.0425301	0.12691	0	0.0109212	0.0666422	0.230857
163	0.0100107	0.0426109	0.12691	0.00149925	0.0111999	0.0660109	0.230857
164	0.0101194	0.0432103	0.139327	0.00149925	0.0111999	0.0672147	0.230857
165	0.0100107	0.042894	0.137509	0	0.011282	0.0675976	0.223925
166	0.0100107	0.043192	0.139327	0	0.0115343	0.0672064	0.226045
167	0.0104674	0.0438481	0.151705	0	0.011282	0.0671781	0.226036
168	0.0101194	0.045486	0.150126	0	0.011282	0.0679126	0.226045
169	0.0101194	0.0471668	0.151705	0	0.011282	0.0686756	0.227472
170	0.0101194	0.0478084	0.15522	0	0.0111999	0.0687107	0.227472
171	0.0102369	0.0487205	0.167077	0	0.0111999	0.0697577	0.24025
172	0.0100107	0.0501017	0.167077	0.00149925	0.011282	0.0698882	0.24025
173	0.0106505	0.0522516	0.204258	0	0.0104406	0.0697626	0.227472
174	0.0105363	0.0539372	0.214977	0	0.0109212	0.0708698	0.24025
175	0.0101194	0.0552535	0.214977	0	0.0113609	0.0724937	0.276234
176	0.0105363	0.0570129	0.231851	0	0.011282	0.0730903	0.2594
177	0.0106505	0.0604855	0.25984	0.00149925	0.011282	0.0759214	0.2594
178	0.0105363	0.064854	0.273546	0.00149925	0.0137648	0.0761209	0.305931
179	0.0105363	0.0700536	0.328447	0.0029985	0.0141645	0.0783473	0.305931
180	0.0106505	0.0772684	0.372521	0.00149925	0.0137648	0.0791258	0.305931
181	0.0102768	0.0907972	0.424274	0.005997	0.0141645	0.0793048	0.305931
182	0.0250329	0.107862	0.982696	0.0089955	0.011282	0.0812744	0.258428
183	0.0241498	0.109272	0.85089	0.00449775	0.0113461	0.0818475	0.2594
184	0.0264932	0.117189	0.729758	0.005997	0.011282	0.0850345	0.276234
185	0.0295822	0.126104	0.924529	0.0164918	0.0142188	0.0840247	0.323075
186	0.0264932	0.117032	0.85089	0.011994	0.0142188	0.0844119	0.287753
187	0.0241498	0.107232	0.747895	0.005997	0.0142188	0.0843115	0.290101
188	0.0183144	0.104376	0.591348	0.0089955	0.0142188	0.0837365	0.278939
189	0.0183144	0.101834	0.580179	0.0104948	0.0153954	0.0851066	0.290121
190	0.0195297	0.0982688	0.613514	0.0089955	0.0142188	0.08545	0.287753
191	0.0130274	0.0847907	0.424274	0.0029985	0.0153954	0.0880107	0.35067
192	0.0145728	0.0735081	0.365718	0.00149925	0.0153954	0.0881117	0.389344
193	0.0139006	0.0690464	0.274367	0	0.0144429	0.0897271	0.389344
194	0.0139006	0.0681485	0.273546	0	0.0135243	0.0894099	0.34777
195	0.0140738	0.0663615	0.27447	0	0.0135243	0.0909853	0.394661
196	0.0104222	0.0629884	0.20034	0	0.0111663	0.0870536	0.278939
197	0.0110284	0.061585	0.203037	0	0.0127372	0.0846877	0.287198
198	0.0104222	0.0611348	0.19977	0	0.0127372	0.0823896	0.277609
199	0.0110284	0.059841	0.203037	0	0.0123405	0.0824195	0.266531
200	0.0110284	0.0590268	0.20034	0	0.0127372	0.0825389	0.277609
201	0.0110284	0.058794	0.20034	0	0.0123405	0.0794552	0.266531
202	0.0110284	0.0581739	0.20034	0	0.0106044	0.0769299	0.224815
203	0.0104222	0.057198	0.190207	0	0.0106044	0.0742367	0.226976
204	0.0104222	0.0550482	0.179972	0	0.0103462	0.0736159	0.224943
205	0.0103186	0.0543495	0.161929	0	0.0103462	0.0712549	0.223925
206	0.0100536	0.05455	0.161929	0	0.0103462	0.0705985	0.223537
207	0.0101692	0.0540939	0.150073	0	0.0103462	0.0700004	0.223537
208	0.0100536	0.0545008	0.150073	0	0.0103462	0.0697359	0.223537
209	0.0101692	0.0548104	0.164044	0	0.0103462	0.0698233	0.223
210	0.0103251	0.0567579	0.173171	0	0.0103462	0.0700513	0.223925
211	0.0103186	0.0581354	0.179972	0	0.0106044	0.0689804	0.226976
212	0.0103186	0.0588303	0.184939	0	0.0103462	0.0701016	0.224815
213	0.0104222	0.0615002	0.198127	0.00449775	0.0103462	0.0709822	0.24025
214	0.0103186	0.0627979	0.198127	0	0.0103462	0.0755102	0.266531
215	0.0103186	0.065854	0.211664	0.0029985	0.0103462	0.0785405	0.283041
216	0.0142329	0.0685599	0.322291	0.0029985	0.0103462	0.0812389	0.286992
217	0.0165631	0.0759809	0.340304	0.005997	0.0103462	0.0829233	0.294857
218	0.0183046	0.0800971	0.402217	0.005997	0.0103462	0.0855623	0.304724
219	0.0158336	0.0773148	0.3641	0.00449775	0.0103462	0.0869698	0.32111
220	0.017207	0.0771601	0.40432	0.0029985	0.0106044	0.0901052	0.355537
221	0.0183046	0.0768962	0.402217	0.00149925	0.0103462	0.0960147	0.354327
222	0.0193911	0.0755729	0.40432	0	0.011282	0.105533	0.521084
223	0.0167829	0.07501	0.40432	0.00149925	0.0161104	0.113566	0.720117
224	0.0149839	0.0749347	0.3641	0.0029985	0.0172582	0.125702	0.788763
225	0.0156456	0.069525	0.3641	0.0029985	0.0176286	0.150166	0.920148
226	0.0127249	0.0642174	0.267354	0	0.0304277	0.180282	1.53501
227	0.0109754	0.0607486	0.22491	0	0.0258087	0.170186	1.15051
228	0.0109787	0.0562853	0.204353	0	0.0250752	0.163684	0.841117
229	0.0109787	0.0545339	0.195159	0.00149925	0.0277834	0.161381	0.841117
230	0.0100756	0.0518747	0.154923	0	0.0277834	0.160516	0.841117
231	0.0109787	0.0508559	0.154923	0	0.0277834	0.15453	0.841117
232	0.0110618	0.0493889	0.143821	0	0.0277834	0.154758	0.836564
233	0.0109415	0.0477237	0.134363	0	0.0277834	0.157941	0.800481
234	0.0110618	0.0468538	0.129564	0	0.0287056	0.155015	0.800481
235	0.0110618	0.0466081	0.129564	0	0.0277834	0.15452	0.800481
236	0.0109415	0.045727	0.126741	0	0.0216998	0.151223	0.785041
237	0.0110618	0.0445461	0.12092	0	0.0185883	0.145291	0.800481
238	0.0111163	0.0446062	0.122713	0	0.0185883	0.141686	0.800481
239	0.0110618	0.0444276	0.122713	0	0.0131957	0.145057	0.680487
240	0.0110618	0.0440372	0.121546	0	0.0138968	0.142335	0.727718
241	0.0110618	0.0433967	0.123001	0	0.0185883	0.14462	1.02955
242	0.0109415	0.0434694	0.123001	0	0.0157733	0.138592	0.800481
243	0.0107045	0.0421716	0.114847	0	0.0148188	0.137383	0.771982
244	0.0117031	0.0421106	0.123001	0	0.0143512	0.135903	0.765176
245	0.0115696	0.0425748	0.123001	0	0.0178973	0.132657	0.771982
246	0.0104965	0.0421003	0.112482	0	0.0183403	0.127786	0.727718
247	0.0110618	0.0427701	0.123001	0	0.01884	0.117572	0.680487
248	0.0107045	0.043256	0.122713	0	0.0177785	0.108758	0.680487
249	0.0104965	0.0438375	0.125103	0	0.0187018	0.104871	0.680487
250	0.0104965	0.0445176	0.128733	0	0.0135081	0.094852	0.427352
251	0.0115696	0.0457352	0.149659	0	0.0138262	0.0913498	0.400174
252	0.0113442	0.0458679	0.148772	0	0.0128198	0.087058	0.356752
253	0.0108816	0.0457083	0.139266	0	0.0162939	0.0831537	0.427352
254	0.0113442	0.0460241	0.148772	0	0.0127554	0.0802674	0.338516
255	0.0111163	0.0460642	0.146341	0	0.0127554	0.0758619	0.29454
256	0.0111163	0.0468784	0.151327	0	0.0127554	0.072144	0.29454
257	0.0108816	0.0481459	0.161791	0	0.0137299	0.0687324	0.305437
258	0.0111163	0.048827	0.169608	0	0.0118106	0.0672016	0.253563
259	0.0108816	0.0513731	0.180351	0.00449775	0.0119516	0.0659338	0.256023
260	0.0103876	0.05038	0.169608	0.0029985	0.0118106	0.0656922	0.256023
261	0.0108816	0.0470674	0.161791	0	0.0116853	0.0652132	0.247098
262	0.0108816	0.0468058	0.161791	0	0.0116853	0.0646365	0.240454
263	0.0101783	0.0453079	0.147378	0	0.0118106	0.0635499	0.23818
264	0.0101783	0.0450935	0.145435	0	0.0116853	0.0645653	0.25232
265	0.0101783	0.0435769	0.139266	0	0.0116853	0.0661716	0.25347
266	0.0101783	0.0432907	0.147378	0	0.013255	0.0665194	0.305437
267	0.0101783	0.0431434	0.143046	0	0.0111235	0.0663464	0.247403
268	0.0102195	0.0434969	0.147378	0	0.0116853	0.066895	0.24439
269	0.0102195	0.0433138	0.145435	0	0.0109615	0.0687794	0.247403
270	0.0102195	0.0433989	0.145435	0	0.0102956	0.0677259	0.235924
271	0.0102195	0.0441793	0.160312	0	0.0104294	0.0669369	0.235924
272	0.0102195	0.0448712	0.173308	0	0.0101033	0.0671161	0.252651
273	0.0102195	0.0445843	0.170358	0	0.0102313	0.0730236	0.504673
274	0.0102675	0.0449399	0.177025	0	0.0116919	0.0757168	0.926863
275	0.0106301	0.0462091	0.211328	0	0.0102313	0.0693282	0.306555
276	0.0105425	0.0470372	0.211328	0	0.0101033	0.0655918	0.235924
277	0.0102071	0.0449294	0.173308	0	0.0126367	0.0622464	0.24979
278	0.0102071	0.0432239	0.140888	0	0.0128198	0.0586968	0.223537
279	0.0102071	0.0419322	0.139266	0	0.0122078	0.0566004	0.208002
280	0.0101076	0.0410509	0.130949	0	0.0116919	0.0558795	0.186103
281	0.0101076	0.0402354	0.12107	0	0.0101033	0.0562062	0.165187
282	0.0101076	0.0395179	0.120157	0	0.0100703	0.0567901	0.165187
283	0.0101076	0.0387168	0.109019	0	0.0100703	0.0566771	0.165187
284	0.0101076	0.0384654	0.108804	0	0.0108504	0.0566369	0.180877
285	0.0101076	0.0377135	0.108771	0	0.0108504	0.0565178	0.180877
286	0.0101076	0.0372773	0.10615	0	0.0116919	0.0566375	0.186103
287	0.0101076	0.0367182	0.103417	0	0.0118298	0.0570821	0.186103
288	0.0101076	0.036586	0.103417	0	0.0117691	0.0577072	0.186103
289	0.0101076	0.0364021	0.104878	0	0.0133641	0.0588684	0.220573
290	0.0101076	0.0352811	0.101114	0	0.0122078	0.0583359	0.188273
291	0.0101076	0.0350301	0.102559	0	0.0118298	0.0585595	0.191446
292	0.0101076	0.0348294	0.102559	0	0.0108504	0.0584318	0.182113
293	0.0101076	0.0351686	0.103417	0	0.0108504	0.0577981	0.188273
294	0.0101076	0.0352294	0.10615	0	0.0108504	0.0581188	0.191446
295	0.0101076	0.0342646	0.103417	0	0.0108504	0.0576313	0.180877
296	0.0101076	0.0342876	0.10548	0	0.0115833	0.0571352	0.191446
297	0.0101076	0.0341856	0.10615	0	0.0108504	0.0567393	0.186103
298	0.0101076	0.0343474	0.108771	0	0.0128049	0.0589583	0.224986
299	0.0100073	0.0339113	0.103417	0	0.0122078	0.0614178	0.22207
300	0.0101076	0.0340488	0.0985269	0	0.0118298	0.0612448	0.224986
301	0.0101076	0.0342766	0.10615	0	0.0122897	0.0650562	0.246089
302	0.0101076	0.0341327	0.106246	0	0.0100056	0.0685398	0.22207
303	0.0101076	0.0341179	0.108771	0	0.0100056	0.070903	0.230702
304	0.0101076	0.0348191	0.114167	0	0.0100056	0.074899	0.262065
305	0.0100116	0.0343894	0.111579	0	0.0100056	0.0776492	0.295579
306	0.0100116	0.0349273	0.111579	0	0.0118298	0.0799524	0.385414
307	0.0101076	0.0345064	0.109019	0	0.0100056	0.0781528	0.254966
308	0.0101076	0.0352371	0.116354	0	0.0133641	0.0753435	0.262065
309	0.0101076	0.0354392	0.116354	0	0.0136445	0.0755997	0.254966
310	0.0101076	0.0365218	0.120825	0	0.0132368	0.0743107	0.232516
311	0.0101076	0.0370895	0.121371	0	0.0136445	0.073419	0.233951
312	0.0101076	0.0378762	0.123306	0	0.0136445	0.0734259	0.233951
313	0.0101076	0.0385577	0.128036	0	0.0132368	0.0736654	0.230913
314	0.0101682	0.0392645	0.12972	0	0.0136445	0.0726079	0.230913
315	0.0101487	0.0400012	0.140322	0	0.0143124	0.0728101	0.242091
316	0.0101682	0.0420584	0.163901	0	0.0136445	0.0733585	0.236783
317	0.0101487	0.0434474	0.171713	0	0.0136445	0.0740803	0.235155
318	0.0101487	0.0450192	0.185445	0	0.0143124	0.074606	0.242091
319	0.0101487	0.046705	0.198682	0	0.0136445	0.075404	0.237685
320	0.0101487	0.0485455	0.222902	0	0.0152867	0.0741906	0.267897
321	0.0101487	0.0508048	0.230756	0	0.0131183	0.0744453	0.237685
322	0.0121924	0.0546161	0.300247	0	0.0149383	0.0751794	0.267897
323	0.0124091	0.0598203	0.333523	0	0.0149383	0.0767311	0.267897
324	0.0122769	0.0630123	0.333523	0	0.0149383	0.0784567	0.269069
325	0.0124091	0.0682647	0.33471	0	0.0148245	0.0801344	0.263233
326	0.0122769	0.0766265	0.349389	0	0.0148245	0.0807937	0.268954
327	0.019817	0.0902255	0.521746	0.00149925	0.0148245	0.0807976	0.283643
328	0.0182306	0.0900356	0.469265	0.00149925	0.0137787	0.0801179	0.283643
329	0.0182306	0.0923671	0.442499	0.00149925	0.0115555	0.0813234	0.267897
330	0.019817	0.0945863	0.521185	0.00149925	0.0105516	0.0818671	0.263233
331	0.0249699	0.101158	0.570011	0.00149925	0.0105204	0.0801337	0.262065
332	0.0189346	0.0905884	0.524129	0.00149925	0.0105204	0.0782751	0.262065
333	0.0221738	0.0865042	0.645331	0	0.0112745	0.0764331	0.266983
334	0.0184235	0.0849904	0.524129	0	0.0106131	0.0776245	0.267897
335	0.0172125	0.0823667	0.524129	0	0.0105204	0.0761724	0.267897
336	0.0170563	0.0842036	0.502869	0	0.0105204	0.0745541	0.267897
337	0.0137345	0.0828135	0.384413	0	0.0112706	0.0689434	0.255338
338	0.0184235	0.0824988	0.502869	0.0029985	0.0104616	0.0666714	0.233573
339	0.0137345	0.0831433	0.384413	0.0029985	0.0112706	0.0680074	0.267897
340	0.0137345	0.0831289	0.387772	0.00749625	0.0112706	0.0669947	0.263233
341	0.0102365	0.0889245	0.495547	0.0254873	0.0105516	0.0684851	0.257289
342	0.0226262	0.135141	9.77295	0.127436	0.0105516	0.0684865	0.257289
343	0.0102365	0.0721399	0.343899	0.017991	0.0101439	0.0688656	0.257289
344	0.0102365	0.060782	0.313477	0.0089955	0.0101439	0.0688051	0.263233
345	0.0101531	0.0533128	0.266785	0.00449775	0.0101439	0.0686882	0.323519
346	0.0101452	0.0493829	0.235596	0.00449775	0.0101439	0.0671307	0.263233
347	0.0101452	0.0459319	0.209098	0.00149925	0.0102527	0.0663164	0.257289
348	0.0101134	0.0431607	0.19867	0	0.0106679	0.0640898	0.257289
349	0.0101134	0.0422266	0.191738	0	0.0106679	0.0612808	0.257289
350	0.0100141	0.0401202	0.176355	0	0.0105516	0.0585317	0.24868
351	0.0100141	0.0393998	0.176355	0	0.0104616	0.057872	0.257289
352	0.0101134	0.0389723	0.176355	0	0.0100693	0.0577414	0.298309
353	0.0101134	0.037219	0.174982	0	0.0100693	0.057271	0.314072
354	0.0101134	0.0366323	0.174982	0	0.0104616	0.0568216	0.314072
355	0.0101134	0.0348987	0.144838	0	0.0100693	0.0604416	0.37999
356	0.0101134	0.0349607	0.144838	0	0.0100693	0.0615361	0.446773
357	0.0101134	0.034557	0.144838	0	0.0100693	0.0655622	0.575471
358	0.0101056	0.033476	0.128753	0	0.0100693	0.0708002	0.938097
359	0.0101056	0.0330303	0.122445	0	0.0101983	0.0726625	1.1539
360	0.0101056	0.0326524	0.121307	0	0.0100693	0.0825016	5.12609
361	0.0101056	0.0321572	0.117379	0	0.0100693	0.0922871	9.38764
362	0.0101056	0.0318885	0.119992	0	0.0100693	0.100696	15.4132
363	0.0101056	0.031414	0.112063	0	0.0100693	0.108852	23.5515
364	0.0101056	0.0308087	0.0990069	0	0.0102963	0.116182	28.9156
365	0.0101056	0.0305599	0.0970438	0	0.0100693	0.115479	26.3559
366	0.0101363	0.0306233	0.10399	0	0.0103127	0.124821	29.2652
367	0.0101363	0.0306176	0.10399	0.00149925	0.0100693	0.136707	29.2652
368	0.0101056	0.0299511	0.0970438	0	0.0100693	0.147368	29.5071
369	0.0101056	0.0299225	0.101723	0	0.0102073	0.155481	34.2406
370	0.0101056	0.0298428	0.0970438	0	0.0103127	0.164881	34.2406
371	0.0101056	0.0298573	0.0970438	0	0.0103796	0.170728	29.5071
372	0.0101056	0.0294175	0.0945155	0	0.0103796	0.173714	29.5071
373	0.0100253	0.0293966	0.0945155	0	0.0104616	0.183182	29.5071
374	0.0101056	0.0290511	0.0945155	0	0.0102073	0.193519	29.5071
375	0.0100253	0.0289104	0.0959474	0	0.0102003	0.21555	41.9218
376	0.0100253	0.0289563	0.0970438	0	0.0102003	0.219125	36.025
377	0.0100253	0.02941	0.101723	0.00149925	0.0102003	0.229748	35.699
378	0.0100253	0.0299659	0.10399	0	0.0102003	0.24435	41.9218
379	0.0100253	0.0301258	0.10399	0	0.0103127	0.368778	57.4502
380	0.0100253	0.0304542	0.112002	0.00149925	0.0102073	0.452961	57.2735
381	0.0100253	0.0310665	0.121474	0.00149925	0.0103127	0.561882	57.2735
382	0.0100253	0.0320324	0.125999	0.00149925	0.0100038	0.742342	57.2735
383	0.0100253	0.0321686	0.124134	0.00149925	0.017176	1.05304	83.7564
384	0.0100253	0.0326584	0.128262	0.0029985	0.0241938	1.42445	83.7564
385	0.0100253	0.0337779	0.143109	0.005997
