		omega		Posterior		rho				Synonymous theta			kappa			phi	
Site	Lower	Point	Higher	prob of +ve	Lower	Point	Higher		Lower	Point	Higher	Lower	Point	Higher	Lower	Point	Higher
	95% HPD	estimate	95% HPD	selection	95% HPD	estimate	95% HPD		95% HPD	estimate	95% HPD	95% HPD	estimate	95% HPD	95% HPD	estimate	95% HPD
0	0.0101186	0.181009	23.2069	0.218891	0.0101139	0.404473	39.0177		0.00705882	0.0192769	0.0477163	0.454803	2.81905	22.055	1.45202e+28	5.44992e+38	1.40451e+46
1	0.0100226	0.144012	17.6159	0.178411	0.0101139	0.375016	31.8415
2	0.0100226	0.125552	12.1413	0.154423	0.0101139	0.356257	27.0457
3	0.0100226	0.104817	7.64452	0.125937	0.0101139	0.352274	26.5513
4	0.0100226	0.0861427	4.54095	0.0914543	0.0101139	0.438868	28.7605
5	0.0100226	0.0625485	0.687181	0.0344828	0.010864	0.523448	40.3716
6	0.0100226	0.0603565	0.629236	0.0284858	0.010864	0.594432	39.5701
7	0.0100226	0.0567897	0.491373	0.0194903	0.0109978	0.609447	42.9555
8	0.010115	0.0557846	0.47409	0.0149925	0.0107923	0.567288	43.9448
9	0.0100226	0.0556921	0.47409	0.0164918	0.0107923	0.62764	42.9555
10	0.0100226	0.0540835	0.483835	0.0149925	0.0108305	0.664508	42.9555
11	0.0100226	0.0536536	0.465174	0.011994	0.0116192	0.696708	47.5101
12	0.0101757	0.0526494	0.465174	0.0089955	0.0107923	0.702129	44.8018
13	0.0100226	0.0508998	0.409921	0.005997	0.0107923	0.715541	47.5101
14	0.0100226	0.0498419	0.402519	0.0029985	0.0116192	0.768703	49.7791
15	0.0100312	0.0505156	0.409921	0.00149925	0.0114322	0.723573	49.7791
16	0.0101186	0.0513957	0.409921	0.00449775	0.0112289	0.742813	49.7791
17	0.0100192	0.0516862	0.423844	0.00749625	0.0114322	0.745048	49.7791
18	0.0100192	0.0515449	0.427417	0.0089955	0.0102145	0.810998	47.5101
19	0.0100192	0.0508149	0.432121	0.00749625	0.015768	0.853097	69.7939
20	0.0100226	0.0517526	0.427417	0.00449775	0.0160698	0.799778	72.0145
21	0.0100226	0.0525932	0.437	0.0104948	0.0160698	0.793549	72.0145
22	0.0100226	0.0513759	0.444482	0.0104948	0.0170348	0.785993	84.2604
23	0.0102328	0.052708	0.469495	0.011994	0.0145133	0.764024	72.2336
24	0.0101186	0.052813	0.469495	0.0149925	0.0142706	0.765004	72.2336
25	0.0102544	0.0522324	0.469495	0.0149925	0.0142706	0.726479	72.2336
26	0.0100226	0.0512774	0.444482	0.0149925	0.0101899	0.690893	50.4811
27	0.0100226	0.0512511	0.437	0.011994	0.0101899	0.689353	50.865
28	0.0101186	0.05255	0.468707	0.011994	0.0101059	0.654603	50.865
29	0.0101186	0.0532834	0.468707	0.0104948	0.0101059	0.602601	50.3041
30	0.0100226	0.0533235	0.468707	0.011994	0.0101516	0.55654	50.4503
31	0.0100226	0.05529	0.565137	0.017991	0.0101059	0.531906	50.0222
32	0.0100226	0.0551954	0.524875	0.0134933	0.0101059	0.495295	48.0015
33	0.0100226	0.0554547	0.53255	0.0149925	0.0101059	0.472342	48.7072
34	0.010004	0.0543672	0.524875	0.0149925	0.0101059	0.465855	48.0015
35	0.010004	0.0550998	0.568326	0.0149925	0.0101059	0.463955	44.1284
36	0.010004	0.0543198	0.53255	0.0134933	0.0101059	0.459203	45.959
37	0.010004	0.0552717	0.502942	0.0134933	0.0100016	0.467259	47.4232
38	0.010004	0.0564749	0.524875	0.0149925	0.0100016	0.470998	47.4232
39	0.010004	0.0576861	0.524875	0.0149925	0.0101059	0.47047	47.4232
40	0.010004	0.0582113	0.517136	0.0134933	0.0101516	0.491314	48.0015
41	0.010004	0.0602361	0.568326	0.0149925	0.0101516	0.480758	48.0015
42	0.010004	0.0610634	0.53255	0.0134933	0.0100016	0.481375	45.1574
43	0.010004	0.0622582	0.582384	0.0164918	0.0101516	0.494639	48.0015
44	0.010004	0.0624455	0.574426	0.0149925	0.0100016	0.530047	49.546
45	0.0100226	0.0634936	0.53255	0.0149925	0.0100016	0.572975	50.463
46	0.0100226	0.0647954	0.55432	0.0149925	0.0100016	0.59319	50.463
47	0.0100226	0.0650501	0.55432	0.0164918	0.0100016	0.611197	50.463
48	0.0100226	0.0654273	0.53255	0.0134933	0.0100886	0.64088	56.1021
49	0.0100226	0.0647539	0.540744	0.0134933	0.010177	0.647466	57.2141
50	0.0100672	0.0678994	0.608712	0.0209895	0.0126037	0.73607	72.2336
51	0.0101186	0.0700785	0.621814	0.023988	0.0126037	0.761637	74.4546
52	0.0101186	0.0698371	0.647603	0.0254873	0.0129113	0.793805	77.0279
53	0.0102012	0.0708593	0.685318	0.0254873	0.0126037	0.786755	74.4546
54	0.0102012	0.0740337	0.685318	0.0254873	0.0136943	0.811356	80.0913
55	0.0101186	0.0780486	0.74276	0.029985	0.0157676	0.900066	93.1736
56	0.0101186	0.0796022	0.74276	0.029985	0.0134276	0.924548	76.7215
57	0.0101186	0.0830282	0.74276	0.029985	0.0136943	1.01507	79.0358
58	0.0101186	0.0859548	0.733434	0.0314843	0.0136943	1.06355	78.0262
59	0.0101186	0.0943919	0.840102	0.041979	0.0136943	1.15001	78.0262
60	0.0101137	0.103612	1.06614	0.0509745	0.0136943	1.2453	78.0262
61	0.0101137	0.112641	1.13432	0.0554723	0.0168346	1.19815	93.9533
62	0.0102328	0.126712	1.3566	0.077961	0.0157676	1.2018	90.6102
63	0.0107522	0.146995	1.66557	0.0974513	0.0157676	1.22793	96.6234
64	0.0115039	0.174919	2.52	0.124438	0.0161593	1.29096	90.6102
65	0.0107522	0.145381	1.65776	0.0944528	0.0161593	1.22382	89.6658
66	0.0105771	0.128859	1.55887	0.077961	0.0180007	1.16969	96.6234
67	0.0101032	0.118688	1.32143	0.0689655	0.0142076	1.06787	81.1489
68	0.0101032	0.109073	0.997283	0.0494753	0.0198148	1.04485	96.6234
69	0.0102328	0.103771	0.917972	0.041979	0.0192103	1.02945	96.6234
70	0.0105771	0.101926	0.917972	0.0404798	0.0198148	1.05191	96.6234
71	0.0101032	0.0997918	0.825682	0.035982	0.0202897	1.03785	96.6234
72	0.0100643	0.0964076	0.79496	0.0344828	0.0205024	1.0984	96.6234
73	0.0100643	0.095073	0.825682	0.035982	0.0198151	1.09092	96.6234
74	0.0107522	0.0941111	0.917972	0.0389805	0.0202897	1.06836	96.6234
75	0.0100643	0.0936195	0.765559	0.035982	0.0205024	1.08945	96.6234
76	0.0100235	0.0916278	0.765559	0.035982	0.0202897	1.03683	96.6234
77	0.0107522	0.0929498	0.907127	0.0389805	0.0198148	1.03266	96.6234
78	0.0100235	0.0913491	0.825682	0.0389805	0.0198148	1.04738	96.6234
79	0.0107522	0.0917841	0.907127	0.0404798	0.0198148	1.11335	96.6234
80	0.0105771	0.0914975	0.926774	0.0434783	0.0192103	1.05308	96.6234
81	0.0101032	0.0919367	0.907127	0.0434783	0.0189388	1.05302	96.6234
82	0.0100235	0.0952119	1.0322	0.0509745
