		omega		Posterior		rho				Synonymous theta			kappa			phi	
Site	Lower	Point	Higher	prob of +ve	Lower	Point	Higher		Lower	Point	Higher	Lower	Point	Higher	Lower	Point	Higher
	95% HPD	estimate	95% HPD	selection	95% HPD	estimate	95% HPD		95% HPD	estimate	95% HPD	95% HPD	estimate	95% HPD	95% HPD	estimate	95% HPD
0	0.0215819	0.266845	6.54859	0.184408	0.0194071	1.1968	96.3463		0.0141496	0.0229265	0.0381569	3.07422	10.7144	53.5928	0.0327374	1.82045	80.6229
1	0.0216021	0.270194	4.84585	0.181409	0.0191069	1.13273	96.3463
2	0.0237587	0.282959	4.84585	0.190405	0.0167461	0.959057	87.9655
3	0.0248196	0.287765	4.84585	0.187406	0.0191069	0.913038	96.3463
4	0.0229648	0.342366	7.57066	0.223388	0.0164155	0.870049	72.0333
5	0.0175573	0.248801	4.84585	0.157421	0.0164155	0.869038	64.4
6	0.0102305	0.180439	1.57515	0.104948	0.0165634	0.858715	58.8819
7	0.010195	0.15787	1.50384	0.0929535	0.0167461	0.868498	58.8819
8	0.010195	0.138908	1.4271	0.0734633	0.011713	0.814137	37.3561
9	0.010195	0.125669	1.15234	0.0584708	0.0140957	0.814967	42.9838
10	0.010195	0.118022	1.02546	0.0509745	0.011713	0.856367	36.906
11	0.010195	0.110381	0.979579	0.0494753	0.0113823	0.84679	37.3561
12	0.010195	0.101979	0.821675	0.041979	0.011713	0.800456	37.3561
13	0.010195	0.0966934	0.821675	0.0374813	0.0113823	0.775001	37.3561
14	0.0101016	0.0941582	0.821675	0.0404798	0.0113277	0.735309	34.8537
15	0.0101016	0.0928638	0.837657	0.0434783	0.0193274	0.792227	58.625
16	0.010195	0.0959204	0.984605	0.0464768	0.011016	0.839456	37.3561
17	0.0101016	0.084441	0.724449	0.0314843	0.0117395	0.8057	34.7094
18	0.0101016	0.0779668	0.645558	0.023988	0.0103896	0.792791	34.0605
19	0.0101016	0.0745902	0.61598	0.017991	0.0103896	0.805992	36.3951
20	0.0101016	0.077665	0.645558	0.0209895	0.0193274	0.836239	63.0231
21	0.0101016	0.0713403	0.595272	0.0149925	0.0165715	0.813467	51.9541
22	0.0101016	0.0725316	0.595272	0.0164918	0.0165715	0.85147	53.8547
23	0.0101016	0.0717711	0.587895	0.017991	0.0185988	0.84788	60.0961
24	0.0101016	0.0717456	0.595272	0.0194903	0.0185988	0.774104	54.1743
25	0.0101016	0.0704346	0.595272	0.0209895	0.0185988	0.713857	51.9541
26	0.0101016	0.0689457	0.573675	0.0224888	0.0190228	0.613335	54.1743
27	0.0101016	0.0680396	0.605263	0.023988	0.0104912	0.616927	31.6722
28	0.010195	0.0676803	0.59589	0.0224888	0.0109908	0.57094	34.7094
29	0.0101225	0.067063	0.587895	0.0224888	0.0109908	0.513934	29.0263
30	0.0101225	0.0640476	0.587895	0.0194903	0.0104712	0.360863	19.5021
31	0.0101225	0.0608525	0.485643	0.0134933	0.0104912	0.30708	17.711
32	0.0101225	0.0590943	0.452548	0.0104948	0.0104712	0.247628	13.7767
33	0.010195	0.0576872	0.443535	0.0089955	0.0104712	0.221928	15.082
34	0.010195	0.0562758	0.434525	0.00749625	0.0104712	0.187192	13.1511
35	0.010195	0.0559735	0.434525	0.0089955	0.0103213	0.177747	11.687
36	0.010195	0.0564347	0.411876	0.0089955	0.0103213	0.186314	28.5213
37	0.010195	0.0563864	0.434525	0.011994	0.0103213	0.182095	31.6716
38	0.010195	0.0546833	0.392808	0.0089955	0.0103213	0.175504	31.6722
39	0.010195	0.0540225	0.392808	0.0104948	0.0103213	0.172435	31.6722
40	0.010195	0.0531579	0.392808	0.0104948	0.0103213	0.168496	31.6722
41	0.010195	0.0513588	0.342112	0.0089955	0.0103213	0.165426	31.6722
42	0.010195	0.049332	0.329418	0.0089955	0.0103213	0.161972	31.6716
43	0.010195	0.050073	0.344075	0.0104948	0.0103213	0.161205	31.6716
44	0.010195	0.0493867	0.336508	0.0089955	0.0102454	0.163981	31.6722
45	0.010195	0.0496187	0.363281	0.011994	0.0102454	0.161046	33.4968
46	0.010195	0.049536	0.363281	0.0134933	0.0103213	0.149882	31.6722
47	0.010195	0.0479643	0.329418	0.0134933	0.0103213	0.146248	31.6722
48	0.010195	0.0466418	0.31844	0.011994	0.0102454	0.138301	14.1358
49	0.010195	0.0477717	0.342112	0.0149925	0.0102454	0.135977	14.1358
50	0.0101785	0.0475661	0.342112	0.0164918	0.0102454	0.135823	14.1358
51	0.0101785	0.0481691	0.392808	0.0209895	0.0102454	0.135363	20.9056
52	0.0101785	0.0480163	0.392808	0.0224888	0.0102454	0.139753	28.2232
53	0.0101785	0.0480142	0.325098	0.0209895	0.0102402	0.147203	28.2232
54	0.0101785	0.0472596	0.316594	0.0194903	0.0102402	0.147834	25.4578
55	0.0101785	0.0459576	0.29322	0.0164918	0.0100054	0.151671	25.4578
56	0.0102359	0.043001	0.261575	0.00449775	0.0100054	0.153123	25.4578
57	0.0101785	0.0428404	0.252876	0.00149925	0.0100054	0.136656	21.1869
58	0.0100988	0.0427795	0.252876	0.0029985	0.0100054	0.128014	19.4654
59	0.0100988	0.0422602	0.237077	0.005997	0.0100054	0.123006	17.7986
60	0.0100033	0.0420606	0.237077	0.005997	0.0100054	0.126205	16.4405
61	0.0100033	0.0415874	0.230361	0.00449775	0.0100054	0.126333	16.4405
62	0.0100988	0.0411651	0.230361	0.00449775	0.0100054	0.129657	16.4405
63	0.0100033	0.0412116	0.220117	0.0029985	0.0100054	0.120049	14.7764
64	0.0100988	0.0414783	0.229477	0.00449775	0.0100054	0.118265	24.8247
65	0.0100033	0.0418774	0.230361	0.0029985	0.0100054	0.135491	34.0748
66	0.0100033	0.0415583	0.230361	0.0029985	0.0100054	0.150592	37.0293
67	0.0100033	0.0414476	0.245698	0.00449775	0.0100054	0.160626	36.4364
68	0.0100033	0.0426035	0.261575	0.0089955	0.0100054	0.163269	37.0293
69	0.0100331	0.0412535	0.256199	0.00749625	0.0100054	0.17325	36.4364
70	0.0100033	0.0404059	0.252876	0.005997	0.0100054	0.174442	37.8316
71	0.0100033	0.0404095	0.245698	0.00449775	0.0100054	0.162858	37.8316
72	0.0100033	0.0398723	0.245698	0.005997	0.0100054	0.167734	39.0526
73	0.0100033	0.0402595	0.252876	0.0104948	0.0100054	0.168512	39.2284
74	0.0100033	0.0394366	0.224251	0.00449775	0.0100054	0.168204	38.3616
75	0.0100033	0.0390749	0.215936	0.0029985	0.0100054	0.171786	39.0526
76	0.0100033	0.0396095	0.237077	0.00449775	0.0100054	0.175511	39.0526
77	0.0100033	0.0394476	0.215936	0.0029985	0.0100054	0.186503	40.3507
78	0.0100033	0.0386203	0.198133	0.00149925	0.0100054	0.205386	45.0892
79	0.0100033	0.0387354	0.193206	0.00149925	0.0100054	0.21402	45.0892
80	0.0100033	0.0385512	0.19015	0.00149925	0.0100054	0.227203	47.3764
81	0.0100033	0.0389073	0.19015	0.00149925	0.0100054	0.244008	48.9286
82	0.0100033	0.039285	0.194981	0	0.0100054	0.248129	48.9286
83	0.010047	0.03941	0.193206	0	0.0100054	0.257321	54.1743
84	0.010047	0.0401617	0.200928	0	0.0100054	0.265404	53.1684
85	0.010047	0.040031	0.198133	0	0.0100054	0.28131	53.1684
86	0.010047	0.0399873	0.200928	0.00149925	0.0100054	0.289246	54.0254
87	0.010047	0.0411274	0.217918	0.0029985	0.0100054	0.295071	54.0254
88	0.0100988	0.0414302	0.230148	0.0029985	0.0100054	0.290492	52.0795
89	0.0100988	0.0420948	0.230148	0.0029985	0.0102321	0.30582	54.2802
90	0.010047	0.0414497	0.222366	0.00149925	0.0100054	0.299874	53.2726
91	0.010047	0.0425659	0.240656	0.00449775	0.0100054	0.273203	53.2726
92	0.010047	0.0438821	0.267271	0.00749625	0.0100054	0.253114	53.2726
93	0.010047	0.0438587	0.267271	0.00749625	0.0100054	0.236765	51.9541
94	0.010047	0.0432023	0.25569	0.00449775	0.010074	0.238727	52.0795
95	0.010047	0.0418439	0.242043	0.0029985	0.0102321	0.24365	47.8955
96	0.010047	0.0424601	0.242043	0.00449775	0.0102321	0.243207	47.8955
97	0.0102698	0.0430573	0.255973	0.005997	0.0115372	0.265718	51.3457
98	0.010047	0.0433534	0.25569	0.0089955	0.0106737	0.311544	51.3457
99	0.010047	0.0446039	0.270968	0.0089955	0.0102321	0.310731	47.923
100	0.010047	0.0452912	0.310754	0.005997	0.010074	0.331694	51.3457
101	0.010047	0.0456742	0.310754	0.0029985	0.010074	0.337422	51.3457
102	0.010047	0.0465283	0.310754	0.0029985	0.010074	0.360182	51.3457
103	0.0102359	0.0463254	0.311977	0.0029985	0.010074	0.454539	53.5146
104	0.010047	0.0464416	0.310754	0.005997	0.0121497	0.586639	68.3612
105	0.010047	0.0466629	0.310754	0.00749625	0.0120478	0.724298	68.3612
106	0.010047	0.0476594	0.323946	0.0089955	0.0183221	1.366	98.5709
107	0.0102359	0.0486664	0.35763	0.0134933	0.0218238	1.67411	98.5709
108	0.0102359	0.0490654	0.35763	0.0134933	0.0236433	2.0354	98.5709
109	0.0102698	0.048781	0.35763	0.0149925	0.0351764	2.64852	98.5709
110	0.0100254	0.0480982	0.345203	0.0149925	0.0755992	3.14952	98.5709
111	0.0100254	0.0478819	0.348094	0.0104948	0.0755992	3.26251	98.8067
112	0.0100254	0.0484221	0.348094	0.0104948	0.0736678	3.13336	98.8067
113	0.0100254	0.0476386	0.33197	0.0089955	0.0573504	3.04775	98.1964
114	0.0100254	0.0483075	0.33587	0.0104948	0.0550997	3.07386	98.1964
115	0.0100254	0.049256	0.348094	0.00749625	0.0451465	2.90893	98.1964
116	0.0100254	0.0490222	0.33587	0.00749625	0.0438164	2.93135	97.5711
117	0.0100254	0.049107	0.346818	0.0089955	0.0438164	2.96089	96.7016
118	0.0100254	0.0494509	0.323869	0.0089955	0.0451465	2.96817	97.5711
119	0.0100254	0.0505003	0.329821	0.00749625	0.0485198	2.98618	97.5711
120	0.0100254	0.0511083	0.329821	0.005997	0.0538672	3.02675	97.5711
121	0.0100254	0.051621	0.33197	0.005997	0.0538672	3.00677	97.5711
122	0.0100254	0.0523673	0.356679	0.0089955	0.0422536	3.063	96.7016
123	0.0100254	0.0537386	0.375615	0.0149925	0.0410211	3.06517	97.5711
124	0.0100254	0.0538471	0.362875	0.0149925	0.0383121	2.78863	97.5711
125	0.0100254	0.0539419	0.33197	0.0104948	0.0355641	2.41272	97.5711
126	0.0100254	0.0532564	0.322174	0.00749625	0.0301222	2.14702	96.2436
127	0.0100254	0.0548458	0.33197	0.0104948	0.0259429	1.77264	96.2436
128	0.0100254	0.0555863	0.356679	0.0089955	0.0252725	1.59569	96.2436
129	0.0100254	0.0573304	0.385671	0.0104948	0.0232047	1.49387	96.7016
130	0.0100254	0.055971	0.38977	0.0104948	0.0245785	1.36407	96.7016
131	0.0100254	0.0575087	0.38977	0.0104948	0.0232047	1.28142	96.7016
132	0.0100254	0.058258	0.417736	0.011994	0.0232047	1.28275	96.7016
133	0.0100254	0.0569909	0.395347	0.0089955	0.0222183	1.2077	96.7016
134	0.0100254	0.0581362	0.417736	0.0104948	0.0124048	1.0967	49.7557
135	0.0100254	0.0586438	0.417736	0.0104948	0.0124048	0.881549	45.8109
136	0.0100254	0.0605579	0.44659	0.0134933	0.0112172	0.70097	45.8109
137	0.0100254	0.0606753	0.436836	0.0104948	0.0101967	0.490104	22.9199
138	0.0100254	0.0632006	0.436836	0.011994	0.0101967	0.444336	21.6328
139	0.0107313	0.0658953	0.483625	0.0134933	0.0101967	0.435242	23.9785
140	0.0107313	0.0679512	0.469988	0.011994	0.0101967	0.438475	25.2125
141	0.0107313	0.06713	0.436836	0.0104948	0.0101967	0.467684	34.6869
142	0.0107313	0.0683024	0.436836	0.00749625	0.0101967	0.441247	36.9929
143	0.0107313	0.0684984	0.436836	0.0089955	0.0100355	0.371827	36.9929
144	0.0107721	0.0682164	0.447538	0.011994	0.0100355	0.354425	34.4283
145	0.0107721	0.0680887	0.447538	0.011994	0.0100063	0.348051	34.4283
146	0.0107721	0.0698284	0.483625	0.0134933	0.0100355	0.333932	36.524
147	0.0100254	0.0706478	0.483625	0.017991	0.0101349	0.352426	36.9929
148	0.0100254	0.0693294	0.483625	0.0149925	0.0100617	0.365908	36.9929
149	0.0107721	0.0708648	0.50286	0.0134933	0.0100617	0.371784	36.9929
150	0.0104885	0.0737099	0.552944	0.0164918	0.0101349	0.371948	36.524
151	0.0100254	0.0777349	0.552944	0.0149925	0.0101349	0.392214	36.524
152	0.0100254	0.0785158	0.552944	0.0134933	0.0100063	0.438055	39.0167
153	0.0107469	0.0815999	0.610339	0.0149925	0.0101349	0.459011	36.9929
154	0.0107469	0.0883421	0.611194	0.017991	0.0101002	0.458467	39.0167
155	0.0107469	0.0890737	0.667981	0.0224888	0.0106045	0.441862	44.9768
156	0.0108019	0.0934917	0.678942	0.023988	0.0101002	0.433436	40.0906
157	0.0108019	0.0949268	0.678942	0.023988	0.0101349	0.421714	37.0984
158	0.0107469	0.10021	0.698098	0.0284858	0.0101002	0.38372	34.4283
159	0.0107469	0.102041	0.686281	0.023988	0.010378	0.438437	37.0984
160	0.0107469	0.105368	0.716862	0.0269865	0.0103242	0.443524	36.524
161	0.0107469	0.108498	0.686281	0.0254873	0.0101349	0.434702	37.0984
162	0.0106798	0.112975	0.781402	0.029985	0.0101349	0.472432	38.0993
163	0.0106798	0.122232	0.841608	0.0314843	0.0101349	0.492248	38.0993
164	0.012877	0.130032	1.05327	0.0404798	0.010402	0.534191	37.0984
165	0.012877	0.133375	1.04875	0.0404798	0.0103242	0.518233	34.4283
166	0.0123844	0.14728	1.14344	0.0584708	0.0101349	0.564006	34.4283
167	0.0110276	0.16542	1.2767	0.077961	0.010402	0.652959	34.4283
168	0.0131227	0.200868	1.92851	0.104948	0.010402	0.767585	36.9514
169	0.016389	0.265356	4.32883	0.148426	0.0106045	1.12134	48.6612
170	0.010897	0.235465	2.1111	0.124438	0.0106045	1.09048	47.5633
171	0.0147585	0.215664	2.22945	0.103448	0.0106045	1.14095	48.6612
172	0.0147585	0.197978	1.83531	0.0809595	0.0101349	1.23765	52.4204
173	0.0125103	0.181193	1.1778	0.0629685	0.0192798	1.3971	99.7944
174	0.0169034	0.171587	1.1778	0.0464768	0.0204393	1.5223	99.7944
175	0.0169034	0.162331	1.20075	0.0434783	0.025798	1.87463	98.8378
176	0.0167264	0.158044	1.20075	0.0404798	0.0290571	2.13432	98.8378
177	0.0167264	0.154227	1.1778	0.0314843	0.0331853	2.61336	99.7944
178	0.017809	0.152683	1.20075	0.029985	0.039148	3.34225	99.7944
179	0.017029	0.150554	1.04773	0.0224888	0.0398022	2.97997	99.7944
180	0.0173228	0.150925	1.1778	0.0254873	0.0398022	3.0521	99.7944
181	0.0149645	0.148079	1.05327	0.0269865	0.0331853	2.98	99.7944
182	0.0111348	0.145069	0.833674	0.0284858	0.0290424	2.90615	99.7944
183	0.0111348	0.145785	0.833674	0.0269865	0.0221395	2.45836	98.8378
184	0.0111348	0.144451	0.833674	0.0269865	0.0201321	2.27715	88.1177
185	0.0125103	0.147424	0.954389	0.0284858	0.0185318	2.19614	81.8713
186	0.0125103	0.147261	0.946917	0.0284858	0.0201321	2.16415	86.3185
187	0.0125222	0.146751	0.973152	0.029985	0.0185318	2.14792	74.7108
188	0.0125222	0.156782	1.01483	0.041979	0.0187449	2.24826	74.7108
189	0.0125222	0.162189	1.03383	0.0464768	0.0187449	2.4956	74.7108
190	0.0125222	0.159657	1.0515	0.0494753	0.0185318	2.72414	74.899
191	0.0125222	0.16432	1.28128	0.05997	0.0310227	3.15342	99.7944
192	0.0125222	0.171927	1.34817	0.0734633	0.0353087	3.48229	99.7944
193	0.0110674	0.178964	1.38419	0.083958	0.0226791	3.34849	99.9641
194	0.0125254	0.196119	2.02512	0.0974513	0.0353087	3.25363	99.9641
195	0.012596	0.247047	3.02376	0.13943	0.0241578	3.16282	99.7944
196	0.0216261	0.39901	18.6672	0.242879	0.0238781	2.76724	99.9641
197	0.0171211	0.244916	4.36012	0.157421	0.0222004	2.50579	99.9641
198	0.0135393	0.189195	3.29973	0.124438	0.0225931	2.52322	97.2101
199	0.0107612	0.150064	1.7469	0.0869565	0.0241578	2.50526	97.2101
200	0.0107612	0.123751	1.1778	0.05997	0.0238781	2.16754	99.9641
201	0.0100851	0.113903	0.977488	0.0494753	0.0167786	1.76048	99.9641
202	0.0100851	0.104855	0.910681	0.047976	0.0162308	1.51602	99.9641
203	0.01022	0.0911733	0.641158	0.0254873	0.0128341	1.41234	84.2489
204	0.0102437	0.0836437	0.583778	0.017991	0.0130647	1.36364	87.5326
205	0.01022	0.0797777	0.56497	0.0149925	0.0124026	1.39577	84.198
206	0.0100851	0.0756676	0.522467	0.0149925	0.0129541	1.21127	87.5326
207	0.0100851	0.073299	0.476718	0.011994	0.0129541	1.05852	87.5326
208	0.0100851	0.0698888	0.447538	0.0104948	0.0129541	0.991879	84.198
209	0.01022	0.0688926	0.438302	0.011994	0.0100237	0.465603	60.4852
210	0.0100851	0.0673158	0.438302	0.0104948	0.0100237	0.25708	55.0615
211	0.01022	0.0667175	0.438302	0.0089955	0.0100233	0.128571	30.8185
212	0.0100077	0.0641501	0.404185	0.005997	0.0100233	0.0781045	6.13637
213	0.0100077	0.0637291	0.404185	0.00749625	0.0100233	0.0678854	3.08157
214	0.0100077	0.0640732	0.407515	0.00749625	0.0100233	0.0610673	1.2122
215	0.0100077	0.0616671	0.407515	0.0089955	0.0100233	0.0505777	0.714326
216	0.0100077	0.0600131	0.395347	0.0089955	0.0100233	0.0388959	0.450185
217	0.0100077	0.059888	0.395347	0.0089955	0.0100233	0.0347832	0.329994
218	0.0100851	0.0583885	0.378949	0.0089955	0.0100233	0.034003	0.281349
219	0.0100851	0.0583218	0.378949	0.0104948	0.0100233	0.0324966	0.248452
220	0.01022	0.0579891	0.386443	0.0104948	0.0100233	0.0320661	0.209617
221	0.0100851	0.0573585	0.378949	0.011994	0.0100233	0.0309823	0.172157
222	0.0100851	0.0565852	0.378949	0.011994	0.0100233	0.0307931	0.163332
223	0.0100077	0.0566699	0.371276	0.0089955	0.0100233	0.0292137	0.124153
224	0.0100077	0.0567749	0.378949	0.0089955	0.0100233	0.0288699	0.121853
225	0.0100851	0.0563887	0.378949	0.0104948	0.0100233	0.0286498	0.117269
226	0.0100077	0.0559494	0.386388	0.0104948	0.0100233	0.0284998	0.114659
227	0.0100077	0.0563401	0.407515	0.0134933	0.0100233	0.0282035	0.113805
228	0.0100077	0.0575074	0.428853	0.011994	0.0100233	0.0284573	0.121853
229	0.0100077	0.0574125	0.428853	0.011994	0.0100233	0.0283846	0.120973
230	0.01022	0.0568457	0.428853	0.011994	0.0100233	0.0282856	0.120195
231	0.01022	0.0568322	0.428853	0.0104948	0.0100233	0.0284532	0.123857
232	0.0100851	0.0562579	0.427064	0.0089955	0.0100233	0.0299928	0.147956
233	0.0100077	0.0556295	0.41666	0.0104948	0.0100237	0.0308507	0.160643
234	0.0100077	0.0550733	0.391013	0.0104948	0.0100233	0.0307133	0.16184
235	0.0100077	0.0554327	0.41666	0.011994	0.0100233	0.0305428	0.163332
236	0.01022	0.0551232	0.395347	0.0089955	0.0100237	0.0309964	0.168801
237	0.01022	0.0556936	0.395347	0.0104948	0.0100237	0.0312792	0.168801
238	0.0100851	0.0544076	0.36888	0.00449775	0.0100233	0.0318646	0.168801
239	0.0100851	0.0536843	0.36888	0.005997	0.0100233	0.0335077	0.215355
240	0.01022	0.0533762	0.36888	0.00449775	0.0100237	0.0355828	0.265264
241	0.01022	0.0543033	0.391013	0.00749625	0.0100233	0.039441	0.355903
242	0.0100074	0.0542242	0.389185	0.00749625	0.0100237	0.0404019	0.390227
243	0.0100074	0.053784	0.4264	0.00749625	0.0100233	0.0428491	0.527959
244	0.0100074	0.054864	0.440906	0.0104948	0.0100233	0.0427376	0.801436
245	0.0100077	0.0557161	0.448158	0.011994	0.0100233	0.0439891	0.623447
246	0.0101183	0.0547418	0.448158	0.0104948	0.0100233	0.0477528	0.905563
247	0.0100077	0.0552445	0.478141	0.0089955	0.0100233	0.0483503	0.92905
248	0.0100077	0.0556082	0.478141	0.0104948	0.0100233	0.0554786	1.18736
249	0.0100077	0.0558915	0.465676	0.0089955	0.0100609	0.0639689	2.86413
250	0.0100077	0.0558514	0.453568	0.005997	0.0101752	0.0717709	10.4738
251	0.0101898	0.0562337	0.485798	0.00749625	0.0101752	0.078092	18.1085
252	0.0100077	0.0568609	0.496663	0.00749625	0.0101752	0.0857005	18.6184
253	0.0100077	0.0571638	0.513569	0.0089955	0.0102142	0.104251	29.2957
254	0.01022	0.0559206	0.513569	0.0089955	0.0103452	0.134781	50.3476
255	0.0101898	0.0572168	0.534147	0.011994	0.0103452	0.163438	62.4062
256	0.0100077	0.0587228	0.534147	0.0134933	0.0101752	0.191246	62.4062
257	0.0101898	0.0591776	0.548902	0.0134933	0.0101752	0.201943	60.7374
258	0.0100077	0.0597456	0.548902	0.0149925	0.0101752	0.245053	58.9026
259	0.0100077	0.0601725	0.623161	0.0194903	0.0101752	0.256215	59.8557
260	0.0100077	0.0589387	0.575044	0.0164918	0.0103992	0.27463	62.4062
261	0.01022	0.0576391	0.567383	0.0149925	0.0103452	0.290249	59.8557
262	0.0100077	0.0593242	0.594255	0.0149925	0.0103452	0.311969	59.8557
263	0.01022	0.0597098	0.575044	0.0149925	0.0101752	0.333943	59.8557
264	0.01022	0.0599286	0.575044	0.0134933	0.0101752	0.33974	59.8557
265	0.0100077	0.0627154	0.659264	0.0164918	0.0101752	0.362556	59.8557
266	0.01022	0.0631001	0.709824	0.017991	0.0103584	0.388715	62.4062
267	0.01022	0.0650327	0.709824	0.017991	0.0103782	0.420273	62.4062
268	0.0100077	0.0667374	0.709824	0.017991	0.0103782	0.426056	62.4062
269	0.01022	0.0673996	0.776668	0.0194903	0.0103782	0.443853	62.4062
270	0.0102348	0.0705716	0.804545	0.023988	0.0103782	0.439417	62.4062
271	0.01022	0.075472	0.916398	0.0374813	0.0108013	0.434735	64.8555
272	0.01022	0.0796634	0.985017	0.047976	0.0101752	0.454478	52.5987
273	0.010086	0.0848731	1.07763	0.05997	0.0103452	0.450252	52.5987
274	0.0102348	0.0927854	1.2696	0.0749625	0.0103452	0.384653	52.5987
275	0.0102348	0.10657	1.46184	0.095952	0.0101752	0.359344	47.4741
276	0.0102348	0.125109	1.78684	0.125937	0.0101752	0.35799	50.3476
277	0.0100687	0.179629	3.62453	0.202399	0.0109768	0.385809	64.8555
278	0.0110589	0.374065	7.86771	0.355322	0.0109768	0.415328	64.8555
279	0.119171	2.81366	58.1201	0.722639
