		omega		Posterior		rho				Synonymous theta			kappa			phi	
Site	Lower	Point	Higher	prob of +ve	Lower	Point	Higher		Lower	Point	Higher	Lower	Point	Higher	Lower	Point	Higher
	95% HPD	estimate	95% HPD	selection	95% HPD	estimate	95% HPD		95% HPD	estimate	95% HPD	95% HPD	estimate	95% HPD	95% HPD	estimate	95% HPD
0	0.0100266	0.0239903	0.100561	0	0.0100377	0.769985	64.3907		0.0789778	0.0931325	0.108709	3.52118	5.00339	7.19294	3.27233	24.148	123.14
1	0.0100266	0.0237265	0.0993593	0	0.0100377	0.763435	64.3907
2	0.0100266	0.0235324	0.0953095	0	0.0100377	0.793253	64.3907
3	0.0100266	0.0232941	0.090706	0	0.0100377	0.770526	64.3907
4	0.0100266	0.0225914	0.0791652	0	0.0100377	0.704771	64.3907
5	0.0100266	0.022339	0.078102	0	0.0104278	0.662972	65.991
6	0.0100266	0.0222249	0.078102	0	0.0104278	0.573476	61.3677
7	0.0100266	0.0225266	0.078102	0.00449775	0.0101651	0.512653	59.1328
8	0.0100266	0.0224591	0.0799279	0.00449775	0.0101651	0.535296	58.4905
9	0.0100266	0.0224474	0.0832087	0.00449775	0.0104278	0.502014	58.6962
10	0.0100266	0.0220142	0.078102	0.00149925	0.0101651	0.405196	40.9402
11	0.0100266	0.021775	0.0799279	0	0.0101651	0.47794	42.336
12	0.0100266	0.021545	0.078102	0	0.0105155	0.482012	55.7819
13	0.0100266	0.0212935	0.0764066	0	0.0106412	0.432791	57.5744
14	0.0100266	0.0213136	0.078102	0	0.0101651	0.445561	55.7819
15	0.0100266	0.0215491	0.0832116	0	0.0101651	0.432741	55.7819
16	0.0100091	0.021418	0.0783368	0	0.0101651	0.428577	55.7819
17	0.0100091	0.021406	0.0783368	0	0.0105629	0.388371	55.7819
18	0.0100266	0.0212706	0.0764066	0	0.0105629	0.357141	55.7819
19	0.0100091	0.0211209	0.0725201	0	0.0105629	0.346673	55.7819
20	0.0100091	0.0211656	0.0734646	0	0.0105629	0.344566	55.7819
21	0.0100091	0.0209793	0.0725201	0	0.0105629	0.325868	55.7819
22	0.0100091	0.0211799	0.0734646	0	0.0105629	0.323568	55.7819
23	0.0100091	0.0218648	0.078102	0	0.0105629	0.320549	55.7819
24	0.0100091	0.0215247	0.0676246	0	0.0105629	0.333764	55.7819
25	0.0100091	0.0209636	0.0638845	0	0.0101651	0.362433	55.7819
26	0.0100091	0.020691	0.0631688	0	0.0101651	0.363808	55.7819
27	0.0100266	0.0208256	0.0638845	0	0.0101651	0.380338	55.7819
28	0.0100266	0.020885	0.0638845	0	0.0105629	0.368047	55.7819
29	0.0100091	0.0206804	0.0631688	0	0.0101651	0.323782	53.4369
30	0.0100266	0.0204502	0.0629925	0	0.0101651	0.287256	53.4369
31	0.0100091	0.0203099	0.0608413	0	0.0101651	0.290478	42.8906
32	0.0100091	0.0203962	0.0589171	0	0.0101651	0.253173	26.5149
33	0.0100091	0.020678	0.0620278	0	0.0101651	0.240427	22.9662
34	0.0100091	0.0207132	0.0622074	0	0.0101651	0.215287	16.4418
35	0.0100091	0.0206105	0.0620278	0	0.0101651	0.20864	15.0408
36	0.0100266	0.0211491	0.0652221	0.0029985	0.0101651	0.192078	11.9235
37	0.0100091	0.0213516	0.0652221	0.0029985	0.0101651	0.150731	10.442
38	0.0100091	0.0214334	0.0671362	0	0.0102945	0.123378	7.58866
39	0.0100091	0.0214598	0.066273	0	0.0102945	0.12824	7.58866
40	0.0100091	0.0215588	0.0671362	0.00149925	0.0102945	0.127181	7.58866
41	0.0100091	0.0214033	0.066273	0	0.0102945	0.152401	9.14361
42	0.0100091	0.0213988	0.0652221	0	0.0102945	0.173048	10.7261
43	0.0100091	0.0216768	0.0690337	0	0.0102945	0.171942	12.0141
44	0.0100091	0.0213092	0.0676246	0	0.0102945	0.171813	12.0141
45	0.0100091	0.0212819	0.066273	0	0.0102945	0.181485	12.0141
46	0.0100091	0.021407	0.0635613	0	0.0102945	0.206639	12.0141
47	0.0100091	0.0214753	0.0635613	0.00149925	0.0103146	0.2284	12.9478
48	0.0100191	0.0215793	0.0676246	0.0029985	0.0103709	0.222786	12.0141
49	0.0100091	0.0214249	0.0725201	0	0.0103709	0.204028	11.8476
50	0.0100091	0.0214466	0.0676246	0	0.0103709	0.211339	11.8061
51	0.0100091	0.0215789	0.0676246	0	0.0103709	0.222208	11.8061
52	0.0100091	0.0217753	0.0676246	0.00149925	0.011093	0.244646	13.2987
53	0.0100091	0.0214837	0.0629925	0	0.011093	0.239349	13.2987
54	0.0100091	0.0214711	0.0629925	0	0.010594	0.21448	12.0141
55	0.0100091	0.0213421	0.0629925	0	0.011093	0.214239	13.2987
56	0.0100091	0.0214616	0.066273	0	0.0104312	0.211054	12.0141
57	0.0100091	0.0211104	0.0622074	0	0.010594	0.204113	12.0141
58	0.0100091	0.0212066	0.0622074	0	0.011093	0.206088	12.0141
59	0.0100091	0.0210685	0.0620783	0	0.011093	0.192399	12.0141
60	0.0100091	0.0210816	0.0618769	0	0.0104312	0.18605	10.7261
61	0.0100091	0.0210777	0.0607613	0	0.0104312	0.178518	10.7261
62	0.0100091	0.0211642	0.0618769	0	0.0109503	0.165007	12.0141
63	0.0100091	0.0213368	0.066273	0	0.0106788	0.150192	9.73601
64	0.0100091	0.0216315	0.0739049	0	0.0106788	0.122575	9.73601
65	0.0100091	0.0218035	0.075648	0	0.0101963	0.107208	7.98977
66	0.0100091	0.0215613	0.0739049	0	0.0102329	0.0718881	1.08158
67	0.0100091	0.0215213	0.0696848	0	0.0101844	0.061861	0.602886
68	0.0100091	0.0215694	0.0672007	0	0.0101844	0.0556933	0.511058
69	0.0100091	0.0216006	0.0744737	0	0.0101844	0.0512347	0.313084
70	0.0100091	0.0217138	0.0750328	0	0.0101844	0.0484066	0.296901
71	0.0100091	0.0218709	0.0750328	0	0.0101844	0.045518	0.281106
72	0.0100091	0.0218052	0.075648	0	0.0101844	0.0433648	0.200923
73	0.0100091	0.0227836	0.0951248	0	0.0101844	0.042333	0.176038
74	0.0100191	0.0219086	0.077131	0	0.0101844	0.041534	0.160471
75	0.0100191	0.0214912	0.0750328	0	0.0101844	0.0417499	0.160471
76	0.0100191	0.0213832	0.0697874	0	0.0101844	0.0417481	0.158767
77	0.0100191	0.0208167	0.0602839	0	0.0101844	0.0414415	0.148841
78	0.0100191	0.0209852	0.0624973	0	0.0101844	0.0409688	0.143768
79	0.0100191	0.0210997	0.0635613	0	0.0101844	0.0415089	0.153839
80	0.0100191	0.021205	0.0635613	0	0.0101844	0.0414098	0.153839
81	0.0100191	0.0211427	0.0620783	0	0.0101844	0.0409688	0.146547
82	0.0100191	0.0211199	0.0624973	0	0.0101844	0.0406598	0.146547
83	0.0100191	0.0211277	0.0624973	0	0.0101844	0.0406325	0.153839
84	0.0100191	0.0211618	0.0624973	0	0.0101844	0.0406923	0.158521
85	0.0100191	0.021337	0.066273	0	0.0101844	0.0416017	0.176797
86	0.0100266	0.0214413	0.066273	0	0.0101844	0.0414659	0.176797
87	0.0100266	0.0212257	0.0630457	0	0.0101844	0.0409863	0.176797
88	0.0100266	0.0212381	0.066273	0	0.0101844	0.0400751	0.158767
89	0.0100266	0.0211061	0.0602839	0	0.0101844	0.0404572	0.158521
90	0.0100266	0.0214452	0.066273	0	0.0101844	0.039828	0.153839
91	0.0100266	0.0219745	0.0678245	0	0.0101844	0.0406759	0.162454
92	0.0100266	0.0221842	0.0678245	0	0.0101844	0.040624	0.17164
93	0.0100266	0.0223575	0.0665593	0.00449775	0.0101844	0.0422254	0.183292
94	0.0100266	0.0218663	0.059582	0	0.0101844	0.0450044	0.261638
95	0.010063	0.0216635	0.0583222	0	0.0100599	0.0451486	0.258268
96	0.010063	0.0210336	0.0563526	0	0.0101844	0.0486351	0.284708
97	0.010063	0.0208594	0.0546685	0	0.0100599	0.052391	0.284708
98	0.010063	0.0209348	0.0563526	0	0.0100599	0.0548466	0.32846
99	0.010063	0.020877	0.0546685	0	0.0100599	0.0581037	0.335283
100	0.010081	0.0208467	0.053556	0	0.0100599	0.0623923	0.359077
101	0.010063	0.0212595	0.0576317	0	0.0100599	0.0693576	0.359077
102	0.010063	0.0211587	0.0553243	0	0.0100599	0.0747999	0.494476
103	0.010063	0.0211979	0.053556	0	0.0105071	0.083778	0.598661
104	0.010063	0.0212909	0.0563526	0	0.0105071	0.0903541	0.513232
105	0.0100096	0.0216658	0.0602839	0	0.0115071	0.0952853	0.598661
106	0.0100096	0.0219597	0.0647579	0	0.0105071	0.112506	0.656644
107	0.0100308	0.0220356	0.0672007	0	0.0133653	0.118629	0.652453
108	0.0100096	0.0222765	0.0742881	0	0.0133653	0.120661	0.652453
109	0.0100096	0.0226508	0.0767948	0	0.0133653	0.121834	0.682966
110	0.0100096	0.0222445	0.0757306	0	0.0122229	0.124121	0.656644
111	0.0100096	0.0229477	0.0869479	0	0.0133653	0.121947	0.652453
112	0.0100308	0.0237134	0.0928279	0	0.0133653	0.117493	0.652453
113	0.0100899	0.0238018	0.0928279	0	0.0133653	0.11356	0.621836
114	0.0100308	0.0241382	0.0928279	0	0.0133653	0.114338	0.650694
115	0.0100096	0.0247892	0.0975913	0	0.0122389	0.114941	0.566047
116	0.0100096	0.0258434	0.10864	0	0.0122229	0.1144	0.566047
117	0.0100096	0.026219	0.122713	0	0.0133653	0.109764	0.566047
118	0.0100096	0.0268329	0.129356	0	0.0146228	0.107136	0.566047
119	0.010063	0.0269731	0.135455	0	0.0121367	0.102128	0.566047
120	0.0100096	0.0276756	0.151186	0	0.0106451	0.0998532	0.428069
121	0.0100308	0.0280305	0.155959	0	0.0106451	0.103279	0.428069
122	0.0101632	0.0282775	0.160018	0	0.0121367	0.108193	0.443383
123	0.010063	0.0291145	0.160018	0	0.0121367	0.110545	0.428069
124	0.010063	0.0312714	0.185081	0	0.0121367	0.106886	0.428069
125	0.0100308	0.0345709	0.2655	0.00749625	0.0100599	0.111966	0.438311
126	0.0100308	0.0318086	0.185081	0	0.0119966	0.118668	0.566047
127	0.010063	0.0309435	0.167038	0	0.0100599	0.128369	0.695478
128	0.0100789	0.0305917	0.177765	0	0.0100599	0.132159	0.723285
129	0.010063	0.0300203	0.167038	0	0.0103413	0.157439	2.09449
130	0.0100308	0.0287706	0.155959	0	0.0103413	0.214397	8.41547
131	0.0100308	0.0279202	0.135455	0	0.0103413	0.198111	5.54533
132	0.0100308	0.0271565	0.119805	0	0.0120776	0.179479	2.86107
133	0.010063	0.0267098	0.108952	0	0.0120776	0.167747	1.69828
134	0.0100308	0.0265989	0.110771	0	0.0120776	0.159584	0.989811
135	0.0100308	0.026248	0.110771	0	0.0120776	0.162267	1.00769
136	0.010063	0.0255708	0.0903605	0	0.0125073	0.16271	1.00769
137	0.0100308	0.0249537	0.0814666	0	0.017431	0.161307	1.18421
138	0.0100308	0.0248446	0.0814666	0	0.0119067	0.155939	0.695478
139	0.010063	0.0245004	0.0798948	0	0.0125073	0.156167	0.695478
140	0.0100308	0.0243403	0.0757986	0	0.0120776	0.154257	0.695478
141	0.0100308	0.0240406	0.0742881	0	0.0180081	0.165163	1.18421
142	0.0100308	0.0238582	0.0724618	0	0.0180081	0.150478	0.817697
143	0.0100308	0.0238976	0.0724618	0	0.0180088	0.147503	0.736815
144	0.010063	0.0237413	0.0721652	0	0.0180088	0.14674	0.695478
145	0.0100035	0.0236453	0.0721652	0	0.0244218	0.144447	0.695478
146	0.0100969	0.0233094	0.0721652	0	0.0244218	0.139986	0.827012
147	0.0101598	0.0231509	0.0724618	0	0.0180081	0.139807	0.606179
148	0.0100035	0.0230264	0.0678332	0	0.0180088	0.133531	0.606179
149	0.0100035	0.0234526	0.0701716	0.0029985	0.0143926	0.123509	0.537026
150	0.0100789	0.0231715	0.0701716	0	0.0143926	0.123091	0.537026
151	0.0100789	0.0230874	0.0701716	0	0.0180081	0.124072	0.672666
152	0.010063	0.022251	0.0637557	0	0.0180587	0.126374	0.695478
153	0.0100035	0.0224477	0.0647579	0	0.0180587	0.130466	0.695478
154	0.0100035	0.0228432	0.0701068	0	0.0116755	0.128769	0.499134
155	0.010063	0.0228641	0.0724618	0	0.0125073	0.125529	0.499134
156	0.0100035	0.0226003	0.0701068	0	0.0114655	0.123954	0.452869
157	0.0100035	0.0230365	0.0742881	0	0.0102775	0.131613	0.525226
158	0.0100035	0.0229729	0.0742881	0	0.0105263	0.128423	0.446318
159	0.0100035	0.0230185	0.0742881	0	0.0105263	0.130111	0.446318
160	0.0100035	0.0225505	0.0711969	0	0.0105263	0.130467	0.449518
161	0.0100035	0.022312	0.0701068	0	0.0105263	0.132388	0.449518
162	0.010063	0.0223888	0.0721287	0	0.0105263	0.139331	0.449518
163	0.010063	0.0222341	0.0721287	0	0.0105263	0.139722	0.446318
164	0.010063	0.0224328	0.0721287	0	0.0105263	0.138	0.449518
165	0.010063	0.0219638	0.0701068	0	0.0143926	0.141154	0.606179
166	0.010063	0.0214668	0.0672007	0	0.0151227	0.143234	0.549185
167	0.0100035	0.0211815	0.0656894	0	0.0151227	0.144831	0.549185
168	0.0100035	0.021098	0.0656894	0	0.02103	0.140354	0.584393
169	0.0100035	0.021025	0.0647579	0	0.02103	0.143231	0.606179
170	0.0100035	0.0210105	0.0656894	0	0.0151227	0.140516	0.497035
171	0.0100035	0.0206545	0.0637557	0	0.0143926	0.139725	0.502826
172	0.010063	0.0207984	0.0656894	0	0.0143926	0.138412	0.502826
173	0.010063	0.0207722	0.0646884	0	0.0146721	0.140622	0.548752
174	0.010063	0.0209494	0.0678332	0	0.0105263	0.147926	0.487293
175	0.010063	0.0211796	0.0697874	0	0.0105263	0.151398	0.487293
176	0.010063	0.0208675	0.0656894	0	0.0146721	0.159156	0.683424
177	0.0100805	0.020687	0.0644284	0	0.0146721	0.179848	0.683424
178	0.010063	0.0208273	0.0667358	0	0.0221997	0.188816	0.92246
179	0.010063	0.0209357	0.0678332	0	0.0232208	0.189469	0.92246
180	0.010063	0.0210334	0.0691326	0	0.0229067	0.191	0.92246
181	0.010063	0.0210787	0.0691326	0	0.0221997	0.214643	1.00858
182	0.0100969	0.0210055	0.0747391	0	0.0229067	0.201919	0.958977
183	0.010063	0.021092	0.0706226	0	0.0193543	0.202163	0.91649
184	0.010063	0.0212562	0.0742881	0	0.0229067	0.203436	0.91649
185	0.010063	0.0211112	0.0746624	0	0.0208104	0.204578	0.832809
186	0.010063	0.0210663	0.0746624	0	0.0221344	0.198145	0.958977
187	0.0100041	0.021279	0.0761068	0	0.02103	0.205462	0.958977
188	0.010063	0.0209952	0.0747391	0	0.032895	0.217917	1.45812
189	0.0100041	0.0207788	0.0706226	0	0.032895	0.23677	0.810106
190	0.010063	0.0208609	0.0746624	0	0.0358009	0.243667	0.730877
191	0.010063	0.0209203	0.0747391	0	0.0370213	0.252756	0.713873
192	0.010063	0.0209762	0.0746624	0	0.032895	0.259554	0.833778
193	0.010063	0.0211263	0.0746624	0	0.032895	0.285282	1.48912
194	0.010063	0.0214818	0.0747391	0	0.0370213	0.314678	2.58504
195	0.0100687	0.0216564	0.0769294	0	0.0331899	0.319988	2.58504
196	0.0100041	0.0215941	0.0761068	0	0.0331899	0.326773	2.58504
197	0.0100687	0.0216731	0.0769294	0	0.0273804	0.337909	2.58504
198	0.0100041	0.0216317	0.0761068	0	0.0273804	0.34762	2.58504
199	0.0100041	0.0216266	0.0761068	0	0.0216447	0.359932	2.47646
200	0.0100687	0.021568	0.0769294	0	0.0166574	0.383492	2.41416
201	0.0100041	0.0217813	0.0771088	0	0.0166574	0.404043	2.41416
202	0.010063	0.0220062	0.0801236	0	0.0166574	0.406185	2.47057
203	0.0100041	0.0221117	0.0859116	0	0.0137603	0.425217	3.37434
204	0.0100041	0.0218246	0.0769294	0	0.0527747	0.441902	10.8528
205	0.010063	0.0221323	0.0859116	0	0.0140608	0.320608	1.97615
206	0.010063	0.0220595	0.0859116	0	0.0186957	0.288874	1.82783
207	0.0100041	0.0221104	0.0859116	0	0.0186957	0.277854	1.87941
208	0.010063	0.0220962	0.0859116	0	0.0140608	0.267659	1.48912
209	0.010063	0.0222239	0.0867289	0	0.010891	0.260856	1.11519
210	0.0100041	0.0219495	0.0801236	0	0.010891	0.265923	1.11673
211	0.010063	0.02193	0.0801236	0	0.010891	0.266851	1.11673
212	0.010063	0.0218998	0.0801236	0.00149925	0.0132173	0.280869	1.48912
213	0.010063	0.0217537	0.0801236	0.00149925	0.010891	0.328545	1.48912
214	0.0100041	0.021475	0.0762868	0	0.010891	0.36277	2.49529
215	0.0100041	0.0213505	0.0762868	0	0.010891	0.398206	2.96977
216	0.0100041	0.0212698	0.0762868	0	0.0132154	0.346831	2.49738
217	0.0100041	0.0211523	0.078346	0	0.0132154	0.332373	2.49529
218	0.010063	0.0210983	0.0801236	0	0.0132154	0.336862	1.67166
219	0.010063	0.0210647	0.0801236	0	0.0472011	0.364637	2.49529
220	0.0100041	0.0210568	0.0801236	0	0.0851845	0.378535	2.51782
221	0.0100041	0.0209117	0.0762868	0	0.0704552	0.348726	1.75769
222	0.0100041	0.0209054	0.0762868	0	0.0746976	0.330716	1.75769
223	0.0100041	0.0210628	0.0801236	0	0.0453937	0.318205	1.38899
224	0.010063	0.0210369	0.0801236	0	0.0414792	0.315343	1.38899
225	0.010063	0.0208439	0.0777908	0	0.0414792	0.306075	1.50323
226	0.0100687	0.020602	0.0754543	0	0.0414792	0.307163	1.38899
227	0.0100041	0.0202864	0.0691326	0	0.0414792	0.288839	1.50323
228	0.0100041	0.0204137	0.0740051	0	0.040578	0.288466	1.19836
229	0.0100041	0.020304	0.0719629	0	0.040578	0.287753	1.12309
230	0.010063	0.0201867	0.0696825	0	0.032058	0.289348	1.50323
231	0.0100041	0.0201107	0.0696825	0	0.032058	0.265337	1.00091
232	0.0100352	0.0198752	0.0696825	0	0.0387088	0.26003	1.1629
233	0.0100041	0.0199012	0.0696825	0	0.0387088	0.254742	0.990734
234	0.0100041	0.0200909	0.0725588	0	0.0387088	0.25165	0.885408
235	0.0100041	0.0199442	0.0694237	0	0.0387088	0.24936	1.05357
236	0.0100352	0.0198318	0.0694237	0	0.0387088	0.242752	0.924914
237	0.0100352	0.019859	0.0694237	0	0.0323125	0.237487	0.749771
238	0.0100041	0.0197458	0.0694237	0	0.032058	0.232414	0.720252
239	0.0100352	0.0195835	0.0691326	0	0.0413477	0.235263	0.885408
240	0.0100041	0.0193438	0.0694237	0	0.0416229	0.236513	0.749771
241	0.0100352	0.019726	0.0750416	0	0.0413477	0.241219	0.749771
242	0.0100041	0.0198463	0.0750416	0	0.0413477	0.244614	0.749771
243	0.0100041	0.0198084	0.0733312	0	0.0389554	0.251705	0.749771
244	0.0100352	0.0201086	0.0750416	0	0.040578	0.254569	0.749771
245	0.0100352	0.0202517	0.0750416	0	0.0413477	0.256691	0.73375
246	0.0100041	0.0203507	0.0750416	0	0.040578	0.260279	0.761634
247	0.0100352	0.0201502	0.0733312	0	0.0522984	0.263268	0.979273
248	0.0100687	0.0202211	0.0741297	0	0.0522984	0.26789	1.02258
249	0.0100687	0.0203245	0.0741087	0	0.0870843	0.285565	1.02258
250	0.0100352	0.0204866	0.0741297	0	0.0870843	0.291644	0.96233
251	0.0100687	0.0209055	0.0790466	0	0.0849246	0.301781	0.768436
252	0.0100352	0.0203875	0.0741297	0	0.0917943	0.317642	0.773552
253	0.0100687	0.0201343	0.0712232	0	0.100055	0.320358	0.79016
254	0.010063	0.0199136	0.0694237	0	0.110549	0.329551	0.924914
255	0.010063	0.0199492	0.0714215	0	0.113445	0.332168	0.885408
256	0.010063	0.0197516	0.0712232	0	0.110549	0.334597	0.890454
257	0.0100687	0.0193168	0.0678414	0	0.110549	0.327941	1.02258
258	0.010063	0.0191893	0.0655041	0	0.113445	0.325169	1.2234
259	0.010063	0.0190602	0.0606956	0	0.110549	0.338502	1.42108
260	0.0100687	0.0189058	0.0606956	0	0.0784915	0.363535	1.48842
261	0.010063	0.0188788	0.0592765	0	0.110549	0.352374	1.52679
262	0.010063	0.0188306	0.0606956	0	0.104861	0.348342	1.75737
263	0.010063	0.0190392	0.0655041	0	0.0758387	0.329878	1.52679
264	0.0100687	0.0193363	0.0678414	0	0.0214588	0.294291	1.75737
265	0.010063	0.0193134	0.0649219	0	0.0148197	0.274597	1.2234
266	0.010063	0.0193936	0.0649219	0	0.0213182	0.26721	1.48842
267	0.010063	0.0194685	0.0655041	0	0.0148197	0.251783	1.00091
268	0.0100687	0.0195939	0.0678414	0	0.0148197	0.23181	1.07492
269	0.0100687	0.0196037	0.0678414	0	0.0148197	0.216016	0.761634
270	0.0100407	0.0197616	0.0695964	0	0.0148197	0.206595	0.70923
271	0.0100407	0.019847	0.0725588	0	0.0148197	0.201799	0.766507
272	0.0100407	0.0197757	0.0725588	0	0.0148197	0.203522	0.766507
273	0.0100407	0.0196915	0.0695964	0	0.0148197	0.205608	0.721217
274	0.010063	0.0193077	0.0678414	0	0.0148197	0.203426	0.721217
275	0.0100407	0.019399	0.0678414	0	0.0148197	0.20286	0.820297
276	0.0100407	0.0191942	0.0678414	0	0.0148197	0.208814	0.820297
277	0.0100407	0.01923	0.0678414	0	0.0148197	0.220359	0.873512
278	0.0100407	0.0191169	0.0616508	0.00149925	0.0148197	0.218221	1.05997
279	0.0100407	0.019235	0.0678414	0	0.014163	0.219643	1.05997
280	0.010063	0.0190878	0.0678414	0	0.0148197	0.231144	1.22937
281	0.0100407	0.0189979	0.062247	0	0.0148197	0.229728	1.22937
282	0.0100407	0.0187301	0.0595697	0	0.0148197	0.233735	1.22937
283	0.0100407	0.0184548	0.0592822	0	0.0148197	0.222922	1.07241
284	0.0100407	0.0183175	0.0590897	0	0.0148197	0.208969	1.05997
285	0.0100407	0.018369	0.0592822	0	0.0148197	0.200468	1.05997
286	0.0100407	0.0187515	0.0599712	0.00149925	0.0148197	0.190869	1.10863
287	0.0100407	0.0191574	0.0654602	0.00449775	0.0102425	0.167056	0.873512
288	0.0100407	0.020197	0.0715721	0.0134933	0.0102929	0.163255	1.27356
289	0.0100407	0.0193017	0.0673813	0	0.0102929	0.160327	2.95617
290	0.0100407	0.0193785	0.0678414	0	0.0102929	0.0910535	0.502546
291	0.010063	0.0193079	0.0678414	0	0.0102929	0.0778	0.446964
292	0.010063	0.0193208	0.0678414	0	0.0102929	0.0687168	0.403895
293	0.0100407	0.019469	0.0714167	0	0.0108605	0.063562	0.39077
294	0.010063	0.0195798	0.0717025	0	0.0103957	0.0614689	0.359238
295	0.0100407	0.0193766	0.0687879	0	0.0108035	0.0594682	0.344548
296	0.0100407	0.0193639	0.0678414	0	0.0108035	0.0588606	0.334892
297	0.0100407	0.019394	0.0673813	0	0.0108605	0.0579413	0.320505
298	0.0100407	0.0195227	0.0714167	0	0.0108035	0.059671	0.336951
299	0.0100407	0.0192732	0.0668247	0	0.0106291	0.0581986	0.328699
300	0.0100407	0.0192194	0.0654602	0	0.0101101	0.0569222	0.326995
301	0.0100407	0.0190006	0.0592822	0	0.0106291	0.0543714	0.320505
302	0.0100407	0.0191258	0.0629151	0	0.0101101	0.0521939	0.282112
303	0.0100407	0.0193109	0.0634596	0	0.0101101	0.0498829	0.257288
304	0.0100407	0.019234	0.0618863	0	0.0101101	0.049749	0.2572
305	0.0100407	0.0191036	0.0592822	0	0.0104632	0.0492385	0.235076
306	0.0100407	0.0191089	0.0595697	0	0.0101101	0.0479887	0.219955
307	0.0100407	0.0190407	0.0595697	0	0.0104632	0.0466883	0.201278
308	0.0100407	0.0193042	0.0634203	0	0.0106291	0.0466028	0.201278
309	0.0100407	0.0193651	0.0634203	0	0.0108035	0.0457728	0.201278
310	0.0100407	0.0191867	0.0618863	0	0.0106291	0.0462651	0.201278
311	0.0100407	0.0191301	0.0595697	0	0.0104632	0.0467373	0.201278
312	0.0100407	0.0194333	0.0634596	0	0.0106291	0.0465312	0.201278
313	0.0100407	0.0195444	0.0673542	0	0.0107604	0.0463736	0.19806
314	0.0100407	0.0194844	0.0690062	0	0.0104632	0.0472134	0.19806
315	0.0100407	0.0198621	0.0761397	0	0.0108605	0.0467167	0.19806
316	0.0100407	0.0196717	0.0758209	0	0.0108605	0.0460891	0.197883
317	0.0100407	0.0199967	0.0764451	0	0.0106291	0.0459569	0.187823
318	0.0100407	0.0202362	0.0819145	0	0.0110703	0.0455385	0.197883
319	0.0100407	0.0199692	0.0781998	0	0.0108605	0.0449434	0.197883
320	0.0100407	0.0200663	0.0803858	0	0.0107604	0.0470917	0.219955
321	0.0100407	0.0205365	0.0929768	0	0.0108605	0.0480301	0.223689
322	0.0100407	0.0209967	0.102866	0	0.0108605	0.0492314	0.223689
323	0.0100407	0.0210363	0.111947	0	0.01075	0.0513761	0.229396
324	0.0100687	0.0215093	0.115161	0	0.01075	0.0531292	0.241878
325	0.0100407	0.0218733	0.115161	0	0.01075	0.0526706	0.223689
326	0.0100687	0.0218549	0.115161	0	0.01075	0.0523478	0.223689
327	0.0100407	0.0219032	0.115161	0	0.01075	0.0532358	0.246067
328	0.0100407	0.0219215	0.115161	0	0.0108605	0.0553407	0.25753
329	0.0100687	0.021409	0.115021	0	0.0107604	0.0567885	0.261441
330	0.0100687	0.0215698	0.115161	0	0.0107604	0.0578757	0.261441
331	0.0100687	0.0216818	0.115161	0	0.0120837	0.061581	0.31183
332	0.0100687	0.0216693	0.115021	0	0.0135503	0.0636423	0.359847
333	0.0100407	0.0216119	0.105064	0	0.0135503	0.0707974	0.366452
334	0.0100407	0.0214873	0.102866	0	0.0136058	0.0771543	0.378632
335	0.0100687	0.0217169	0.115021	0	0.0138243	0.0840973	0.398475
336	0.0100687	0.0215856	0.115021	0	0.0139125	0.0940705	0.481706
337	0.0100407	0.0218132	0.114142	0	0.0139125	0.11189	0.536372
338	0.0100687	0.0218826	0.115021	0	0.0138735	0.11647	0.499769
339	0.0100687	0.0217962	0.115161	0	0.0153306	0.125187	0.536372
340	0.0100407	0.0215002	0.111947	0	0.0175053	0.136277	0.545042
341	0.0100407	0.0212082	0.0975594	0	0.0136058	0.160637	0.588549
342	0.0100407	0.0210044	0.0949488	0	0.0182015	0.159895	0.588549
343	0.0100407	0.0207264	0.0825836	0	0.0182015	0.162993	0.597947
344	0.0100407	0.0207809	0.0825836	0	0.0182015	0.162466	0.566301
345	0.0100687	0.0209824	0.0909406	0	0.0289919	0.169764	0.761366
346	0.0100407	0.0208384	0.0858132	0	0.0339022	0.176955	0.761366
347	0.0100407	0.0205228	0.0779865	0	0.0389514	0.183685	0.761366
348	0.0100407	0.0207993	0.0781998	0	0.0389514	0.190894	0.665508
349	0.0100407	0.0211625	0.0858132	0	0.0437333	0.196539	0.603125
350	0.0100407	0.0212177	0.0858132	0	0.0437333	0.193257	0.603125
351	0.0100407	0.0210505	0.080264	0	0.0443616	0.184502	0.603125
352	0.0100407	0.0212082	0.0858132	0	0.0434054	0.178329	0.645333
353	0.0100407	0.021347	0.0864507	0	0.0389514	0.178648	0.622187
354	0.0100407	0.0210986	0.0864507	0	0.0389514	0.174668	0.716905
355	0.0100407	0.0214432	0.089929	0	0.0389514	0.178105	0.716905
356	0.0100407	0.0210165	0.0858132	0	0.0389514	0.180472	0.645333
357	0.0100407	0.020932	0.0820385	0	0.0329233	0.181819	0.588549
358	0.0100407	0.0208642	0.0761397	0	0.0329233	0.180954	0.674666
359	0.0100407	0.020957	0.0761397	0	0.0389514	0.179323	0.753641
360	0.0100407	0.0211696	0.080264	0	0.0389514	0.181753	0.716905
361	0.0100407	0.0212089	0.080264	0	0.0389514	0.181646	0.716905
362	0.0100407	0.0215806	0.0805815	0	0.0330383	0.176779	0.716905
363	0.0100407	0.0218338	0.0820385	0	0.0339022	0.17624	0.674666
364	0.0100407	0.0221492	0.0820385	0	0.0435706	0.180886	0.674666
365	0.0100687	0.0225092	0.0858132	0	0.0389514	0.179988	0.635085
366	0.0100687	0.0225355	0.0857938	0	0.0389514	0.179022	0.674666
367	0.0100407	0.0226174	0.0820385	0	0.0330383	0.177844	0.674666
368	0.0100407	0.0220606	0.080264	0	0.0233043	0.177867	0.674666
369	0.0100407	0.0223987	0.0817056	0	0.0196663	0.179584	0.674666
370	0.0100407	0.0223061	0.0820385	0	0.0292324	0.194603	0.831487
371	0.0100407	0.0222985	0.0820385	0	0.0339022	0.207045	0.950511
372	0.0100407	0.0228454	0.0833674	0	0.0389514	0.226059	1.11277
373	0.0100407	0.0234138	0.0858132	0	0.062253	0.233392	1.89126
374	0.0100407	0.0237027	0.0909406	0	0.0339022	0.245083	0.81515
375	0.0100407	0.024152	0.0950492	0	0.062253	0.253986	1.75918
376	0.0100407	0.0239095	0.0858132	0	0.0339022	0.242549	1.09157
377	0.0100566	0.0249028	0.115021	0	0.0276369	0.226904	0.772991
378	0.0100407	0.0251743	0.115021	0	0.0276369	0.212872	0.676685
379	0.0100407	0.0251361	0.115021	0	0.0276369	0.21014	0.676685
380	0.0100407	0.0261029	0.190504	0	0.0276369	0.212802	0.647268
381	0.0100566	0.02763	0.218565	0	0.0276369	0.209436	0.635085
382	0.0100566	0.0281347	0.218565	0	0.0339022	0.214426	0.820151
383	0.0100407	0.0286559	0.218565	0	0.0277517	0.223322	0.676685
384	0.0100407	0.0317482	0.394028	0.005997	0.0277517	0.220714	0.690583
385	0.0100407	0.0370889	0.542201	0.023988	0.0415806	0.234306	1.09908
386	0.0100566	0.04948	1.39004	0.0674663	0.0454382	0.250517	1.15517
387	0.330084	4.27774	27.2765	0.830585	0.0421905	0.254228	1.13937
388	0.0107984	0.123894	2.20707	0.0914543	0.0410405	0.264255	1.30765
389	0.0104138	0.103237	1.01958	0.0509745	0.0485204	0.29394	1.24758
390	0.01052	0.104745	1.09279	0.0614693	0.0500649	0.321842	1.25138
391	0.0104138	0.109035	1.40061	0.077961	0.0454382	0.356473	1.25138
392	0.0100298	0.0530035	0.720248	0.0254873	0.0632858	0.357471	1.25138
393	0.0100298	0.0366712	0.445943	0.0149925	0.0935689	0.382372	1.46801
394	0.0100298	0.0320029	0.336235	0.011994	0.094125	0.398533	1.25524
395	0.0100298	0.0285978	0.204537	0.00449775	0.105451	0.436049	1.25524
396	0.0100298	0.0274191	0.157328	0.0029985	0.11494	0.467485	1.25524
397	0.0100298	0.0267447	0.149308	0.00149925	0.187475	0.523523	1.68904
398	0.0100069	0.0263171	0.149308	0.00149925	0.181599	0.543249	1.38539
399	0.0100298	0.0250002	0.114908	0.00149925	0.187475	0.546677	1.38539
400	0.0100298	0.0237795	0.100562	0	0.193067	0.559023	1.49657
401	0.0100069	0.0233966	0.0958219	0	0.190692	0.559419	1.5103
402	0.0100069	0.0231142	0.0929549	0	0.190692	0.566886	1.5103
403	0.0100069	0.022939	0.0934029	0	0.190692	0.554219	1.68904
404	0.0100069	0.0227807	0.0981534	0	0.187475	0.56616	2.46156
405	0.0100069	0.0226591	0.0981534	0	0.17605	0.559293	1.84581
406	0.0100298	0.0223159	0.090485	0	0.17605	0.528208	1.57468
407	0.0100069	0.0221004	0.0848648	0	0.181599	0.523671	1.68904
408	0.0100298	0.0220734	0.0848648	0	0.147881	0.518933	1.68904
409	0.0100298	0.0215855	0.0830665	0	0.147514	0.516011	1.84581
410	0.0100069	0.0210641	0.0798941	0	0.11494	0.51588	1.84581
411	0.0100298	0.0211112	0.0798941	0	0.11494	0.533058	2.46156
412	0.0100069	0.0210857	0.0747117	0	0.11494	0.50723	2.46156
413	0.0100298	0.0212948	0.0798941	0	0.11494	0.518734	2.46156
414	0.0100298	0.0211086	0.0754544	0	0.118844	0.494997	6.09996
415	0.0100298	0.0210201	0.0753158	0	0.118844	0.50562	6.09996
416	0.0100298	0.0207128	0.0676378	0	0.0416428	0.444166	4.78568
417	0.0100298	0.0208091	0.0687011	0	0.0120093	0.427121	2.01714
418	0.0100298	0.0208576	0.0687011	0	0.0101074	0.406121	2.01714
419	0.0100298	0.0208339	0.0692743	0	0.0101074	0.323787	1.38539
420	0.0100298	0.0213029	0.0805245	0	0.0105284	0.241152	1.29034
421	0.0100298	0.0206158	0.0676378	0	0.0101528	0.172744	0.977899
422	0.0100298	0.0205702	0.0676378	0	0.0101528	0.136478	0.870885
423	0.0100298	0.0202757	0.0598845	0	0.0117497	0.122085	0.937936
424	0.0100298	0.0200854	0.0587154	0	0.0120093	0.115201	0.916331
425	0.0100298	0.0198928	0.0572294	0	0.0120093	0.111169	0.916331
426	0.0100298	0.0196917	0.0556565	0	0.0120093	0.108231	0.911354
427	0.0100298	0.0197958	0.0554528	0	0.0120093	0.107966	0.911354
428	0.0100298	0.0199382	0.0556565	0	0.0120093	0.10375	0.911354
429	0.0102747	0.0202119	0.0587154	0	0.0120093	0.1038	0.892435
430	0.0102747	0.0202749	0.0587154	0	0.0120093	0.105211	0.892435
431	0.0101018	0.0204091	0.0581884	0	0.0120093	0.104823	0.892435
432	0.0101411	0.0204807	0.0601037	0	0.0120093	0.106366	0.892435
433	0.0101018	0.0204943	0.0601037	0	0.0120093	0.105655	0.892435
434	0.0102747	0.0203423	0.0598845	0	0.0120093	0.104457	0.892435
435	0.0102747	0.0202788	0.0598845	0	0.0120093	0.106679	0.892435
436	0.0102747	0.0198659	0.0585384	0	0.0120093	0.108183	0.911354
437	0.0102747	0.019831	0.0556565	0	0.0120093	0.105091	0.904269
438	0.0101018	0.0196552	0.0533221	0	0.0103245	0.098276	0.715741
439	0.0101018	0.0196465	0.0543019	0	0.0103245	0.0915363	0.62749
440	0.0101018	0.0196517	0.0533221	0	0.0103245	0.0827901	0.609846
441	0.0101354	0.019627	0.0533221	0	0.0103245	0.0808334	0.597047
442	0.0101018	0.0198431	0.0556565	0	0.0100431	0.0755113	0.570855
443	0.0101018	0.0199564	0.0556565	0	0.0103245	0.0747759	0.557519
444	0.0101018	0.020105	0.0581884	0	0.0103245	0.0739547	0.557519
445	0.0102747	0.0199865	0.0585384	0	0.0100431	0.0697964	0.475596
446	0.0101018	0.0199214	0.0556565	0	0.0103245	0.0694388	0.475596
447	0.0101354	0.0198329	0.0556565	0	0.0103245	0.069664	0.475596
448	0.0101354	0.0197802	0.0556565	0	0.0100431	0.0710942	0.44345
449	0.0100943	0.0199017	0.0556565	0.0029985	0.0100431	0.0748957	0.446301
450	0.0101018	0.0191296	0.0514108	0	0.0100431	0.0729555	0.44345
451	0.0101018	0.0191498	0.0514108	0	0.0100431	0.0717198	0.412101
452	0.0100943	0.0200179	0.0581884	0.00149925	0.0103245	0.0710318	0.409181
453	0.0100943	0.0202037	0.0592816	0.0029985	0.0103245	0.0706603	0.412101
454	0.0100943	0.0195071	0.0533221	0	0.0100431	0.0758477	0.446301
455	0.0101354	0.019526	0.0556565	0	0.0100431	0.0897295	1.09945
456	0.0101018	0.0197897	0.0556565	0	0.0103245	0.110737	5.7578
457	0.0101018	0.019988	0.0581884	0	0.0104183	0.14803	12.2393
458	0.0100943	0.0197764	0.0533221	0	0.0106978	0.191842	25.4507
459	0.0100943	0.0198274	0.0533221	0	0.0107699	0.178142	24.0951
460	0.0101354	0.0198868	0.0556565	0	0.0103447	0.178815	24.0951
461	0.0101018	0.0198366	0.0533221	0	0.0100431	0.162703	23.3343
462	0.0101018	0.0196232	0.0514108	0	0.0100431	0.137556	11.0775
463	0.0100943	0.0198	0.0514108	0	0.0100431	0.12728	6.93927
464	0.0101018	0.0197669	0.0514108	0	0.0100431	0.1015	2.62208
465	0.0100943	0.0194934	0.0488348	0	0.0102283	0.086183	2.62208
466	0.0100943	0.0198625	0.0525052	0	0.0100431	0.07956	1.90756
467	0.0101018	0.0196774	0.0533221	0	0.0100431	0.0734086	0.669319
468	0.0100943	0.0198905	0.0628585	0	0.0100431	0.0714236	0.736473
469	0.0101354	0.020065	0.0665594	0	0.0102283	0.0694833	0.736473
470	0.0101354	0.0200639	0.0665594	0	0.0100431	0.0657395	0.462929
471	0.0100943	0.0200654	0.0643731	0	0.0100431	0.0545021	0.311085
472	0.0101545	0.0197818	0.0628585	0	0.0100431	0.0544867	0.30148
473	0.0101545	0.0197062	0.0628585	0	0.0100431	0.0537189	0.318944
474	0.0100943	0.0197388	0.0598845	0	0.0100431	0.0522881	0.29845
475	0.0100943	0.0197965	0.0598845	0	0.0100431	0.0513468	0.295019
476	0.0101018	0.01957	0.0549119	0	0.0100431	0.0526593	0.329411
477	0.0101545	0.0197887	0.0628585	0	0.0102283	0.055547	0.391735
478	0.0101354	0.0197948	0.0628585	0	0.0100431	0.058241	0.638223
479	0.0101018	0.0198761	0.0628585	0	0.0100431	0.0561241	0.462929
480	0.0101018	0.0199291	0.0628585	0	0.010132	0.0553617	0.41584
481	0.0100943	0.0201538	0.063975	0	0.0100431	0.0569621	0.391476
482	0.0100943	0.0201537	0.063975	0	0.0100431	0.053887	0.33971
483	0.010055	0.0201348	0.0628585	0	0.010132	0.0524505	0.33971
484	0.0100943	0.0202665	0.063975	0	0.0100431	0.0514298	0.331869
485	0.010055	0.0202659	0.063975	0	0.0100431	0.0517808	0.333092
486	0.010055	0.020384	0.0643731	0	0.0100431	0.0512676	0.319444
487	0.0101018	0.0205096	0.0691552	0	0.010132	0.0516998	0.301274
488	0.0101354	0.0204364	0.0691552	0	0.010132	0.0506572	0.300517
489	0.0101354	0.0207782	0.0691552	0	0.010132	0.0499679	0.300826
490	0.0101545	0.0207928	0.0689535	0	0.010132	0.0486677	0.300826
491	0.0101018	0.0210084	0.0725823	0	0.010132	0.0485073	0.300517
492	0.0101018	0.0212728	0.0725823	0	0.010132	0.0474508	0.26534
493	0.0101354	0.0212193	0.0691552	0	0.010132	0.0480687	0.295019
494	0.0101018	0.0206581	0.063975	0	0.010132	0.0497119	0.317721
495	0.0101545	0.0205119	0.063975	0	0.010132	0.0511757	0.318616
496	0.0101018	0.0203978	0.0624194	0	0.010132	0.0520791	0.318616
497	0.0101354	0.0202929	0.0572305	0	0.0100429	0.0548588	0.337681
498	0.0101018	0.0202192	0.0518966	0	0.0100429	0.054844	0.337681
499	0.0101018	0.0202536	0.0530864	0	0.010132	0.0570911	0.337681
500	0.0101354	0.0202485	0.0537905	0	0.010132	0.0588463	0.376589
501	0.0101354	0.0201839	0.0537905	0	0.010132	0.0604133	0.376589
502	0.0101354	0.0201916	0.0537905	0	0.010132	0.0598708	0.376589
503	0.0101018	0.0203892	0.0537905	0	0.010132	0.0614831	0.376589
504	0.0101018	0.0206721	0.0601447	0	0.010132	0.0634726	0.423425
505	0.0101354	0.0208204	0.0659951	0	0.010132	0.0645981	0.423425
506	0.0101009	0.0207641	0.0659951	0	0.010132	0.0670419	0.43492
507	0.0100604	0.0205362	0.0581006	0	0.010132	0.0700321	0.447981
508	0.0100604	0.020239	0.0537905	0	0.010132	0.0722301	0.511689
509	0.0101009	0.0202342	0.0546355	0	0.010132	0.0767101	0.542467
510	0.0100604	0.0203313	0.0570372	0	0.010132	0.0801576	0.549827
511	0.0100604	0.0204803	0.0601447	0	0.010132	0.0836289	0.549827
512	0.0101009	0.0205609	0.0634448	0	0.010132	0.0873364	0.617014
513	0.0101009	0.0207559	0.0639122	0	0.010132	0.0961694	0.671426
514	0.0101018	0.0210186	0.0689535	0	0.010132	0.103425	0.673187
515	0.0100604	0.0208515	0.0653558	0	0.010132	0.10948	0.825538
516	0.010149	0.0209367	0.0689535	0	0.0130211	0.116527	1.26617
517	0.0101018	0.0210408	0.0689535	0	0.0128328	0.120782	1.26617
518	0.0100604	0.0211778	0.0689535	0	0.0125742	0.117208	1.23275
519	0.0101018	0.0210111	0.0689535	0	0.010132	0.113238	0.684099
520	0.0100604	0.0217197	0.07521	0.00449775	0.010132	0.116055	0.673187
521	0.0101009	0.0213323	0.0689535	0	0.010132	0.118531	0.721314
522	0.0101009	0.0214176	0.0689535	0	0.010132	0.126548	0.877055
523	0.0100604	0.0218738	0.0702783	0	0.010132	0.118116	0.671426
524	0.0100604	0.022803	0.0783471	0.0029985	0.010132	0.12583	0.671426
525	0.0100604	0.0230878	0.0846976	0.00449775	0.0178817	0.121391	0.617014
526	0.0100604	0.0232105	0.0846976	0.005997	0.016238	0.120012	0.523678
527	0.0100604	0.0223658	0.0761343	0	0.016238	0.121681	0.523678
528	0.0100517	0.0225527	0.0761343	0	0.0178817	0.123995	0.590332
529	0.0100517	0.0225255	0.0761343	0	0.0178817	0.126503	0.580265
530	0.0100517	0.0228104	0.0761343	0	0.0178817	0.128276	0.590332
531	0.0100517	0.0229739	0.0761343	0	0.0246169	0.132814	0.721314
532	0.0100517	0.0232349	0.0828529	0	0.0235197	0.136711	0.673187
533	0.0100517	0.0235348	0.0969443	0	0.0241812	0.139335	0.631388
534	0.0100517	0.0235601	0.097003	0	0.0241812	0.141486	0.631388
535	0.0100517	0.0234552	0.0971151	0	0.025496	0.144546	0.623051
536	0.0100517	0.0236123	0.103409	0	0.0246169	0.1453	0.623051
537	0.0100517	0.0237879	0.0971151	0	0.0246169	0.149721	0.673187
538	0.0100517	0.0233005	0.0920809	0	0.025496	0.148789	0.74911
539	0.0100517	0.023184	0.0924716	0	0.0239362	0.144129	0.673187
540	0.0100517	0.0252708	0.126347	0.00449775	0.0212716	0.138831	0.746554
541	0.0100517	0.0248261	0.103409	0	0.0178028	0.136817	0.746554
542	0.0100517	0.0248364	0.103409	0	0.0178028	0.135939	0.721314
543	0.0100517	0.0245857	0.101282	0	0.0178028	0.123364	0.721314
544	0.0100517	0.0248454	0.107406	0	0.0168703	0.12044	0.746554
545	0.0100517	0.0244342	0.103409	0	0.011213	0.113113	0.499542
546	0.0100517	0.0254611	0.123593	0.00149925	0.0108222	0.101954	0.444826
547	0.0100517	0.0257274	0.108379	0	0.011213	0.0970007	0.434784
548	0.0100517	0.0261815	0.103409	0.0029985	0.0110697	0.0847087	0.338732
549	0.0100517	0.0255722	0.0959621	0	0.0110697	0.0788346	0.338732
550	0.0100517	0.0255892	0.0920809	0	0.0110697	0.076902	0.337799
551	0.0100517	0.02546	0.0920809	0	0.0110168	0.0743971	0.335451
552	0.0100517	0.0255321	0.0920809	0	0.0110697	0.0692323	0.335451
553	0.0100753	0.0263907	0.0985098	0	0.0110697	0.0677901	0.337681
554	0.0100753	0.0268592	0.0985098	0	0.0102226	0.0660799	0.28976
555	0.0100753	0.0271994	0.0985098	0	0.0103374	0.0649304	0.28976
556	0.0100753	0.0273716	0.0985098	0	0.0103374	0.0656081	0.28976
557	0.0100753	0.027355	0.0985098	0	0.0105434	0.0644002	0.290924
558	0.0100753	0.0269504	0.0916324	0	0.0105434	0.0610865	0.28976
559	0.0100604	0.0271062	0.0888877	0	0.0105434	0.0609264	0.28976
560	0.0100604	0.027748	0.092568	0.00149925	0.0108222	0.0587293	0.28976
561	0.0100753	0.0275369	0.0916324	0	0.0105434	0.0585455	0.267912
562	0.0100604	0.0282855	0.101982	0	0.0103374	0.058126	0.267912
563	0.0100753	0.0288987	0.103187	0	0.010343	0.0558769	0.266614
564	0.0100604	0.0294153	0.104743	0	0.0102445	0.0562143	0.27713
565	0.0100604	0.0292695	0.103187	0	0.0102445	0.0559399	0.27713
566	0.0100753	0.0289842	0.103187	0.00149925	0.0103374	0.0522034	0.248155
567	0.0100753	0.0287569	0.103187	0.00149925	0.010343	0.0508235	0.248155
568	0.0100753	0.0285492	0.103187	0	0.010343	0.0501912	0.248155
569	0.0100753	0.0285694	0.103187	0	0.0103374	0.0511186	0.248155
570	0.0100604	0.0289056	0.103187	0	0.0103374	0.0503397	0.248155
571	0.0100604	0.0297573	0.107406	0	0.0103374	0.0506145	0.248155
572	0.0100604	0.0304118	0.111352	0	0.0100827	0.0511513	0.248155
573	0.0100604	0.030498	0.111352	0	0.0100827	0.0516579	0.248155
574	0.0100604	0.0308663	0.111352	0	0.0100827	0.0516579	0.248155
575	0.0100753	0.03114	0.116461	0	0.0100827	0.0515776	0.248155
576	0.0100604	0.0320454	0.122925	0	0.0100827	0.051789	0.248155
577	0.0100753	0.0327283	0.128641	0	0.0100827	0.0532291	0.248155
578	0.0103588	0.0338554	0.14174	0	0.0100827	0.0532505	0.248155
579	0.0100753	0.0356749	0.14174	0	0.0100827	0.0525446	0.248394
580	0.0100753	0.035695	0.14174	0	0.0100827	0.0529932	0.266614
581	0.0100604	0.0368449	0.144492	0	0.0100827	0.0543933	0.277719
582	0.0100753	0.038115	0.148336	0	0.0102122	0.0548454	0.28976
583	0.0100604	0.0390537	0.152446	0	0.0100827	0.055785	0.28976
584	0.0100604	0.0402004	0.164107	0	0.0100827	0.0567541	0.300242
585	0.0100604	0.0423442	0.176223	0	0.0103374	0.0579461	0.310287
586	0.0100753	0.0436872	0.17827	0	0.0102122	0.0597245	0.310287
587	0.0100753	0.0447901	0.190597	0	0.0102122	0.0602616	0.310287
588	0.0100753	0.0455047	0.17827	0	0.0102122	0.061536	0.329028
589	0.0101018	0.0473598	0.186126	0	0.0102122	0.0640152	0.367501
590	0.0101018	0.0492272	0.208548	0	0.0105434	0.0654615	0.399191
591	0.0102747	0.0481422	0.208548	0	0.0103374	0.0675721	0.426318
592	0.0102747	0.0482464	0.208548	0	0.0103374	0.0686049	0.472794
593	0.0101018	0.0475018	0.186126	0	0.0105434	0.0692814	0.499171
594	0.0101018	0.0474856	0.205924	0	0.010434	0.0707876	0.502555
595	0.0101018	0.0481638	0.219143	0	0.0103374	0.0721798	0.520266
596	0.010654	0.0482338	0.231626	0	0.0103374	0.0750905	0.551986
597	0.0102208	0.0473244	0.219143	0	0.0103374	0.0748685	0.502555
598	0.010704	0.047612	0.231626	0.00149925	0.0103374	0.0758934	0.500873
599	0.01077	0.0476974	0.231626	0.00149925	0.0105695	0.0764624	0.443934
600	0.0108091	0.0478664	0.231626	0.00149925	0.0109025	0.0827141	0.520266
601	0.0102747	0.0476723	0.217364	0.00149925	0.0108855	0.0963252	0.679425
602	0.0101018	0.0469494	0.204405	0.0029985	0.0110697	0.102194	0.679425
603	0.0101018	0.04666	0.199078	0.0029985	0.0108855	0.109705	0.725502
604	0.0103426	0.0455802	0.192917	0.0029985	0.0118477	0.117276	0.77426
605	0.0102747	0.0437176	0.17827	0	0.0118477	0.130976	0.806268
606	0.010504	0.0439622	0.192917	0	0.0170147	0.146377	2.73659
607	0.010504	0.0432737	0.194097	0	0.0118477	0.144276	1.30451
608	0.0102747	0.0418655	0.17827	0	0.010998	0.120824	0.762477
609	0.010654	0.040829	0.17827	0	0.010218	0.102263	0.626985
610	0.010654	0.0406268	0.17827	0	0.010218	0.0925467	0.569741
611	0.010654	0.0399714	0.17827	0	0.010218	0.083891	0.453144
612	0.0101018	0.0392176	0.166022	0	0.010218	0.0827594	0.43579
613	0.010504	0.0389036	0.17827	0	0.010218	0.0777568	0.431135
614	0.0104413	0.0385289	0.17827	0.00149925	0.0101325	0.0764537	0.443934
615	0.0101018	0.0368656	0.166022	0.0029985	0.0101325	0.0740931	0.427418
616	0.0102747	0.0362674	0.172979	0	0.010218	0.0689863	0.407803
617	0.0103588	0.0351943	0.155064	0	0.0101325	0.0688836	0.392837
618	0.0103426	0.0351583	0.155064	0	0.0101325	0.0685381	0.391169
619	0.0101018	0.0332529	0.136796	0	0.0101325	0.0715291	0.391169
620	0.0100413	0.0321353	0.128963	0	0.0101325	0.0689883	0.362501
621	0.0100413	0.0316137	0.122925	0.0029985	0.0101325	0.0690908	0.349905
622	0.0100413	0.031815	0.128963	0.005997	0.0101325	0.067794	0.349905
623	0.0101018	0.0298894	0.107406	0.00149925	0.0101325	0.0680164	0.349905
624	0.0100413	0.028922	0.102077	0	0.0101325	0.0675716	0.338925
625	0.0104413	0.0288718	0.107121	0	0.0101325	0.0665936	0.303382
626	0.0100413	0.0284028	0.0964749	0	0.010218	0.0655047	0.281966
627	0.0101672	0.0291855	0.107406	0.005997	0.010218	0.0644274	0.26301
628	0.0103426	0.0290016	0.107406	0.00449775	0.010218	0.0638505	0.26301
629	0.0100413	0.0278911	0.0904778	0	0.010218	0.0630527	0.26301
630	0.0100413	0.0272334	0.0875759	0	0.010218	0.0633601	0.266614
631	0.0100413	0.0270042	0.0847138	0	0.010218	0.0619676	0.26301
632	0.0100413	0.0265292	0.0847138	0	0.010218	0.0588773	0.257459
633	0.0101018	0.0263186	0.0837267	0	0.010218	0.0578637	0.249567
634	0.0101018	0.0260566	0.0829724	0	0.010218	0.0575055	0.246391
635	0.0101672	0.0258349	0.0829724	0	0.010218	0.0590392	0.252772
636	0.0101018	0.0254812	0.0793062	0	0.010218	0.0583894	0.252772
637	0.0101672	0.0250819	0.0783663	0	0.010218	0.058888	0.252772
638	0.0101677	0.0247086	0.0761095	0	0.010218	0.0612745	0.266716
639	0.0101672	0.0244656	0.0720758	0	0.0100497	0.0639133	0.281467
640	0.0101018	0.0240673	0.0711134	0	0.010218	0.0665196	0.314788
641	0.0101018	0.0245067	0.0802912	0	0.0100497	0.0709361	0.314788
642	0.0101423	0.0241987	0.0802912	0	0.0100497	0.0752706	0.39151
643	0.0101672	0.0239681	0.0761095	0	0.0100497	0.0803976	0.474539
644	0.0101423	0.023752	0.0711134	0	0.010218	0.0887406	0.522234
645	0.0101018	0.0234593	0.0702776	0	0.0100497	0.100368	0.570251
646	0.0101018	0.0233737	0.0702776	0	0.0100497	0.111792	0.63543
647	0.0101018	0.0231849	0.0693463	0	0.0100497	0.125258	1.0374
648	0.0101018	0.0231378	0.0693463	0	0.0137912	0.13872	1.42384
649	0.0101018	0.0228994	0.0680539	0	0.0102317	0.159039	1.42384
650	0.0101672	0.0226169	0.0647983	0	0.0137591	0.161579	2.23704
651	0.0101018	0.0226369	0.062654	0	0.0142535	0.192358	2.79304
652	0.0101018	0.0224758	0.0619423	0	0.010218	0.210018	2.79126
653	0.0101018	0.0225007	0.0619423	0	0.010218	0.270219	19.7132
654	0.0101672	0.0224431	0.0619423	0	0.0137443	0.330512	34.6152
655	0.0101018	0.0223933	0.0603981	0	0.0120682	0.29678	28.3441
656	0.0101018	0.0226916	0.062654	0	0.0209577	0.271077	47.9682
657	0.0101018	0.0226983	0.062654	0	0.0209577	0.236902	47.9682
658	0.0101018	0.0226678	0.0619423	0	0.0141839	0.164577	1.55908
659	0.0102139	0.0224312	0.0619423	0	0.0137443	0.153868	1.43348
660	0.0102139	0.0224188	0.0619423	0	0.0137443	0.151342	1.43348
661	0.0101018	0.0225164	0.0619423	0	0.013533	0.143895	1.27815
662	0.0100923	0.0227612	0.0680539	0	0.0119173	0.129899	1.27815
663	0.0100923	0.0229497	0.0720758	0	0.0130083	0.122811	1.55009
664	0.0100923	0.0233268	0.0802912	0	0.0105394	0.114541	1.55009
665	0.0100923	0.0229843	0.0719476	0.0029985	0.0101618	0.109939	1.51863
666	0.0100923	0.0222546	0.0711134	0	0.0101618	0.102763	1.51863
667	0.0100923	0.0222484	0.0680539	0	0.0101618	0.0970654	1.51863
668	0.0100923	0.0228002	0.0720758	0.0029985	0.0101618	0.0878833	0.822513
669	0.0100923	0.0226512	0.071443	0	0.0101618	0.0828889	0.65166
670	0.010143	0.022651	0.0720758	0	0.0101618	0.0820755	0.620576
671	0.0100923	0.0224731	0.0693463	0	0.0101618	0.0811846	0.607768
672	0.010062	0.0230484	0.071443	0	0.0101618	0.0778124	0.578281
673	0.010062	0.0231104	0.0693463	0	0.0101618	0.0750622	0.499566
674	0.010062	0.023587	0.0802912	0	0.0101618	0.0735916	0.550988
675	0.010062	0.0240438	0.0837267	0	0.0101618	0.0716641	0.448376
676	0.010062	0.0230616	0.0720758	0	0.0101618	0.073652	0.448376
677	0.010062	0.0229964	0.0720758	0	0.0101618	0.0741624	0.448376
678	0.010062	0.0232263	0.0802912	0	0.0101932	0.0755782	0.45081
679	0.010062	0.0229624	0.0775137	0	0.0101932	0.0759817	0.45081
680	0.010062	0.0228215	0.0717288	0	0.0101772	0.0760164	0.500403
681	0.010062	0.0232476	0.0802912	0	0.0101772	0.0798618	0.511634
682	0.010062	0.0231039	0.0719476	0	0.0101772	0.0838471	0.567388
683	0.010062	0.0227901	0.0676203	0	0.0101772	0.0825884	0.554516
684	0.010062	0.022809	0.0676203	0	0.0101772	0.0838976	0.567388
685	0.010062	0.0227319	0.0654145	0	0.0107041	0.0841906	0.733216
686	0.0100067	0.0229037	0.0654145	0	0.0101742	0.0860406	0.870909
687	0.0100067	0.0228724	0.0668883	0	0.0101742	0.0857024	0.870909
688	0.010062	0.023254	0.0676203	0.00149925	0.0101742	0.0864345	0.940058
689	0.010062	0.0231112	0.0676203	0	0.0101742	0.0864426	0.940058
690	0.010062	0.0229638	0.0668883	0	0.0101742	0.119269	11.2816
691	0.010062	0.0228282	0.0668883	0	0.0101742	0.141046	14.6055
692	0.0100067	0.0229768	0.0676203	0	0.0101742	0.168309	18.4417
693	0.0100067	0.0226803	0.0654145	0	0.0107041	0.198044	31.8154
694	0.0100067	0.0227947	0.0681953	0	0.0107041	0.202512	27.6742
695	0.0100067	0.0228121	0.0681953	0	0.0107041	0.210454	25.5022
696	0.0100589	0.0227622	0.0729196	0	0.0107041	0.23403	28.8641
697	0.0100067	0.023042	0.0802495	0	0.0107041	0.229262	29.7218
698	0.0100589	0.0232304	0.0828418	0	0.0107041	0.234393	31.7053
699	0.0100589	0.0230268	0.0802495	0	0.0184045	0.271825	56.374
700	0.0100589	0.0230854	0.0828418	0	0.0205632	0.295596	54.827
701	0.0100589	0.0229591	0.0828418	0	0.0102586	0.285054	29.4444
702	0.0100589	0.0228476	0.0802495	0	0.0205374	0.331495	56.374
703	0.0100589	0.0228391	0.0802495	0	0.0208147	0.392006	54.827
704	0.0100067	0.0230423	0.0802495	0.00149925	0.0199159	0.453366	61.4704
705	0.0100589	0.0229722	0.0802495	0	0.0208147	0.475351	54.827
706	0.0100067	0.0229621	0.0802495	0	0.0209125	0.556259	54.827
707	0.0100067	0.0229652	0.0802495	0	0.0210403	0.667198	54.827
708	0.0100589	0.0230494	0.0834799	0	0.0342087	0.812505	82.3929
709	0.0100589	0.0229566	0.0834799	0	0.0342087	0.872337	80.2968
710	0.0100067	0.0231129	0.0847845	0	0.0498145	0.971768	82.3929
711	0.0100589	0.0229231	0.0830535	0	0.058239	1.01464	91.7088
712	0.0100067	0.0225371	0.0793706	0	0.0278835	0.866881	99.9698
713	0.0100067	0.0224348	0.0775137	0	0.010034	0.566954	31.9077
714	0.0100067	0.0223215	0.0745325	0	0.010034	0.615214	33.1024
715	0.0100067	0.0222566	0.0745325	0	0.032154	0.772216	91.7088
716	0.0100067	0.0222267	0.0745325	0	0.0323954	0.854977	91.7088
717	0.0100067	0.0222352	0.071443	0	0.0717264	1.04093	92.1997
718	0.0100067	0.0222268	0.071443	0	0.0833182	1.14822	96.2414
719	0.0100067	0.0223107	0.0726864	0	0.0833182	1.23729	99.9698
720	0.0100067	0.0223339	0.0726864	0	0.0805361	1.43668	92.1997
721	0.0100067	0.0223265	0.0745325	0	0.0971252	1.54259	96.5643
722	0.0100067	0.0225176	0.0775137	0	0.0971252	1.66249	96.5643
723	0.0100067	0.0226853	0.0813386	0	0.0857733	1.68621	96.5643
724	0.0100067	0.0227794	0.0813386	0	0.088041	1.76719	96.5643
725	0.0100589	0.0229266	0.0834799	0	0.088041	1.79176	96.5643
726	0.0100067	0.0230635	0.083646	0	0.0792443	1.71422	96.5643
727	0.0100067	0.0237196	0.0873076	0.0029985	0.0792443	1.79531	96.5643
728	0.0100067	0.0236995	0.0873076	0	0.0838808	1.84445	96.5643
729	0.0100067	0.0245016	0.10239	0.00449775	0.088041	2.0263	96.5643
730	0.0100067	0.0242252	0.0887528	0	0.0894001	2.19709	96.5643
731	0.0100067	0.0244547	0.10239	0	0.0833182	2.23676	96.5643
732	0.0100589	0.023993	0.0873076	0	0.0747031	2.22199	94.8263
733	0.0100589	0.023608	0.0834799	0	0.0736527	2.23243	96.5643
734	0.0100067	0.0238019	0.0847845	0	0.0696551	2.33991	96.5643
735	0.0100067	0.0238568	0.0878047	0	0.0696551	2.33508	96.5643
736	0.0100067	0.0238418	0.0887528	0	0.0695557	2.36801	96.5643
737	0.0100067	0.024187	0.101057	0.00149925	0.0695557	2.3546	99.0406
738	0.0100589	0.0239417	0.0951411	0.00149925	0.0529395	2.26377	99.0406
739	0.0100589	0.0238584	0.0887528	0	0.0512161	2.22211	99.0406
740	0.010062	0.0240923	0.0887528	0	0.0440808	2.08516	91.7088
741	0.010062	0.0241923	0.0887528	0	0.0440808	1.90186	91.7088
742	0.010062	0.0243373	0.102994	0	0.0440808	1.78553	91.7088
743	0.010062	0.024374	0.105061	0	0.0424572	1.72831	91.7088
744	0.010062	0.0249479	0.105857	0.0029985	0.0314018	1.5714	99.0406
745	0.010062	0.0247182	0.102994	0	0.0272588	1.48247	91.7088
746	0.010062	0.0250277	0.107735	0	0.0235463	1.27668	99.0406
747	0.010062	0.0249635	0.109445	0	0.0182628	0.955048	91.7088
748	0.010062	0.024564	0.0964377	0	0.0182628	0.822237	93.0386
749	0.010062	0.0242213	0.0880552	0	0.0182628	0.70856	93.0386
750	0.010062	0.0243127	0.0878047	0	0.0182628	0.7401	91.7088
751	0.010062	0.0245253	0.0878047	0	0.0182628	0.639757	93.0386
752	0.010062	0.0245874	0.0878047	0	0.010291	0.503976	57.6095
753	0.010062	0.0250119	0.0878047	0	0.0105179	0.440842	57.6095
754	0.010062	0.0254296	0.0880552	0	0.0104373	0.314276	55.0061
755	0.010062	0.0263249	0.0964377	0.00149925	0.010291	0.220945	51.1447
756	0.010062	0.0267127	0.101057	0.00149925	0.010544	0.185284	51.1447
757	0.010062	0.0277023	0.112193	0.00149925	0.010291	0.167412	37.1107
758	0.010062	0.0279439	0.105375	0	0.0100829	0.146695	26.2687
759	0.010062	0.0280094	0.103696	0	0.0100829	0.131037	12.9755
760	0.010062	0.0282832	0.10163	0	0.010291	0.129402	12.9755
761	0.0101139	0.0282337	0.102431	0	0.0100829	0.123591	6.55213
762	0.0101139	0.028044	0.10163	0	0.0104373	0.116655	3.86185
763	0.0101139	0.0279161	0.101057	0	0.0105179	0.105098	2.48384
764	0.0101139	0.0278088	0.0964377	0	0.010291	0.0988987	2.246
765	0.0101139	0.0280831	0.0976157	0	0.0100558	0.0911967	2.10174
766	0.0101139	0.0280963	0.100321	0	0.0100558	0.0904313	2.10174
767	0.0101139	0.0282001	0.10163	0	0.0100558	0.090522	2.1289
768	0.0101139	0.0286213	0.102431	0	0.0104373	0.0924089	2.246
769	0.0102664	0.0288958	0.106699	0	0.0100829	0.0943216	2.246
770	0.0101302	0.0295774	0.106699	0	0.0100829	0.0912406	2.246
771	0.0101139	0.0298566	0.112193	0	0.0100558	0.0933957	2.246
772	0.0101302	0.0300172	0.116346	0	0.0100558	0.0915524	2.246
773	0.0101139	0.0301378	0.116346	0	0.0100558	0.0931135	2.45124
774	0.0101139	0.0301557	0.120059	0	0.0100558	0.0955333	2.56599
775	0.0102664	0.0306185	0.127082	0	0.0100558	0.094561	2.56599
776	0.0102664	0.0307425	0.12756	0	0.0100558	0.0926939	2.48384
777	0.0102664	0.0315883	0.130425	0	0.0100558	0.0966361	2.56599
778	0.0102721	0.0335849	0.151543	0.0029985	0.0100558	0.109861	3.15354
779	0.0106124	0.0367401	0.26279	0.00749625	0.0100558	0.107026	2.80052
780	0.0104477	0.0461682	0.68617	0.029985	0.0100558	0.102479	2.48384
781	0.0102664	0.0761208	2.01655	0.0929535	0.0100558	0.102818	2.2875
782	0.0102664	0.0541841	0.56217	0.0254873	0.0100558	0.106212	2.1289
783	0.0113646	0.0454232	0.475961	0.005997	0.0100558	0.100636	2.1289
784	0.0103093	0.040112	0.292364	0.00149925	0.0100558	0.0893639	1.31074
785	0.0103093	0.0372626	0.250014	0	0.0100558	0.0886723	1.27107
786	0.0101139	0.0356696	0.215865	0	0.0105179	0.0983704	2.1289
787	0.0101139	0.0343579	0.16129	0	0.0105179	0.0977283	1.77
788	0.0101139	0.0341302	0.159135	0	0.0105179	0.100702	2.0492
789	0.0101139	0.0337445	0.152563	0	0.010544	0.109362	2.1289
790	0.0101139	0.0328438	0.142305	0	0.0105569	0.135071	6.47257
791	0.0101139	0.0326901	0.140723	0	0.0107205	0.167543	11.7817
792	0.0101139	0.0320951	0.130878	0	0.0127874	0.261581	23.5286
793	0.0102634	0.0315162	0.129516	0	0.0127874	0.274326	22.1681
794	0.0102664	0.0309919	0.129516	0	0.010982	0.246951	30.5871
795	0.0101139	0.0301593	0.110125	0	0.0103418	0.137998	8.49348
796	0.0101139	0.0301005	0.106814	0	0.0103418	0.107454	2.45124
797	0.0101139	0.0302008	0.112193	0	0.0103418	0.101243	2.1289
798	0.0101139	0.0297884	0.0981657	0	0.010247	0.0916276	1.29936
799	0.0101718	0.0296687	0.0941442	0	0.010247	0.084638	0.825666
800	0.0101718	0.0301613	0.0981657	0.0029985	0.0103418	0.0754633	0.488775
801	0.0101139	0.030086	0.105857	0.00449775	0.0103418	0.0659655	0.382008
802	0.0101139	0.0301879	0.121987	0.00449775	0.0102237	0.0643338	0.353727
803	0.0101718	0.0297201	0.106814	0	0.0102237	0.0614284	0.338704
804	0.0101718	0.0293235	0.0941442	0	0.0102237	0.0575606	0.337187
805	0.0102634	0.029637	0.106814	0.0029985	0.0103418	0.0566453	0.337187
806	0.0101718	0.0309964	0.128547	0.0194903	0.0103418	0.0551547	0.33628
807	0.0102664	0.0283047	0.106814	0	0.0102237	0.053856	0.312349
808	0.0102634	0.028643	0.106814	0	0.0102237	0.0536108	0.312349
809	0.0102634	0.0289775	0.106814	0	0.0102237	0.0531477	0.318233
810	0.0102664	0.0290437	0.106814	0	0.0103418	0.0542301	0.337187
811	0.0103093	0.0291792	0.106814	0	0.0103418	0.0522822	0.312349
812	0.010096	0.0293994	0.106814	0	0.0103418	0.0504611	0.27421
813	0.010096	0.0292104	0.106666	0	0.0103418	0.0494818	0.284817
814	0.010096	0.0286986	0.103396	0	0.0103418	0.0495496	0.312961
815	0.010096	0.0279513	0.103396	0	0.0103418	0.049571	0.337187
816	0.0100936	0.027729	0.10113	0	0.0103418	0.0484096	0.313722
817	0.0100936	0.0276396	0.10113	0	0.0103418	0.0510373	0.337187
818	0.0100936	0.0276936	0.100473	0	0.0104999	0.0524969	0.459705
819	0.0100936	0.0278191	0.10113	0	0.0104999	0.0536852	0.458121
820	0.0100936	0.0279723	0.10113	0	0.0104999	0.0530132	0.458121
821	0.0100936	0.0282723	0.106666	0	0.0104999	0.0520584	0.458121
822	0.0100936	0.0287604	0.123791	0	0.0104999	0.051429	0.458121
823	0.0100936	0.0294229	0.127886	0	0.0104999	0.0519569	0.459705
824	0.0100936	0.0295319	0.128963	0	0.0103907	0.0523285	0.51211
825	0.0100936	0.0307383	0.156257	0	0.0103907	0.0530752	0.607203
826	0.010096	0.0313299	0.15917	0	0.0103907	0.0535071	0.607203
827	0.0100936	0.0320514	0.15917	0	0.0103907	0.0553652	0.607203
828	0.0100936	0.0310721	0.158112	0	0.0104999	0.0580015	0.631232
829	0.0101783	0.0308463	0.15917	0	0.0104999	0.0610191	0.631232
830	0.0101783	0.0308301	0.15917	0	0.0104999	0.062931	0.631232
831	0.0102243	0.0306905	0.15917	0	0.0103907	0.0636586	0.631232
832	0.0102243	0.0310995	0.15917	0	0.0111272	0.0648873	0.737914
833	0.010415	0.0302632	0.15917	0	0.0103907	0.0670802	0.719193
834	0.0104058	0.0301509	0.15917	0	0.0104999	0.0679305	0.737914
835	0.0101821	0.0297683	0.156914	0	0.0106455	0.0694527	0.817885
836	0.0101821	0.0295614	0.156914	0	0.0111272	0.0842898	1.03959
837	0.0103093	0.0296591	0.15917	0	0.0104999	0.183986	8.68051
838	0.0103093	0.0297502	0.15917	0	0.0111272	0.320999	19.1493
839	0.01031	0.0304449	0.15917	0	0.0111272	0.446147	19.1493
840	0.0101821	0.0311095	0.15917	0.00149925	0.0130166	0.718205	27.2328
841	0.0100385	0.0324099	0.170519	0	0.0130166	0.753929	27.2328
842	0.0100936	0.0348045	0.231516	0.0104948	0.0130166	0.753503	27.2328
843	0.0100936	0.0380672	0.453681	0.0194903
