		omega		Posterior		rho				Synonymous theta			kappa			phi	
Site	Lower	Point	Higher	prob of +ve	Lower	Point	Higher		Lower	Point	Higher	Lower	Point	Higher	Lower	Point	Higher
	95% HPD	estimate	95% HPD	selection	95% HPD	estimate	95% HPD		95% HPD	estimate	95% HPD	95% HPD	estimate	95% HPD	95% HPD	estimate	95% HPD
0	2.23819	11.988	89.1701	0.989505	0.010914	0.126538	1.09281		0.000931704	0.00374389	0.0143797	0.39223	1.59129	4.47238	0.00920108	0.0912147	0.702567
1	2.27339	12.2646	89.1701	0.991004	0.0106177	0.12433	0.960762
2	2.27339	12.3813	88.4732	0.992504	0.0136595	0.121245	1.09281
3	2.33625	12.458	89.1701	0.992504	0.0142277	0.126086	1.11403
4	2.33625	12.5656	89.1701	0.992504	0.0147749	0.13036	1.11403
5	2.43621	12.8876	89.1701	0.994003	0.0136595	0.138858	1.11403
6	2.39529	13.0321	89.1701	0.994003	0.0136595	0.141398	1.15861
7	2.51814	13.3341	89.1701	0.994003	0.0117392	0.150883	1.11403
8	2.65595	15.2394	88.3897	0.998501	0.013867	0.139742	1.10231
9	2.51814	14.146	98.1095	0.97901	0.0136595	0.13674	1.11403
10	2.59434	14.2229	98.1095	0.974513	0.0136595	0.133061	1.10231
11	3.73472	17.7758	89.2267	1	0.0136595	0.131028	1.10231
12	3.6556	17.7954	89.2267	1	0.0136595	0.129997	1.10231
13	3.6556	17.3663	89.2267	0.998501	0.0108239	0.130748	0.993262
14	3.57885	17.2742	89.2267	0.998501	0.0104574	0.171073	3.39433
15	2.59434	15.6579	88.4732	0.992504	0.0104574	0.20601	16.1469
16	2.16679	14.4875	93.6055	0.988006	0.0104574	0.209879	15.016
17	0.0253854	2.8298	88.4732	0.698651	0.0116511	0.214608	18.2463
18	0.0106126	1.42013	52.1249	0.575712	0.0108239	0.216383	18.2463
19	0.0106126	0.995728	38.088	0.521739	0.0108239	0.234373	22.0724
20	0.0106126	0.744517	28.1866	0.473763	0.0108239	0.233253	22.0724
21	0.0104591	0.669748	23.0542	0.452774	0.0108239	0.23745	23.1159
22	0.010247	0.635988	17.1376	0.445277	0.0108239	0.223955	20.8973
23	0.010247	0.618752	14.6197	0.442279	0.0105549	0.216351	18.7261
24	0.010247	0.577041	7.48835	0.436282	0.0101411	0.207744	17.1316
25	0.0106126	0.596632	6.76828	0.443778	0.010027	0.212119	16.7793
26	0.0109434	0.635297	6.78773	0.458771	0.010027	0.217225	16.7793
27	0.0106262	0.664266	6.85516	0.461769	0.010027	0.220929	18.171
28	0.0123379	0.723652	7.53648	0.481259	0.0103432	0.22368	19.1358
29	0.0106262	0.753895	6.84812	0.496252	0.010027	0.235053	19.1358
30	0.0232154	0.872563	15.389	0.523238	0.010027	0.236656	18.171
31	0.0245639	0.946636	15.6204	0.547226	0.010027	0.244402	18.7261
32	0.031259	1.04218	15.6204	0.571214	0.010027	0.270309	22.5314
33	0.035391	1.174	15.6204	0.604198	0.0103432	0.293946	22.5314
34	0.0400891	1.37005	17.4813	0.643178	0.010027	0.301131	24.0167
35	0.138964	1.65913	29.7503	0.685157	0.0104131	0.306389	24.1643
36	0.0788307	1.45161	30.7617	0.65967	0.010027	0.312886	24.1643
37	0.0400891	1.33664	17.4813	0.64018	0.0103432	0.318498	28.8553
38	0.0439515	1.30621	20.8179	0.637181	0.0103432	0.35873	40.0535
39	0.0439515	1.32693	19.9089	0.643178	0.0103432	0.370072	42.25
40	0.0400891	1.23669	20.8179	0.628186	0.0101074	0.383337	45.998
41	0.0380607	1.20733	20.8179	0.628186	0.0106711	0.399103	48.4233
42	0.0208579	1.18212	16.125	0.623688	0.010012	0.39411	43.8047
43	0.0234816	1.13659	15.6204	0.610195	0.0104692	0.379364	43.8047
44	0.0213759	1.13737	16.1635	0.608696	0.010012	0.414194	42.25
45	0.0229136	1.18069	16.1635	0.616192	0.0103432	0.475227	52.429
46	0.026034	1.22911	18.9991	0.622189	0.010012	0.515547	52.429
47	0.0627766	1.35271	41.3088	0.641679	0.010012	0.517733	52.429
48	0.135559	1.62898	41.3088	0.670165	0.010012	0.535984	52.429
49	0.176208	1.80114	41.3088	0.691154	0.010012	0.524292	53.7787
50	0.0488345	1.4003	26.7264	0.638681	0.0104692	0.532628	59.8842
51	0.0615749	1.21302	41.3088	0.604198	0.010012	0.534994	53.7787
52	0.0259182	1.00074	15.389	0.565217	0.0106622	0.580197	62.6429
53	0.0206686	0.894285	13.8129	0.532234	0.0105549	0.591235	59.8842
54	0.0259182	0.820805	15.0555	0.512744	0.0103432	0.629321	57.7976
55	0.0258848	0.795695	13.793	0.505247	0.0103432	0.645218	57.7976
56	0.025859	0.781686	13.2546	0.496252	0.0104692	0.680528	59.8842
57	0.0208579	0.747511	11.1725	0.493253	0.0103432	0.746519	59.8842
58	0.0208003	0.717367	11.1725	0.47976	0.0107524	0.732862	62.8268
59	0.0185708	0.650931	11.1725	0.461769	0.0105549	0.744479	63.273
60	0.0116133	0.626439	7.13204	0.457271	0.0157406	0.821295	99.0553
61	0.0111676	0.621134	7.13204	0.458771	0.0157406	0.887261	99.0553
62	0.0111676	0.605599	7.54404	0.455772	0.0146578	0.919057	93.3056
63	0.0116133	0.579693	7.13204	0.443778	0.0159785	0.930851	96.4722
64	0.0185708	0.582812	11.1267	0.446777	0.0159785	0.916647	95.1175
65	0.0121798	0.582863	7.52022	0.445277	0.0159785	0.924433	95.1175
66	0.0112801	0.604145	7.66441	0.445277	0.0160983	0.953013	92.4445
67	0.0189768	0.65794	11.1267	0.458771	0.010012	0.877485	63.273
68	0.0173857	0.711087	11.1267	0.476762	0.0154353	0.905328	92.4445
69	0.0173857	0.812242	11.1267	0.509745	0.015614	0.87968	92.4445
70	0.0246782	1.04625	19.7293	0.565217	0.015614	0.89125	92.4445
71	0.0508915	1.66275	21.5406	0.658171	0.0154353	0.907194	92.4445
72	0.0352374	1.1382	36.925	0.583208	0.015614	0.91588	92.4445
73	0.0146767	0.872044	16.1635	0.524738	0.015128	0.909287	92.4445
74	0.0106519	0.602153	8.63634	0.451274	0.015128	0.919511	96.4722
75	0.0101279	0.474192	7.49626	0.401799	0.01072	0.966763	69.6049
76	0.0101279	0.369076	5.90727	0.350825	0.0107831	0.934492	70.1728
77	0.0106355	0.312259	5.5867	0.314843	0.0105308	1.03872	70.1728
78	0.0100388	0.263866	4.98826	0.283358	0.0104442	1.13018	70.1728
79	0.0100388	0.244909	4.72828	0.268366	0.0104442	1.13713	70.1728
80	0.0100388	0.228721	4.33003	0.250375	0.0137123	1.13118	90.9224
81	0.0100388	0.219473	4.72828	0.236882	0.013926	1.19377	92.4445
82	0.0100388	0.207233	4.02524	0.223388	0.0103432	1.1399	64.8926
83	0.0100388	0.198277	3.87587	0.217391	0.0101786	1.1539	63.273
84	0.0100388	0.188217	3.98213	0.203898	0.0101786	1.10102	62.2102
85	0.0100388	0.183584	3.98213	0.197901	0.0103432	1.1128	64.8926
86	0.0100388	0.179882	3.87587	0.196402	0.012765	1.11533	79.6392
87	0.0100388	0.177699	3.77913	0.193403	0.013926	1.19255	92.4445
88	0.0101279	0.163507	3.54466	0.173913	0.0119221	1.07307	78.8
89	0.0100388	0.15506	3.45551	0.161919	0.011941	1.04379	78.6977
90	0.0100388	0.150148	3.34944	0.167916	0.0107253	0.882439	70.2132
91	0.0100388	0.145743	3.29219	0.164918	0.0102691	0.784281	70.2132
92	0.0100388	0.13478	3.01861	0.145427	0.0140179	0.800098	98.137
93	0.0100388	0.129033	2.61754	0.137931	0.0140179	0.745243	98.137
94	0.0100388	0.12511	2.52545	0.130435	0.0140179	0.763786	94.8509
95	0.0100388	0.119363	2.45263	0.121439	0.0140179	0.742561	94.8509
96	0.0100388	0.111058	2.04476	0.109445	0.0140179	0.80595	94.4368
97	0.0100388	0.109067	2.04476	0.103448	0.0140179	0.806351	94.8509
98	0.0100388	0.106257	2.20289	0.101949	0.0140724	0.819401	95.0818
99	0.0100388	0.103571	2.04476	0.0944528	0.0140179	0.832889	94.4368
100	0.0100388	0.103297	2.26761	0.095952	0.0151834	0.861743	95.0818
101	0.0100388	0.101359	2.45263	0.0914543	0.0155801	0.963545	95.0818
102	0.0100388	0.101768	2.31596	0.0929535	0.0155926	0.97164	92.2264
103	0.0100388	0.100474	2.04476	0.089955	0.0159785	0.976604	92.2261
104	0.0100388	0.0947429	1.78948	0.083958	0.0119558	0.924995	69.3735
105	0.0100067	0.0926445	1.82567	0.0824588	0.0116186	0.954019	65.762
106	0.0100067	0.0850857	1.4598	0.0689655	0.0116186	0.976611	65.762
107	0.0100067	0.0817737	1.45863	0.065967	0.0107253	1.00491	61.7946
108	0.0100067	0.0829537	1.82567	0.0734633	0.0125205	0.988716	75.5465
109	0.0100067	0.0791749	1.53791	0.0689655	0.0121576	0.998609	73.1016
110	0.0100067	0.0803002	1.67906	0.0749625	0.0155926	1.00995	92.2261
111	0.0100067	0.0783665	1.6767	0.071964	0.0140724	0.9335	81.3037
112	0.0100067	0.0774474	1.53791	0.0704648	0.0140724	0.918699	84.3083
113	0.0100067	0.0755975	1.48374	0.0689655	0.0122489	0.95153	77.4266
114	0.0100067	0.0761195	1.5199	0.071964	0.010117	0.981268	64.5338
115	0.0100067	0.0776187	1.67906	0.0794603	0.010117	1.02107	64.5783
116	0.0100067	0.0773657	1.67906	0.0809595	0.0131641	1.04339	81.3037
117	0.0100067	0.0731771	1.53791	0.071964	0.0140724	1.12239	81.3037
118	0.0100067	0.0741757	1.53791	0.071964	0.014622	1.2697	81.3037
119	0.0100067	0.0750163	1.53791	0.071964	0.014622	1.32443	81.3037
120	0.01017	0.0740421	1.47801	0.0689655	0.0159642	1.43317	86.3387
121	0.0100067	0.0766868	1.47653	0.071964	0.0159642	1.58116	82.0121
122	0.0100067	0.0790916	1.67906	0.0824588	0.0159642	1.56171	80.9246
123	0.0100067	0.0844752	2.04476	0.0929535	0.016356	1.55725	81.3037
124	0.0100067	0.0891158	2.16695	0.0989505
