		omega		Posterior		rho				Synonymous theta			kappa			phi	
Site	Lower	Point	Higher	prob of +ve	Lower	Point	Higher		Lower	Point	Higher	Lower	Point	Higher	Lower	Point	Higher
	95% HPD	estimate	95% HPD	selection	95% HPD	estimate	95% HPD		95% HPD	estimate	95% HPD	95% HPD	estimate	95% HPD	95% HPD	estimate	95% HPD
0	0.0100291	0.0273307	0.17797	0.00449775	0.0191122	1.75799	99.8029		0.0738282	0.100395	0.13421	1.78072	3.49726	6.24694	0	0	0
1	0.0100291	0.0269762	0.173055	0.00449775	0.0197355	1.96882	99.8029
2	0.0100291	0.0265255	0.152779	0.0029985	0.0223519	2.07898	99.7808
3	0.0100291	0.0255814	0.145041	0	0.0212319	2.06073	99.7808
4	0.0100291	0.0248605	0.135497	0	0.0236061	1.95932	99.7808
5	0.0100419	0.0246559	0.132566	0	0.0259232	2.10346	99.7808
6	0.010004	0.0236755	0.115164	0	0.0210483	1.89489	99.7808
7	0.010004	0.0231776	0.105446	0	0.0184509	1.69005	99.7808
8	0.010004	0.0226719	0.0959996	0	0.0164946	1.57887	99.7808
9	0.010004	0.0221447	0.0944202	0	0.0164946	1.51419	99.7808
10	0.010004	0.0219712	0.0924625	0	0.0191625	1.60572	99.7808
11	0.010004	0.0217229	0.0924625	0	0.0223519	1.75622	99.7808
12	0.010004	0.0216053	0.0886009	0	0.0214722	1.75414	99.7808
13	0.010004	0.0213683	0.0865311	0	0.0223519	1.7446	99.7808
14	0.010004	0.0213385	0.0865311	0	0.025011	1.81947	99.7808
15	0.010004	0.0213073	0.0865311	0	0.0238201	1.78393	99.7808
16	0.010004	0.0212447	0.0820831	0	0.0262786	1.74992	99.7808
17	0.010004	0.0211692	0.0824739	0.00149925	0.0262786	1.68032	99.7808
18	0.010004	0.0209737	0.0843023	0.00149925	0.0249529	1.44184	99.7808
19	0.010004	0.0207747	0.0818346	0.00149925	0.0224998	1.24845	99.7808
20	0.010004	0.0205642	0.0812566	0.00149925	0.0223519	1.11854	99.7808
21	0.010004	0.0204702	0.0818346	0.00149925	0.0187942	1.00001	89.2741
22	0.010004	0.0206026	0.0818346	0	0.0116261	0.888357	56.734
23	0.010004	0.0205283	0.0818346	0	0.0117124	0.834819	60.9825
24	0.010004	0.0203428	0.0763216	0	0.011927	0.639232	56.5312
25	0.010004	0.0201399	0.072213	0	0.011948	0.567996	56.734
26	0.010004	0.0199895	0.0687957	0	0.011948	0.49475	57.6722
27	0.010004	0.019873	0.0668065	0	0.011948	0.465146	57.6722
28	0.010004	0.0196165	0.0596925	0	0.0100659	0.420754	47.9159
29	0.010004	0.0194033	0.0580007	0	0.0100659	0.378341	41.6217
30	0.010004	0.0193397	0.0580007	0	0.0100659	0.318567	33.0863
31	0.010004	0.0194662	0.0580007	0.00149925	0.0100659	0.290375	34.7803
32	0.010004	0.0193187	0.0580007	0	0.0100659	0.233123	30.9596
33	0.010004	0.0194893	0.0584277	0	0.0101193	0.196464	28.3865
34	0.010004	0.019383	0.0584277	0	0.0100659	0.176024	25.0744
35	0.0100291	0.0195491	0.0596925	0	0.0100659	0.155705	21.8433
36	0.010004	0.0195865	0.0591563	0	0.0100659	0.126773	12.6395
37	0.0100291	0.0195517	0.0596925	0	0.0100659	0.0960417	2.70065
38	0.0100291	0.0195034	0.0596925	0	0.0100659	0.0786107	0.646661
39	0.010004	0.0196923	0.0596925	0	0.0100659	0.0667119	0.430044
40	0.010004	0.0196568	0.0596925	0	0.0100659	0.0648993	0.420161
41	0.010004	0.0194844	0.0596925	0	0.0106871	0.0640452	0.434859
42	0.010004	0.0195177	0.0601581	0	0.0106871	0.0640709	0.434859
43	0.010004	0.0195271	0.0596925	0	0.0106871	0.0656819	0.45868
44	0.010004	0.0192699	0.0585389	0	0.0108099	0.0673543	0.487835
45	0.010004	0.0191916	0.0585389	0	0.0100659	0.0690975	0.45868
46	0.010004	0.0190586	0.0585389	0	0.0106871	0.0704784	0.487835
47	0.0100291	0.0189638	0.0585389	0	0.0108099	0.0703425	0.504212
48	0.0100291	0.0189332	0.0585389	0	0.0108099	0.071728	0.504001
49	0.0100291	0.0189495	0.0585389	0	0.0106871	0.0699646	0.504212
50	0.0100291	0.0189699	0.0584277	0	0.0106871	0.06992	0.504212
51	0.010004	0.0188425	0.0576872	0	0.0104639	0.0701476	0.504212
52	0.010004	0.0189337	0.0580007	0	0.0108099	0.0738135	0.617218
53	0.0100291	0.0189817	0.0584277	0	0.0107466	0.0751046	0.637759
54	0.010004	0.0190122	0.0580007	0.00149925	0.0106871	0.0712823	0.540967
55	0.0100291	0.0189082	0.0585389	0	0.0106871	0.0695879	0.504212
56	0.0100028	0.0188795	0.0576872	0	0.0101193	0.0672923	0.47037
57	0.0100028	0.0189051	0.0580007	0	0.0106606	0.0658264	0.47037
58	0.0100028	0.0189375	0.0580007	0	0.0101193	0.0679834	0.458646
59	0.0100028	0.0189253	0.0561961	0	0.0101193	0.069415	0.47037
60	0.0100028	0.0188364	0.0529948	0	0.0102375	0.0721262	0.487812
61	0.0100028	0.0188265	0.0555177	0	0.0101193	0.0728454	0.47037
62	0.0100028	0.0187723	0.0526795	0	0.0101193	0.0755165	0.47037
63	0.0100028	0.018738	0.0492939	0	0.0101971	0.0757566	0.487812
64	0.0100028	0.0189401	0.0529948	0	0.0101193	0.0776048	0.494989
65	0.0100028	0.018934	0.0555177	0	0.0101971	0.0788267	0.504001
66	0.0100028	0.0187772	0.0512334	0	0.0107438	0.0834152	0.552678
67	0.0100028	0.0188863	0.0512334	0.0029985	0.0101971	0.084727	0.504001
68	0.0100028	0.0187316	0.0492939	0.00149925	0.0106606	0.0857227	0.552678
69	0.0100028	0.0185878	0.0476044	0	0.0101193	0.0896366	0.552678
70	0.0100028	0.0186843	0.0492939	0	0.0100655	0.102622	0.686864
71	0.0100028	0.0187822	0.0476044	0	0.0100655	0.110041	0.711129
72	0.0100028	0.0189031	0.0512334	0	0.0107466	0.12059	0.776283
73	0.0100028	0.0187768	0.0492939	0	0.0102997	0.129898	0.790823
74	0.0100028	0.0188114	0.0492939	0	0.0129992	0.139586	1.06538
75	0.0100028	0.0186735	0.0476044	0	0.0108099	0.152569	0.938481
76	0.0100028	0.0187753	0.0498961	0	0.0108099	0.162557	0.938481
77	0.0100028	0.0188307	0.0504167	0	0.0108099	0.171836	0.956779
78	0.0100028	0.0188864	0.0504167	0	0.0137673	0.195236	1.23693
79	0.0100028	0.0188337	0.0504167	0	0.0152065	0.235225	1.38157
80	0.0100028	0.0188994	0.0512334	0	0.0164347	0.265252	1.62058
81	0.0100028	0.0188387	0.0512334	0	0.0189111	0.297739	1.62894
82	0.0100028	0.0187914	0.0512334	0	0.0217409	0.310753	1.62894
83	0.0100028	0.0188434	0.0492939	0	0.0369891	0.354361	1.62894
84	0.0100028	0.0191392	0.0526795	0.0029985	0.0509831	0.383832	1.62894
85	0.0100028	0.019177	0.0538986	0.0029985	0.0811651	0.414537	1.62894
86	0.0100028	0.0188802	0.0512334	0	0.11625	0.433059	1.97525
87	0.010004	0.0187093	0.0498961	0	0.12897	0.449657	1.66673
88	0.010004	0.0187352	0.0498961	0	0.13575	0.458066	1.66673
89	0.010004	0.0189001	0.0522624	0	0.127557	0.502512	1.65817
90	0.010004	0.0189658	0.0542318	0	0.13575	0.515138	1.86435
91	0.010004	0.0190667	0.0543271	0	0.127557	0.502752	1.86435
92	0.0100299	0.0193669	0.061282	0	0.127557	0.478189	1.86435
93	0.010004	0.0190873	0.0589834	0	0.104691	0.489187	1.85631
94	0.010004	0.0188669	0.0581246	0	0.109206	0.476994	4.20228
95	0.010004	0.0186857	0.0555177	0	0.0131816	0.428429	1.65317
96	0.010004	0.0185235	0.0526803	0	0.0115856	0.295737	1.6087
97	0.010004	0.0187136	0.056424	0	0.0101412	0.193018	1.23075
98	0.010004	0.01851	0.0522624	0	0.0100009	0.148321	1.05051
99	0.0100066	0.0185621	0.0526803	0	0.0101657	0.113763	0.900024
100	0.010004	0.0184255	0.0522624	0	0.0101412	0.0758451	0.704246
101	0.010004	0.0184647	0.0522624	0	0.0100009	0.0534791	0.51434
102	0.0100066	0.0185571	0.0526803	0	0.0100009	0.0440193	0.430814
103	0.010004	0.0185706	0.0526803	0	0.0100009	0.0377506	0.390773
104	0.010004	0.0185729	0.0548643	0	0.0100009	0.032764	0.260447
105	0.010004	0.0185973	0.056424	0	0.0100009	0.0316943	0.242874
106	0.010004	0.0187014	0.0568943	0	0.0100009	0.0307964	0.228829
107	0.010004	0.0188074	0.0582285	0	0.0100009	0.0295794	0.199584
108	0.0100299	0.0189083	0.0592175	0	0.0100009	0.028258	0.173756
109	0.010004	0.0188277	0.056424	0	0.0100009	0.0271007	0.12746
110	0.010004	0.018799	0.056424	0	0.0100009	0.0264755	0.104763
111	0.010004	0.0190373	0.0582285	0	0.0100009	0.026301	0.103406
112	0.0100299	0.019113	0.0593108	0	0.0100009	0.0260803	0.10174
113	0.010004	0.0192342	0.0607225	0	0.0100009	0.0259349	0.0898317
114	0.010004	0.0192352	0.0593108	0	0.0100009	0.0258524	0.088552
115	0.010004	0.0191968	0.0607225	0	0.0100009	0.0255142	0.0831117
116	0.010004	0.0192184	0.0593108	0	0.0100009	0.0253466	0.0813894
117	0.010004	0.0191963	0.0593108	0	0.0100009	0.025169	0.0808881
118	0.010004	0.019194	0.0607225	0	0.0100009	0.0250552	0.0788217
119	0.010004	0.019191	0.0607225	0	0.0100009	0.0253548	0.0808881
120	0.010004	0.0191818	0.0607225	0	0.0101412	0.0254217	0.0835728
121	0.010004	0.0191838	0.0607225	0	0.0100009	0.0256743	0.0825447
122	0.0100257	0.0192638	0.0626624	0	0.0100009	0.0259718	0.0831117
123	0.010004	0.0192668	0.0626624	0	0.0100009	0.0260913	0.0875776
124	0.010004	0.0193292	0.0626624	0	0.0100009	0.0261328	0.0861205
125	0.010004	0.0192844	0.0626624	0	0.0100009	0.0263691	0.0898317
126	0.010004	0.0192146	0.0612183	0	0.0100009	0.0263666	0.0898317
127	0.0100257	0.0193367	0.0626624	0	0.0101657	0.0269918	0.0969493
128	0.0100257	0.0193015	0.0626624	0	0.0101657	0.0269059	0.0969493
129	0.010004	0.0192226	0.0623364	0	0.0101412	0.0271198	0.0969493
130	0.010004	0.0190768	0.059187	0	0.0101412	0.0267273	0.096165
131	0.010004	0.0190714	0.059187	0	0.0100104	0.026952	0.0969493
132	0.010004	0.0189997	0.0578082	0	0.0100943	0.0270295	0.0969493
133	0.010004	0.019114	0.059187	0	0.0100943	0.0268591	0.104763
134	0.010004	0.0192458	0.0623364	0	0.0100104	0.0263253	0.102798
135	0.010004	0.0192545	0.0626021	0	0.0101412	0.0258348	0.0969493
136	0.010004	0.0190924	0.0612183	0	0.0100104	0.0258593	0.0941292
137	0.010004	0.0190989	0.0612183	0	0.0101412	0.0260955	0.0969493
138	0.010004	0.0192972	0.0612183	0	0.0101412	0.0261613	0.0969493
139	0.010004	0.0192881	0.0607225	0	0.0100104	0.0258866	0.0941292
140	0.010004	0.0192927	0.0584845	0	0.0100104	0.0260857	0.101353
141	0.010004	0.0194144	0.0607225	0	0.0100104	0.0260837	0.0969493
142	0.010004	0.0195817	0.0626021	0	0.0101412	0.0259057	0.0969493
143	0.010004	0.0195863	0.0626021	0	0.0100943	0.0257102	0.0969493
144	0.010004	0.0196663	0.0612183	0	0.0101302	0.0256534	0.0969493
145	0.010004	0.0198395	0.0626021	0	0.0100104	0.025869	0.0987125
146	0.010004	0.0199621	0.0626021	0	0.0100104	0.0254635	0.0969493
147	0.010004	0.0198999	0.0584845	0	0.0100943	0.0253065	0.0969493
148	0.010004	0.0200651	0.0618906	0	0.0100104	0.0250611	0.0921804
149	0.010004	0.0202143	0.0659809	0	0.0100104	0.024905	0.0912848
150	0.010004	0.0204281	0.0659809	0	0.0100226	0.0250974	0.0969493
151	0.010004	0.0206521	0.0661651	0	0.0100104	0.0250522	0.096165
152	0.010004	0.0205113	0.0618906	0	0.0100104	0.0247814	0.0856363
153	0.010004	0.0206276	0.0626021	0	0.0100104	0.0248482	0.0862203
154	0.010004	0.0203474	0.0613652	0	0.0100104	0.025016	0.096165
155	0.010004	0.0206261	0.0661651	0	0.0100104	0.0250858	0.0969493
156	0.010004	0.0206844	0.066602	0	0.0100104	0.0252836	0.0975191
157	0.010004	0.0207796	0.0675464	0	0.0100104	0.0249969	0.0912848
158	0.010004	0.0205993	0.0659809	0	0.0100104	0.0250931	0.0969365
159	0.010004	0.0206505	0.0681643	0	0.0100104	0.0259053	0.108339
160	0.010004	0.0205481	0.0675464	0	0.0100226	0.0262859	0.115937
161	0.010004	0.0207587	0.0681643	0.00149925	0.0100226	0.0261432	0.114291
162	0.010004	0.0207364	0.0685582	0	0.0100226	0.0270334	0.138064
163	0.010004	0.0205341	0.0656659	0	0.0100226	0.0272814	0.139873
164	0.010004	0.0206396	0.0626021	0	0.0100226	0.0280742	0.156076
165	0.010004	0.0208009	0.0650986	0	0.0100226	0.0288294	0.163875
166	0.010004	0.0209049	0.0656659	0	0.0100226	0.0294337	0.182084
167	0.010004	0.0211569	0.0681643	0	0.0100226	0.0290214	0.172561
168	0.010004	0.0212618	0.0681643	0	0.0100226	0.0289959	0.172561
169	0.010004	0.0216146	0.0699671	0	0.0100226	0.029053	0.176471
170	0.0100068	0.0219967	0.0749572	0	0.0100226	0.02855	0.172561
171	0.010004	0.0221911	0.0754994	0	0.0100226	0.0283515	0.170385
172	0.010004	0.0225122	0.0786044	0	0.0100226	0.0284916	0.165069
173	0.010004	0.0227005	0.0821746	0	0.0100226	0.0286144	0.165069
174	0.010004	0.022769	0.0821746	0	0.0100226	0.028636	0.165069
175	0.010004	0.0229135	0.0786044	0	0.0100226	0.0283943	0.160886
176	0.010004	0.0228258	0.07801	0	0.0100226	0.0288243	0.163875
177	0.010004	0.0228339	0.0786044	0	0.0100226	0.0285997	0.164817
178	0.010004	0.0227642	0.0786044	0	0.0100226	0.0284494	0.165069
179	0.010004	0.0228338	0.0786044	0	0.0100226	0.0289469	0.186554
180	0.010004	0.0230606	0.082532	0	0.0100359	0.0293409	0.192577
181	0.0100068	0.0235951	0.0950685	0	0.0100226	0.0298664	0.192577
182	0.010004	0.0237297	0.0950685	0	0.0100226	0.030717	0.212175
183	0.010004	0.0241753	0.105483	0	0.0100226	0.0315238	0.21945
184	0.010004	0.0245762	0.107641	0	0.0100226	0.0344575	0.291868
185	0.010004	0.025004	0.115211	0	0.0100226	0.0368541	0.390652
186	0.010004	0.0254444	0.120361	0	0.0100226	0.0391993	0.49275
187	0.010004	0.0262768	0.132913	0	0.0100226	0.0414102	0.682805
188	0.010004	0.0268407	0.133505	0	0.0100226	0.0458292	1.10151
189	0.010004	0.0280347	0.173742	0.00449775	0.0100226	0.0518927	1.85442
190	0.0100068	0.0292097	0.189191	0.005997
