		omega		Posterior		rho				Synonymous theta			kappa			phi	
Site	Lower	Point	Higher	prob of +ve	Lower	Point	Higher		Lower	Point	Higher	Lower	Point	Higher	Lower	Point	Higher
	95% HPD	estimate	95% HPD	selection	95% HPD	estimate	95% HPD		95% HPD	estimate	95% HPD	95% HPD	estimate	95% HPD	95% HPD	estimate	95% HPD
0	0.0100506	0.100506	1.55036	0.0809595	0.0268979	2.05625	88.9193		0.00566632	0.012398	0.0260163	1.00225	4.0812	17.794	0	0	0
1	0.0105256	0.0965856	1.38413	0.0704648	0.0290787	2.07049	94.1873
2	0.0105256	0.0923543	1.19643	0.0584708	0.0301758	2.03746	97.5899
3	0.0101822	0.0876307	0.844935	0.041979	0.0290787	1.90345	94.1873
4	0.0101822	0.0863394	0.845069	0.0434783	0.0267058	1.81031	88.9193
5	0.0101822	0.0876491	0.845069	0.0449775	0.0261928	1.71143	88.9193
6	0.0100506	0.0835118	0.766766	0.035982	0.0261928	1.64072	96.6811
7	0.0100506	0.0816585	0.765467	0.0374813	0.0225778	1.54358	88.9193
8	0.0105285	0.081311	0.836645	0.0374813	0.022766	1.5114	88.9193
9	0.010565	0.0818733	0.786461	0.029985	0.022766	1.65801	88.9193
10	0.0106196	0.0820033	0.827292	0.0329835	0.0225778	1.71801	88.9193
11	0.0100506	0.0834851	0.786461	0.0329835	0.0248256	1.67753	96.9519
12	0.010768	0.0826508	0.845069	0.0329835	0.0248256	1.66575	96.9519
13	0.0104172	0.0832414	0.827292	0.035982	0.0218661	1.62094	88.9193
14	0.0104172	0.0833762	0.827292	0.035982	0.0225778	1.51094	88.9193
15	0.0104172	0.0830376	0.827292	0.0374813	0.0225778	1.56334	89.0905
16	0.0100506	0.0839548	0.827292	0.0434783	0.0225778	1.41612	89.0905
17	0.0101822	0.0831805	0.827292	0.041979	0.0218661	1.20319	89.0905
18	0.0100506	0.082069	0.827292	0.041979	0.0215212	1.11022	87.3246
19	0.0101822	0.0806827	0.823826	0.0374813	0.0215212	1.07608	88.3382
20	0.0100506	0.0813635	0.868144	0.0389805	0.022766	1.17197	88.9193
21	0.0101822	0.0822213	0.868144	0.0374813	0.02263	1.21789	88.9193
22	0.0100506	0.0827535	0.844935	0.035982	0.0234306	1.3113	90.3925
23	0.0100506	0.0839139	0.868144	0.0389805	0.0234306	1.24991	91.1266
24	0.0100506	0.0909806	1.10865	0.0524738	0.0216029	1.20432	94.618
25	0.0101822	0.0932847	1.24685	0.05997	0.020916	1.12261	94.618
26	0.0101822	0.0882944	0.947187	0.047976	0.0167897	0.938161	88.9193
27	0.0100506	0.0885335	0.927971	0.0449775	0.0165031	0.865343	91.1266
28	0.0101822	0.0915173	0.947187	0.0464768	0.0163191	0.787332	90.4521
29	0.0100506	0.0960743	1.01781	0.0509745	0.0161243	0.787687	94.618
30	0.0100506	0.0982779	1.07525	0.053973	0.0161243	0.811344	91.6992
31	0.0100506	0.101223	1.07525	0.053973	0.0161243	0.9532	91.6992
32	0.0102423	0.105464	1.20313	0.0584708	0.0100391	0.8532	59.229
33	0.0101822	0.109981	1.16735	0.0614693	0.0102835	0.730682	52.9722
34	0.0101822	0.114342	1.12047	0.0584708	0.0100391	0.641785	44.7051
35	0.0101822	0.118871	1.16735	0.0629685	0.0102835	0.688162	44.7051
36	0.0111732	0.123682	1.32736	0.0689655	0.0132216	0.742074	61.4203
37	0.0110848	0.132175	1.3308	0.0794603	0.0127003	0.870776	61.4203
38	0.0110848	0.134345	1.32736	0.0764618	0.013291	1.01598	68.4703
39	0.0123628	0.144655	1.81555	0.0914543	0.0136995	0.979933	68.4703
40	0.0123628	0.153682	1.83241	0.101949	0.0127003	1.01843	61.4203
41	0.0111732	0.169812	1.77327	0.115442	0.013199	1.18364	68.4703
42	0.0146859	0.194565	3.07513	0.136432	0.0190127	1.25653	98.0542
43	0.0132415	0.220392	3.13869	0.157421	0.0138692	1.18519	68.4703
44	0.0123628	0.256307	4.32872	0.188906	0.0134531	1.16261	68.4703
45	0.0186821	0.306278	6.68147	0.227886	0.0100003	1.17546	54.3873
46	0.0140274	0.245711	3.74106	0.190405	0.0159834	1.23044	88.1175
47	0.0123628	0.204542	3.13869	0.151424	0.0115524	1.19386	59.4686
48	0.0112843	0.185503	2.40949	0.128936	0.0115524	1.1213	61.3799
49	0.0100058	0.168825	1.79334	0.109445	0.012571	1.18551	72.6411
50	0.0114362	0.150178	1.60282	0.0869565	0.0163362	1.15071	97.257
51	0.0112843	0.139333	1.36446	0.0764618	0.0166786	1.10084	98.6088
52	0.0112843	0.1293	1.29963	0.0674663	0.0165277	1.10963	97.257
53	0.0100382	0.122854	1.05534	0.0569715	0.0115524	1.05788	61.6781
54	0.010598	0.115118	1.06651	0.0509745	0.0115524	0.951168	61.6781
55	0.0102732	0.108622	0.904634	0.0434783	0.0117867	0.870473	61.6781
56	0.010019	0.100014	0.859889	0.0404798	0.0117867	0.850733	54.4681
57	0.0113241	0.0932972	0.893176	0.0329835	0.0117867	0.851754	52.9253
58	0.0112843	0.0921012	0.874506	0.029985	0.0117867	0.857727	52.9253
59	0.0112843	0.0922197	0.893176	0.0329835	0.0171893	0.905368	98.6088
60	0.0102732	0.0914726	0.795231	0.0344828	0.0117867	0.848836	63.4185
61	0.0102732	0.0893824	0.802016	0.035982	0.0118496	0.782623	61.1959
62	0.0100382	0.0876846	0.768518	0.0374813	0.0118496	0.754105	61.1959
63	0.0100382	0.0851767	0.723011	0.0344828	0.0188883	0.7378	98.0542
64	0.0100382	0.0814283	0.648025	0.029985	0.0183229	0.743371	98.0542
65	0.0101095	0.0789025	0.647136	0.0269865	0.0101033	0.791682	52.9253
66	0.0101095	0.0778842	0.647136	0.0284858	0.019954	0.950792	96.5886
67	0.0100382	0.0756225	0.614677	0.023988	0.0198563	1.00323	96.5886
68	0.0101095	0.0727667	0.614677	0.0224888	0.0190483	1.12107	98.0542
69	0.0100382	0.0696524	0.581015	0.0209895	0.0168029	1.24298	98.0542
70	0.0100382	0.0671094	0.546865	0.0164918	0.0168029	1.26115	98.0542
71	0.0100382	0.0657309	0.546865	0.017991	0.0180842	1.29784	96.5886
72	0.0100382	0.0648138	0.571933	0.0194903	0.0190483	1.27909	98.0542
73	0.0101095	0.0645527	0.571933	0.0209895	0.0196221	1.46093	96.6869
74	0.0101095	0.063507	0.546865	0.017991	0.0191889	1.42815	96.6869
75	0.0101095	0.0640964	0.581015	0.017991	0.0190483	1.44735	98.0542
76	0.0101253	0.0656196	0.614677	0.023988	0.0148469	1.37641	86.1735
77	0.0103064	0.0649511	0.62185	0.0254873	0.0117867	1.38282	72.7522
78	0.0103064	0.0650898	0.62185	0.0269865	0.0190483	1.4952	96.6869
79	0.0101095	0.064655	0.62185	0.029985	0.0190483	1.43946	96.6869
80	0.0100304	0.0648421	0.714501	0.0329835	0.0191658	1.4232	95.2067
81	0.0101095	0.0635231	0.623102	0.0314843	0.0190483	1.3626	95.2067
82	0.0101253	0.0626068	0.623102	0.029985	0.0190483	1.26888	93.7048
83	0.0103064	0.0604415	0.623102	0.0269865	0.0183848	1.11667	96.6869
84	0.0103064	0.0611046	0.623102	0.0269865	0.014804	1.11957	78.125
85	0.0103064	0.06156	0.623102	0.0269865	0.0142122	1.09864	78.125
86	0.0104581	0.0605957	0.623102	0.0254873	0.01468	1.05974	78.125
87	0.0103064	0.0610255	0.62185	0.0269865	0.0148661	1.03075	78.125
88	0.0103064	0.0605477	0.623102	0.0284858	0.0148661	0.974578	77.8044
89	0.0100304	0.0605249	0.614577	0.029985	0.0149026	0.845952	77.8044
90	0.0100304	0.0609472	0.614577	0.0254873	0.0163941	0.729038	78.125
91	0.0100304	0.0612345	0.623102	0.0269865	0.01468	0.651867	72.7522
92	0.0100304	0.0613429	0.623102	0.0254873	0.0103985	0.575833	51.3858
93	0.0100304	0.0629412	0.744238	0.0284858	0.0103985	0.457335	46.0056
94	0.0100304	0.0616014	0.623102	0.0284858	0.0106784	0.395652	46.2428
95	0.0100304	0.0602303	0.623102	0.029985	0.0100595	0.356391	40.5247
96	0.0100304	0.0602393	0.715517	0.0314843	0.0100595	0.290855	29.0561
97	0.0100304	0.0600666	0.744238	0.0344828	0.0102498	0.242879	26.4414
98	0.0103064	0.0611802	0.873967	0.0389805	0.0102498	0.215902	26.5819
99	0.0104581	0.0609684	0.873967	0.0374813	0.0103985	0.196919	25.8053
100	0.0105136	0.0617661	0.873967	0.0374813	0.0100595	0.173929	21.2579
101	0.0100304	0.0616127	0.789756	0.0344828	0.0102498	0.164221	18.9121
102	0.0101253	0.0591337	0.659147	0.029985	0.0100595	0.158573	16.1638
103	0.0100304	0.0589795	0.694167	0.0314843	0.0100595	0.147269	13.6268
104	0.0100304	0.0566252	0.603926	0.023988	0.0100595	0.14163	12.887
105	0.0103064	0.0571022	0.631041	0.0269865	0.0100595	0.133706	13.6268
106	0.0100304	0.0577169	0.603926	0.0254873	0.0100595	0.133245	14.623
107	0.0104688	0.0577293	0.631041	0.0269865	0.0100595	0.130361	14.0625
108	0.0103784	0.0580932	0.642634	0.0284858	0.0100595	0.128901	11.5136
109	0.0100304	0.056423	0.571933	0.0209895	0.0100595	0.129961	9.86686
110	0.0103784	0.0558101	0.577521	0.017991	0.0100595	0.13169	11.5136
111	0.0104688	0.0587363	0.631041	0.023988	0.0102498	0.12825	12.2182
112	0.0100304	0.0601474	0.652155	0.0314843	0.0100595	0.128727	12.9419
113	0.0100304	0.0580569	0.603926	0.023988	0.0102498	0.119763	12.4304
114	0.0100304	0.0574213	0.571419	0.0194903	0.0100595	0.115878	11.5136
115	0.0102228	0.059244	0.62712	0.023988	0.0100595	0.120483	12.4304
116	0.0102228	0.0628715	0.742847	0.0314843	0.0100595	0.124252	15.2859
117	0.0102228	0.0638288	0.744238	0.035982	0.0100595	0.13055	22.0951
118	0.0101253	0.0662338	0.744238	0.035982	0.0102498	0.133282	20.8585
119	0.0100304	0.0655316	0.671626	0.0284858	0.0104022	0.140713	22.1492
120	0.0100304	0.0665366	0.642634	0.0269865	0.0100595	0.146241	20.8585
121	0.0100304	0.0688332	0.695245	0.0314843	0.0107351	0.152466	22.1492
122	0.0100985	0.0706561	0.76217	0.035982	0.0107351	0.154509	22.1492
123	0.0100985	0.0721257	0.833811	0.0374813	0.0102498	0.165441	20.8585
124	0.0100985	0.0704724	0.744238	0.029985	0.0100595	0.210615	28.8036
125	0.0101253	0.0710692	0.744238	0.0284858	0.0100595	0.225114	31.7141
126	0.0100985	0.0695857	0.671626	0.0284858	0.0104022	0.261759	37.0753
127	0.0100985	0.0702635	0.76217	0.0344828	0.0109285	0.311007	49.3494
128	0.0100985	0.0707119	0.841086	0.0404798	0.0107351	0.341115	42.3421
129	0.0100985	0.0714745	0.833811	0.0389805	0.0107351	0.326153	40.39
130	0.0100985	0.0722807	0.864473	0.0434783	0.0107351	0.33351	40.39
131	0.0100985	0.0735591	0.861853	0.041979	0.0100595	0.327308	33.9351
132	0.0100985	0.0735043	0.861853	0.0404798	0.0110366	0.3275	40.39
133	0.0100985	0.0736588	0.833811	0.0389805	0.0110366	0.329241	40.39
134	0.0100985	0.0755734	0.833811	0.0389805	0.0110366	0.324193	40.39
135	0.0102083	0.0772555	0.865945	0.0374813	0.0100595	0.291226	29.0062
136	0.0100985	0.0804314	0.865945	0.041979	0.0100595	0.287254	25.238
137	0.0100985	0.0802065	0.875751	0.0449775	0.0100595	0.277465	24.5469
138	0.0100985	0.0810576	0.904484	0.0464768	0.0100595	0.271998	23.5297
139	0.0100985	0.0821743	0.912742	0.047976	0.0100595	0.26575	23.5297
140	0.0100985	0.0835569	1.07948	0.0509745	0.0100595	0.257473	22.7245
141	0.0100985	0.0870872	1.14832	0.0584708	0.0100595	0.262744	23.5297
142	0.0100985	0.087986	1.14474	0.0584708	0.0100595	0.264043	24.5469
143	0.0102083	0.090049	1.18445	0.0629685	0.0100595	0.274975	28.0793
144	0.0100985	0.0908189	1.17726	0.0644678	0.0100595	0.284002	28.0793
145	0.0100985	0.0939609	1.17726	0.065967	0.0100595	0.279942	27.023
146	0.0100985	0.10066	1.31495	0.0794603	0.0100595	0.276897	27.023
147	0.0102083	0.106016	1.33463	0.0854573	0.0100684	0.263886	32.4566
148	0.0100985	0.112861	1.33463	0.0884558	0.0100684	0.255898	32.4566
149	0.0100985	0.121059	1.55275	0.0974513	0.0100595	0.254161	27.8701
150	0.0100985	0.130852	1.69933	0.104948	0.0100595	0.313225	40.1525
151	0.0100985	0.14431	1.84025	0.11994	0.0100827	0.337945	51.1373
152	0.0101253	0.158988	1.92084	0.134933	0.0100595	0.342721	52.172
153	0.0102228	0.191773	2.19666	0.157421	0.0100595	0.328275	51.4199
154	0.0107295	0.245026	2.49189	0.196402	0.0110415	0.326467	51.4199
155	0.0103278	0.368425	3.24571	0.266867	0.0109406	0.330212	52.172
156	0.0310171	0.591034	9.31085	0.361319	0.0100595	0.356445	51.4199
157	0.0281834	0.476531	9.31085	0.326837	0.0100595	0.34447	49.7773
158	0.0120091	0.393714	4.51733	0.290855	0.0100684	0.364889	52.9309
159	0.0107295	0.354706	3.66996	0.272864	0.0100595	0.404878	52.9309
160	0.010042	0.336346	3.25373	0.262369	0.0100595	0.427485	49.7773
161	0.0110575	0.336378	3.77796	0.265367	0.0100595	0.453518	49.7773
162	0.0102083	0.314364	3.23518	0.26087
