		omega		Posterior		rho				Synonymous theta			kappa			phi	
Site	Lower	Point	Higher	prob of +ve	Lower	Point	Higher		Lower	Point	Higher	Lower	Point	Higher	Lower	Point	Higher
	95% HPD	estimate	95% HPD	selection	95% HPD	estimate	95% HPD		95% HPD	estimate	95% HPD	95% HPD	estimate	95% HPD	95% HPD	estimate	95% HPD
0	0.0102583	0.0807032	0.438754	0.0134933	0.0100814	0.079145	4.14662		0.0369352	0.0487776	0.0655422	3.48277	7.05234	15.1209	0	0	0
1	0.0105932	0.0775275	0.410317	0.005997	0.0100814	0.0700269	2.71374
2	0.0105932	0.0771511	0.410317	0.00449775	0.0100814	0.0665782	2.14605
3	0.0105932	0.078711	0.410317	0.00449775	0.0100814	0.0628411	1.78921
4	0.0105932	0.0797135	0.412191	0.00449775	0.0100814	0.0613421	1.7948
5	0.0105932	0.0807696	0.416633	0.00449775	0.0100814	0.0593388	1.68714
6	0.0102583	0.0850064	0.412191	0.00449775	0.0100814	0.0565943	1.35307
7	0.0106177	0.0854783	0.416633	0.00449775	0.0100814	0.0516389	0.654702
8	0.0105932	0.0863621	0.416633	0.00449775	0.0100814	0.0507966	0.636008
9	0.0102583	0.0880188	0.416406	0.00749625	0.0100814	0.049762	0.575472
10	0.0121545	0.0930377	0.525871	0.0089955	0.0100814	0.0465506	0.41358
11	0.0111449	0.0977917	0.514018	0.0134933	0.0100814	0.0444466	0.342011
12	0.010925	0.0991042	0.525871	0.017991	0.0100814	0.0420957	0.249503
13	0.0102583	0.105626	0.634505	0.029985	0.0100814	0.0437911	0.288971
14	0.0102583	0.0982037	0.514018	0.023988	0.0100814	0.0442107	0.299572
15	0.0105932	0.0893839	0.473264	0.011994	0.0100814	0.0470432	0.362508
16	0.0101928	0.0826907	0.412191	0.00749625	0.0100814	0.0487207	0.41358
17	0.0102583	0.0801721	0.412328	0.00749625	0.0100814	0.048912	0.478716
18	0.0105932	0.0767598	0.412328	0.00449775	0.0100814	0.0497121	0.481981
19	0.0101928	0.0744605	0.364496	0.00149925	0.0100814	0.0463176	0.299749
20	0.0101928	0.072338	0.356752	0	0.0100814	0.0454177	0.299572
21	0.0101928	0.0705255	0.337455	0	0.0100814	0.0452767	0.288971
22	0.0101928	0.0701891	0.34689	0	0.0100814	0.0456515	0.299639
23	0.0100875	0.0706641	0.337455	0.00149925	0.0100814	0.0457764	0.299639
24	0.0101928	0.0711009	0.353292	0	0.0100814	0.0473362	0.330125
25	0.0101928	0.0696584	0.353292	0	0.0100814	0.0482187	0.330125
26	0.0101928	0.0672226	0.331722	0	0.0100814	0.0504594	0.346065
27	0.0100875	0.0672503	0.331722	0	0.0100814	0.0518622	0.363857
28	0.0100875	0.0680475	0.34689	0.00449775	0.0101343	0.0523147	0.365269
29	0.0100875	0.0685435	0.34689	0.00449775	0.0103913	0.0531866	0.365269
30	0.0101928	0.068828	0.362247	0.00449775	0.0100814	0.0543079	0.365269
31	0.0101928	0.0689011	0.362215	0.00449775	0.0100814	0.0562991	0.363857
32	0.0100875	0.0691407	0.375848	0.00449775	0.0100814	0.0543139	0.32618
33	0.0100875	0.0709076	0.386826	0.0029985	0.0100814	0.055071	0.305007
34	0.0103341	0.0740967	0.461385	0.0089955	0.0100814	0.0560865	0.304631
35	0.0100875	0.0767796	0.478942	0.0134933	0.0100814	0.0572136	0.302653
36	0.0103022	0.0803088	0.528248	0.017991	0.0100814	0.0585697	0.304631
37	0.0101967	0.0819426	0.528248	0.017991	0.0100814	0.0578054	0.304631
38	0.0105017	0.0785044	0.528248	0.0164918	0.0100814	0.0593254	0.310501
39	0.0101967	0.0746797	0.478942	0.0164918	0.0100814	0.062733	0.363857
40	0.0101967	0.0697117	0.449009	0.0104948	0.0100814	0.0674864	0.448827
41	0.0101967	0.0648678	0.417656	0.00449775	0.0111163	0.0735062	0.539753
42	0.0102565	0.0606726	0.39388	0.0029985	0.0108292	0.0735265	0.491246
43	0.0101967	0.0562245	0.337039	0	0.0109998	0.0796173	0.539753
44	0.0102565	0.0547324	0.323795	0	0.0108292	0.085057	0.529212
45	0.0102634	0.0537629	0.317565	0	0.0109998	0.0891518	0.543716
46	0.0102565	0.0522669	0.317565	0	0.0108292	0.0866459	0.483129
47	0.0102565	0.0517664	0.287529	0.00149925	0.0109998	0.0815313	0.465457
48	0.0102565	0.0512043	0.28184	0.0029985	0.0108292	0.0785931	0.409819
49	0.0102565	0.0497648	0.28184	0.0029985	0.0109998	0.079683	0.409819
50	0.0102565	0.0492972	0.274644	0.0029985	0.0110134	0.0805002	0.409819
51	0.0102396	0.0484544	0.28184	0.00449775	0.012025	0.0836464	0.483129
52	0.0102396	0.0469621	0.263572	0.0029985	0.0121807	0.0855446	0.475377
53	0.0102396	0.0451011	0.246786	0.00149925	0.0128353	0.085076	0.475201
54	0.0102396	0.0445572	0.232818	0.00149925	0.0128385	0.0858595	0.456281
55	0.0102565	0.0443628	0.232818	0	0.0128886	0.0869086	0.456281
56	0.0102396	0.0439392	0.220381	0.0029985	0.0134699	0.0894668	0.46099
57	0.0102396	0.044427	0.232818	0.00449775	0.0178831	0.0919489	0.542558
58	0.0102396	0.0437655	0.220381	0.00449775	0.0194026	0.094526	0.542558
59	0.0102396	0.0426853	0.215873	0.0029985	0.019694	0.101017	0.612338
60	0.0102396	0.0417743	0.210241	0	0.019694	0.112538	0.612338
61	0.0102396	0.0412757	0.210241	0	0.019694	0.116682	0.731654
62	0.0102396	0.040154	0.208988	0	0.0161797	0.11488	0.736019
63	0.0102396	0.0404009	0.210241	0.00149925	0.0154341	0.109024	0.612338
64	0.0100731	0.0401676	0.202835	0.0029985	0.0147468	0.100974	0.502818
65	0.0100731	0.0399356	0.207439	0.00149925	0.0147468	0.0943619	0.49837
66	0.0100731	0.0401811	0.210241	0	0.0142875	0.0910384	0.46654
67	0.0102396	0.0401327	0.217154	0	0.0142875	0.0904875	0.502818
68	0.0101357	0.0391657	0.210241	0	0.0147408	0.0878525	0.46099
69	0.0100731	0.038624	0.207439	0.00149925	0.0122204	0.0878442	0.383297
70	0.0102396	0.0386703	0.210241	0	0.0122204	0.087269	0.402283
71	0.0102396	0.0385237	0.210241	0	0.0122204	0.085147	0.374204
72	0.0100731	0.0383164	0.197104	0	0.0122204	0.0831423	0.383297
73	0.0100731	0.037946	0.188301	0	0.0124985	0.0793983	0.374204
74	0.0100731	0.0379494	0.188301	0	0.0123222	0.0784128	0.374204
75	0.0100731	0.0373748	0.187458	0	0.0122204	0.0771559	0.373138
76	0.0100731	0.0373196	0.184694	0.00149925	0.0122204	0.0764165	0.373138
77	0.0100731	0.037194	0.184694	0.00149925	0.0124985	0.0737972	0.368827
78	0.0100731	0.0367912	0.180449	0	0.0124985	0.0722313	0.368827
79	0.0100731	0.0365959	0.179486	0	0.0123222	0.0727674	0.383862
80	0.0100731	0.036077	0.177749	0	0.0104142	0.0719046	0.320313
81	0.0100731	0.0355813	0.177749	0.00149925	0.0104142	0.0694732	0.308723
82	0.0100731	0.035876	0.184694	0.00449775	0.0104142	0.0711762	0.329646
83	0.0100731	0.0356363	0.18241	0.005997	0.0104142	0.0717173	0.332476
84	0.0100731	0.0356976	0.177749	0.005997	0.0104142	0.0718866	0.332476
85	0.0100731	0.0355436	0.176798	0.0029985	0.0115378	0.0751709	0.450463
86	0.0100731	0.0356607	0.174506	0.0029985	0.0114098	0.0757272	0.450463
87	0.0100731	0.035614	0.16711	0.0029985	0.0122204	0.0761637	0.467905
88	0.0100731	0.0354477	0.164264	0.00149925	0.0104808	0.0755017	0.336287
89	0.0100731	0.035122	0.159549	0	0.0104808	0.0781101	0.35274
90	0.0100731	0.0353312	0.166711	0.0029985	0.0104808	0.0772088	0.338752
91	0.0100731	0.0350849	0.158653	0.00149925	0.0104808	0.0749228	0.336287
92	0.0100731	0.0350884	0.158724	0	0.0114013	0.0739746	0.357623
93	0.0100731	0.0351864	0.159549	0	0.0122204	0.0686048	0.357623
94	0.0100731	0.0351379	0.159549	0	0.0114098	0.0671857	0.33414
95	0.0101121	0.0354902	0.159549	0.00149925	0.01148	0.0638362	0.308723
96	0.0101121	0.0354765	0.162312	0.00149925	0.0122204	0.0615108	0.314368
97	0.0101121	0.0355179	0.159549	0.00149925	0.0111613	0.058468	0.258562
98	0.0101121	0.0359305	0.159549	0.0029985	0.0109631	0.0569472	0.255341
99	0.0101121	0.0362047	0.162312	0.00149925	0.0109631	0.0533163	0.217571
100	0.0101121	0.0363346	0.159549	0	0.0108733	0.0529964	0.229609
101	0.0101121	0.03685	0.176638	0	0.0104152	0.0514949	0.209002
102	0.0101121	0.0372485	0.180449	0	0.0104152	0.0504967	0.196196
103	0.0101121	0.0387655	0.199044	0	0.0104152	0.0490629	0.191563
104	0.0100068	0.0392191	0.204268	0	0.0104808	0.0470802	0.190337
105	0.0101121	0.0396154	0.217154	0	0.0104152	0.0459433	0.185491
106	0.0100068	0.0399757	0.218803	0	0.0106441	0.045939	0.191563
107	0.0101121	0.0403478	0.218803	0	0.0104152	0.0457294	0.191563
108	0.0101121	0.0407954	0.226863	0	0.0100504	0.0444352	0.171022
109	0.0101121	0.0409208	0.226863	0	0.0100856	0.0441782	0.171022
110	0.0101357	0.0406792	0.228448	0	0.0100856	0.0434191	0.171022
111	0.0101121	0.0409084	0.226863	0	0.0100856	0.042588	0.171022
112	0.0101357	0.0417716	0.228448	0	0.0100856	0.0417115	0.171022
113	0.0101121	0.0421965	0.228448	0	0.0103406	0.0422298	0.195463
114	0.0101121	0.0429829	0.235547	0	0.0100504	0.0415536	0.187542
115	0.0101121	0.0439164	0.240957	0	0.0100504	0.0412792	0.185491
116	0.0101121	0.0445731	0.267418	0.00149925	0.0100504	0.0410007	0.179798
117	0.0101121	0.0450701	0.244709	0.0029985	0.0100856	0.0405139	0.171022
118	0.0101357	0.0463728	0.284842	0.0029985	0.0100856	0.0397753	0.170084
119	0.0101357	0.0493173	0.305843	0.00149925	0.0100504	0.0395599	0.166218
120	0.0101357	0.0511284	0.324326	0.00149925	0.0100504	0.0391339	0.169722
121	0.0101357	0.0516977	0.30884	0.00149925	0.0100504	0.0398491	0.190337
122	0.0101357	0.053591	0.32894	0.0029985	0.0100504	0.0400417	0.198104
123	0.0102653	0.056522	0.377645	0.00449775	0.0100504	0.0405001	0.209002
124	0.0101388	0.059954	0.389509	0.00749625	0.0100504	0.0411954	0.261086
125	0.0102653	0.0629371	0.436151	0.011994	0.0100579	0.0413708	0.265858
126	0.0112135	0.0662512	0.522859	0.0164918	0.0100504	0.0418814	0.265858
127	0.0104593	0.0693636	0.501467	0.017991	0.0100504	0.0427896	0.296096
128	0.0107306	0.0732329	0.631751	0.023988	0.0100504	0.0442553	0.437472
129	0.0101388	0.0814859	0.73074	0.0389805	0.0100504	0.0476589	0.70946
130	0.011142	0.0780564	0.794603	0.0389805	0.0100504	0.0491626	0.722826
131	0.0101388	0.0702373	0.558016	0.0284858	0.0100504	0.0514186	0.975755
132	0.0109164	0.0636935	0.501467	0.023988	0.0100504	0.0542439	1.52227
133	0.011142	0.0587047	0.439413	0.017991	0.0100579	0.0565862	2.00467
134	0.0104593	0.0555847	0.347075	0.0089955	0.0100504	0.065806	5.17874
135	0.0104593	0.0548563	0.347075	0.0104948	0.0100856	0.0856422	32.5251
136	0.0105805	0.0530942	0.335493	0.00749625	0.0100504	0.110252	40.1842
137	0.0109164	0.0508943	0.330863	0.00449775	0.0100856	0.120121	42.3125
138	0.0109164	0.049881	0.330863	0.005997	0.0100579	0.120915	42.3125
139	0.0104593	0.0501083	0.335493	0.0104948	0.0100504	0.122349	42.3125
140	0.0107306	0.047795	0.335493	0.0089955	0.0100504	0.132317	51.5372
141	0.0107306	0.0461329	0.335493	0.00749625	0.0104808	0.140094	56.4104
142	0.0107306	0.0431545	0.285181	0.0029985	0.0106441	0.140052	56.9486
143	0.0101323	0.0422016	0.251211	0.00449775	0.0100504	0.137202	48.7423
144	0.0101323	0.0414751	0.251211	0.00149925	0.0100504	0.133585	44.9482
145	0.0100146	0.0405895	0.215807	0	0.0100504	0.129441	44.9482
146	0.0100146	0.0400575	0.211728	0	0.0100579	0.124537	45.5808
147	0.0100146	0.0389858	0.200666	0.00149925	0.0100504	0.114432	44.9482
148	0.0100146	0.0386968	0.191573	0.00149925	0.0100504	0.116133	42.9905
149	0.0101323	0.0378925	0.188861	0	0.0100504	0.117864	51.5372
150	0.0100146	0.0372815	0.18307	0	0.0100504	0.110838	43.5263
151	0.0100146	0.0370368	0.18307	0	0.0100504	0.109863	43.5263
152	0.0104587	0.0364842	0.18307	0	0.0100504	0.0995258	43.5263
153	0.0109164	0.0363581	0.191012	0	0.0100504	0.088292	42.3125
154	0.0107306	0.0361179	0.18307	0.00149925	0.0100504	0.0716793	24.8102
155	0.0102558	0.036633	0.18307	0.0029985	0.0100504	0.0599688	18.5727
156	0.0100146	0.0358662	0.172937	0	0.0100146	0.0512501	7.64516
157	0.0100146	0.0358401	0.172937	0	0.0100146	0.0470273	3.23294
158	0.0100146	0.0360719	0.176638	0	0.0100146	0.0417427	0.853485
159	0.0100146	0.0356707	0.172937	0	0.0100146	0.0376358	0.381791
160	0.0100146	0.0352153	0.169443	0	0.0100146	0.0373081	0.366208
161	0.0100146	0.0350279	0.172937	0	0.0100146	0.0368216	0.394184
162	0.0100146	0.03523	0.169443	0	0.0100146	0.0371953	0.41713
163	0.0100146	0.0351065	0.169443	0	0.0100146	0.0358087	0.366208
164	0.0100146	0.0349197	0.169443	0	0.0100146	0.0325472	0.166513
165	0.0100416	0.0354997	0.179958	0	0.0100146	0.0315198	0.141683
166	0.0100416	0.0358312	0.181377	0	0.0100146	0.0301323	0.111344
167	0.0100416	0.0357772	0.182737	0	0.0100146	0.0290114	0.106844
168	0.0100416	0.0351631	0.177946	0	0.0100146	0.0281089	0.0984583
169	0.0100416	0.0356996	0.177946	0.0029985	0.0100146	0.0274895	0.0958602
170	0.0100416	0.0354094	0.169443	0.00149925	0.0100146	0.027029	0.0948602
171	0.0101134	0.0346983	0.160823	0	0.0100146	0.0268716	0.0936473
172	0.0102051	0.0341669	0.160823	0	0.0100146	0.0264849	0.0899555
173	0.0100416	0.0339	0.155354	0	0.0100504	0.0256956	0.0856216
174	0.0101134	0.0342877	0.160823	0.00149925	0.0100098	0.0255988	0.0855414
175	0.0101134	0.0342896	0.160823	0.00149925	0.0100098	0.0253759	0.0831633
176	0.0100662	0.0340423	0.160823	0.00149925	0.0100098	0.0253134	0.0855414
177	0.0100368	0.0337546	0.160572	0.0029985	0.0100098	0.0251745	0.0842265
178	0.0100368	0.0340358	0.167201	0.005997	0.0100098	0.0251097	0.0842265
179	0.0100368	0.0341676	0.169443	0.0104948	0.0100098	0.025091	0.0856216
180	0.0100368	0.0332825	0.160572	0.00449775	0.0100098	0.025228	0.0856216
181	0.0100368	0.0328999	0.160119	0.0029985	0.0100098	0.0257667	0.0921072
182	0.0100368	0.0328801	0.160572	0.00149925	0.0100098	0.0259601	0.0978708
183	0.0100368	0.0327013	0.165922	0.00149925	0.0100098	0.0253528	0.0907951
184	0.0100368	0.0326037	0.165922	0	0.0100098	0.0255452	0.0936473
185	0.0100368	0.0326577	0.17463	0.00149925	0.0100098	0.0256444	0.0907951
186	0.0100368	0.0319563	0.166913	0.00149925	0.0100098	0.0256768	0.0907951
187	0.0100368	0.0317919	0.166913	0	0.0100098	0.0260567	0.0956817
188	0.0100368	0.0318078	0.181019	0.00149925	0.0100098	0.0261036	0.0978708
189	0.0100368	0.0316961	0.174383	0.00149925	0.0100098	0.0261977	0.0978708
190	0.0100368	0.0317084	0.174383	0	0.0100098	0.0261514	0.0978708
191	0.0100368	0.0321185	0.181377	0	0.0100098	0.0259156	0.0968271
192	0.0100368	0.0319782	0.181019	0.0029985	0.0100098	0.0260682	0.102317
193	0.0100368	0.0314509	0.167201	0.00149925	0.0100098	0.0262981	0.103624
194	0.0100368	0.0309858	0.162456	0	0.0100098	0.0265237	0.105282
195	0.0100368	0.030763	0.160251	0	0.0100098	0.0267102	0.11198
196	0.0100171	0.0309069	0.160767	0	0.0100098	0.0269925	0.119966
197	0.0100171	0.0308637	0.160767	0.00149925	0.0100098	0.0269165	0.125005
198	0.0100171	0.0303052	0.154469	0	0.0100146	0.0277641	0.132961
199	0.0100368	0.0302266	0.160767	0	0.0100098	0.029253	0.14586
200	0.0100155	0.0300221	0.149744	0	0.0100146	0.0305626	0.168889
201	0.0100155	0.0299406	0.143484	0	0.0100146	0.0313661	0.173205
202	0.0100155	0.0296237	0.135131	0	0.0100146	0.0327365	0.206691
203	0.0100155	0.029351	0.131916	0	0.0100146	0.0329069	0.195252
204	0.0100155	0.0298972	0.13367	0.0029985	0.0100146	0.0330186	0.179341
205	0.0100155	0.0292383	0.123459	0.00149925	0.0100146	0.0335156	0.206691
206	0.0100155	0.0291036	0.121584	0	0.0100146	0.0337545	0.249934
207	0.0100155	0.0290087	0.122362	0	0.0100146	0.0337412	0.242527
208	0.0100155	0.0293982	0.130924	0	0.0100146	0.0336265	0.218191
209	0.0100155	0.0293748	0.123599	0	0.0100146	0.0329665	0.190338
210	0.0100155	0.0290968	0.122362	0	0.0100146	0.0332611	0.190338
211	0.0100155	0.0289485	0.121584	0	0.0100146	0.0338703	0.196375
212	0.0100155	0.0289413	0.123599	0.00149925	0.0100146	0.0346082	0.218191
213	0.0100155	0.0290205	0.121584	0	0.0100146	0.0345493	0.206691
214	0.0100155	0.0289023	0.113557	0	0.0100146	0.0346352	0.196375
215	0.0100155	0.0289299	0.115203	0	0.0100146	0.0342892	0.195252
216	0.0100155	0.0290207	0.115203	0	0.0100146	0.0354952	0.217038
217	0.0100155	0.0289309	0.115203	0	0.0100504	0.0350058	0.197026
218	0.0100368	0.0291489	0.12258	0	0.0100146	0.0347081	0.177494
219	0.0100368	0.029569	0.123599	0	0.0100146	0.034949	0.177494
220	0.0100155	0.0290741	0.12258	0	0.0100146	0.0347531	0.177494
221	0.0100155	0.0292607	0.123459	0	0.0100146	0.0347034	0.172856
222	0.0100155	0.0294511	0.135131	0	0.0100795	0.0348585	0.172856
223	0.0100155	0.0297847	0.136389	0	0.0100504	0.035153	0.171772
224	0.0100155	0.0303354	0.142953	0	0.0100146	0.0359775	0.172856
225	0.0100155	0.0308091	0.153953	0.00149925	0.0100146	0.0369444	0.184473
226	0.0100155	0.0311871	0.153953	0	0.0100146	0.0374676	0.180369
227	0.0100155	0.0311178	0.156261	0	0.0100146	0.0382639	0.18334
228	0.0100155	0.0305065	0.147015	0	0.0100504	0.0387201	0.18334
229	0.0100155	0.0304185	0.147015	0	0.0100744	0.038778	0.18334
230	0.0100155	0.0304576	0.147015	0	0.0100504	0.0391225	0.18334
231	0.0100155	0.0301436	0.130924	0	0.0100504	0.0398601	0.18334
232	0.0100155	0.030579	0.135131	0.0029985	0.0103074	0.043027	0.219229
233	0.0100155	0.0301187	0.123599	0.00149925	0.0100504	0.0449222	0.22281
234	0.0100155	0.0306645	0.137453	0.00449775	0.0100504	0.0448292	0.209026
235	0.0100155	0.0308281	0.140008	0.00449775	0.0103593	0.0456659	0.219229
236	0.0100155	0.0303653	0.137453	0.00149925	0.0103006	0.0473301	0.219229
237	0.0100155	0.0301526	0.130924	0.00149925	0.0100592	0.0474163	0.219229
238	0.0100155	0.02975	0.122362	0.00149925	0.0104152	0.0469498	0.219229
239	0.0100155	0.0299833	0.122362	0.00149925	0.0100504	0.0473936	0.219229
240	0.0100368	0.0299898	0.123599	0.00149925	0.010463	0.0471189	0.219229
241	0.0100155	0.0300666	0.123599	0.0029985	0.0103596	0.0480044	0.219229
242	0.0100155	0.0297924	0.123599	0	0.0104152	0.0489687	0.219229
243	0.0100368	0.0299417	0.123599	0	0.0103596	0.0495628	0.219229
244	0.0100155	0.0301863	0.122362	0	0.0103596	0.0505036	0.215794
245	0.0100155	0.0301608	0.116588	0	0.0104152	0.0517831	0.219229
246	0.0100368	0.0305022	0.123599	0	0.0103596	0.052038	0.215794
247	0.0100155	0.0310212	0.130924	0	0.0104152	0.0522645	0.219229
248	0.0100368	0.0313805	0.130924	0.00149925	0.0100679	0.053314	0.219229
249	0.0100368	0.0313858	0.130924	0.0029985	0.0100679	0.0527625	0.219229
250	0.0100368	0.0313633	0.130924	0.00449775	0.0104152	0.0514178	0.219229
251	0.0100155	0.0318307	0.131425	0.00449775	0.0100679	0.0516555	0.215794
252	0.0100368	0.032006	0.130924	0.005997	0.0102068	0.0513489	0.216567
253	0.0100155	0.0329536	0.133414	0.0089955	0.0100679	0.0513806	0.215794
254	0.0100155	0.0331303	0.133414	0.00749625	0.0100504	0.0513301	0.216567
255	0.0100155	0.0316676	0.123135	0.00149925	0.0100679	0.0524929	0.237192
256	0.0100368	0.0310279	0.120239	0	0.0102068	0.0525156	0.239672
257	0.0100155	0.0310663	0.120239	0	0.0102068	0.0533647	0.246514
258	0.0100155	0.0312371	0.123135	0	0.0102207	0.053236	0.248056
259	0.0100155	0.0313082	0.122362	0	0.0100679	0.0528465	0.239672
260	0.0100155	0.0317073	0.131425	0	0.0100679	0.0524829	0.239672
261	0.0100368	0.0324299	0.135186	0.00149925	0.0100679	0.0509133	0.22594
262	0.0100155	0.032747	0.135697	0.00149925	0.0100679	0.0534295	0.245403
263	0.0100155	0.0332693	0.135697	0.00149925	0.0100679	0.0565865	0.272508
264	0.0100155	0.0336127	0.140254	0.00149925	0.0100679	0.0575462	0.288814
265	0.0100155	0.0340368	0.140254	0	0.0100679	0.0619969	0.365769
266	0.0100155	0.0345857	0.148361	0.0029985	0.0100679	0.065094	0.413835
267	0.0100155	0.034755	0.153087	0.00449775	0.0100679	0.0665329	0.445953
268	0.0100155	0.0347413	0.153087	0.00449775	0.0100679	0.0594368	0.334328
269	0.0100155	0.0345584	0.153087	0.00149925	0.0100679	0.0601491	0.334328
270	0.0100155	0.0348308	0.154337	0	0.0100679	0.0610125	0.334328
271	0.0100368	0.0341145	0.148562	0	0.0100679	0.0624748	0.40355
272	0.0100155	0.0338746	0.133982	0	0.0100679	0.0644249	0.413835
273	0.0100155	0.0334983	0.137972	0	0.0100679	0.0661461	0.413835
274	0.0100155	0.0339105	0.140564	0	0.0100679	0.0669096	0.40355
275	0.0100155	0.034523	0.145939	0	0.0102207	0.0687914	0.424077
276	0.0100155	0.0346269	0.145939	0	0.0102207	0.0714971	0.523046
277	0.0100155	0.0348635	0.151584	0	0.0102207	0.0740454	0.523046
278	0.0100368	0.0355394	0.151598	0.00149925	0.0102207	0.0757772	0.523046
279	0.0100155	0.0358658	0.151598	0.00149925	0.0102207	0.0766265	0.522371
280	0.0100155	0.0365449	0.156067	0.0029985	0.0102207	0.0793728	0.598559
281	0.0100155	0.0369576	0.158514	0.0029985	0.0102207	0.0786413	0.587411
282	0.0100155	0.0371826	0.163102	0.0029985	0.0102207	0.080035	0.598559
283	0.0100155	0.0382302	0.169647	0.00449775	0.0100812	0.0803052	0.598559
284	0.0100368	0.038165	0.173862	0.00149925	0.0100787	0.0804748	0.598559
285	0.0100155	0.0385063	0.177643	0.00149925	0.0100787	0.0834165	0.598559
286	0.0100155	0.0384826	0.175111	0.00149925	0.0100787	0.0876619	0.645166
287	0.0100155	0.0388085	0.175111	0.0029985	0.0100787	0.0941653	0.855898
288	0.0100155	0.0392617	0.177643	0.00149925	0.0103217	0.0990495	0.934409
289	0.0100368	0.039861	0.185595	0.00149925	0.0100812	0.0968439	0.769764
290	0.0100155	0.0398415	0.177643	0.00149925	0.0102707	0.0968569	0.672515
291	0.0100155	0.0418748	0.198687	0.00149925	0.0102707	0.0988311	0.789635
292	0.0100155	0.0433695	0.237856	0.005997	0.0105279	0.10589	0.934409
293	0.0100155	0.0438606	0.249801	0.005997	0.0103149	0.109918	0.934409
294	0.0100155	0.0444513	0.257908	0.0029985	0.0101171	0.106964	0.934285
295	0.0100155	0.0467043	0.265904	0	0.0102707	0.107373	0.934409
296	0.0100368	0.0483306	0.282588	0	0.0101171	0.109863	0.934285
297	0.0100155	0.0510269	0.327912	0.00449775	0.0101171	0.101291	0.740154
298	0.0101135	0.0534374	0.351538	0.0029985	0.0101171	0.096863	0.617304
299	0.0100155	0.0581981	0.364847	0.005997	0.0101171	0.0937072	0.571022
300	0.0100155	0.0619063	0.428407	0.0089955	0.0101171	0.091374	0.551687
301	0.0115562	0.0650177	0.521583	0.011994	0.0101171	0.0910927	0.549341
302	0.0100155	0.0705196	0.536374	0.0224888	0.0101171	0.0908133	0.571022
303	0.0101135	0.0774586	0.761581	0.035982	0.0101171	0.0910005	0.590465
304	0.010022	0.0869024	1.19457	0.0554723	0.0101171	0.0956541	0.667818
305	0.010022	0.075223	0.677508	0.0344828	0.0101171	0.0989102	0.72514
306	0.0101135	0.0680076	0.48168	0.017991	0.0101171	0.097488	0.658158
307	0.0107385	0.0663138	0.504365	0.0164918	0.0101171	0.100881	0.740154
308	0.010096	0.0634903	0.397001	0.00749625	0.0101171	0.104451	0.835046
309	0.0101135	0.0613821	0.347529	0.005997	0.0106236	0.113904	1.05733
310	0.0102586	0.060061	0.328641	0.00749625	0.0101171	0.116013	1.03154
311	0.0101135	0.0570962	0.295535	0.0029985	0.0101171	0.123768	1.16681
312	0.0102586	0.0563919	0.295535	0.00149925	0.0101171	0.124198	1.08261
313	0.0102586	0.0541155	0.287292	0.00149925	0.0128422	0.127213	1.28729
314	0.0102586	0.0530965	0.282588	0.00149925	0.0116554	0.120534	1.08261
315	0.0101135	0.0507644	0.262568	0.00149925	0.013547	0.121718	1.25297
316	0.0102586	0.0491896	0.259373	0	0.0101171	0.123669	0.996428
317	0.0101135	0.0482491	0.23724	0	0.0137477	0.125519	1.38564
318	0.0101135	0.0478752	0.249383	0	0.013547	0.126328	1.38564
319	0.0102586	0.0479896	0.259373	0	0.0137477	0.125176	1.38564
320	0.01007	0.0466102	0.2359	0	0.0128422	0.125598	1.25297
321	0.01007	0.0457754	0.2359	0	0.013547	0.126696	1.4484
322	0.010076	0.0453974	0.231785	0	0.013547	0.123503	1.45497
323	0.01007	0.0448572	0.214047	0	0.0101171	0.135879	1.55675
324	0.01007	0.0453857	0.231785	0.00149925	0.0100109	0.137462	1.59861
325	0.01007	0.0445343	0.213911	0.00149925	0.0101012	0.147213	1.91152
326	0.010076	0.0443296	0.20387	0.0029985	0.0100109	0.143338	1.7159
327	0.01007	0.0436232	0.196264	0.00149925	0.0101012	0.165913	2.65648
328	0.01007	0.0426426	0.183658	0	0.0101012	0.179938	5.14317
329	0.01007	0.0433422	0.198727	0	0.0101012	0.193195	6.33779
330	0.01007	0.0434585	0.199071	0	0.0101012	0.229941	11.6059
331	0.01007	0.0439161	0.203757	0	0.0136435	0.253135	22.7482
332	0.0100675	0.0442691	0.209624	0	0.0101171	0.297722	22.7482
333	0.0100675	0.0444104	0.203757	0	0.0139005	0.353064	59.0181
334	0.0100675	0.0449834	0.227276	0.0029985	0.0140699	0.403502	72.9014
335	0.0100675	0.0456637	0.230472	0.00449775	0.0110831	0.38947	59.6638
336	0.0100675	0.0461572	0.234421	0.00449775	0.0110831	0.383641	51.6119
337	0.0100675	0.0469185	0.234421	0.00449775	0.0110831	0.408475	52.6456
338	0.0100675	0.0469779	0.234421	0.0029985	0.0110831	0.447997	52.6456
339	0.0100675	0.047552	0.238403	0.00149925	0.0110831	0.469202	52.1246
340	0.0100675	0.0494459	0.276881	0.0029985	0.0113771	0.500046	54.9713
341	0.0100675	0.0516772	0.312729	0.005997	0.0128525	0.54128	62.9511
342	0.0100508	0.0560837	0.424345	0.0284858	0.0128525	0.571712	63.9769
343	0.0100508	0.0610192	0.668552	0.0434783
