		omega		Posterior		rho				Synonymous theta			kappa			phi	
Site	Lower	Point	Higher	prob of +ve	Lower	Point	Higher		Lower	Point	Higher	Lower	Point	Higher	Lower	Point	Higher
	95% HPD	estimate	95% HPD	selection	95% HPD	estimate	95% HPD		95% HPD	estimate	95% HPD	95% HPD	estimate	95% HPD	95% HPD	estimate	95% HPD
0	0.0101006	0.042285	0.122368	0	0.0100505	0.0406482	0.325883		0.096133	0.125046	0.157501	2.01277	3.36186	5.8083	7.11815	23.3786	89.2377
1	0.0113	0.0426529	0.123226	0	0.0100505	0.0394554	0.313983
2	0.0113	0.0425141	0.122368	0	0.0100505	0.0380775	0.269195
3	0.011194	0.0425336	0.120713	0	0.0100505	0.0363808	0.242488
4	0.011194	0.0425897	0.117922	0	0.0100505	0.0351275	0.206509
5	0.0113	0.0424805	0.117922	0	0.0100505	0.0348059	0.20296
6	0.011194	0.0423708	0.117922	0	0.0100936	0.0330116	0.166222
7	0.0113	0.0424084	0.120713	0	0.0100936	0.0330467	0.166222
8	0.0113	0.0424808	0.120713	0	0.0100936	0.0328272	0.165567
9	0.011194	0.0424235	0.117922	0	0.0100936	0.0329387	0.166222
10	0.0113	0.0425307	0.120713	0	0.0100936	0.0329904	0.166222
11	0.011194	0.0424722	0.117922	0	0.0100936	0.0330141	0.165567
12	0.0113	0.0424691	0.120713	0	0.0100505	0.0324161	0.144655
13	0.0113	0.0424805	0.120713	0	0.0100505	0.0334755	0.150299
14	0.0113	0.0424167	0.120713	0	0.0100936	0.0315377	0.138853
15	0.0113	0.0426512	0.120713	0	0.0100936	0.0305322	0.137064
16	0.011194	0.042572	0.117922	0	0.0100936	0.0299503	0.134695
17	0.011194	0.0422864	0.117922	0	0.0100936	0.0301376	0.137064
18	0.011194	0.0422607	0.117922	0	0.0100936	0.0306085	0.138853
19	0.011194	0.0423622	0.117922	0	0.0100936	0.0304007	0.13789
20	0.011194	0.0422736	0.117922	0	0.0100936	0.0303711	0.136736
21	0.0113	0.04219	0.117922	0	0.0100936	0.0307243	0.13789
22	0.0113	0.0420655	0.117922	0	0.0100201	0.0312411	0.138853
23	0.011194	0.0422545	0.117922	0	0.0100936	0.0317787	0.14848
24	0.011282	0.0420679	0.117354	0	0.0100148	0.0319113	0.154234
25	0.011282	0.042084	0.117354	0	0.0100148	0.0324427	0.159174
26	0.011282	0.042223	0.117354	0	0.0100148	0.0333777	0.164472
27	0.011282	0.0423036	0.117922	0	0.0100148	0.0339665	0.177
28	0.011194	0.0424121	0.117922	0	0.0100148	0.0351678	0.198915
29	0.011282	0.0426119	0.120713	0	0.0100148	0.0378633	0.219152
30	0.011282	0.0427918	0.118792	0	0.0100148	0.0404808	0.251003
31	0.011282	0.043175	0.122368	0	0.0100148	0.0441362	0.317342
32	0.011282	0.0430381	0.123226	0	0.0100148	0.0491527	0.397097
33	0.011282	0.043435	0.123226	0	0.0100148	0.0588528	0.465931
34	0.0111288	0.0437875	0.123226	0	0.0100148	0.0756505	0.735406
35	0.0111288	0.0438425	0.122368	0	0.0100148	0.117111	1.05502
36	0.0111288	0.0441292	0.123226	0	0.0100148	0.143622	1.05502
37	0.0111288	0.0448342	0.130097	0	0.0110879	0.18289	1.62259
38	0.011194	0.04561	0.143593	0	0.0111217	0.236633	2.29756
39	0.011282	0.0471709	0.147661	0	0.0121719	0.302362	4.27705
40	0.010959	0.0507691	0.175776	0	0.012803	0.332548	5.4305
41	0.0123372	0.0543825	0.240499	0	0.0125088	0.338246	7.04708
42	0.011282	0.0612117	0.266253	0.00449775	0.0121719	0.354238	9.6378
43	0.0126497	0.0687789	0.370114	0.0164918	0.0121719	0.369267	10.9505
44	0.0132556	0.10909	2.91269	0.107946	0.0125088	0.358787	12.0106
45	0.0151564	0.070105	0.346023	0.0104948	0.0141014	0.319056	18.4068
46	0.0151564	0.0691895	0.328101	0.005997	0.010196	0.282706	13.5666
47	0.0151564	0.0665424	0.268834	0	0.0101324	0.242933	12.5969
48	0.0154983	0.0660319	0.271188	0	0.0101324	0.217017	12.0106
49	0.0169789	0.0655722	0.287479	0	0.0101324	0.186601	9.20465
50	0.0154983	0.066156	0.271188	0	0.0100231	0.182315	9.20465
51	0.0154983	0.0670463	0.271188	0	0.0100231	0.174046	6.3545
52	0.0169789	0.0690316	0.288493	0	0.0100231	0.162283	8.63759
53	0.0175464	0.0708696	0.288493	0	0.0100231	0.155245	6.3545
54	0.0181721	0.0717292	0.28856	0	0.0100231	0.147704	6.3545
55	0.0186811	0.0721824	0.287479	0	0.0100231	0.143468	5.75027
56	0.0187191	0.0754676	0.28856	0	0.0100231	0.140582	6.3545
57	0.0187191	0.0748784	0.28856	0	0.0100231	0.141791	8.86324
58	0.0184699	0.0743583	0.271188	0	0.0100231	0.143491	8.86324
59	0.0186811	0.0742716	0.287479	0	0.0100231	0.144963	8.63759
60	0.0186811	0.0744469	0.266642	0	0.0100231	0.143519	9.14329
61	0.0197197	0.0755503	0.28856	0.00149925	0.0100231	0.149306	9.65076
62	0.0195239	0.0779023	0.310607	0.00149925	0.0100231	0.155368	10.1421
63	0.0152064	0.0740528	0.242548	0	0.0100007	0.12972	2.83135
64	0.0152064	0.0727877	0.242548	0	0.0100007	0.106261	1.03734
65	0.0147741	0.0696476	0.234768	0	0.0100007	0.091596	0.726125
66	0.0147741	0.0677699	0.234768	0	0.0100007	0.0868441	0.669004
67	0.0147741	0.0658153	0.224435	0	0.0100007	0.0815421	0.539897
68	0.0149715	0.0642848	0.220191	0	0.0100007	0.0820031	0.520537
69	0.0147741	0.0634605	0.220191	0	0.0100007	0.0827107	0.522865
70	0.0147741	0.063434	0.243893	0	0.0100007	0.0818213	0.544715
71	0.0140438	0.062908	0.252094	0	0.0100007	0.0803953	0.563999
72	0.0140438	0.0634313	0.265752	0	0.0100007	0.0762148	0.504544
73	0.0121721	0.065092	0.250029	0.0029985	0.0100007	0.0774074	0.496668
74	0.0116357	0.0626663	0.220191	0.0029985	0.0100007	0.0780667	0.504544
75	0.0125411	0.0597117	0.206186	0.00149925	0.0100007	0.0775424	0.528494
76	0.0125411	0.0577281	0.206186	0	0.010127	0.0772324	0.59798
77	0.0131502	0.0561673	0.206186	0	0.010127	0.0770659	0.59798
78	0.0133984	0.053017	0.206186	0	0.010127	0.074298	0.496668
79	0.0104705	0.0515296	0.155105	0	0.0100007	0.0750569	0.504544
80	0.0108544	0.0502507	0.155105	0	0.0101273	0.0768989	0.550758
81	0.01101	0.0490792	0.155105	0	0.0100007	0.0792756	0.550758
82	0.0110755	0.0483314	0.155105	0	0.0100007	0.0762345	0.504544
83	0.0112454	0.0477462	0.155105	0	0.0103891	0.0731145	0.504544
84	0.0110755	0.0471583	0.152629	0	0.0100007	0.0704998	0.422348
85	0.0110755	0.0464115	0.148491	0	0.010127	0.0666995	0.333191
86	0.011787	0.0459397	0.152576	0	0.010127	0.0628009	0.28319
87	0.0121721	0.0458924	0.155105	0	0.0104397	0.0611378	0.28319
88	0.0100128	0.0457212	0.125282	0	0.0100007	0.0599272	0.263967
89	0.0100128	0.0453273	0.123223	0	0.0104397	0.0602446	0.279061
90	0.0100128	0.0452995	0.125282	0	0.0104801	0.0598145	0.283941
91	0.0100128	0.0447057	0.125282	0	0.010127	0.0580626	0.265373
92	0.010052	0.0451822	0.129562	0	0.0101254	0.0563074	0.240608
93	0.0100128	0.0457075	0.130049	0	0.0101254	0.0556684	0.230959
94	0.0110755	0.0462118	0.155105	0	0.0101254	0.0548665	0.22917
95	0.010052	0.0473776	0.152576	0	0.0100007	0.0539141	0.224397
96	0.0100128	0.0476502	0.15589	0	0.0101254	0.0540166	0.223887
97	0.0100128	0.0493949	0.18732	0.00149925	0.0101254	0.0530073	0.217504
98	0.0100128	0.0526745	0.241545	0.0104948	0.0101254	0.0520201	0.210198
99	0.0100114	0.0474876	0.187221	0.00149925	0.0101254	0.0520973	0.210198
100	0.0100114	0.0457888	0.173702	0	0.0101254	0.0520518	0.207953
101	0.0100128	0.0446392	0.171501	0	0.0100007	0.0522619	0.203905
102	0.0100128	0.0433518	0.171501	0	0.0100007	0.052565	0.203905
103	0.0100114	0.0428391	0.164566	0	0.0100007	0.0520938	0.195325
104	0.0100114	0.0411634	0.149879	0	0.0100007	0.0522211	0.188348
105	0.0100114	0.0405776	0.148328	0	0.0102824	0.0518482	0.188348
106	0.0100114	0.0407471	0.148491	0	0.0104975	0.052345	0.188348
107	0.0100114	0.0403644	0.148328	0	0.0110904	0.052936	0.210198
108	0.0100114	0.03942	0.146712	0	0.0110904	0.0530261	0.207953
109	0.0100114	0.0382776	0.142219	0	0.0110904	0.0533085	0.210198
110	0.0100114	0.0382235	0.143199	0	0.010611	0.0533248	0.203905
111	0.0100114	0.03772	0.145752	0	0.0104397	0.0539391	0.203905
112	0.010052	0.0375953	0.145752	0	0.0111266	0.0544217	0.220315
113	0.0100114	0.038279	0.146712	0	0.0110904	0.0545942	0.222319
114	0.0100114	0.0385155	0.146712	0	0.0106508	0.0571104	0.220315
115	0.0100114	0.0386558	0.148328	0.00149925	0.0101416	0.059581	0.224397
116	0.0100114	0.0387927	0.150986	0.00149925	0.010093	0.0592986	0.219188
117	0.010052	0.0396715	0.171501	0.0029985	0.010093	0.0621159	0.223887
118	0.0100114	0.0402504	0.179387	0.00749625	0.0104397	0.0646953	0.23904
119	0.0100114	0.0437113	0.236642	0.0269865	0.0104397	0.0681525	0.27887
120	0.010052	0.0370317	0.157858	0.00149925	0.0110904	0.0699168	0.286526
121	0.0100114	0.036061	0.155105	0	0.0104975	0.0727386	0.286526
122	0.0100114	0.034637	0.147438	0	0.0110904	0.0773437	0.364582
123	0.0100114	0.0341442	0.147438	0	0.0114757	0.0842911	0.405371
124	0.0100114	0.033879	0.146712	0	0.0114757	0.0857587	0.403019
125	0.0100114	0.0326286	0.140656	0	0.0110904	0.0888744	0.406438
126	0.0100114	0.0316608	0.13616	0	0.0117795	0.0899103	0.443967
127	0.0100114	0.030644	0.120027	0	0.0117795	0.0863124	0.395881
128	0.0100114	0.0300395	0.112877	0.0029985	0.0117795	0.0843939	0.391233
129	0.01003	0.0285841	0.109191	0.00149925	0.0156147	0.0820955	0.403019
130	0.0100114	0.0282665	0.109438	0.00149925	0.0149672	0.0839927	0.403019
131	0.0100114	0.0273183	0.102065	0.00149925	0.0156147	0.0835796	0.403019
132	0.01003	0.0264836	0.0970852	0	0.0145625	0.0838946	0.403019
133	0.01003	0.0260768	0.0962397	0	0.0190746	0.0793403	0.403019
134	0.01003	0.0257396	0.0934016	0	0.016884	0.0788056	0.403019
135	0.01003	0.0249991	0.091011	0	0.0126176	0.076815	0.307005
136	0.01003	0.0246706	0.0896351	0	0.0117795	0.0772743	0.292176
137	0.01003	0.0243416	0.0882529	0	0.0117795	0.0769409	0.297583
138	0.01003	0.0242311	0.0896351	0.00149925	0.0113793	0.0781274	0.300537
139	0.01003	0.024183	0.0896351	0.00149925	0.0113087	0.078106	0.301111
140	0.01003	0.023772	0.0839328	0.00149925	0.0113087	0.0786239	0.307005
141	0.01003	0.0235842	0.0836653	0.00149925	0.010892	0.0795322	0.301111
142	0.01003	0.0229634	0.0716714	0.00149925	0.0126176	0.0799317	0.348965
143	0.01003	0.0225867	0.0696414	0.00149925	0.0126176	0.0791071	0.348965
144	0.01003	0.0220214	0.0677413	0	0.0126176	0.0780287	0.348965
145	0.01003	0.0219777	0.0676524	0	0.0126176	0.0770227	0.348965
146	0.01003	0.0218205	0.0673369	0	0.0126176	0.0771673	0.355616
147	0.01003	0.021646	0.065858	0	0.0121134	0.0780361	0.370145
148	0.01003	0.0214302	0.0657335	0	0.010892	0.0770963	0.334025
149	0.01003	0.0214299	0.065858	0	0.010892	0.0774578	0.34306
150	0.01003	0.0211908	0.0657335	0	0.0109635	0.0781758	0.34306
151	0.01003	0.0213813	0.065858	0	0.0110732	0.0850073	0.452488
152	0.01003	0.0209245	0.0633716	0	0.0109635	0.0813378	0.414442
153	0.01003	0.0208766	0.0633716	0	0.0125783	0.0799107	0.479714
154	0.01003	0.0208792	0.0622775	0	0.0125783	0.0808236	0.492863
155	0.0100189	0.0208319	0.0596298	0	0.0111035	0.0784376	0.414442
156	0.0100189	0.0207871	0.0612852	0	0.0120703	0.0810048	0.447502
157	0.0100189	0.0209197	0.0622775	0	0.0111035	0.0798659	0.432268
158	0.0100189	0.0208521	0.0609006	0	0.0111035	0.0782886	0.432268
159	0.0100189	0.0206276	0.0583758	0	0.0101513	0.0795289	0.42298
160	0.0100189	0.0204752	0.0577332	0	0.0101513	0.0771779	0.414442
161	0.0100189	0.0204779	0.0583758	0	0.0101513	0.0741395	0.397265
162	0.0100189	0.020215	0.0569668	0	0.0101513	0.0732011	0.397265
163	0.0100189	0.0202423	0.0569668	0	0.0101513	0.0726318	0.42703
164	0.0100189	0.0201907	0.0561315	0	0.0100912	0.0701248	0.391711
165	0.0100189	0.0203954	0.0582203	0	0.0100725	0.0685816	0.391711
166	0.0100189	0.0205723	0.0609006	0	0.0100725	0.064249	0.331934
167	0.0100189	0.0205838	0.0622775	0	0.0100725	0.0609743	0.279503
168	0.0100189	0.0205015	0.0609006	0	0.0100725	0.060694	0.291473
169	0.0100189	0.0204638	0.0592414	0	0.0100725	0.0587916	0.276189
170	0.0100189	0.0204139	0.0583758	0	0.0100725	0.0561787	0.250007
171	0.01003	0.0205074	0.0583758	0.00149925	0.0100912	0.0543939	0.240656
172	0.01003	0.0202627	0.0560078	0	0.0100912	0.0531537	0.22524
173	0.01003	0.0200638	0.0534469	0	0.0100725	0.0524618	0.221395
174	0.01003	0.0200223	0.0533659	0	0.0100725	0.0521281	0.213458
175	0.01003	0.0199237	0.0533659	0	0.0100725	0.050217	0.205433
176	0.01003	0.0198416	0.0533659	0	0.0100912	0.05021	0.20631
177	0.01003	0.0198665	0.054368	0	0.0100725	0.050642	0.20631
178	0.01003	0.0199281	0.0546526	0	0.0100725	0.0494733	0.195609
179	0.01003	0.0199019	0.0548378	0	0.0100725	0.0490305	0.195609
180	0.01003	0.0202053	0.0577332	0	0.0100725	0.0481088	0.19233
181	0.01003	0.0203823	0.0609006	0	0.0100725	0.0476593	0.187742
182	0.01003	0.0202446	0.0596298	0	0.0100047	0.0472727	0.1875
183	0.01003	0.0201462	0.0583758	0	0.0100725	0.0466667	0.187742
184	0.01003	0.0201424	0.0583758	0	0.0100047	0.0473439	0.189174
185	0.01003	0.0203234	0.0632578	0	0.010136	0.0471024	0.188465
186	0.01003	0.0207015	0.0677576	0	0.0100725	0.0476725	0.189174
187	0.01003	0.0207679	0.0686448	0	0.0100047	0.0481535	0.195609
188	0.01003	0.0206076	0.0682002	0	0.0100047	0.0485713	0.195609
189	0.01003	0.0209031	0.0714331	0	0.0100047	0.0496267	0.20631
190	0.01003	0.0211144	0.0721996	0	0.0100047	0.0506858	0.211351
191	0.01003	0.0212156	0.0727808	0	0.0100047	0.0518396	0.215616
192	0.01003	0.0213443	0.0758831	0	0.0100047	0.0530984	0.224156
193	0.01003	0.0216282	0.0797874	0	0.0100047	0.0539922	0.243733
194	0.01003	0.0218556	0.0814669	0	0.0100047	0.0558679	0.276189
195	0.01003	0.0219707	0.0814669	0	0.0100725	0.0561468	0.277843
196	0.01003	0.0218642	0.0797874	0	0.0100047	0.0559137	0.272436
197	0.01003	0.0218578	0.0797874	0	0.0100047	0.0574668	0.291979
198	0.01003	0.0217256	0.0797874	0	0.0100047	0.0567853	0.262556
199	0.01003	0.0220038	0.0814669	0	0.0100912	0.0576739	0.277843
200	0.01003	0.0218657	0.0827191	0	0.0100912	0.0563975	0.255704
201	0.01003	0.0218474	0.0827191	0	0.0100047	0.0560454	0.255704
202	0.01003	0.0218109	0.0827191	0	0.0100912	0.0559609	0.255704
203	0.01003	0.0219297	0.0834607	0	0.0100047	0.0560995	0.26065
204	0.01003	0.0222449	0.083626	0	0.0100912	0.0556713	0.255704
205	0.01003	0.0223202	0.0839674	0	0.0100912	0.0546812	0.243733
206	0.01003	0.0221757	0.083626	0	0.010136	0.055113	0.255704
207	0.01003	0.0219021	0.0834607	0	0.0100047	0.0554757	0.255704
208	0.01003	0.0222371	0.083626	0	0.010136	0.054775	0.255704
209	0.01003	0.0227016	0.0890026	0	0.0100047	0.0549568	0.244876
210	0.01003	0.0229059	0.0914437	0	0.010136	0.0557603	0.246767
211	0.01003	0.0227921	0.0858228	0	0.0100047	0.056609	0.272436
212	0.01003	0.0231881	0.0890026	0	0.0100047	0.058069	0.285422
213	0.01003	0.0235774	0.0916192	0	0.0100047	0.0578962	0.27866
214	0.0100403	0.0240877	0.0984173	0	0.0100047	0.0585164	0.27866
215	0.01003	0.0246246	0.101399	0	0.0101501	0.0632826	0.322155
216	0.01003	0.025187	0.10469	0	0.0100047	0.0650075	0.323035
217	0.01003	0.0259947	0.121104	0.00149925	0.010136	0.0648324	0.314711
218	0.01003	0.027007	0.132469	0	0.010136	0.065512	0.314711
219	0.0101153	0.0277788	0.141531	0	0.0101658	0.0643914	0.314711
220	0.01003	0.0283382	0.142403	0	0.0107328	0.0655511	0.328382
221	0.01003	0.0295456	0.149226	0	0.0100047	0.0656859	0.31506
222	0.01003	0.0305129	0.158804	0	0.0100047	0.0671547	0.328382
223	0.01003	0.0323325	0.178607	0	0.0100047	0.0687044	0.323035
224	0.01003	0.0336123	0.18552	0	0.0100047	0.0739372	0.363533
225	0.01003	0.0349762	0.188585	0	0.0100047	0.0795801	0.411556
226	0.0101153	0.0372193	0.205617	0.00149925	0.0112153	0.0858589	0.581027
227	0.01003	0.040945	0.230056	0	0.0102369	0.089756	0.554096
228	0.01003	0.0458277	0.262518	0	0.0101658	0.0909685	0.554096
229	0.0101153	0.0501609	0.287208	0	0.0101658	0.0946784	0.604468
230	0.01003	0.0553975	0.30046	0.0029985	0.0101658	0.0975283	0.604468
231	0.01003	0.0662395	0.339861	0.00449775	0.0101658	0.101187	0.554096
232	0.0101261	0.0759295	0.364897	0.00449775	0.0101658	0.105593	0.633927
233	0.0113043	0.0976008	0.454666	0.00749625	0.0101658	0.11291	0.832703
234	0.0260652	0.143354	0.918832	0.0254873	0.0119132	0.116145	1.03182
235	0.0280134	0.141911	0.625857	0.0134933	0.0119132	0.110769	0.67868
236	0.0285291	0.144551	0.625857	0.0149925	0.0153019	0.100316	0.554096
237	0.0285291	0.139743	0.522772	0.0029985	0.0153019	0.10082	0.554096
238	0.0297766	0.136856	0.496362	0.00149925	0.0193717	0.0997315	0.671145
239	0.0297766	0.133385	0.474504	0.00149925	0.0193717	0.0985322	0.671145
240	0.0344844	0.132812	0.53773	0.00149925	0.0193717	0.0988217	0.67868
241	0.0297766	0.133392	0.496362	0.0029985	0.0187561	0.105734	0.554096
242	0.0260652	0.124219	0.526094	0.00449775	0.0232388	0.0960025	0.554096
243	0.0253219	0.119923	0.53773	0.0029985	0.0186427	0.0891243	0.483752
244	0.0253219	0.116261	0.526094	0.0029985	0.0181717	0.0862703	0.483752
245	0.0260652	0.1142	0.621003	0.0029985	0.0127014	0.0841275	0.383693
246	0.0253219	0.11573	0.598382	0.0029985	0.0111859	0.0831297	0.366649
247	0.0167572	0.103352	0.496362	0.0029985	0.0101658	0.0813684	0.354248
248	0.0139412	0.0946482	0.416881	0.00149925	0.0101658	0.0796244	0.35521
249	0.0117886	0.0889123	0.352551	0	0.0133219	0.0794642	0.477098
250	0.0118829	0.0864611	0.344727	0	0.0101658	0.0783104	0.363533
251	0.0117886	0.0858772	0.344727	0.00149925	0.0127014	0.0804173	0.488031
252	0.0117886	0.0827931	0.344727	0.00149925	0.0130733	0.0837247	0.554096
253	0.0117784	0.0789568	0.339861	0	0.0103885	0.0922389	0.645096
254	0.0100425	0.0762829	0.282855	0	0.0103885	0.114199	1.84727
255	0.0119642	0.0739047	0.325958	0	0.0103885	0.121968	3.01013
256	0.0119642	0.0733659	0.325958	0	0.0114023	0.129583	3.98884
257	0.0100894	0.0713434	0.269368	0	0.0103885	0.145772	4.98939
258	0.0100425	0.0732058	0.281536	0	0.0113005	0.156232	6.06478
259	0.0108945	0.0720966	0.309718	0	0.0105048	0.172706	6.06478
260	0.0105643	0.0723687	0.309718	0.0029985
