		omega		Posterior		rho				Synonymous theta			kappa			phi	
Site	Lower	Point	Higher	prob of +ve	Lower	Point	Higher		Lower	Point	Higher	Lower	Point	Higher	Lower	Point	Higher
	95% HPD	estimate	95% HPD	selection	95% HPD	estimate	95% HPD		95% HPD	estimate	95% HPD	95% HPD	estimate	95% HPD	95% HPD	estimate	95% HPD
0	0.0101719	0.059321	0.641057	0.0269865	0.0165984	1.57925	98.4731		0.010723	0.0189073	0.0352852	1.04434	3.31591	12.4843	0	0	0
1	0.0101719	0.0565612	0.507671	0.0224888	0.0179105	1.60849	98.4731
2	0.0101719	0.0548087	0.499596	0.0209895	0.0166908	1.587	84.6743
3	0.0101719	0.0533157	0.479325	0.017991	0.0179105	1.56498	88.5789
4	0.0101719	0.0528147	0.479325	0.0194903	0.0165984	1.35955	87.8649
5	0.0101719	0.0518114	0.464129	0.0194903	0.0166908	1.39718	92.3165
6	0.0101719	0.0508177	0.445869	0.017991	0.0166908	1.44486	92.3165
7	0.0100597	0.0493275	0.427086	0.0164918	0.0165984	1.44272	88.5789
8	0.0100597	0.0491782	0.410574	0.0164918	0.0165984	1.44205	88.5789
9	0.0100597	0.0472555	0.368447	0.00749625	0.0179105	1.4571	92.3165
10	0.0100597	0.0455131	0.313127	0.0029985	0.0165984	1.42861	88.5789
11	0.0100597	0.04627	0.358638	0.00749625	0.0168846	1.45749	91.2632
12	0.0100597	0.0445312	0.302115	0.0029985	0.0168846	1.46752	92.298
13	0.0100597	0.043929	0.311276	0.00449775	0.0168846	1.34195	92.298
14	0.0100597	0.0429475	0.302115	0.00449775	0.0165984	1.24217	94.2447
15	0.0100597	0.0431144	0.302115	0.00449775	0.0168846	1.26804	94.0731
16	0.0103814	0.0425559	0.302115	0.005997	0.0168846	1.27669	94.0731
17	0.0100878	0.0420557	0.295564	0.005997	0.0164621	1.16757	94.0731
18	0.0100597	0.0414449	0.270758	0.0029985	0.0120053	1.06001	69.5443
19	0.0100878	0.0404778	0.26047	0.00149925	0.0164621	1.0966	93.9492
20	0.0100878	0.0402957	0.259806	0.00149925	0.0170232	1.15812	93.9492
21	0.0100597	0.0400099	0.254882	0.00149925	0.0165984	1.12228	93.9492
22	0.0100597	0.0391001	0.224424	0	0.0164621	1.07736	96.4506
23	0.0100597	0.0394175	0.227796	0	0.0118048	1.15084	73.8128
24	0.0100597	0.0401921	0.256415	0.00449775	0.0117512	1.16871	72.851
25	0.0100597	0.0403094	0.259451	0.0029985	0.0142577	1.12025	89.2192
26	0.0100597	0.0391689	0.254882	0.0029985	0.0115839	1.07009	73.8128
27	0.0100291	0.0388375	0.256415	0.0029985	0.0112925	1.03837	73.8128
28	0.0100291	0.0387794	0.256415	0.00449775	0.0143667	1.11051	91.2632
29	0.0100291	0.038722	0.256415	0.0029985	0.0144	1.20255	91.2632
30	0.0100291	0.0387719	0.256415	0.0029985	0.0160395	1.15816	96.8827
31	0.0100291	0.0390122	0.259451	0.0029985	0.0154677	1.01822	96.8827
32	0.0100291	0.0385938	0.253022	0.00449775	0.0154677	0.998525	96.8827
33	0.0100291	0.0386397	0.26047	0.00749625	0.0160395	0.922116	96.8827
34	0.0100291	0.0379461	0.242723	0.0089955	0.0140383	0.947016	86.2857
35	0.0100291	0.0379357	0.253022	0.00749625	0.0134405	0.928149	85.1539
36	0.0100291	0.0373519	0.227796	0.005997	0.0134405	0.843532	85.1539
37	0.0100291	0.0373657	0.238316	0.005997	0.010072	0.761647	61.0333
38	0.0100291	0.0375322	0.238316	0.005997	0.0110274	0.722755	68.1965
39	0.0100291	0.0374644	0.238316	0.005997	0.0101723	0.713439	64.0924
40	0.0100291	0.0372214	0.222768	0.00449775	0.010072	0.659682	58.8029
41	0.0100291	0.0381463	0.253022	0.0089955	0.010072	0.600462	59.4487
42	0.0100291	0.0380325	0.253022	0.0089955	0.010072	0.574067	59.4487
43	0.0100291	0.0381634	0.257389	0.00749625	0.0117449	0.481676	67.7354
44	0.0100291	0.0387779	0.259451	0.005997	0.010072	0.44021	56.5801
45	0.0100291	0.0381535	0.227796	0.00449775	0.0117449	0.414921	67.7354
46	0.0100291	0.0379612	0.253022	0.00449775	0.010072	0.380919	56.5801
47	0.0100291	0.0383004	0.253022	0.005997	0.010072	0.368311	56.5801
48	0.0100291	0.0386662	0.253022	0.00449775	0.0101623	0.335035	56.5671
49	0.0100291	0.0388294	0.259451	0.00449775	0.010072	0.288768	53.8331
50	0.0100597	0.0393723	0.259451	0.00449775	0.010072	0.268304	53.8331
51	0.0100597	0.038939	0.26382	0.00449775	0.010072	0.23117	46.6801
52	0.0100597	0.038886	0.262912	0.005997	0.010072	0.214338	43.8779
53	0.0100597	0.039059	0.26382	0.00449775	0.010072	0.215982	41.1999
54	0.0100597	0.0400613	0.271227	0.00449775	0.0101623	0.204995	33.0551
55	0.0100597	0.0409164	0.278048	0.0089955	0.0101623	0.20135	33.0551
56	0.0100597	0.0405827	0.277135	0.00449775	0.010072	0.208236	36.7184
57	0.0100597	0.0416213	0.289004	0.005997	0.010072	0.221998	38.4757
58	0.0100597	0.0404986	0.283715	0.0029985	0.010072	0.225381	41.1999
59	0.0100778	0.041329	0.301791	0.0029985	0.010072	0.222122	41.1999
60	0.0100778	0.040971	0.301791	0.0029985	0.010072	0.217715	39.2415
61	0.0100597	0.0404707	0.277135	0.00149925	0.010072	0.215027	38.6428
62	0.0100597	0.0410836	0.29461	0.00449775	0.0100701	0.217006	38.4757
63	0.0100778	0.0414456	0.301791	0.00749625	0.0100964	0.205955	35.7958
64	0.0100597	0.0414678	0.301791	0.011994	0.0100701	0.189325	31.6841
65	0.0100597	0.0413175	0.270283	0.0089955	0.0100701	0.178498	29.795
66	0.0100597	0.0417471	0.26382	0.005997	0.0100964	0.175005	29.8561
67	0.0100597	0.0418929	0.259451	0.00449775	0.0100701	0.161103	27.2037
68	0.0100597	0.0420829	0.259451	0.00449775	0.0100701	0.146635	26.2738
69	0.0100597	0.0419481	0.259451	0.0029985	0.0100701	0.134227	14.1108
70	0.0100597	0.0420385	0.259451	0.00149925	0.0100701	0.128446	13.9169
71	0.0100778	0.0430785	0.276527	0.0029985	0.0100701	0.121416	11.7217
72	0.0100881	0.0433154	0.276527	0.00149925	0.0100701	0.123176	11.5578
73	0.0100597	0.0434794	0.283715	0.0029985	0.0100701	0.119746	11.5578
74	0.0100597	0.0427361	0.283715	0.0029985	0.0100701	0.117204	11.266
75	0.0100597	0.0429721	0.294359	0.005997	0.0100701	0.119084	12.3703
76	0.0100597	0.0435545	0.310243	0.00749625	0.0100701	0.124272	14.228
77	0.0100881	0.0442301	0.322665	0.011994	0.0100701	0.125988	16.3716
78	0.0100881	0.046403	0.343998	0.0164918	0.0100964	0.128574	22.4482
79	0.0100597	0.0456705	0.328171	0.011994	0.0100701	0.131319	24.6451
80	0.0100597	0.045583	0.324378	0.011994	0.0100701	0.127459	18.484
81	0.0100597	0.0461882	0.331152	0.0134933	0.0100701	0.123319	13.5337
82	0.0100597	0.0465835	0.342624	0.0134933	0.0100701	0.125227	13.1485
83	0.0100761	0.046515	0.340093	0.0104948	0.0100701	0.130522	12.7609
84	0.0100761	0.0466684	0.342624	0.011994	0.0100964	0.121359	11.0828
85	0.0100761	0.0473587	0.358815	0.0134933	0.0100701	0.10498	4.51979
86	0.0100761	0.0476419	0.358815	0.0134933	0.0101686	0.098348	4.28843
87	0.0100761	0.0482111	0.364457	0.0134933	0.0100701	0.103474	4.05149
88	0.0100761	0.0482545	0.4154	0.0149925	0.0100964	0.10173	4.05149
89	0.0100761	0.0485977	0.383768	0.0134933	0.0100701	0.101108	4.05149
90	0.0100761	0.0490235	0.4154	0.011994	0.0100133	0.0953479	3.77463
91	0.0100761	0.0503102	0.42339	0.0164918	0.0101686	0.0990413	4.28843
92	0.0100761	0.0507928	0.43202	0.017991	0.0100133	0.102058	4.64521
93	0.0100761	0.0530152	0.448272	0.017991	0.0100133	0.113009	6.1986
94	0.0100761	0.052847	0.439887	0.0134933	0.0100133	0.115134	7.64716
95	0.0100761	0.0527912	0.418658	0.0089955	0.0100133	0.125056	17.9605
96	0.0100881	0.0539586	0.41195	0.0089955	0.0100133	0.1397	24.2971
97	0.0100881	0.0559496	0.431319	0.0104948	0.0100133	0.141431	23.3695
98	0.0100881	0.0566531	0.442215	0.0134933	0.0100133	0.136528	20.0592
99	0.0101386	0.0580892	0.45237	0.0149925	0.0100133	0.134683	21.7219
100	0.0102431	0.060635	0.476148	0.0194903	0.0100133	0.138244	21.7219
101	0.0102431	0.0631013	0.510313	0.0209895	0.0100133	0.141458	21.7219
102	0.0103937	0.0641429	0.534764	0.0209895	0.0100133	0.13925	23.0421
103	0.0102431	0.0659638	0.572786	0.023988	0.0100133	0.138717	23.3695
104	0.0102431	0.0654643	0.572786	0.023988	0.0100133	0.12923	19.744
105	0.0102431	0.0686182	0.615324	0.0284858	0.0100133	0.131496	19.744
106	0.0103937	0.0710206	0.615324	0.023988	0.0100133	0.128389	17.9605
107	0.0102431	0.0733395	0.647235	0.023988	0.0100133	0.12562	7.12916
108	0.0102431	0.0751225	0.679582	0.023988	0.0100133	0.125671	8.42469
109	0.0104541	0.0769982	0.702166	0.0269865	0.0100133	0.115411	4.82956
110	0.0103937	0.0815336	0.734022	0.0314843	0.0100133	0.107374	1.33896
111	0.0102431	0.0834549	0.753269	0.0344828	0.0100133	0.103031	0.972907
112	0.0103937	0.0923463	1.0065	0.0509745	0.0100133	0.0979154	0.786094
113	0.0103937	0.10267	1.20603	0.0674663	0.0100133	0.0917995	0.579421
114	0.0115453	0.119242	1.80979	0.089955	0.0100189	0.0929212	0.63118
115	0.0104541	0.16698	2.93474	0.131934	0.0100189	0.0931258	0.579421
116	0.0115453	0.123723	1.80979	0.0854573	0.0101037	0.0962738	0.579421
117	0.0103937	0.107587	1.41429	0.0734633	0.0101037	0.0992125	0.686469
118	0.0100163	0.0914754	0.977401	0.0494753	0.0115548	0.107416	0.820218
119	0.0103937	0.0845381	0.933572	0.041979	0.0115548	0.11343	0.889241
120	0.0100163	0.0776616	0.830095	0.0314843	0.0110692	0.121444	0.956276
121	0.0100163	0.0738613	0.735183	0.0254873	0.0101037	0.135602	1.33896
122	0.0100163	0.0687857	0.679582	0.0224888	0.0101037	0.138045	1.52182
123	0.01029	0.063369	0.542613	0.0149925	0.0101037	0.139974	1.96965
124	0.0100163	0.0615197	0.488457	0.0104948	0.0106224	0.145834	3.49766
125	0.010223	0.0615728	0.517549	0.0104948	0.0111875	0.156612	5.49242
126	0.0100163	0.059751	0.509751	0.011994	0.0106224	0.163392	5.49242
127	0.0100163	0.0589206	0.509536	0.011994	0.0101037	0.169593	6.50459
128	0.010223	0.0593645	0.517549	0.011994	0.0101037	0.181204	14.2396
129	0.0100163	0.059293	0.509751	0.0134933	0.0105799	0.1868	16.6277
130	0.0100163	0.0570893	0.449886	0.0134933	0.0105799	0.18643	16.6277
131	0.0100163	0.0576344	0.449886	0.0104948	0.0105799	0.189848	21.6454
132	0.0100163	0.0568907	0.448272	0.0104948	0.0101037	0.203555	30.2377
133	0.0100163	0.0570713	0.449886	0.0104948	0.0101037	0.216421	35.4311
134	0.0100163	0.0559178	0.433022	0.0089955	0.0103997	0.23124	38.7579
135	0.0100163	0.0560597	0.433022	0.0089955	0.0103997	0.244783	38.7579
136	0.01029	0.0547482	0.433022	0.00749625	0.0103997	0.266566	40.4681
137	0.0100178	0.0537972	0.403139	0.0089955	0.0103997	0.289811	44.2982
138	0.0100178	0.052641	0.396079	0.00749625	0.0103997	0.302942	44.8385
139	0.0100178	0.0508685	0.388491	0.005997	0.0105755	0.324234	47.7607
140	0.0100178	0.0491497	0.348572	0.00149925	0.0103997	0.36008	55.6322
141	0.0100178	0.0491959	0.35887	0.00149925	0.0124927	0.386022	69.1624
142	0.0101789	0.0487997	0.361592	0.00149925	0.0130945	0.427518	77.0639
143	0.0101789	0.0489422	0.361592	0.0029985	0.0127464	0.527458	76.3504
144	0.0100929	0.048934	0.361592	0.0029985	0.013317	0.530296	77.0639
145	0.0100178	0.048484	0.348572	0.00149925	0.013317	0.523657	76.3504
146	0.0100178	0.0473561	0.336736	0.00149925	0.0173768	0.513632	97.7524
147	0.0100929	0.0464928	0.348572	0.00149925	0.017602	0.520506	93.9816
148	0.0100929	0.0459169	0.346456	0.0029985	0.0153128	0.55361	81.66
149	0.0101125	0.0459565	0.361592	0.00449775	0.017602	0.596553	93.9816
150	0.0100929	0.0450788	0.352415	0.0029985	0.017908	0.590266	97.7524
151	0.0100929	0.0442261	0.352415	0.0029985	0.0173768	0.621055	99.0791
152	0.0100929	0.0438618	0.348572	0.0029985	0.0162763	0.610983	97.7524
153	0.0100929	0.0424767	0.336736	0.0029985	0.016346	0.568532	99.0791
154	0.0100929	0.0429472	0.328171	0.0029985	0.0153128	0.582776	93.9816
155	0.0100929	0.0436151	0.331792	0.00449775	0.016346	0.597842	99.0791
156	0.0100929	0.042682	0.322924	0.005997	0.0115557	0.595827	69.1624
157	0.0100929	0.0426487	0.325874	0.005997	0.0174548	0.646845	99.0791
158	0.0100929	0.0422	0.325874	0.005997	0.0153128	0.683778	81.66
159	0.0100929	0.0423753	0.325874	0.005997	0.0181805	0.760059	97.7524
160	0.0100929	0.0426441	0.322924	0.005997	0.0205067	0.900125	99.0791
161	0.0100929	0.042932	0.322924	0.005997	0.0205067	0.946123	99.0791
162	0.0100929	0.0437356	0.344574	0.00749625	0.0195449	0.949987	99.0791
163	0.0100929	0.0441658	0.352415	0.0104948	0.0192625	0.978534	99.0791
164	0.0100929	0.044819	0.352415	0.0104948	0.017908	0.941756	99.0791
165	0.0100929	0.04396	0.344574	0.0104948	0.0168732	0.900869	97.7524
166	0.0100929	0.0439638	0.346456	0.0104948	0.0168732	0.83714	97.7524
167	0.0100929	0.0437151	0.346456	0.0104948	0.0168732	0.792198	97.7524
168	0.0100929	0.0431333	0.331792	0.00749625	0.0168732	0.78721	97.7524
169	0.0100929	0.0423158	0.313919	0.00449775	0.0168732	0.765537	98.4625
170	0.0100929	0.0416957	0.309309	0.005997	0.0163844	0.78975	99.0791
171	0.0100929	0.0427559	0.322924	0.011994	0.0162594	0.847763	99.7571
172	0.0100929	0.0438504	0.346456	0.0134933	0.0168732	0.89851	99.7571
173	0.0100929	0.04394	0.352415	0.0134933	0.0162594	0.817747	99.7571
174	0.0100929	0.0444925	0.352415	0.0134933	0.0168732	0.771693	99.0791
175	0.0100929	0.0443395	0.378175	0.0134933	0.0109317	0.671967	62.106
176	0.0100819	0.0444349	0.386576	0.0134933	0.0109317	0.539644	52.4525
177	0.0100819	0.0450971	0.386576	0.0149925	0.0101475	0.416712	47.3806
178	0.0100819	0.0445253	0.381239	0.0134933	0.0104602	0.435873	50.8032
179	0.0100819	0.0448174	0.381239	0.011994	0.0105537	0.498653	51.7903
180	0.0100819	0.0448761	0.346456	0.011994	0.010023	0.531519	51.7903
181	0.0100819	0.044353	0.328017	0.0104948	0.010023	0.589218	51.7903
182	0.0100819	0.0434203	0.320129	0.00749625	0.0101475	0.622133	51.7903
183	0.0100819	0.0434831	0.296116	0.005997	0.0105537	0.653533	51.7903
184	0.0100819	0.0456677	0.328017	0.0134933	0.010145	0.67271	49.9494
185	0.0100929	0.0443028	0.322925	0.0089955	0.010145	0.709077	48.8453
186	0.0100819	0.0444661	0.322925	0.011994	0.010023	0.75013	47.3806
187	0.0100819	0.044373	0.322925	0.011994	0.010145	0.756755	47.3136
188	0.0100819	0.0442982	0.320129	0.00749625	0.0122904	0.817147	60.014
189	0.0100819	0.0439036	0.320129	0.0104948	0.0122904	0.820048	55.2117
190	0.0100819	0.0433013	0.30365	0.00749625	0.0123059	0.836771	55.2106
191	0.0100819	0.0426254	0.30365	0.005997	0.0128425	0.889071	60.014
192	0.0100819	0.0428754	0.322924	0.00749625	0.0123059	0.947551	60.014
193	0.0100819	0.042613	0.320129	0.00749625	0.0123059	0.956768	60.014
194	0.0100819	0.0425397	0.317709	0.005997	0.014065	1.12848	76.1223
195	0.0100819	0.0427349	0.317709	0.00749625	0.0176779	1.19363	95.5302
196	0.0100819	0.0419187	0.310635	0.00449775	0.0187197	1.24084	95.5302
197	0.0100819	0.0413391	0.30365	0.00449775	0.0187197	1.39427	94.6119
198	0.0101255	0.0417072	0.319041	0.0089955	0.0189438	1.52093	95.5302
199	0.0100819	0.0416615	0.30365	0.00749625	0.0200067	1.63033	95.5302
200	0.0101255	0.0411678	0.30365	0.0089955	0.0208575	1.5394	98.2275
201	0.0100819	0.041609	0.303075	0.0089955	0.0208575	1.62669	98.625
202	0.0101255	0.0433517	0.345072	0.011994	0.0187197	1.63431	98.2275
203	0.0100819	0.0441182	0.378175	0.011994	0.0167877	1.69185	95.5302
204	0.010058	0.0449315	0.379866	0.011994	0.0167877	1.73456	94.6119
205	0.010058	0.0459387	0.420955	0.0149925	0.0187197	1.81363	98.2275
206	0.010058	0.0465477	0.425881	0.0164918	0.0167877	1.86965	94.6119
207	0.0100819	0.0474865	0.451821	0.0209895	0.0167877	1.7612	94.6119
208	0.0100819	0.046767	0.420955	0.017991	0.0165799	1.59658	98.2275
209	0.0101255	0.0469024	0.420955	0.0194903	0.0187197	1.54823	95.5302
210	0.0100819	0.0469129	0.420955	0.0209895	0.0138978	1.18466	75.0441
211	0.0100819	0.048661	0.506746	0.0254873	0.014065	1.14584	75.0441
212	0.0100819	0.0494367	0.642739	0.0269865	0.0100412	0.970202	51.7832
213	0.0100819	0.0526225	0.890524	0.041979
