		omega		Posterior		rho				Synonymous theta			kappa			phi	
Site	Lower	Point	Higher	prob of +ve	Lower	Point	Higher		Lower	Point	Higher	Lower	Point	Higher	Lower	Point	Higher
	95% HPD	estimate	95% HPD	selection	95% HPD	estimate	95% HPD		95% HPD	estimate	95% HPD	95% HPD	estimate	95% HPD	95% HPD	estimate	95% HPD
0	0.0110319	0.994478	54.2243	0.497751	0.0262045	2.32073	94.634		0.0286461	0.0402865	0.0541369	1.60163	2.88314	5.49814	5.61907e+13	3.06048e+28	6.76787e+40
1	0.0109522	0.886032	54.2243	0.481259	0.0224413	2.27444	95.0393
2	0.0110319	0.785367	54.2243	0.46027	0.0236541	2.46402	99.7256
3	0.011675	0.70187	54.2243	0.443778	0.0236541	2.29121	99.7256
4	0.0101576	0.62734	43.0466	0.418291	0.0233589	2.13717	98.6638
5	0.0101576	0.596285	39.3648	0.407796	0.0193073	2.02157	98.6638
6	0.0101576	0.544468	33.7024	0.388306	0.0154068	2.04611	90.6528
7	0.0101576	0.548804	27.8121	0.389805	0.0154068	1.89389	94.634
8	0.0101576	0.552549	22.5165	0.388306	0.0143456	2.12508	84.5999
9	0.0109522	0.513546	17.5634	0.37931	0.0201092	2.64636	99.2103
10	0.0106923	0.484821	15.53	0.371814	0.0188314	2.95661	98.6638
11	0.0120366	0.478125	17.7991	0.368816	0.0188314	3.15886	98.6638
12	0.0106923	0.441175	13.0622	0.355322	0.0188314	3.23764	98.6638
13	0.0106923	0.428523	8.55615	0.335832	0.017321	3.05455	99.2103
14	0.0158372	0.371618	8.55615	0.311844	0.0143456	2.86587	84.5999
15	0.0103076	0.162718	2.42578	0.155922	0.017321	2.9352	99.2103
16	0.0101881	0.129657	1.83769	0.115442	0.0177336	3.05096	97.0088
17	0.0101881	0.108118	1.6151	0.0824588	0.0146797	3.49363	84.2297
18	0.0101881	0.0811007	0.879915	0.0389805	0.0146797	3.50766	84.2297
19	0.0100341	0.0682662	0.635822	0.017991	0.0145363	3.58692	84.2297
20	0.0102827	0.0613192	0.564298	0.00749625	0.0142757	3.09154	84.2297
21	0.0101881	0.0580301	0.51366	0.0029985	0.0142371	2.65028	88.1532
22	0.0101881	0.0537191	0.461533	0.00449775	0.0142757	2.48616	84.2297
23	0.0101881	0.0505507	0.416088	0.00449775	0.0142757	2.5396	88.3144
24	0.0102163	0.0475885	0.397981	0.0029985	0.0142757	2.44862	84.2297
25	0.0101881	0.0452218	0.34662	0.00149925	0.0137085	2.45699	85.2708
26	0.0100341	0.0442691	0.331288	0.00149925	0.0127637	2.29123	82.4511
27	0.0101881	0.0434115	0.301263	0.00149925	0.012777	2.17161	82.7555
28	0.0101881	0.042548	0.301263	0.00149925	0.012777	2.19252	84.2297
29	0.0101881	0.0413323	0.272178	0.00449775	0.0152691	2.12399	97.1182
30	0.0101881	0.0408264	0.272178	0.00449775	0.0158631	2.01235	97.0088
31	0.0101881	0.038901	0.249216	0.005997	0.0158631	2.04136	97.0088
32	0.0101881	0.0379096	0.248102	0.0089955	0.0158631	1.84223	97.0088
33	0.0101881	0.0362574	0.225747	0.005997	0.0159951	1.68951	94.8695
34	0.0101881	0.0354677	0.213187	0.0029985	0.0159951	1.59109	95.2988
35	0.0101881	0.0354594	0.213187	0.00149925	0.0158631	1.54024	97.0088
36	0.0100341	0.0350412	0.205625	0.00149925	0.0159951	1.53299	98.4201
37	0.0100341	0.0346295	0.201919	0	0.0152691	1.82801	97.9266
38	0.0101233	0.0335493	0.175582	0	0.0152563	1.74957	98.4201
39	0.0100341	0.0327043	0.164428	0.0029985	0.0116681	1.67115	73.6011
40	0.0102163	0.0318041	0.160325	0	0.0151251	1.54137	85.3303
41	0.0100341	0.0311927	0.156421	0	0.021012	1.6984	98.4201
42	0.0100341	0.0309061	0.147952	0	0.0255741	1.83706	98.4201
43	0.0100974	0.0303303	0.146988	0	0.0255741	1.80641	98.4201
44	0.0100341	0.0297969	0.140832	0	0.022926	1.76875	98.4201
45	0.0100341	0.028702	0.12741	0	0.0191097	1.56413	98.4201
46	0.0100341	0.0283811	0.12741	0	0.016009	1.33776	82.5296
47	0.0100341	0.0284776	0.135013	0	0.016009	1.27083	82.5296
48	0.0100341	0.028423	0.13881	0.0029985	0.016009	1.1339	82.5296
49	0.0101233	0.0279818	0.146988	0.0029985	0.0191097	1.1147	97.9204
50	0.0101233	0.0277709	0.146988	0.0029985	0.0191097	1.06248	97.9204
51	0.0100341	0.0275793	0.137084	0.0029985	0.0178896	1.04552	94.8695
52	0.0100974	0.0276038	0.146988	0.00449775	0.0178896	1.06351	94.8695
53	0.0100341	0.0270614	0.13881	0.00449775	0.0152691	1.08979	82.5296
54	0.0100341	0.0270765	0.13881	0.00449775	0.016009	1.03795	82.5296
55	0.0100341	0.0271163	0.13881	0.00449775	0.0191097	1.14571	93.8654
56	0.0101233	0.0269962	0.146988	0.00449775	0.0213556	1.30194	94.8695
57	0.0100341	0.0266665	0.135013	0.0029985	0.0193569	1.42357	83.0709
58	0.0100974	0.0269595	0.146988	0.005997	0.0200184	1.38562	83.3282
59	0.0101233	0.0268535	0.146988	0.005997	0.0239618	1.403	95.0725
60	0.0100341	0.0262714	0.111712	0.0029985	0.0217743	1.36161	84.5233
61	0.0100341	0.026041	0.110652	0.0029985	0.0239618	1.31746	85.3303
62	0.0100201	0.0258144	0.110572	0.0029985	0.0243316	1.28983	85.3303
63	0.0100201	0.0251597	0.108342	0.0029985	0.0367703	1.48185	99.9672
64	0.0100201	0.0251525	0.108925	0.0029985	0.0391318	1.69917	96.1606
65	0.0100201	0.0250429	0.108925	0.0029985	0.0330304	1.61989	98.4201
66	0.0100176	0.0249867	0.110452	0.0029985	0.0330304	1.72264	99.9672
67	0.0100176	0.0251265	0.110452	0.00449775	0.0325727	1.90321	98.4201
68	0.0100176	0.0253369	0.110452	0.00449775	0.0330304	2.06717	95.5012
69	0.0100176	0.0254127	0.110572	0.0029985	0.0367703	2.0845	99.4462
70	0.0100176	0.0251602	0.111207	0.00149925	0.0367703	1.99347	99.4462
71	0.0100176	0.0251718	0.119747	0.00149925	0.0367703	2.1247	99.4462
72	0.0100176	0.0251367	0.110572	0.00149925	0.0356878	2.00977	99.4462
73	0.0100176	0.0249946	0.110452	0	0.0325727	1.84504	99.4462
74	0.0100341	0.0250319	0.110572	0	0.0232503	1.74866	98.4201
75	0.0100201	0.0250177	0.108925	0	0.0162598	1.67038	85.3303
76	0.0100201	0.024955	0.107842	0	0.0162598	1.75797	84.5233
77	0.0100201	0.0249324	0.107842	0	0.0186818	1.9247	95.5012
78	0.0100201	0.0249141	0.106481	0	0.0200184	1.83492	99.4462
79	0.0100201	0.0249338	0.107842	0	0.0224753	1.7398	99.4462
80	0.0100201	0.0249566	0.108925	0	0.0243934	1.65816	99.4462
81	0.0100201	0.0248826	0.108925	0	0.0316441	1.70788	99.4462
82	0.0100201	0.0246515	0.109249	0	0.0316441	1.69984	99.4462
83	0.0100201	0.0245464	0.109249	0	0.0327278	1.60579	99.4462
84	0.0100201	0.0246227	0.109249	0	0.0192712	1.42167	84.5233
85	0.0100201	0.0247705	0.109249	0	0.0193818	1.22318	84.5233
86	0.0100201	0.0249164	0.109249	0	0.0193818	1.05757	85.3303
87	0.0100201	0.0249325	0.109249	0.00149925	0.0204248	0.87642	93.6568
88	0.0100201	0.024649	0.109279	0	0.0204248	0.751233	95.5012
89	0.0100201	0.0244695	0.108925	0	0.0151895	0.590216	70.6167
90	0.0100201	0.0245153	0.109279	0.00149925	0.0151895	0.489244	53.5429
91	0.0100201	0.0240411	0.107268	0.00149925	0.0127092	0.439857	37.4872
92	0.0100201	0.0239541	0.107268	0	0.0154962	0.398175	30.4826
93	0.0100201	0.023695	0.102461	0	0.0150517	0.371867	23.9324
94	0.0100341	0.0237345	0.102461	0	0.0167552	0.35626	20.3132
95	0.0100506	0.0236012	0.102461	0	0.0167552	0.34523	19.1057
96	0.0100341	0.0235429	0.0953192	0.00149925	0.0169406	0.357759	19.2895
97	0.0100341	0.0233566	0.0941827	0.00149925	0.0167552	0.349945	19.2895
98	0.0100341	0.0235464	0.0953192	0.00149925	0.0167552	0.352176	17.9322
99	0.0100341	0.0239652	0.104721	0	0.0154962	0.338442	19.1057
100	0.0100506	0.0237869	0.102132	0	0.0154962	0.332876	19.1057
101	0.0100506	0.0238529	0.0941827	0	0.0154962	0.354343	19.1057
102	0.0100341	0.0240161	0.0941827	0.00149925	0.0144972	0.340669	16.2948
103	0.0100341	0.024344	0.102132	0.00149925	0.0132859	0.300911	13.6596
104	0.0100341	0.0242992	0.094734	0	0.0132859	0.274644	16.9446
105	0.0100506	0.0245637	0.102132	0	0.0132859	0.219025	7.22609
106	0.0100341	0.0250346	0.104721	0.00149925	0.0102499	0.192675	3.14658
107	0.0100341	0.0250915	0.106481	0.00149925	0.0132859	0.162189	1.40602
108	0.0100341	0.0249731	0.104721	0.00149925	0.0132859	0.134863	1.01689
109	0.0100341	0.0247831	0.094734	0.00149925	0.0102295	0.132506	0.837915
110	0.0100341	0.0248096	0.104721	0	0.0102051	0.130595	1.01689
111	0.0100341	0.0250215	0.105397	0	0.0102051	0.134201	1.22724
112	0.0100506	0.0252408	0.109279	0.00149925	0.0102295	0.139974	1.29043
113	0.0100341	0.0256209	0.110922	0.00149925	0.0102295	0.140663	1.55778
114	0.0100506	0.0262417	0.113427	0.00449775	0.0102295	0.141873	1.4893
115	0.0100341	0.0261374	0.109279	0.00449775	0.0102295	0.150957	1.97254
116	0.0100341	0.02615	0.109279	0.00449775	0.0102295	0.159013	3.09646
117	0.0100341	0.0255954	0.106481	0	0.0102295	0.170262	13.2456
118	0.0100341	0.0253917	0.105397	0	0.0102295	0.157201	10.1223
119	0.0100341	0.0256099	0.105397	0	0.0102295	0.149884	10.1223
120	0.0100341	0.0258408	0.106208	0	0.0103211	0.149253	11.4993
121	0.0100506	0.0263291	0.109279	0.00149925	0.011062	0.149295	10.1223
122	0.0100341	0.0263864	0.109279	0	0.0105164	0.149106	10.1223
123	0.0100341	0.0263699	0.107842	0	0.010101	0.132781	5.00921
124	0.0100341	0.0266809	0.109279	0	0.010101	0.1235	3.82665
125	0.0100341	0.0266382	0.111944	0	0.010101	0.121878	2.36074
126	0.0100506	0.0266976	0.111944	0	0.010101	0.120742	2.68731
127	0.0100506	0.0266222	0.114471	0	0.0105164	0.120245	3.09646
128	0.0100506	0.0268602	0.114471	0	0.010101	0.116254	2.36074
129	0.0100506	0.0274398	0.144144	0	0.010101	0.118518	2.20511
130	0.0100506	0.0272907	0.139924	0	0.010101	0.122074	2.20511
131	0.0100506	0.0282539	0.176527	0.0029985	0.010101	0.132953	5.21927
132	0.0100506	0.0284541	0.161623	0.00149925	0.0105164	0.136004	6.54881
133	0.0100506	0.0279694	0.137067	0	0.0105164	0.139461	6.72248
134	0.0100506	0.0284406	0.143182	0	0.010101	0.142376	6.84937
135	0.0100506	0.0293157	0.176527	0.0029985	0.0105164	0.152817	10.7924
136	0.0100506	0.0308858	0.222058	0.0089955	0.0105164	0.154317	12.4849
137	0.0101483	0.0300678	0.222058	0	0.0105164	0.150122	12.7162
138	0.0100506	0.0299915	0.211982	0	0.0105164	0.14468	13.0518
139	0.0100506	0.0300845	0.188182	0	0.0105164	0.146618	13.553
140	0.0100506	0.030553	0.188182	0	0.0105164	0.145511	13.553
141	0.0100506	0.0305899	0.188182	0	0.0105164	0.147941	13.553
142	0.0100506	0.0304445	0.178303	0	0.0105164	0.149417	15.0304
143	0.0100506	0.0301618	0.176527	0	0.0106495	0.152618	15.0304
144	0.0100506	0.0299373	0.168268	0	0.0105164	0.149043	15.0304
145	0.0101014	0.0309759	0.188182	0	0.0106495	0.146497	15.0304
146	0.0101014	0.0310882	0.179985	0	0.0105164	0.144	15.0304
147	0.0101483	0.0309165	0.176527	0	0.010101	0.140588	13.553
148	0.010185	0.0300003	0.143311	0	0.0106495	0.136395	13.1337
149	0.0100604	0.0302374	0.157092	0	0.010101	0.132125	9.56783
150	0.0100604	0.0306386	0.157092	0	0.0113266	0.13237	8.93132
151	0.0100604	0.0301908	0.139924	0	0.0108469	0.125979	6.98938
152	0.0100604	0.030139	0.137067	0	0.0105164	0.119523	3.15951
153	0.0100604	0.0301925	0.13659	0	0.0126946	0.115251	3.15951
154	0.0100604	0.0302205	0.137067	0	0.010101	0.113106	1.79609
155	0.0100604	0.0306151	0.157092	0	0.010101	0.111347	1.6998
156	0.0100604	0.0315412	0.164511	0.00149925	0.0116894	0.110979	1.79609
157	0.0100604	0.0315527	0.168268	0	0.0114669	0.113067	1.79609
158	0.0100604	0.0318592	0.164511	0	0.010101	0.119046	1.6998
159	0.0100604	0.0318641	0.164511	0	0.0114669	0.120724	1.79609
160	0.0100604	0.0320743	0.165924	0	0.0114669	0.124777	2.71097
161	0.0100604	0.032838	0.177559	0	0.010323	0.128163	2.71097
162	0.0100604	0.0333812	0.18148	0	0.0100537	0.119674	2.08516
163	0.0100604	0.032938	0.176527	0	0.0111921	0.113136	1.79609
164	0.0100604	0.0337493	0.18148	0	0.0100537	0.104695	1.29968
165	0.0100604	0.0342207	0.176527	0.00449775	0.0100537	0.0996397	1.13182
166	0.0100604	0.0333771	0.172295	0.00449775	0.0100537	0.102191	0.861511
167	0.0100604	0.0332319	0.167521	0	0.0100537	0.102509	0.788434
168	0.0100604	0.0330058	0.164511	0	0.010076	0.105984	1.13182
169	0.0100604	0.0332149	0.167521	0	0.010076	0.105808	0.788434
170	0.0100604	0.0335268	0.172295	0	0.0104212	0.105211	0.788434
171	0.0100604	0.0337102	0.172295	0	0.0104212	0.108493	0.788434
172	0.0100604	0.0346486	0.174864	0	0.0104212	0.108962	0.78495
173	0.0100604	0.0354374	0.18383	0.00749625	0.0104212	0.109618	0.78495
174	0.0101979	0.0351443	0.174864	0.00449775	0.0115677	0.1094	0.788434
175	0.0102827	0.0352941	0.174864	0.00449775	0.0118259	0.109861	0.78495
176	0.0101014	0.0359496	0.174864	0.00449775	0.0118259	0.111747	0.78495
177	0.0102827	0.0369446	0.192733	0.00449775	0.0104212	0.112081	0.635907
178	0.0101014	0.0366533	0.18148	0.00149925	0.010076	0.114455	0.635907
179	0.0101014	0.0364316	0.174864	0	0.0104212	0.115036	0.635907
180	0.0101979	0.0378163	0.193139	0	0.0107982	0.121248	0.78495
181	0.0103055	0.0387721	0.193139	0	0.010076	0.131311	0.788434
182	0.0101014	0.0405706	0.200435	0	0.0104212	0.141091	1.23271
183	0.0101014	0.0418856	0.207412	0	0.0104212	0.16687	1.7409
184	0.0101979	0.0424213	0.207412	0	0.0107982	0.199789	4.88705
185	0.0101014	0.0430058	0.209959	0	0.023352	0.243783	23.3109
186	0.0101014	0.0433792	0.221098	0	0.0107982	0.245537	12.6332
187	0.0103055	0.0454296	0.243423	0	0.0107982	0.243572	10.1773
188	0.0103259	0.0486015	0.262574	0	0.0107982	0.230766	10.6073
189	0.0103259	0.0503295	0.263526	0	0.0107982	0.196915	6.18014
190	0.0103259	0.0517998	0.273847	0	0.0106865	0.162817	1.6998
191	0.0101979	0.0538867	0.276867	0	0.0115656	0.143389	1.26259
192	0.0103259	0.0549424	0.29618	0.00149925	0.0106865	0.132373	0.837156
193	0.0103259	0.0559761	0.293878	0.00149925	0.0106865	0.125745	0.720474
194	0.0103333	0.0579042	0.30088	0.00149925	0.0106865	0.126489	0.707679
195	0.0101979	0.0597148	0.30088	0.00149925	0.0107982	0.128676	0.636287
196	0.0103259	0.0624768	0.333106	0.00149925	0.0107982	0.155438	1.40538
197	0.0103259	0.0655203	0.364511	0.005997	0.0107982	0.180867	38.9126
198	0.0108708	0.0706769	0.396455	0.005997	0.0107982	0.184673	38.9126
199	0.0105795	0.0775603	0.396455	0.005997	0.0107982	0.177311	36.4205
200	0.0103333	0.0884392	0.43678	0.017991	0.0107982	0.16314	19.064
201	0.0103333	0.0969913	0.470729	0.0164918	0.0108008	0.15703	19.064
202	0.0109944	0.119538	0.753421	0.023988	0.0108008	0.152213	19.064
203	0.0108708	0.114186	0.630023	0.0149925	0.0108008	0.148317	19.064
204	0.0113753	0.110056	0.61688	0.005997	0.0108008	0.144565	19.064
205	0.0103333	0.111656	0.541927	0.00749625	0.0108008	0.143155	19.064
206	0.0103333	0.115067	0.56882	0.0089955	0.0107982	0.14341	16.5282
207	0.0113753	0.116295	0.61688	0.00749625	0.0107982	0.14767	12.3288
208	0.0103333	0.116238	0.541927	0.005997	0.0107982	0.144056	8.12132
209	0.0103333	0.114623	0.541927	0.0089955	0.0107982	0.137433	8.12132
210	0.0103333	0.113557	0.54525	0.0089955	0.0107982	0.133073	8.12132
211	0.0103333	0.113902	0.517437	0.0089955	0.0107982	0.130489	8.12132
212	0.0103333	0.113329	0.541927	0.0089955	0.0107982	0.126034	8.12132
213	0.0103333	0.112722	0.541927	0.00749625	0.0100346	0.130379	12.3288
214	0.0103333	0.113986	0.541966	0.0089955	0.0100346	0.122398	1.96658
215	0.0113753	0.118828	0.61688	0.00749625	0.0100346	0.114541	1.40538
216	0.0140912	0.12072	0.751672	0.005997	0.0100346	0.111303	1.09661
217	0.0140912	0.12846	0.77458	0.00749625	0.0100346	0.106186	0.953037
218	0.0149551	0.122285	0.751672	0.005997	0.0100346	0.106612	1.05206
219	0.0118446	0.120766	0.609193	0.0089955	0.0100346	0.108967	1.40878
220	0.0118446	0.118797	0.609193	0.0089955	0.0100346	0.106015	1.40538
221	0.0103333	0.112482	0.461455	0.005997	0.0100346	0.10695	1.40878
222	0.0103333	0.106945	0.461455	0.00449775	0.0100346	0.105483	1.17102
223	0.0108708	0.104969	0.464466	0.00449775	0.0100346	0.108492	1.71226
224	0.0113753	0.101723	0.464466	0.00449775	0.0100346	0.114525	6.02455
225	0.0109944	0.101293	0.449603	0.00449775	0.0100346	0.117083	6.79156
226	0.0112095	0.0986756	0.449603	0.00449775	0.0100346	0.11881	6.79156
227	0.0113753	0.0942133	0.449603	0.0029985	0.0100346	0.121432	6.79156
228	0.0108708	0.0943028	0.461455	0.005997	0.0100346	0.127564	6.79156
229	0.0108708	0.0936457	0.461455	0.005997	0.0100346	0.139019	9.43752
230	0.0108708	0.0926734	0.461455	0.005997	0.0100346	0.137929	9.32461
231	0.0103333	0.0919138	0.448071	0.005997	0.0100346	0.138083	9.32461
232	0.0100913	0.0930931	0.449603	0.005997	0.0100346	0.13881	9.32461
233	0.0122719	0.0950722	0.579686	0.005997	0.0100346	0.13989	8.86616
234	0.0122719	0.0959628	0.587644	0.00749625	0.0100346	0.145332	6.79156
235	0.0115887	0.0982538	0.579686	0.0104948	0.0100346	0.153361	9.32461
236	0.0113753	0.104461	0.587644	0.0164918	0.0100346	0.157183	8.36855
237	0.0113753	0.108365	0.605498	0.0149925	0.0100346	0.157021	7.11535
238	0.0100913	0.119522	0.731709	0.0329835	0.0100346	0.150499	6.0082
239	0.0103333	0.140026	1.49734	0.0749625	0.0100346	0.15035	5.79895
240	0.0122291	0.180696	3.46837	0.131934	0.0100346	0.154288	5.79895
241	0.0100913	0.112826	1.03965	0.053973	0.0100346	0.15509	6.79156
242	0.0102689	0.0959088	0.773741	0.0374813	0.0100346	0.162582	11.8709
243	0.0101922	0.0821962	0.61309	0.0284858	0.0100346	0.158098	16.4382
244	0.0101922	0.0714088	0.52901	0.0149925	0.0105612	0.164949	18.3338
245	0.0101066	0.0681342	0.48992	0.0149925	0.0100346	0.17312	21.8236
246	0.0101066	0.063779	0.424586	0.0164918	0.0100346	0.1729	29.0977
247	0.0101922	0.0587916	0.401982	0.011994	0.0105612	0.167725	37.9689
248	0.0101066	0.0569766	0.383798	0.00449775	0.0100346	0.165617	38.3349
249	0.0101066	0.0540752	0.366723	0	0.0100346	0.15404	46.6255
250	0.0101066	0.0515425	0.335834	0.00149925	0.0100346	0.153409	35.8496
251	0.0101066	0.0501579	0.310215	0.00149925	0.0100346	0.154097	34.3381
252	0.0101066	0.0482572	0.298939	0.0029985	0.0100346	0.151264	30.5252
253	0.0101066	0.0448871	0.261585	0.0029985	0.0100346	0.147227	30.5252
254	0.0101922	0.0448233	0.291538	0.0104948	0.0100346	0.14523	34.3381
255	0.0101066	0.043116	0.251615	0.00749625	0.0102683	0.142847	26.1604
256	0.0101935	0.0423339	0.251615	0.0029985	0.0106405	0.136739	26.1604
257	0.0101066	0.0403582	0.240456	0	0.0102683	0.14772	26.1604
258	0.0101066	0.0393209	0.226626	0	0.0102683	0.156364	34.3381
259	0.0101066	0.0384731	0.219478	0	0.0102683	0.168774	48.7312
260	0.0101935	0.0375819	0.207864	0	0.0105488	0.167424	52.2111
261	0.0101935	0.0370897	0.20218	0	0.0105488	0.174708	52.2111
262	0.0101066	0.0369553	0.208471	0	0.0105767	0.167904	37.5812
263	0.0101066	0.0363273	0.20218	0	0.0105488	0.144898	28.9316
264	0.0101066	0.0357849	0.193499	0	0.010226	0.146037	28.9316
265	0.0101066	0.0357924	0.189173	0	0.010226	0.148377	34.3381
266	0.0101066	0.0350465	0.187437	0	0.0101302	0.149317	34.6744
267	0.0101935	0.0345666	0.187437	0	0.0101302	0.149169	36.1526
268	0.0101066	0.0343474	0.18415	0	0.0101302	0.154929	36.1526
269	0.0101066	0.0333411	0.178105	0	0.0100309	0.167402	36.9956
270	0.0101066	0.0332401	0.18148	0	0.0100309	0.171276	38.8698
271	0.0101066	0.0332833	0.184314	0	0.0100309	0.174551	37.5812
272	0.0101066	0.0328157	0.18415	0	0.0100309	0.16226	36.9956
273	0.0101066	0.0327101	0.18415	0.00149925	0.0100309	0.141352	29.9958
274	0.0101066	0.0326874	0.18148	0.00449775	0.0100309	0.141571	34.6744
275	0.0101066	0.0330557	0.18415	0.00749625	0.0100309	0.136211	34.6744
276	0.0101935	0.0327085	0.181804	0.005997	0.0100309	0.143587	36.7052
277	0.0101089	0.0323644	0.172293	0.0029985	0.0100309	0.144659	33.1989
278	0.0101089	0.0325916	0.169716	0.00449775	0.010059	0.150335	33.244
279	0.0101935	0.0318607	0.162971	0.0029985	0.0100309	0.150393	29.9958
280	0.0101089	0.0318169	0.156772	0.0029985	0.0100309	0.140049	29.9958
281	0.0101089	0.0313797	0.143744	0	0.0100309	0.141233	28.3895
282	0.0101089	0.0312687	0.137265	0	0.0100309	0.144756	36.0356
283	0.0101935	0.0315131	0.137265	0	0.0100309	0.133106	34.6744
284	0.0101935	0.0316992	0.137265	0	0.0100309	0.117007	30.2288
285	0.0102689	0.0316069	0.137265	0	0.010059	0.109749	23.8375
286	0.0102358	0.0316597	0.137265	0.00149925	0.0101374	0.109681	23.8375
287	0.0101089	0.0315635	0.141536	0.00149925	0.0101374	0.111188	23.8375
288	0.0101089	0.031507	0.141536	0.00149925	0.0101374	0.110883	23.8375
289	0.0101935	0.0314427	0.142561	0.00149925	0.0100309	0.103496	17.2704
290	0.0101089	0.031246	0.137265	0	0.0100309	0.100545	15.9115
291	0.0101935	0.0311893	0.141536	0	0.0100309	0.102595	17.0255
292	0.0101089	0.0324514	0.156772	0.005997	0.0100309	0.106429	17.3499
293	0.0102358	0.0316771	0.141536	0.0029985	0.0100309	0.11043	20.7394
294	0.0102358	0.0318993	0.155073	0.0029985	0.0100309	0.115574	22.0048
295	0.0102358	0.0318833	0.156772	0	0.0101379	0.126967	22.0048
296	0.0102358	0.0318878	0.156772	0	0.0101302	0.117776	17.2704
297	0.0102358	0.0317965	0.156772	0	0.0101302	0.111739	11.2739
298	0.0101089	0.0324365	0.162971	0.00149925	0.0101302	0.126121	14.3738
299	0.0101089	0.0324517	0.163907	0.00149925	0.0101302	0.137243	17.2704
300	0.0101089	0.0333953	0.169738	0.005997	0.0101302	0.153312	18.0229
301	0.0101089	0.0333802	0.175642	0.00749625	0.0101302	0.169522	20.7394
302	0.0101419	0.0330966	0.171356	0.00749625	0.010138	0.180108	23.2162
303	0.0101089	0.0315666	0.156772	0.00149925	0.0101302	0.17762	31.4871
304	0.0102101	0.0312616	0.15617	0.00149925	0.0101302	0.171175	24.7416
305	0.0101089	0.0315991	0.162971	0.00149925	0.0101379	0.163053	24.7416
306	0.0101089	0.0314611	0.162971	0.00149925	0.0101302	0.151081	20.7394
307	0.0101089	0.0314219	0.158795	0.00149925	0.0101302	0.135461	19.9118
308	0.0101089	0.0310675	0.155587	0.00149925	0.0101302	0.119148	14.2177
309	0.0101089	0.0314192	0.155587	0	0.0101302	0.0921912	7.04202
310	0.0101089	0.0319454	0.15617	0	0.0101302	0.0859921	3.70605
311	0.0101089	0.0314024	0.154259	0	0.0101302	0.0717998	0.887814
312	0.0101089	0.0319308	0.155073	0	0.0101302	0.0714017	0.776991
313	0.0101089	0.03266	0.165523	0.00149925	0.0101302	0.0709117	0.747505
314	0.0101089	0.0329147	0.167785	0.00149925	0.0110322	0.0663727	0.671442
315	0.0101419	0.0331068	0.171356	0.00149925	0.0101302	0.065522	0.597879
316	0.0101089	0.033716	0.178526	0.00149925	0.0101302	0.0651947	0.514607
317	0.0102689	0.0335758	0.192404	0.00149925	0.0101302	0.0619555	0.457448
318	0.0101089	0.0329218	0.178526	0.00149925	0.0101302	0.0583597	0.362213
319	0.0101089	0.0328128	0.178526	0	0.0100659	0.0576107	0.356892
320	0.0101089	0.0331354	0.178526	0	0.0100659	0.0565374	0.331725
321	0.0101419	0.0334462	0.192404	0	0.0100659	0.0550047	0.308513
322	0.0101419	0.0335972	0.192404	0	0.0100659	0.0525683	0.280932
323	0.0101089	0.0329875	0.169716	0	0.0100659	0.0517272	0.254491
324	0.0101089	0.0334723	0.178526	0	0.0101302	0.0509286	0.232316
325	0.0101089	0.0336979	0.178526	0	0.0101302	0.0511573	0.232316
326	0.0102159	0.0343422	0.192404	0	0.0100659	0.0504916	0.226675
327	0.0102159	0.0346358	0.192404	0	0.0101302	0.0502483	0.232316
328	0.0102159	0.0348219	0.192404	0.00149925	0.0100659	0.0495731	0.214491
329	0.0101419	0.0354908	0.197416	0.00149925	0.0100659	0.0484814	0.214491
330	0.0101419	0.0359816	0.212146	0.00149925	0.0100659	0.0487576	0.220589
331	0.0100783	0.0357472	0.197416	0.00149925	0.0100659	0.0485145	0.209711
332	0.0100783	0.0360255	0.201707	0	0.010006	0.0487654	0.20514
333	0.0100783	0.0373972	0.218909	0	0.010006	0.0485046	0.186327
334	0.0100783	0.0373	0.218909	0	0.010006	0.0480873	0.181077
335	0.0102159	0.0374711	0.218909	0	0.010006	0.0480293	0.179894
336	0.0100783	0.0387696	0.218909	0.0029985	0.010006	0.0483932	0.181077
337	0.0100783	0.0394447	0.226299	0.005997	0.010006	0.0489518	0.183916
338	0.0100783	0.0428212	0.254688	0.017991	0.010006	0.0480003	0.181077
339	0.0100382	0.0428365	0.272815	0.0134933	0.010006	0.0483746	0.179894
340	0.0100382	0.0421657	0.254688	0.011994	0.0100578	0.0476637	0.177442
341	0.0100382	0.043636	0.254688	0.011994	0.010006	0.0476491	0.172833
342	0.0100382	0.0424518	0.231531	0.00749625	0.010006	0.0479912	0.172833
343	0.0100382	0.041535	0.212197	0.00449775	0.010006	0.0481423	0.17567
344	0.0100382	0.0414168	0.212146	0.00149925	0.010006	0.0488381	0.189105
345	0.0100382	0.0412489	0.217667	0.00149925	0.0100578	0.0498357	0.204825
346	0.0100382	0.041634	0.217667	0.00149925	0.010006	0.0500054	0.219335
347	0.0100382	0.0421211	0.212466	0	0.0100659	0.0497659	0.223315
348	0.0100382	0.0428598	0.22193	0	0.0100659	0.0499396	0.239773
349	0.0100382	0.0435243	0.224226	0.00149925	0.010006	0.0499193	0.245786
350	0.0100382	0.0449908	0.243222	0	0.010006	0.0503336	0.250778
351	0.0100382	0.0464489	0.247387	0	0.010006	0.0506935	0.274424
352	0.0100382	0.0478712	0.257649	0	0.010006	0.0525845	0.305882
353	0.0100382	0.0505606	0.272815	0	0.0100578	0.0519243	0.305534
354	0.0100382	0.0520694	0.284126	0	0.0100578	0.0528658	0.305534
355	0.0100382	0.0537559	0.310264	0	0.010006	0.0530862	0.305534
356	0.0101126	0.0563705	0.367725	0.00149925	0.0100272	0.0535932	0.346202
357	0.0109474	0.0625008	0.51734	0.00749625	0.0100272	0.0551956	0.362213
358	0.0110156	0.0644712	0.545935	0.0089955	0.010006	0.0559925	0.363861
359	0.0110156	0.0666541	0.555228	0.0089955	0.010006	0.0579489	0.405224
360	0.0110802	0.0738057	0.60783	0.0164918	0.010006	0.0641334	0.606729
361	0.0110156	0.0869337	0.907762	0.041979	0.0100272	0.0827468	1.95962
362	0.0101126	0.0825038	0.689489	0.035982	0.010006	0.0915298	4.29719
363	0.0110156	0.0766436	0.627282	0.0194903	0.010006	0.109381	11.8787
364	0.0110937	0.0720554	0.59702	0.0149925	0.010006	0.126343	15.3933
365	0.011266	0.0686529	0.59702	0.0104948	0.0102498	0.131248	21.5098
366	0.0101126	0.0631529	0.403084	0.00449775	0.010006	0.152878	37.4195
367	0.0101126	0.0611497	0.394176	0.0029985	0.0100578	0.146282	46.1979
368	0.0101126	0.059533	0.381422	0.00149925	0.0123599	0.177707	74.8362
369	0.0110156	0.057154	0.382653	0.00149925	0.0126814	0.214306	76.2825
370	0.0110156	0.0562664	0.382653	0.005997	0.0124463	0.290474	76.2825
371	0.0101126	0.0526185	0.319274	0.00149925	0.0124463	0.367163	76.2825
372	0.0101126	0.0518793	0.290975	0.00449775	0.0128144	0.511098	76.2825
373	0.0101126	0.0509646	0.290975	0.00149925	0.0128872	0.558291	76.2825
374	0.0101126	0.0502952	0.29057	0.00149925	0.0124463	0.50986	75.1257
375	0.0101126	0.0497416	0.284126	0.00149925	0.0123974	0.47536	75.1257
376	0.0105114	0.0493883	0.288979	0	0.0120926	0.367246	78.3113
377	0.0101126	0.0493653	0.266009	0	0.0115719	0.303636	75.1257
378	0.0109808	0.0504337	0.290975	0	0.0101134	0.22617	52.6296
379	0.0101126	0.0496271	0.266009	0	0.010006	0.189039	39.0131
380	0.0105114	0.0487299	0.266009	0	0.010006	0.175734	28.0972
381	0.0105114	0.0491882	0.266009	0	0.010006	0.178619	25.8385
382	0.0101126	0.048947	0.260409	0	0.010006	0.177372	25.8385
383	0.0101126	0.0497197	0.260409	0	0.010006	0.175721	23.8652
384	0.0105257	0.0507319	0.284126	0.00149925	0.010006	0.184277	22.1245
385	0.0101126	0.0520079	0.310239	0.00449775	0.010006	0.200181	22.1245
386	0.010873	0.0538323	0.370283	0.0089955	0.0101067	0.217307	22.1245
387	0.0101126	0.0564417	0.398673	0.0149925	0.010006	0.22103	20.747
388	0.0105257	0.0597613	0.568834	0.0314843	0.0101067	0.230764	16.5051
389	0.0103018	0.0635518	0.957974	0.0464768
