		omega		Posterior		rho				Synonymous theta			kappa			phi	
Site	Lower	Point	Higher	prob of +ve	Lower	Point	Higher		Lower	Point	Higher	Lower	Point	Higher	Lower	Point	Higher
	95% HPD	estimate	95% HPD	selection	95% HPD	estimate	95% HPD		95% HPD	estimate	95% HPD	95% HPD	estimate	95% HPD	95% HPD	estimate	95% HPD
0	0.01007	0.0787391	1.75736	0.0749625	0.010175	0.26231	16.0213		0.0253813	0.0344245	0.0471121	1.64567	2.90919	5.52131	265.156	9.58293e+09	8.83456e+18
1	0.01007	0.0769306	1.75736	0.071964	0.010175	0.226278	15.1396
2	0.01007	0.0752316	1.54374	0.0689655	0.0104459	0.203001	15.6103
3	0.01007	0.0714625	1.32213	0.0629685	0.0104988	0.204621	15.6103
4	0.010122	0.0686121	1.20113	0.0554723	0.0100171	0.190624	12.2822
5	0.01007	0.0640378	0.743077	0.041979	0.0100171	0.174035	11.4256
6	0.01007	0.0611893	0.610829	0.0329835	0.0100171	0.156811	10.9013
7	0.01007	0.0575435	0.498508	0.0254873	0.0100171	0.148247	10.1973
8	0.01007	0.0538792	0.458147	0.0164918	0.0100171	0.144555	11.4256
9	0.01007	0.0528835	0.41226	0.011994	0.0104988	0.150851	12.4306
10	0.010122	0.0532098	0.41226	0.00749625	0.0104988	0.152974	12.4306
11	0.01007	0.051145	0.403134	0.005997	0.0100171	0.163803	12.2822
12	0.01007	0.0494889	0.340175	0.005997	0.0100171	0.173771	12.4306
13	0.01007	0.049121	0.338253	0.00749625	0.0100171	0.173779	12.9941
14	0.01007	0.0480468	0.311529	0.00749625	0.0104988	0.178287	15.6225
15	0.01007	0.0475393	0.31067	0.0029985	0.0100171	0.1996	16.5119
16	0.01007	0.0482584	0.311529	0.00149925	0.010052	0.198124	19.0595
17	0.01007	0.0484208	0.336099	0.00149925	0.0104711	0.211216	24.614
18	0.01007	0.0491053	0.329567	0.00149925	0.0100171	0.217088	23.6182
19	0.01007	0.0508699	0.386707	0.00149925	0.0100171	0.226765	23.6182
20	0.01007	0.0513339	0.397419	0.0029985	0.0104988	0.234166	25.3695
21	0.01007	0.0503606	0.356697	0.0029985	0.0100171	0.238276	25.3695
22	0.01007	0.0493749	0.304072	0.0029985	0.0104711	0.243531	40.8127
23	0.01007	0.0497764	0.306647	0.0029985	0.0100171	0.25168	40.281
24	0.01007	0.0487427	0.294113	0.0029985	0.0104988	0.28272	46.0594
25	0.01007	0.0478031	0.28536	0.0029985	0.0102023	0.302883	44.8126
26	0.01007	0.0482194	0.282528	0.0029985	0.0100171	0.28057	41.1055
27	0.01007	0.0490304	0.282528	0.0029985	0.0104988	0.238996	44.8126
28	0.01007	0.049852	0.282528	0.0029985	0.0102023	0.233407	50.7047
29	0.01007	0.050193	0.267762	0.00449775	0.0105284	0.215036	56.8553
30	0.01007	0.0510767	0.272832	0.00449775	0.0104988	0.192257	48.8189
31	0.01007	0.0517351	0.267762	0.005997	0.0100171	0.194361	52.5738
32	0.01007	0.0523577	0.267762	0.005997	0.010183	0.174898	50.9805
33	0.01007	0.0535869	0.272832	0.00749625	0.010183	0.144938	45.3689
34	0.01007	0.0550016	0.282528	0.00749625	0.0104988	0.132569	44.8126
35	0.01007	0.0569315	0.322841	0.00749625	0.0101057	0.11471	27.869
36	0.0101098	0.0586488	0.341386	0.00749625	0.0101057	0.0906992	14.0699
37	0.0101098	0.0619952	0.360484	0.005997	0.0101057	0.0809956	9.96021
38	0.0101098	0.0619828	0.360484	0.005997	0.0101057	0.0744179	6.95801
39	0.0101098	0.0630462	0.395776	0.00749625	0.0101057	0.0617473	3.06296
40	0.0101098	0.0630373	0.403603	0.00749625	0.0105426	0.0441059	0.271847
41	0.0101152	0.0654016	0.454292	0.011994	0.0101057	0.0426426	0.241886
42	0.0101885	0.0713328	0.68602	0.023988	0.0101057	0.0423062	0.238028
43	0.0101504	0.0763421	0.796847	0.029985	0.0101057	0.0428198	0.241886
44	0.0101152	0.0804765	0.834146	0.0374813	0.0101057	0.0420135	0.224349
45	0.0101152	0.0759423	0.689876	0.0314843	0.0101057	0.0406111	0.194492
46	0.0102471	0.0716853	0.689876	0.0329835	0.0102023	0.0400552	0.181027
47	0.0101152	0.0668033	0.500888	0.0269865	0.0101057	0.0400684	0.181027
48	0.0100987	0.0619307	0.458408	0.017991	0.0105426	0.039385	0.181027
49	0.0102471	0.0600561	0.458408	0.011994	0.0105426	0.0396842	0.181027
50	0.0100987	0.0582498	0.400506	0.0089955	0.0105426	0.0406742	0.181027
51	0.0100987	0.0560669	0.363746	0.005997	0.0101057	0.0408131	0.181027
52	0.0101152	0.0531423	0.356697	0.005997	0.0102023	0.0410816	0.181027
53	0.0100987	0.0504876	0.340175	0.0029985	0.0101057	0.041314	0.181027
54	0.0101385	0.0481441	0.31648	0.00149925	0.0105426	0.0408006	0.181027
55	0.0100987	0.0477055	0.311615	0.0029985	0.010183	0.040911	0.181027
56	0.0100987	0.0469727	0.308283	0.005997	0.0100085	0.041806	0.193157
57	0.0101152	0.0457799	0.308283	0.005997	0.010183	0.0426259	0.242912
58	0.0101152	0.0447471	0.29469	0.005997	0.0100085	0.0427636	0.256618
59	0.0100987	0.0434502	0.28077	0.0029985	0.0100085	0.0418316	0.204531
60	0.0101152	0.042475	0.263563	0	0.0100085	0.0425063	0.204531
61	0.0100987	0.0417832	0.261155	0	0.0100085	0.0416226	0.184007
62	0.0100987	0.0414627	0.261155	0	0.0101466	0.042611	0.193157
63	0.0100987	0.0420496	0.261155	0	0.0101466	0.042991	0.204531
64	0.0100987	0.0418662	0.232355	0	0.0101466	0.0431543	0.204531
65	0.0100897	0.0415236	0.224182	0	0.0101466	0.0433083	0.231049
66	0.0100897	0.0411507	0.225872	0	0.0101466	0.0434749	0.20772
67	0.0101385	0.0401234	0.224583	0	0.0101466	0.0439287	0.224165
68	0.0100897	0.0407137	0.225872	0	0.0101466	0.0443469	0.224165
69	0.0100897	0.0401702	0.224182	0.00149925	0.0101466	0.0444662	0.20772
70	0.010058	0.0390275	0.214095	0.00149925	0.0101466	0.0442272	0.20772
71	0.010058	0.0391377	0.215873	0.00149925	0.0105084	0.0460064	0.263414
72	0.0100209	0.0388263	0.23062	0.00149925	0.0101466	0.0454155	0.255352
73	0.0100897	0.0371585	0.224583	0	0.0101466	0.0443146	0.191151
74	0.010058	0.0359324	0.224583	0	0.0101466	0.0435787	0.16734
75	0.0100897	0.0351061	0.225872	0.0029985	0.0101466	0.0436788	0.184007
76	0.0100897	0.0338739	0.204773	0.00149925	0.0101466	0.0436932	0.191151
77	0.0100209	0.0336996	0.20315	0.00149925	0.0101466	0.0443309	0.218105
78	0.0100209	0.0324672	0.16219	0	0.0101466	0.0445574	0.20772
79	0.0100209	0.0323148	0.162675	0	0.010183	0.0446835	0.218105
80	0.0100209	0.0321281	0.16219	0	0.0101466	0.044627	0.184007
81	0.0100209	0.0317964	0.157363	0	0.0101466	0.0444067	0.166075
82	0.0100209	0.0319658	0.157363	0	0.0101466	0.0452483	0.173659
83	0.0100209	0.0323405	0.15972	0.00149925	0.0101466	0.0445717	0.166075
84	0.0100897	0.0321871	0.156851	0.0029985	0.0101466	0.0444767	0.166075
85	0.0100209	0.0324539	0.157363	0.00449775	0.0102023	0.0446263	0.173659
86	0.0100209	0.0336016	0.193925	0.005997	0.0101466	0.0453316	0.188855
87	0.0100209	0.0337045	0.193925	0.005997	0.0101466	0.0457971	0.213606
88	0.0100209	0.0337329	0.193925	0.00449775	0.0101466	0.0468207	0.241557
89	0.0100209	0.033876	0.193925	0.00149925	0.0101466	0.0463242	0.21817
90	0.0100209	0.0340268	0.190381	0.00149925	0.0101466	0.047284	0.243173
91	0.0100209	0.0337099	0.182178	0.00149925	0.0101466	0.0472209	0.241557
92	0.0100209	0.0338977	0.18756	0.00149925	0.0101466	0.0465529	0.213606
93	0.0100209	0.0341348	0.193925	0.00149925	0.0101466	0.0468156	0.213606
94	0.0100897	0.0339924	0.179705	0	0.0101466	0.046912	0.213606
95	0.0100897	0.0326964	0.146308	0	0.010183	0.0469282	0.213606
96	0.0100781	0.0323011	0.146308	0	0.010183	0.0467197	0.201754
97	0.0100781	0.0322243	0.146308	0	0.010183	0.0460417	0.184007
98	0.0100781	0.0322392	0.153427	0	0.0102746	0.0458328	0.17934
99	0.0100781	0.0316451	0.140217	0	0.0102746	0.0454256	0.175768
100	0.0100781	0.0317708	0.146083	0.0029985	0.0102746	0.0455704	0.17934
101	0.0100423	0.0309932	0.138063	0	0.0102746	0.045445	0.187239
102	0.0100423	0.0314874	0.153427	0	0.0104511	0.0466167	0.21817
103	0.0100423	0.0311478	0.149098	0	0.0100522	0.0457139	0.196704
104	0.0100423	0.0307881	0.146083	0	0.0102746	0.0466753	0.215382
105	0.0100423	0.0305859	0.149098	0	0.0102746	0.0475122	0.215382
106	0.0100423	0.0307047	0.149098	0.00149925	0.0102746	0.0475759	0.21817
107	0.0100423	0.029962	0.144756	0.00149925	0.0102746	0.0492214	0.230737
108	0.0100423	0.0298102	0.144756	0.0029985	0.0100522	0.0492369	0.236314
109	0.0100423	0.0295556	0.140169	0.00149925	0.0100522	0.0491652	0.236314
110	0.0100781	0.0289638	0.13451	0	0.0100522	0.04866	0.236314
111	0.0100423	0.0292505	0.136434	0	0.0100522	0.0490956	0.25273
112	0.0100423	0.0288496	0.138965	0	0.0102746	0.0484989	0.243173
113	0.0100423	0.02932	0.146319	0.00149925	0.0102746	0.0491846	0.245789
114	0.0100423	0.0300571	0.17196	0.00449775	0.0102746	0.0499056	0.245789
115	0.0100781	0.0297602	0.165714	0.00449775	0.0102746	0.0508332	0.267868
116	0.0100781	0.0287044	0.146083	0.0029985	0.0100522	0.0533704	0.309366
117	0.0100423	0.0285444	0.138965	0.00149925	0.0100522	0.0518685	0.281399
118	0.0100423	0.0284884	0.136434	0.00149925	0.0100522	0.0526805	0.268724
119	0.0100423	0.028386	0.136434	0.00149925	0.0102746	0.051634	0.267868
120	0.0100423	0.0281813	0.135497	0.00149925	0.0101491	0.0508924	0.259264
121	0.0100423	0.0280254	0.135497	0.00149925	0.0101491	0.0516787	0.265393
122	0.0100423	0.0283236	0.144183	0.00149925	0.0101491	0.0519716	0.259814
123	0.0100987	0.028307	0.146319	0	0.0101491	0.0545434	0.302936
124	0.0100781	0.0281167	0.146309	0	0.010303	0.0547841	0.307858
125	0.0100423	0.0278808	0.144183	0	0.010303	0.0553728	0.307858
126	0.0100781	0.0281177	0.146309	0	0.0101459	0.0563704	0.322793
127	0.0100987	0.0281577	0.146319	0	0.0101491	0.0560842	0.327096
128	0.0100423	0.0284394	0.144183	0	0.0101459	0.0577457	0.36125
129	0.0100781	0.0286264	0.146319	0	0.0101459	0.0591812	0.400943
130	0.0100781	0.0285468	0.146309	0	0.0101491	0.0609309	0.420993
131	0.0100372	0.0282022	0.139222	0	0.0101491	0.0624185	0.433383
132	0.0100372	0.0280363	0.13985	0	0.0101491	0.0685447	0.489977
133	0.0100372	0.0283442	0.144183	0	0.0108074	0.072306	0.594795
134	0.0100372	0.0282092	0.144183	0	0.0101491	0.0765785	0.651945
135	0.0100372	0.0283501	0.145904	0	0.0101491	0.0835929	0.786065
136	0.0100372	0.0286554	0.154687	0	0.0101491	0.088205	0.732845
137	0.0100372	0.0286026	0.147912	0	0.0101491	0.0847188	0.702043
138	0.0100372	0.0287083	0.147912	0	0.0101491	0.0845497	0.676639
139	0.0100372	0.0290468	0.146083	0.00149925	0.0116106	0.0832593	0.732845
140	0.0100372	0.0288444	0.145904	0.00149925	0.0101491	0.0824771	0.676639
141	0.0100372	0.0283311	0.142928	0.00149925	0.0101491	0.0814986	0.676639
142	0.0100372	0.0279224	0.137836	0	0.0101491	0.0807833	0.676639
143	0.0100372	0.0284216	0.142928	0	0.0101491	0.0798732	0.721782
144	0.0100372	0.0285145	0.137836	0	0.0100046	0.076846	0.702043
145	0.0100372	0.0284415	0.135057	0	0.0100046	0.0704819	0.564045
146	0.0100372	0.0292621	0.147912	0	0.0100046	0.0703769	0.6226
147	0.0100372	0.0298068	0.161282	0.00149925	0.0101491	0.0704003	0.641885
148	0.0100987	0.0299199	0.172965	0	0.0101491	0.0702759	0.676639
149	0.0100372	0.0295727	0.164785	0.0029985	0.0101491	0.0707836	0.906183
150	0.0100372	0.0289507	0.16455	0.00149925	0.0106839	0.0753692	1.45714
151	0.0100372	0.0286429	0.154687	0.00149925	0.0103885	0.0720267	1.45714
152	0.0100372	0.0285861	0.154687	0.00149925	0.0100046	0.0621369	1.08957
153	0.0100372	0.0284507	0.150781	0.00149925	0.0100046	0.0527669	0.35676
154	0.0100372	0.0284007	0.145904	0.00149925	0.0101643	0.0497558	0.333116
155	0.0100372	0.0285003	0.147912	0.00149925	0.0100046	0.0480069	0.291271
156	0.0100372	0.0285688	0.154687	0.00149925	0.0101469	0.0465251	0.267868
157	0.0100372	0.0284991	0.154687	0.00449775	0.0101469	0.0441809	0.187966
158	0.0100372	0.0286042	0.160322	0.00449775	0.0101469	0.0407259	0.17075
159	0.0100372	0.0280837	0.152143	0	0.0101469	0.0388287	0.148573
160	0.0100372	0.0281321	0.150781	0	0.0101643	0.0377821	0.144137
161	0.0100372	0.0286658	0.154348	0	0.0100046	0.0375118	0.139429
162	0.0100372	0.0286571	0.154348	0	0.0100046	0.0370711	0.129187
163	0.0100372	0.0280737	0.150781	0	0.0102779	0.0359285	0.12637
164	0.0100372	0.0280739	0.154687	0	0.010521	0.0351856	0.12637
165	0.0100372	0.0278417	0.154348	0	0.0106615	0.0349013	0.12637
166	0.0100372	0.02801	0.149832	0	0.0100046	0.0333384	0.105351
167	0.0100781	0.0280887	0.154887	0	0.0101469	0.032409	0.100691
168	0.0100372	0.0279832	0.154687	0	0.0102779	0.0320613	0.101211
169	0.0100372	0.0283207	0.158143	0	0.0102779	0.0323755	0.101211
170	0.0100372	0.0288702	0.160322	0	0.0100046	0.0328191	0.101211
171	0.0100372	0.0293083	0.17196	0	0.0100648	0.0330659	0.105351
172	0.0100372	0.0291749	0.164785	0.00149925	0.0100648	0.032751	0.105222
173	0.0100372	0.0287055	0.158775	0.00149925	0.0101643	0.0325889	0.105351
174	0.0100372	0.0289259	0.160322	0.00149925	0.0102538	0.0319276	0.105351
175	0.0100372	0.0286437	0.160322	0.00149925	0.0100648	0.0320182	0.105222
176	0.0100372	0.0287592	0.16455	0	0.0100648	0.0322855	0.105351
177	0.0100372	0.0294153	0.178089	0	0.0100648	0.0322643	0.105669
178	0.0100372	0.0296438	0.190617	0.00149925	0.0100648	0.032208	0.105351
179	0.0100372	0.0295068	0.18251	0.00449775	0.0101643	0.0317931	0.105351
180	0.0100372	0.0291958	0.177047	0.00449775	0.0100648	0.0320904	0.105669
181	0.0100372	0.0291934	0.182373	0	0.0102538	0.0312233	0.105669
182	0.0100423	0.0298675	0.182525	0	0.0102779	0.0310171	0.105669
183	0.0100423	0.0302028	0.182525	0.00149925	0.0101643	0.030734	0.105351
184	0.0100423	0.0300087	0.182525	0.00149925	0.0101643	0.0305448	0.105669
185	0.0100372	0.0297288	0.1766	0.0029985	0.0100046	0.0302142	0.100691
186	0.0100145	0.0299884	0.190617	0.0029985	0.0101643	0.0302979	0.105351
187	0.0100145	0.0302875	0.190617	0.0029985	0.0101144	0.0305958	0.105669
188	0.0100145	0.0297806	0.182525	0.00449775	0.0101643	0.0306308	0.105351
189	0.0100145	0.0292223	0.171095	0.00449775	0.0100046	0.0302244	0.100691
190	0.0100145	0.0294919	0.166531	0.00449775	0.0100648	0.0299182	0.0983932
191	0.0100145	0.0294852	0.16455	0.00749625	0.0100046	0.0295073	0.0967365
192	0.0100372	0.029028	0.166531	0.00749625	0.0100046	0.0293176	0.0967365
193	0.0100372	0.0291742	0.16455	0.00749625	0.0100648	0.0291235	0.0956207
194	0.0100372	0.0289768	0.160627	0.00449775	0.0100046	0.0290093	0.0937255
195	0.0100372	0.0291608	0.166651	0.00449775	0.0100648	0.0282842	0.0906447
196	0.0100372	0.0289183	0.166531	0.00449775	0.0100046	0.0284769	0.0906447
197	0.0100372	0.0289076	0.166651	0.00149925	0.0100046	0.0285373	0.0906447
198	0.0100372	0.0299291	0.171095	0.0029985	0.0100046	0.0286237	0.0916487
199	0.0100372	0.0305371	0.187933	0.00449775	0.0100648	0.0284144	0.0906447
200	0.0100372	0.0307777	0.185417	0.00749625	0.0101143	0.0285088	0.0906447
201	0.0100372	0.0297859	0.166651	0.005997	0.0100046	0.028301	0.0847963
202	0.0100423	0.0291229	0.149236	0.00449775	0.0100648	0.0287774	0.0905698
203	0.0100423	0.0285294	0.145102	0.0029985	0.0100046	0.0285021	0.0847726
204	0.0100423	0.0280083	0.132523	0.0029985	0.0100046	0.0286196	0.0847726
205	0.0100423	0.0277603	0.126892	0	0.0100046	0.0288346	0.0836699
206	0.0100569	0.0280925	0.130672	0	0.010048	0.0289324	0.0881061
207	0.0100423	0.0284488	0.132523	0	0.0100046	0.0281811	0.0836699
208	0.0100423	0.028957	0.145603	0	0.0100046	0.0280331	0.0847726
209	0.0100312	0.0284375	0.126892	0	0.0100046	0.0281248	0.0923236
210	0.0100312	0.0288823	0.130296	0.00449775	0.0100308	0.0276566	0.0847726
211	0.0100312	0.0287368	0.124233	0.0029985	0.0100046	0.027669	0.0832107
212	0.0100312	0.0285959	0.126892	0.00149925	0.0100046	0.026908	0.0790273
213	0.0100312	0.0288878	0.132523	0.00149925	0.0100046	0.0269215	0.0809376
214	0.0100312	0.0285534	0.126892	0.00149925	0.0100046	0.0266995	0.0801889
215	0.0100312	0.028509	0.130296	0.0029985	0.0100046	0.0265143	0.0801889
216	0.0100569	0.0278951	0.124233	0.00149925	0.0100046	0.0260824	0.0790273
217	0.0100312	0.028145	0.132523	0.00449775	0.0100046	0.0262047	0.0809376
218	0.0100312	0.0284854	0.143632	0.00449775	0.0100046	0.0261101	0.0809376
219	0.0100569	0.0281316	0.124233	0.00149925	0.0100046	0.026492	0.0847726
220	0.0100312	0.0280023	0.121092	0	0.0100046	0.0265045	0.0847726
221	0.0100312	0.0278346	0.116633	0	0.0100046	0.0269197	0.0937255
222	0.0100312	0.0280477	0.121556	0	0.0100046	0.0266962	0.0866481
223	0.0100312	0.0284181	0.132523	0	0.0100046	0.0266935	0.0866481
224	0.0100569	0.0282489	0.143544	0	0.0100046	0.0268944	0.0866481
225	0.0100781	0.0281382	0.143632	0	0.0100046	0.0267118	0.0847726
226	0.0100569	0.0285278	0.143562	0	0.0100046	0.0269006	0.0903541
227	0.0100569	0.0292552	0.148607	0	0.0100308	0.02728	0.0930713
228	0.0100569	0.0294293	0.149146	0	0.0100046	0.027131	0.0903541
229	0.0100569	0.0294249	0.148607	0	0.0100046	0.0269556	0.0847726
230	0.0100569	0.0293376	0.148722	0	0.0100046	0.0267226	0.0836699
231	0.0100569	0.0297192	0.149146	0.00149925	0.0100046	0.0275643	0.0903541
232	0.0100569	0.0294794	0.149146	0.00149925	0.0100046	0.0278223	0.0930678
233	0.0100569	0.0295452	0.147793	0.00149925	0.0100308	0.0268417	0.0828288
234	0.0100569	0.029774	0.148607	0.00149925	0.0100308	0.0266935	0.0817159
235	0.0100569	0.0295077	0.146507	0	0.0100308	0.0267228	0.0817159
236	0.0100569	0.0300693	0.148722	0.0029985	0.0100046	0.0270428	0.0836699
237	0.0100569	0.0309084	0.158771	0.0029985	0.0100046	0.0270681	0.0836699
238	0.0100569	0.0302478	0.146507	0	0.0100308	0.0267895	0.0815263
239	0.0100569	0.0301414	0.145102	0	0.0100046	0.0269249	0.0815263
240	0.0100569	0.0303884	0.147793	0	0.0100046	0.0271159	0.0828288
241	0.0100569	0.0304283	0.146507	0	0.0100308	0.0274636	0.0847726
242	0.0100569	0.0305965	0.145102	0	0.0100046	0.0276691	0.0847726
243	0.0100569	0.0309457	0.146507	0	0.0100046	0.0280757	0.0893275
244	0.0100569	0.030325	0.136807	0	0.0100046	0.0285766	0.0903541
245	0.0100569	0.0306642	0.146507	0	0.0101313	0.0288721	0.0946552
246	0.0100061	0.0310656	0.148607	0.00449775	0.0101313	0.0293186	0.0946552
247	0.0100061	0.0302445	0.134911	0	0.0100046	0.029619	0.0946552
248	0.0100061	0.0304972	0.13687	0	0.0100046	0.0299766	0.101336
249	0.0100061	0.0304428	0.13687	0	0.0102779	0.0304149	0.107202
250	0.0100265	0.0307091	0.13687	0	0.0100046	0.0312543	0.111988
251	0.0100265	0.0311605	0.141755	0	0.0100046	0.0322569	0.122252
252	0.0100569	0.031511	0.149045	0	0.0100046	0.0336225	0.146649
253	0.0100265	0.0322447	0.16691	0	0.0100046	0.0338908	0.146649
254	0.0100265	0.0333236	0.177375	0	0.0100046	0.0341317	0.154602
255	0.0100265	0.033772	0.185333	0	0.0100544	0.0340497	0.158178
256	0.0100781	0.0346686	0.1986	0	0.0100544	0.0343319	0.160452
257	0.0100265	0.0350408	0.206078	0	0.0100544	0.035342	0.164746
258	0.0100781	0.0358595	0.213999	0.00149925	0.0100544	0.0353746	0.158178
259	0.0100265	0.0360453	0.214605	0	0.0100544	0.0364881	0.164746
260	0.0100265	0.0366948	0.223467	0	0.0100544	0.0362585	0.150634
261	0.0100265	0.0364429	0.223467	0	0.0100544	0.036676	0.154602
262	0.0100781	0.0363267	0.223467	0	0.0100544	0.0368927	0.150634
263	0.0100265	0.0370732	0.223467	0	0.0100544	0.0381503	0.16589
264	0.0100265	0.0378113	0.223467	0	0.0100544	0.0388928	0.183595
265	0.0100781	0.0389488	0.239113	0.0029985	0.0100544	0.0382898	0.16589
266	0.0100781	0.0395741	0.239113	0.0029985	0.0100544	0.0377276	0.16313
267	0.0100265	0.0406231	0.247731	0.00149925	0.0100544	0.0374006	0.160495
268	0.0100265	0.0416014	0.253796	0.00749625	0.0100544	0.039089	0.16589
269	0.0100781	0.0432645	0.261443	0.00749625	0.0100544	0.0400072	0.164746
270	0.0100987	0.0428748	0.259892	0.0029985	0.0100544	0.0409237	0.16589
271	0.0100781	0.0428929	0.247731	0.00149925	0.0100544	0.0409221	0.154602
272	0.0100987	0.0435651	0.259892	0.00149925	0.0100544	0.0396428	0.146165
273	0.0100781	0.0450359	0.259603	0.0029985	0.0103025	0.039382	0.147646
274	0.0100781	0.0450935	0.261443	0.0029985	0.0100544	0.0394514	0.146165
275	0.0100781	0.0456019	0.261443	0.0029985	0.0100544	0.0408931	0.154602
276	0.0100781	0.0464066	0.265217	0.0029985	0.0100544	0.0402391	0.150938
277	0.0100781	0.0464687	0.269225	0.00449775	0.0100544	0.041088	0.150938
278	0.0100781	0.0480809	0.288899	0.00749625	0.0100544	0.0412983	0.16313
279	0.0100781	0.0506918	0.3146	0.00749625	0.0100544	0.0414718	0.16313
280	0.0100781	0.051115	0.3146	0.0089955	0.0100544	0.0415024	0.164746
281	0.0100781	0.0504051	0.312604	0.00749625	0.0100544	0.0418763	0.16589
282	0.0100781	0.0513796	0.312604	0.005997	0.0100544	0.0429404	0.169108
283	0.0100781	0.0519258	0.312604	0.00149925	0.0100771	0.0450834	0.183595
284	0.0100781	0.053183	0.315857	0.0029985	0.0102748	0.0447836	0.183595
285	0.0100781	0.0562029	0.388956	0.00449775	0.0100544	0.0462687	0.188654
286	0.0100781	0.0573087	0.411876	0.005997	0.0100771	0.0461103	0.183595
287	0.0100781	0.0607833	0.435483	0.0089955	0.0100544	0.0468756	0.183595
288	0.0100987	0.0648304	0.453738	0.0089955	0.0102748	0.0464585	0.183207
289	0.0100781	0.0701608	0.499266	0.011994	0.0100771	0.0473286	0.192474
290	0.0100781	0.0740788	0.522116	0.0134933	0.0100544	0.0485364	0.203573
291	0.0100781	0.0787008	0.577015	0.0149925	0.0100544	0.0498308	0.225873
292	0.0100781	0.0853734	0.7042	0.0194903	0.0100544	0.0507376	0.225873
293	0.0100781	0.0922098	0.713155	0.0194903	0.0100771	0.0512006	0.240874
294	0.010875	0.101541	0.83084	0.0224888	0.0100771	0.0516157	0.23741
295	0.0102553	0.120586	0.83084	0.0389805	0.0100771	0.0521478	0.240578
296	0.0125589	0.134996	1.33235	0.0554723	0.0100771	0.053235	0.247049
297	0.0124334	0.162748	1.3746	0.0749625	0.0100771	0.05346	0.247049
298	0.0144525	0.237083	2.33941	0.125937	0.0100771	0.0528672	0.240578
299	0.015069	0.183157	1.48387	0.0704648	0.0100771	0.0530627	0.24692
300	0.0160804	0.174114	1.19146	0.0524738	0.0100771	0.0545252	0.247049
301	0.023361	0.173209	1.42963	0.0509745	0.0100771	0.0562496	0.260517
302	0.0242932	0.172082	1.42963	0.0509745	0.0101937	0.0585885	0.323749
303	0.0247764	0.169389	1.42963	0.0524738	0.0101937	0.0584487	0.334498
304	0.0234726	0.169658	1.42963	0.053973	0.0122577	0.0584956	0.382544
305	0.0234726	0.174764	1.67799	0.065967	0.0100771	0.0581993	0.267703
306	0.0224033	0.212499	3.78928	0.115442	0.0122577	0.0592842	0.387715
307	0.0148077	0.143007	1.29099	0.0524738	0.0101937	0.0646331	0.387715
308	0.0144525	0.126924	1.09082	0.0374813	0.0100771	0.0708478	0.53586
309	0.0147815	0.114247	1.02735	0.0254873	0.0122577	0.0759308	0.873676
310	0.0101745	0.104203	0.638083	0.0209895	0.0102817	0.0805507	0.843486
311	0.0101745	0.0931463	0.583128	0.0134933	0.0100771	0.0858001	0.877125
312	0.0108631	0.0874046	0.611145	0.0104948	0.0100771	0.0865415	1.00272
313	0.0101147	0.0844543	0.543422	0.0104948	0.0100771	0.0965917	1.36901
314	0.0101745	0.0824237	0.532047	0.0089955	0.0100771	0.0992888	1.79657
315	0.0101147	0.0780115	0.491848	0.00749625	0.0100771	0.102115	2.05917
316	0.0108631	0.0747876	0.491848	0.005997	0.0101937	0.114625	4.29692
317	0.010996	0.0713944	0.481476	0.005997	0.0101937	0.147681	10.6263
318	0.010996	0.0699908	0.467558	0.00449775	0.0101937	0.164854	12.6684
319	0.0108631	0.0685024	0.467558	0.00449775	0.0101937	0.185169	16.0033
320	0.0101147	0.0654741	0.428839	0.00449775	0.0100771	0.199271	17.2644
321	0.0101147	0.0645186	0.396734	0.00149925	0.0114981	0.244146	25.519
322	0.0101147	0.0621947	0.382849	0.00149925	0.012259	0.254476	32.4858
323	0.0101745	0.0616637	0.382849	0.00149925	0.0104619	0.239798	30.7394
324	0.0101745	0.0586289	0.376009	0.0029985	0.0101937	0.229567	30.2261
325	0.0100302	0.0580132	0.389983	0.0104948	0.0101937	0.222012	30.2261
326	0.0100302	0.0582777	0.401057	0.0089955	0.0101937	0.256823	32.4858
327	0.0101745	0.0565316	0.380555	0.0029985	0.0104619	0.335824	45.4165
328	0.0101745	0.0568293	0.382849	0.00449775	0.0104619	0.377086	47.3075
329	0.0101745	0.0546797	0.338165	0.0029985	0.0104619	0.422209	47.3075
330	0.0101745	0.0537284	0.338165	0.0029985	0.0104619	0.484995	46.5654
331	0.0100302	0.0530817	0.343835	0.005997	0.0104619	0.504337	46.5654
332	0.0101745	0.0518936	0.338165	0.0029985	0.0104619	0.538322	47.3075
333	0.0100302	0.0481922	0.300844	0.00149925	0.0105158	0.615191	46.5654
334	0.0101745	0.0460996	0.289219	0.00149925	0.0228716	0.71437	90.9863
335	0.0100302	0.0446863	0.277139	0.00449775	0.0263456	0.82687	90.6936
336	0.0100302	0.044184	0.261978	0.005997	0.028024	0.908308	95.6594
337	0.0104475	0.0435583	0.258103	0.005997	0.0288684	1.05826	91.9235
338	0.0101767	0.0430343	0.247949	0.00449775	0.0343163	1.17059	95.6594
339	0.0104475	0.0412957	0.21493	0.0029985	0.0418246	1.28126	91.9235
340	0.0104475	0.0409654	0.21493	0.00449775	0.0431808	1.35899	90.9863
341	0.0104475	0.0408114	0.207369	0.00449775	0.0375242	1.33376	91.9235
342	0.0104475	0.0400915	0.20257	0.00149925	0.0246331	1.22668	75.3351
343	0.0101767	0.0399541	0.19122	0.00149925	0.0283985	1.13687	91.9235
344	0.0104475	0.0387878	0.17848	0.00149925	0.0283985	1.13253	91.9235
345	0.0104475	0.0390019	0.175465	0.00149925	0.0246331	1.04692	91.9235
346	0.0108582	0.0387294	0.175465	0	0.0119976	0.97752	52.9448
347	0.0104475	0.0386298	0.167704	0	0.0117901	1.01415	50.5622
348	0.0104475	0.0382831	0.167704	0	0.0110362	1.04494	46.5892
349	0.0104475	0.0381385	0.161628	0	0.0128828	1.06564	52.9448
350	0.0104475	0.0387493	0.166779	0.00149925	0.0119976	1.06208	50.5622
351	0.0104475	0.0388914	0.175465	0.0029985	0.0217071	1.20037	90.9863
352	0.0104475	0.039234	0.18647	0.0029985	0.0254915	1.24349	98.7829
353	0.0104797	0.0390102	0.18647	0.00149925	0.0260482	1.41882	90.6936
354	0.0106655	0.0388187	0.18647	0	0.026132	1.30939	98.7829
355	0.0106655	0.0387948	0.18647	0	0.0260482	1.24321	93.133
356	0.0104797	0.0390318	0.18545	0	0.0260482	1.22186	93.133
357	0.0104938	0.0392831	0.18647	0	0.0260482	1.17876	96.3293
358	0.0104938	0.0391083	0.18647	0	0.0223762	1.11532	93.133
359	0.0104912	0.0392736	0.19122	0.00449775	0.0211048	1.04471	93.133
360	0.0104912	0.0392209	0.18647	0.00449775	0.0199829	0.929411	96.3293
361	0.0104912	0.039312	0.19122	0.0029985	0.0205484	0.869387	96.3293
362	0.0100302	0.0396344	0.18647	0.0029985	0.0105794	0.725982	52.9945
363	0.0106437	0.0402885	0.20257	0.00149925	0.0106797	0.679378	52.9945
364	0.0105958	0.0400191	0.20257	0.00149925	0.0101393	0.616653	42.7954
365	0.0105958	0.0402567	0.203577	0	0.0105794	0.593932	42.7954
366	0.0104912	0.04106	0.20257	0	0.0106797	0.542181	39.2362
367	0.0101566	0.0429575	0.204712	0	0.0106797	0.48329	35.5308
368	0.0101829	0.0442887	0.21493	0	0.0106797	0.415199	32.9392
369	0.0101566	0.045745	0.239816	0.00149925	0.0102451	0.37002	32.9392
370	0.0104912	0.0483429	0.308144	0.0029985	0.0102451	0.374665	34.185
371	0.0100302	0.0492817	0.324126	0.005997	0.0102451	0.37515	32.9392
372	0.0100302	0.0495714	0.358842	0.0029985	0.0102451	0.384438	35.0849
373	0.0104912	0.0510743	0.432444	0.005997	0.0102451	0.38006	35.5488
374	0.0101829	0.0532804	0.432444	0.005997	0.0108046	0.402292	52.867
375	0.0101829	0.0541799	0.432444	0.005997	0.0102451	0.444492	57.7152
376	0.0100302	0.05617	0.432444	0.005997	0.0102505	0.433832	61.0301
377	0.0100302	0.0600097	0.45701	0.005997	0.0102451	0.431129	65.0547
378	0.0106655	0.0627461	0.512837	0.00449775	0.0102451	0.372352	62.6169
379	0.0102515	0.0648641	0.512837	0.005997	0.0102451	0.309901	59.8176
380	0.0108582	0.0664631	0.560196	0.0089955	0.0102451	0.273034	57.7152
381	0.0106655	0.0701397	0.570778	0.0104948	0.0102505	0.211593	55.2038
382	0.0101829	0.0726255	0.560196	0.0134933	0.0102451	0.154732	46.6238
383	0.0101829	0.076766	0.579398	0.0134933	0.0102451	0.105207	15.9648
384	0.0100302	0.0837948	0.603228	0.017991	0.0102505	0.0722892	2.06444
385	0.0101829	0.0925297	0.629648	0.0194903	0.0102451	0.0544226	0.478594
386	0.0101829	0.0977917	0.618765	0.017991	0.0102092	0.0515199	0.406543
387	0.0101829	0.104964	0.677445	0.0209895	0.0102092	0.051004	0.388204
388	0.0101918	0.115371	0.739732	0.0314843	0.0102092	0.0513631	0.363694
389	0.0114865	0.132362	1.10524	0.047976	0.0102092	0.0497296	0.353213
390	0.0114865	0.151986	1.10524	0.0554723	0.0102092	0.0508176	0.360923
391	0.0110817	0.172301	1.14704	0.0629685	0.0102092	0.0508421	0.363694
392	0.0167957	0.206108	1.64827	0.0749625	0.0102092	0.0511447	0.405627
393	0.0219794	0.237176	1.76926	0.0854573	0.0102505	0.0522847	0.407545
394	0.0278186	0.267283	1.64076	0.0914543	0.0102092	0.053022	0.407299
395	0.033117	0.290529	1.70174	0.0989505	0.0102092	0.0521108	0.361805
396	0.033117	0.282043	1.70174	0.089955	0.0102092	0.0532578	0.363694
397	0.0461227	0.295308	1.96447	0.0914543	0.0102092	0.053466	0.407299
398	0.0430264	0.29842	1.76926	0.0914543	0.0102092	0.0530075	0.430702
399	0.0488321	0.306187	1.70174	0.0914543	0.0102092	0.0535767	0.416892
400	0.0572444	0.319942	1.64076	0.089955	0.0102092	0.0590235	0.591399
401	0.0488321	0.298125	1.64076	0.0824588	0.0102092	0.0618109	0.650899
402	0.0461227	0.279509	1.76926	0.0704648	0.0102092	0.0618691	0.701888
403	0.0460182	0.269808	1.76926	0.0629685	0.0102092	0.0612209	0.758025
404	0.0385868	0.255452	1.62015	0.0509745	0.0102092	0.0703096	2.06175
405	0.0304893	0.239171	1.76926	0.0524738	0.0102725	0.0764329	3.34339
406	0.0214492	0.224937	1.76926	0.05997	0.0102092	0.0887328	3.52203
407	0.0120487	0.23188	1.64076	0.0809595
