		omega		Posterior		rho				Synonymous theta			kappa			phi	
Site	Lower	Point	Higher	prob of +ve	Lower	Point	Higher		Lower	Point	Higher	Lower	Point	Higher	Lower	Point	Higher
	95% HPD	estimate	95% HPD	selection	95% HPD	estimate	95% HPD		95% HPD	estimate	95% HPD	95% HPD	estimate	95% HPD	95% HPD	estimate	95% HPD
0	0.0100869	0.0406479	0.428503	0.00749625	0.0172852	0.80472	92.8443		0.022263	0.0305741	0.0406041	3.48996	6.8704	14.0716	0	0	0
1	0.0100869	0.0375335	0.314444	0.00749625	0.0172852	0.882857	96.65
2	0.0100869	0.0358009	0.254917	0.0029985	0.0170843	0.99309	96.65
3	0.0100869	0.0352437	0.253148	0.00449775	0.0172852	1.05137	99.6715
4	0.0100869	0.0351926	0.254917	0.00749625	0.0172852	1.095	99.6715
5	0.0100869	0.0345587	0.230764	0.00749625	0.0167265	1.32823	96.2456
6	0.0100869	0.0344531	0.218723	0.0089955	0.0172852	1.50141	96.2456
7	0.0100869	0.0338623	0.209787	0.0089955	0.0225498	1.75497	99.9987
8	0.0100869	0.0335498	0.197945	0.005997	0.024244	1.92871	99.9987
9	0.0100869	0.032264	0.187545	0	0.0277619	2.19909	99.6715
10	0.0100869	0.032339	0.170909	0.00149925	0.0280101	2.61365	99.6715
11	0.0100869	0.0327731	0.193942	0.00149925	0.0280101	2.92887	99.6715
12	0.0101362	0.0330092	0.197945	0	0.0283561	3.01073	99.9987
13	0.0103374	0.032897	0.201117	0	0.0328224	3.38909	99.6715
14	0.0100869	0.0330579	0.189293	0	0.0398797	3.86018	99.9987
15	0.0100869	0.0330489	0.189293	0	0.0407545	4.00917	99.9987
16	0.0100869	0.0323679	0.170905	0	0.0452163	4.36518	99.6715
17	0.0100869	0.0318438	0.166742	0	0.0371231	4.34998	99.6715
18	0.0100869	0.0317099	0.151087	0	0.0371231	4.3765	99.6715
19	0.0100869	0.032055	0.166742	0	0.0441446	4.81917	99.6715
20	0.0100869	0.0321199	0.166742	0	0.0398797	4.71901	99.6715
21	0.0100869	0.033425	0.192517	0.0089955	0.0441446	5.07147	99.6715
22	0.0100869	0.0323511	0.189293	0.00149925	0.0496301	5.10083	95.9969
23	0.0100869	0.0327776	0.192517	0.00149925	0.0496301	4.63917	94.4786
24	0.0100869	0.0327779	0.194164	0.00149925	0.0735177	4.59365	95.9969
25	0.0100869	0.0329433	0.195611	0.00149925	0.0805904	4.41533	95.9969
26	0.0100869	0.0331794	0.195611	0.00149925	0.0805904	4.21008	95.9969
27	0.0100869	0.0340111	0.199804	0.00149925	0.0805904	4.19751	95.9969
28	0.0100869	0.0333147	0.197408	0	0.0735177	4.16543	95.9969
29	0.0100869	0.0336131	0.199804	0.00149925	0.0500117	3.94124	95.9969
30	0.0100869	0.0338187	0.22017	0.0029985	0.0532003	3.77392	95.9969
31	0.010081	0.0336773	0.22017	0.0029985	0.0535496	3.5583	95.9969
32	0.010081	0.0336961	0.22017	0.00449775	0.0521314	3.20869	93.2915
33	0.010081	0.0341258	0.225616	0.00749625	0.0521314	3.06852	93.2268
34	0.010081	0.0334249	0.22017	0.005997	0.0352506	2.60893	81.3254
35	0.010081	0.0324583	0.196396	0.0029985	0.0352506	2.11698	93.2268
36	0.010081	0.0316263	0.194164	0.0029985	0.0300759	1.75571	95.9969
37	0.010081	0.0313371	0.194164	0.0029985	0.020278	1.38681	97.1408
38	0.010081	0.0312317	0.194164	0.0029985	0.0119378	1.23624	47.8369
39	0.010081	0.0311863	0.195611	0.00449775	0.0121896	1.13052	49.6077
40	0.010081	0.0301416	0.178574	0.0029985	0.0135558	0.987059	49.6077
41	0.010081	0.0304709	0.192517	0.0029985	0.0137461	0.831406	47.8369
42	0.010081	0.0303544	0.183599	0.0029985	0.0128358	0.642403	47.8369
43	0.0100869	0.0301894	0.183599	0.0029985	0.0131718	0.504276	47.8369
44	0.010081	0.0297535	0.178574	0.0029985	0.0106312	0.400457	32.9623
45	0.010081	0.029844	0.179468	0.0029985	0.0112969	0.293946	30.3827
46	0.010081	0.0295849	0.178574	0.0029985	0.0106312	0.278135	25.4015
47	0.010081	0.0294239	0.172444	0.00149925	0.0114845	0.242577	25.4015
48	0.010081	0.029438	0.164433	0	0.0107168	0.204858	20.4212
49	0.010081	0.0293037	0.164433	0	0.0107168	0.15543	9.90203
50	0.010081	0.0303013	0.177742	0.005997	0.0100863	0.123162	3.56853
51	0.0100925	0.0294145	0.172444	0.0029985	0.0100863	0.108378	2.10848
52	0.010081	0.0303585	0.180587	0.00749625	0.0100863	0.107532	2.01461
53	0.010081	0.0298146	0.173281	0.005997	0.0100863	0.103954	1.90607
54	0.0100925	0.0298145	0.172444	0.00449775	0.0100863	0.102571	1.90607
55	0.010024	0.0295191	0.160861	0.00449775	0.0100863	0.0991782	2.01461
56	0.010024	0.0300858	0.174182	0.0029985	0.0100863	0.097642	1.90607
57	0.010024	0.0296066	0.172444	0	0.0100863	0.0933856	1.90607
58	0.010081	0.0304481	0.184336	0	0.0100863	0.0935198	1.90607
59	0.010081	0.0302205	0.184336	0.00149925	0.0100863	0.0939836	2.10848
60	0.0100193	0.0303259	0.173946	0.0029985	0.0100863	0.0927497	1.74444
61	0.0100193	0.0303107	0.171601	0.0029985	0.0100819	0.0893334	1.24179
62	0.0100193	0.0304182	0.170325	0.00149925	0.0100819	0.0910638	1.42233
63	0.0100193	0.0302837	0.159042	0	0.0100255	0.0945836	2.01092
64	0.0100193	0.0298765	0.153812	0	0.0100255	0.101525	3.79754
65	0.0100193	0.0294446	0.152858	0	0.0100255	0.107604	5.09781
66	0.0100193	0.0299017	0.170325	0.00149925	0.0100819	0.117347	15.1084
67	0.0100193	0.0303147	0.171601	0.0029985	0.0100255	0.119334	15.1084
68	0.0100193	0.0306872	0.173946	0.0029985	0.0100255	0.119471	12.2386
69	0.0100193	0.0305042	0.170325	0.0029985	0.0100255	0.111353	11.2571
70	0.0100193	0.0306055	0.162122	0.00449775	0.0100255	0.111734	9.84194
71	0.0100193	0.0319505	0.180587	0.005997	0.0100255	0.107827	8.45416
72	0.010081	0.031779	0.179365	0.00449775	0.0100255	0.106901	7.41259
73	0.0100193	0.032002	0.180587	0.0029985	0.0100255	0.100097	6.45702
74	0.0100193	0.0326342	0.191661	0.0029985	0.0100255	0.0950274	4.06853
75	0.010081	0.0335656	0.198686	0.00449775	0.0100255	0.0918822	3.68275
76	0.0100193	0.0339103	0.194845	0.0029985	0.0100255	0.0914146	2.80774
77	0.0100193	0.0363193	0.265162	0.0104948	0.0100255	0.0864594	2.3148
78	0.0101137	0.035954	0.253719	0.00449775	0.0100255	0.0809918	1.73036
79	0.0100193	0.0350624	0.194845	0.0029985	0.0100255	0.0809065	1.73036
80	0.0100193	0.0348056	0.189385	0.00149925	0.0100255	0.072263	1.19316
81	0.0100193	0.0346364	0.179365	0.00149925	0.0100255	0.071785	1.19316
82	0.0100193	0.0349753	0.18694	0.0029985	0.0100255	0.0720037	1.19316
83	0.0100925	0.0348707	0.167893	0.00449775	0.0100255	0.0682024	0.939685
84	0.0100193	0.035059	0.163707	0.0029985	0.0100255	0.0669129	0.896106
85	0.0100193	0.034753	0.163707	0.00449775	0.0100255	0.0676587	0.946248
86	0.0100193	0.0340154	0.160286	0.00449775	0.0100255	0.0651896	0.865263
87	0.0101137	0.0346591	0.163707	0.00449775	0.0100255	0.0696993	0.946248
88	0.0100193	0.0360986	0.183594	0.00749625	0.0100255	0.0758658	1.38166
89	0.0100193	0.0361254	0.18694	0.0089955	0.0100255	0.0877312	2.99829
90	0.0100193	0.0357759	0.187158	0.00449775	0.0100255	0.0948944	4.8059
91	0.0100193	0.0364831	0.205714	0.005997	0.0100255	0.101293	4.95008
92	0.0100193	0.036227	0.201034	0.0029985	0.0100255	0.107308	5.8006
93	0.0100193	0.0357426	0.198676	0	0.0100255	0.122054	9.97806
94	0.0100193	0.0354637	0.198676	0	0.0100255	0.1238	10.4114
95	0.0100193	0.0353192	0.198676	0	0.0100255	0.135593	11.9867
96	0.0100193	0.0356192	0.205714	0	0.0101809	0.132338	13.2572
97	0.0100193	0.0375112	0.245358	0.00449775	0.0100255	0.128093	8.10125
98	0.0100193	0.0368847	0.223568	0.00149925	0.0100255	0.124565	8.10125
99	0.0100193	0.0370623	0.223568	0.00149925	0.0100255	0.13472	12.8075
100	0.0100193	0.0371615	0.245358	0.00449775	0.0100255	0.135667	12.8075
101	0.0100193	0.0362682	0.221263	0.0029985	0.0100255	0.138374	12.8075
102	0.0100925	0.0371806	0.25095	0.0104948	0.0100255	0.142707	11.5667
103	0.0100193	0.0354275	0.205714	0.0029985	0.0100255	0.150867	12.7046
104	0.0100193	0.0341257	0.172789	0	0.0100255	0.152409	15.5713
105	0.0100193	0.0356682	0.206566	0.0089955	0.0100255	0.148542	23.8115
106	0.0100193	0.0339777	0.172789	0.0029985	0.0100255	0.147941	33.6581
107	0.0100193	0.0337949	0.168621	0.0029985	0.0100255	0.150875	33.6581
108	0.0100193	0.0334071	0.162122	0	0.0100255	0.17489	33.767
109	0.0100925	0.0337283	0.167674	0	0.0100255	0.178102	21.0087
110	0.0100925	0.034479	0.173984	0	0.0100255	0.181963	21.0087
111	0.0100193	0.0349285	0.194164	0	0.0100255	0.189454	26.5084
112	0.0100193	0.0350608	0.194164	0.00149925	0.0100255	0.181669	21.0087
113	0.0100925	0.0347012	0.173652	0.00149925	0.0100255	0.188548	21.0087
114	0.0100193	0.0341137	0.162122	0	0.0100255	0.176519	16.5911
115	0.0100193	0.0346023	0.167674	0	0.0100255	0.172865	16.6804
116	0.0100193	0.0345397	0.173652	0	0.0100537	0.176108	22.6273
117	0.0100193	0.0349183	0.197035	0	0.0100537	0.171663	25.2376
118	0.0100193	0.0346896	0.197035	0	0.0100537	0.161331	22.1368
119	0.0100193	0.0346006	0.197035	0	0.0100537	0.166439	26.5084
120	0.0100193	0.0357797	0.207696	0.00149925	0.0100537	0.171891	27.4005
121	0.0100193	0.0361463	0.218998	0.00149925	0.0100537	0.172345	28.2668
122	0.0100193	0.0365714	0.221263	0.0029985	0.0100942	0.166347	19.9756
123	0.0100925	0.03581	0.21739	0.0029985	0.0101809	0.157936	16.6804
124	0.0100193	0.0353648	0.207696	0.0029985	0.0101809	0.148297	16.6804
125	0.0100193	0.0349106	0.205714	0.0029985	0.0100942	0.148227	16.6804
126	0.0100193	0.0349331	0.212685	0.005997	0.0100537	0.139472	12.268
127	0.0100193	0.0341645	0.201034	0.00749625	0.0100537	0.13221	10.5818
128	0.0100193	0.033909	0.201034	0.00749625	0.0100537	0.121289	9.89644
129	0.0100121	0.0338335	0.205714	0.0089955	0.0100537	0.119377	9.89644
130	0.0100121	0.0334205	0.18365	0.0089955	0.0100537	0.120934	15.2034
131	0.0100121	0.0346128	0.205714	0.011994	0.0100942	0.121431	16.6804
132	0.0100121	0.0338982	0.198676	0.005997	0.0100537	0.122929	16.6804
133	0.0100121	0.0344256	0.201034	0.00449775	0.0100537	0.125597	16.6804
134	0.0101181	0.0343379	0.198676	0.00449775	0.0101666	0.133036	16.6804
135	0.0100121	0.0339306	0.197813	0.00449775	0.0100537	0.137302	17.884
136	0.0100121	0.0338916	0.201034	0.00449775	0.0100537	0.115645	16.5911
137	0.0100121	0.0332388	0.198676	0.00449775	0.0100537	0.100075	9.57202
138	0.0101498	0.0338028	0.205989	0.005997	0.0100537	0.087306	5.58835
139	0.0100121	0.0332314	0.194261	0.0089955	0.0100537	0.0761958	3.53444
140	0.0101181	0.0333721	0.198676	0.0104948	0.0100537	0.0718326	3.49631
141	0.0101181	0.0327652	0.194261	0.00749625	0.0100455	0.0604603	1.84802
142	0.0101181	0.0320442	0.18365	0.005997	0.0100455	0.0512185	0.720874
143	0.0100121	0.0316771	0.170067	0.005997	0.0100455	0.0453333	0.410264
144	0.0100121	0.03247	0.194261	0.00749625	0.0100537	0.0428153	0.410264
145	0.0100121	0.0321415	0.185594	0.005997	0.0100537	0.0422311	0.410264
146	0.0100121	0.0320044	0.185594	0.0029985	0.0100537	0.0407861	0.392158
147	0.0100121	0.0329952	0.201987	0.005997	0.0100455	0.0382866	0.322362
148	0.0101181	0.0340434	0.235816	0.0029985	0.0100455	0.0382062	0.322362
149	0.0101181	0.0344757	0.233247	0.00149925	0.0100455	0.037001	0.244461
150	0.0101498	0.0347141	0.235816	0.00149925	0.0100455	0.0355053	0.235166
151	0.0101181	0.0345251	0.228864	0.00149925	0.0100455	0.0353938	0.244461
152	0.0101181	0.0339044	0.198676	0.00149925	0.0100455	0.0340487	0.222188
153	0.0100121	0.0337722	0.194896	0.00149925	0.0100537	0.0322311	0.178041
154	0.0101181	0.0334831	0.186027	0.00149925	0.0100685	0.0315076	0.178041
155	0.0101181	0.0336767	0.194261	0.00149925	0.0100455	0.0300181	0.150038
156	0.0101181	0.0338452	0.194261	0	0.0100455	0.0294782	0.128615
157	0.0101181	0.033728	0.186027	0.00149925	0.0100455	0.0290992	0.121917
158	0.0101181	0.0344451	0.198676	0.00449775	0.0100455	0.0286822	0.120071
159	0.0101181	0.0341091	0.198676	0.00149925	0.0100455	0.028633	0.122248
160	0.0101181	0.0339153	0.194896	0	0.0100455	0.0281002	0.120071
161	0.0100121	0.0345367	0.186027	0	0.0100455	0.0276077	0.117453
162	0.0100121	0.0348999	0.194896	0.00149925	0.0100455	0.0278805	0.119299
163	0.0100121	0.0341976	0.186027	0.00149925	0.0100455	0.0275143	0.116597
164	0.0100121	0.0342371	0.189403	0.0029985	0.0100455	0.0276177	0.117453
165	0.0101181	0.0349015	0.194896	0.00749625	0.0101436	0.0271202	0.118458
166	0.0100121	0.0348585	0.194896	0.0089955	0.0100455	0.02673	0.111023
167	0.0100121	0.0344778	0.194896	0.0089955	0.0100455	0.026756	0.115105
168	0.0100121	0.0340197	0.186256	0.0089955	0.0101436	0.0269868	0.122248
169	0.0100121	0.0337709	0.194896	0.005997	0.0100455	0.0267068	0.118458
170	0.0101181	0.0320569	0.170067	0.00149925	0.0100455	0.0266917	0.116597
171	0.0101818	0.0325877	0.186256	0.005997	0.0100455	0.0270009	0.120071
172	0.0101181	0.0329364	0.186256	0.005997	0.0100455	0.0270396	0.115105
173	0.0101181	0.033058	0.186256	0.005997	0.0100455	0.0271958	0.118458
174	0.0100121	0.0334983	0.194896	0.00749625	0.0101021	0.0272865	0.120438
175	0.0101181	0.0330162	0.192437	0.00449775	0.0101436	0.0276777	0.121745
176	0.0100121	0.0329922	0.186256	0.00449775	0.0101436	0.0275829	0.121745
177	0.0101718	0.0328498	0.192437	0.005997	0.0101436	0.0274321	0.121745
178	0.0100121	0.0320965	0.183057	0.00449775	0.0100455	0.0273549	0.121971
179	0.0101718	0.0323897	0.186256	0.00449775	0.0100455	0.0272426	0.121971
180	0.0101718	0.0325741	0.191539	0.005997	0.0100455	0.0276201	0.126945
181	0.0101718	0.0329454	0.191539	0.005997	0.0100455	0.0273445	0.121971
182	0.010257	0.0324845	0.186256	0.00449775	0.0100474	0.0270216	0.121745
183	0.0101818	0.0331341	0.186256	0.0029985	0.0100455	0.0277	0.127122
184	0.0100121	0.0337609	0.194896	0.0029985	0.0100455	0.0276914	0.129396
185	0.0101818	0.033405	0.197779	0.00149925	0.0100019	0.0273559	0.127122
186	0.0101818	0.0334953	0.194896	0.00149925	0.0100019	0.0272281	0.121745
187	0.0101818	0.0342056	0.2313	0.00149925	0.0100474	0.0271574	0.121745
188	0.0101818	0.0339585	0.2313	0.00149925	0.0100474	0.0274655	0.126945
189	0.0101818	0.0335613	0.197779	0.0029985	0.0100474	0.0275231	0.121745
190	0.0100121	0.0340916	0.208026	0.00449775	0.0100474	0.0278797	0.126945
191	0.0100121	0.0340155	0.197779	0.00449775	0.0100455	0.0285154	0.133412
192	0.0101818	0.0340432	0.192437	0.005997	0.0100474	0.0284717	0.136296
193	0.0101818	0.0342232	0.197779	0.005997	0.0100455	0.0288978	0.139542
194	0.0101818	0.033896	0.192437	0.005997	0.0100455	0.0324414	0.186854
195	0.0101818	0.0343151	0.197779	0.005997	0.0100455	0.031368	0.158331
196	0.0100121	0.0350384	0.218922	0.0089955	0.0100455	0.030895	0.155011
197	0.0102385	0.03351	0.191539	0.005997	0.0100455	0.0327586	0.183999
198	0.0101818	0.0343751	0.242988	0.00749625	0.0100455	0.0356323	0.216704
199	0.0100121	0.0338174	0.237551	0.00749625	0.0100455	0.0372903	0.238133
200	0.0100121	0.0334699	0.227574	0.00749625	0.0100455	0.0407811	0.907009
201	0.0100121	0.0330341	0.218922	0.005997	0.0100474	0.0456562	2.37129
202	0.0101818	0.0329745	0.207075	0.005997	0.0100455	0.046101	3.20394
203	0.0100121	0.0325958	0.198604	0.0029985	0.0100455	0.0459333	4.17804
204	0.0101818	0.0313606	0.176477	0.00149925	0.0100455	0.0467042	4.17804
205	0.0101818	0.0321724	0.184813	0.00449775	0.0101857	0.0476562	4.17804
206	0.0100121	0.0330986	0.187666	0.0089955	0.0101857	0.0476217	4.17804
207	0.0101818	0.032213	0.174535	0	0.0101857	0.0475043	4.17804
208	0.0100121	0.0325569	0.176086	0.00149925	0.0101857	0.0480616	5.86094
209	0.0100121	0.0330862	0.176086	0.00149925	0.0101857	0.048568	2.78385
210	0.0100121	0.0334092	0.1805	0.00149925	0.0101857	0.049008	2.78385
211	0.0100121	0.0339482	0.183057	0.00149925	0.0101697	0.0502266	4.75257
212	0.0100121	0.0340483	0.176086	0.00149925	0.0101697	0.0527831	5.37855
213	0.0100121	0.0343072	0.183057	0.0029985	0.0101697	0.0526393	4.75257
214	0.0100121	0.0345156	0.188697	0.0029985	0.0101697	0.0520721	4.59388
215	0.0100121	0.0346508	0.1805	0.0029985	0.0101697	0.0507753	2.76142
216	0.0100121	0.0357512	0.194896	0.00749625	0.0101697	0.0502823	2.37129
217	0.0100579	0.0361787	0.205523	0.0089955	0.0101697	0.0510185	2.73743
218	0.0100121	0.0359521	0.194896	0.005997	0.0101697	0.0519443	2.76142
219	0.0100121	0.0348171	0.1805	0.00449775	0.0101697	0.0537348	2.37129
220	0.0100121	0.0345665	0.172836	0.0029985	0.0101697	0.0541985	2.76142
221	0.0101184	0.0347689	0.187999	0.005997	0.0101697	0.0550736	2.73743
222	0.0100121	0.0343767	0.176086	0.005997	0.0101697	0.0539007	2.37129
223	0.0100121	0.0340409	0.172836	0.00149925	0.0101857	0.0542211	2.37129
224	0.0100121	0.0337207	0.158077	0	0.0101697	0.053372	1.07749
225	0.0100579	0.0340494	0.158096	0.00149925	0.0101697	0.0512137	0.612035
226	0.0100579	0.0331737	0.158096	0	0.0101697	0.0512371	0.582626
227	0.0101491	0.0335876	0.171162	0.00149925	0.0101697	0.0517816	0.582626
228	0.0101818	0.0348607	0.184167	0.0029985	0.0101697	0.0540856	0.623375
229	0.0101818	0.0350199	0.184167	0.005997	0.0100164	0.0548093	0.652787
230	0.0106078	0.0347608	0.188842	0.00449775	0.0100164	0.0553495	0.733658
231	0.0100579	0.034487	0.177237	0.0029985	0.0100164	0.0568191	0.854017
232	0.0101818	0.0337912	0.171162	0	0.0101697	0.0567833	0.733658
233	0.0101818	0.0334091	0.171162	0	0.0100164	0.0559518	0.612035
234	0.0101818	0.0336198	0.171162	0	0.0100164	0.0548058	0.508283
235	0.0101818	0.0342805	0.177237	0	0.0100164	0.0534468	0.417857
236	0.0101818	0.0346275	0.176086	0	0.0100164	0.0530801	0.342236
237	0.0101818	0.0356188	0.181967	0.0029985	0.0100164	0.0542919	0.328175
238	0.0101818	0.0356589	0.184167	0.00149925	0.0100164	0.0559486	0.343982
239	0.0101818	0.0354922	0.179757	0	0.0101857	0.0571866	0.388546
240	0.0101818	0.0348938	0.177237	0	0.0101857	0.058973	0.421977
241	0.0100579	0.0348531	0.172303	0	0.0101857	0.0590736	0.421977
242	0.0100579	0.034658	0.172303	0	0.0101857	0.0595793	0.382966
243	0.0100579	0.0344847	0.172303	0	0.0101857	0.0604206	0.421977
244	0.0101818	0.0352789	0.187362	0.005997	0.0101857	0.062065	0.421977
245	0.0101818	0.0343083	0.177237	0	0.0101857	0.0621178	0.388546
246	0.0101818	0.0344147	0.181967	0	0.0102356	0.066477	0.627759
247	0.010257	0.0347725	0.185472	0	0.0105349	0.064657	0.421977
248	0.0101494	0.0349094	0.185472	0	0.0105349	0.0616245	0.363356
249	0.0101494	0.035364	0.188842	0	0.0101416	0.0625911	0.382966
250	0.0100579	0.0360164	0.190179	0.0029985	0.0101416	0.0664051	0.564801
251	0.0100579	0.0359748	0.190179	0.0029985	0.0101103	0.0695849	0.826712
252	0.0100579	0.036591	0.203457	0.00749625	0.0101103	0.0649979	0.419972
253	0.0100579	0.036326	0.211914	0.005997	0.0101103	0.0627962	0.382966
254	0.0100579	0.0367168	0.220059	0.00749625	0.0101103	0.0629225	0.388546
255	0.01009	0.0365492	0.224348	0.00449775	0.0101103	0.0644835	0.473414
256	0.0100579	0.0364142	0.220059	0.00149925	0.0101103	0.0659944	0.49349
257	0.0100579	0.0365221	0.224348	0.00149925	0.0101103	0.0652088	0.473414
258	0.0100579	0.034978	0.199562	0	0.0101103	0.064092	0.473414
259	0.0100579	0.0339328	0.188842	0	0.0101103	0.0649849	0.50311
260	0.01009	0.0342574	0.190179	0.0029985	0.0101103	0.0623682	0.473414
261	0.0100267	0.034986	0.199562	0.0029985	0.0101103	0.0649933	0.501196
262	0.0100579	0.0339371	0.190179	0.0029985	0.0101416	0.0649234	0.50311
263	0.0100267	0.0332492	0.186498	0	0.0101103	0.0655338	0.501196
264	0.0100267	0.0331453	0.187801	0	0.0101416	0.0668235	0.517208
265	0.01009	0.0329107	0.188842	0	0.0101416	0.0670474	0.49349
266	0.0100579	0.0330297	0.190179	0	0.0101416	0.0669222	0.450641
267	0.0100267	0.0328123	0.189622	0.0029985	0.0101416	0.066073	0.445016
268	0.0100267	0.0323175	0.188842	0	0.0101416	0.0661715	0.399763
269	0.0100267	0.0323889	0.188842	0	0.0101416	0.0642302	0.297859
270	0.0100267	0.0316727	0.184045	0	0.0101416	0.0629058	0.245554
271	0.0100267	0.0309911	0.165806	0	0.0101416	0.0638478	0.283913
272	0.01009	0.031863	0.188842	0	0.0102639	0.0643606	0.283913
273	0.0100267	0.0314611	0.184045	0	0.0102639	0.0644262	0.283848
274	0.0100267	0.0319458	0.189622	0.00149925	0.0102639	0.0648412	0.273373
275	0.0100267	0.0319859	0.188842	0.00149925	0.0102639	0.0686034	0.310868
276	0.0100267	0.0329213	0.202045	0.00449775	0.0102639	0.0683196	0.304397
277	0.0100267	0.0336498	0.218358	0.005997	0.0102639	0.0681647	0.312775
278	0.0100267	0.0337207	0.220059	0.0089955	0.0102639	0.0676659	0.310868
279	0.0100267	0.0349076	0.244138	0.0134933	0.0102639	0.0645511	0.297859
280	0.0100579	0.0351758	0.250304	0.011994	0.0102639	0.0615772	0.310868
281	0.0100267	0.0351392	0.254003	0.017991	0.0101461	0.0565124	0.241569
282	0.0100267	0.0344274	0.220059	0.011994	0.0102639	0.0547405	0.236556
283	0.0100267	0.0344341	0.211914	0.011994	0.0101461	0.0538455	0.204468
284	0.0100267	0.0327989	0.187263	0.00449775	0.0101461	0.0526488	0.174776
285	0.0100267	0.0328372	0.187263	0.00449775	0.0100544	0.0515495	0.170254
286	0.0100267	0.0329167	0.191669	0.005997	0.0100544	0.0508623	0.174776
287	0.0100267	0.0325899	0.188842	0.00749625	0.0102639	0.0494461	0.169114
288	0.0100267	0.0316821	0.181967	0.00749625	0.0102639	0.0494788	0.169114
289	0.0100267	0.0308837	0.166504	0.00449775	0.0100295	0.0493696	0.169114
290	0.0100267	0.0308301	0.162719	0.00149925	0.0100295	0.0480972	0.166119
291	0.0100579	0.0307706	0.162719	0.00149925	0.0101664	0.0469292	0.164353
292	0.0100579	0.0307379	0.162719	0.0029985	0.0101664	0.0466245	0.164353
293	0.0100267	0.0305199	0.159573	0.00149925	0.010044	0.0461089	0.170254
294	0.0100579	0.0305407	0.159573	0	0.0101664	0.0452539	0.166119
295	0.0100267	0.0306486	0.159573	0	0.0100544	0.0433502	0.168217
296	0.0100579	0.031284	0.16693	0.00149925	0.0100544	0.0432928	0.176833
297	0.0100267	0.0317448	0.184045	0.0029985	0.0101664	0.0425016	0.176833
298	0.0100267	0.031853	0.172303	0	0.0101664	0.0425624	0.183489
299	0.01009	0.0315656	0.171243	0.00149925	0.0101855	0.0419877	0.186957
300	0.0100579	0.0315993	0.16693	0	0.0100544	0.0402145	0.168217
301	0.0100267	0.0314492	0.16693	0	0.0101055	0.0394978	0.162448
302	0.01009	0.0315263	0.171243	0	0.0101055	0.0370666	0.140438
303	0.0100579	0.0320403	0.171243	0	0.0101055	0.0368239	0.140438
304	0.0100267	0.0327424	0.185092	0.00149925	0.0100844	0.0366125	0.151226
305	0.0100267	0.0329694	0.186546	0.00149925	0.0100844	0.0360114	0.140438
306	0.0100267	0.0330727	0.185092	0.00149925	0.0100544	0.0358147	0.143963
307	0.0100267	0.0330503	0.184045	0.00149925	0.0100544	0.0344901	0.125046
308	0.0100267	0.0332581	0.185092	0.00149925	0.0100544	0.0339934	0.121011
309	0.0100579	0.0329685	0.171243	0	0.0100544	0.0341916	0.124236
310	0.0100267	0.032804	0.171243	0	0.0100023	0.033088	0.11185
311	0.0100267	0.0330667	0.186546	0.00149925	0.0100023	0.0329257	0.11185
312	0.0100267	0.0329967	0.186546	0.00149925	0.0100023	0.0318849	0.107342
313	0.0100806	0.0329609	0.19941	0.00149925	0.0100023	0.0316426	0.108982
314	0.0100579	0.0333083	0.19941	0.00149925	0.0100023	0.03093	0.107342
315	0.0100267	0.0328288	0.186546	0.00149925	0.0100023	0.0308756	0.10827
316	0.0100579	0.0326551	0.16693	0.00149925	0.0100023	0.0303247	0.101182
317	0.0100267	0.0327367	0.187519	0.00149925	0.0100023	0.0299246	0.0995337
318	0.0100267	0.0328306	0.191669	0.00149925	0.0100818	0.0297231	0.0996337
319	0.0100267	0.0338627	0.200868	0.005997	0.0100023	0.0292809	0.0966973
320	0.0100267	0.0344154	0.19941	0.0089955	0.0100023	0.0295725	0.0978008
321	0.0100267	0.0339293	0.19941	0.0029985	0.0100818	0.0294964	0.0996337
322	0.0100073	0.034538	0.19941	0.0029985	0.0100818	0.029374	0.0996337
323	0.0100073	0.034777	0.208184	0.00449775	0.0100023	0.0291169	0.0978008
324	0.0100073	0.0348604	0.208184	0.0029985	0.0100023	0.0289046	0.0966973
325	0.0100073	0.036486	0.236278	0.00749625	0.0100023	0.0283098	0.0948963
326	0.0100267	0.0374816	0.250464	0.0029985	0.0100023	0.02783	0.0931958
327	0.0100073	0.0380652	0.258107	0.00449775	0.0100472	0.0280447	0.0941247
328	0.0100073	0.038441	0.263266	0.00449775	0.0100472	0.0280418	0.0941247
329	0.0100073	0.0379184	0.258107	0.00449775	0.0100023	0.0279608	0.09408
330	0.0100073	0.038055	0.258107	0.00749625	0.0100023	0.0278633	0.0931958
331	0.0100073	0.0378553	0.263266	0.00749625	0.0100023	0.0278858	0.0931958
332	0.0101058	0.0378837	0.263765	0.00749625	0.0100023	0.0279177	0.0931958
333	0.0100073	0.0392006	0.30999	0.0149925	0.0100023	0.0279836	0.0931958
334	0.0100579	0.039903	0.403012	0.0194903	0.0100023	0.0282783	0.0931958
335	0.0100073	0.0386638	0.304323	0.011994	0.0100023	0.0281221	0.0912631
336	0.0100579	0.0382129	0.28255	0.0089955	0.0100023	0.0276731	0.0840474
337	0.0100073	0.0389394	0.28255	0.0104948	0.0100472	0.0276866	0.0841199
338	0.0100073	0.0392245	0.307995	0.0104948	0.0100023	0.0275607	0.0812502
339	0.0100579	0.0385941	0.28255	0.0089955	0.0100023	0.0269136	0.0792536
340	0.0100073	0.0387369	0.28255	0.00749625	0.0100023	0.0269502	0.0792536
341	0.0101058	0.0381758	0.263765	0.00449775	0.0100023	0.026936	0.0793467
342	0.0100073	0.0382908	0.258107	0.0029985	0.0100023	0.0268435	0.0792536
343	0.0100073	0.0392515	0.263765	0.0029985	0.0100023	0.0269135	0.0792536
344	0.0100073	0.0404614	0.30682	0.005997	0.0100023	0.0268664	0.0795739
345	0.0100073	0.0407639	0.282415	0.0029985	0.0100023	0.0268868	0.0800374
346	0.0100073	0.0411677	0.290779	0.0029985	0.0100023	0.0269182	0.0800374
347	0.0100073	0.0408565	0.282415	0.00149925	0.0100023	0.0273368	0.0806888
348	0.0100073	0.0402524	0.290779	0.00149925	0.0100023	0.027775	0.0824006
349	0.0100073	0.0396585	0.282274	0.0029985	0.0102587	0.0278324	0.0857382
350	0.0100073	0.0401048	0.315459	0.0089955	0.0100023	0.0279088	0.0840474
351	0.0100073	0.040585	0.347666	0.0134933	0.0100023	0.028064	0.0857382
352	0.0100073	0.040246	0.30682	0.0104948	0.0100023	0.028352	0.0907662
353	0.0100073	0.0402951	0.282274	0.005997	0.0100023	0.0283055	0.0931958
354	0.0100073	0.0404205	0.282274	0.0029985	0.0100023	0.0286516	0.100925
355	0.0100073	0.0416364	0.277766	0.00449775	0.0100023	0.0289981	0.102721
356	0.0100073	0.0418592	0.282274	0.005997	0.0100312	0.0288523	0.102721
357	0.0100073	0.0417233	0.277766	0.0029985	0.0100312	0.0291601	0.103635
358	0.0100073	0.0412343	0.263266	0.00149925	0.0100312	0.0292247	0.103635
359	0.0100073	0.0421269	0.263266	0.0029985	0.0100312	0.0291426	0.101725
360	0.0100073	0.0422868	0.258107	0.00149925	0.0100312	0.0291601	0.100925
361	0.0100073	0.0420313	0.262264	0.00149925	0.0100312	0.0293819	0.100974
362	0.0101058	0.0422401	0.263765	0.0029985	0.0100312	0.0297875	0.105018
363	0.0100073	0.0415718	0.25575	0.00149925	0.0100312	0.0302958	0.110113
364	0.0100073	0.041544	0.252272	0	0.0100312	0.0310438	0.119862
365	0.0100073	0.0425532	0.258107	0.005997	0.0100312	0.030984	0.116186
366	0.0100073	0.0444229	0.282274	0.0149925	0.0100312	0.0314491	0.116186
367	0.0100073	0.0431317	0.263765	0.00749625	0.0100611	0.0327042	0.128365
368	0.0100073	0.0420098	0.25023	0.0029985	0.0100312	0.0336698	0.131308
369	0.0100073	0.0423204	0.25023	0.00149925	0.0100611	0.0343465	0.140761
370	0.0100073	0.0424509	0.252272	0.00149925	0.0100312	0.0357689	0.151532
371	0.0100073	0.0421003	0.25575	0.0029985	0.010253	0.0370861	0.163432
372	0.0100073	0.0424369	0.253831	0.0029985	0.0100312	0.0374016	0.161609
373	0.0100073	0.0426208	0.253831	0.00449775	0.010253	0.0385754	0.17628
374	0.0100073	0.0429694	0.25575	0.0029985	0.010494	0.0397628	0.19263
375	0.0100073	0.0426915	0.25575	0.0029985	0.0104845	0.0399431	0.19263
376	0.0100073	0.0421737	0.242134	0.0029985	0.0104845	0.0410243	0.193025
377	0.0100579	0.042011	0.252272	0.00149925	0.010494	0.0414551	0.199427
378	0.0100073	0.0424276	0.252272	0.00149925	0.0104845	0.0426972	0.198198
379	0.0100073	0.0428774	0.252272	0.00149925	0.0100312	0.0435942	0.193025
380	0.0100073	0.0437458	0.258107	0.00149925	0.0100312	0.0472732	0.248226
381	0.0100073	0.0439067	0.25575	0	0.0103526	0.047066	0.248226
382	0.0100579	0.0464091	0.302661	0.0089955	0.0100312	0.0493002	0.280465
383	0.0100579	0.0473618	0.322649	0.0104948	0.0103526	0.0508729	0.313236
384	0.0100073	0.0486864	0.342497	0.0104948	0.0101011	0.0516634	0.313236
385	0.0100579	0.0523327	0.391783	0.0134933	0.0101011	0.0510601	0.313236
386	0.0104469	0.0523834	0.40078	0.0029985	0.0100312	0.049025	0.280465
387	0.0100073	0.0566548	0.40078	0.00749625	0.0103526	0.0480617	0.280465
388	0.0101058	0.0574951	0.40078	0.00749625	0.0102587	0.047975	0.280465
389	0.0100073	0.060562	0.442709	0.005997	0.0102587	0.0475706	0.280465
390	0.0101058	0.0611852	0.469951	0.005997	0.0100312	0.0472408	0.280465
391	0.0100073	0.0629463	0.474298	0.0089955	0.0102587	0.0472337	0.309946
392	0.0101058	0.0640452	0.489211	0.0089955	0.0100312	0.0463171	0.303902
393	0.0100073	0.0658017	0.495106	0.0089955	0.0102189	0.0454389	0.303902
394	0.0101058	0.0666942	0.489211	0.0089955	0.0102587	0.0462223	0.303902
395	0.0101058	0.0698046	0.53943	0.0104948	0.0102189	0.0468808	0.379378
396	0.0101386	0.0738197	0.631129	0.0134933	0.0102587	0.0476283	0.496376
397	0.0101058	0.0744548	0.623145	0.011994	0.0102189	0.0473647	0.450273
398	0.0101058	0.0786824	0.674653	0.0164918	0.0102587	0.0483749	0.529811
399	0.0101386	0.0799595	0.707863	0.0194903	0.0102189	0.0488569	0.576785
400	0.0101058	0.090251	0.908891	0.0404798	0.0102587	0.0500223	0.62316
401	0.0101058	0.0998445	0.984385	0.047976	0.0102189	0.0516069	0.672957
402	0.0104886	0.110578	1.14626	0.065967	0.0102596	0.0546006	0.708341
403	0.0104886	0.125154	1.21012	0.0794603	0.0102189	0.0553672	0.708341
404	0.0100073	0.150731	1.54695	0.110945	0.0102189	0.0585473	0.806403
405	0.0101058	0.206166	2.15805	0.158921	0.0104845	0.0627807	0.93597
406	0.0164378	0.318373	4.9553	0.245877	0.0111458	0.0687159	1.15284
407	0.0364916	0.631113	7.28456	0.373313	0.0102546	0.0798811	1.33518
408	0.0385308	0.547971	4.64908	0.34033	0.0117251	0.172569	4.0483
409	0.0364916	0.550166	4.64908	0.344828	0.010516	0.414179	16.1535
410	0.0616875	0.735444	18.5531	0.4003	0.010516	0.432723	16.1535
411	0.0180373	0.376567	4.66469	0.257871	0.010516	0.442233	16.1535
412	0.0148669	0.273105	2.86053	0.184408	0.010516	0.421339	13.8512
413	0.0150905	0.228139	2.75866	0.146927	0.010516	0.404652	13.8512
414	0.0112505	0.205173	1.66358	0.122939	0.010516	0.40716	13.8512
415	0.0103787	0.172761	1.2001	0.0914543	0.0106315	0.410087	11.4319
416	0.0113127	0.152845	1.15076	0.0689655	0.0117251	0.419042	14.9557
417	0.0111005	0.137068	1.0257	0.0464768	0.0117251	0.418859	14.7816
418	0.0111005	0.131444	0.982659	0.0389805	0.0117251	0.399764	12.5316
419	0.0103787	0.124396	0.958256	0.0404798	0.0106315	0.391549	11.4319
420	0.0102781	0.117735	0.962064	0.0434783	0.010516	0.396603	11.4319
421	0.0102781	0.111968	0.935413	0.0389805	0.010516	0.388375	8.9644
422	0.0102781	0.112281	0.962064	0.0434783	0.0125137	0.398279	8.41652
423	0.0102195	0.109856	0.935413	0.0404798	0.0132216	0.423993	8.26406
424	0.0100174	0.104415	0.906242	0.0389805	0.0128768	0.45206	9.80656
425	0.0102781	0.102295	0.935413	0.041979	0.0128768	0.442107	8.41652
426	0.0102781	0.101653	0.935413	0.041979	0.0138921	0.437861	8.49608
427	0.0112062	0.106472	1.0257	0.0449775	0.0160463	0.452921	8.9644
428	0.0110818	0.102583	0.962064	0.0374813
